valid	extremitiesValid	extremity1x	extremity1y	extremity1z	extremity2x	extremity2y	extremity2z	gravityCenter_x	gravityCenter_y	gravityCenter_z	normalValid	normal_x	normal_y	normal_z	direction_x	direction_y	direction_z	surface	geodesicDepthMax	geodesicDepthMin	geodesicDepthMean	connectedComponentsAllRels	connectedComponents	pureCortical	distanceBetweenComponentsMax	plisDePassage	hullJunctionsLength	GM_thickness	fold_opening	Potential	Class	cycle
1.0	1.0	-3.83028006554	67.1763000488	-66.6642990112	-3.00934004784	18.2019004822	-65.4889984131	-7.60802173615	51.2205276489	-52.3173179626	1.0	-0.500449836254	-0.453962415457	-0.737202882767	0.0945426300168	-0.741346418858	0.664429962635	680.317138672	14.5399999619	0.0	7.55970315372	2.0	4.0	2.0	9.60606002808	1.0	68.1399993896	3.62747028033	1.10387337208	1.0	1.0	1
1.0	1.0	-4.21055984497	50.4976005554	-46.214099884	-3.00934004784	18.2019004822	-65.4889984131	-6.44127130508	39.2908210754	-51.7114295959	1.0	-0.436622977257	0.597537696362	-0.672539293766	0.296766906977	-0.952851474285	0.0632725954056	219.131103516	14.5399999619	0.0	6.15365749452	2.0	4.0	2.0	9.60606002808	0.0	35.2400016785	3.16825506422	2.06093502045	1.0	1.0	1
1.0	1.0	-4.13994979858	49.9808998108	-43.1441001892	-3.83028006554	67.1763000488	-66.6642990112	-8.16240024567	56.8889007568	-52.6052017212	1.0	-0.409788042307	-0.692112088203	-0.594183981419	0.0296473074704	-0.622379183769	0.782154202461	461.186004639	14.3400001526	0.0	9.6948095251	1.0	1.0	0.0	0.0	0.0	32.9000015259	4.34042975331	0.649128496647	1.0	1.0	1
1.0	1.0	-3.22897005081	57.8429985046	-34.8125	-10.0476999283	41.5447998047	-77.8279037476	-10.7935161591	52.332157135	-53.1435585022	1.0	-0.322745263577	-0.177279412746	-0.929735183716	0.113616146147	-0.979591667652	0.165805757046	1752.75256348	21.5400009155	0.0	12.1185555594	1.0	2.0	1.0	5.42728996277	4.0	96.8199996948	3.68570497561	1.56751215458	1.0	1.0	1
1.0	1.0	-3.22897005081	57.8429985046	-34.8125	-10.0476999283	41.5447998047	-77.8279037476	-9.67537403107	53.0986289978	-57.0081939697	1.0	-0.0460200794041	0.863463938236	-0.502306878567	0.483339011669	-0.375111192465	-0.790996193886	939.352539062	15.3599996567	0.0	8.58837251885	3.0	3.0	0.0	30.0	1.0	73.4599990845	3.65523823845	2.05328655243	1.0	1.0	1
1.0	1.0	-18.4535999298	72.6760025024	-65.0843963623	-6.30857992172	38.0022010803	-52.4692001343	-10.9957475662	53.9062004089	-62.0550422668	1.0	0.252773612738	-0.285103648901	-0.924565494061	0.474131911993	-0.880421102047	0.00759273162112	741.478881836	13.5600004196	0.0	7.80388980442	2.0	3.0	1.0	6.97504997253	1.0	65.5399932861	3.61314891782	2.49455213547	1.0	1.0	1
1.0	1.0	-2.59612011909	66.2464981079	-45.8277015686	-4.86858987808	70.9526977539	-64.7115020752	-5.53407001495	63.8310012817	-55.2047996521	1.0	0.0184142012149	0.955167114735	0.295494019985	0.146401971579	-0.287925958633	0.946395874023	184.229003906	8.30000019073	0.0	5.46500015259	1.0	1.0	0.0	0.0	0.0	26.3799991608	4.2703799977	1.88920843601	1.0	1.0	1
1.0	1.0	-2.59612011909	66.2464981079	-45.8277015686	-4.86858987808	70.9526977539	-64.7115020752	-5.53407001495	63.8310012817	-55.2047996521	1.0	0.0184142012149	0.955167114735	0.295494019985	0.146401971579	-0.287925958633	0.946395874023	184.229003906	8.30000019073	0.0	5.46500015259	1.0	1.0	0.0	0.0	0.0	26.3799991608	4.2703799977	1.88920843601	1.0	1.0	1
1.0	1.0	-2.98891997337	53.0069007874	-38.0974998474	-1.84478998184	55.3352012634	-43.9510993958	-10.6295003891	52.7597999573	-40.5010986328	1.0	0.0427702963352	-0.718885958195	-0.693810999393	-0.0169725995511	-0.294362992048	0.955542981625	178.483001709	17.9799995422	0.0	15.4300003052	1.0	1.0	0.0	0.0	0.0	6.30000019073	5.37263026382	0.162502318621	1.0	1.0	1
1.0	1.0	-0.0470581017435	59.1307983398	-37.9226989746	-18.6529998779	20.6956996918	-78.1079025269	-8.10019779205	48.7343254089	-58.7286300659	1.0	-0.0121601130813	-0.391016870737	-0.920303165913	0.0373724848032	-0.907666027546	0.418025940657	1298.28967285	15.7600002289	0.0	9.65723498114	5.0	5.0	0.0	30.0	0.0	88.0599975586	3.97981880252	1.11213099957	1.0	1.0	1
1.0	1.0	-18.4901008606	53.4580993652	-77.1987991333	0.375961005688	15.5500001907	-57.8665008545	-6.37913036346	29.0999946594	-58.4277458191	1.0	-0.362161129713	0.363581866026	-0.858281731606	0.133300825953	-0.882396459579	-0.451228678226	623.850708008	13.8199996948	0.0	9.53090598366	2.0	2.0	0.0	30.0	1.0	44.0200004578	4.070449982	0.960266292095	1.0	1.0	1
1.0	1.0	-1.49779999256	51.2980003357	-58.813999176	-8.1562204361	59.3106994629	-75.8524017334	-7.47434997559	53.5544013977	-65.5257034302	1.0	0.229962065816	-0.87384223938	-0.428389102221	0.285057961941	-0.397858977318	0.872037947178	467.677001953	15.7600002289	0.0	13.2482999166	1.0	1.0	0.0	0.0	0.0	23.5	3.38560021765	1.26514661312	1.0	1.0	1
1.0	1.0	-9.32336044312	72.012802124	-65.1259994507	-4.63094997406	60.9258995056	-63.4556999207	-8.38510036469	65.5873031616	-62.2925987244	1.0	-0.617866933346	0.074472092092	-0.782747924328	0.23559910059	-0.966095328331	0.105607047677	126.040000916	9.35999965668	0.0	6.86940989775	1.0	1.0	0.0	0.0	0.0	14.1400003433	4.18195005905	2.74675488472	-1.0	0.0	1
1.0	1.0	-2.21114993095	63.0662994385	-41.1561012268	-7.82004022598	31.9883995056	-72.0585021973	-10.1862611771	47.4555473328	-59.6211585999	1.0	-0.162326782942	0.960032939911	-0.228006049991	-0.243654966354	-0.178962722421	-0.953207552433	470.886016846	12.720000267	0.0	7.41931152344	3.0	3.0	0.0	30.0	0.0	48.7200012207	4.0758511589	1.45829308033	1.0	1.0	1
1.0	1.0	-2.21114993095	63.0662994385	-41.1561012268	-7.82004022598	31.9883995056	-72.0585021973	-9.3540687561	52.7913551331	-57.4290466309	1.0	-0.175201013684	0.955595850945	-0.236941322684	-0.0893640443683	-0.285132557154	-0.954313099384	873.656982422	12.720000267	0.0	7.28090875799	2.0	4.0	3.0	10.2248001099	1.0	91.9799957275	4.16776824302	1.45428574085	1.0	1.0	1
1.0	1.0	-9.32336044312	72.012802124	-65.1259994507	-10.6234998703	45.9692993164	-77.1070022583	-9.95430660248	54.2803878784	-65.0635223389	1.0	-0.441152125597	0.791328728199	-0.423300862312	-0.053917940706	-0.580092787743	-0.812763929367	358.782012939	10.1599998474	0.0	7.12239868164	1.0	2.0	1.0	10.2248001099	0.0	36.2000007629	3.98994932609	1.81203889847	1.0	1.0	1
1.0	1.0	-6.01192998886	57.7675018311	-45.0027999878	-10.6234998703	45.9692993164	-77.1070022583	-9.47901630402	55.8400688171	-60.6354026794	1.0	-0.326257020235	0.923554182053	-0.201504513621	0.046366378665	-0.309577047825	-0.949743211269	505.839019775	11.6000003815	0.0	7.08833270603	1.0	3.0	3.0	11.144200325	0.0	49.5799980164	4.10068079787	1.5201574564	1.0	1.0	1
1.0	1.0	-6.01192998886	57.7675018311	-45.0027999878	-10.6234998703	45.9692993164	-77.1070022583	-9.47901630402	55.8400688171	-60.6354026794	1.0	-0.326257020235	0.923554182053	-0.201504513621	0.046366378665	-0.309577047825	-0.949743211269	505.839019775	11.6000003815	0.0	7.08833270603	1.0	3.0	3.0	11.144200325	0.0	49.5799980164	4.10068079787	1.5201574564	1.0	1.0	1
1.0	1.0	-5.18665981293	48.9743995667	-58.1837005615	-10.6234998703	45.9692993164	-77.1070022583	-10.8041000366	48.1571998596	-66.5641021729	1.0	-0.227011054754	0.967079162598	-0.114995032549	-0.188365072012	-0.130714058876	-0.973361432552	232.742004395	10.1599998474	0.0	7.65999984741	1.0	1.0	0.0	0.0	0.0	22.0599994659	3.82564988777	1.30584931374	1.0	1.0	1
1.0	1.0	-6.01192998886	57.7675018311	-45.0027999878	-10.6234998703	45.9692993164	-77.1070022583	-9.47901630402	55.8400688171	-60.6354026794	1.0	-0.326257020235	0.923554182053	-0.201504513621	0.046366378665	-0.309577047825	-0.949743211269	505.839019775	11.6000003815	0.0	7.08833270603	1.0	3.0	3.0	11.144200325	0.0	49.5799980164	4.10068079787	1.5201574564	1.0	1.0	1
1.0	1.0	-6.01192998886	57.7675018311	-45.0027999878	-10.6234998703	45.9692993164	-77.1070022583	-9.47901630402	55.8400688171	-60.6354026794	1.0	-0.326257020235	0.923554182053	-0.201504513621	0.046366378665	-0.309577047825	-0.949743211269	505.839019775	11.6000003815	0.0	7.08833270603	1.0	3.0	3.0	11.144200325	0.0	49.5799980164	4.10068079787	1.5201574564	1.0	1.0	1
1.0	1.0	-1.60584998131	77.2042999268	-63.4575004578	-4.29624986649	12.4484996796	-58.0561981201	-8.74362277985	46.8582572937	-55.1210212708	1.0	-0.510392904282	0.100992463529	-0.8539904356	-0.0175481028855	-0.968985140324	-0.246495172381	1973.03112793	23.2600002289	0.0	14.565493676	2.0	2.0	0.0	30.0	0.0	93.4400024414	3.91894420862	1.36258518696	1.0	1.0	1
1.0	1.0	-2.42628002167	61.3450012207	-55.6619987488	-4.22021007538	13.4496002197	-59.5199012756	-8.96648025513	45.5262908936	-54.0435180664	1.0	-0.519583582878	0.0519849285483	-0.852836728096	-0.0599013119936	-0.938650608063	-0.339627593756	2262.05297852	23.2600002289	0.0	14.7715128023	1.0	2.0	1.0	4.965280056	0.0	81.1999969482	3.932115107	1.01687586308	1.0	1.0	1
1.0	1.0	-1.60584998131	77.2042999268	-63.4575004578	-4.29624986649	12.4484996796	-58.0561981201	-8.73297119141	44.1614990234	-54.0895385742	1.0	-0.513001024723	0.0407068654895	-0.857422232628	-0.0427807308733	-0.9896915555	-0.136676385999	2738.24291992	23.2600002289	0.0	13.8757506026	2.0	2.0	0.0	30.0	1.0	118.899993896	4.03893220393	1.11252105236	1.0	1.0	1
1.0	1.0	5.51888990402	48.0509986877	-60.7392997742	5.676030159	36.5994987488	-68.93409729	2.62209010124	41.2849006653	-63.7360992432	1.0	-0.668427407742	0.534330368042	-0.517393290997	0.0243470929563	-0.739293754101	-0.672942757607	61.910900116	4.71999979019	0.0	3.83999985915	1.0	1.0	0.0	0.0	0.0	17.3600006104	3.19584990711	7.01298141479	-1.0	0.0	1
1.0	1.0	2.93323993683	57.7095985413	-39.4189987183	5.676030159	36.5994987488	-68.93409729	0.539816319942	55.5789489746	-48.7873535156	1.0	-0.0520882979035	0.995070159435	0.0843932777643	0.135368391871	-0.0109310010448	-0.990735054016	260.498901367	13.8599996567	0.0	6.10643059867	2.0	2.0	0.0	30.0	0.0	32.0600013733	3.21902156398	2.59793043137	1.0	1.0	1
1.0	1.0	-19.3201999664	61.5051002502	-70.8770980835	1.31870996952	23.5645008087	-68.7434005737	-4.77459907532	45.9161834717	-56.2519035339	1.0	-0.459728091955	0.0526251792908	-0.886499106884	-0.0196694042534	-0.988549172878	0.149611696601	2229.51220703	23.0400009155	0.0	12.926143062	2.0	2.0	0.0	30.0	0.0	118.419998169	3.2892086676	1.13612651825	1.0	1.0	1
1.0	1.0	-19.3201999664	61.5051002502	-70.8770980835	2.13341999054	27.9932994843	-54.4696006775	-4.1418261528	50.0893211365	-57.124458313	1.0	-0.566589295864	0.0672668218613	-0.821250140667	-0.183604076505	-0.972709238529	0.14186693728	2256.328125	23.0400009155	0.0	13.5796360645	2.0	3.0	1.0	8.94909000397	0.0	106.539993286	3.24021098853	1.14248943329	1.0	1.0	1
1.0	1.0	4.62375020981	63.4516983032	-70.8186035156	2.1661798954	30.7222995758	-56.1785011292	-4.33173131943	46.572177887	-53.9024238586	1.0	-0.542256116867	-0.174013957381	-0.821996033192	-0.08905595541	-0.912209033966	0.39992967248	1454.6809082	23.0400009155	0.0	15.7500263083	1.0	2.0	1.0	5.712870121	0.0	66.1000061035	3.20879513192	1.15461063385	1.0	1.0	1
1.0	1.0	1.103489995	31.504699707	-57.5192985535	1.31870996952	23.5645008087	-68.7434005737	-2.9443500042	28.5504989624	-61.3503990173	1.0	-0.124023973942	0.93951779604	-0.319255948067	-0.0207925904542	-0.478882789612	-0.877632558346	224.772994995	14.9200000763	0.0	9.23499965668	1.0	1.0	0.0	0.0	0.0	15.9799995422	3.49452997938	1.49760425091	1.0	1.0	1
1.0	1.0	1.10406005383	57.4137992859	-40.5554008484	0.552124023438	40.4271011353	-45.7038002014	-6.15987014771	49.7041015625	-41.3905982971	1.0	-0.218196928501	0.0885105729103	-0.97188270092	-0.104661017656	-0.967250108719	-0.231243029237	431.24899292	19.4400005341	0.0	13.2327006947	1.0	1.0	0.0	0.0	0.0	21.0799999237	5.83655983042	0.259852200747	1.0	1.0	1
1.0	1.0	0.165756002069	56.0351982117	-42.1884002686	3.86378002167	61.6994018555	-65.665397644	-3.75329995155	56.8302001953	-51.0948982239	1.0	0.0591444298625	0.987701535225	0.144733071327	0.0444067977369	0.130692988634	-0.990427851677	437.783996582	17.4400005341	0.0	11.9800000872	1.0	1.0	0.0	0.0	0.0	28.2800006866	5.31181005859	0.439668864012	1.0	1.0	1
1.0	1.0	1.10406005383	57.4137992859	-40.5554008484	0.110564999282	19.0104999542	-72.1975021362	-5.87672615051	46.9231987	-43.573387146	1.0	-0.211453512311	0.00487847346812	-0.977375864983	-0.116347186267	-0.982538998127	-0.145190984011	471.261901855	19.4400005341	0.0	10.5496580062	2.0	2.0	0.0	30.0	0.0	31.0	5.41394921875	0.959547102451	1.0	1.0	1
1.0	1.0	-6.28844022751	36.400100708	-53.8185997009	-16.4377994537	32.6108016968	-81.5927963257	-11.6960010529	35.5371017456	-68.1216964722	1.0	0.0159239023924	0.980610072613	-0.195321008563	-0.240979135036	-0.185219094157	-0.952692449093	388.787994385	10.5200004578	0.0	7.37749989827	1.0	1.0	0.0	0.0	0.0	35.1599998474	3.96398004026	2.03954076767	1.0	1.0	1
1.0	1.0	-3.98810005188	49.3585014343	-48.754901886	-7.08416986465	47.7458000183	-55.408000946	-8.34208965302	50.9281005859	-51.2219009399	1.0	0.211538955569	0.835708796978	-0.506795883179	-0.331132858992	-0.295821875334	-0.896013617516	106.400001526	9.23999977112	0.0	7.96999979019	1.0	1.0	0.0	0.0	0.0	8.76000022888	4.17234992981	1.46044182777	1.0	1.0	1
1.0	1.0	-6.10510015488	62.5223999023	-70.5647964478	-5.53696012497	53.4038009644	-64.9760971069	-8.43982982635	57.5021018982	-67.8207015991	1.0	-0.683430671692	-0.080354064703	-0.725579619408	0.113228961825	-0.953302681446	0.279987901449	105.678001404	9.07999992371	0.0	6.37599983215	1.0	1.0	0.0	0.0	0.0	14.5200004578	3.87593001026	4.11932468414	1.0	1.0	1
1.0	0.0	0.0	0.0	0.0	0.0	0.0	0.0	-8.63875961304	31.8418979645	-48.7578010559	1.0	0.509123980999	-0.63018399477	-0.586225986481	0.0	0.0	0.0	35.6170005798	14.4200000763	8.73999977112	12.5178002252	1.0	1.0	0.0	0.0	0.0	0.0	3.12653002058	0.995288729668	1.0	1.0	1
1.0	1.0	-0.458548992872	59.4761009216	-44.9151992798	-0.890488028526	57.0270004272	-75.3709030151	-5.30296230316	55.8602638245	-62.5022277832	1.0	-0.413383334875	0.308080941439	-0.856854915619	0.403678625822	-0.801153600216	-0.441810458899	304.060791016	14.4200000763	0.0	8.97257777623	3.0	3.0	0.0	30.0	0.0	24.6399993896	3.73616906368	2.41041660309	1.0	1.0	1
1.0	1.0	-0.458548992872	59.4761009216	-44.9151992798	0.273811012506	28.423500061	-78.0758972168	-4.39666509628	43.5880088806	-64.626739502	1.0	-0.277548640966	0.795164346695	-0.539147913456	0.221659019589	-0.476880997419	-0.850559711456	543.574829102	14.4200000763	0.0	8.08254949396	4.0	4.0	0.0	30.0	0.0	48.7400016785	3.71150026483	2.53523373604	1.0	1.0	1
1.0	1.0	-8.18937969208	50.4411010742	-63.748500824	-6.73434019089	35.7641983032	-65.4987030029	-8.90882015228	42.4029006958	-62.8959007263	1.0	-0.455253094435	-0.127939015627	-0.881122171879	0.0647163763642	-0.996374666691	0.0552207790315	88.3001022339	6.61999988556	0.0	4.48666992188	1.0	1.0	0.0	0.0	0.0	18.4400005341	3.83258004916	4.30893039703	-1.0	0.0	1
1.0	1.0	-5.44121980667	53.6920013428	-39.7895011902	-16.0268993378	51.2993011475	-83.0758972168	-12.5170116425	53.4669837952	-61.7451934814	1.0	-0.246488198638	0.968543350697	0.0341668985784	-0.26442912221	-0.0101699493825	-0.964351475239	835.21105957	15.6599998474	0.0	10.3507901705	1.0	1.0	0.0	0.0	1.0	52.5800018311	3.9323594253	1.32423532009	1.0	1.0	1
1.0	1.0	-5.44121980667	53.6920013428	-39.7895011902	-16.0268993378	51.2993011475	-83.0758972168	-11.7174291611	55.5625495911	-59.7102127075	1.0	-0.312003910542	0.936737000942	-0.15867382288	-0.297698706388	-0.222963690758	-0.928257882595	1051.21105957	15.6599998474	0.0	9.40606050713	1.0	2.0	1.0	4.16505002975	1.0	75.8800048828	4.09162602659	1.4597287178	1.0	1.0	1
1.0	1.0	-5.44121980667	53.6920013428	-39.7895011902	-16.0268993378	51.2993011475	-83.0758972168	-12.1720199585	52.4091072083	-61.85521698	1.0	-0.295180886984	0.953508675098	-0.060740981251	-0.257661312819	-0.117237888277	-0.959096431732	923.511169434	15.6599998474	0.0	8.20538032346	1.0	2.0	1.0	1.96992003918	1.0	71.0200042725	3.90717460102	1.6096123457	1.0	1.0	1
1.0	1.0	-6.30329990387	52.2692985535	-56.9289016724	-16.0268993378	51.2993011475	-83.0758972168	-13.5019960403	51.9020843506	-67.0012588501	1.0	-0.432907640934	0.898683607578	-0.0704185664654	-0.353816151619	-0.106422632933	-0.929240763187	663.666137695	15.6599998474	0.0	7.7406850179	1.0	2.0	1.0	1.96992003918	0.0	50.3199996948	3.67472677028	1.98502373695	1.0	1.0	1
1.0	1.0	-6.30329990387	52.2692985535	-56.9289016724	-16.0268993378	51.2993011475	-83.0758972168	-14.2068996429	53.3599014282	-67.6313018799	1.0	-0.367597013712	0.927775979042	0.0640640929341	-0.361288994551	0.0472283996642	-0.931257069111	575.366027832	15.6599998474	0.0	10.9947001139	1.0	1.0	0.0	0.0	0.0	31.8799991608	3.60253007283	1.62837910652	1.0	1.0	1
1.0	1.0	-6.30329990387	52.2692985535	-56.9289016724	-16.0268993378	51.2993011475	-83.0758972168	-13.5019960403	51.9020843506	-67.0012588501	1.0	-0.432907640934	0.898683607578	-0.0704185664654	-0.353816151619	-0.106422632933	-0.929240763187	663.666137695	15.6599998474	0.0	7.7406850179	1.0	2.0	1.0	1.96992003918	0.0	50.3199996948	3.67472677028	1.98502373695	1.0	1.0	1
1.0	1.0	-6.30329990387	52.2692985535	-56.9289016724	-16.0268993378	51.2993011475	-83.0758972168	-13.5019960403	51.9020843506	-67.0012588501	1.0	-0.432907640934	0.898683607578	-0.0704185664654	-0.353816151619	-0.106422632933	-0.929240763187	663.666137695	15.6599998474	0.0	7.7406850179	1.0	2.0	1.0	1.96992003918	0.0	50.3199996948	3.67472677028	1.98502373695	1.0	1.0	1
1.0	1.0	-6.30329990387	52.2692985535	-56.9289016724	-16.0268993378	51.2993011475	-83.0758972168	-14.2068996429	53.3599014282	-67.6313018799	1.0	-0.367597013712	0.927775979042	0.0640640929341	-0.361288994551	0.0472283996642	-0.931257069111	575.366027832	15.6599998474	0.0	10.9947001139	1.0	1.0	0.0	0.0	0.0	31.8799991608	3.60253007283	1.62837910652	1.0	1.0	1
1.0	1.0	-6.30329990387	52.2692985535	-56.9289016724	-16.0268993378	51.2993011475	-83.0758972168	-14.2068996429	53.3599014282	-67.6313018799	1.0	-0.367597013712	0.927775979042	0.0640640929341	-0.361288994551	0.0472283996642	-0.931257069111	575.366027832	15.6599998474	0.0	10.9947001139	1.0	1.0	0.0	0.0	0.0	31.8799991608	3.60253007283	1.62837910652	1.0	1.0	1
1.0	1.0	-8.23357963562	32.5878982544	-59.3427009583	-6.38888978958	24.1530990601	-59.2341003418	-8.65789031982	29.0627975464	-59.0945053101	1.0	-0.0981313735247	-0.0268660951406	-0.994810760021	0.119520053267	-0.992634415627	0.0197953078896	41.3398017883	5.36000013351	0.0	3.731110043	1.0	1.0	0.0	0.0	0.0	10.4600000381	2.04106999787	3.47033596039	-1.0	0.0	1
1.0	1.0	-6.9265999794	59.038898468	-38.0287017822	-9.06949043274	70.5056991577	-57.9875984192	-11.4287996292	62.9698028564	-45.3115005493	1.0	0.0255084969103	-0.756118953228	-0.65393692255	0.0324816852808	-0.563440740108	0.825517714024	299.67098999	12.1800003052	0.0	7.96908985485	1.0	1.0	0.0	0.0	0.0	25.7199993134	3.61352990131	1.07715129852	1.0	1.0	1
1.0	1.0	-9.06949043274	70.5056991577	-57.9875984192	-6.38888978958	24.1530990601	-59.2341003418	-11.0928897858	58.8593482971	-46.9823722839	1.0	0.0109125841409	-0.692633032799	-0.721207618713	0.0451007783413	-0.645043134689	0.762814044952	341.010803223	12.1800003052	0.0	6.73870849609	2.0	2.0	0.0	30.0	0.0	36.1800003052	3.2252006199	1.36727035046	1.0	1.0	1
1.0	1.0	-2.82063007355	46.6590995789	-59.7663993835	-2.88330006599	39.2344017029	-60.5085983276	-5.35673999786	42.1954994202	-60.4976997375	1.0	-0.0812951177359	-0.10780902952	-0.990842223167	0.00229390105233	-0.998517453671	0.0543846264482	40.4936981201	5.5	0.0	3.96800003052	1.0	1.0	0.0	0.0	0.0	8.23999977112	3.70683016096	4.32358646393	-1.0	0.0	1
1.0	1.0	-2.97487998009	51.8115005493	-35.2233009338	-16.8351993561	50.1007003784	-80.6853027344	-10.1564779282	49.6793899536	-56.3192024231	1.0	-0.152916386724	0.986428320408	0.0597978644073	0.35455518961	-0.486929625273	0.798241913319	1571.50622559	19.7199993134	0.0	7.92534974564	1.0	5.0	5.0	14.3183002472	0.0	118.459999084	3.80191787924	1.37447750568	1.0	1.0	1
1.0	1.0	-5.25038003922	59.1096992493	-35.7986984253	-2.88330006599	39.2344017029	-60.5085983276	-7.98126459122	54.998134613	-46.5137710571	1.0	-0.030975824222	0.992811262608	-0.115612469614	0.0399987697601	-0.0762559995055	-0.996285676956	204.590698242	12.0	0.0	6.11866658529	2.0	2.0	0.0	30.0	0.0	24.7999992371	4.10467242298	1.79397702217	1.0	1.0	1
1.0	1.0	-2.97487998009	51.8115005493	-35.2233009338	-16.8351993561	50.1007003784	-80.6853027344	-10.2834272385	49.8773345947	-56.2086906433	1.0	-0.148812651634	0.984075963497	0.0972076207399	0.364377468824	-0.445730000734	0.817651450634	1531.01245117	19.7199993134	0.0	8.44605375591	2.0	4.0	3.0	14.3183002472	0.0	110.22000885	3.8092172373	1.29647672176	1.0	1.0	1
1.0	1.0	-3.11470007896	44.2905006409	-50.0638008118	-16.8351993561	50.1007003784	-80.6853027344	-11.508852005	50.2397079468	-61.206363678	1.0	-0.162682875991	0.97246080637	0.166895970702	0.351304352283	-0.300349444151	0.886778116226	911.708740234	19.7199993134	0.0	10.1855205667	1.0	2.0	1.0	1.04887998104	0.0	48.9599990845	3.49495980226	1.20078480244	1.0	1.0	1
1.0	1.0	-3.11470007896	44.2905006409	-50.0638008118	-16.8351993561	50.1007003784	-80.6853027344	-11.0610685349	47.6473236084	-61.612953186	1.0	-0.246772423387	0.962296724319	0.114404268563	0.298063933849	-0.312129408121	0.902071595192	1033.55273438	19.7199993134	0.0	8.77860845521	1.0	3.0	2.0	9.53969955444	0.0	62.5799980164	3.56128963754	1.3388286829	1.0	1.0	1
1.0	1.0	-3.11470007896	44.2905006409	-50.0638008118	-16.8351993561	50.1007003784	-80.6853027344	-11.508852005	50.2397079468	-61.206363678	1.0	-0.162682875991	0.97246080637	0.166895970702	0.351304352283	-0.300349444151	0.886778116226	911.708740234	19.7199993134	0.0	10.1855205667	1.0	2.0	1.0	1.04887998104	0.0	48.9599990845	3.49495980226	1.20078480244	1.0	1.0	1
1.0	1.0	-3.11470007896	44.2905006409	-50.0638008118	-16.8351993561	50.1007003784	-80.6853027344	-11.508852005	50.2397079468	-61.206363678	1.0	-0.162682875991	0.97246080637	0.166895970702	0.351304352283	-0.300349444151	0.886778116226	911.708740234	19.7199993134	0.0	10.1855205667	1.0	2.0	1.0	1.04887998104	0.0	48.9599990845	3.49495980226	1.20078480244	1.0	1.0	1
1.0	1.0	-3.98885011673	56.5241012573	-44.0780982971	-1.29781997204	47.4975013733	-38.7933998108	-7.00023937225	51.3391036987	-40.6912994385	1.0	-0.181425079703	-0.2577881217	-0.949015378952	0.263229966164	-0.918277859688	0.295762956142	174.707992554	12.5	0.0	8.74400024414	1.0	1.0	0.0	0.0	0.0	12.7399997711	4.76139036367	0.660530745983	1.0	1.0	1
1.0	1.0	-3.01865005493	59.7290000916	-43.2601013184	-4.94906997681	55.7984008789	-42.2486000061	-8.69034957886	59.3698997498	-40.1286010742	1.0	-0.408204108477	-0.708255171776	-0.57597219944	-0.179289057851	-0.611559152603	0.770617187023	149.781997681	13.5200004578	0.0	10.863999939	1.0	1.0	0.0	0.0	0.0	5.34000015259	3.85788023125	0.289874613285	1.0	1.0	1
1.0	1.0	-1.29781997204	47.4975013733	-38.7933998108	-15.9876003265	59.6278991699	-75.116897583	-9.4561548233	55.047454834	-53.8845672607	1.0	-0.35818707943	0.917702078819	-0.171828091145	-0.277058213949	-0.58826893568	-0.759722590446	668.7421875	15.4399995804	0.0	8.21809459868	3.0	3.0	0.0	30.0	0.0	59.1199989319	3.68070439567	1.4813092947	1.0	1.0	1
1.0	1.0	-1.1438100338	51.1567993164	-61.9305000305	-1.6225399971	35.6248016357	-69.5205001831	-3.49937105179	40.0646514893	-61.0986404419	1.0	-0.0398595370352	0.656792163849	-0.753017425537	0.00825656577945	-0.735362112522	-0.677624106407	243.063995361	8.80000019073	0.0	5.86896435968	1.0	1.0	0.0	0.0	0.0	31.4200000763	3.36005060928	2.70332503319	-1.0	0.0	1
1.0	1.0	0.548232972622	26.1961994171	-54.4776992798	-7.26188993454	35.6721992493	-82.7460021973	-5.99390697479	30.9094657898	-66.3047943115	1.0	-0.315170019865	0.824501395226	-0.469963043928	-0.323770046234	-0.711584866047	-0.623554289341	333.103607178	18.1399993896	0.0	7.36875009537	2.0	3.0	1.0	17.059299469	0.0	34.9400024414	3.29288550063	2.14724421501	1.0	1.0	1
1.0	1.0	-1.1438100338	51.1567993164	-61.9305000305	-1.80682003498	37.0601997375	-60.948600769	-2.95395994186	44.3163032532	-60.8133010864	1.0	-0.112868025899	-0.136010035872	-0.984257102013	-0.050585784018	-0.996040761471	0.073101580143	111.73400116	7.73999977112	0.0	5.88545018976	1.0	1.0	0.0	0.0	0.0	15.9600000381	3.11891995944	2.45814156532	1.0	1.0	1
1.0	1.0	0.548232972622	26.1961994171	-54.4776992798	-1.82734000683	17.6144008636	-73.6433029175	-3.19296002388	24.4402008057	-64.7873001099	1.0	-0.0841795057058	0.803483068943	-0.589346051216	-0.00565834203735	-0.506151139736	-0.862426221371	197.852996826	8.31999969482	0.0	6.19999991523	1.0	1.0	0.0	0.0	0.0	25.3400001526	4.06771980661	2.2509894371	1.0	1.0	1
1.0	1.0	-1.1438100338	51.1567993164	-61.9305000305	-1.80682003498	37.0601997375	-60.948600769	-2.95395994186	44.3163032532	-60.8133010864	1.0	-0.112868025899	-0.136010035872	-0.984257102013	-0.050585784018	-0.996040761471	0.073101580143	111.73400116	7.73999977112	0.0	5.88545018976	1.0	1.0	0.0	0.0	0.0	15.9600000381	3.11891995944	2.45814156532	1.0	1.0	1
1.0	1.0	-1.1438100338	51.1567993164	-61.9305000305	-1.82734000683	17.6144008636	-73.6433029175	-4.59133338928	33.0854797363	-65.298614502	1.0	-0.185080245137	0.783527970314	-0.593151926994	-0.173134371638	-0.732980191708	-0.657848417759	532.75189209	9.42000007629	0.0	6.15392793928	1.0	3.0	3.0	17.059299469	0.0	66.3600006104	3.33698960601	2.53118562698	1.0	1.0	1
1.0	1.0	-1.1438100338	51.1567993164	-61.9305000305	-1.82734000683	17.6144008636	-73.6433029175	-3.3618748188	33.053478241	-62.7538566589	1.0	-0.0638394132257	0.739476919174	-0.670148074627	0.00096366769867	-0.621831715107	-0.783150315285	440.916992188	8.80000019073	0.0	5.99574377182	1.0	2.0	1.0	6.6389799118	0.0	56.7599983215	3.63605969519	2.50034809113	1.0	1.0	1
1.0	1.0	-1.1438100338	51.1567993164	-61.9305000305	-1.82734000683	17.6144008636	-73.6433029175	-3.3618748188	33.053478241	-62.7538566589	1.0	-0.0638394132257	0.739476919174	-0.670148074627	0.00096366769867	-0.621831715107	-0.783150315285	440.916992188	8.80000019073	0.0	5.99574377182	1.0	2.0	1.0	6.6389799118	0.0	56.7599983215	3.63605969519	2.50034809113	1.0	1.0	1
1.0	1.0	-1.1438100338	51.1567993164	-61.9305000305	-1.80682003498	37.0601997375	-60.948600769	-2.95395994186	44.3163032532	-60.8133010864	1.0	-0.112868025899	-0.136010035872	-0.984257102013	-0.050585784018	-0.996040761471	0.073101580143	111.73400116	7.73999977112	0.0	5.88545018976	1.0	1.0	0.0	0.0	0.0	15.9600000381	3.11891995944	2.45814156532	1.0	1.0	1
1.0	1.0	-3.145829916	51.2223014832	-60.3050994873	-2.58002996445	35.0214996338	-63.7737007141	-5.46461009979	43.111000061	-59.4294013977	1.0	0.0418686009943	0.187085986137	-0.981450915337	0.0148662999272	-0.975902080536	-0.217702001333	106.106002808	7.11999988556	0.0	5.03646985222	1.0	1.0	0.0	0.0	0.0	20.5400009155	3.34803998029	2.92896723747	-1.0	0.0	1
1.0	1.0	-1.73204004765	42.8979988098	-39.6435012817	-10.292599678	41.9873008728	-82.0259017944	-6.74028348923	51.9176635742	-59.8089065552	1.0	-0.452740877867	0.134978502989	-0.881366252899	-0.324850827456	-0.943485915661	-0.0656224116683	275.529296875	12.1199998856	0.0	6.3832019043	3.0	3.0	0.0	30.0	0.0	35.7799987793	4.16950979292	2.23100113869	1.0	1.0	1
1.0	1.0	-3.145829916	51.2223014832	-60.3050994873	-4.17927980423	32.8585014343	-78.2416992188	-6.38079929352	35.250289917	-64.208770752	1.0	-0.0191757436842	-0.635415494442	-0.771932244301	-0.0566636770964	-0.3647146523	-0.929393589497	253.574996948	9.02000045776	0.0	5.29823482738	1.0	2.0	1.0	4.35383987427	0.0	41.7400016785	3.95985248766	2.75759840012	1.0	1.0	1
1.0	1.0	-1.73204004765	42.8979988098	-39.6435012817	-10.292599678	41.9873008728	-82.0259017944	-6.56799936295	43.9297676086	-61.9175567627	1.0	-0.251376092434	-0.300851345062	-0.919944822788	-0.222742557526	-0.768029093742	-0.600430727005	529.104309082	12.1199998856	0.0	5.75796663963	3.0	5.0	2.0	9.25273036957	0.0	77.5199966431	4.04455704252	2.48337435722	1.0	1.0	1
1.0	1.0	-3.145829916	51.2223014832	-60.3050994873	-4.17927980423	32.8585014343	-78.2416992188	-6.38079929352	35.250289917	-64.208770752	1.0	-0.0191757436842	-0.635415494442	-0.771932244301	-0.0566636770964	-0.3647146523	-0.929393589497	253.574996948	9.02000045776	0.0	5.29823482738	1.0	2.0	1.0	4.35383987427	0.0	41.7400016785	3.95985248766	2.75759840012	1.0	1.0	1
1.0	1.0	-2.80446004868	26.3426990509	-59.3638000488	-4.17927980423	32.8585014343	-78.2416992188	-7.04001045227	29.5944004059	-67.6475982666	1.0	-0.054889716208	-0.95522326231	-0.290750056505	-0.0788649916649	0.263409942389	-0.961454868317	147.468994141	9.02000045776	0.0	5.55999980253	1.0	1.0	0.0	0.0	0.0	21.2000007629	4.47008994555	2.6342959404	1.0	1.0	1
1.0	1.0	-3.145829916	51.2223014832	-60.3050994873	-4.17927980423	32.8585014343	-78.2416992188	-6.38079929352	35.250289917	-64.208770752	1.0	-0.0191757436842	-0.635415494442	-0.771932244301	-0.0566636770964	-0.3647146523	-0.929393589497	253.574996948	9.02000045776	0.0	5.29823482738	1.0	2.0	1.0	4.35383987427	0.0	41.7400016785	3.95985248766	2.75759840012	1.0	1.0	1
1.0	1.0	-3.145829916	51.2223014832	-60.3050994873	-4.17927980423	32.8585014343	-78.2416992188	-6.38079929352	35.250289917	-64.208770752	1.0	-0.0191757436842	-0.635415494442	-0.771932244301	-0.0566636770964	-0.3647146523	-0.929393589497	253.574996948	9.02000045776	0.0	5.29823482738	1.0	2.0	1.0	4.35383987427	0.0	41.7400016785	3.95985248766	2.75759840012	1.0	1.0	1
1.0	1.0	-9.32336044312	72.012802124	-65.1259994507	-4.63094997406	60.9258995056	-63.4556999207	-8.38510036469	65.5873031616	-62.2925987244	1.0	-0.617866933346	0.074472092092	-0.782747924328	0.23559910059	-0.966095328331	0.105607047677	126.040000916	9.35999965668	0.0	6.86940989775	1.0	1.0	0.0	0.0	0.0	14.1400003433	4.18195005905	2.74675488472	-1.0	0.0	2
1.0	1.0	-6.01192998886	57.7675018311	-45.0027999878	-9.32336044312	72.012802124	-65.1259994507	-8.34973812103	62.3876571655	-55.5827713013	1.0	-0.446317523718	0.839995324612	-0.308558821678	0.37447309494	-0.51729375124	-0.769530415535	273.097015381	11.6000003815	0.0	6.92499923706	1.0	2.0	1.0	7.59694004059	0.0	27.5200004578	4.29262924194	1.7027977705	1.0	1.0	2
1.0	1.0	-6.01192998886	57.7675018311	-45.0027999878	-10.6234998703	45.9692993164	-77.1070022583	-9.47901630402	55.8400688171	-60.6354026794	1.0	-0.326257020235	0.923554182053	-0.201504513621	0.046366378665	-0.309577047825	-0.949743211269	505.839019775	11.6000003815	0.0	7.08833270603	1.0	3.0	3.0	11.144200325	0.0	49.5799980164	4.10068079787	1.5201574564	1.0	1.0	2
1.0	1.0	-6.01192998886	57.7675018311	-45.0027999878	-10.6234998703	45.9692993164	-77.1070022583	-9.47901630402	55.8400688171	-60.6354026794	1.0	-0.326257020235	0.923554182053	-0.201504513621	0.046366378665	-0.309577047825	-0.949743211269	505.839019775	11.6000003815	0.0	7.08833270603	1.0	3.0	3.0	11.144200325	0.0	49.5799980164	4.10068079787	1.5201574564	1.0	1.0	2
1.0	1.0	-5.18665981293	48.9743995667	-58.1837005615	-10.6234998703	45.9692993164	-77.1070022583	-10.8041000366	48.1571998596	-66.5641021729	1.0	-0.227011054754	0.967079162598	-0.114995032549	-0.188365072012	-0.130714058876	-0.973361432552	232.742004395	10.1599998474	0.0	7.65999984741	1.0	1.0	0.0	0.0	0.0	22.0599994659	3.82564988777	1.30584931374	1.0	1.0	2
1.0	1.0	-6.01192998886	57.7675018311	-45.0027999878	-10.6234998703	45.9692993164	-77.1070022583	-9.47901630402	55.8400688171	-60.6354026794	1.0	-0.326257020235	0.923554182053	-0.201504513621	0.046366378665	-0.309577047825	-0.949743211269	505.839019775	11.6000003815	0.0	7.08833270603	1.0	3.0	3.0	11.144200325	0.0	49.5799980164	4.10068079787	1.5201574564	1.0	1.0	2
1.0	1.0	5.51888990402	48.0509986877	-60.7392997742	5.676030159	36.5994987488	-68.93409729	2.62209010124	41.2849006653	-63.7360992432	1.0	-0.668427407742	0.534330368042	-0.517393290997	0.0243470929563	-0.739293754101	-0.672942757607	61.910900116	4.71999979019	0.0	3.83999985915	1.0	1.0	0.0	0.0	0.0	17.3600006104	3.19584990711	7.01298141479	-1.0	0.0	2
1.0	1.0	4.62375020981	63.4516983032	-70.8186035156	1.31870996952	23.5645008087	-68.7434005737	-4.14604902267	44.1602096558	-54.8992424011	1.0	-0.541333138943	-0.0258857049048	-0.840409636497	-0.0900005549192	-0.963000774384	0.254026383162	1679.45385742	23.0400009155	0.0	14.3413729281	1.0	2.0	1.0	5.712870121	0.0	82.0800018311	3.25398174557	1.20051586628	1.0	1.0	2
1.0	1.0	4.62375020981	63.4516983032	-70.8186035156	1.31870996952	23.5645008087	-68.7434005737	-4.14604902267	44.1602096558	-54.8992424011	1.0	-0.541333138943	-0.0258857049048	-0.840409636497	-0.0900005549192	-0.963000774384	0.254026383162	1679.45385742	23.0400009155	0.0	14.3413729281	1.0	2.0	1.0	5.712870121	0.0	82.0800018311	3.25398174557	1.20051586628	1.0	1.0	2
1.0	1.0	5.51888990402	48.0509986877	-60.7392997742	1.31870996952	23.5645008087	-68.7434005737	-1.7422478199	31.3005619049	-61.8656044006	1.0	-0.252511501312	0.890529870987	-0.378410547972	-0.0111504327506	-0.540255486965	-0.841427147388	286.683898926	14.9200000763	0.0	6.81655147158	1.0	2.0	1.0	9.19404983521	0.0	33.3400001526	3.3403550841	2.68867921829	1.0	1.0	2
1.0	1.0	4.62375020981	63.4516983032	-70.8186035156	1.31870996952	23.5645008087	-68.7434005737	-4.40509700775	44.2702598572	-54.5610122681	1.0	-0.530628859997	-0.0497028753161	-0.846145749092	-0.0931129381061	-0.952750086784	0.289131879807	1617.54296875	23.0400009155	0.0	16.579369717	1.0	1.0	0.0	0.0	0.0	64.7200012207	3.26578073893	0.978045761585	1.0	1.0	2
1.0	1.0	1.103489995	31.504699707	-57.5192985535	1.31870996952	23.5645008087	-68.7434005737	-2.9443500042	28.5504989624	-61.3503990173	1.0	-0.124023973942	0.93951779604	-0.319255948067	-0.0207925904542	-0.478882789612	-0.877632558346	224.772994995	14.9200000763	0.0	9.23499965668	1.0	1.0	0.0	0.0	0.0	15.9799995422	3.49452997938	1.49760425091	1.0	1.0	2
1.0	1.0	5.51888990402	48.0509986877	-60.7392997742	1.31870996952	23.5645008087	-68.7434005737	-1.7422478199	31.3005619049	-61.8656044006	1.0	-0.252511501312	0.890529870987	-0.378410547972	-0.0111504327506	-0.540255486965	-0.841427147388	286.683898926	14.9200000763	0.0	6.81655147158	1.0	2.0	1.0	9.19404983521	0.0	33.3400001526	3.3403550841	2.68867921829	1.0	1.0	2
1.0	1.0	-8.18937969208	50.4411010742	-63.748500824	-6.73434019089	35.7641983032	-65.4987030029	-8.90882015228	42.4029006958	-62.8959007263	1.0	-0.455253094435	-0.127939015627	-0.881122171879	0.0647163763642	-0.996374666691	0.0552207790315	88.3001022339	6.61999988556	0.0	4.48666992188	1.0	1.0	0.0	0.0	0.0	18.4400005341	3.83258004916	4.30893039703	-1.0	0.0	2
1.0	1.0	-6.30329990387	52.2692985535	-56.9289016724	-16.0268993378	51.2993011475	-83.0758972168	-14.2068996429	53.3599014282	-67.6313018799	1.0	-0.367597013712	0.927775979042	0.0640640929341	-0.361288994551	0.0472283996642	-0.931257069111	575.366027832	15.6599998474	0.0	10.9947001139	1.0	1.0	0.0	0.0	0.0	31.8799991608	3.60253007283	1.62837910652	1.0	1.0	2
1.0	1.0	-6.30329990387	52.2692985535	-56.9289016724	-16.0268993378	51.2993011475	-83.0758972168	-13.5019960403	51.9020843506	-67.0012588501	1.0	-0.432907640934	0.898683607578	-0.0704185664654	-0.353816151619	-0.106422632933	-0.929240763187	663.666137695	15.6599998474	0.0	7.7406850179	1.0	2.0	1.0	1.96992003918	0.0	50.3199996948	3.67472677028	1.98502373695	1.0	1.0	2
1.0	1.0	-6.30329990387	52.2692985535	-56.9289016724	-16.0268993378	51.2993011475	-83.0758972168	-14.2068996429	53.3599014282	-67.6313018799	1.0	-0.367597013712	0.927775979042	0.0640640929341	-0.361288994551	0.0472283996642	-0.931257069111	575.366027832	15.6599998474	0.0	10.9947001139	1.0	1.0	0.0	0.0	0.0	31.8799991608	3.60253007283	1.62837910652	1.0	1.0	2
1.0	1.0	-6.30329990387	52.2692985535	-56.9289016724	-16.0268993378	51.2993011475	-83.0758972168	-13.5019960403	51.9020843506	-67.0012588501	1.0	-0.432907640934	0.898683607578	-0.0704185664654	-0.353816151619	-0.106422632933	-0.929240763187	663.666137695	15.6599998474	0.0	7.7406850179	1.0	2.0	1.0	1.96992003918	0.0	50.3199996948	3.67472677028	1.98502373695	1.0	1.0	2
1.0	1.0	-6.30329990387	52.2692985535	-56.9289016724	-16.0268993378	51.2993011475	-83.0758972168	-13.5019960403	51.9020843506	-67.0012588501	1.0	-0.432907640934	0.898683607578	-0.0704185664654	-0.353816151619	-0.106422632933	-0.929240763187	663.666137695	15.6599998474	0.0	7.7406850179	1.0	2.0	1.0	1.96992003918	0.0	50.3199996948	3.67472677028	1.98502373695	1.0	1.0	2
1.0	1.0	-6.30329990387	52.2692985535	-56.9289016724	-16.0268993378	51.2993011475	-83.0758972168	-13.5019960403	51.9020843506	-67.0012588501	1.0	-0.432907640934	0.898683607578	-0.0704185664654	-0.353816151619	-0.106422632933	-0.929240763187	663.666137695	15.6599998474	0.0	7.7406850179	1.0	2.0	1.0	1.96992003918	0.0	50.3199996948	3.67472677028	1.98502373695	1.0	1.0	2
1.0	1.0	-8.23357963562	32.5878982544	-59.3427009583	-6.38888978958	24.1530990601	-59.2341003418	-8.65789031982	29.0627975464	-59.0945053101	1.0	-0.0981313735247	-0.0268660951406	-0.994810760021	0.119520053267	-0.992634415627	0.0197953078896	41.3398017883	5.36000013351	0.0	3.731110043	1.0	1.0	0.0	0.0	0.0	10.4600000381	2.04106999787	3.47033596039	-1.0	0.0	2
1.0	1.0	-2.82063007355	46.6590995789	-59.7663993835	-2.88330006599	39.2344017029	-60.5085983276	-5.35673999786	42.1954994202	-60.4976997375	1.0	-0.0812951177359	-0.10780902952	-0.990842223167	0.00229390105233	-0.998517453671	0.0543846264482	40.4936981201	5.5	0.0	3.96800003052	1.0	1.0	0.0	0.0	0.0	8.23999977112	3.70683016096	4.32358646393	-1.0	0.0	2
1.0	1.0	-5.21666002274	24.3848991394	-61.7690010071	-3.84750008583	29.8812999725	-71.9261016846	-7.71049022675	28.2495994568	-64.6552963257	1.0	-0.40917891264	-0.790393829346	-0.455905884504	-0.118233032525	-0.366437077522	0.92290019989	121.84400177	7.44000005722	0.0	5.86429050991	1.0	1.0	0.0	0.0	0.0	13.6199998856	3.79925999935	2.37175416946	1.0	1.0	2
1.0	1.0	-3.11470007896	44.2905006409	-50.0638008118	-16.8351993561	50.1007003784	-80.6853027344	-11.0610685349	47.6473236084	-61.612953186	1.0	-0.246772423387	0.962296724319	0.114404268563	0.298063933849	-0.312129408121	0.902071595192	1033.55273438	19.7199993134	0.0	8.77860845521	1.0	3.0	2.0	9.53969955444	0.0	62.5799980164	3.56128963754	1.3388286829	1.0	1.0	2
1.0	1.0	-2.82063007355	46.6590995789	-59.7663993835	-5.21666002274	24.3848991394	-61.7690010071	-7.12336826324	31.7282810211	-63.6182174683	1.0	-0.357411444187	-0.676992058754	-0.643380761147	-0.099750995636	-0.592953085899	0.799034655094	162.33770752	7.44000005722	0.0	5.07416915894	1.0	2.0	1.0	9.53969955444	0.0	21.8600006104	3.76721002443	2.85862112045	1.0	1.0	2
1.0	1.0	-3.11470007896	44.2905006409	-50.0638008118	-16.8351993561	50.1007003784	-80.6853027344	-11.508852005	50.2397079468	-61.206363678	1.0	-0.162682875991	0.97246080637	0.166895970702	0.351304352283	-0.300349444151	0.886778116226	911.708740234	19.7199993134	0.0	10.1855205667	1.0	2.0	1.0	1.04887998104	0.0	48.9599990845	3.49495980226	1.20078480244	1.0	1.0	2
1.0	1.0	-2.82063007355	46.6590995789	-59.7663993835	-5.21666002274	24.3848991394	-61.7690010071	-7.12336826324	31.7282810211	-63.6182174683	1.0	-0.357411444187	-0.676992058754	-0.643380761147	-0.099750995636	-0.592953085899	0.799034655094	162.33770752	7.44000005722	0.0	5.07416915894	1.0	2.0	1.0	9.53969955444	0.0	21.8600006104	3.76721002443	2.85862112045	1.0	1.0	2
1.0	1.0	-3.11470007896	44.2905006409	-50.0638008118	-16.8351993561	50.1007003784	-80.6853027344	-11.2936725616	47.8696365356	-61.6584281921	1.0	-0.239688158035	0.956784844398	0.164658427238	0.302197903395	-0.275310307741	0.912622928619	993.059020996	19.7199993134	0.0	10.2363688151	2.0	2.0	0.0	30.0	0.0	54.3400001526	3.54224688093	1.21712005138	1.0	1.0	2
1.0	1.0	-3.11470007896	44.2905006409	-50.0638008118	-16.8351993561	50.1007003784	-80.6853027344	-11.2936725616	47.8696365356	-61.6584281921	1.0	-0.239688158035	0.956784844398	0.164658427238	0.302197903395	-0.275310307741	0.912622928619	993.059020996	19.7199993134	0.0	10.2363688151	2.0	2.0	0.0	30.0	0.0	54.3400001526	3.54224688093	1.21712005138	1.0	1.0	2
1.0	1.0	-3.11470007896	44.2905006409	-50.0638008118	-16.8351993561	50.1007003784	-80.6853027344	-11.2936725616	47.8696365356	-61.6584281921	1.0	-0.239688158035	0.956784844398	0.164658427238	0.302197903395	-0.275310307741	0.912622928619	993.059020996	19.7199993134	0.0	10.2363688151	2.0	2.0	0.0	30.0	0.0	54.3400001526	3.54224688093	1.21712005138	1.0	1.0	2
1.0	1.0	-1.1438100338	51.1567993164	-61.9305000305	-1.6225399971	35.6248016357	-69.5205001831	-3.49937105179	40.0646514893	-61.0986404419	1.0	-0.0398595370352	0.656792163849	-0.753017425537	0.00825656577945	-0.735362112522	-0.677624106407	243.063995361	8.80000019073	0.0	5.86896435968	1.0	1.0	0.0	0.0	0.0	31.4200000763	3.36005060928	2.70332503319	-1.0	0.0	2
1.0	1.0	-0.621604979038	36.4878005981	-55.5115013123	-1.6225399971	35.6248016357	-69.5205001831	-3.96339988708	36.4473991394	-61.3414001465	1.0	0.0432053096592	0.986090242863	-0.160497024655	0.0542982146144	-0.155476033688	-0.986346244812	131.330001831	8.80000019073	0.0	5.85889010959	1.0	1.0	0.0	0.0	0.0	15.4600000381	3.52678988842	2.91192412376	1.0	1.0	2
1.0	1.0	-0.621604979038	36.4878005981	-55.5115013123	-1.6225399971	35.6248016357	-69.5205001831	-3.96339988708	36.4473991394	-61.3414001465	1.0	0.0432053096592	0.986090242863	-0.160497024655	0.0542982146144	-0.155476033688	-0.986346244812	131.330001831	8.80000019073	0.0	5.85889010959	1.0	1.0	0.0	0.0	0.0	15.4600000381	3.52678988842	2.91192412376	1.0	1.0	2
1.0	1.0	0.548232972622	26.1961994171	-54.4776992798	-7.26188993454	35.6721992493	-82.7460021973	-5.50754976273	27.2295684814	-68.8226242065	1.0	-0.271463662386	0.838685274124	-0.472138255835	-0.323770046234	-0.711584866047	-0.623554289341	289.687896729	9.42000007629	0.0	6.45999993218	1.0	2.0	1.0	17.059299469	0.0	34.9400024414	3.31494532033	2.38675141335	1.0	1.0	2
1.0	1.0	-0.621604979038	36.4878005981	-55.5115013123	-1.82734000683	17.6144008636	-73.6433029175	-3.50033283234	29.2305641174	-63.4125366211	1.0	-0.0343333482742	0.901947975159	-0.43047773838	0.0185806769878	-0.372642487288	-0.927788972855	329.182983398	8.80000019073	0.0	6.02944480048	1.0	2.0	1.0	6.6389799118	0.0	40.7999992371	3.80785217805	2.51467418671	1.0	1.0	2
1.0	1.0	0.548232972622	26.1961994171	-54.4776992798	-1.82734000683	17.6144008636	-73.6433029175	-3.19296002388	24.4402008057	-64.7873001099	1.0	-0.0841795057058	0.803483068943	-0.589346051216	-0.00565834203735	-0.506151139736	-0.862426221371	197.852996826	8.31999969482	0.0	6.19999991523	1.0	1.0	0.0	0.0	0.0	25.3400001526	4.06771980661	2.2509894371	1.0	1.0	2
1.0	1.0	-1.1438100338	51.1567993164	-61.9305000305	-1.80682003498	37.0601997375	-60.948600769	-2.95395994186	44.3163032532	-60.8133010864	1.0	-0.112868025899	-0.136010035872	-0.984257102013	-0.050585784018	-0.996040761471	0.073101580143	111.73400116	7.73999977112	0.0	5.88545018976	1.0	1.0	0.0	0.0	0.0	15.9600000381	3.11891995944	2.45814156532	1.0	1.0	2
1.0	1.0	-1.1438100338	51.1567993164	-61.9305000305	-1.82734000683	17.6144008636	-73.6433029175	-3.3618748188	33.053478241	-62.7538566589	1.0	-0.0638394132257	0.739476919174	-0.670148074627	0.00096366769867	-0.621831715107	-0.783150315285	440.916992188	8.80000019073	0.0	5.99574377182	1.0	2.0	1.0	6.6389799118	0.0	56.7599983215	3.63605969519	2.50034809113	1.0	1.0	2
1.0	1.0	-1.1438100338	51.1567993164	-61.9305000305	-1.82734000683	17.6144008636	-73.6433029175	-4.59133338928	33.0854797363	-65.298614502	1.0	-0.185080245137	0.783527970314	-0.593151926994	-0.173134371638	-0.732980191708	-0.657848417759	532.75189209	9.42000007629	0.0	6.15392793928	1.0	3.0	3.0	17.059299469	0.0	66.3600006104	3.33698960601	2.53118562698	1.0	1.0	2
1.0	1.0	-3.145829916	51.2223014832	-60.3050994873	-2.58002996445	35.0214996338	-63.7737007141	-5.46461009979	43.111000061	-59.4294013977	1.0	0.0418686009943	0.187085986137	-0.981450915337	0.0148662999272	-0.975902080536	-0.217702001333	106.106002808	7.11999988556	0.0	5.03646985222	1.0	1.0	0.0	0.0	0.0	20.5400009155	3.34803998029	2.92896723747	-1.0	0.0	2
1.0	1.0	-3.145829916	51.2223014832	-60.3050994873	-4.17927980423	32.8585014343	-78.2416992188	-6.38079929352	35.250289917	-64.208770752	1.0	-0.0191757436842	-0.635415494442	-0.771932244301	-0.0566636770964	-0.3647146523	-0.929393589497	253.574996948	9.02000045776	0.0	5.29823482738	1.0	2.0	1.0	4.35383987427	0.0	41.7400016785	3.95985248766	2.75759840012	1.0	1.0	2
1.0	1.0	-2.80446004868	26.3426990509	-59.3638000488	-4.17927980423	32.8585014343	-78.2416992188	-7.04001045227	29.5944004059	-67.6475982666	1.0	-0.054889716208	-0.95522326231	-0.290750056505	-0.0788649916649	0.263409942389	-0.961454868317	147.468994141	9.02000045776	0.0	5.55999980253	1.0	1.0	0.0	0.0	0.0	21.2000007629	4.47008994555	2.6342959404	1.0	1.0	2
1.0	1.0	-3.145829916	51.2223014832	-60.3050994873	-4.17927980423	32.8585014343	-78.2416992188	-6.38079929352	35.250289917	-64.208770752	1.0	-0.0191757436842	-0.635415494442	-0.771932244301	-0.0566636770964	-0.3647146523	-0.929393589497	253.574996948	9.02000045776	0.0	5.29823482738	1.0	2.0	1.0	4.35383987427	0.0	41.7400016785	3.95985248766	2.75759840012	1.0	1.0	2
1.0	1.0	-3.145829916	51.2223014832	-60.3050994873	-4.17927980423	32.8585014343	-78.2416992188	-6.38079929352	35.250289917	-64.208770752	1.0	-0.0191757436842	-0.635415494442	-0.771932244301	-0.0566636770964	-0.3647146523	-0.929393589497	253.574996948	9.02000045776	0.0	5.29823482738	1.0	2.0	1.0	4.35383987427	0.0	41.7400016785	3.95985248766	2.75759840012	1.0	1.0	2
1.0	1.0	-2.80446004868	26.3426990509	-59.3638000488	-4.17927980423	32.8585014343	-78.2416992188	-7.04001045227	29.5944004059	-67.6475982666	1.0	-0.054889716208	-0.95522326231	-0.290750056505	-0.0788649916649	0.263409942389	-0.961454868317	147.468994141	9.02000045776	0.0	5.55999980253	1.0	1.0	0.0	0.0	0.0	21.2000007629	4.47008994555	2.6342959404	1.0	1.0	2
1.0	1.0	-1.72590994835	41.0177001953	-56.759601593	-1.34469997883	34.5097999573	-66.5446014404	-3.63672995567	36.4571990967	-61.8581047058	1.0	-0.255390077829	0.845086276531	-0.469686180353	0.143064022064	-0.513825058937	-0.845882058144	74.6436004639	7.30000019073	0.0	5.40856988089	1.0	1.0	0.0	0.0	0.0	12.5799999237	3.03162011168	5.63420057297	-1.0	0.0	3
1.0	1.0	0.756981015205	60.9809989929	-42.8482017517	-15.7756004333	30.4993991852	-78.6346969604	-6.53537368774	43.8204269409	-63.0072555542	1.0	0.379267573357	0.605789065361	-0.699410974979	0.621947586536	-0.748865783215	0.228869557381	372.110595703	11.8000001907	0.0	6.58199920654	2.0	3.0	1.0	13.9437999725	0.0	47.5800018311	3.28236819439	2.99566054344	1.0	1.0	3
1.0	1.0	-1.72590994835	41.0177001953	-56.759601593	-15.7756004333	30.4993991852	-78.6346969604	-9.07950210571	30.5064029694	-69.7984008789	1.0	0.180672809482	0.975529968739	-0.125293910503	0.761989891529	-0.564155042171	-0.317963004112	230.373596191	11.8000001907	0.0	6.70866597493	1.0	2.0	1.0	13.9437999725	0.0	25.6800003052	3.14479244945	3.52098941803	1.0	1.0	3
1.0	1.0	-1.72590994835	41.0177001953	-56.759601593	-1.9867399931	19.2008991241	-63.1953010559	-4.14374446869	30.2868022919	-60.644908905	1.0	-0.0314318463206	0.878239810467	-0.477186381817	0.0644608289003	-0.459128201008	-0.886028289795	139.01361084	8.43999958038	0.0	5.80083211263	1.0	2.0	1.0	12.6456003189	0.0	23.1000003815	3.20166015625	4.02677106857	1.0	1.0	3
1.0	1.0	-1.72590994835	41.0177001953	-56.759601593	-1.9867399931	19.2008991241	-63.1953010559	-4.14374446869	30.2868022919	-60.644908905	1.0	-0.0314318463206	0.878239810467	-0.477186381817	0.0644608289003	-0.459128201008	-0.886028289795	139.01361084	8.43999958038	0.0	5.80083211263	1.0	2.0	1.0	12.6456003189	0.0	23.1000003815	3.20166015625	4.02677106857	1.0	1.0	3
1.0	1.0	-1.72590994835	41.0177001953	-56.759601593	-1.9867399931	19.2008991241	-63.1953010559	-4.14374446869	30.2868022919	-60.644908905	1.0	-0.0314318463206	0.878239810467	-0.477186381817	0.0644608289003	-0.459128201008	-0.886028289795	139.01361084	8.43999958038	0.0	5.80083211263	1.0	2.0	1.0	12.6456003189	0.0	23.1000003815	3.20166015625	4.02677106857	1.0	1.0	3
1.0	1.0	-0.46984899044	48.1771011353	-54.2666015625	-2.43452000618	29.9776992798	-59.7941017151	-2.57226538658	38.3003616333	-56.4807014465	1.0	0.00260253623128	0.216617941856	-0.97625297308	-0.00492158718407	-0.957249343395	-0.289222091436	154.136703491	7.36000013351	0.0	5.85999976264	1.0	1.0	0.0	0.0	0.0	25.1399993896	3.36048851203	2.11263489723	-1.0	0.0	3
1.0	1.0	2.10033988953	70.4812011719	-68.4869003296	-1.51660001278	26.4832992554	-54.9295005798	-2.92713999748	48.2901039124	-55.1896705627	1.0	-0.159048438072	0.452156990767	-0.877643227577	0.0326354652643	-0.800316751003	-0.598688602448	837.408752441	18.0400009155	0.0	7.80678013393	3.0	3.0	0.0	30.0	0.0	73.3399963379	3.54301078282	1.42172706127	1.0	1.0	3
1.0	1.0	0.0164947994053	51.863899231	-35.3264007568	-1.8709000349	43.2700004578	-43.3749008179	-7.26266002655	47.9062995911	-36.8515014648	1.0	-0.34879809618	0.36764010787	-0.862079262733	-0.030762501061	-0.761069059372	-0.647941052914	308.755004883	18.0400009155	0.0	15.0357001168	1.0	1.0	0.0	0.0	0.0	13.1999998093	3.84244998066	0.836336195469	1.0	1.0	3
1.0	1.0	0.0164947994053	51.863899231	-35.3264007568	-1.8709000349	43.2700004578	-43.3749008179	-7.26266002655	47.9062995911	-36.8515014648	1.0	-0.34879809618	0.36764010787	-0.862079262733	-0.030762501061	-0.761069059372	-0.647941052914	308.755004883	18.0400009155	0.0	15.0357001168	1.0	1.0	0.0	0.0	0.0	13.1999998093	3.84244998066	0.836336195469	1.0	1.0	3
1.0	1.0	-0.46984899044	48.1771011353	-54.2666015625	1.03103995323	28.2012004852	-68.4145965576	-2.86114239693	33.8259506226	-58.8493614197	1.0	0.086485594511	0.738965570927	-0.66816920042	0.0969526171684	-0.650291025639	-0.753473162651	284.377685547	7.80000019073	0.0	5.67485482352	1.0	1.0	0.0	0.0	0.0	41.5199966431	3.40252409256	3.12586259842	1.0	1.0	3
1.0	1.0	-1.51660001278	26.4832992554	-54.9295005798	1.03103995323	28.2012004852	-68.4145965576	-3.20302009583	28.5305995941	-61.6525993347	1.0	0.142517983913	0.989563941956	0.0212573967874	0.176060006022	-0.0194616001099	-0.98418700695	130.240997314	7.80000019073	0.0	5.47881990321	1.0	1.0	0.0	0.0	0.0	16.3799991608	3.43216981051	4.32499027252	1.0	1.0	3
1.0	1.0	-0.46984899044	48.1771011353	-54.2666015625	-0.337799012661	33.0332984924	-58.573299408	-2.25591993332	40.1273002625	-56.1277999878	1.0	0.0354742184281	0.151702091098	-0.987789452076	0.0419145859778	-0.972337722778	-0.229787930846	115.486999512	7.11999988556	0.0	5.46999958583	1.0	1.0	0.0	0.0	0.0	17.8999996185	3.29681984775	2.36456036568	1.0	1.0	3
1.0	1.0	-1.51660001278	26.4832992554	-54.9295005798	1.03103995323	28.2012004852	-68.4145965576	-3.20302009583	28.5305995941	-61.6525993347	1.0	0.142517983913	0.989563941956	0.0212573967874	0.176060006022	-0.0194616001099	-0.98418700695	130.240997314	7.80000019073	0.0	5.47881990321	1.0	1.0	0.0	0.0	0.0	16.3799991608	3.43216981051	4.32499027252	1.0	1.0	3
1.0	1.0	-0.376450002193	35.1148986816	-57.3128013611	-2.43452000618	29.9776992798	-59.7941017151	-3.51751995087	32.8414001465	-57.5352020264	1.0	-0.0957043245435	0.403526067734	-0.909949123859	-0.144694015384	-0.877899169922	-0.45646110177	38.6497001648	7.36000013351	0.0	7.22499990463	1.0	1.0	0.0	0.0	0.0	7.23999977112	3.66245989118	1.35987091064	1.0	1.0	3
1.0	1.0	-5.30658006668	66.0863037109	-45.657699585	-13.8482999802	32.456199646	-78.068901062	-9.06986522675	41.8545761108	-62.8007659912	1.0	-0.121842369437	0.983320772648	-0.135036110878	-0.296839147806	-0.144219398499	-0.943974196911	334.337402344	9.93999958038	0.0	6.3374166181	2.0	2.0	0.0	30.0	0.0	42.7399978638	3.37385484461	2.47633075714	1.0	1.0	3
1.0	1.0	-5.30658006668	66.0863037109	-45.657699585	-13.8482999802	32.456199646	-78.068901062	-9.06986522675	41.8545761108	-62.8007659912	1.0	-0.121842369437	0.983320772648	-0.135036110878	-0.296839147806	-0.144219398499	-0.943974196911	334.337402344	9.93999958038	0.0	6.3374166181	2.0	2.0	0.0	30.0	0.0	42.7399978638	3.37385484461	2.47633075714	1.0	1.0	3
1.0	1.0	-4.99974012375	35.745098114	-59.5093002319	-13.8482999802	32.456199646	-78.068901062	-9.44575881958	32.292301178	-67.4517974854	1.0	-0.0737574025989	0.973658084869	-0.215754002333	-0.366933941841	-0.16962698102	-0.914650857449	235.455001831	9.93999958038	0.0	6.38105010986	1.0	1.0	0.0	0.0	0.0	25.4799995422	3.25722004817	2.43378567696	1.0	1.0	3
1.0	1.0	-2.56235003471	40.4648017883	-43.5643997192	-4.92820978165	36.0302009583	-48.7316017151	-7.52656984329	38.0587997437	-47.3343009949	1.0	0.210367962718	0.807155847549	-0.551583886147	-0.139230951667	-0.563528895378	-0.814278781414	106.817001343	9.35999965668	0.0	8.68667030334	1.0	1.0	0.0	0.0	0.0	7.55999994278	5.54531984071	0.417166739702	1.0	1.0	3
1.0	1.0	-2.56235003471	40.4648017883	-43.5643997192	-4.63422012329	57.0589981079	-71.427696228	-9.39231109619	51.5499572754	-49.5848350525	1.0	-0.24329444766	-0.458391785622	-0.854800999165	0.198370620608	-0.873400688171	0.444770038128	794.755981445	18.7000007629	0.0	11.0922890688	2.0	2.0	0.0	30.0	0.0	49.5800018311	4.59126905525	0.682882130146	1.0	1.0	3
1.0	1.0	-7.02059984207	69.3423995972	-58.4729995728	-4.18060016632	28.3057003021	-48.9994010925	-10.2022724152	46.643081665	-53.5482025146	1.0	-0.229041829705	-0.680862247944	-0.695676982403	0.203209713101	-0.742893457413	0.637820601463	1933.96289062	20.6399993896	0.0	11.5985029505	1.0	2.0	1.0	5.61159992218	2.0	116.160003662	4.34239213761	1.09829032421	1.0	1.0	3
1.0	1.0	-4.68381977081	48.1067008972	-55.7752990723	-12.5620002747	45.614200592	-81.6595001221	-7.83578014374	46.5830993652	-67.5227966309	1.0	-0.209603995085	0.964028000832	-0.163450986147	-0.236489057541	-0.101279020309	-0.9663413167	270.631988525	9.30000019073	0.0	6.20705997243	1.0	1.0	0.0	0.0	0.0	31.0200004578	3.63496978317	3.26384568214	1.0	1.0	3
1.0	1.0	-3.00914001465	50.8230018616	-33.320400238	-12.5620002747	45.614200592	-81.6595001221	-8.99105167389	52.3425102234	-51.3078918457	1.0	-0.257638663054	0.958200633526	0.124393977225	0.0871856436133	-0.739735305309	0.667225837708	1372.09399414	18.8600006104	0.0	9.77749972873	1.0	3.0	2.0	3.84099006653	0.0	100.940002441	4.01910773274	1.47968947887	1.0	1.0	3
1.0	1.0	-8.46605968475	35.0662002563	-80.7305984497	-17.5181999207	29.8561000824	-77.2296981812	-13.3781995773	32.6418991089	-74.7960968018	1.0	-0.500962078571	0.812988102436	-0.296795040369	-0.886523485184	-0.410741209984	0.212997123599	175.699005127	12.8000001907	0.0	8.55538001427	1.0	1.0	0.0	0.0	0.0	13.2399997711	2.70783005018	2.95638561249	1.0	1.0	3
