valid	volumeS1	connectedComponentsS1	connectedComponentsS1Rel	volumeS2	connectedComponentsS2	connectedComponentsS2Rel	corticalSize	distanceMin	direction_x	direction_y	direction_z	distanceToExtremity1	distanceToExtremity2	gravityCenter_x	gravityCenter_y	gravityCenter_z	corticalDotProduct	junctions	junctionDepthMin	junctionsSize	plisDePassage	plisDePassageDepthMax	Potential	Class	cycle
1.0	432.81741333	1.0	1.0	105.996002197	1.0	1.0	50.0976982117	0.0	-0.0334206856787	-0.984699189663	0.171027496457	10.4735067464	2.10667619779	54.6627502441	-37.4882965088	-8.88703536987	0.787375748158	1.0	0.939999997616	1.31835997105	0.0	0.939999997616	-1.0	0.0	1
1.0	2356.20678711	2.0	1.0	2800.06494141	8.0	6.0	234.667818546	0.0	0.735086977482	0.665917634964	-0.127282708883	20.8895213164	12.5930714768	49.0883483887	-22.736700058	-2.29680490494	0.723219871521	18.0	0.939999997616	555.029296994	5.0	20.7999992371	0.97932369243	1.0	1
1.0	2089.00830078	2.0	1.0	1788.68457031	8.0	5.0	129.199258566	0.0	0.0334177166224	0.984702408314	-0.171010166407	26.0714561388	2.09472428613	57.881652832	-12.6462497711	-0.565895020962	0.333549708128	6.0	0.939999997616	147.656342149	0.0	14.4200000763	0.926737233234	1.0	1
1.0	2338.54077148	2.0	1.0	1837.26708984	5.0	4.0	98.8769990206	0.0	0.999347686768	-0.0346072763205	-0.0103199165314	19.5928403896	8.70686432587	50.4986991882	-15.9010000229	1.92863500118	0.49894374609	11.0	6.0	383.642498493	3.0	13.9399995804	0.998339202162	1.0	1
1.0	72.8723983765	1.0	1.0	359.945007324	1.0	1.0	7.9101600647	0.0	-0.999347746372	0.0346072800457	0.0103109860793	3.07333884922	5.90971184249	50.1982002258	-22.5300998688	-4.16127967834	0.513610780239	1.0	8.47999954224	19.7754001617	1.0	8.47999954224	0.111593963133	1.0	1
1.0	1733.47900391	1.0	1.0	680.142028809	1.0	1.0	39.5507416725	2.52104541317	-0.306691348553	-0.00368797383271	-0.951801836491	0.0	17.9685512897	53.1916503906	-43.8859481812	-20.4297504425	0.191459983587	0.0	0.0	0.0	0.0	0.0	0.989933271275	1.0	1
1.0	1373.53393555	1.0	1.0	733.139038086	2.0	1.0	43.5059008598	0.0	-0.0335074551404	-0.984699070454	0.171011552215	8.79496416441	2.47558738212	47.4288024902	-23.1692504883	1.42638492584	0.448644518852	4.0	4.40000009537	148.974580765	2.0	22.5599994659	0.0723829009744	1.0	1
1.0	336.940887451	1.0	1.0	350.090209961	2.0	1.0	23.2030893564	1.74516186179	-0.0671808570623	-0.501146256924	0.862750887871	15.3783540866	8.9403852594	63.9179000854	-21.439250946	-7.54885482788	0.764074742794	0.0	0.0	0.0	0.0	0.0	-1.0	0.0	1
1.0	3113.01025391	3.0	3.0	1503.90979004	3.0	3.0	209.88273716	0.0	-0.0461942739785	-0.993748605251	0.101635552943	25.1675719378	17.7104343499	41.0961990356	-35.1733512878	7.17343521118	0.878224372864	3.0	5.11999988556	70.6640005112	0.0	10.9200000763	0.98313491134	1.0	1
1.0	1549.93054199	2.0	2.0	739.627807617	4.0	2.0	45.3515987396	0.0	-0.998026013374	0.0331811159849	-0.0533219613135	34.7006907633	31.2387714202	58.6523513794	-34.0181007385	-13.7088499069	0.469294309616	2.0	10.0399999619	61.1717987061	0.0	13.0399999619	0.306253545946	1.0	1
1.0	2330.64892578	3.0	3.0	1104.51025391	6.0	6.0	304.804484367	0.0	0.0461942739785	0.993748605251	-0.101635321975	29.7721244544	4.3793017356	56.9916992188	-11.6380500793	2.62046480179	0.0346779674292	16.0	3.20000004768	415.54681766	2.0	6.21999979019	0.899823011419	1.0	1
1.0	289.276306152	3.0	1.0	700.180297852	4.0	3.0	68.5545799732	0.0	0.0461943149567	0.993749558926	-0.101625807583	14.3543978129	26.842223154	53.2630004883	-42.5670509338	-14.5263004303	0.432261884212	1.0	10.9200000763	42.1875	0.0	10.9200000763	0.826178464096	1.0	1
1.0	376.388092041	3.0	2.0	682.100463867	4.0	4.0	81.2108998299	0.0	-0.998026013374	0.0331811159849	-0.0533219613135	22.2354016365	27.3542948417	58.6523513794	-34.0181007385	-13.7088499069	0.808498859406	1.0	10.0399999619	28.476600647	0.0	10.0399999619	0.990522778628	1.0	1
1.0	705.111206055	1.0	1.0	754.419921875	4.0	3.0	98.0858894587	0.0	-0.0461942739785	-0.993748605251	0.101635321975	26.6688988069	0.0	56.9916992188	-11.6380500793	2.62046480179	0.0346779674292	3.0	6.01999998093	121.28899765	0.0	21.9200000763	0.267546186146	1.0	1
1.0	264.027008057	1.0	1.0	408.199401855	1.0	1.0	28.0370793343	1.96606461987	-0.215439543128	-0.954816102982	0.204724282026	11.480348465	2.9794419346	63.3109970093	-34.0658988953	-14.8561000824	0.514780759811	0.0	0.0	0.0	0.0	0.0	-1.0	0.0	1
1.0	3071.04833984	4.0	3.0	1643.22009277	8.0	7.0	305.507740974	0.0	-0.0314092896879	0.976041734219	-0.215304344893	15.6683772891	34.2555595397	60.4042510986	-24.5697517395	-32.4460983276	0.114693760872	11.0	6.09999990463	217.529246926	5.0	24.7399997711	0.989556709013	1.0	1
1.0	587.112670898	4.0	2.0	1179.43603516	4.0	3.0	112.148400307	0.0	0.999276518822	0.034378439188	0.0162638500333	22.2979035491	17.6005828761	55.9677009583	-24.8059005737	-1.63269495964	0.574151515961	5.0	13.4799995422	144.052703857	0.0	24.8600006104	0.139274253044	1.0	1
1.0	3644.26318359	4.0	3.0	1327.08276367	6.0	6.0	188.525240541	0.0	0.0314099416137	-0.976060330868	0.215220063925	20.3781189199	40.1191325904	51.6664505005	-32.4981498718	-36.5240478516	0.082751467824	13.0	7.55999994278	242.665968895	4.0	24.7399997711	0.998453235988	1.0	1
1.0	845.927368164	2.0	1.0	569.742431641	2.0	1.0	1.93359005451	0.0	-0.999279439449	-0.0342911109328	-0.0162691790611	6.12052068602	1.75125131829	55.9375991821	-24.5377502441	-0.28928399086	0.883565247059	2.0	12.1599998474	64.7754001617	1.0	24.7399997711	0.368528006204	1.0	1
1.0	790.343017578	2.0	2.0	189.334899902	3.0	2.0	36.7382893562	0.0	0.0314095728099	-0.976050555706	0.215264484286	6.96281145861	6.52825946879	59.7772521973	-19.7614517212	-2.65059494972	0.814289212227	0.0	0.0	0.0	1.0	11.3599996567	0.330342667578	1.0	1
1.0	649.644165039	3.0	3.0	1274.97216797	3.0	2.0	80.2440915108	0.0	0.0314099341631	-0.97605997324	0.215221703053	31.5430197852	28.865924152	56.2962493896	-43.3037490845	-17.2021484375	0.285401821136	2.0	6.09999990463	19.335889101	1.0	6.09999990463	0.385117559041	1.0	1
1.0	284.524993896	1.0	1.0	595.963623047	2.0	1.0	13.1591997147	3.97912047727	-0.323120325804	-0.714227557182	0.620864152908	1.2831678226	26.4250903573	60.5110473633	-28.5415496826	-20.7395515442	0.148415014148	0.0	0.0	0.0	0.0	0.0	-1.0	0.0	1
1.0	2970.20874023	3.0	2.0	1120.79711914	7.0	3.0	61.8481885195	0.0	0.998986363411	-0.0365951918066	0.0262105464935	22.8966835519	0.0	57.4856033325	-14.8985004425	-2.88867998123	0.883638978004	8.0	6.46000003815	225.02194798	0.0	24.5599994659	0.996533020231	1.0	1
1.0	1970.52746582	3.0	1.0	761.295288086	4.0	1.0	19.7387895584	3.93855307893	-0.0156261771917	-0.786465406418	-0.617436587811	4.67265287832	27.3663098899	57.7136993408	-27.6988506317	-7.27975511551	0.293480962515	0.0	0.0	0.0	0.0	0.0	0.772466703416	1.0	1
1.0	2975.97631836	3.0	3.0	1526.43676758	7.0	2.0	131.591858029	0.0	-0.0429126434028	-0.985954999924	0.161403954029	0.0	19.6244277385	55.4650001526	-17.6094512939	-1.18288493156	0.0330471619964	6.0	4.61999988556	194.75592804	2.0	11.3199996948	0.999624340247	1.0	1
1.0	1997.44226074	3.0	3.0	1343.80297852	5.0	4.0	198.703626752	0.0	-0.0429126434028	-0.985954999924	0.161403954029	20.0502405471	19.6244277385	55.4650001526	-17.6094512939	-1.18288493156	0.0330471619964	13.0	4.61999988556	367.141319513	3.0	11.3199996948	0.986966054846	1.0	1
1.0	1751.36682129	2.0	2.0	1511.05725098	6.0	2.0	114.48491776	0.0	-0.0429126434028	-0.985954999924	0.161403954029	0.0	19.6244277385	55.4650001526	-17.6094512939	-1.18288493156	0.0330471619964	13.0	6.46000003815	334.243187189	4.0	11.779999733	0.941395012126	1.0	1
1.0	2080.10864258	3.0	2.0	617.111328125	7.0	3.0	40.7935295105	0.0	0.0429126620293	0.98596650362	-0.161334097385	25.6686235483	18.7667926104	58.2060012817	-29.0566997528	-29.1543998718	0.269315183163	7.0	9.43999958038	226.338070035	1.0	10.5200004578	0.986085812327	1.0	1
1.0	588.275024414	1.0	1.0	849.728942871	4.0	1.0	0.0	10.0	0.0	0.0	0.0	0.0	0.0	0.0	0.0	0.0	2.0	2.0	11.779999733	68.4277706146	1.0	11.779999733	0.364110434779	1.0	1
1.0	2153.16210938	3.0	3.0	882.411010742	5.0	3.0	147.382726789	0.0	-0.0429126434028	-0.985954999924	0.161403954029	20.0502405471	19.6244277385	55.4650001526	-17.6094512939	-1.18288493156	0.0330471619964	7.0	4.61999988556	176.333127975	2.0	11.3199996948	0.976559427085	1.0	1
1.0	86.3842010498	1.0	0.0	317.153625488	1.0	0.0	0.0	10.0	0.0	0.0	0.0	0.0	0.0	0.0	0.0	0.0	2.0	0.0	0.0	0.0	0.0	0.0	7.92568043658e-07	0.0	1
1.0	1341.42236328	3.0	1.0	541.752319336	6.0	1.0	21.9726600647	3.2955425155	-0.376923114061	-0.755336165428	0.536093592644	22.2114994543	19.873697874	53.4087982178	-39.0862503052	-4.01425695419	0.492082297802	0.0	0.0	0.0	0.0	0.0	0.26591316638	1.0	1
1.0	1738.78930664	2.0	2.0	828.054199219	4.0	1.0	57.1289196014	0.0	-0.00372825958766	-0.980664849281	0.195659160614	29.1001163651	11.8866333847	52.1595497131	-17.0330505371	4.37394523621	0.105461210012	12.0	3.98000001907	235.546947718	1.0	5.63999986649	0.376098714423	1.0	1
1.0	1785.68347168	2.0	2.0	557.794799805	5.0	2.0	59.7655997276	0.0	-0.00382818328217	-0.980664491653	0.195659056306	31.6623411202	4.29326997209	52.2705001831	-23.045249939	-1.41296505928	0.304987579584	3.0	9.39999961853	108.984397888	0.0	27.3999996185	0.525908459057	1.0	1
1.0	55.532699585	1.0	1.0	348.005126953	2.0	1.0	10.5468997955	0.0	0.999825596809	0.0	0.0186732001603	1.53504566833	8.52308929599	50.6441001892	-21.5853004456	-1.73471999168	0.206466332078	1.0	8.06000041962	14.9413995743	0.0	8.06000041962	0.0526856696892	1.0	1
1.0	350.645996094	1.0	1.0	494.465820312	1.0	1.0	42.2753410339	2.37170824513	0.0288555808365	-0.963120102882	0.267520189285	2.59826331825	0.0	60.7883491516	-17.2328491211	1.22839951515	0.654510319233	0.0	0.0	0.0	0.0	0.0	-1.0	0.0	1
1.0	2113.46435547	4.0	3.0	1532.70703125	5.0	3.0	137.109302521	0.0	-0.0288076940924	0.963115274906	-0.267542511225	4.92970568477	19.5022816424	55.273399353	-31.4282493591	8.01076030731	0.989842534065	3.0	7.19999980927	87.9785003662	1.0	7.19999980927	0.988887992018	1.0	1
1.0	671.158813477	3.0	2.0	408.17401123	1.0	1.0	68.5546398163	0.0	-0.999503731728	-0.0310958772898	-0.00502390833572	20.9342217	18.2039414382	58.8311004639	-32.481048584	-6.25059986115	0.174656927586	1.0	10.1199998856	30.8495998383	0.0	10.1199998856	0.130645491407	1.0	1
1.0	2295.63598633	2.0	2.0	1975.12329102	10.0	5.0	106.259681702	0.0	-0.0288048833609	0.963123857975	-0.267512261868	2.59826331825	31.2393888234	60.6887969971	-13.9092998505	0.305240988731	0.769033491611	8.0	10.779999733	285.644400597	2.0	26.2399997711	0.994697027399	1.0	1
1.0	569.799682617	3.0	3.0	356.125	1.0	1.0	102.831949711	0.0	0.0289050359279	-0.963109135628	0.267554372549	16.9837631775	2.20498254263	59.4853515625	-35.5248985291	-19.9993000031	0.43237760663	1.0	10.1199998856	30.8495998383	1.0	8.47999954224	0.432317921843	1.0	1
1.0	387.628204346	1.0	1.0	494.465820312	1.0	1.0	42.2753410339	2.37170824513	0.0288555808365	-0.963120102882	0.267520189285	2.59826331825	0.0	60.7883491516	-17.2328491211	1.22839951515	0.654510319233	0.0	0.0	0.0	0.0	0.0	0.2990682329	1.0	1
1.0	1365.6015625	6.0	5.0	1286.15917969	4.0	4.0	221.660109043	0.0	-0.0288048833609	0.963123857975	-0.267512261868	24.5978718155	6.47731431525	60.6887969971	-13.9092998505	0.305240988731	0.769033491611	8.0	10.1199998856	297.070308685	4.0	15.5200004578	0.977562918273	1.0	1
1.0	1186.16967773	7.0	4.0	1062.89599609	4.0	4.0	197.665929317	0.0	-0.0288076940924	0.963115274906	-0.267542511225	4.92970568477	10.7056078182	55.273399353	-31.4282493591	8.01076030731	0.989842534065	3.0	7.19999980927	92.5487995148	2.0	15.5200004578	0.932062335964	1.0	1
1.0	1399.84460449	4.0	3.0	1095.76904297	4.0	3.0	130.253909588	0.0	-0.999506831169	-0.0309916511178	-0.00506545975804	13.4849651115	33.0186955062	55.0611991882	-35.0558013916	-27.4906997681	0.549679815769	2.0	10.779999733	66.2695007324	2.0	15.5200004578	0.975717326086	1.0	1
1.0	330.484802246	1.0	1.0	375.486999512	1.0	1.0	46.5820999146	2.57470967036	-0.194652423263	-0.936312317848	0.292283624411	9.92941819253	0.0	60.120349884	-27.5598506927	-5.6266746521	0.637392282486	0.0	0.0	0.0	0.0	0.0	-1.0	0.0	1
1.0	945.04473877	3.0	1.0	395.175109863	4.0	1.0	0.0	10.0	0.0	0.0	0.0	0.0	0.0	0.0	0.0	0.0	2.0	2.0	16.0200004578	57.1288986206	0.0	27.1000003815	0.970992925948	1.0	1
1.0	417.676391602	2.0	1.0	617.373413086	2.0	1.0	46.5820999146	2.57470967036	-0.194652423263	-0.936312317848	0.292283624411	9.92941819253	0.0	60.120349884	-27.5598506927	-5.6266746521	0.637392282486	0.0	0.0	0.0	0.0	0.0	0.139705302828	1.0	1
1.0	585.027770996	1.0	1.0	603.310424805	3.0	1.0	21.0937995911	2.57470967036	-0.194652423263	-0.936312317848	0.292283624411	9.92941819253	27.0657497508	60.120349884	-27.5598506927	-5.6266746521	0.637392282486	0.0	0.0	0.0	0.0	0.0	0.126756014467	1.0	1
1.0	427.519897461	2.0	1.0	426.114227295	2.0	1.0	0.0	10.0	0.0	0.0	0.0	0.0	0.0	0.0	0.0	0.0	2.0	2.0	26.8999996185	79.1015014648	0.0	29.2600002289	0.228788334412	1.0	1
1.0	862.072265625	2.0	2.0	1247.40319824	4.0	3.0	89.6485112906	0.0	-0.0535349547863	-0.956508517265	0.286749750376	1.21097495729	21.6074076631	49.8181495667	-37.3448028564	-32.2762985229	0.0564305596054	2.0	15.8000001907	51.8554582596	1.0	11.9399995804	0.021969094604	1.0	1
1.0	335.358001709	1.0	1.0	504.893737793	2.0	2.0	44.0	2.41473596555	-0.00698606669903	-0.921483695507	0.38835427165	1.86282592584	2.14864922607	57.70470047	-21.6868515015	-0.621435523033	0.424360096455	0.0	0.0	0.0	0.0	0.0	-1.0	0.0	1
1.0	335.358001709	1.0	0.0	242.54699707	1.0	0.0	0.0	10.0	0.0	0.0	0.0	0.0	0.0	0.0	0.0	0.0	2.0	0.0	0.0	0.0	0.0	0.0	7.92568043658e-07	1.0	1
1.0	1295.64599609	3.0	3.0	738.778320312	3.0	2.0	102.0	0.0	0.00274283369072	-0.988861858845	-0.148810446262	32.0226436609	29.5885449901	50.481552124	-40.9513015747	-22.662651062	0.39513900876	2.0	17.0	104.0	0.0	17.2600002289	0.761594155956	1.0	1
1.0	783.32800293	1.0	1.0	840.251708984	3.0	1.0	0.0	10.0	0.0	0.0	0.0	0.0	0.0	0.0	0.0	0.0	2.0	1.0	13.3199996948	2.0	0.0	13.3199996948	0.216518061493	1.0	1
1.0	376.597900391	1.0	0.0	216.672409058	1.0	0.0	0.0	10.0	0.0	0.0	0.0	0.0	0.0	0.0	0.0	0.0	2.0	0.0	0.0	0.0	0.0	0.0	7.92568043658e-07	0.0	1
1.0	2188.65234375	1.0	1.0	1341.30566406	5.0	1.0	44.0	0.0	-0.999846577644	0.0	-0.0175145976245	1.88260481706	28.2066101119	51.4630012512	-36.0638008118	-4.52423477173	0.185607641935	1.0	650.020019531	7.0	1.0	650.020019531	0.454216432682	1.0	1
1.0	994.372802734	3.0	3.0	1289.71801758	4.0	2.0	93.0	0.0	0.00270286109298	-0.988877236843	-0.148708924651	21.1456508485	10.0559102155	54.2633514404	-21.1158504486	-6.62942504883	0.604777336121	14.0	7.63999986649	246.0	0.0	650.020019531	0.438199314833	1.0	1
1.0	613.905883789	1.0	1.0	786.727172852	4.0	2.0	79.0	0.0	-0.0178226921707	-0.144344523549	0.989367067814	13.5951788491	38.8604838754	54.352897644	-28.5210494995	-11.594499588	0.017208725214	1.0	650.020019531	29.0	0.0	650.020019531	0.55805221556	1.0	1
1.0	321.140014648	1.0	1.0	210.223907471	2.0	1.0	44.0	0.0	-0.0178226921707	-0.144344523549	0.989367067814	11.0736341749	11.5254791624	54.352897644	-28.5210494995	-11.594499588	0.017208725214	1.0	650.020019531	29.0	0.0	650.020019531	0.216518061493	1.0	1
1.0	468.814025879	1.0	1.0	354.379211426	1.0	1.0	47.0	2.73556396793	-0.571107923985	-0.387704730034	0.723547339439	7.21631029525	4.63469936807	58.6683006287	-25.9000015259	-0.61608505249	0.889924228191	0.0	0.0	0.0	0.0	0.0	-1.0	0.0	1
1.0	2486.8046875	3.0	2.0	2095.51367188	7.0	5.0	182.0	0.0	-0.0188809167594	-0.152881130576	0.988064169884	8.45438080942	1.03282755785	58.7104492188	-15.7530498505	-2.82713985443	0.900156617165	22.0	2.0	434.0	10.0	11.5799999237	0.998507942332	1.0	1
1.0	1768.20336914	2.0	2.0	673.074401855	6.0	2.0	52.0	0.0	-0.00260060001165	0.990088105202	0.140423536301	16.3879250338	1.84819735775	55.4269981384	-39.975402832	-4.75304508209	0.609500408173	5.0	1.0	77.0	2.0	1.0	0.477700012168	1.0	1
1.0	2655.38110352	3.0	2.0	1810.04064941	11.0	7.0	225.0	0.0	-0.0188809931278	-0.152979627252	0.988048970699	17.1777458117	18.5638645069	55.4381484985	-40.429397583	-5.3388800621	0.226617753506	24.0	1.0	482.0	8.0	10.1000003815	0.995742120568	1.0	1
1.0	974.542419434	3.0	3.0	623.854980469	3.0	3.0	125.0	0.0	0.00260059162974	-0.99008667469	-0.140433713794	26.5591231769	1.07667344273	57.0354003906	-27.1831016541	-31.0784988403	0.285760223866	15.0	2.74000000954	301.0	2.0	6.32000017166	0.409491395996	1.0	1
1.0	1287.08557129	3.0	3.0	1358.45349121	7.0	6.0	317.0	0.0	0.00260060001165	-0.990088105202	-0.140423536301	15.9319038888	24.0554372752	55.4269981384	-39.975402832	-4.75304508209	0.609500408173	23.0	1.0	452.0	6.0	11.5799999237	0.969864020379	1.0	1
1.0	535.260070801	2.0	2.0	409.750915527	2.0	2.0	73.0	0.0	-0.00269270595163	0.99008667469	0.140431702137	6.17453308811	18.8540326811	51.2910499573	-44.1604995728	-20.0202999115	0.754056274891	1.0	5.57999992371	12.0	0.0	5.57999992371	0.0549446086892	1.0	1
1.0	516.80291748	2.0	2.0	337.152404785	1.0	1.0	70.0	0.0	0.00260060001165	-0.990088105202	-0.140423536301	1.84819735775	18.5638645069	55.4269981384	-39.975402832	-4.75304508209	0.609500408173	2.0	1.0	26.0	1.0	1.0	0.119427298534	1.0	1
1.0	220.468994141	1.0	0.0	347.147888184	1.0	0.0	0.0	10.0	0.0	0.0	0.0	0.0	0.0	0.0	0.0	0.0	2.0	0.0	0.0	0.0	0.0	0.0	7.92568043658e-07	0.0	1
1.0	1729.64892578	3.0	2.0	2007.36743164	5.0	3.0	174.0	0.0	-0.0182086247951	-0.147380247712	0.988912343979	25.8063514166	15.9296913315	51.1672973633	-19.5799999237	2.7912299633	0.497602164745	5.0	5.57999992371	236.0	0.0	25.0200004578	0.967395001257	1.0	1
1.0	891.622253418	3.0	2.0	1811.25830078	7.0	6.0	172.0	0.0	0.0182086247951	0.147380247712	-0.988912343979	23.3150106515	13.8240758108	51.1672973633	-19.5799999237	2.7912299633	0.497602164745	6.0	4.57999992371	101.0	3.0	12.220000267	0.644012628428	1.0	1
1.0	1867.29174805	4.0	3.0	1869.72460938	7.0	6.0	418.0	0.0	-0.999851107597	0.0	-0.0172544158995	15.0584169291	1.49655630267	46.0638999939	-21.2117004395	13.6555995941	0.734934210777	11.0	3.16000008583	268.0	5.0	12.220000267	0.968653423868	1.0	1
1.0	576.14440918	2.0	2.0	322.786590576	2.0	1.0	56.0	2.59001930068	-0.45461371541	-0.880017518997	-0.137460872531	26.4645540229	19.545508077	54.0508003235	-46.1526489258	-5.87067985535	0.147627487779	0.0	0.0	0.0	0.0	0.0	0.711393731819	1.0	1
1.0	630.956970215	2.0	2.0	1115.74536133	3.0	2.0	162.0	0.0	0.00264094443992	-0.989321529865	-0.145725086331	13.4521801625	20.4392887931	54.8507995605	-39.2569503784	-19.7643508911	0.649805188179	2.0	3.16000008583	44.0	1.0	3.16000008583	0.345214034136	1.0	1
1.0	118.591293335	1.0	0.0	223.451507568	1.0	0.0	0.0	10.0	0.0	0.0	0.0	0.0	0.0	0.0	0.0	0.0	2.0	0.0	0.0	0.0	0.0	0.0	7.92568043658e-07	0.0	1
1.0	1812.57458496	6.0	5.0	1909.94372559	7.0	6.0	292.0	0.0	0.00277343136258	-0.988580465317	-0.150668486953	10.0977899834	32.1039000807	58.245349884	-25.3568992615	-24.6094512939	0.816703796387	21.0	5.84000015259	532.0	1.0	5.84000015259	0.965751933369	1.0	1
1.0	373.25088501	3.0	0.0	239.67930603	3.0	0.0	0.0	10.0	0.0	0.0	0.0	0.0	0.0	0.0	0.0	0.0	2.0	0.0	0.0	0.0	0.0	0.0	7.92568043658e-07	1.0	1
1.0	575.480163574	1.0	1.0	983.68359375	6.0	2.0	9.0	0.0	-0.0181464198977	-0.142467319965	0.989633142948	2.46969982176	22.0694676276	57.7863502502	-14.6974506378	0.382590979338	0.170212596655	11.0	5.84000015259	263.0	0.0	27.1599998474	0.0449696495836	1.0	1
1.0	611.68145752	3.0	3.0	671.601257324	5.0	4.0	174.0	0.0	-0.00277681509033	0.988582670689	0.15065407753	9.80278982818	13.1643708235	54.8383483887	-41.7766494751	-20.6491508484	0.800969183445	6.0	5.42000007629	113.0	1.0	5.84000015259	0.163518753684	1.0	1
1.0	328.310180664	1.0	1.0	445.653808594	4.0	3.0	106.0	0.0	-0.999852180481	0.0	-0.0171927791089	10.6896692049	21.0363034303	56.1100006104	-14.7740001678	0.88568097353	0.315551042557	3.0	5.42000007629	35.0	0.0	9.26000022888	0.187746205868	1.0	1
1.0	585.466308594	3.0	3.0	318.324188232	2.0	2.0	76.0	0.0	0.0181464198977	0.142467319965	-0.989633142948	22.0694676276	2.46969982176	57.7863502502	-14.6974506378	0.382590979338	0.170212596655	6.0	5.84000015259	157.0	0.0	25.8999996185	0.971312687873	1.0	1
1.0	371.932617188	1.0	1.0	184.087493896	2.0	1.0	7.0	2.05976698159	-0.0110437413678	-0.809091031551	0.587579488754	4.3500577287	0.0	57.8485488892	-32.449798584	-3.20373010635	0.201432973146	0.0	0.0	0.0	0.0	0.0	-1.0	0.0	1
1.0	3396.2265625	3.0	1.0	1296.12609863	6.0	6.0	175.0	0.0	0.0026109488681	-0.989645659924	-0.143507927656	2.37545270119	33.5848371171	51.6488990784	-46.0509490967	-28.114151001	0.485251992941	10.0	3.74000000954	227.0	1.0	11.4200000763	0.973749363326	1.0	1
1.0	2961.67993164	3.0	1.0	1229.75463867	7.0	7.0	213.0	0.0	0.0026109488681	-0.989645659924	-0.143507927656	2.37545270119	29.0134961524	51.6488990784	-46.0509490967	-28.114151001	0.485251992941	9.0	1.0	134.0	1.0	11.4200000763	0.979292524938	1.0	1
1.0	3481.38305664	2.0	1.0	1627.98449707	8.0	7.0	135.0	0.0	0.0026109488681	-0.989645659924	-0.143507927656	2.37545270119	29.0134961524	51.6488990784	-46.0509490967	-28.114151001	0.485251992941	21.0	1.0	382.0	1.0	11.4200000763	0.973489037146	1.0	1
1.0	538.486877441	3.0	2.0	683.753234863	5.0	3.0	36.0	2.258100973	-0.22494764626	-0.146329179406	0.963320434093	15.3436908293	0.0	58.4279022217	-33.8845977783	-4.46413516998	0.961541950703	1.0	5.90000009537	23.0	0.0	5.90000009537	0.0349857153328	1.0	1
1.0	2212.80737305	1.0	1.0	825.263244629	8.0	5.0	96.0	0.0	0.999859035015	0.0	0.0167949292809	32.2466272764	0.0	52.7562484741	-23.9785995483	1.65658998489	0.937794804573	14.0	1.0	277.0	0.0	16.6399993896	0.711393731819	1.0	1
1.0	1287.35998535	4.0	4.0	627.40020752	6.0	4.0	129.0	0.0	0.0185564644635	0.149587899446	-0.988574266434	16.8497740779	0.0	52.2387504578	-26.9267997742	-0.372787505388	0.66153293848	3.0	10.6400003433	76.0	1.0	11.4200000763	0.711393731819	1.0	1
1.0	212.215698242	2.0	0.0	239.483703613	2.0	0.0	0.0	10.0	0.0	0.0	0.0	0.0	0.0	0.0	0.0	0.0	2.0	0.0	0.0	0.0	0.0	0.0	7.92568043658e-07	0.0	1
1.0	1543.60046387	4.0	2.0	1107.31542969	8.0	4.0	148.0	0.0	-0.999867200851	0.0	-0.0162934288383	26.7598254261	20.6521305934	54.5633010864	-23.8185005188	9.80611038208	0.245851576328	7.0	7.84000015259	205.0	1.0	19.8999996185	0.996477610087	1.0	1
1.0	1575.61083984	6.0	4.0	1236.54174805	6.0	3.0	200.0	0.0	-0.0191171187907	-0.152628719807	0.988098680973	12.518129553	36.2785178773	61.3465995789	-22.5016498566	-26.2917003632	0.776516020298	15.0	6.57999992371	453.0	3.0	16.8999996185	0.537049566998	1.0	1
1.0	2093.70019531	4.0	3.0	1480.76745605	10.0	4.0	208.0	0.0	0.999867498875	0.0	0.016275703907	14.2765566002	2.38480841421	59.138999939	-21.5333995819	2.00362992287	0.136244267225	19.0	3.42000007629	503.0	7.0	16.8999996185	0.995699420184	1.0	1
1.0	445.770690918	3.0	0.0	239.483703613	2.0	0.0	0.0	10.0	0.0	0.0	0.0	0.0	0.0	0.0	0.0	0.0	2.0	0.0	0.0	0.0	0.0	0.0	7.92568043658e-07	1.0	1
1.0	429.17300415	1.0	1.0	208.658996582	1.0	1.0	0.0	10.0	0.0	0.0	0.0	0.0	0.0	0.0	0.0	0.0	2.0	1.0	26.7999992371	60.0	0.0	26.7999992371	0.96608692898	1.0	1
1.0	243.040298462	3.0	1.0	208.659088135	1.0	1.0	32.0	1.0	-0.0191154386848	-0.152619078755	0.988100171089	2.02993614547	3.23493458795	58.7341003418	-42.7959518433	-5.63849496841	0.766919970512	0.0	0.0	0.0	0.0	0.0	0.158648504297	1.0	1
1.0	1634.88928223	3.0	2.0	288.091674805	3.0	3.0	187.0	0.0	0.0192091688514	0.152617245913	-0.988098680973	12.2019026727	9.83970922459	54.4643478394	-47.985748291	-13.6222496033	0.98498749733	3.0	3.42000007629	97.0	2.0	16.8999996185	0.971594077255	1.0	1
1.0	1573.23962402	3.0	3.0	749.27545166	5.0	5.0	346.0	0.0	-0.0191171187907	-0.152628719807	0.988098680973	12.518129553	0.0	61.3465995789	-22.5016498566	-26.2917003632	0.599167704582	9.0	3.42000007629	240.0	2.0	16.8999996185	0.750893283625	1.0	1
1.0	1382.36462402	3.0	2.0	410.204681396	2.0	2.0	90.0	2.64575131106	-0.470962017775	-0.415019780397	0.778430044651	0.0	18.0435408514	56.9548492432	-45.8943481445	0.556110024452	0.801262140274	3.0	8.0	99.0	0.0	26.7999992371	0.964027580076	1.0	1
1.0	243.880996704	1.0	1.0	217.640792847	1.0	1.0	52.5586013794	1.26600947251	-0.0270387362689	-0.470316201448	0.882083654404	8.45661535496	0.0	53.2414474487	-25.8753509521	3.68155002594	0.781207680702	0.0	0.0	0.0	0.0	0.0	-1.0	0.0	1
1.0	2096.13989258	3.0	1.0	1730.31811523	5.0	3.0	97.1191105843	0.0	0.00326733384281	0.994227528572	-0.107242494822	27.3648701916	2.05693528835	59.6669006348	-10.2255496979	2.93215513229	0.83874475956	10.0	3.20000004768	319.921907902	4.0	13.6800003052	0.999064116491	1.0	1
1.0	691.510498047	2.0	1.0	1103.6385498	4.0	2.0	52.5586013794	1.26600947251	-0.0270387362689	-0.470316201448	0.882083654404	8.45661535496	12.3307363164	53.2414474487	-25.8753509521	3.68155002594	0.781207680702	2.0	20.3400001526	114.257797241	0.0	21.6800003052	0.164174659418	1.0	1
1.0	2151.70874023	3.0	2.0	1508.04760742	5.0	3.0	45.7031502724	2.85662743143	-0.713994443417	-0.258739441633	0.650588870049	17.0368199751	6.83187490887	50.9385986328	-29.3029003143	9.18345069885	0.947848618031	6.0	3.20000004768	223.945297241	2.0	21.2600002289	0.98850273271	1.0	1
1.0	2018.96289062	3.0	2.0	574.199829102	2.0	2.0	87.9785904884	0.0	-0.0032670085784	-0.994229733944	0.107221834362	27.2759113834	2.43388675989	54.5008010864	-43.1679000854	-2.58828997612	0.855432868004	0.0	0.0	0.0	1.0	8.56000041962	0.990081854148	1.0	1
1.0	1244.1015625	2.0	2.0	977.066040039	4.0	4.0	197.666102409	0.0	-0.030526176095	0.0905004814267	0.995428442955	14.5615810383	13.1002370565	51.1366500854	-17.596950531	2.72336006165	0.788770377636	6.0	3.16000008583	209.091741562	4.0	8.56000041962	0.797302236135	1.0	1
1.0	574.200195312	2.0	2.0	501.653930664	3.0	3.0	131.396500587	0.0	0.0032673375681	0.994228601456	-0.107232637703	2.65729403454	15.0609195877	49.9916992188	-20.8050498962	5.26422023773	0.459906041622	1.0	5.34000015259	30.8495998383	0.0	5.34000015259	0.459771586473	1.0	1
1.0	240.7940979	2.0	1.0	135.832000732	1.0	1.0	0.0	10.0	0.0	0.0	0.0	0.0	0.0	0.0	0.0	0.0	2.0	1.0	5.34000015259	4.57031011581	0.0	5.34000015259	0.993490109364	1.0	1
1.0	275.67401123	1.0	1.0	912.647277832	3.0	1.0	15.8203001022	3.54928157683	-0.248767137527	-0.965199768543	0.0806493014097	9.61346973543	12.26275469	58.8367004395	-23.4620513916	-1.39730298519	0.837040781975	0.0	0.0	0.0	0.0	0.0	-1.0	0.0	1
1.0	2595.9284668	8.0	6.0	2151.09204102	5.0	3.0	340.13680315	0.0	-0.0265242867172	-0.97008317709	0.241319686174	2.11644413697	8.83976779961	52.2272033691	-20.3242988586	12.9742498398	0.357645452023	11.0	3.25999999046	532.617733479	3.0	19.0	0.979052203761	1.0	1
1.0	484.518005371	2.0	1.0	321.618988037	1.0	1.0	42.1875009537	0.0	-0.0265243444592	-0.970083475113	0.241318374872	9.87714063403	2.70136640376	45.6315994263	-46.885799408	-18.5468502045	0.950569212437	2.0	14.220000267	116.015602112	2.0	19.0	0.91030425196	1.0	1
1.0	2844.453125	7.0	3.0	1232.17871094	4.0	3.0	147.656199455	0.0	-0.993504106998	0.0	-0.113796487451	4.28597138406	11.6515567116	53.3724975586	-28.3619003296	7.63876533508	0.62807238102	7.0	5.19999980927	329.590356827	4.0	19.0	0.999032347613	1.0	1
1.0	1184.14453125	6.0	6.0	1890.03710938	3.0	2.0	321.679761887	0.0	-0.0265242867172	-0.97008317709	0.241319686174	2.11644413697	3.31458662997	52.2272033691	-20.3242988586	12.9742498398	0.357645452023	4.0	5.57999992371	160.839900017	2.0	8.26000022888	0.914715287112	1.0	1
1.0	810.313781738	4.0	2.0	469.898986816	4.0	2.0	21.0937204361	2.96184403123	-0.26879760623	-0.884229123592	0.381951153278	37.9939731035	32.702680808	58.78150177	-21.1951999664	-26.3211517334	0.647743582726	1.0	16.7800006866	75.1464996338	0.0	16.7800006866	0.999303952129	1.0	1
1.0	753.926818848	4.0	4.0	1035.86621094	3.0	3.0	181.933541298	0.0	-0.993504106998	0.0	-0.113796487451	22.679178861	23.5209296343	53.3724975586	-28.3619003296	7.63876533508	0.62807238102	2.0	3.25999999046	26.3672394753	2.0	8.26000022888	0.993642271973	1.0	1
1.0	1365.83874512	4.0	2.0	534.640686035	3.0	2.0	58.0078210831	0.0	-0.0265243332833	-0.970082998276	0.241320103407	0.0	23.1084307722	39.75340271	-49.371799469	-26.0850486755	0.982765138149	0.0	0.0	0.0	1.0	10.1000003815	0.981854380857	1.0	1
1.0	743.483764648	2.0	2.0	1349.13171387	4.0	3.0	171.386699677	0.0	-0.993504106998	0.0	-0.113796487451	4.28597138406	11.6515567116	53.3724975586	-28.3619003296	7.63876533508	0.62807238102	4.0	3.25999999046	213.574736118	2.0	8.26000022888	0.765159544261	1.0	1
1.0	453.863800049	1.0	1.0	356.8309021	1.0	1.0	7.62938976288	2.67945144548	-0.171440824866	-0.875556707382	0.451672971249	4.26768829413	0.0	60.1618499756	-20.8166503906	1.36115455627	0.653369069099	0.0	0.0	0.0	0.0	0.0	-1.0	0.0	1
1.0	2255.2331543	3.0	2.0	1114.31384277	5.0	4.0	152.587769508	0.0	-0.106010332704	0.937817454338	-0.330545246601	13.2784912116	19.2432318345	55.7320480347	-21.8489990234	7.36829471588	0.505039036274	2.0	11.6999998093	63.8961009979	0.0	11.6999998093	0.502862969486	1.0	1
1.0	1075.18725586	3.0	1.0	596.28314209	4.0	2.0	22.8881893158	2.67945144548	-0.171440824866	-0.875556707382	0.451672971249	4.26768829413	0.0	60.1618499756	-20.8166503906	1.36115455627	0.653369069099	0.0	0.0	0.0	0.0	0.0	0.372227165818	1.0	1
1.0	2166.02490234	2.0	2.0	1170.65539551	5.0	3.0	99.1820888519	0.0	0.993542790413	0.113424219191	0.0027537799906	14.8025162285	25.0347244195	55.2583999634	-32.1924514771	-12.4010505676	0.240067571402	5.0	7.17999982834	134.467959404	0.0	25.5400009155	0.554361488118	1.0	1
1.0	25.0408000946	1.0	1.0	785.653930664	2.0	1.0	4.76837015152	0.0	0.993542969227	0.113422550261	0.00275378045626	0.0	13.5221325329	60.3525009155	-17.2279510498	-12.1995506287	2.0	1.0	11.0	31.471200943	0.0	11.0	0.0143041223581	1.0	1
1.0	171.421005249	1.0	0.0	328.556610107	1.0	0.0	0.0	10.0	0.0	0.0	0.0	0.0	0.0	0.0	0.0	0.0	2.0	0.0	0.0	0.0	0.0	0.0	7.92568043658e-07	0.0	1
1.0	1884.03967285	2.0	2.0	1334.859375	10.0	4.0	108.974691868	0.0	-0.0364906974137	0.99794447422	-0.0526817627251	3.64780356804	39.035728326	57.6109008789	-19.5095500946	2.44238495827	0.352136641741	10.0	8.97999954224	355.406202316	6.0	26.8799991608	0.998518628913	1.0	1
1.0	557.116638184	4.0	1.0	1634.84619141	7.0	1.0	34.6738014221	1.97585425674	0.0364653281868	-0.997945487499	0.0526793263853	2.50112994408	8.75458341173	62.4263496399	-13.9591999054	-4.32051992416	0.960902750492	0.0	0.0	0.0	0.0	0.0	0.271635244452	1.0	1
1.0	1639.60534668	5.0	3.0	2969.70507812	5.0	2.0	61.9174022675	1.97585425674	0.0364653281868	-0.997945487499	0.0526793263853	16.5530928473	22.1825120934	62.4263496399	-13.9591999054	-4.32051992416	0.960902750492	10.0	8.81999969482	289.773658276	6.0	20.4200000763	0.997284053227	1.0	1
1.0	409.704986572	1.0	1.0	548.531005859	1.0	1.0	49.0784816742	0.967987591158	0.0210204459727	-0.981928884983	0.188079610467	6.97345496126	0.0	56.7291488647	-22.3830986023	-6.83351516724	0.665947318077	0.0	0.0	0.0	0.0	0.0	-1.0	0.0	1
1.0	1447.51135254	3.0	1.0	746.612487793	7.0	2.0	39.9476013184	0.967987591158	0.0210204459727	-0.981928884983	0.188079610467	6.97345496126	0.0	56.7291488647	-22.3830986023	-6.83351516724	0.665947318077	6.0	15.3199996948	130.114957809	0.0	27.7999992371	0.97111495302	1.0	1
1.0	1161.39550781	2.0	1.0	1533.85546875	7.0	2.0	52.5026006699	0.0	0.0210184957832	-0.981930434704	0.188071519136	3.17557148634	3.34837022109	57.8308486938	-16.8488502502	-6.50247001648	0.252649188042	10.0	10.0799999237	312.732578278	1.0	27.9799995422	0.548570677426	1.0	1
1.0	2068.84155273	2.0	1.0	966.701293945	6.0	3.0	127.832281113	0.0	0.0210205242038	-0.981930792332	0.188069194555	12.3331064427	36.4716318752	48.2027511597	-43.2367019653	-35.5146484375	0.369953006506	9.0	4.51999998093	157.50756073	1.0	18.2199993134	0.978693899239	1.0	1
1.0	409.704986572	1.0	1.0	179.457992554	1.0	1.0	39.9476013184	0.967987591158	0.0210204459727	-0.981928884983	0.188079610467	6.97345496126	0.0	56.7291488647	-22.3830986023	-6.83351516724	0.665947318077	0.0	0.0	0.0	0.0	0.0	0.0456227086745	1.0	1
1.0	1430.58178711	2.0	2.0	240.405883789	3.0	2.0	69.6229019165	0.0	0.0210205242038	-0.981930792332	0.188069194555	12.3331064427	13.6161543103	48.2027511597	-43.2367019653	-35.5146484375	0.369953006506	1.0	4.51999998093	10.2721996307	0.0	4.51999998093	0.968750057827	1.0	1
1.0	802.48046875	1.0	1.0	1571.10058594	4.0	2.0	57.0680408478	0.0	0.0210184957832	-0.981930434704	0.188071519136	3.17557148634	3.34837022109	57.8308486938	-16.8488502502	-6.50247001648	0.252649188042	5.0	10.0799999237	183.758876801	1.0	27.9799995422	0.485940596543	1.0	1
1.0	355.239013672	1.0	1.0	660.679931641	2.0	1.0	6.85547018051	3.57424116284	-0.178189650178	-0.875221967697	0.44970536232	16.1318742161	26.4903961629	63.5909996033	-24.5335006714	-14.4365005493	0.387247771025	0.0	0.0	0.0	0.0	0.0	-1.0	0.0	1
1.0	1870.81604004	3.0	1.0	2025.19763184	7.0	3.0	85.6933922768	0.0	-0.998337268829	-0.0336516350508	0.0468013845384	4.37975467082	0.0	56.2880477905	-16.313949585	-3.15738487244	0.297659337521	10.0	6.01999998093	179.384831905	2.0	18.0799999237	0.985407708016	1.0	1
1.0	1713.11633301	4.0	2.0	2121.47729492	7.0	3.0	85.6933922768	0.0	-0.998337268829	-0.0336516350508	0.0468013845384	4.37975467082	0.0	56.2880477905	-16.313949585	-3.15738487244	0.297659337521	11.0	6.01999998093	250.224620819	2.0	18.0799999237	0.980629916489	1.0	1
1.0	796.797912598	1.0	1.0	660.679931641	2.0	1.0	86.8359694481	2.39292497884	0.264825165272	0.463500231504	-0.845597505569	18.4856445702	26.174929859	62.6298522949	-32.7905502319	-6.76450490952	0.522765398026	0.0	0.0	0.0	0.0	0.0	0.202812536158	1.0	1
1.0	582.658813477	3.0	0.0	124.5	1.0	0.0	0.0	10.0	0.0	0.0	0.0	0.0	0.0	0.0	0.0	0.0	2.0	0.0	0.0	0.0	0.0	0.0	7.92568043658e-07	1.0	1
1.0	851.577758789	2.0	2.0	1083.97875977	4.0	3.0	89.1211023331	0.0	-0.998337268829	-0.0336516350508	0.0468013845384	4.37975467082	22.1026864331	56.2880477905	-16.313949585	-3.15738487244	0.297659337521	3.0	2.53999996185	59.4140605927	1.0	2.53999996185	0.660720688479	1.0	1
1.0	119.130096436	1.0	0.0	235.040008545	1.0	0.0	0.0	10.0	0.0	0.0	0.0	0.0	0.0	0.0	0.0	0.0	2.0	0.0	0.0	0.0	0.0	0.0	7.92568043658e-07	0.0	1
1.0	375.098205566	4.0	2.0	420.175292969	3.0	2.0	26.2792506218	0.0	0.992688238621	-0.0704840421677	-0.0979906022549	30.3020379014	5.8179577871	51.9565505981	-19.6219005585	-7.07896518707	0.296044290066	1.0	9.46000003815	27.4218997955	0.0	9.46000003815	0.978554505832	1.0	1
1.0	2195.85693359	4.0	2.0	1268.57336426	6.0	2.0	126.826110363	0.0	-0.0588471479714	-0.984721302986	0.163892656565	18.5491118267	35.0751425514	44.7808494568	-43.1413002014	-23.5153503418	0.515278995037	3.0	4.51999998093	97.1190986633	2.0	13.8800001144	0.717579301886	1.0	1
1.0	249.52911377	2.0	0.0	235.040008545	1.0	0.0	0.0	10.0	0.0	0.0	0.0	0.0	0.0	0.0	0.0	0.0	2.0	0.0	0.0	0.0	0.0	0.0	7.92568043658e-07	1.0	1
1.0	1629.18457031	2.0	2.0	656.82409668	7.0	4.0	118.828262329	0.0	-0.0588488280773	-0.984718799591	0.163907662034	1.06408035331	21.3063741253	53.9354476929	-34.4135513306	-24.4190502167	0.0371828079224	4.0	2.79999995232	82.2657094002	0.0	10.279999733	0.549030780715	1.0	1
1.0	1337.79882812	3.0	2.0	764.684875488	3.0	1.0	79.9804992676	0.0	-0.0588488280773	-0.984718799591	0.163907662034	1.06408035331	12.1047225185	53.9354476929	-34.4135513306	-24.4190502167	0.0371828079224	1.0	2.79999995232	4.57031011581	0.0	2.79999995232	0.35015947651	1.0	1
1.0	502.183898926	1.0	1.0	165.505004883	1.0	1.0	40.7666015625	1.30688177829	-0.49632614851	-0.368904292583	0.785856187344	11.7461093386	2.95145251835	56.2042999268	-22.8493499756	-6.10257482529	0.745243012905	0.0	0.0	0.0	0.0	0.0	-1.0	0.0	1
1.0	2162.90258789	3.0	3.0	1423.79760742	5.0	3.0	155.976471424	0.0	0.0	-0.984888672829	0.173188924789	1.85800171475	27.8114817229	52.9528007507	-44.0803985596	-16.5380992889	0.124309837818	2.0	8.06000041962	53.1738014221	1.0	12.6199998856	0.997688705038	1.0	1
1.0	1690.19348145	5.0	3.0	634.813964844	5.0	3.0	57.6049818993	0.0	1.0	0.0	0.0	19.1713664167	2.95145591111	53.417301178	-12.60779953	-3.18061995506	0.837031424046	1.0	8.80000019073	25.7007007599	1.0	11.0799999237	0.910210180682	1.0	1
1.0	2126.62695312	4.0	4.0	1814.88916016	6.0	3.0	104.575140953	0.0	1.0	0.0	0.0	18.5193948892	5.69557471908	54.3462982178	-13.035200119	-5.80441999435	0.793794810772	7.0	11.1599998474	230.420011103	4.0	16.2600002289	0.995009755845	1.0	1
1.0	1102.98986816	2.0	2.0	531.657104492	3.0	2.0	77.9882221222	1.30688177829	-0.49632614851	-0.368904292583	0.785856187344	11.7461093386	24.1754375809	56.2042999268	-22.8493499756	-6.10257482529	0.745243012905	0.0	0.0	0.0	0.0	0.0	0.378924816118	1.0	1
1.0	70.2829971313	1.0	1.0	597.405883789	2.0	1.0	17.7246398926	0.0	1.0	0.0	0.0	0.0	20.9678920337	56.2042999268	-30.3290996552	-14.908200264	0.0599663853645	2.0	12.2600002289	64.6948013306	2.0	12.6199998856	0.205304455903	1.0	1
1.0	191.281997681	1.0	0.0	170.899993896	1.0	0.0	0.0	10.0	0.0	0.0	0.0	0.0	0.0	0.0	0.0	0.0	2.0	0.0	0.0	0.0	0.0	0.0	7.92568043658e-07	0.0	1
1.0	611.476623535	4.0	2.0	1495.76586914	5.0	4.0	105.468700409	0.0	-0.999420702457	-0.0340260379016	-0.00076692039147	17.1231991454	8.17426190792	51.3254508972	-19.7117500305	13.0837993622	0.119663149118	3.0	9.30000019073	69.6093908548	2.0	12.9399995804	0.9759481556	1.0	1
1.0	1516.14868164	4.0	1.0	776.105224609	4.0	1.0	21.0937995911	2.58425424425	-0.814210236073	-0.14220932126	-0.562883853912	0.0	6.16196172812	43.2741012573	-42.0024986267	-33.2669525146	0.586126208305	0.0	0.0	0.0	0.0	0.0	0.777440465878	1.0	1
1.0	3497.96020508	1.0	1.0	1661.96179199	10.0	5.0	200.390501976	0.0	0.0343312732875	-0.967953443527	0.248771876097	35.0458770896	39.1112976455	55.5927505493	-36.4433517456	-15.7376003265	0.00588673353195	1.0	3.75999999046	9.49219036102	1.0	3.75999999046	0.999311251019	1.0	1
1.0	1375.03845215	1.0	1.0	412.355285645	2.0	2.0	54.8437399864	0.0	0.999417364597	0.0341220274568	0.000775433145463	15.9119452752	0.0	57.3434524536	-12.5795993805	0.7605894804	0.381641060114	4.0	11.0200004578	124.452997208	2.0	11.1599998474	0.771104480297	1.0	1
1.0	272.812988281	1.0	1.0	1269.98937988	4.0	2.0	23.2031002045	0.0	-0.999420583248	-0.0340269468725	-0.000776518252678	1.82914405525	6.47050061702	59.4627494812	-13.3820495605	-3.53460502625	0.88937485218	0.0	0.0	0.0	1.0	10.1599998474	0.0736941578359	1.0	1
1.0	366.886291504	2.0	2.0	823.141174316	4.0	2.0	48.515639782	0.0	-0.999417364597	-0.0341220274568	-0.000775433145463	17.4009385831	3.94062608421	57.3434524536	-12.5795993805	0.7605894804	0.381641060114	2.0	11.0200004578	79.1014976501	3.0	11.1599998474	0.339316769165	1.0	1
1.0	195.645996094	1.0	1.0	94.4498977661	1.0	1.0	21.9342002869	1.92616456958	-0.272521078587	-0.902746796608	0.332836985588	9.68177951377	2.81086929518	57.4673500061	-26.6827507019	-3.01560497284	0.798429429531	0.0	0.0	0.0	0.0	0.0	-1.0	0.0	1
1.0	2880.72167969	3.0	2.0	1790.49865723	10.0	4.0	218.529614508	0.0	-0.00368939246982	-0.998912751675	0.0464725680649	28.5401104208	19.0566141016	54.1036987305	-21.8821983337	6.4469203949	0.942042827606	21.0	2.8599998951	370.444321632	3.0	13.4399995804	0.984463259901	1.0	1
1.0	3363.76464844	2.0	1.0	1065.93322754	8.0	2.0	38.1817498207	0.0	-0.00368939549662	-0.998915553093	0.0464115403593	42.2275099628	28.1781745591	52.2458000183	-39.1732025146	-10.1173496246	0.773633360863	2.0	11.5600004196	63.365398407	0.0	12.2399997711	0.981451080275	1.0	1
1.0	3100.65429688	2.0	2.0	1562.46984863	10.0	4.0	128.355705321	0.0	-0.00368939246982	-0.998912751675	0.0464725680649	28.5401104208	19.0566141016	54.1036987305	-21.8821983337	6.4469203949	0.942042827606	9.0	2.8599998951	232.340053678	1.0	2.8599998951	0.989281856548	1.0	1
1.0	1621.83886719	2.0	2.0	499.234893799	2.0	2.0	41.4312601089	0.0	-0.00368939549662	-0.998915553093	0.0464115403593	25.1662295811	12.2062099724	52.2458000183	-39.1732025146	-10.1173496246	0.751959145069	4.0	12.220000267	103.98437506	0.0	19.7600002289	0.339373619595	1.0	1
1.0	1265.62902832	2.0	2.0	773.139038086	2.0	2.0	4.87426996231	0.0	-0.00368939549662	-0.998915553093	0.0464115403593	23.6904333709	15.7996412019	52.2458000183	-39.1732025146	-10.1173496246	0.751959145069	3.0	2.8599998951	37.3693543673	1.0	2.8599998951	0.30295078033	1.0	1
1.0	200.791290283	1.0	1.0	96.1772994995	1.0	1.0	18.4570007324	2.74924900898	-0.12354863435	-0.9568400383	0.263045549393	8.757841248	0.0	59.5751495361	-29.4387512207	2.39563012123	0.564976990223	0.0	0.0	0.0	0.0	0.0	-1.0	0.0	1
1.0	3418.5144043	1.0	1.0	2186.76855469	7.0	4.0	69.8731389046	0.0	0.999440670013	0.0	-0.0334430150688	30.8666466907	35.2959706198	50.5835494995	-39.4744987488	-26.7747001648	0.0819018036127	8.0	2.94000005722	308.496196747	3.0	11.5399999619	0.999578180459	1.0	1
1.0	860.534606934	4.0	2.0	215.97718811	5.0	2.0	18.4570007324	2.74924900898	-0.12354863435	-0.9568400383	0.263045549393	8.757841248	27.6244012414	59.5751495361	-29.4387512207	2.39563012123	0.564976990223	2.0	13.7399997711	44.8242015839	0.0	16.2600002289	0.0197728227331	1.0	1
1.0	3033.80419922	4.0	3.0	2166.52075195	7.0	4.0	133.154339314	0.0	-0.99944037199	0.0	0.0334489941597	2.87639269061	13.1960398427	55.6148986816	-22.8223991394	6.1023349762	0.124943345785	11.0	0.939999997616	332.226557374	4.0	11.5399999619	0.999069856589	1.0	1
1.0	48.9323005676	1.0	1.0	880.782348633	4.0	1.0	0.0	10.0	0.0	0.0	0.0	0.0	0.0	0.0	0.0	0.0	2.0	2.0	12.9200000763	77.783197403	0.0	23.4799995422	0.0920239106495	1.0	1
1.0	737.359436035	3.0	1.0	890.905456543	3.0	1.0	19.7754001617	0.0	-0.99944037199	0.0	0.0334489941597	2.79548849338	4.01742952524	55.6148986816	-22.8223991394	6.1023349762	0.124943345785	2.0	8.22000026703	63.2811985016	0.0	12.9200000763	0.582191503361	1.0	1
1.0	998.89465332	2.0	1.0	1260.42944336	4.0	2.0	68.5547008514	0.0	-0.99944037199	0.0	0.0334489941597	2.87639269061	28.1544973355	55.6148986816	-22.8223991394	6.1023349762	0.124943345785	8.0	2.94000005722	305.85949707	2.0	25.4799995422	0.816748811819	1.0	1
1.0	48.7729988098	1.0	0.0	225.80090332	1.0	0.0	0.0	10.0	0.0	0.0	0.0	0.0	0.0	0.0	0.0	0.0	2.0	0.0	0.0	0.0	0.0	0.0	7.92568043658e-07	0.0	1
1.0	1813.63647461	6.0	5.0	1181.39147949	8.0	5.0	174.023422241	0.0	-0.00924870744348	0.994014203548	-0.108859159052	12.8553102913	25.2766166374	57.3256530762	-19.5419006348	-6.79018974304	0.785246372223	12.0	6.21999979019	388.125004768	7.0	15.4600000381	0.987287659763	1.0	1
1.0	1371.06555176	3.0	2.0	1468.61035156	7.0	3.0	106.523480892	0.0	-0.99490070343	0.0	0.100859954953	5.28794409508	24.7231472266	55.4189987183	-26.6023006439	3.5941901207	0.994851469994	15.0	6.21999979019	314.296861649	9.0	15.4600000381	0.976444345842	1.0	1
1.0	641.275634766	7.0	3.0	843.593139648	6.0	3.0	61.1718006134	1.78837638925	0.253589302301	0.805479288101	-0.535626292229	1.52834613035	31.9607818607	48.1031494141	-46.7787475586	-30.2966003418	0.95888876915	2.0	6.21999979019	44.2969017029	0.0	12.5799999237	0.969761855145	1.0	1
1.0	343.218017578	2.0	0.0	110.190895081	1.0	0.0	0.0	10.0	0.0	0.0	0.0	0.0	0.0	0.0	0.0	0.0	2.0	0.0	0.0	0.0	0.0	0.0	7.92568043658e-07	1.0	1
1.0	48.7729988098	1.0	0.0	146.319000244	1.0	0.0	0.0	10.0	0.0	0.0	0.0	0.0	0.0	0.0	0.0	0.0	2.0	0.0	0.0	0.0	0.0	0.0	7.92568043658e-07	1.0	1
1.0	847.205871582	3.0	2.0	372.119873047	2.0	1.0	61.1718611717	1.9228416431	0.0645600035787	-0.64151853323	0.764385938644	17.300718189	1.55201506838	59.6011505127	-26.8401489258	-6.21479034424	0.31741592288	0.0	0.0	0.0	0.0	0.0	0.588258968347	1.0	1
1.0	356.256988525	1.0	1.0	330.809997559	1.0	1.0	45.351600647	2.27799253563	-0.409703612328	-0.858878135681	0.307361900806	13.4269961445	0.0	56.3962020874	-25.652299881	-3.18192481995	0.894318282604	0.0	0.0	0.0	0.0	0.0	-1.0	0.0	1
1.0	2337.93774414	2.0	2.0	1173.73950195	5.0	3.0	67.5000597239	0.0	-0.0377531051636	-0.997920036316	0.0522525385022	17.0954995106	9.83130956827	50.5956993103	-25.7321510315	-34.5158996582	0.152106821537	4.0	1.20000004768	88.5937896967	2.0	8.53999996185	0.966105187871	1.0	1
1.0	1935.55883789	3.0	3.0	1288.25061035	7.0	4.0	90.703122139	0.0	-0.0376544259489	-0.997918069363	0.0523599274457	3.11244134809	17.3023920952	45.6914520264	-26.7440986633	10.9232501984	0.659895658493	8.0	4.71999979019	155.039191842	3.0	12.6800003052	0.938392395679	1.0	1
1.0	989.249023438	3.0	1.0	151.090805054	3.0	2.0	13.7109003067	2.19969537967	0.0322676897049	0.944297671318	-0.327506899834	3.53318045183	1.08249635031	51.8013000488	-22.7253494263	-33.9590988159	0.0143481791019	2.0	8.18000030518	20.0390996933	0.0	10.1599998474	0.987681177796	1.0	1
1.0	847.70098877	2.0	1.0	585.278991699	2.0	2.0	45.351600647	2.27799253563	-0.409703612328	-0.858878135681	0.307361900806	13.4269961445	17.2095880798	56.3962020874	-25.652299881	-3.18192481995	0.894318282604	1.0	4.71999979019	1.0546900034	0.0	4.71999979019	0.167166231035	1.0	1
1.0	1059.22802734	3.0	3.0	844.520141602	4.0	3.0	145.546861172	0.0	0.999362051487	-0.0330692641437	-0.0134881297126	22.1405064614	25.891255603	47.4648971558	-41.6277999878	-19.0280990601	0.591492533684	4.0	4.71999979019	152.929686189	0.0	29.2800006866	0.339316642584	1.0	1
1.0	270.596008301	1.0	1.0	211.353790283	1.0	1.0	2.10938000679	3.77563235816	-0.233026921749	-0.927180290222	0.293317586184	10.5303820697	0.0	62.4927024841	-31.2527999878	-5.49578475952	0.97823125124	0.0	0.0	0.0	0.0	0.0	-1.0	0.0	1
1.0	658.077209473	3.0	2.0	626.05480957	5.0	4.0	47.4609003067	0.0	0.033032245934	0.998150587082	0.0510317832232	20.3130551306	1.4402011703	55.5047492981	-27.6760501862	4.42263507843	0.770443916321	7.0	9.77999973297	198.28125906	2.0	26.4799995422	0.972462384721	1.0	1
1.0	920.668457031	5.0	2.0	1263.31713867	7.0	4.0	51.6796998978	0.0	0.997978210449	-0.0387836694717	0.0503507293761	7.98507203645	34.2807016251	59.3541488647	-31.1243515015	-28.7553005219	0.597825944424	7.0	6.01999998093	121.289132237	7.0	27.0400009155	0.598509226254	1.0	1
1.0	1103.20007324	7.0	4.0	1255.31164551	6.0	4.0	159.257800102	0.0	-0.0330323204398	-0.998152911663	-0.0509860143065	7.77189251292	3.32057156618	44.7452507019	-32.9970474243	10.8166503906	0.37580922246	13.0	6.01999998093	252.070234418	8.0	26.4799995422	0.970383585116	1.0	1
1.0	449.926086426	4.0	2.0	1051.96362305	3.0	2.0	67.5000793934	0.0	-0.997979700565	0.0388780869544	-0.0502486601472	20.8445457295	3.69830652609	61.7332000732	-19.4785995483	-2.06613016129	0.471529901028	2.0	11.4600000381	54.8437013626	0.0	12.9799995422	0.534124926483	1.0	1
1.0	323.434387207	3.0	2.0	361.862915039	4.0	3.0	71.7187995911	0.0	-0.0330354683101	-0.99815261364	-0.050989985466	1.02877788742	15.0351176847	59.7663497925	-43.2956008911	-12.008649826	0.938028931618	2.0	6.40000009537	16.8749901056	2.0	6.86000013351	0.518879387063	1.0	1
1.0	517.174926758	4.0	2.0	1168.8482666	4.0	2.0	56.9531795979	0.0	-0.033032245934	-0.998150587082	-0.0510317832232	1.4402011703	2.79624258382	55.5047492981	-27.6760501862	4.42263507843	0.573493599892	7.0	6.01999998093	157.148341656	3.0	14.1199998856	0.652975904044	1.0	1
1.0	62.6068000793	1.0	0.0	134.156997681	1.0	0.0	0.0	10.0	0.0	0.0	0.0	0.0	0.0	0.0	0.0	0.0	2.0	0.0	0.0	0.0	0.0	0.0	7.92568043658e-07	0.0	1
1.0	1459.63305664	2.0	1.0	1491.83105469	4.0	2.0	69.6093899012	0.0	0.120231635869	0.982835292816	-0.13992524147	8.23153794002	19.1109336037	51.1666030884	-21.8509998322	5.30352497101	0.74983716011	15.0	2.72000002861	317.46091938	0.0	13.9399995804	0.222949693108	1.0	1
1.0	504.431793213	2.0	2.0	620.701538086	4.0	2.0	52.7343592644	0.0	0.120150871575	0.982843279839	-0.139939114451	8.8045913163	3.91872288453	50.0251464844	-22.9723510742	3.87178516388	0.584854781628	3.0	5.17999982834	100.195350647	0.0	11.720000267	0.0684473073953	1.0	1
1.0	311.244995117	1.0	1.0	534.840820312	3.0	3.0	47.4608798027	0.0	-0.120150871575	-0.982843279839	0.139939114451	3.91872288453	8.8045913163	50.0251464844	-22.9723510742	3.87178516388	0.584854781628	3.0	5.17999982834	100.195350647	0.0	11.720000267	0.167166131379	1.0	1
1.0	311.244995117	1.0	1.0	282.625	1.0	1.0	3.16406011581	0.0	-0.991378903389	0.100885972381	-0.0836059004068	7.07016196749	2.23021476088	54.3279495239	-23.5781497955	-1.82838499546	0.0153829008341	1.0	5.17999982834	4.21875	0.0	5.17999982834	0.637588885104	1.0	1
1.0	346.868011475	1.0	1.0	123.880996704	1.0	1.0	25.3125	2.6393597523	-0.281673103571	-0.623445749283	0.729366660118	6.83583314652	1.84777999367	60.9934997559	-18.5006999969	-1.46240997314	0.798899829388	0.0	0.0	0.0	0.0	0.0	-1.0	0.0	1
1.0	1428.76452637	4.0	2.0	1111.62756348	6.0	3.0	60.117099762	0.0	0.0	1.0	0.0	2.29690510218	40.9087849554	57.6049995422	-35.5007019043	-27.7849998474	0.881658017635	3.0	7.61999988556	87.5389797688	0.0	23.2999992371	0.3393166025	1.0	1
1.0	346.868011475	1.0	1.0	294.010986328	2.0	2.0	25.3125	2.6393597523	-0.281673103571	-0.623445749283	0.729366660118	6.83583314652	13.9050846597	60.9934997559	-18.5006999969	-1.46240997314	0.798899829388	1.0	12.6199998856	46.4062004089	1.0	12.6199998856	0.227954705865	1.0	1
1.0	731.725524902	2.0	2.0	888.641113281	4.0	3.0	83.320350647	0.0	0.0	-1.0	0.0	0.0	32.3707767516	57.6049995422	-35.5007019043	-27.7849998474	0.488181054592	5.0	7.61999988556	170.859380007	1.0	11.5600004196	0.574293725547	1.0	1
1.0	355.126098633	1.0	1.0	123.880996704	1.0	1.0	48.5157012939	1.67705098312	0.0	-1.0	0.0	7.76851386941	0.0	58.734500885	-19.5006999969	2.92470002174	0.0567776858807	0.0	0.0	0.0	0.0	0.0	0.182502793424	1.0	1
1.0	191.613998413	1.0	0.0	123.901000977	1.0	0.0	0.0	10.0	0.0	0.0	0.0	0.0	0.0	0.0	0.0	0.0	2.0	0.0	0.0	0.0	0.0	0.0	7.92568043658e-07	0.0	1
1.0	1796.56384277	5.0	3.0	1426.30285645	7.0	4.0	108.632820129	0.0	0.00854942761362	0.99444848299	-0.10487678647	14.2968872737	16.225722738	53.7436485291	-23.2318992615	7.64060020447	0.108049482107	8.0	2.72000002861	136.054711819	0.0	8.46000003815	0.577816785331	1.0	1
1.0	1254.8572998	1.0	1.0	1035.87036133	4.0	3.0	62.2265710831	0.0	-0.00854937545955	-0.994444310665	0.104915954173	0.0	31.6681593158	54.73595047	-32.3115005493	-17.0640487671	0.566244423389	2.0	3.40000009537	29.5312094688	0.0	8.46000003815	0.272434617275	1.0	1
1.0	257.88659668	1.0	1.0	531.622009277	2.0	2.0	27.4219198227	0.0	-0.00854937545955	-0.994444310665	0.104915954173	0.0	22.8001371145	54.73595047	-32.3115005493	-17.0640487671	0.566244423389	1.0	8.46000003815	22.148399353	0.0	8.46000003815	0.252796517405	1.0	1
1.0	662.726013184	1.0	0.0	123.901000977	1.0	0.0	0.0	10.0	0.0	0.0	0.0	0.0	0.0	0.0	0.0	0.0	2.0	0.0	0.0	0.0	0.0	0.0	7.92568043658e-07	1.0	1
1.0	549.526977539	2.0	0.0	509.051513672	3.0	0.0	0.0	10.0	0.0	0.0	0.0	0.0	0.0	0.0	0.0	0.0	2.0	0.0	0.0	0.0	0.0	0.0	7.92568043658e-07	1.0	1
1.0	688.07598877	1.0	1.0	326.914001465	2.0	1.0	13.7109003067	2.882552634	-0.679375529289	-0.696474730968	-0.23102325201	0.0	15.5526057277	55.1620483398	-46.1837501526	-20.7168006897	0.155367910862	0.0	0.0	0.0	0.0	0.0	0.202812572735	1.0	1
1.0	688.07598877	1.0	1.0	378.286193848	3.0	1.0	13.7109003067	2.882552634	-0.679375529289	-0.696474730968	-0.23102325201	0.0	15.5526057277	55.1620483398	-46.1837501526	-20.7168006897	0.155367910862	0.0	0.0	0.0	0.0	0.0	0.202812485863	1.0	1
1.0	688.07598877	1.0	0.0	224.169189453	2.0	0.0	0.0	10.0	0.0	0.0	0.0	0.0	0.0	0.0	0.0	0.0	2.0	0.0	0.0	0.0	0.0	0.0	7.92568043658e-07	1.0	1
1.0	292.945495605	1.0	1.0	462.459991455	1.0	1.0	1.0546900034	2.67157632151	-0.121423445642	-0.626824378967	0.769641160965	0.0	0.0	57.3526992798	-16.1989994049	5.73685503006	0.545361280441	0.0	0.0	0.0	0.0	0.0	-1.0	0.0	1
1.0	921.628051758	2.0	2.0	906.815917969	3.0	2.0	138.163889527	0.0	0.991572499275	0.0964139401913	0.0865356326103	11.1239791573	18.1933651411	61.5770492554	-14.6737995148	-8.01478004456	0.824327230453	2.0	8.11999988556	53.7890987396	0.0	10.0	0.454556858913	1.0	1
1.0	92.1627960205	2.0	2.0	719.197998047	3.0	2.0	16.875	1.78511064	-0.484275847673	-0.190560281277	-0.853910803795	0.0	15.6507951138	51.8339004517	-41.0013504028	-21.7301998138	0.15824469924	2.0	24.3400001526	33.75	0.0	24.5400009155	0.00527340113391	1.0	1
1.0	577.663452148	2.0	2.0	990.749389648	5.0	1.0	28.4765492678	0.0	0.991572737694	0.0964148268104	0.0865322500467	1.4774833109	1.01509086061	59.664352417	-12.9732999802	-0.232506006956	0.460346698761	7.0	7.61999988556	184.570321083	2.0	8.0	0.00527340113391	1.0	1
1.0	69.5531997681	1.0	0.0	409.591796875	1.0	0.0	0.0	10.0	0.0	0.0	0.0	0.0	0.0	0.0	0.0	0.0	2.0	0.0	0.0	0.0	0.0	0.0	7.92568043658e-07	0.0	1
1.0	820.729003906	2.0	2.0	360.131591797	2.0	2.0	31.6406002045	2.7057439212	-0.150181740522	-0.14660166204	0.977728664875	10.9283073814	20.8478564288	55.112701416	-30.5927505493	-14.4671001434	0.959512710571	1.0	8.65999984741	22.148399353	0.0	8.65999984741	0.156896236942	1.0	1
1.0	769.722961426	2.0	2.0	978.383422852	5.0	2.0	6.32812023163	0.0	-0.0354093573987	-0.998047232628	-0.0514572113752	4.94975633118	15.7290742918	57.200050354	-16.7136001587	-13.7030496597	0.533075392246	4.0	9.22000026703	110.742237568	0.0	11.9399995804	0.0316300466246	1.0	1
1.0	1074.21130371	1.0	1.0	170.019500732	2.0	1.0	10.5468997955	3.20452805471	-0.571255624294	-0.430149525404	0.699026703835	8.59696495261	0.0	52.2010498047	-24.2724494934	4.75043678284	0.475345492363	0.0	0.0	0.0	0.0	0.0	0.026361090704	1.0	1
1.0	797.544189453	1.0	1.0	775.906616211	4.0	3.0	61.1718702316	0.0	0.706176161766	-0.707894384861	-0.014166360721	14.7733321486	22.4575092492	54.4318504333	-17.7353000641	-10.9179992676	0.789772450924	2.0	11.0399999619	70.664100647	0.0	11.0399999619	0.156896334613	1.0	1
1.0	60.3298988342	1.0	0.0	172.160995483	1.0	0.0	0.0	10.0	0.0	0.0	0.0	0.0	0.0	0.0	0.0	0.0	2.0	0.0	0.0	0.0	0.0	0.0	7.92568043658e-07	0.0	1
1.0	1269.87072754	3.0	2.0	797.531433105	8.0	3.0	33.75	1.95302844	-0.754535496235	0.265474647284	-0.600166082382	2.04986586713	33.8031771459	52.4084510803	-42.7028503418	-22.8251495361	0.773591279984	4.0	10.1599998474	40.0781805515	0.0	15.8599996567	0.549030038313	1.0	1
1.0	918.191650391	1.0	1.0	772.516235352	5.0	4.0	92.8124910593	0.0	0.00146278308239	0.998946905136	0.0458589941263	8.40073506	9.14234425605	50.726852417	-21.3936004639	6.92370986938	0.50359505415	7.0	8.38000011444	120.234439611	0.0	15.8599996567	0.334642386083	1.0	1
1.0	60.3298988342	1.0	1.0	447.323730469	3.0	1.0	1.0546900034	1.2340178154	0.0245874039829	-0.634685873985	0.772378981113	0.0	0.0	55.8376502991	-16.0720996857	2.21490502357	2.0	1.0	10.1599998474	31.6406002045	0.0	10.1599998474	0.00527340113391	1.0	1
1.0	557.683532715	1.0	1.0	450.266571045	5.0	3.0	68.5547008514	2.77783190251	-0.232850432396	-0.8622148633	0.4498513937	13.2663720665	11.5444776139	52.9692497253	-29.7866001129	11.2500648499	0.11649684608	3.0	8.57999992371	26.3672397137	0.0	10.2600002289	0.136256736347	1.0	1
1.0	314.214691162	1.0	0.0	372.275878906	1.0	0.0	0.0	10.0	0.0	0.0	0.0	0.0	0.0	0.0	0.0	0.0	2.0	0.0	0.0	0.0	0.0	0.0	7.92568043658e-07	0.0	1
1.0	502.06048584	3.0	2.0	906.782653809	7.0	4.0	63.2811994553	0.0	-0.997515618801	-0.0343107245862	-0.0615247748792	1.11336551816	26.6501735546	54.1866989136	-42.1817016602	-10.7021503448	0.212887629867	4.0	7.15999984741	85.429690361	1.0	9.30000019073	0.437662250098	1.0	1
1.0	1150.98193359	4.0	4.0	1176.5970459	6.0	4.0	216.210908413	0.0	-0.997515618801	-0.0343107245862	-0.0615247748792	1.11336551816	27.9577219442	54.1866989136	-42.1817016602	-10.7021503448	0.149271845818	12.0	4.71999979019	283.711021423	2.0	7.80000019073	0.696036232888	1.0	1
1.0	1398.59594727	1.0	1.0	985.335876465	5.0	3.0	102.304650545	0.0	-0.0368021912873	0.997775018215	-0.0555930733681	0.0	23.1557294244	56.6230010986	-40.1741027832	-25.560300827	0.707597374916	2.0	6.21999979019	50.6250019073	0.0	8.07999992371	0.545336014158	1.0	1
1.0	177.599609375	3.0	2.0	442.29107666	2.0	1.0	83.3202586174	0.0	-0.997515618801	-0.0343107245862	-0.0615247748792	1.11336551816	17.1210291359	54.1866989136	-42.1817016602	-10.7021503448	0.149271845818	2.0	7.80000019073	52.7343997955	1.0	7.80000019073	0.479296131319	1.0	1
1.0	86.4230041504	1.0	0.0	309.792999268	1.0	0.0	0.0	10.0	0.0	0.0	0.0	0.0	0.0	0.0	0.0	0.0	2.0	0.0	0.0	0.0	0.0	0.0	7.92568043658e-07	0.0	1
1.0	2562.10864258	2.0	2.0	1191.30847168	6.0	3.0	171.91399765	0.0	-0.998021125793	0.031362939626	-0.0544998049736	19.49579125	25.2502248018	57.789100647	-23.6324005127	3.15519499779	0.165490269661	1.0	3.75999999046	9.49219036102	1.0	7.61999988556	0.995912875622	1.0	1
1.0	1189.97888184	5.0	3.0	565.073913574	4.0	3.0	33.749989152	2.59554614647	-0.757014036179	-0.636694252491	0.146799877286	0.0	35.877728827	54.4444503784	-35.3428497314	-20.6764984131	0.0482665002346	4.0	6.78000020981	22.1484405994	2.0	9.02000045776	0.834368239873	1.0	1
1.0	3007.51904297	2.0	2.0	1915.93151855	6.0	4.0	182.460898757	0.0	-0.998018622398	0.0313628613949	-0.0545473732054	3.40405062443	38.1040157415	52.2444992065	-39.5402984619	-21.4723510742	0.532958626747	15.0	3.75999999046	272.109273911	5.0	9.61999988556	0.998044533587	1.0	1
1.0	1450.57678223	4.0	3.0	1398.7220459	4.0	1.0	21.0937800407	0.0	0.998021125793	-0.031362939626	0.0544995740056	1.64896872399	5.49818737332	56.10779953	-15.0415000916	1.71200501919	0.323055744171	9.0	4.34000015259	186.679563522	3.0	9.61999988556	0.775345584861	1.0	1
1.0	1450.57678223	4.0	3.0	1398.7220459	4.0	1.0	21.0937800407	0.0	0.998021125793	-0.031362939626	0.0544995740056	1.64896872399	5.49818737332	56.10779953	-15.0415000916	1.71200501919	0.323055744171	9.0	4.34000015259	186.679563522	3.0	9.61999988556	0.775345584861	1.0	1
1.0	1187.3190918	3.0	2.0	402.863922119	4.0	3.0	99.1405985355	0.0	0.998021125793	-0.031362939626	0.0544995740056	10.1098670427	5.49818737332	56.10779953	-15.0415000916	1.71200501919	0.557289659977	6.0	3.75999999046	60.1172413826	3.0	9.02000045776	0.631288087081	1.0	1
1.0	323.584991455	1.0	0.0	238.243408203	1.0	0.0	0.0	10.0	0.0	0.0	0.0	0.0	0.0	0.0	0.0	0.0	2.0	0.0	0.0	0.0	0.0	0.0	7.92568043658e-07	0.0	1
1.0	2161.97241211	2.0	2.0	897.857727051	7.0	4.0	72.7734012604	0.0	0.0454185381532	-0.99335205555	-0.105777680874	3.20408534098	17.6532336334	56.388999939	-38.3611984253	-3.75784492493	0.930847048759	4.0	5.07999992371	60.117180109	0.0	10.2600002289	0.348615640829	1.0	1
1.0	1402.79296875	1.0	1.0	832.075500488	5.0	2.0	42.1874008179	0.0	-0.998789429665	-0.032470792532	-0.0369508266449	2.17288448009	1.83179093271	56.251701355	-20.2585487366	-4.81033992767	0.419049322605	3.0	9.31999969482	163.47659874	0.0	22.9599990845	0.207863192968	1.0	1
1.0	401.814300537	2.0	2.0	1189.44018555	6.0	2.0	17.9297008514	2.44627882904	-0.157596096396	-0.807565510273	0.568332195282	5.0461782441	26.9244231238	58.889251709	-37.5301971436	-25.3572998047	0.474076956511	1.0	19.0599994659	49.5703010559	0.0	19.0599994659	0.146592198524	1.0	1
1.0	437.37310791	3.0	1.0	328.918212891	3.0	1.0	17.9297008514	2.44627882904	-0.157596096396	-0.807565510273	0.568332195282	5.0461782441	17.6949460158	58.889251709	-37.5301971436	-25.3572998047	0.474076956511	0.0	0.0	0.0	0.0	0.0	0.311024740953	1.0	1
1.0	355.736999512	1.0	0.0	194.675003052	1.0	0.0	0.0	10.0	0.0	0.0	0.0	0.0	0.0	0.0	0.0	0.0	2.0	0.0	0.0	0.0	0.0	0.0	7.92568043658e-07	0.0	1
1.0	1008.38842773	3.0	2.0	392.151123047	5.0	3.0	126.562590241	0.0	0.00954358838499	-0.996486842632	0.0832045823336	28.3890416024	27.3038727078	53.9228515625	-13.1555500031	1.01028251648	0.82004570961	3.0	1.77999997139	41.13288939	3.0	5.82000017166	0.981276528339	1.0	1
1.0	1071.41223145	3.0	2.0	911.752319336	5.0	3.0	150.82030201	0.0	0.991641998291	0.0	-0.129019930959	4.59718287907	0.0	52.1026496887	-18.3118991852	7.21308994293	0.540780842304	2.0	6.53999996185	50.6250009537	0.0	7.63999986649	0.339317041313	1.0	1
1.0	1661.03967285	3.0	2.0	1425.74914551	7.0	3.0	290.039090753	0.0	-0.9916421175	0.0	0.129019677639	22.1831414898	4.72463016576	55.2713508606	-13.7657003403	-0.495715975761	0.406992286444	17.0	1.77999997139	262.617189407	5.0	11.779999733	0.967143510932	1.0	1
1.0	232.800811768	1.0	0.0	165.270599365	1.0	0.0	0.0	10.0	0.0	0.0	0.0	0.0	0.0	0.0	0.0	0.0	2.0	0.0	0.0	0.0	0.0	0.0	7.92568043658e-07	0.0	1
1.0	904.546020508	3.0	1.0	325.209777832	3.0	1.0	0.0	10.0	0.0	0.0	0.0	0.0	0.0	0.0	0.0	0.0	2.0	1.0	11.1999998093	18.9843997955	1.0	11.1999998093	0.992398493538	1.0	1
1.0	2933.99902344	3.0	2.0	1482.10375977	10.0	3.0	76.99214077	0.0	-0.694584548473	0.708338797092	0.125731542706	23.5574664095	0.0	54.6779022217	-16.6078987122	-0.0984878242016	2.0	12.0	0.939999997616	315.351383448	4.0	26.5599994659	0.982778470893	1.0	1
1.0	2838.03515625	3.0	2.0	1663.36816406	10.0	3.0	68.55464077	0.0	-0.694584548473	0.708338797092	0.125731542706	24.8875253092	0.0	54.6779022217	-16.6078987122	-0.0984878242016	2.0	14.0	6.78000020981	359.648295164	6.0	26.5599994659	0.976688565905	1.0	1
1.0	1526.53198242	2.0	2.0	735.720703125	6.0	2.0	44.2969017029	1.67705098312	-0.0744546428323	-0.97507673502	-0.209001764655	30.6067128915	11.4993922861	58.6373519897	-19.7043495178	-8.18068504333	0.933000087738	5.0	8.46000003815	109.687480211	3.0	21.6800003052	0.217932520464	1.0	1
1.0	1178.21948242	3.0	2.0	1096.47290039	3.0	1.0	64.3359193802	0.0	0.07442189008	0.975077867508	0.20900836587	19.3366051021	10.272911331	52.6996994019	-19.0218505859	2.34745502472	0.511860370636	8.0	4.51999998093	259.452999115	9.0	26.5599994659	0.977169543625	1.0	1
1.0	62.198600769	1.0	1.0	335.872802734	2.0	1.0	8.4375	0.0	-0.997638523579	0.0654148757458	-0.0209360234439	0.0	16.4163324674	55.5219993591	-22.3045501709	-7.3267698288	0.876663804054	2.0	9.42000007629	30.5859103203	0.0	10.3599996567	0.0421624895764	1.0	1
1.0	1087.58813477	2.0	0.0	165.270599365	1.0	0.0	0.0	10.0	0.0	0.0	0.0	0.0	0.0	0.0	0.0	0.0	2.0	0.0	0.0	0.0	0.0	0.0	7.92568043658e-07	1.0	1
1.0	1499.87548828	4.0	3.0	129.728500366	2.0	2.0	21.0937502384	0.0	-0.694584548473	0.708338797092	0.125731542706	3.87366979594	0.0	54.6779022217	-16.6078987122	-0.0984878242016	2.0	9.0	4.03999996185	151.874989271	3.0	10.3599996567	0.978102336677	1.0	1
1.0	1856.86425781	4.0	3.0	1548.16308594	4.0	4.0	148.710980058	0.0	-0.0911933258176	0.983983874321	-0.153165116906	1.4600105813	27.7645016831	49.4355506897	-44.9813499451	-27.1364002228	0.533435046673	8.0	9.5	175.078191757	0.0	22.7800006866	0.0946379344382	1.0	1
1.0	379.132995605	1.0	0.0	235.496994019	1.0	0.0	0.0	10.0	0.0	0.0	0.0	0.0	0.0	0.0	0.0	0.0	2.0	0.0	0.0	0.0	0.0	0.0	7.92568043658e-07	0.0	1
1.0	1965.81213379	2.0	1.0	1777.08105469	3.0	2.0	45.3515987396	0.0	-0.0302011910826	-0.980890274048	-0.192203253508	31.9997520437	26.5501809669	48.814201355	-45.0642471313	-21.4894504547	0.0663353726268	1.0	8.07999992371	16.875	0.0	8.07999992371	0.131077573665	1.0	1
1.0	1758.70874023	3.0	3.0	1286.04504395	3.0	3.0	113.906239033	0.0	0.998940765858	-0.0307193119079	0.0342599339783	3.0796796097	3.28924893465	54.2899017334	-17.5644493103	-2.70317983627	0.542622804642	5.0	8.07999992371	242.578098297	0.0	27.5400009155	0.581319166365	1.0	1
1.0	427.568481445	1.0	1.0	1641.79492188	4.0	2.0	45.3515381813	0.0	0.998940765858	-0.0307193119079	0.0342599339783	3.0796796097	3.28924893465	54.2899017334	-17.5644493103	-2.70317983627	0.542622804642	1.0	11.9399995804	32.6953010559	0.0	11.9399995804	0.15689653228	1.0	1
1.0	1478.1171875	2.0	2.0	1286.04504395	3.0	3.0	59.0625386238	0.0	-0.0302011910826	-0.980890274048	-0.192203253508	1.02653279951	26.3347230697	48.814201355	-45.0642471313	-21.4894504547	0.0663353726268	4.0	8.07999992371	195.117198944	0.0	27.5400009155	0.0684475043556	1.0	1
1.0	63.4300994873	1.0	0.0	225.873001099	1.0	0.0	0.0	10.0	0.0	0.0	0.0	0.0	0.0	0.0	0.0	0.0	2.0	0.0	0.0	0.0	0.0	0.0	7.92568043658e-07	0.0	1
1.0	2492.33666992	4.0	3.0	3012.15454102	6.0	4.0	112.851610661	0.0	0.999698400497	0.0	-0.0245594605803	0.0	39.7621836674	55.1505508423	-19.731300354	5.42574977875	0.27147603035	14.0	2.40000009537	348.046804547	4.0	11.9399995804	0.993299168591	1.0	1
1.0	994.768676758	5.0	2.0	1755.93066406	8.0	1.0	37.9687995911	0.0	0.999698102474	0.0	-0.0245708040893	2.79343974804	7.2194018049	56.1096496582	-21.7898006439	0.39270401001	0.663227975368	3.0	4.90000009537	92.8125	0.0	22.5400009155	0.499348606093	1.0	1
1.0	2517.08984375	3.0	2.0	1670.84057617	7.0	3.0	114.960900307	0.0	-0.00548359612003	-0.967637836933	-0.252283483744	12.2052517453	23.9522853836	53.6737518311	-25.8497009277	-37.8774490356	0.43870818615	4.0	5.53999996185	81.2109022141	1.0	11.9399995804	0.984325794883	1.0	1
1.0	1164.94702148	1.0	1.0	991.675109863	5.0	1.0	7.38281011581	0.0	0.999698400497	0.0	-0.0245594605803	0.0	2.09497922427	55.1505508423	-19.731300354	5.42574977875	0.27147603035	8.0	2.40000009537	243.63274157	2.0	7.05999994278	0.362436126991	1.0	1
1.0	303.226989746	1.0	1.0	977.751586914	4.0	1.0	7.38281011581	0.0	0.999698400497	0.0	-0.0245594605803	0.0	2.09497922427	55.1505508423	-19.731300354	5.42574977875	0.27147603035	1.0	6.28000020981	32.6953010559	1.0	6.28000020981	0.197750632242	1.0	1
1.0	943.716125488	1.0	1.0	225.873001099	1.0	1.0	36.914100647	2.69191937476	-0.398466587067	-0.845271229744	0.356007009745	16.9948345639	1.8048207948	58.2460021973	-36.0786514282	0.340149998665	0.81208050251	0.0	0.0	0.0	0.0	0.0	0.291848845179	1.0	1
1.0	194.154998779	1.0	0.0	77.3462982178	1.0	0.0	0.0	10.0	0.0	0.0	0.0	0.0	0.0	0.0	0.0	0.0	2.0	0.0	0.0	0.0	0.0	0.0	7.92568043658e-07	0.0	1
1.0	1068.64208984	5.0	4.0	1717.40283203	6.0	3.0	42.1875	0.0	0.0349405817688	-0.997809648514	-0.0561691708863	11.9135911792	38.2261960628	55.8760986328	-26.1236000061	-33.240852356	0.547498583794	6.0	9.69999980927	220.429700851	0.0	25.9599990845	0.348615898444	1.0	1
1.0	672.440002441	2.0	2.0	1564.28918457	5.0	2.0	62.2265610695	0.0	-0.0348401367664	0.997819066048	0.0560659989715	3.32564699575	2.06426106031	58.6600494385	-14.1797008514	-11.0930995941	0.711465001106	5.0	4.23999977112	139.218788743	0.0	10.3400001526	0.329951207003	1.0	1
1.0	1059.17114258	3.0	1.0	863.437988281	2.0	1.0	0.0	10.0	0.0	0.0	0.0	0.0	0.0	0.0	0.0	0.0	2.0	4.0	7.48000001907	193.007898331	0.0	25.9599990845	0.649940568418	1.0	1
1.0	1531.1418457	3.0	3.0	830.288513184	4.0	3.0	105.468750954	0.0	-0.0348401367664	0.997819066048	0.0560659989715	23.8889081299	2.06426106031	58.6600494385	-14.1797008514	-11.0930995941	0.711465001106	7.0	5.69999980927	164.53117013	0.0	19.8600006104	0.732174597185	1.0	1
1.0	174.416397095	1.0	0.0	402.855987549	1.0	0.0	0.0	10.0	0.0	0.0	0.0	0.0	0.0	0.0	0.0	0.0	2.0	0.0	0.0	0.0	0.0	0.0	7.92568043658e-07	0.0	1
1.0	2003.47131348	3.0	2.0	1799.73034668	4.0	3.0	103.359429836	0.0	-0.98929643631	-0.0952396169305	-0.110552951694	5.98994174935	14.4609243103	54.4395484924	-26.5676002502	-4.25232028961	0.324489563704	8.0	8.68000030518	268.94528532	0.0	20.7800006866	0.714581929309	1.0	1
1.0	1205.47766113	1.0	1.0	94.1539993286	1.0	1.0	6.32812023163	0.0	0.98929643631	0.0952396169305	0.110552951694	12.7769221881	0.0	54.4395484924	-26.5676002502	-4.25232028961	0.724570155144	3.0	19.2800006866	157.148498535	0.0	20.7800006866	0.0316300466246	1.0	1
1.0	1546.59277344	2.0	2.0	998.650024414	7.0	5.0	158.203202248	0.0	0.132951140404	-0.990321397781	-0.0398441925645	1.50398297795	31.8365088139	51.6240005493	-45.5708999634	-12.7563991547	0.6697499156	7.0	6.67999982834	140.273393154	0.0	19.7600002289	0.67936325384	1.0	1
1.0	174.416412354	1.0	1.0	1108.23950195	6.0	3.0	68.5546712875	0.0	-0.98929643631	-0.0952396169305	-0.110552951694	5.98994174935	14.4609243103	54.4395484924	-26.5676002502	-4.25232028961	0.724570155144	3.0	8.68000030518	109.6875	0.0	19.2800006866	0.0631968744447	1.0	1
1.0	381.77142334	1.0	1.0	152.37399292	1.0	1.0	35.8593889475	2.52104541317	0.0543909408152	-0.362830787897	0.930266320705	9.04182675362	1.46323397876	61.806602478	-29.397600174	-8.34267520905	0.764011621475	0.0	0.0	0.0	0.0	0.0	-1.0	0.0	1
1.0	1594.06298828	4.0	2.0	572.656616211	6.0	3.0	88.5937310457	0.0	0.993275046349	-0.100713022053	0.0571102313697	28.0631753207	2.10900073087	49.5857009888	-18.971950531	-5.91535997391	0.958560347557	6.0	7.80000019073	143.437590599	0.0	15.1599998474	0.437662465977	1.0	1
1.0	455.446594238	2.0	1.0	251.16569519	1.0	1.0	35.8593889475	2.52104541317	0.0543909408152	-0.362830787897	0.930266320705	21.0709903256	1.46323397876	61.806602478	-29.397600174	-8.34267520905	0.764011621475	0.0	0.0	0.0	0.0	0.0	0.125891039694	1.0	1
1.0	234.421096802	1.0	1.0	147.350311279	1.0	1.0	50.625	0.0	0.993275046349	-0.100713022053	0.0571102313697	5.47725674178	2.10900073087	49.5857009888	-18.971950531	-5.91535997391	0.958560347557	5.0	7.80000019073	122.343802452	0.0	10.5200004578	0.0736942117815	1.0	1
1.0	127.257102966	1.0	1.0	406.888305664	2.0	2.0	86.4843889475	0.0	-0.993275046349	0.100713022053	-0.0571102313697	2.10900073087	5.47725674178	49.5857009888	-18.971950531	-5.91535997391	0.958560347557	5.0	7.80000019073	125.507902145	0.0	9.61999988556	0.247853952666	1.0	1
1.0	297.415893555	1.0	1.0	526.442993164	1.0	1.0	41.1327991486	2.78043524992	-0.248457238078	-0.955419540405	0.159507036209	11.4557133309	13.8030680909	62.8768997192	-25.3325996399	-8.92276573181	0.474940508604	0.0	0.0	0.0	0.0	0.0	-1.0	0.0	1
1.0	3406.76855469	3.0	2.0	1350.30151367	7.0	4.0	215.156170726	0.0	-0.00909571163356	0.988962769508	-0.147884830832	13.1329246212	14.1807328945	55.9275512695	-21.3847999573	2.4823551178	0.196630224586	10.0	3.29999995232	244.687439919	3.0	17.0200004578	0.99223708774	1.0	1
1.0	782.506896973	2.0	2.0	41.3520011902	2.0	2.0	95.9765987396	0.0	0.997917115688	0.0	-0.0645098537207	25.436230677	1.09147254344	53.6025009155	-42.8773002625	-8.5763053894	0.726075232029	2.0	5.82000017166	43.2422008514	0.0	8.0	0.267546236503	1.0	1
1.0	1911.73510742	2.0	2.0	590.061096191	2.0	2.0	86.4843701124	0.0	-0.997918069363	0.0	0.0644944310188	1.0224846634	8.65342208997	56.6144485474	-32.216999054	-30.5816001892	0.645167410374	9.0	7.73999977112	238.359271049	0.0	21.4799995422	0.964670457898	1.0	1
1.0	2834.203125	2.0	2.0	868.391235352	6.0	6.0	257.343741298	0.0	-0.99791765213	0.0	0.064501799643	22.4505424315	7.44909533442	54.339099884	-31.3833007812	-32.0032997131	0.254462212324	12.0	3.29999995232	346.992239952	3.0	17.0200004578	0.912094152552	1.0	1
1.0	779.325866699	3.0	2.0	623.46105957	2.0	1.0	83.3203487396	0.0	-0.997917115688	0.0	0.0645098537207	7.87845426822	16.0997741683	53.6025009155	-42.8773002625	-8.5763053894	0.726075232029	1.0	8.0	25.3125	0.0	8.0	0.385117682906	1.0	1
1.0	283.856994629	1.0	0.0	387.227600098	2.0	0.0	0.0	10.0	0.0	0.0	0.0	0.0	0.0	0.0	0.0	0.0	2.0	0.0	0.0	0.0	0.0	0.0	7.92568043658e-07	0.0	1
1.0	1883.63269043	3.0	3.0	1772.05761719	8.0	4.0	135.000090599	0.0	0.0274983774871	-0.995360732079	0.0922008752823	2.20045926762	22.5159801108	56.7636489868	-31.457950592	-33.9224510193	0.339527606964	3.0	7.05999994278	80.1563014984	0.0	15.3400001526	0.973858473756	1.0	1
1.0	909.0	2.0	1.0	344.567077637	3.0	1.0	4.21875	2.22220611037	-0.425816655159	-0.498135954142	0.755341470242	9.61840634095	22.6049648537	62.6375999451	-21.1710014343	-0.773784995079	0.883144557476	0.0	0.0	0.0	0.0	0.0	0.416102413592	1.0	1
1.0	1859.02075195	4.0	3.0	1097.69091797	7.0	4.0	65.3905210495	2.68975460493	-0.270530492067	-0.873348236084	0.405063092709	11.617506668	21.3397818992	58.9729003906	-37.2882003784	-3.19428491592	0.860371232033	3.0	15.720000267	92.8125	1.0	17.4200000763	0.968150473664	1.0	1
1.0	67.2725982666	1.0	0.0	39.3791007996	1.0	0.0	0.0	10.0	0.0	0.0	0.0	0.0	0.0	0.0	0.0	0.0	2.0	0.0	0.0	0.0	0.0	0.0	7.92568043658e-07	1.0	1
1.0	1017.29199219	3.0	2.0	1014.01092529	8.0	6.0	129.726471424	0.0	-0.0274984035641	0.995361626148	-0.0921905189753	9.02338507831	26.6006240657	60.2972488403	-33.4115524292	-7.72350502014	0.905993402004	7.0	3.40000009537	121.288931012	1.0	11.779999733	0.810510450276	1.0	1
1.0	687.493408203	3.0	1.0	671.084655762	5.0	3.0	73.8281011581	0.0	-0.996337771416	-0.0316311456263	-0.0794384554029	1.10022827944	25.1829754194	56.3256988525	-40.1220016479	-17.4518013	0.968074917793	1.0	11.9799995422	33.75	0.0	11.9799995422	0.709381137365	1.0	1
1.0	594.585998535	1.0	1.0	208.427993774	1.0	1.0	58.0078010559	2.29481590513	-0.0591696575284	-0.889329612255	-0.453422397375	8.53622749642	2.08354592828	59.309299469	-19.5447502136	-5.36528968811	0.754249334335	0.0	0.0	0.0	0.0	0.0	-1.0	0.0	1
1.0	594.585998535	1.0	0.0	32.3144989014	1.0	0.0	0.0	10.0	0.0	0.0	0.0	0.0	0.0	0.0	0.0	0.0	2.0	0.0	0.0	0.0	0.0	0.0	7.92568043658e-07	1.0	1
1.0	2098.82470703	2.0	2.0	366.768493652	2.0	2.0	129.726602793	0.0	0.035401660949	0.998044669628	-0.0515129864216	8.37876784559	14.0854933548	50.4952011108	-41.3759994507	-28.338300705	0.237352341413	2.0	13.7600002289	65.3905982971	0.0	13.7600002289	0.13107732587	1.0	1
1.0	2234.5456543	2.0	2.0	433.013183594	2.0	2.0	181.406222582	0.0	0.035401660949	0.998044669628	-0.0515129864216	8.37876784559	14.0854933548	50.4952011108	-41.3759994507	-28.338300705	0.237352341413	4.0	5.07999992371	116.01559639	0.0	13.7600002289	0.277309850686	1.0	1
1.0	234.986999512	1.0	0.0	219.92300415	1.0	0.0	0.0	10.0	0.0	0.0	0.0	0.0	0.0	0.0	0.0	0.0	2.0	0.0	0.0	0.0	0.0	0.0	7.92568043658e-07	0.0	1
1.0	447.378723145	3.0	1.0	564.87121582	4.0	1.0	4.21875	0.0	0.99919205904	0.0	0.040190178901	11.6008871068	30.3037076488	55.554901123	-21.4232006073	-3.61417007446	0.996943891048	1.0	18.2999992371	52.7344017029	0.0	18.2999992371	0.0526855222799	1.0	1
1.0	259.087890625	1.0	1.0	680.858764648	3.0	1.0	14.7656598091	0.0	-0.99919205904	0.0	-0.040190320462	0.987863565469	4.82821092251	53.1194992065	-17.1086997986	2.33910989761	0.689299821854	6.0	8.65999984741	92.8124911785	0.0	23.3799991608	0.0158189808662	1.0	1
1.0	197.328491211	2.0	2.0	399.176025391	2.0	1.0	7.38281011581	0.0	0.99919205904	0.0	0.040190178901	29.7077069388	2.5968299871	55.554901123	-21.4232006073	-3.61417007446	0.996943891048	1.0	18.2999992371	52.7344017029	0.0	18.2999992371	0.0789371781827	1.0	1
1.0	1223.13537598	2.0	2.0	998.692260742	5.0	3.0	93.8671712875	0.0	-0.0103256069124	-0.966915488243	0.254887849092	26.5228368857	24.0816748377	56.3973007202	-26.5051002502	-10.8670005798	0.695858418941	13.0	3.66000008583	367.031286955	1.0	3.66000008583	0.385117952972	1.0	1
1.0	414.229003906	1.0	1.0	297.618011475	1.0	1.0	26.3672208786	1.78837638925	-0.297879874706	-0.795033991337	0.528383016586	2.35035791309	1.47164817731	53.8968505859	-20.5569496155	2.91840004921	0.618255674839	0.0	0.0	0.0	0.0	0.0	-1.0	0.0	1
1.0	938.107788086	3.0	2.0	1152.18359375	5.0	3.0	113.906199455	0.0	0.999248325825	0.0	-0.0387652516365	28.0535550889	17.2447855711	57.9753990173	-22.5436000824	-11.0839996338	0.945450723171	2.0	15.0399999619	105.468700409	0.0	19.2199993134	0.0894090010337	1.0	1
1.0	896.335998535	2.0	2.0	711.847045898	2.0	2.0	69.6093780994	1.15144690835	0.75157648325	-0.656933486462	0.0597594715655	14.6766686292	5.97487178649	52.8331985474	-21.3374500275	5.29373502731	0.54749840498	2.0	10.1999998093	10.5468702316	0.0	10.9200000763	0.131077573665	1.0	1
1.0	1359.2980957	1.0	1.0	569.129211426	3.0	2.0	54.8438215256	1.78837638925	-0.297879874706	-0.795033991337	0.528383016586	2.35035791309	1.47164817731	53.8968505859	-20.5569496155	2.91840004921	0.618255674839	0.0	0.0	0.0	0.0	0.0	0.141428569096	1.0	1
1.0	250.486999512	1.0	0.0	551.397888184	2.0	0.0	0.0	10.0	0.0	0.0	0.0	0.0	0.0	0.0	0.0	0.0	2.0	0.0	0.0	0.0	0.0	0.0	7.92568043658e-07	0.0	1
1.0	2018.53588867	3.0	2.0	1559.85510254	9.0	3.0	155.038890839	0.0	0.0768937468529	-0.992012858391	-0.0999897122383	2.27209989125	28.4625898076	53.0025482178	-34.8599472046	-32.6506004333	0.992462575436	6.0	2.72000002861	117.070410252	3.0	21.5599994659	0.989692803659	1.0	1
1.0	834.414794922	4.0	1.0	27.6511993408	1.0	1.0	0.0	10.0	0.0	0.0	0.0	0.0	0.0	0.0	0.0	0.0	2.0	1.0	18.7399997711	42.1875	0.0	18.7399997711	0.4419157711	1.0	1
1.0	1189.00048828	3.0	1.0	987.311401367	8.0	1.0	0.0	10.0	0.0	0.0	0.0	0.0	0.0	0.0	0.0	0.0	2.0	2.0	16.0200004578	40.0781011581	0.0	18.7999992371	0.997289320403	1.0	1
1.0	1611.90136719	4.0	3.0	974.299560547	3.0	3.0	193.007680893	0.0	-0.0768937468529	0.992012858391	0.0999897122383	9.08648244416	19.8900036112	53.0025482178	-34.8599472046	-32.6506004333	0.992462575436	4.0	3.40000009537	123.398497581	4.0	14.4600000381	0.90082194538	1.0	1
1.0	1860.76245117	4.0	4.0	688.027648926	5.0	5.0	219.374979973	0.0	0.0768937468529	-0.992012858391	-0.0999897122383	0.0	11.494653537	47.9231491089	-41.3789520264	-30.3987998962	0.650531291962	5.0	2.72000002861	119.179708958	3.0	14.4600000381	0.972462380933	1.0	1
1.0	886.464294434	3.0	3.0	914.115966797	5.0	3.0	109.687520027	0.0	0.99797809124	0.0618531703949	0.0146260624751	22.9541992601	24.5893048119	56.8073997498	-10.4345998764	-0.583701968193	0.311800658703	3.0	4.51999998093	107.578203201	2.0	26.2199993134	0.874053434199	1.0	1
1.0	1942.08935547	3.0	3.0	974.299560547	4.0	4.0	251.015580177	0.0	-0.0768937245011	0.992012619972	0.0999915972352	13.7542141092	14.834527357	49.987953186	-39.1457519531	-31.6328010559	0.845460116863	3.0	5.07999992371	105.468698502	2.0	14.4600000381	0.967143492479	1.0	1
1.0	819.776000977	3.0	1.0	795.379516602	3.0	1.0	31.6405897141	0.0	0.0768860206008	-0.992014229298	-0.0999815762043	4.65359708237	9.27876880503	55.9061508179	-29.9183006287	-29.1692008972	0.942824423313	1.0	2.72000002861	7.38281011581	1.0	2.72000002861	0.380617444099	1.0	1
1.0	200.065002441	1.0	0.0	452.178009033	1.0	0.0	0.0	10.0	0.0	0.0	0.0	0.0	0.0	0.0	0.0	0.0	2.0	0.0	0.0	0.0	0.0	0.0	7.92568043658e-07	1.0	1
1.0	364.216705322	1.0	0.0	318.688995361	1.0	0.0	0.0	10.0	0.0	0.0	0.0	0.0	0.0	0.0	0.0	0.0	2.0	0.0	0.0	0.0	0.0	0.0	7.92568043658e-07	0.0	1
1.0	1819.26208496	3.0	2.0	1433.19128418	4.0	2.0	79.1015601158	0.0	-0.996801555157	-0.0703429356217	-0.0379279665649	2.15024648629	1.55147123962	60.5079498291	-15.5843505859	-1.69453501701	0.314855396748	1.0	7.15999984741	20.039100647	0.0	7.15999984741	0.805012944311	1.0	1
1.0	1602.55334473	3.0	2.0	1119.96484375	3.0	2.0	95.9765901566	1.83853199842	-0.511463224888	-0.856806337833	0.0654843375087	38.3886153829	31.5832407874	59.1566505432	-41.5692520142	-18.7424507141	0.604112863541	0.0	0.0	0.0	0.0	0.0	0.41610192666	1.0	1
1.0	1003.41674805	2.0	1.0	1252.90405273	4.0	1.0	0.0	10.0	0.0	0.0	0.0	0.0	0.0	0.0	0.0	0.0	2.0	3.0	13.6000003815	81.2109398842	0.0	23.7199993134	0.277309949173	1.0	1
1.0	531.755981445	1.0	1.0	340.542510986	2.0	1.0	0.0	10.0	0.0	0.0	0.0	0.0	0.0	0.0	0.0	0.0	2.0	2.0	13.6000003815	44.2968997955	0.0	15.5200004578	0.0736942574279	1.0	1
1.0	229.595001221	1.0	1.0	149.874298096	1.0	1.0	31.6406002045	2.08829596415	-0.416061520576	-0.814977049828	0.403367459774	10.1967072801	3.08988294806	63.7779502869	-24.782749176	-12.8708000183	0.618594765663	0.0	0.0	0.0	0.0	0.0	-1.0	0.0	1
1.0	919.973999023	2.0	1.0	940.700317383	8.0	2.0	60.1171900034	0.0	0.997548222542	0.0	-0.0699828192592	3.07977808215	40.2911386597	58.5938987732	-15.7182998657	-0.779419004917	0.772742092609	3.0	2.72000002861	27.4218803644	0.0	3.29999995232	0.217932464258	1.0	1
1.0	2209.84985352	3.0	2.0	661.679321289	4.0	3.0	109.687580705	0.0	0.997548222542	0.0	-0.0699828192592	3.07977808215	2.68155047105	58.5938987732	-15.7182998657	-0.779419004917	0.772742092609	7.0	2.81999993324	216.210876465	1.0	4.59999990463	0.69330764	1.0	1
1.0	460.783996582	1.0	1.0	149.874298096	1.0	1.0	31.6406002045	2.08829596415	-0.416061520576	-0.814977049828	0.403367459774	10.1967072801	3.08988294806	63.7779502869	-24.782749176	-12.8708000183	0.618594765663	0.0	0.0	0.0	0.0	0.0	0.0789369317724	1.0	1
1.0	323.66519165	3.0	3.0	625.007995605	3.0	3.0	100.195190072	0.0	-0.997548222542	0.0	0.0699828192592	28.5523009006	0.0	58.5938987732	-15.7182998657	-0.779419004917	0.529256403446	1.0	3.29999995232	9.49219036102	0.0	3.29999995232	0.291847874585	1.0	1
1.0	241.227996826	1.0	1.0	286.559997559	1.0	1.0	41.1328010559	2.49011440811	-0.343851089478	-0.818446993828	0.460337787867	11.4023430809	0.0	63.5050506592	-21.7049999237	-12.4435997009	0.898322939873	0.0	0.0	0.0	0.0	0.0	-1.0	0.0	1
1.0	2324.85424805	4.0	3.0	1371.27685547	7.0	5.0	151.874972343	0.0	-0.0341062694788	-0.992065489292	-0.121007539332	24.9061127662	2.5281149205	55.6321029663	-21.5055007935	4.23477458954	0.199851751328	14.0	3.55999994278	324.843795538	0.0	16.4599990845	0.966454770447	1.0	1
1.0	1644.88256836	2.0	2.0	1123.57324219	8.0	5.0	195.117099762	0.0	0.999492108822	-0.0318638905883	-0.000567970215343	35.7098461945	0.0	61.0872497559	-10.2091503143	-3.71140003204	0.382224053144	10.0	3.55999994278	254.179715633	0.0	16.4599990845	0.40734341965	1.0	1
1.0	1384.22802734	3.0	2.0	406.364196777	3.0	3.0	54.8438799381	0.0	0.999492108822	-0.0318638905883	-0.000567970215343	9.31818764088	0.0	61.0872497559	-10.2091503143	-3.71140003204	0.382224053144	6.0	0.939999997616	67.5000596046	2.0	0.939999997616	0.339317660504	1.0	1
1.0	1173.76013184	2.0	2.0	877.487976074	2.0	1.0	76.9921810627	0.0	0.999494850636	-0.0317758396268	-0.000531572382897	28.6924228143	19.2923403705	56.914352417	-32.9139022827	-21.1707000732	0.070495724678	3.0	0.939999997616	90.7031923532	1.0	0.939999997616	0.624902441518	1.0	1
1.0	1183.47363281	2.0	2.0	508.360595703	3.0	2.0	74.8828010559	0.0	0.999492108822	-0.0318638905883	-0.000567970215343	0.0	0.0	61.0872497559	-10.2091503143	-3.71140003204	0.382224053144	4.0	5.07999992371	110.742202759	0.0	16.4599990845	0.222949731058	1.0	1
1.0	305.902008057	1.0	0.0	276.986297607	1.0	0.0	0.0	10.0	0.0	0.0	0.0	0.0	0.0	0.0	0.0	0.0	2.0	0.0	0.0	0.0	0.0	0.0	7.92568043658e-07	0.0	1
1.0	1879.54650879	2.0	2.0	942.057312012	9.0	4.0	164.531232834	0.0	0.00740785570815	0.98024469614	-0.19764958322	2.30157923178	29.960256063	50.5260505676	-36.5030975342	-32.8457489014	0.212089642882	12.0	6.01999998093	316.406248212	3.0	9.84000015259	0.989474182699	1.0	1
1.0	914.66192627	2.0	1.0	564.624511719	7.0	1.0	0.0	10.0	0.0	0.0	0.0	0.0	0.0	0.0	0.0	0.0	2.0	1.0	5.76000022888	2.10938000679	0.0	5.76000022888	0.151748335913	1.0	1
1.0	3002.70898438	2.0	2.0	1649.7409668	8.0	4.0	198.281252027	1.2340178154	0.651354730129	-0.137088403106	-0.74628663063	18.7084109072	45.4229419164	58.4179992676	-17.9834518433	5.04156017303	0.0971850454807	0.0	0.0	0.0	0.0	0.0	0.976197580711	1.0	1
1.0	1299.70214844	3.0	3.0	937.491638184	4.0	4.0	214.101501107	0.0	0.00740705663338	0.980240702629	-0.197669759393	27.9702120777	0.0	61.3863487244	-11.3831501007	-1.08898901939	0.761407256126	10.0	6.96000003815	343.828100204	2.0	13.3599996567	0.667840730359	1.0	1
1.0	340.905700684	1.0	1.0	884.22454834	4.0	1.0	23.2031002045	2.57470967036	-0.159867018461	-0.96871227026	0.189839556813	7.83885131089	24.9653067381	63.192150116	-17.3090000153	-5.43279504776	0.772400975227	0.0	0.0	0.0	0.0	0.0	0.267545684229	1.0	1
1.0	114.142997742	1.0	1.0	448.960113525	2.0	1.0	33.75	2.57419309473	-0.464217931032	0.158166974783	0.871484339237	2.0249135882	5.40966600752	57.2264480591	-30.8853988647	7.6038351059	0.686399757862	0.0	0.0	0.0	0.0	0.0	0.970383562786	1.0	1
1.0	1741.05493164	4.0	4.0	978.581481934	4.0	4.0	252.070232034	0.0	0.999348163605	0.0	0.0361008569598	19.3483498671	0.0	60.8431015015	-10.8868999481	-1.20881998539	0.922096848488	11.0	5.76000022888	315.351470828	3.0	13.3599996567	0.901811303651	1.0	1
1.0	329.955993652	1.0	1.0	194.248062134	3.0	1.0	5.12367010117	2.8649048411	-0.169636547565	-0.972351133823	-0.160489052534	15.4512868006	24.647063155	59.2286529541	-25.4813499451	-15.1674003601	0.637505471706	0.0	0.0	0.0	0.0	0.0	-1.0	0.0	2
1.0	1585.9152832	3.0	3.0	1786.81689453	8.0	5.0	178.59658277	0.0	-0.058462601155	-0.987315177917	0.147617176175	26.4749579958	34.9206323185	52.5821990967	-20.3472995758	-3.66188001633	0.522282063961	11.0	5.19999980927	216.658207655	2.0	8.93999958038	0.978685323463	1.0	2
1.0	1579.26416016	2.0	2.0	1279.90808105	9.0	6.0	116.380493999	0.0	0.058462601155	0.987315177917	-0.147617176175	18.6288698004	26.4749579958	52.5821990967	-20.3472995758	-3.66188001633	0.522282063961	11.0	5.17999982834	202.751098275	3.0	10.779999733	0.918188601725	1.0	2
1.0	850.168029785	1.0	1.0	1327.80578613	7.0	3.0	76.1230711937	0.0	-0.058462601155	-0.987315177917	0.147617176175	26.4749579958	18.6288698004	52.5821990967	-20.3472995758	-3.66188001633	0.522282063961	8.0	5.19999980927	172.740996838	0.0	23.8199996948	0.356871193974	1.0	2
1.0	686.520996094	1.0	1.0	1090.98193359	7.0	2.0	5.12367010117	2.8649048411	-0.169636547565	-0.972351133823	-0.160489052534	17.0861009294	31.5765999601	59.2286529541	-25.4813499451	-15.1674003601	0.637505471706	5.0	8.15999984741	143.462899208	0.0	26.3400001526	0.0182968078891	1.0	2
1.0	923.343994141	1.0	1.0	194.248062134	3.0	3.0	45.3810706139	2.40417966084	0.518061876297	-0.012732045725	-0.855248332024	26.3161461993	14.5012201256	55.4030990601	-37.2496490479	-4.28873491287	0.427959829569	0.0	0.0	0.0	0.0	0.0	0.216123293998	1.0	2
1.0	365.425994873	1.0	1.0	150.782592773	1.0	1.0	50.625	1.89390865203	-0.520435333252	-0.686251521111	0.5081397295	10.8592545098	6.11716879188	59.2865982056	-35.785900116	-2.5008699894	0.790947318077	0.0	0.0	0.0	0.0	0.0	-1.0	0.0	2
1.0	361.878479004	3.0	1.0	794.713317871	8.0	1.0	9.49219036102	0.0	-1.0	0.0	0.0	3.90885765013	30.5394042575	58.7375488281	-19.6366004944	-6.65124988556	0.97220659256	1.0	7.34000015259	15.8203001022	0.0	7.34000015259	0.291848747029	1.0	2
1.0	1165.46130371	2.0	2.0	450.574005127	5.0	3.0	60.117190361	0.0	-1.0	0.0	0.0	8.56303415233	7.95350774957	58.7375488281	-19.6366004944	-6.65124988556	0.97220659256	4.0	6.42000007629	68.5546394587	1.0	6.42000007629	0.212903459512	1.0	2
1.0	580.070007324	1.0	1.0	516.208557129	2.0	1.0	0.0	10.0	0.0	0.0	0.0	0.0	0.0	0.0	0.0	0.0	2.0	1.0	25.7399997711	63.2812004089	0.0	25.7399997711	0.247853952666	1.0	2
1.0	624.417907715	2.0	2.0	721.98248291	4.0	1.0	0.0	10.0	0.0	0.0	0.0	0.0	0.0	0.0	0.0	0.0	2.0	2.0	6.42000007629	67.4999504089	1.0	6.42000007629	0.247853952666	1.0	2
1.0	275.54901123	1.0	1.0	210.469589233	1.0	1.0	27.4731006622	3.21987584248	-0.0546525791287	-0.596261441708	0.800927877426	1.74391280477	3.46153622652	55.9386978149	-33.9814491272	-14.3854446411	0.779248118401	0.0	0.0	0.0	0.0	0.0	-1.0	0.0	2
1.0	576.022033691	2.0	2.0	206.315597534	3.0	2.0	53.1738014221	1.92383729574	0.192902073264	0.0416067354381	-0.980335474014	19.3431291866	0.0	55.2858505249	-35.8638496399	-4.43672990799	0.527444779873	1.0	14.3999996185	33.6767997742	0.0	14.3999996185	0.171114930098	1.0	2
1.0	857.109924316	3.0	2.0	249.24029541	3.0	2.0	56.718742907	0.0	0.00164577644318	0.998876333237	0.0473651699722	33.5705643099	10.0793781773	53.4549026489	-42.7432479858	-13.9953994751	0.940628290176	3.0	5.0	54.9463119507	2.0	8.31999969482	0.455689876598	1.0	2
1.0	275.54901123	1.0	0.0	142.620895386	1.0	0.0	0.0	10.0	0.0	0.0	0.0	0.0	0.0	0.0	0.0	0.0	2.0	0.0	0.0	0.0	0.0	0.0	7.92568043658e-07	1.0	2
1.0	2279.1652832	3.0	2.0	229.854888916	3.0	1.0	37.2216305733	0.0	0.00164969777688	0.998876333237	0.0473640039563	37.8486268534	18.8796219377	47.1152992249	-46.1966514587	-23.9421005249	0.556565284729	2.0	7.55999994278	34.5628995895	0.0	12.1199998856	0.363644239078	1.0	2
1.0	628.226074219	1.0	1.0	422.648101807	1.0	1.0	31.9043297768	1.44782941084	0.0276594292372	-0.763209283352	0.645559132099	8.97330755146	2.76650211197	59.1544494629	-20.9589996338	-7.53373527527	0.762038946152	0.0	0.0	0.0	0.0	0.0	-1.0	0.0	2
1.0	1749.32922363	3.0	2.0	1123.65661621	8.0	2.0	31.0180897713	0.0	0.00221859407611	-0.998693346977	0.0510551854968	13.8944983044	34.8063876198	56.5676002502	-31.8626995087	-20.0395011902	0.237733051181	1.0	4.65999984741	7.0898399353	2.0	14.779999733	0.982390282466	1.0	2
1.0	82.9974060059	2.0	0.0	31.9221000671	1.0	0.0	0.0	10.0	0.0	0.0	0.0	0.0	0.0	0.0	0.0	0.0	2.0	0.0	0.0	0.0	0.0	0.0	7.92568043658e-07	1.0	2
1.0	1767.20568848	3.0	3.0	1274.32885742	8.0	4.0	96.5991902351	0.0	0.00221859407611	-0.998693346977	0.0510551854968	16.7520823537	34.8063876198	56.5676002502	-31.8626995087	-20.0395011902	0.237733051181	1.0	4.65999984741	7.0898399353	2.0	14.779999733	0.974101064035	1.0	2
1.0	408.60269165	2.0	1.0	99.5968017578	2.0	1.0	17.7245998383	0.0	0.999198913574	0.0	-0.0400190390646	0.0	10.084739608	57.0804519653	-32.3125991821	-20.0370006561	0.107036076486	1.0	9.68000030518	26.5869007111	0.0	9.68000030518	0.363644278387	1.0	2
1.0	662.701904297	1.0	1.0	600.13482666	3.0	2.0	31.9043297768	1.44782941084	0.0276594292372	-0.763209283352	0.645559132099	8.97330755146	2.76650211197	59.1544494629	-20.9589996338	-7.53373527527	0.762038946152	2.0	14.9399995804	64.6947994232	0.0	15.5200004578	0.140854096036	1.0	2
1.0	70.2285995483	3.0	1.0	25.5376014709	2.0	1.0	6.20360994339	3.17616125182	-0.295537739992	-0.934390187263	-0.198928505182	1.8019601269	4.93141359317	58.4463500977	-19.0084991455	-36.0205993652	0.952551543713	0.0	0.0	0.0	0.0	0.0	0.209544286716	1.0	2
1.0	504.410003662	1.0	1.0	41.8754997253	1.0	1.0	51.4160003662	0.0	0.104949578643	0.992566108704	0.0616284832358	14.2446862737	1.43863309901	54.1277999878	-29.1316490173	-8.45899486542	0.183715850115	1.0	3.20000004768	9.22852039337	0.0	3.20000004768	-1.0	0.0	2
1.0	2790.43286133	3.0	3.0	1067.82617188	7.0	3.0	119.970663071	0.0	0.995595753193	-0.0935861542821	0.00552667025477	26.0752027553	1.82044779393	54.5881996155	-9.76581573486	-7.27439975739	0.789660274982	14.0	3.6400001049	241.25974381	5.0	10.8000001907	0.991946363924	1.0	2
1.0	159.888290405	4.0	3.0	1235.32824707	7.0	3.0	98.8769199848	0.0	-0.10504809767	-0.992555081844	-0.0616382472217	2.31944839366	8.75015956188	51.1852493286	-16.910949707	-7.74792003632	0.551287710667	5.0	3.20000004768	23.7304805517	1.0	3.20000004768	0.111593774773	1.0	2
1.0	1779.70996094	2.0	2.0	1349.53381348	7.0	1.0	11.8652403355	1.22474487139	0.00966850016266	0.0461977869272	-0.998885512352	5.53649309015	18.5469753709	50.2668991089	-15.4602499008	-4.93431997299	0.196580529213	4.0	3.6400001049	65.9179813862	1.0	4.13999986649	0.979591793217	1.0	2
1.0	1227.71398926	2.0	2.0	30.4549007416	1.0	1.0	9.22852039337	1.99436203702	-0.791673243046	-0.609208405018	-0.0460282675922	11.5972279887	2.08638675724	54.2233009338	-13.2152004242	-7.48858499527	0.883019208908	2.0	3.6400001049	58.0078213215	0.0	13.8599996567	0.294258960114	1.0	2
1.0	1233.42492676	3.0	2.0	260.770202637	3.0	2.0	87.0117006302	0.0	0.104949578643	0.992566108704	0.0616284832358	14.8938976106	19.4030629365	54.1277999878	-29.1316490173	-8.45899486542	0.183715850115	1.0	3.20000004768	9.22852039337	0.0	3.20000004768	0.607735382977	1.0	2
1.0	94.3198013306	1.0	0.0	112.91809845	1.0	0.0	0.0	10.0	0.0	0.0	0.0	0.0	0.0	0.0	0.0	0.0	2.0	0.0	0.0	0.0	0.0	0.0	7.92568043658e-07	0.0	2
1.0	1207.5592041	4.0	2.0	828.95111084	4.0	1.0	5.12367010117	0.0	0.690641582012	0.693702042103	-0.204430326819	0.0	6.32205836228	57.0214004517	-17.8745994568	-6.80753517151	0.839368343353	3.0	6.11999988556	14.6390595436	0.0	9.18000030518	0.0256127475366	1.0	2
1.0	132.844802856	2.0	1.0	698.763671875	4.0	1.0	16.1030006409	0.0	-0.997138023376	0.0	0.0756027176976	2.07169592358	4.80652852337	56.9213027954	-17.6975002289	-8.43946075439	0.438994377851	1.0	6.11999988556	12.4432001114	0.0	6.11999988556	0.14535415693	1.0	2
1.0	167.384490967	2.0	1.0	350.710388184	5.0	1.0	22.6905994415	2.3844852767	-0.258261352777	-0.939384579659	0.225516468287	13.0205385383	6.59597697323	62.7662010193	-22.0948505402	-25.5261993408	0.785799920559	0.0	0.0	0.0	0.0	0.0	0.202125259254	1.0	2
1.0	132.844802856	2.0	1.0	1034.86108398	6.0	2.0	43.9172701836	0.0	0.690641582012	0.693702042103	-0.204430326819	0.0	6.32205836228	57.0214004517	-17.8745994568	-6.80753517151	0.839368343353	2.0	6.11999988556	21.2266397476	0.0	6.11999988556	0.277953037896	1.0	2
