valid	volumeS1	connectedComponentsS1	connectedComponentsS1Rel	volumeS2	connectedComponentsS2	connectedComponentsS2Rel	corticalSize	distanceMin	direction_x	direction_y	direction_z	distanceToExtremity1	distanceToExtremity2	gravityCenter_x	gravityCenter_y	gravityCenter_z	corticalDotProduct	junctions	junctionDepthMin	junctionsSize	plisDePassage	plisDePassageDepthMax	Potential	Class	cycle
1.0	46.373298645	1.0	1.0	178.869003296	1.0	1.0	29.003900528	0.0	0.99934732914	-0.0346072651446	-0.0103471335024	3.06979544365	1.12113112544	67.3760986328	29.7789001465	-42.4670028687	0.863717913628	0.0	0.0	0.0	1.0	7.90000009537	0.269992290443	1.0	1
1.0	863.427612305	4.0	3.0	1512.6541748	4.0	2.0	181.933622241	0.0	0.688923835754	-0.71601319313	0.112734295428	12.7090118394	0.0	71.950050354	24.5570487976	-16.2890510559	0.68690598011	8.0	9.84000015259	280.810515642	7.0	28.5400009155	0.972102031264	1.0	1
1.0	75.0805969238	1.0	1.0	1521.48730469	3.0	3.0	68.5547008514	0.0	-0.0334213376045	-0.984706401825	0.170986369252	0.0	19.4166198643	64.2824554443	51.5199508667	-37.1271972656	0.548664450645	1.0	10.720000267	38.2323989868	0.0	10.720000267	0.220442352516	1.0	1
1.0	46.373298645	1.0	1.0	178.869003296	1.0	1.0	29.003900528	0.0	0.99934732914	-0.0346072651446	-0.0103471335024	3.06979544365	1.12113112544	67.3760986328	29.7789001465	-42.4670028687	0.863717913628	0.0	0.0	0.0	1.0	7.90000009537	0.269992290443	1.0	1
1.0	178.869003296	1.0	1.0	46.373298645	1.0	1.0	29.003900528	0.0	-0.99934732914	0.0346072651446	0.0103471335024	1.12113112544	3.06979544365	67.3760986328	29.7789001465	-42.4670028687	0.863717913628	0.0	0.0	0.0	1.0	7.90000009537	0.269992290443	1.0	1
1.0	654.16027832	3.0	1.0	1397.07397461	3.0	2.0	69.6093997955	1.15144690835	0.768840968609	0.638805866241	-0.0284729041159	12.4900583024	0.0	72.6442489624	31.3174514771	-14.0735998154	0.221190348268	1.0	4.13999986649	1.0546900034	1.0	4.13999986649	0.339316993318	1.0	1
1.0	1347.76611328	5.0	3.0	1175.18518066	7.0	5.0	221.484391212	0.0	-0.0461905822158	-0.993749916553	0.101624906063	10.746753646	20.4291347918	73.137802124	28.1425495148	-15.1593999863	0.253746956587	2.0	7.73999977112	110.742200851	0.0	29.0799999237	0.976444328831	1.0	1
1.0	373.101013184	1.0	1.0	21.3670005798	1.0	1.0	6.32812023163	2.99505254964	-0.257388263941	-0.943694472313	-0.207826763391	9.50087854439	0.0	74.5540008545	24.3353500366	-23.3457489014	0.39966917038	0.0	0.0	0.0	0.0	0.0	0.0316300466246	1.0	1
1.0	1196.55297852	2.0	2.0	87.1117019653	1.0	1.0	32.6952902079	2.74924900898	-0.0912268087268	0.989947021008	-0.108085550368	21.461120938	6.04784265311	74.8422470093	37.6364517212	-29.0501499176	0.996071279049	0.0	0.0	0.0	0.0	0.0	0.450363682786	1.0	1
1.0	349.140991211	1.0	0.0	192.809005737	1.0	0.0	0.0	10.0	0.0	0.0	0.0	0.0	0.0	0.0	0.0	0.0	2.0	0.0	0.0	0.0	0.0	0.0	1.97350158495e-12	0.0	1
1.0	753.865600586	3.0	2.0	508.946289062	3.0	1.0	18.3691005707	1.77823792486	0.27730050683	0.797236680984	-0.536207199097	4.11078228079	7.5688989223	72.733505249	23.4330501556	-22.3582000732	0.808714985847	1.0	28.5	25.1366996765	0.0	28.5	0.091588114112	1.0	1
1.0	637.485961914	2.0	1.0	910.197021484	2.0	1.0	20.3027000427	0.0	-0.0219641868025	0.195648297668	0.980428159237	2.93948816424	1.77953322816	73.0870513916	28.0743503571	-19.1606483459	0.219046115875	1.0	18.0400009155	48.3398017883	0.0	18.0400009155	0.091588114112	1.0	1
1.0	192.809005737	1.0	1.0	1354.87402344	3.0	2.0	65.7421693802	0.0	-0.0315013974905	0.97603815794	-0.215307354927	0.0	21.8601246856	72.462600708	46.4730491638	-21.1147003174	0.298386514187	1.0	0.939999997616	2.90038990974	1.0	0.939999997616	0.330342621912	1.0	1
1.0	541.950012207	2.0	1.0	663.540710449	2.0	2.0	80.2441005707	0.0	-0.0315013974905	0.97603815794	-0.215307354927	23.5059936672	19.0322642189	72.462600708	46.4730491638	-21.1147003174	0.298386514187	1.0	0.939999997616	2.90038990974	1.0	0.939999997616	0.393320721277	1.0	1
1.0	1762.9005127	7.0	2.0	384.493408203	3.0	2.0	60.5321694613	0.0	-0.0429124124348	-0.985951185226	0.16142757237	14.4542883822	0.0	71.3415985107	26.8327503204	-17.2796497345	0.60917198658	4.0	8.64000034332	126.328102112	4.0	17.8999996185	0.994437954176	1.0	1
1.0	1580.26611328	6.0	1.0	528.678222656	4.0	3.0	23.6864995956	3.49892845099	-0.500779926777	0.638149261475	-0.584794938564	0.0	21.9910051858	70.3760986328	55.5865478516	-33.0855026245	0.784244537354	1.0	22.9200000763	27.6343002319	1.0	22.9200000763	0.756053902736	1.0	1
1.0	1751.36633301	4.0	3.0	1730.21875	6.0	4.0	259.235819578	0.0	-0.0429124124348	-0.985951185226	0.16142757237	25.0337272495	0.0	71.3415985107	26.8327503204	-17.2796497345	0.60917198658	19.0	3.74000000954	494.78515029	8.0	28.0	0.971884283429	1.0	1
1.0	63.4413986206	2.0	2.0	449.856994629	1.0	1.0	90.7983703613	0.0	-0.998987615108	0.0365961156785	-0.0261628255248	10.6494548533	5.76662860189	73.6634979248	31.9934005737	-27.1854000092	0.595229327679	1.0	4.84000015259	14.4750995636	1.0	4.84000015259	0.0263122750044	1.0	1
1.0	1077.33337402	9.0	4.0	1435.21044922	6.0	4.0	120.410029888	0.0	-0.0037281755358	-0.980663955212	0.195663884282	23.501566084	42.6875586223	68.1120452881	7.79347991943	-32.8982009888	0.633528292179	2.0	8.56000041962	30.7616996765	1.0	8.56000041962	0.326029236096	1.0	1
1.0	2044.83618164	6.0	4.0	1251.33532715	7.0	6.0	156.445278645	0.0	-0.0037281755358	-0.980663955212	0.195663884282	27.7667504696	1.08818677504	68.1120452881	7.79347991943	-32.8982009888	0.633528292179	8.0	7.07999992371	200.390609145	1.0	8.56000041962	0.965215245179	1.0	1
1.0	46.8941993713	2.0	2.0	56.7667007446	1.0	1.0	10.5468997955	0.0	-0.999826073647	0.0	-0.0186531040817	1.08828596674	1.57746012061	73.9960479736	28.3005008698	-27.56275177	0.940327167511	1.0	11.3199996948	23.7304992676	1.0	8.23999977112	0.126756009776	1.0	1
1.0	998.353759766	2.0	2.0	229.535003662	2.0	2.0	84.3749603033	0.0	-0.999824285507	0.0	-0.0187442079186	22.645776135	2.63813962729	73.9647521973	37.6330986023	-25.9314994812	0.00778293609619	1.0	22.7199993134	61.523399353	0.0	22.7199993134	0.152606739336	1.0	1
1.0	332.839599609	1.0	1.0	93.140296936	1.0	1.0	39.9902610779	1.36930639376	-0.0288049280643	0.963125348091	-0.267506659031	18.0784406709	12.8392899466	65.1929016113	37.9588012695	-41.7628479004	0.591448605061	0.0	0.0	0.0	0.0	0.0	-1.0	0.0	1
1.0	1720.35620117	3.0	2.0	1165.62316895	6.0	4.0	126.826302528	0.0	-0.0288119725883	0.963130891323	-0.26748585701	15.3209568882	16.0084215889	68.2375030518	33.1598510742	-27.2486495972	0.362384319305	4.0	11.4600000381	205.664104462	4.0	30.0	0.982307012999	1.0	1
1.0	269.83291626	2.0	1.0	182.17149353	2.0	2.0	39.9902610779	1.36930639376	-0.0288049280643	0.963125348091	-0.267506659031	0.0	12.8392899466	65.1929016113	37.9588012695	-41.7628479004	0.591448605061	2.0	14.5799999237	38.8476600647	1.0	14.5799999237	0.0114253031408	1.0	1
1.0	971.124023438	6.0	2.0	573.908996582	7.0	4.0	63.98442173	0.0	0.0289096776396	-0.963134884834	0.267460942268	0.0	16.9508639045	65.3996505737	30.5942001343	-36.7970504761	0.659170210361	2.0	7.5	54.8437004089	3.0	9.02000045776	0.977815059176	1.0	1
1.0	110.946594238	2.0	1.0	1064.26464844	4.0	1.0	0.0	10.0	0.0	0.0	0.0	0.0	0.0	0.0	0.0	0.0	2.0	1.0	30.0	52.5586013794	1.0	30.0	0.709162886477	1.0	1
1.0	67.1157989502	2.0	2.0	236.959899902	1.0	1.0	14.8535203934	0.0	-0.0289096776396	0.963134884834	-0.267460942268	8.41861312064	0.0	65.3996505737	30.5942001343	-36.7970504761	0.659170210361	1.0	7.71999979019	30.8495998383	1.0	7.71999979019	0.394434799317	1.0	1
1.0	443.786193848	2.0	1.0	1121.7923584	4.0	3.0	68.5547618866	0.0	-0.0288119725883	0.963130891323	-0.26748585701	15.0409439773	22.5420681488	68.2375030518	33.1598510742	-27.2486495972	0.362384319305	3.0	11.4600000381	137.109401703	3.0	30.0	0.751722875604	1.0	1
1.0	382.518005371	1.0	1.0	340.329193115	1.0	1.0	15.8203001022	2.6974710418	-0.109198153019	0.746058702469	-0.656865298748	4.3400531653	0.0	70.1304473877	32.3307495117	-20.9588508606	0.607961177826	0.0	0.0	0.0	0.0	0.0	-1.0	0.0	1
1.0	483.773010254	2.0	1.0	239.074203491	1.0	1.0	37.7930002213	0.0	-0.995683193207	0.0704780742526	0.0603976845741	1.07411093431	5.93773192906	61.6539497375	47.0127029419	-36.6266517639	0.564822018147	2.0	6.17999982834	32.5194997787	0.0	7.28000020981	0.109423607204	1.0	1
1.0	101.254997253	1.0	1.0	752.379638672	4.0	3.0	54.4922008514	0.0	-0.995683193207	0.0704780742526	0.0603976845741	1.07411093431	23.4065120667	61.6539497375	47.0127029419	-36.6266517639	0.564822018147	1.0	7.28000020981	20.214799881	0.0	7.28000020981	0.190985236531	1.0	1
1.0	53.2117996216	1.0	0.0	163.348007202	1.0	0.0	0.0	10.0	0.0	0.0	0.0	0.0	0.0	0.0	0.0	0.0	2.0	0.0	0.0	0.0	0.0	0.0	1.97350158495e-12	0.0	1
1.0	428.169616699	3.0	3.0	1350.09179688	3.0	2.0	83.0	2.03054421708	-0.251555591822	0.957705914974	0.139711230993	2.40811095173	4.56153232293	69.7257003784	51.0490493774	-33.4692497253	0.902564287186	4.0	4.48000001907	199.0	0.0	20.5799999237	0.392709859648	1.0	1
1.0	199.235198975	2.0	2.0	1097.64465332	2.0	2.0	67.0	0.0	-0.017782535404	-0.144278928638	0.989377260208	3.39686776224	13.9613107419	71.1918487549	29.381401062	-24.2091503143	0.146845281124	2.0	7.26000022888	47.0	0.0	10.0	0.182917956866	1.0	1
1.0	318.033813477	3.0	2.0	1163.23144531	1.0	1.0	97.0	0.0	-0.017782535404	-0.144278928638	0.989377260208	3.39686776224	13.9613107419	71.1918487549	29.381401062	-24.2091503143	0.146845281124	1.0	10.0	33.0	0.0	10.0	0.594760307138	1.0	1
1.0	2018.41235352	2.0	1.0	1405.79284668	2.0	1.0	196.0	2.48282301308	-0.320468753576	-0.724750638008	-0.609947919846	2.14527210439	17.4580910362	67.2142028809	46.0611991882	-50.7835998535	0.929576516151	0.0	0.0	0.0	0.0	0.0	0.861723159313	1.0	1
1.0	51.6801986694	2.0	1.0	11.0742998123	1.0	1.0	15.0	2.32059474474	-0.374891608953	0.669788837433	-0.640967428684	2.1533334883	2.40002180328	60.7714996338	31.7637996674	-52.9072990417	0.590033173561	0.0	0.0	0.0	0.0	0.0	0.340802319618	1.0	1
1.0	118.152000427	1.0	0.0	218.033691406	2.0	0.0	0.0	10.0	0.0	0.0	0.0	0.0	0.0	0.0	0.0	0.0	2.0	0.0	0.0	0.0	0.0	0.0	1.97350158495e-12	0.0	1
1.0	272.846008301	3.0	0.0	482.353027344	1.0	0.0	0.0	10.0	0.0	0.0	0.0	0.0	0.0	0.0	0.0	0.0	2.0	0.0	0.0	0.0	0.0	0.0	1.97350158495e-12	1.0	1
1.0	170.528701782	2.0	0.0	336.185028076	2.0	0.0	0.0	10.0	0.0	0.0	0.0	0.0	0.0	0.0	0.0	0.0	2.0	0.0	0.0	0.0	0.0	0.0	1.97350158495e-12	1.0	1
1.0	675.347167969	3.0	2.0	719.038085938	4.0	2.0	80.0	0.0	-0.0181479528546	-0.142478480935	0.989631474018	16.6504427464	5.46530758005	70.4247512817	36.0927505493	-22.0949993134	0.570457756519	4.0	5.15999984741	85.0	0.0	25.8400001526	0.379948962255	1.0	1
1.0	411.949005127	2.0	2.0	1111.01293945	2.0	2.0	100.0	0.0	0.0181479528546	0.142478480935	-0.989631474018	0.0	29.3670690341	65.3692474365	35.7865486145	-49.408000946	0.466738909483	3.0	4.57999992371	54.0	1.0	4.57999992371	0.601184486303	1.0	1
1.0	298.04598999	1.0	1.0	328.101287842	1.0	1.0	8.0	3.01834884727	0.109097123146	0.962043166161	0.250141561031	3.19163738334	5.39531930171	73.120803833	20.7360992432	-17.5345993042	0.763888537884	0.0	0.0	0.0	0.0	0.0	-1.0	0.0	1
1.0	1054.43261719	3.0	1.0	1531.55761719	1.0	1.0	83.0	2.03054421708	-0.00705091282725	0.926943302155	0.375135034323	0.0	34.0838074842	67.5442504883	29.914899826	-46.0332489014	0.815807521343	0.0	0.0	0.0	0.0	0.0	0.485381090605	1.0	1
1.0	603.605957031	2.0	2.0	738.854309082	3.0	3.0	120.0	0.0	0.0185558274388	0.149678051472	-0.98856061697	12.6106733861	2.37545300229	70.4178466797	15.370349884	-21.5443496704	0.920025110245	2.0	5.57999992371	53.0	0.0	12.2600002289	0.507977432898	1.0	1
1.0	298.04598999	1.0	1.0	897.896362305	3.0	1.0	31.0	0.0	0.0185558274388	0.149678051472	-0.98856061697	1.54441406546	2.37545300229	70.4178466797	15.370349884	-21.5443496704	0.920025110245	1.0	12.2600002289	32.0	0.0	12.2600002289	0.192565398594	1.0	1
1.0	614.87689209	1.0	1.0	936.717346191	2.0	2.0	83.0	2.03054421708	-0.00705091282725	0.926943302155	0.375135034323	0.0	33.3447933588	67.5442504883	29.914899826	-46.0332489014	0.815807521343	0.0	0.0	0.0	0.0	0.0	0.485381090605	1.0	1
1.0	1115.61279297	4.0	2.0	52.1647033691	2.0	1.0	85.0	0.0	-0.00274488003924	0.990049362183	0.140693157911	18.5409035972	9.08070050735	72.6357498169	26.8979492188	-38.0532989502	0.745805025101	1.0	6.73999977112	19.0	0.0	6.73999977112	0.972960720708	1.0	1
1.0	286.906005859	2.0	1.0	970.973388672	5.0	1.0	25.0	0.0	0.0191149879247	0.152709439397	-0.988086223602	1.10594323425	21.2179905976	70.463394165	23.4703998566	-40.1137504578	0.64677888155	1.0	6.0	10.0	0.0	6.0	0.124353001772	1.0	1
1.0	28.4535007477	1.0	1.0	17.7833995819	1.0	1.0	21.0	0.0	0.00274488003924	-0.990049362183	-0.140693157911	1.05621001941	1.45593703349	72.6357498169	26.8979492188	-38.0532989502	0.745805025101	1.0	6.73999977112	19.0	0.0	6.73999977112	0.104615819149	1.0	1
1.0	592.780029297	1.0	1.0	46.2369003296	1.0	1.0	45.0	2.65914839643	-0.145225867629	-0.979222893715	-0.141534268856	16.3719880341	2.43640474019	73.0460968018	35.3797492981	-30.6898002625	0.512366592884	0.0	0.0	0.0	0.0	0.0	0.221278467898	1.0	1
1.0	49.3936004639	1.0	1.0	104.961402893	3.0	1.0	20.566400528	3.00738760189	0.294155597687	-0.515404522419	0.804879248142	3.43653883935	8.86405549381	70.9235992432	48.8768997192	-33.5746994019	0.558841407299	0.0	0.0	0.0	0.0	0.0	0.102471066285	1.0	1
1.0	1294.83166504	7.0	0.0	446.925689697	3.0	0.0	0.0	10.0	0.0	0.0	0.0	0.0	0.0	0.0	0.0	0.0	2.0	0.0	0.0	0.0	0.0	0.0	1.97350158495e-12	1.0	1
1.0	71.0068969727	1.0	1.0	371.742004395	1.0	1.0	27.6854991913	0.0	-0.993508279324	0.0	-0.113760098815	1.11111013624	2.12497329695	72.0832519531	23.8325004578	-20.2208995819	0.726874530315	0.0	0.0	0.0	1.0	11.779999733	0.329950752334	1.0	1
1.0	703.803161621	3.0	3.0	371.742004395	1.0	1.0	113.378904343	0.0	-0.99350720644	0.0	-0.113769412041	7.73119163892	0.0	65.1287994385	36.1932983398	-48.4776000977	0.873184144497	1.0	8.22000026703	17.1387004852	1.0	8.22000026703	0.573409629276	1.0	1
1.0	127.394699097	2.0	2.0	371.742004395	1.0	1.0	54.0527000427	0.0	-0.99350720644	0.0	-0.113769412041	7.73119163892	0.0	65.1287994385	36.1932983398	-48.4776000977	0.873184144497	1.0	8.22000026703	17.1387004852	2.0	11.779999733	0.329950752334	1.0	1
1.0	172.155303955	1.0	1.0	261.363006592	1.0	1.0	32.4249305725	2.23252322417	-0.11204200983	0.986141562462	-0.122357740998	18.6678727078	17.149699199	73.3244476318	33.470249176	-32.517250061	0.836953520775	0.0	0.0	0.0	0.0	0.0	-1.0	0.0	1
1.0	78.2524032593	2.0	2.0	355.265899658	2.0	2.0	42.9153299332	0.0	-0.106025137007	0.937831223011	-0.330501496792	9.34437584456	25.2681686451	70.0619506836	22.475151062	-39.8572998047	0.770598888397	1.0	7.48000001907	18.1198005676	2.0	7.86000013351	0.206782718227	1.0	1
1.0	39.1262016296	1.0	1.0	355.265899658	2.0	2.0	28.6102294922	0.0	-0.106013379991	0.937814712524	-0.330552250147	2.53334279142	16.974256883	73.9375534058	27.9779014587	-27.3393497467	0.744990766048	0.0	0.0	0.0	1.0	7.86000013351	0.0476473897398	1.0	1
1.0	172.155303955	1.0	1.0	410.042999268	2.0	2.0	70.5719103813	2.00660663418	-0.136295869946	-0.937512874603	0.320145219564	3.67491056891	8.20645672668	72.7369995117	23.3688011169	-16.7091007233	0.88425129652	0.0	0.0	0.0	0.0	0.0	0.188455102785	1.0	1
1.0	300.489196777	2.0	2.0	732.441894531	2.0	2.0	87.7380313873	0.0	-0.106025137007	0.937831223011	-0.330501496792	9.34437584456	3.19698866179	70.0619506836	22.475151062	-39.8572998047	0.770598888397	1.0	7.48000001907	18.1198005676	1.0	7.48000001907	0.351509050107	1.0	1
1.0	300.489196777	2.0	2.0	256.667999268	2.0	2.0	61.0350990295	1.91813189712	0.157154679298	0.945317327976	0.285793244839	7.59986311137	19.6304955047	68.0409469604	45.2507019043	-42.6735534668	0.746511697769	0.0	0.0	0.0	0.0	0.0	0.976558029876	1.0	1
1.0	225.385986328	1.0	0.0	230.147994995	1.0	0.0	0.0	10.0	0.0	0.0	0.0	0.0	0.0	0.0	0.0	0.0	2.0	0.0	0.0	0.0	0.0	0.0	1.97350158495e-12	0.0	1
1.0	2209.42163086	3.0	2.0	1558.65856934	4.0	3.0	149.840102673	0.0	0.0363854542375	-0.997951030731	0.0526297390461	22.3337499475	14.5288293935	70.6529541016	23.0228004456	-13.7774505615	0.479507118464	9.0	7.26000022888	326.924002647	7.0	19.4599990845	0.983551483738	1.0	1
1.0	34.9189987183	1.0	1.0	420.614990234	2.0	1.0	0.0	10.0	0.0	0.0	0.0	0.0	0.0	0.0	0.0	0.0	2.0	1.0	16.3600006104	18.5751991272	1.0	16.3600006104	0.0926098659313	1.0	1
1.0	2747.49169922	4.0	2.0	1363.42944336	4.0	3.0	125.073300838	0.0	-0.0364871509373	0.997942149639	-0.0527267381549	10.867332825	31.1520819444	54.6507987976	28.7728004456	-52.1443023682	0.580731511116	1.0	9.76000022888	43.3422012329	1.0	17.0	0.98527343312	1.0	1
1.0	355.538696289	1.0	1.0	730.125488281	3.0	1.0	14.860149622	3.32359743868	0.0156604032964	-0.959736645222	0.28046438098	14.4948710875	1.71526795443	68.5325012207	18.0816993713	-25.9884490967	0.889735221863	0.0	0.0	0.0	0.0	0.0	0.6563367789	1.0	1
1.0	1438.02807617	2.0	1.0	1511.04187012	2.0	2.0	91.637802124	0.0	-0.996831357479	-0.0361104756594	-0.0708742588758	28.2003223157	1.36193514498	69.6761474609	26.1201000214	-23.5737495422	0.779876172543	3.0	9.61999988556	164.700399399	3.0	33.3800010681	0.976813482815	1.0	1
1.0	52.3784980774	2.0	2.0	1557.07128906	2.0	1.0	3.71504998207	3.32359743868	-0.0156604032964	0.959736645222	-0.28046438098	1.71526795443	7.43982820374	68.5325012207	18.0816993713	-25.9884490967	0.889735221863	1.0	16.3600006104	18.5751991272	1.0	16.3600006104	0.0926098659313	1.0	1
1.0	1660.24023438	2.0	0.0	276.178009033	1.0	0.0	0.0	10.0	0.0	0.0	0.0	0.0	0.0	0.0	0.0	0.0	2.0	0.0	0.0	0.0	0.0	0.0	1.97350158495e-12	1.0	1
1.0	1749.125	1.0	1.0	969.797119141	4.0	4.0	139.933250189	0.0	0.0363854542375	-0.997951030731	0.0526297390461	22.3337499475	14.5288293935	70.6529541016	23.0228004456	-13.7774505615	0.479507118464	3.0	9.61999988556	108.974702835	4.0	19.4599990845	0.988765685045	1.0	1
1.0	62.6408004761	1.0	1.0	145.597610474	2.0	1.0	17.1203994751	2.01896261035	0.171176791191	0.841831803322	-0.511876821518	5.40485483149	1.82778679743	69.0832519531	31.3449001312	-43.9773025513	0.69667840004	0.0	0.0	0.0	0.0	0.0	-1.0	0.0	1
1.0	411.398376465	8.0	2.0	1073.35913086	7.0	2.0	9.13088035583	2.7197794226	-0.331333458424	0.845573842525	0.418596535921	0.0	38.8846733594	74.3160476685	50.8684005737	-16.1886501312	0.497597038746	1.0	10.9200000763	22.8271999359	0.0	10.9200000763	0.130507785302	1.0	1
1.0	154.06300354	1.0	0.0	519.749755859	2.0	0.0	0.0	10.0	0.0	0.0	0.0	0.0	0.0	0.0	0.0	0.0	2.0	0.0	0.0	0.0	0.0	0.0	1.97350158495e-12	1.0	1
1.0	340.299621582	2.0	1.0	1439.21972656	3.0	1.0	23.9940905571	0.0	-0.998338997364	-0.0336567647755	0.046759493649	3.1534957199	2.1821367183	70.3878936768	34.706451416	-25.5768013	0.0875001251698	2.0	8.84000015259	54.8437004089	0.0	16.1599998474	0.119398172645	1.0	1
1.0	46.4799003601	1.0	1.0	1827.65905762	2.0	2.0	103.974597931	0.0	-0.047260671854	0.972106933594	-0.229726985097	2.10861101797	24.8156496446	71.1823501587	45.7203979492	-34.7088012695	0.297134578228	1.0	2.25999999046	5.71289014816	1.0	2.25999999046	0.499348189095	1.0	1
1.0	46.4799003601	1.0	1.0	1259.94006348	2.0	2.0	68.554669857	0.0	-0.047260671854	0.972106933594	-0.229726985097	2.10861101797	16.4045767376	71.1823501587	45.7203979492	-34.7088012695	0.297134578228	1.0	2.25999999046	5.71289014816	1.0	2.25999999046	0.355161318016	1.0	1
1.0	595.650756836	6.0	3.0	1759.57897949	3.0	1.0	26.2792806625	0.0	-0.0588470250368	-0.984721124172	0.163894161582	0.0	1.47159131145	70.974647522	18.0481987	-22.6883506775	0.389541327953	9.0	8.65999984741	329.06258297	0.0	39.9000015259	0.0911526797039	1.0	1
1.0	1576.83789062	2.0	1.0	302.67010498	5.0	2.0	51.4013996124	0.0	0.0	-0.984888911247	0.173187255859	8.17750230109	1.32919125111	69.674697876	18.2075996399	-16.6972007751	0.803185343742	6.0	4.15999984741	85.0782223344	4.0	13.8400001526	0.686824422326	1.0	1
1.0	120.161003113	1.0	1.0	230.119995117	1.0	1.0	46.9702014923	2.55606536572	-0.131831258535	0.837503790855	-0.530290424824	10.6845999012	8.78691553638	70.1391983032	28.5152015686	-33.3543510437	0.934833109379	0.0	0.0	0.0	0.0	0.0	0.230626449791	1.0	1
1.0	120.161003113	1.0	1.0	112.225997925	1.0	1.0	27.4731006622	2.61376164102	-0.496331900358	0.36888256669	-0.785862743855	4.68325369191	3.34336551345	65.9587020874	17.9531002045	-38.2441482544	0.832553803921	0.0	0.0	0.0	0.0	0.0	0.136507978961	1.0	1
1.0	1159.67407227	2.0	2.0	120.161003113	1.0	1.0	34.563000679	0.0	-1.0	0.0	0.0	10.8292487636	1.85511998161	70.1391983032	25.2518997192	-21.984500885	0.1919080019	1.0	8.81999969482	22.1557998657	1.0	8.81999969482	0.209545095938	1.0	1
1.0	445.28012085	3.0	0.0	131.702606201	4.0	0.0	0.0	10.0	0.0	0.0	0.0	0.0	0.0	0.0	0.0	0.0	2.0	0.0	0.0	0.0	0.0	0.0	1.97350158495e-12	1.0	1
1.0	181.875	1.0	1.0	122.294998169	1.0	1.0	26.3672008514	0.0	0.0342275202274	-0.967956900597	0.248772770166	1.02824855166	1.46164567888	72.2252044678	24.4932498932	-28.2060012817	0.828239619732	0.0	0.0	0.0	1.0	7.53999996185	0.232948601199	1.0	1
1.0	181.875	1.0	1.0	122.294998169	1.0	1.0	26.3672008514	0.0	0.0342275202274	-0.967956900597	0.248772770166	1.02824855166	1.46164567888	72.2252044678	24.4932498932	-28.2060012817	0.828239619732	0.0	0.0	0.0	1.0	7.53999996185	0.232948601199	1.0	1
1.0	181.875	1.0	1.0	122.294998169	1.0	1.0	26.3672008514	0.0	0.0342275202274	-0.967956900597	0.248772770166	1.02824855166	1.46164567888	72.2252044678	24.4932498932	-28.2060012817	0.828239619732	0.0	0.0	0.0	1.0	7.53999996185	0.232948601199	1.0	1
1.0	843.301269531	4.0	3.0	124.134101868	2.0	2.0	61.7407596111	0.0	-0.997142136097	0.0	-0.0755495205522	4.57739356125	1.68325242833	68.6625061035	25.6639995575	-11.9077501297	0.529896438122	2.0	9.27999973297	55.2416992188	0.0	11.8199996948	0.984210800981	1.0	1
1.0	474.947418213	4.0	2.0	1298.01196289	3.0	2.0	59.3036003113	0.0	0.997141897678	0.0	0.0755513235927	0.0	27.4587648056	67.5229949951	36.317401886	-37.6787490845	0.942411243916	3.0	5.88000011444	60.9284009933	2.0	25.8199996948	0.353669785491	1.0	1
1.0	178.104995728	1.0	1.0	863.541992188	2.0	2.0	59.3036003113	0.0	0.997141897678	0.0	0.0755513235927	0.0	16.0987808808	67.5229949951	36.317401886	-37.6787490845	0.942411243916	2.0	5.88000011444	34.1199007034	1.0	5.88000011444	0.353669785491	1.0	1
1.0	449.310974121	1.0	1.0	894.575195312	3.0	3.0	80.4253816605	0.0	0.00368938525207	0.998910844326	-0.0465140007436	1.32034495839	24.5567045485	70.8672027588	31.6710014343	-19.9753990173	0.45775526762	1.0	5.88000011444	14.6227998734	1.0	5.88000011444	0.180775725318	1.0	1
1.0	215.884994507	1.0	1.0	678.690185547	2.0	2.0	27.6208691597	1.38622509403	0.474444210529	0.880269706249	-0.00528147537261	0.0	28.5320286723	68.8677978516	25.5537986755	-14.5382499695	0.0970275998116	0.0	0.0	0.0	0.0	0.0	0.0243665257335	1.0	1
1.0	111.362998962	1.0	1.0	278.407989502	1.0	1.0	30.3222999573	1.72181296955	-0.339968025684	0.910597860813	-0.235017612576	0.0	18.5703289335	68.6179962158	32.6193008423	-36.1568527222	0.489290744066	0.0	0.0	0.0	0.0	0.0	-1.0	0.0	1
1.0	1670.44836426	5.0	4.0	799.790344238	5.0	3.0	172.705060601	0.0	0.00760411471128	-0.965339183807	0.260887891054	1.39778027994	27.9965131496	58.4543495178	30.957649231	-53.2486495972	0.81283056736	3.0	1.5	93.6035206318	2.0	15.9799995422	0.967398131333	1.0	1
1.0	700.238586426	3.0	1.0	867.282592773	3.0	1.0	30.3222999573	1.72181296955	-0.339968025684	0.910597860813	-0.235017612576	21.7953369473	18.5703289335	68.6179962158	32.6193008423	-36.1568527222	0.489290744066	0.0	0.0	0.0	0.0	0.0	0.745346370259	1.0	1
1.0	1440.97277832	5.0	4.0	1029.26611328	5.0	2.0	146.337901115	0.0	-0.00760411471128	0.965339183807	-0.260887891054	1.01677310313	27.086877147	58.4543495178	30.957649231	-53.2486495972	0.81283056736	3.0	1.5	93.6035206318	2.0	15.9799995422	0.968642560924	1.0	1
1.0	389.770996094	2.0	2.0	128.236404419	2.0	2.0	50.0976606607	0.0	0.00760411471128	-0.965339183807	0.260887891054	1.39778027994	1.01677310313	58.4543495178	30.957649231	-53.2486495972	0.81283056736	1.0	1.5	2.63671994209	1.0	1.5	0.111593680005	1.0	1
1.0	111.362998962	1.0	1.0	592.250061035	4.0	2.0	75.1464996338	1.72181296955	-0.339968025684	0.910597860813	-0.235017612576	0.0	18.2711903078	68.6179962158	32.6193008423	-36.1568527222	0.489290744066	0.0	0.0	0.0	0.0	0.0	0.220442343443	1.0	1
1.0	140.899902344	1.0	0.0	111.997299194	1.0	0.0	0.0	10.0	0.0	0.0	0.0	0.0	0.0	0.0	0.0	0.0	2.0	0.0	0.0	0.0	0.0	0.0	1.97350158495e-12	0.0	1
1.0	321.540710449	4.0	2.0	671.983886719	8.0	4.0	61.1717910767	0.0	-0.994893372059	0.0	0.100931115448	1.55196314438	15.9641512764	68.7633972168	22.8707008362	-36.1623001099	0.845630645752	4.0	9.31999969482	82.2656815052	2.0	15.6999998093	0.487379237745	1.0	1
1.0	142.706298828	2.0	2.0	153.544708252	2.0	2.0	32.695330143	0.0	0.99490237236	0.0	-0.100842647254	1.84884153902	6.98592705944	69.5348052979	24.6725006104	-27.0282497406	0.952574193478	0.0	0.0	0.0	1.0	7.51999998093	0.131077573665	1.0	1
1.0	41.5474014282	1.0	1.0	211.34979248	2.0	1.0	6.32812023163	0.0	-0.99490237236	0.0	0.100842647254	0.0	10.9601812122	69.5348052979	24.6725006104	-27.0282497406	0.952574193478	0.0	0.0	0.0	1.0	7.51999998093	0.131077573665	1.0	1
1.0	171.766998291	1.0	0.0	384.885009766	1.0	0.0	0.0	10.0	0.0	0.0	0.0	0.0	0.0	0.0	0.0	0.0	2.0	0.0	0.0	0.0	0.0	0.0	1.97350158495e-12	0.0	1
1.0	1308.9276123	6.0	4.0	1816.2746582	5.0	2.0	58.0077903271	0.0	0.999361932278	-0.033072900027	-0.0134881753474	23.6364163058	3.11244104169	70.6607971191	25.2812004089	-15.537899971	0.295332044363	6.0	2.81999993324	279.492202759	0.0	29.5799999237	0.36243600998	1.0	1
1.0	920.861022949	3.0	3.0	1071.95202637	4.0	3.0	70.6640703678	0.0	-0.0376584082842	-0.997923135757	0.0522616505623	1.08249635031	28.3419863185	66.7615509033	30.8776016235	-42.0789031982	0.768185555935	4.0	3.66000008583	84.3749901056	1.0	3.66000008583	0.2626433517	1.0	1
1.0	841.339233398	3.0	3.0	1967.36682129	2.0	1.0	69.6094210148	0.0	0.999360203743	-0.0331642329693	-0.0133946714923	8.05755179507	28.3549088253	65.1398010254	30.4879493713	-40.5723495483	0.769147276878	5.0	3.66000008583	219.374991059	1.0	3.66000008583	0.156896382286	1.0	1
1.0	1448.88598633	2.0	2.0	749.093811035	4.0	3.0	129.726690769	0.0	-0.999361932278	0.033072900027	0.0134881753474	1.08248544793	2.08192807169	72.6887969971	51.2428970337	-19.8368988037	0.364342451096	3.0	1.87999999523	88.5937628746	1.0	1.87999999523	0.704102740876	1.0	1
1.0	240.173995972	1.0	0.0	164.919998169	1.0	0.0	0.0	10.0	0.0	0.0	0.0	0.0	0.0	0.0	0.0	0.0	2.0	0.0	0.0	0.0	0.0	0.0	1.97350158495e-12	0.0	1
1.0	709.314819336	3.0	2.0	800.581054688	7.0	4.0	43.2421989441	0.0	0.997983336449	-0.0387837253511	0.0502506829798	24.066935975	23.7438430033	70.7205505371	21.7626495361	-34.2117500305	0.820253491402	6.0	2.46000003815	120.234388947	0.0	19.5599994659	0.120698011594	1.0	1
1.0	326.636688232	1.0	0.0	747.742797852	4.0	0.0	0.0	10.0	0.0	0.0	0.0	0.0	0.0	0.0	0.0	0.0	2.0	0.0	0.0	0.0	0.0	0.0	1.97350158495e-12	1.0	1
1.0	275.399597168	1.0	0.0	164.919998169	1.0	0.0	0.0	10.0	0.0	0.0	0.0	0.0	0.0	0.0	0.0	0.0	2.0	0.0	0.0	0.0	0.0	0.0	1.97350158495e-12	1.0	1
1.0	385.879180908	2.0	2.0	845.413513184	5.0	2.0	79.1015400887	0.0	-0.997983336449	0.0387837253511	-0.0502506829798	22.347892836	1.02877759774	70.7205505371	21.7626495361	-34.2117500305	0.287720888853	3.0	5.76000022888	62.2266116142	2.0	9.97999954224	0.306254057461	1.0	1
1.0	701.196166992	4.0	1.0	42.9304008484	1.0	1.0	27.4218997955	0.0	-0.120235621929	-0.982838690281	0.139898046851	6.42888086573	2.23022694789	66.7502975464	47.6118011475	-23.8843994141	0.138522565365	1.0	6.38000011444	28.476600647	0.0	6.38000011444	0.151748631732	1.0	1
1.0	422.847991943	1.0	1.0	403.027313232	1.0	1.0	36.914100647	3.06948849247	0.112234592438	0.99368172884	0.0	14.9709374217	0.0	77.3712463379	25.9994506836	-33.6344985962	0.796034693718	0.0	0.0	0.0	0.0	0.0	-1.0	0.0	1
1.0	441.017303467	2.0	1.0	464.141998291	2.0	1.0	35.8594017029	0.0	-1.0	0.0	0.0	14.365171041	30.6572613875	75.1122512817	35.9995002747	-40.9463005066	0.774850547314	1.0	6.59999990463	15.8203001022	0.0	6.59999990463	0.00527344583615	1.0	1
1.0	521.953125	1.0	1.0	1043.90673828	3.0	1.0	22.148399353	3.21104338163	0.384770691395	0.681310772896	0.62270963192	11.2509544815	22.1684894625	73.4179992676	30.9995002747	-46.0646514893	0.993327260017	0.0	0.0	0.0	0.0	0.0	0.458731480777	1.0	1
1.0	279.497192383	1.0	0.0	190.173995972	1.0	0.0	0.0	10.0	0.0	0.0	0.0	0.0	0.0	0.0	0.0	0.0	2.0	0.0	0.0	0.0	0.0	0.0	1.97350158495e-12	0.0	1
1.0	599.334594727	2.0	1.0	1240.4510498	4.0	1.0	24.2577991486	0.0	0.99540579319	0.0	0.0957463905215	2.00574324438	2.68298421765	69.6730041504	28.8458003998	-17.833650589	0.318080931902	4.0	12.0399999619	112.851602554	0.0	34.2599983215	0.120697713213	1.0	1
1.0	1060.36206055	2.0	2.0	586.368774414	3.0	2.0	106.523402214	0.0	-0.00855033099651	-0.994453787804	0.104825988412	21.5732586102	6.18525516363	68.5679473877	20.8603515625	-35.6994018555	0.397870600224	2.0	5.63999986649	36.9139995575	1.0	5.63999986649	0.950836306964	1.0	1
1.0	1010.31933594	3.0	1.0	230.396606445	3.0	2.0	10.5468997955	2.84921745131	0.0	0.52859801054	0.848872303963	18.7545697556	0.0	73.1958007812	45.2289009094	-12.8835353851	0.977959811687	2.0	17.5400009155	21.0937004089	0.0	19.7999992371	0.0946377383231	1.0	1
1.0	118.31199646	1.0	1.0	306.675994873	1.0	1.0	0.0	10.0	0.0	0.0	0.0	0.0	0.0	0.0	0.0	0.0	2.0	1.0	37.8600006104	16.875	0.0	37.8600006104	0.0158189808662	1.0	1
1.0	630.476318359	1.0	1.0	185.25100708	1.0	1.0	25.3125	0.968245836552	0.0	0.995170176029	-0.0981649681926	2.51422876504	1.74177779097	70.0133972168	24.8772010803	-22.1082496643	0.643454790115	1.0	17.2399997711	52.7344017029	0.0	17.2399997711	0.141428370493	1.0	1
1.0	151.410003662	1.0	1.0	78.9966964722	1.0	1.0	8.4375	0.0	-0.127089977264	0.972541987896	0.194962367415	5.35335511861	0.0	72.0413970947	26.8400993347	-25.8240509033	0.26617243886	1.0	5.86000013351	23.2031002045	0.0	5.86000013351	0.0421624895764	1.0	1
1.0	151.410003662	1.0	1.0	78.9966964722	1.0	1.0	8.4375	0.0	-0.127089977264	0.972541987896	0.194962367415	5.35335511861	0.0	72.0413970947	26.8400993347	-25.8240509033	0.26617243886	1.0	5.86000013351	23.2031002045	0.0	5.86000013351	0.0421624895764	1.0	1
1.0	148.380401611	1.0	0.0	650.710021973	1.0	0.0	0.0	10.0	0.0	0.0	0.0	0.0	0.0	0.0	0.0	0.0	2.0	0.0	0.0	0.0	0.0	0.0	1.97350158495e-12	0.0	1
1.0	323.0362854	5.0	0.0	26.2756996155	1.0	0.0	0.0	10.0	0.0	0.0	0.0	0.0	0.0	0.0	0.0	0.0	2.0	0.0	0.0	0.0	0.0	0.0	1.97350158495e-12	1.0	1
1.0	129.832794189	1.0	1.0	1391.06616211	2.0	1.0	12.6562004089	0.0	0.999062120914	-0.032263983041	0.0288766492158	0.0	6.67668575188	68.1965484619	25.0198516846	-30.2491493225	0.40006506443	1.0	9.97999954224	27.4218997955	0.0	9.97999954224	0.187595415342	1.0	1
1.0	52.551399231	1.0	1.0	95.8290023804	1.0	1.0	12.6562004089	0.0	-0.999062120914	0.032263983041	-0.0288766492158	1.80765392033	0.0	68.1965484619	25.0198516846	-30.2491493225	0.40006506443	1.0	9.97999954224	27.4218997955	0.0	9.97999954224	0.063196667849	1.0	1
1.0	357.040008545	1.0	1.0	1327.69543457	3.0	2.0	52.7343997955	0.0	0.999062120914	-0.032263983041	0.0288766492158	9.53045911165	6.67668575188	68.1965484619	25.0198516846	-30.2491493225	0.40006506443	2.0	9.97999954224	71.7188014984	0.0	10.720000267	0.120697717912	1.0	1
1.0	282.520477295	3.0	1.0	700.415222168	4.0	2.0	32.6953992844	0.0	0.00145892018918	0.998947203159	0.045851778239	3.5787371649	23.7606832469	64.8679504395	28.9815502167	-44.5513000488	0.757083177567	1.0	11.3999996185	30.585899353	0.0	11.3999996185	0.0579430216781	1.0	1
1.0	198.64730835	2.0	2.0	153.031600952	2.0	2.0	54.8437986374	0.0	-0.031867351383	0.0424134209752	-0.998591780663	9.29356599791	2.92677068342	69.7410507202	24.5016498566	-23.7233009338	0.930260658264	2.0	3.09999990463	33.7499504089	1.0	3.09999990463	0.23294835768	1.0	1
1.0	30.7383995056	1.0	0.0	143.445602417	1.0	0.0	0.0	10.0	0.0	0.0	0.0	0.0	0.0	0.0	0.0	0.0	2.0	0.0	0.0	0.0	0.0	0.0	1.97350158495e-12	0.0	1
1.0	269.81451416	3.0	2.0	1460.0736084	4.0	2.0	44.2969017029	0.0	0.997515618801	0.0343107245862	0.061525631696	3.84940821075	24.7963728683	59.4645996094	48.2971992493	-49.4811477661	0.934050559998	3.0	5.92000007629	30.5858904123	0.0	7.73999977112	0.177400085342	1.0	1
1.0	293.722290039	3.0	3.0	1624.01147461	3.0	3.0	149.765733242	0.0	-0.0367099493742	0.997778356075	-0.0555951073766	19.7294567802	3.79636583721	68.9862518311	30.8512001038	-18.1334991455	0.991749346256	7.0	3.77999997139	44.2968307734	2.0	3.92000007629	0.791629560046	1.0	1
1.0	64.8921966553	2.0	0.0	143.445602417	1.0	0.0	0.0	10.0	0.0	0.0	0.0	0.0	0.0	0.0	0.0	0.0	2.0	0.0	0.0	0.0	0.0	0.0	1.97350158495e-12	1.0	1
1.0	539.629577637	2.0	2.0	1354.19665527	3.0	3.0	184.57047987	0.0	-0.0367099493742	0.997778356075	-0.0555951073766	19.7294567802	3.79636583721	68.9862518311	30.8512001038	-18.1334991455	0.991749346256	4.0	3.92000007629	37.9687908888	1.0	3.92000007629	0.922137740344	1.0	1
1.0	273.894622803	1.0	1.0	275.223999023	1.0	1.0	44.2968482971	2.60275433707	0.128032326698	0.647573411465	0.751170098782	13.0064047662	2.69869172931	69.9692001343	33.4171981812	-28.6126499176	0.374326914549	0.0	0.0	0.0	0.0	0.0	-1.0	0.0	1
1.0	1136.7947998	3.0	1.0	503.912536621	6.0	3.0	67.4999513626	0.0	0.998023867607	-0.0313627943397	0.0544500090182	0.0	30.7488169869	67.4472961426	51.0400009155	-27.3990001678	0.0640328526497	1.0	18.0799999237	54.8437995911	0.0	18.0799999237	0.979644933021	1.0	1
1.0	615.597595215	4.0	2.0	1412.01818848	6.0	3.0	88.5937681198	0.0	-0.0376651026309	-0.999288201332	-0.00210960791446	5.39742763144	1.64910209962	71.561050415	29.5463504791	-12.3092002869	0.857028543949	2.0	15.2600002289	109.6875	0.0	21.4400005341	0.21793260676	1.0	1
1.0	555.766174316	4.0	4.0	846.945617676	2.0	2.0	142.382819176	0.0	0.998023867607	-0.0313627943397	0.0544500090182	20.835770528	1.03946104509	67.4472961426	51.0400009155	-27.3990001678	0.508074998856	3.0	15.2600002289	170.859298706	0.0	21.4400005341	0.385117479848	1.0	1
1.0	188.800994873	2.0	1.0	275.223999023	1.0	1.0	40.0780982971	2.60275433707	0.128032326698	0.647573411465	0.751170098782	13.0064047662	2.69869172931	69.9692001343	33.4171981812	-28.6126499176	0.374326914549	0.0	0.0	0.0	0.0	0.0	0.0210906220281	1.0	1
1.0	273.894622803	1.0	1.0	1592.84179688	3.0	3.0	72.7734282017	1.70603051084	0.662901580334	0.584432661533	0.467974305153	0.0	2.69869605826	70.6130981445	29.1054000854	-14.3880500793	0.482779979706	0.0	0.0	0.0	0.0	0.0	0.141428467458	1.0	1
1.0	403.59161377	3.0	1.0	501.377716064	4.0	1.0	10.5468997955	3.94242308915	-0.452473968267	0.655814647675	-0.604296684265	3.20408712684	8.37751390675	67.8301467896	60.1145019531	-31.779548645	0.866604685783	0.0	0.0	0.0	0.0	0.0	0.141428569096	1.0	1
1.0	40.8926010132	1.0	1.0	645.390991211	1.0	1.0	42.1875	0.0	-0.0455106832087	0.99335193634	0.105739288032	3.43159741031	11.2777533779	71.3379516602	20.2977485657	-34.461151123	0.871307909489	1.0	6.03999996185	12.6562004089	0.0	6.03999996185	0.207863667452	1.0	1
1.0	1837.50683594	3.0	2.0	1030.79748535	5.0	3.0	119.179639339	0.0	0.991644620895	0.0	-0.128999441862	1.69635793209	22.4875338458	72.5144500732	43.5331993103	-26.9464492798	0.39784103632	4.0	2.46000003815	120.234376192	1.0	2.46000003815	0.552703149475	1.0	1
1.0	21.0081005096	1.0	1.0	135.852005005	1.0	1.0	31.6406002045	1.15144690835	0.691194713116	0.706964552402	-0.14983676374	1.00852586206	9.12815070953	72.3823013306	24.5862007141	-28.0881500244	0.31400769949	0.0	0.0	0.0	0.0	0.0	0.156896236942	1.0	1
1.0	156.860107422	2.0	1.0	58.8227005005	1.0	1.0	10.5468997955	0.0	0.991646230221	0.0	-0.128987833858	12.8526310346	1.00862420093	70.8860015869	21.3519992828	-23.472650528	0.625534892082	1.0	6.40000009537	13.7109003067	0.0	6.40000009537	0.156896236942	1.0	1
1.0	90.6323013306	1.0	0.0	279.004821777	1.0	0.0	0.0	10.0	0.0	0.0	0.0	0.0	0.0	0.0	0.0	0.0	2.0	0.0	0.0	0.0	0.0	0.0	1.97350158495e-12	0.0	1
1.0	421.17401123	4.0	2.0	1050.26757812	3.0	2.0	43.2421989441	0.0	-0.997638642788	0.0654127895832	-0.020935472101	2.12635311354	25.4333222729	71.0093002319	49.3473510742	-29.4431495667	0.164714366198	3.0	9.5	128.671901703	0.0	11.5799999237	0.0946379344382	1.0	1
1.0	1222.64746094	2.0	2.0	394.516601562	3.0	2.0	43.2422208786	0.0	-0.997638523579	0.0654148757458	-0.0209339521825	2.51325896457	1.84543874956	67.0894012451	23.7451515198	-51.6419525146	0.658998847008	1.0	8.93999958038	25.3125	0.0	8.93999958038	0.167166180048	1.0	1
1.0	1210.20776367	3.0	1.0	392.739501953	2.0	1.0	24.2577991486	0.0	0.997638642788	-0.0654127895832	0.020935472101	1.04268079347	19.3617402018	71.0093002319	49.3473510742	-29.4431495667	0.164714366198	1.0	11.5799999237	45.351600647	0.0	11.5799999237	0.0474253479562	1.0	1
1.0	556.233764648	2.0	2.0	1121.35180664	3.0	3.0	84.375020504	0.0	0.997638642788	-0.0654132217169	0.0209356117994	4.78016201431	1.77561930746	72.5283966064	27.5832500458	-20.3806495667	0.988974273205	3.0	8.93999958038	116.015701294	0.0	13.8599996567	0.329951211784	1.0	1
1.0	111.691001892	1.0	0.0	195.45980835	1.0	0.0	0.0	10.0	0.0	0.0	0.0	0.0	0.0	0.0	0.0	0.0	2.0	0.0	0.0	0.0	0.0	0.0	1.97350158495e-12	0.0	1
1.0	815.966674805	6.0	3.0	1380.62646484	6.0	3.0	98.0860409737	0.0	0.99415397644	0.0668610259891	-0.0847784727812	0.0	29.6589377404	67.2498474121	49.0728988647	-43.7498016357	0.0380339026451	2.0	8.35999965668	43.2421989441	1.0	10.720000267	0.549030705767	1.0	1
1.0	31.0252990723	1.0	1.0	325.766113281	3.0	1.0	26.3672394753	0.0	-0.99415397644	-0.0668610259891	0.0847784727812	1.08283014104	19.4226244953	67.2498474121	49.0728988647	-43.7498016357	0.0380339026451	2.0	7.73999977112	37.9687995911	0.0	8.57999992371	0.026361090704	1.0	1
1.0	192.356811523	2.0	1.0	212.523696899	2.0	2.0	29.5312399864	0.0	0.99415397644	0.0668610259891	-0.0847784727812	13.1337448779	9.05619224177	67.2498474121	49.0728988647	-43.7498016357	0.881361603737	2.0	8.35999965668	43.2421989441	0.0	8.57999992371	0.146592392159	1.0	1
1.0	237.343902588	3.0	3.0	1014.52783203	2.0	2.0	90.7031388283	0.0	0.99415397644	0.0668610259891	-0.0847784727812	0.0	25.6007256882	67.2498474121	49.0728988647	-43.7498016357	0.0380339026451	2.0	8.35999965668	43.2421989441	1.0	10.720000267	0.242897695866	1.0	1
1.0	95.2008056641	3.0	2.0	683.106994629	6.0	1.0	54.8437004089	0.0	0.0301975347102	0.980890333652	0.192203626037	4.4375945605	28.6352755165	64.724105835	22.3464508057	-48.8170471191	0.622159481049	1.0	11.0399999619	37.9687995911	0.0	11.0399999619	0.26754577609	1.0	1
1.0	111.902999878	1.0	1.0	445.9402771	1.0	1.0	1.0546900034	0.0	-0.998940467834	0.030721899122	-0.0342630334198	2.11945517179	2.47518950228	69.0943450928	28.6671485901	-20.9902496338	0.941460907459	1.0	9.22000026703	15.8203001022	0.0	9.22000026703	0.00527340113391	1.0	1
1.0	75.8067016602	1.0	0.0	66.5242004395	1.0	0.0	0.0	10.0	0.0	0.0	0.0	0.0	0.0	0.0	0.0	0.0	2.0	0.0	0.0	0.0	0.0	0.0	1.97350158495e-12	0.0	1
1.0	332.62109375	4.0	3.0	1107.70568848	2.0	2.0	101.250001907	1.55418142392	-0.413856297731	0.845935106277	-0.336328446865	0.0	21.1593554428	64.6913452148	50.9759521484	-47.1801490784	0.189237415791	1.0	13.7399997711	16.875	1.0	13.7399997711	0.282170712732	1.0	1
1.0	94.37159729	1.0	1.0	925.15020752	3.0	1.0	21.0937104225	0.0	0.00548739824444	0.967637240887	0.252285242081	0.0	3.43173427812	71.1831512451	25.3927993774	-18.9781494141	0.93913936615	2.0	0.939999997616	6.32812988758	0.0	2.46000003815	0.187595268124	1.0	1
1.0	94.37159729	1.0	0.0	292.397094727	3.0	0.0	0.0	10.0	0.0	0.0	0.0	0.0	0.0	0.0	0.0	0.0	2.0	0.0	0.0	0.0	0.0	0.0	1.97350158495e-12	1.0	1
1.0	75.8067016602	1.0	1.0	676.071166992	2.0	1.0	13.7109003067	0.0	0.00548739824444	0.967637240887	0.252285242081	0.0	1.00244099003	71.1831512451	25.3927993774	-18.9781494141	0.93913936615	1.0	0.939999997616	1.0546900034	0.0	0.939999997616	0.0684473073953	1.0	1
1.0	227.303405762	1.0	0.0	124.700996399	1.0	0.0	0.0	10.0	0.0	0.0	0.0	0.0	0.0	0.0	0.0	0.0	2.0	0.0	0.0	0.0	0.0	0.0	1.97350158495e-12	0.0	1
1.0	381.995788574	2.0	1.0	471.970397949	2.0	2.0	16.8749505281	0.0	0.0348400697112	-0.99781614542	-0.0561169870198	2.22030520669	8.82785622517	72.7254486084	42.0787010193	-3.75144481659	0.348763972521	2.0	7.13999986649	30.5859003067	0.0	8.46000003815	0.0946375912368	1.0	1
1.0	483.019897461	1.0	1.0	595.093200684	4.0	2.0	39.023519516	0.0	0.034840170294	-0.997819066048	-0.0560650862753	10.4812218008	2.70457587141	71.5825500488	30.4349002838	-31.8649997711	0.10588978976	2.0	5.86000013351	70.6640014648	0.0	6.11999988556	0.0421624895764	1.0	1
1.0	666.125366211	1.0	1.0	1258.06176758	4.0	2.0	37.9687108994	0.0	-0.99450480938	-0.0316149406135	0.0998030155897	1.75802461828	22.2301746296	72.4568481445	44.8473510742	-34.1021995544	0.155453205109	4.0	4.03999996185	176.132799149	1.0	7.34000015259	0.167166231035	1.0	1
1.0	438.821990967	1.0	1.0	399.359710693	2.0	2.0	14.7656202316	0.0	0.994504868984	0.0316151604056	-0.0998019948602	1.44422880218	13.1662884107	71.0133514404	30.9085502625	-31.7820014954	0.677153170109	2.0	5.86000013351	103.359296799	0.0	23.7199993134	0.0736942574279	1.0	1
1.0	290.179992676	2.0	1.0	263.939605713	3.0	1.0	30.585899353	0.0	-0.132850050926	0.99033498764	0.039843596518	3.23171002712	13.2416845175	69.8629455566	28.7490997314	-28.2625007629	0.166464537382	1.0	15.9600000381	43.2421989441	0.0	15.9600000381	0.151748335913	1.0	1
1.0	145.089996338	1.0	1.0	154.350799561	1.0	1.0	30.585899353	0.0	-0.132850050926	0.99033498764	0.039843596518	3.23171002712	2.26898071125	69.8629455566	28.7490997314	-28.2625007629	0.166464537382	2.0	15.9600000381	56.9530992508	0.0	19.1399993896	0.151748335913	1.0	1
1.0	307.157989502	1.0	1.0	944.626831055	1.0	1.0	52.7344017029	2.23153313729	0.106206797063	-0.184743374586	0.977031230927	0.968763259059	14.2173178151	72.4199523926	43.7458992004	-32.9061508179	0.152063116431	0.0	0.0	0.0	0.0	0.0	0.257726866721	1.0	1
1.0	242.330993652	1.0	1.0	57.1097984314	1.0	1.0	0.0	10.0	0.0	0.0	0.0	0.0	0.0	0.0	0.0	0.0	2.0	2.0	19.1399993896	29.5312004089	0.0	19.7399997711	0.151748335913	1.0	1
1.0	1180.47766113	3.0	2.0	535.819335938	4.0	2.0	23.2031202316	0.0	0.0619141533971	0.0824852958322	-0.994667172432	22.8769877253	1.46330127122	65.9978027344	33.6196517944	-47.4351501465	0.0813303887844	3.0	13.6199998856	69.6093187332	0.0	19.7800006866	0.167166231035	1.0	1
1.0	190.886001587	1.0	1.0	254.514007568	1.0	1.0	16.875	0.0	-0.105761833489	-0.988721013069	-0.106043465436	2.36800861281	3.12162537517	67.2785491943	34.2058029175	-49.5002975464	0.304123073816	1.0	15.1400003433	39.023399353	0.0	15.1400003433	0.084175342706	1.0	1
1.0	540.843017578	2.0	2.0	825.497009277	1.0	1.0	112.85149765	0.0	-0.105753533542	-0.988711774349	-0.106137566268	28.8602294134	2.09629826126	75.3142547607	32.618598938	-16.6956501007	0.786149144173	2.0	4.03999996185	79.1014976501	1.0	4.03999996185	0.567182175326	1.0	1
1.0	308.549804688	1.0	1.0	138.369995117	1.0	1.0	6.32812023163	3.10413920414	0.206509262323	0.978174984455	-0.0229686852545	12.3284987863	12.8907504729	70.8511047363	32.7634506226	-39.0926017761	0.867450833321	0.0	0.0	0.0	0.0	0.0	-1.0	0.0	1
1.0	219.48348999	3.0	2.0	1277.14050293	2.0	1.0	78.0469236374	1.9228416431	0.0354603305459	0.819054663181	0.572618484497	0.0	22.2380421256	72.806350708	40.1884002686	-25.1761493683	0.845913887024	1.0	25.2199993134	67.5	1.0	25.2199993134	0.475224162314	1.0	1
1.0	472.366973877	4.0	2.0	749.10748291	2.0	2.0	29.5312809944	0.0	0.0613279417157	0.124551050365	0.990316033363	1.42510125654	14.5667508842	60.1517028809	52.5779495239	-52.9245491028	0.43107816577	4.0	10.9200000763	71.7188034058	2.0	15.4399995804	0.992237094829	1.0	1
1.0	135.189300537	3.0	1.0	1087.875	1.0	1.0	7.38281011581	0.0	0.00908913370222	-0.988961935043	0.147890582681	10.2794985685	0.0	68.8894500732	21.5088500977	-17.7877006531	0.865434408188	1.0	7.34000015259	18.9843997955	1.0	7.34000015259	0.0316300466246	1.0	1
1.0	244.47869873	1.0	0.0	236.274002075	1.0	0.0	0.0	10.0	0.0	0.0	0.0	0.0	0.0	0.0	0.0	0.0	2.0	0.0	0.0	0.0	0.0	0.0	1.97350158495e-12	0.0	1
1.0	1422.56848145	4.0	4.0	2372.59057617	5.0	2.0	159.257899284	0.0	-0.0274957958609	0.995361626148	-0.0921922102571	15.2562148141	26.8756336226	72.6251525879	33.8460998535	-39.9407501221	0.252969771624	12.0	7.80000019073	367.0311867	6.0	37.1800003052	0.966454765886	1.0	1
1.0	639.910400391	3.0	1.0	954.941650391	6.0	2.0	41.1327803135	0.0	-0.0274957958609	0.995361626148	-0.0921922102571	7.65297432716	30.5035178235	72.6251525879	33.8460998535	-39.9407501221	0.252969771624	2.0	7.80000019073	69.6093997955	0.0	16.7399997711	0.202812436711	1.0	1
1.0	1048.46765137	5.0	4.0	1030.4185791	5.0	2.0	129.726580858	0.0	0.996334850788	0.0317177325487	0.0794399529696	17.2823730987	29.3145769437	71.833404541	34.5802497864	-37.2136001587	0.553013503551	4.0	7.73999977112	97.0311876535	0.0	16.7399997711	0.984325750112	1.0	1
1.0	393.790710449	2.0	0.0	278.934692383	1.0	0.0	0.0	10.0	0.0	0.0	0.0	0.0	0.0	0.0	0.0	0.0	2.0	0.0	0.0	0.0	0.0	0.0	1.97350158495e-12	1.0	1
1.0	210.022003174	1.0	1.0	1913.16796875	3.0	2.0	60.1171989441	0.0	-0.996334850788	-0.0317177325487	-0.0794399529696	1.5190679241	19.6831049782	71.833404541	34.5802497864	-37.2136001587	0.84635746479	2.0	8.56000041962	78.0468978882	0.0	16.7399997711	0.291848786289	1.0	1
1.0	237.915496826	2.0	2.0	2105.140625	3.0	2.0	97.0311994553	0.0	-0.0274957995862	0.995361745358	-0.0921904072165	3.22643924505	11.5794401876	72.460647583	35.137802124	-24.3468513489	0.350163668394	2.0	8.56000041962	78.0468978882	0.0	16.7399997711	0.394063518557	1.0	1
1.0	444.323699951	4.0	2.0	1892.01269531	5.0	2.0	28.476600647	0.0	0.035401660949	0.998044669628	-0.0515129864216	3.01658543922	26.8023272514	60.8208999634	21.004699707	-46.4750976562	0.0849183797836	3.0	6.59999990463	63.2813014984	3.0	12.5	0.212903746302	1.0	1
1.0	46.8559989929	1.0	1.0	811.093994141	1.0	1.0	0.0	10.0	0.0	0.0	0.0	0.0	0.0	0.0	0.0	0.0	2.0	2.0	11.5600004196	47.460899353	1.0	11.5600004196	0.212903746302	1.0	1
1.0	33.9301986694	1.0	1.0	811.093994141	1.0	1.0	0.0	10.0	0.0	0.0	0.0	0.0	0.0	0.0	0.0	0.0	2.0	1.0	11.5600004196	25.3125	1.0	11.5600004196	0.125891039694	1.0	1
1.0	46.8559989929	1.0	1.0	811.093994141	1.0	1.0	0.0	10.0	0.0	0.0	0.0	0.0	0.0	0.0	0.0	0.0	2.0	2.0	11.5600004196	47.460899353	1.0	11.5600004196	0.212903746302	1.0	1
1.0	236.492996216	1.0	1.0	164.18888855	1.0	1.0	17.9297008514	2.56173769149	0.0103259831667	0.966935813427	-0.254810661077	7.01865843036	1.39093618447	75.796005249	29.9363498688	-29.2990989685	0.637048661709	0.0	0.0	0.0	0.0	0.0	-1.0	0.0	1
1.0	376.581115723	5.0	3.0	661.276428223	4.0	3.0	49.570381403	0.0	0.0103268707171	0.966933429241	-0.254819601774	20.1969603112	23.8981795507	75.4044952393	25.9440498352	-19.6329498291	0.433551341295	2.0	11.7600002289	78.0468978882	1.0	11.7600002289	0.146592582294	1.0	1
1.0	524.20098877	1.0	1.0	164.18888855	1.0	1.0	17.9297008514	2.56173769149	0.0103259831667	0.966935813427	-0.254810661077	7.01865843036	1.39093618447	75.796005249	29.9363498688	-29.2990989685	0.637048661709	0.0	0.0	0.0	0.0	0.0	0.177400085342	1.0	1
1.0	156.64100647	1.0	0.0	334.167907715	1.0	0.0	0.0	10.0	0.0	0.0	0.0	0.0	0.0	0.0	0.0	0.0	2.0	0.0	0.0	0.0	0.0	0.0	1.97350158495e-12	0.0	1
1.0	870.228881836	6.0	3.0	1689.98974609	5.0	3.0	13.7109003067	0.0	-0.00527095468715	0.990971207619	-0.133971348405	20.1814930958	2.35026915206	73.133895874	26.171749115	-22.725151062	0.545315265656	6.0	7.63999986649	164.531304359	0.0	34.4199981689	0.0684473073953	1.0	1
1.0	468.182861328	5.0	3.0	1477.65393066	2.0	2.0	59.0625200272	0.0	0.00527096353471	-0.990970909595	0.133973419666	4.96021502183	31.0938952572	74.2673034668	30.2280502319	-23.3183498383	0.291568040848	3.0	9.73999977112	71.7187896967	0.0	18.2399997711	0.394063945515	1.0	1
1.0	555.205688477	2.0	2.0	595.236572266	3.0	2.0	48.5156993866	0.0	-0.0052789254114	0.990969121456	-0.133986279368	21.7945073199	1.87091866393	74.2726974487	29.2140007019	-23.1812496185	0.247062161565	1.0	18.2399997711	49.5703010559	0.0	18.2399997711	0.315780707867	1.0	1
1.0	724.029785156	4.0	2.0	271.511383057	5.0	5.0	60.1172008514	0.0	0.00517827365547	-0.99097019434	0.13398270309	2.04666847177	4.78739145818	61.5192489624	48.5643997192	-53.5319519043	0.395656347275	4.0	9.73999977112	90.7031002045	0.0	15.8000001907	0.156896140434	1.0	1
1.0	2233.23730469	3.0	3.0	1353.28259277	10.0	8.0	191.95321238	0.0	-0.997972309589	-0.0619407780468	-0.0146503942087	14.6147936559	30.1954913885	69.4729003906	48.5214500427	-38.8314971924	0.0109440982342	4.0	8.10000038147	198.281299591	0.0	17.2600002289	0.19775067577	1.0	1
1.0	1143.4543457	2.0	1.0	785.619018555	2.0	2.0	34.8047008514	0.0	0.0767913758755	-0.99202144146	-0.0999824926257	14.7611915674	10.7761274912	72.0798950195	48.0674972534	-24.0773010254	0.98136138916	1.0	17.2600002289	95.976600647	0.0	17.2600002289	0.222949740121	1.0	1
1.0	361.092712402	3.0	1.0	668.507995605	1.0	1.0	3.16406011581	2.69191937476	-0.343179881573	-0.709655642509	-0.615318179131	0.0	14.9981159299	64.4630508423	28.9972496033	-50.4603004456	0.581960558891	0.0	0.0	0.0	0.0	0.0	0.177400076106	1.0	1
1.0	143.135696411	2.0	2.0	265.126708984	3.0	1.0	16.875	1.2340178154	-0.592947006226	0.0237250048667	-0.804891884327	6.9228074111	0.0	72.8838043213	44.461151123	-22.2196998596	0.0364846289158	1.0	11.1000003815	26.3672008514	0.0	11.1000003815	0.084175342706	1.0	1
1.0	491.692504883	3.0	1.0	220.351013184	5.0	2.0	52.7344017029	1.60518226016	0.310062170029	0.105241924524	0.944873273373	19.5378293606	11.4665285708	72.8901519775	25.2703514099	-26.5508499146	0.715643167496	0.0	0.0	0.0	0.0	0.0	0.343974648072	1.0	1
1.0	390.630493164	1.0	1.0	228.000106812	1.0	1.0	26.3672008514	2.74924900898	-0.138746470213	0.983740568161	-0.114034332335	15.9448522028	6.79355808749	72.0899505615	33.970249176	-41.8406982422	0.986419677734	0.0	0.0	0.0	0.0	0.0	-1.0	0.0	1
1.0	110.014198303	4.0	2.0	897.652709961	4.0	2.0	22.148399353	0.0	-0.00983937084675	0.992209851742	-0.124189011753	2.89121285724	27.4261648621	66.5373535156	24.9836006165	-48.4478988647	0.652052223682	2.0	10.220000267	48.5155982971	0.0	12.2399997711	0.0210908794056	1.0	1
1.0	41.4546012878	2.0	2.0	577.176025391	2.0	2.0	74.8828010559	0.0	-0.00983937084675	0.992209851742	-0.124189011753	6.09206018738	27.4261648621	66.5373535156	24.9836006165	-48.4478988647	0.652052223682	2.0	6.21999979019	43.2421989441	0.0	10.220000267	0.237929296323	1.0	1
1.0	41.4546012878	2.0	2.0	851.414794922	3.0	2.0	69.6093997955	0.0	-0.00983937084675	0.992209851742	-0.124189011753	6.09206018738	27.4261648621	66.5373535156	24.9836006165	-48.4478988647	0.652052223682	1.0	10.220000267	24.2577991486	0.0	10.220000267	0.446149906551	1.0	1
1.0	25.5104999542	1.0	1.0	365.119995117	1.0	1.0	22.148399353	0.0	-0.00983937084675	0.992209851742	-0.124189011753	2.89121285724	2.04793771427	66.5373535156	24.9836006165	-48.4478988647	0.652052223682	1.0	10.220000267	24.2577991486	0.0	10.220000267	0.0210908794056	1.0	1
1.0	173.231399536	1.0	1.0	302.74899292	1.0	1.0	18.9843997955	3.56484225723	0.033800534904	0.987822413445	-0.151870116591	3.13175508914	6.89853482378	72.2149047852	35.5723495483	-41.4636993408	0.576120555401	0.0	0.0	0.0	0.0	0.0	-1.0	0.0	1
1.0	1525.07922363	4.0	2.0	1223.94946289	3.0	1.0	26.3672008514	2.7358873817	0.0318799316883	0.935986459255	-0.350589782	5.65120847488	16.7333044855	72.9028015137	22.640750885	-35.0308990479	0.786509394646	2.0	6.59999990463	44.2969017029	0.0	13.3800001144	0.0946379344382	1.0	1
1.0	123.274002075	1.0	0.0	473.311004639	1.0	0.0	0.0	10.0	0.0	0.0	0.0	0.0	0.0	0.0	0.0	0.0	2.0	0.0	0.0	0.0	0.0	0.0	1.97350158495e-12	0.0	1
1.0	616.36920166	6.0	0.0	133.927200317	2.0	0.0	0.0	10.0	0.0	0.0	0.0	0.0	0.0	0.0	0.0	0.0	2.0	0.0	0.0	0.0	0.0	0.0	1.97350158495e-12	1.0	1
1.0	25.8722991943	1.0	1.0	1789.75488281	4.0	1.0	0.0	10.0	0.0	0.0	0.0	0.0	0.0	0.0	0.0	0.0	2.0	3.0	12.6000003815	75.9375	0.0	15.4399995804	0.0316300466246	1.0	1
1.0	196.325195312	1.0	1.0	228.285095215	2.0	1.0	0.0	10.0	0.0	0.0	0.0	0.0	0.0	0.0	0.0	0.0	2.0	2.0	15.4399995804	59.0625	0.0	15.4399995804	0.115497879689	1.0	1
1.0	587.453186035	2.0	1.0	593.541137695	3.0	1.0	0.0	10.0	0.0	0.0	0.0	0.0	0.0	0.0	0.0	0.0	2.0	2.0	15.4399995804	59.0625	0.0	15.4399995804	0.084175342706	1.0	1
1.0	1760.20678711	6.0	1.0	133.04649353	4.0	1.0	5.85562992096	4.09995132045	-0.397808551788	0.854565620422	-0.333865135908	2.07209326974	5.17801175405	67.8342514038	51.1525497437	-51.5162010193	0.94322013855	0.0	0.0	0.0	0.0	0.0	0.267790950815	1.0	2
1.0	218.196899414	2.0	1.0	26.6093006134	1.0	1.0	19.0307998657	2.81381237352	-0.121233835816	-0.671184718609	0.731309354305	7.82345813515	0.0	72.7053070068	20.7934494019	-24.0250511169	0.808936476707	0.0	0.0	0.0	0.0	0.0	0.130994568783	1.0	2
1.0	135.707992554	1.0	1.0	26.6093006134	1.0	1.0	19.0307998657	2.81381237352	-0.121233835816	-0.671184718609	0.731309354305	7.82345813515	0.0	72.7053070068	20.7934494019	-24.0250511169	0.808936476707	0.0	0.0	0.0	0.0	0.0	0.0948678518632	1.0	2
1.0	135.707992554	1.0	1.0	26.6093006134	1.0	1.0	19.0307998657	2.81381237352	-0.121233835816	-0.671184718609	0.731309354305	7.82345813515	0.0	72.7053070068	20.7934494019	-24.0250511169	0.808936476707	0.0	0.0	0.0	0.0	0.0	0.0948678518632	1.0	2
1.0	290.92199707	4.0	3.0	785.84387207	6.0	4.0	28.4765300751	0.0	0.0	-0.978769719601	0.204963251948	1.8637351197	5.02331865565	70.2655029297	32.8537521362	-14.5672502518	0.752162456512	2.0	9.15999984741	63.2812004089	0.0	10.5799999237	0.454557019695	1.0	2
1.0	324.626403809	1.0	1.0	140.139007568	1.0	1.0	30.585899353	1.3372508949	-0.504208445549	0.365161091089	-0.782579898834	15.0605112876	1.8170675407	66.4228057861	32.6241989136	-47.5778999329	0.723574280739	0.0	0.0	0.0	0.0	0.0	0.151748335913	1.0	2
1.0	324.626403809	1.0	1.0	39.0261001587	1.0	1.0	4.21875	1.89736657097	0.0	0.169260948896	0.985571265221	3.21863148295	2.4103186752	69.1676025391	35.6370506287	-20.5316505432	0.547347068787	0.0	0.0	0.0	0.0	0.0	0.0210906220281	1.0	2
1.0	97.5652999878	1.0	1.0	342.364990234	1.0	1.0	8.4375	2.29829933483	-0.176655307412	0.798898637295	0.574938118458	1.09790036348	4.80842695404	69.7165527344	35.1272506714	-23.5002002716	0.677008867264	0.0	0.0	0.0	0.0	0.0	0.0421624895764	1.0	2
1.0	184.160797119	3.0	0.0	119.081001282	1.0	0.0	0.0	10.0	0.0	0.0	0.0	0.0	0.0	0.0	0.0	0.0	2.0	0.0	0.0	0.0	0.0	0.0	1.97350158495e-12	1.0	2
1.0	433.401184082	2.0	1.0	33.2319984436	1.0	1.0	0.0	10.0	0.0	0.0	0.0	0.0	0.0	0.0	0.0	0.0	2.0	2.0	10.0399999619	45.1977005005	0.0	12.8599996567	0.0751873353336	1.0	2
1.0	1892.34143066	6.0	5.0	1100.67382812	6.0	5.0	195.856889784	0.0	0.00221859407611	-0.998693346977	0.0510551854968	21.1605460061	1.72362831699	70.8245010376	29.3845005035	-22.362701416	0.732339978218	11.0	6.71999979019	326.132834017	8.0	32.8199996948	0.985988993031	1.0	2
1.0	1806.78955078	5.0	2.0	692.071289062	6.0	3.0	75.3295903802	0.0	-0.999198913574	0.0	0.0400191880763	22.7634157301	2.76651159181	70.254447937	28.8761005402	-23.6998996735	0.426819086075	5.0	6.13999986649	124.072210789	4.0	21.7399997711	0.68447638533	1.0	2
1.0	852.957824707	5.0	5.0	775.068237305	2.0	2.0	38.994130671	2.44948974278	0.0427689068019	0.0422918088734	0.99818944931	22.1998081508	18.0882810982	72.7684020996	36.0455474854	-24.8610496521	0.172607079148	3.0	11.0399999619	89.5093412399	3.0	32.8199996948	0.9887577569	1.0	2
1.0	54.90599823	1.0	1.0	35.7527008057	1.0	1.0	19.4971008301	0.0	0.00210850709118	-0.998693466187	0.0510572008789	0.90107743885	1.95070033824	62.5974502563	26.5321006775	-46.8368988037	0.800135493279	0.0	0.0	0.0	1.0	9.69999980927	0.2222188438	1.0	2
1.0	255.376983643	2.0	0.0	233.669998169	1.0	0.0	0.0	10.0	0.0	0.0	0.0	0.0	0.0	0.0	0.0	0.0	2.0	0.0	0.0	0.0	0.0	0.0	1.97350158495e-12	1.0	2
1.0	127.688293457	1.0	1.0	130.242004395	1.0	1.0	15.0659208894	0.0	-0.00221859384328	0.998693227768	-0.0510572940111	0.900976689519	0.0	61.5638999939	31.0312995911	-47.0260009766	0.0323362872005	1.0	6.13999986649	6.20360994339	1.0	6.13999986649	0.105948535251	1.0	2
1.0	812.766479492	5.0	4.0	1629.34143066	5.0	2.0	145.019598007	0.0	-0.105048105121	-0.992555141449	-0.0616372898221	12.9289876604	25.2928176274	66.5774536133	47.4538497925	-27.3631000519	0.419666111469	3.0	10.1599998474	75.146478653	3.0	31.4799995422	0.673642968707	1.0	2
1.0	2120.42749023	3.0	3.0	605.291992188	4.0	3.0	127.880919099	0.0	-0.995590925217	0.0936336964369	-0.0056022638455	16.4821551379	14.0836202077	66.869102478	25.5979003906	-19.5721511841	0.114863425493	3.0	10.1599998474	97.5586013794	3.0	22.7800006866	0.9951122358	1.0	2
1.0	258.866699219	2.0	2.0	188.440002441	1.0	1.0	30.3222999573	2.56173769149	0.105000302196	0.992561221123	0.0616215541959	13.9671370495	0.0	65.8475952148	10.6092004776	-27.7914505005	0.703711748123	1.0	17.6200008392	11.8652000427	1.0	17.6200008392	0.0329470718401	1.0	2
1.0	188.440002441	1.0	1.0	1218.19995117	1.0	1.0	7.9101600647	0.0	0.995590925217	-0.0936336964369	0.0056022638455	2.06087256294	3.7597043674	66.869102478	25.5979003906	-19.5721511841	0.114863425493	1.0	17.6200008392	55.3711013794	1.0	17.6200008392	0.306253880294	1.0	2
1.0	134.173202515	1.0	0.0	209.895004272	1.0	0.0	0.0	10.0	0.0	0.0	0.0	0.0	0.0	0.0	0.0	0.0	2.0	0.0	0.0	0.0	0.0	0.0	1.97350158495e-12	0.0	2
1.0	1268.66748047	3.0	1.0	1644.61865234	4.0	2.0	3.6597700119	3.96372295003	-0.0442722849548	0.690458774567	-0.722015678883	22.4339933498	18.5790604724	71.37550354	29.0846500397	-34.9975509644	0.255959182978	6.0	4.86000013351	73.927262187	0.0	25.9799995422	0.188043179009	1.0	2
1.0	553.963256836	2.0	1.0	1129.18115234	2.0	2.0	3.6597700119	3.96372295003	-0.0442722849548	0.690458774567	-0.722015678883	22.4339933498	18.5790604724	71.37550354	29.0846500397	-34.9975509644	0.255959182978	4.0	4.86000013351	36.5976337194	0.0	12.6400003433	0.188043179009	1.0	2
1.0	92.9914016724	1.0	1.0	1018.92028809	2.0	2.0	40.257399559	0.0	0.0131471930072	-0.976927280426	0.213167056441	1.82140700544	7.68333260073	72.141204834	26.6230506897	-22.510799408	0.587166428566	4.0	5.63999986649	52.7005901337	0.0	15.8599996567	0.198611865633	1.0	2
1.0	580.532226562	2.0	1.0	572.561096191	3.0	1.0	3.6597700119	3.96372295003	-0.0442722849548	0.690458774567	-0.722015678883	22.4339933498	20.3737919923	71.37550354	29.0846500397	-34.9975509644	0.255959182978	0.0	0.0	0.0	0.0	0.0	0.188043179009	1.0	2
