valid	volumeS1	connectedComponentsS1	connectedComponentsS1Rel	volumeS2	connectedComponentsS2	connectedComponentsS2Rel	corticalSize	distanceMin	direction_x	direction_y	direction_z	distanceToExtremity1	distanceToExtremity2	gravityCenter_x	gravityCenter_y	gravityCenter_z	corticalDotProduct	junctions	junctionDepthMin	junctionsSize	plisDePassage	plisDePassageDepthMax	Potential	Class	cycle
1.0	152.369995117	1.0	1.0	48.5816001892	1.0	1.0	26.3672008514	2.95743645697	-0.0201351474971	-0.754417836666	0.656085550785	4.98661748971	0.0	0.0615463554859	20.4526500702	-64.1972961426	0.101502031088	0.0	0.0	0.0	0.0	0.0	-1.0	0.0	1
1.0	1177.00024414	6.0	3.0	1128.4173584	3.0	3.0	150.293022156	0.0	0.99934732914	-0.0346106551588	-0.0103437267244	4.20220959987	18.6967636164	2.57392001152	42.3941001892	-59.888999939	0.275143146515	1.0	11.5399999619	47.460899353	1.0	11.5399999619	0.965662926991	1.0	1
1.0	1040.08886719	6.0	2.0	1015.79638672	1.0	1.0	89.6484012604	1.73205080757	0.0162564925849	0.167167142034	0.985794603825	38.6174032401	18.1968018122	0.426688998938	27.0382995605	-51.7638015747	0.699968576431	0.0	0.0	0.0	0.0	0.0	0.874363669596	1.0	1
1.0	900.968139648	5.0	3.0	1099.71008301	2.0	2.0	119.970722198	0.0	0.99934732914	-0.0346106551588	-0.0103437267244	33.8556542141	18.6967636164	2.57392001152	42.3941001892	-59.888999939	0.275143146515	1.0	11.5399999619	47.460899353	1.0	11.5399999619	0.970992721481	1.0	1
1.0	618.312011719	2.0	1.0	48.5816001892	1.0	1.0	26.3672008514	2.95743645697	-0.0201351474971	-0.754417836666	0.656085550785	4.98661748971	0.0	0.0615463554859	20.4526500702	-64.1972961426	0.101502031088	0.0	0.0	0.0	0.0	0.0	0.478278662654	1.0	1
1.0	1168.16723633	6.0	3.0	965.006591797	1.0	1.0	98.8769216537	0.0	0.99934732914	-0.0346106551588	-0.0103437267244	4.20220959987	0.0	2.57392001152	42.3941001892	-59.888999939	0.275143146515	1.0	11.5399999619	47.460899353	1.0	11.5399999619	0.979591672816	1.0	1
1.0	295.906311035	2.0	0.0	1042.29553223	2.0	0.0	0.0	10.0	0.0	0.0	0.0	0.0	0.0	0.0	0.0	0.0	2.0	0.0	0.0	0.0	0.0	0.0	0.00181858925063	1.0	1
1.0	1090.8782959	5.0	3.0	1126.20922852	3.0	3.0	160.839922905	0.0	0.99934732914	-0.0346106551588	-0.0103437267244	4.20220959987	0.0	2.57392001152	42.3941001892	-59.888999939	0.275143146515	1.0	11.5399999619	47.460899353	1.0	11.5399999619	0.975822492179	1.0	1
1.0	1168.16723633	6.0	2.0	916.424987793	1.0	1.0	60.6445207596	0.0	0.99934732914	-0.0346106551588	-0.0103437267244	4.20220959987	0.0	2.57392001152	42.3941001892	-59.888999939	0.275143146515	1.0	11.5399999619	47.460899353	1.0	11.5399999619	0.984690456826	1.0	1
1.0	133.132995605	1.0	1.0	80.5372009277	1.0	1.0	44.2969017029	3.60771398596	-0.291579514742	-0.878832757473	0.377669543028	5.44309902219	0.0	6.64202022552	20.4200000763	-76.0949020386	0.0345283225179	0.0	0.0	0.0	0.0	0.0	-1.0	0.0	1
1.0	443.776977539	4.0	1.0	100.260696411	2.0	1.0	12.6562004089	2.86084946935	0.054658960551	-0.713355362415	0.698667645454	18.7724328695	7.67184765222	3.41939020157	22.151550293	-56.9626464844	0.500864982605	0.0	0.0	0.0	0.0	0.0	0.618431397257	1.0	1
1.0	583.484008789	3.0	2.0	249.829696655	3.0	2.0	97.0312409401	0.0	0.0462032407522	0.993749082088	-0.10162679106	4.22553888078	17.5107362783	3.70296502113	12.7870502472	-58.8540992737	0.604930996895	2.0	9.22000026703	54.8437004089	2.0	10.1599998474	0.687790205109	1.0	1
1.0	195.590393066	2.0	2.0	80.5372009277	1.0	1.0	62.2266025543	3.2286684862	0.0471763424575	-0.971807420254	0.231008261442	14.6340637813	2.31876349844	3.43349504471	19.9451999664	-58.8949508667	0.160840466619	0.0	0.0	0.0	0.0	0.0	0.23294812318	1.0	1
1.0	163.279998779	1.0	1.0	227.548995972	1.0	1.0	47.3730010986	3.1937595315	-0.52948987484	-0.846310555935	0.0583006367087	0.0	2.59878382482	8.27843475342	23.2696990967	-75.7715988159	0.17640760541	0.0	0.0	0.0	0.0	0.0	-1.0	0.0	1
1.0	199.757400513	2.0	2.0	727.809692383	1.0	1.0	108.281202316	2.36206053426	-0.0165689140558	0.0358890555799	0.999218404293	5.00990573025	8.87106966917	3.91955518723	40.2451477051	-52.9483032227	0.981658816338	0.0	0.0	0.0	0.0	0.0	0.172287761493	1.0	1
1.0	965.781982422	2.0	2.0	264.026397705	2.0	2.0	78.3104916811	3.1937595315	-0.52948987484	-0.846310555935	0.0583006367087	19.9655105757	2.59878382482	8.27843475342	23.2696990967	-75.7715988159	0.17640760541	0.0	0.0	0.0	0.0	0.0	0.326029433724	1.0	1
1.0	334.508605957	1.0	1.0	180.711700439	1.0	1.0	76.3232213259	2.89975694098	-0.678623974323	-0.662136673927	-0.317875057459	12.5237993651	1.72931531091	17.7237510681	31.2164001465	-86.0592498779	0.371950447559	0.0	0.0	0.0	0.0	0.0	-1.0	0.0	1
1.0	1153.4777832	8.0	5.0	455.624237061	4.0	4.0	347.402339935	0.0	0.0429310575128	0.98594981432	-0.161430776119	40.2405653612	24.3805332261	2.59910988808	28.409450531	-59.2432479858	0.446055114269	4.0	5.96000003815	117.116699219	4.0	9.93999958038	0.990353472095	1.0	1
1.0	1216.9197998	7.0	4.0	309.516876221	4.0	4.0	253.972049832	0.0	-0.998985350132	0.0365972295403	-0.0262437704951	11.6184726561	29.8049782915	2.80138492584	15.0163993835	-63.5372505188	0.507714986801	4.0	5.96000003815	73.6913995743	4.0	9.93999958038	0.945723483029	1.0	1
1.0	1159.24572754	7.0	5.0	342.198760986	5.0	3.0	213.178756714	0.0	0.0429964624345	0.985947549343	-0.161427482963	19.7530059458	6.5843661822	18.5460510254	39.1368484497	-81.4940490723	0.404327094555	3.0	5.96000003815	88.1666002274	2.0	8.77999973297	0.997437269032	1.0	1
1.0	620.955993652	3.0	1.0	332.586395264	2.0	2.0	86.8505212069	2.89975694098	-0.678623974323	-0.662136673927	-0.317875057459	12.5237993651	1.72931531091	17.7237510681	31.2164001465	-86.0592498779	0.371950447559	0.0	0.0	0.0	0.0	0.0	0.581376102924	1.0	1
1.0	1088.11450195	4.0	4.0	90.3558044434	2.0	2.0	127.644081235	2.65100927027	-0.0106356674805	-0.712869644165	-0.701215863228	25.5047279911	1.729328822	2.19685506821	18.0559005737	-59.4981002808	0.480005562305	0.0	0.0	0.0	0.0	0.0	0.975308178975	1.0	1
1.0	447.934082031	3.0	2.0	205.703689575	3.0	3.0	152.646448255	0.0	-0.998985409737	0.0365961715579	-0.0262466203421	0.0	8.33457367885	3.24728989601	28.9794006348	-59.3239517212	0.755578100681	2.0	5.96000003815	32.8979997635	2.0	8.77999973297	0.590020578104	1.0	1
1.0	694.009216309	3.0	2.0	351.811004639	4.0	4.0	221.074029922	0.0	-0.998985409737	0.0365961715579	-0.0262466203421	0.0	17.5544649797	3.24728989601	28.9794006348	-59.3239517212	0.755578100681	3.0	5.96000003815	50.004899025	2.0	5.96000003815	0.972957862627	1.0	1
1.0	1093.8815918	3.0	2.0	371.035675049	3.0	3.0	110.537119031	0.0	-0.998987555504	0.0365965440869	-0.026164226234	32.709680796	20.3799930376	6.23334503174	29.8620986938	-77.6154937744	0.800963580608	1.0	8.02000045776	19.7388000488	0.0	8.02000045776	0.937533853664	1.0	1
1.0	1155.4005127	4.0	4.0	205.703689575	3.0	3.0	257.919916272	0.0	-0.998985409737	0.0365961715579	-0.0262466203421	17.5064781188	8.33457367885	3.24728989601	28.9794006348	-59.3239517212	0.755578100681	3.0	5.96000003815	88.1666002274	2.0	8.77999973297	0.986266446019	1.0	1
1.0	172.768005371	1.0	0.0	119.70400238	1.0	0.0	0.0	10.0	0.0	0.0	0.0	0.0	0.0	0.0	0.0	0.0	2.0	0.0	0.0	0.0	0.0	0.0	0.00181858925063	0.0	1
1.0	239.407196045	2.0	0.0	119.70400238	1.0	0.0	0.0	10.0	0.0	0.0	0.0	0.0	0.0	0.0	0.0	0.0	2.0	0.0	0.0	0.0	0.0	0.0	0.00181858925063	1.0	1
1.0	346.770111084	3.0	2.0	119.70400238	1.0	1.0	47.4609398842	0.0	0.00374805694446	0.980666935444	-0.195648387074	9.60534285641	0.0	7.79112005234	32.6014022827	-65.7667007446	0.426326394081	1.0	6.21999979019	14.9413995743	0.0	6.21999979019	0.078936980936	1.0	1
1.0	454.133209229	5.0	4.0	66.6391983032	1.0	1.0	153.808698654	1.72181296955	0.339702874422	-0.921102821827	0.190188214183	10.3601254383	3.2577971314	6.17619991302	25.4063491821	-66.6904449463	0.170852005482	0.0	0.0	0.0	0.0	0.0	0.804703696325	1.0	1
1.0	346.770294189	4.0	2.0	293.706115723	2.0	2.0	54.4922097921	1.72181296955	-0.339702874422	0.921102821827	-0.190188214183	28.1244227371	22.02024534	6.17619991302	25.4063491821	-66.6904449463	0.170852005482	0.0	0.0	0.0	0.0	0.0	0.651460796621	1.0	1
1.0	149.298797607	1.0	1.0	54.7883987427	1.0	1.0	9.14062023163	3.37099388567	-0.993158400059	0.0781486928463	0.0867703706026	8.94796673572	1.71914654405	10.3071994781	29.6058006287	-77.429397583	0.169764965773	0.0	0.0	0.0	0.0	0.0	-1.0	0.0	1
1.0	510.901885986	3.0	3.0	535.55657959	4.0	3.0	89.1211194992	0.0	0.999503612518	0.0310948509723	0.00506157055497	1.731591474	15.5709754508	1.45874845982	10.2464504242	-62.6893997192	0.790256917477	1.0	8.56000041962	23.9941005707	1.0	14.6199998856	0.717579279912	1.0	1
1.0	471.180328369	4.0	2.0	424.610687256	4.0	3.0	142.822264671	0.0	0.0288493763655	-0.963107287884	0.267566919327	1.731591474	15.0254229951	0.979568481445	9.75633049011	-62.5599975586	0.50884282589	1.0	11.3800001144	30.8495998383	1.0	12.5	0.992009541494	1.0	1
1.0	578.017578125	3.0	1.0	610.890991211	2.0	1.0	63.9844017029	2.66847708957	-0.634978592396	-0.748577833176	-0.190875560045	20.4030030078	0.985967800684	15.0760002136	19.3643989563	-78.1743469238	0.726907134056	0.0	0.0	0.0	0.0	0.0	0.682661851561	1.0	1
1.0	54.7883987427	1.0	1.0	875.244873047	4.0	3.0	165.673823357	2.32602878902	0.010517549701	-0.470065832138	0.882568657398	0.0	7.29341334176	0.389899998903	27.4786491394	-55.071849823	0.170903101563	0.0	0.0	0.0	0.0	0.0	0.979502829431	1.0	1
1.0	508.161987305	4.0	4.0	960.16784668	4.0	4.0	292.50005579	0.0	-0.999504029751	-0.0310959480703	-0.00496886018664	1.70460837624	27.3339658835	22.3106994629	40.2465515137	-75.1063537598	0.959970593452	1.0	1.29999995232	1.14258003235	2.0	14.6199998856	0.853325831649	1.0	1
1.0	402.694763184	2.0	1.0	54.7883987427	1.0	1.0	9.14062023163	3.37099388567	-0.993158400059	0.0781486928463	0.0867703706026	14.5709916271	1.71914654405	10.3071994781	29.6058006287	-77.429397583	0.169764965773	0.0	0.0	0.0	0.0	0.0	0.0798105447124	1.0	1
1.0	202.509994507	1.0	1.0	75.9411010742	1.0	1.0	18.4570007324	3.98596291409	-0.716996848583	0.684047698975	0.13414272666	12.9459684363	3.45776566285	6.86738538742	35.5275497437	-70.5386505127	0.114847436547	0.0	0.0	0.0	0.0	0.0	-1.0	0.0	1
1.0	202.509994507	1.0	1.0	234.855194092	2.0	2.0	38.6718006134	3.65568055503	-0.892321109772	-0.122643657029	0.434421002865	6.76232914453	21.7306060266	8.12926483154	20.6885986328	-67.5267028809	0.825780272484	0.0	0.0	0.0	0.0	0.0	0.100731211013	1.0	1
1.0	202.509994507	1.0	1.0	234.855194092	2.0	2.0	38.6718006134	3.65568055503	-0.892321109772	-0.122643657029	0.434421002865	6.76232914453	21.7306060266	8.12926483154	20.6885986328	-67.5267028809	0.825780272484	0.0	0.0	0.0	0.0	0.0	0.100731211013	1.0	1
1.0	77.3473968506	1.0	0.0	136.412994385	1.0	0.0	0.0	10.0	0.0	0.0	0.0	0.0	0.0	0.0	0.0	0.0	2.0	0.0	0.0	0.0	0.0	0.0	0.00181858925063	1.0	1
1.0	404.657012939	1.0	1.0	76.7239990234	1.0	1.0	45.0	3.47010089585	-0.841829717159	0.446726053953	0.30291685462	8.84946863336	0.0	8.02893543243	34.614200592	-83.2046508789	0.434110224247	0.0	0.0	0.0	0.0	0.0	-1.0	0.0	1
1.0	1055.57397461	2.0	2.0	76.7239990234	1.0	1.0	81.0	3.20109352263	-0.502762675285	-0.822799921036	0.265009522438	4.88449521786	2.11667460743	5.2924451828	44.110748291	-82.3666000366	0.335400402546	0.0	0.0	0.0	0.0	0.0	0.396930432005	1.0	1
1.0	1055.57397461	2.0	2.0	76.7239990234	1.0	1.0	81.0	3.20109352263	-0.502762675285	-0.822799921036	0.265009522438	4.88449521786	2.11667460743	5.2924451828	44.110748291	-82.3666000366	0.335400402546	0.0	0.0	0.0	0.0	0.0	0.396930432005	1.0	1
1.0	158.397705078	2.0	1.0	56.9243011475	1.0	1.0	34.0	0.0	0.0178065486252	0.144368037581	-0.989363849163	1.0883775919	2.63426064529	3.377805233	36.4747505188	-66.707649231	0.569367289543	1.0	6.42000007629	14.0	0.0	6.42000007629	0.375662661166	1.0	1
1.0	461.581298828	2.0	1.0	19.7996997833	1.0	1.0	34.0	0.0	-0.0178065486252	-0.144368037581	0.989363849163	14.0527396684	1.0883775919	3.377805233	36.4747505188	-66.707649231	0.569367289543	1.0	6.42000007629	14.0	0.0	6.42000007629	0.0549446086892	1.0	1
1.0	331.457702637	1.0	1.0	134.130996704	1.0	1.0	63.0	2.34034828007	-0.183595553041	0.954808950424	-0.233736023307	5.81568772058	0.0	19.710899353	23.3938484192	-81.9938964844	0.286648392677	0.0	0.0	0.0	0.0	0.0	-1.0	0.0	1
1.0	309.532897949	4.0	1.0	10.317700386	1.0	1.0	38.0	2.34034828007	0.183595553041	-0.954808950424	0.233736023307	16.9753931014	0.0	19.710899353	23.3938484192	-81.9938964844	0.286648392677	0.0	0.0	0.0	0.0	0.0	0.192565398594	1.0	1
1.0	353.382995605	2.0	1.0	14.1869001389	1.0	1.0	12.0	2.44948974278	-0.0178405735642	-0.144378378987	0.989361703396	0.0	1.10478027256	3.35662984848	23.3741989136	-63.5704956055	0.462847113609	0.0	0.0	0.0	0.0	0.0	0.249612948937	1.0	1
1.0	268.261993408	3.0	2.0	24.5046005249	2.0	1.0	51.0	0.0	0.999845802784	0.0	0.0175580028445	17.1111764177	9.30697816315	3.85068488121	22.9027996063	-60.3304977417	0.880249559879	1.0	650.020019531	16.0	0.0	650.020019531	0.718723748532	1.0	1
1.0	283.010986328	1.0	1.0	129.201004028	1.0	1.0	37.0	3.38311991715	-0.269608974457	0.961795330048	0.0475468486547	0.0	0.0	7.55879020691	32.1191978455	-77.2109527588	0.0195320695639	0.0	0.0	0.0	0.0	0.0	-1.0	0.0	1
1.0	374.066711426	2.0	1.0	253.480010986	2.0	2.0	61.0	3.38311991715	-0.269608974457	0.961795330048	0.0475468486547	0.0	21.7854353661	7.55879020691	32.1191978455	-77.2109527588	0.0195320695639	0.0	0.0	0.0	0.0	0.0	0.401134284948	1.0	1
1.0	153.475997925	1.0	0.0	56.0308990479	1.0	0.0	0.0	10.0	0.0	0.0	0.0	0.0	0.0	0.0	0.0	0.0	2.0	0.0	0.0	0.0	0.0	0.0	0.00181858925063	0.0	1
1.0	271.628082275	2.0	1.0	646.790710449	3.0	1.0	11.0	3.73207717494	-0.933673381805	0.308347672224	-0.18214198947	19.6014955534	23.7228591837	11.8350105286	25.9897499084	-80.7117004395	0.125065922737	0.0	0.0	0.0	0.0	0.0	0.0549446086892	1.0	1
1.0	287.462585449	2.0	0.0	28.0153999329	1.0	0.0	0.0	10.0	0.0	0.0	0.0	0.0	0.0	0.0	0.0	0.0	2.0	0.0	0.0	0.0	0.0	0.0	0.00181858925063	1.0	1
1.0	415.35949707	3.0	3.0	131.55039978	2.0	2.0	86.0	2.83941185355	0.00664202403277	0.93228238821	-0.361670404673	0.0	13.2956390344	1.26895999908	30.1271495819	-69.0913009644	0.804022967815	1.0	9.26000022888	16.0	1.0	9.26000022888	0.571669966085	1.0	1
1.0	239.958496094	2.0	1.0	412.92300415	1.0	1.0	18.0	1.0	-0.0181622095406	-0.147383406758	0.988912761211	14.9553983708	9.55782148814	2.05800485611	21.7940998077	-52.7171478271	0.525721669197	0.0	0.0	0.0	0.0	0.0	0.206966499729	1.0	1
1.0	92.3764038086	1.0	0.0	94.8731002808	1.0	0.0	0.0	10.0	0.0	0.0	0.0	0.0	0.0	0.0	0.0	0.0	2.0	0.0	0.0	0.0	0.0	0.0	0.00181858925063	0.0	1
1.0	1009.8984375	3.0	1.0	555.506103516	1.0	1.0	66.0	3.26758323254	-0.673975884914	-0.707035124302	-0.214144557714	13.4582875411	1.0453521128	23.1500015259	22.1991004944	-80.4727020264	0.557323217392	0.0	0.0	0.0	0.0	0.0	0.626114772064	1.0	1
1.0	376.995697021	2.0	2.0	375.746795654	3.0	3.0	111.0	0.0	0.0182404648513	0.14238782227	-0.989642858505	17.9150939724	1.87029355963	23.6571006775	32.3801002502	-77.8240966797	0.624565303326	3.0	8.84000015259	86.0	1.0	7.15999984741	0.578363413045	1.0	1
1.0	368.257415771	1.0	0.0	94.8731002808	1.0	0.0	0.0	10.0	0.0	0.0	0.0	0.0	0.0	0.0	0.0	0.0	2.0	0.0	0.0	0.0	0.0	0.0	0.00181858925063	1.0	1
1.0	67.4097976685	1.0	1.0	317.075286865	2.0	2.0	78.0	0.0	0.00276460521854	-0.988566160202	-0.150762721896	1.54675716375	2.36748691591	1.17566490173	36.150100708	-64.046005249	0.564187169075	1.0	8.84000015259	26.0	1.0	7.15999984741	0.434150570986	1.0	1
1.0	176.573699951	1.0	0.0	231.675003052	1.0	0.0	0.0	10.0	0.0	0.0	0.0	0.0	0.0	0.0	0.0	0.0	2.0	0.0	0.0	0.0	0.0	0.0	0.00181858925063	0.0	1
1.0	145.266601562	2.0	1.0	90.1652984619	2.0	1.0	35.0	1.82115900225	0.314356148243	0.936315476894	-0.1565040797	1.49688245736	0.0	19.7812004089	13.3065490723	-76.8571472168	0.429414391518	0.0	0.0	0.0	0.0	0.0	0.990917487508	1.0	1
1.0	909.166564941	3.0	1.0	646.184753418	4.0	3.0	117.0	3.138289309	0.415789097548	0.899023473263	0.137390494347	0.0	18.6209482996	3.71513986588	45.1080513	-79.4172058105	0.203195855021	0.0	0.0	0.0	0.0	0.0	0.581681269574	1.0	1
1.0	418.267150879	5.0	1.0	42.5780982971	1.0	1.0	45.0	0.0	-0.99985986948	0.0	-0.016739744693	15.7508268593	1.87054269596	18.672700882	45.3241996765	-77.0104980469	0.0257623195648	1.0	3.42000007629	5.0	0.0	3.42000007629	0.989027402201	1.0	1
1.0	836.533630371	3.0	3.0	444.564819336	2.0	2.0	208.0	1.82115900225	0.314356148243	0.936315476894	-0.1565040797	33.9114789315	0.0	19.7812004089	13.3065490723	-76.8571472168	0.429414391518	0.0	0.0	0.0	0.0	0.0	0.45023899558	1.0	1
1.0	250.459503174	2.0	2.0	279.262207031	2.0	2.0	124.0	0.0	0.0185542460531	0.149584650993	-0.98857486248	8.90056356296	5.86462265011	24.7284507751	17.7681999207	-74.0028533936	0.104841038585	2.0	10.8999996185	54.0	0.0	11.2600002289	0.163518753684	1.0	1
1.0	87.7314987183	1.0	1.0	137.524993896	1.0	1.0	2.0	3.65262913532	-0.976931393147	0.213069781661	0.0143650816754	3.31544047426	1.82612043502	14.1832494736	22.9087505341	-75.4555511475	0.524092495441	0.0	0.0	0.0	0.0	0.0	-1.0	0.0	1
1.0	385.307189941	7.0	1.0	519.275512695	2.0	1.0	66.0	2.32059474474	-0.38871499896	0.91305077076	0.123445913196	33.9797284898	18.6159826378	4.47103023529	42.854549408	-59.4509506226	0.488631904125	0.0	0.0	0.0	0.0	0.0	0.318520776903	1.0	1
1.0	200.359695435	2.0	1.0	24.8967990875	1.0	1.0	27.0	0.0	-0.00274488166906	0.990049898624	0.140689626336	10.4951767516	2.30868638526	25.7434501648	26.7817497253	-72.666305542	0.627897202969	2.0	5.42000007629	33.0	0.0	7.15999984741	0.124353001772	1.0	1
1.0	197.988601685	3.0	2.0	262.009002686	2.0	2.0	127.0	0.0	0.00274668470956	-0.990048885345	-0.140696704388	21.5695322262	0.0	22.5103492737	17.8352508545	-77.0662002563	0.237663641572	1.0	4.26000022888	11.0	1.0	4.26000022888	0.362707467578	1.0	1
1.0	280.977996826	4.0	3.0	182.576293945	2.0	2.0	183.0	0.0	-0.00274668470956	0.990048885345	0.140696704388	18.4699421609	1.10594722247	22.5103492737	17.8352508545	-77.0662002563	0.237663641572	4.0	4.26000022888	76.0	1.0	4.26000022888	0.258966223935	1.0	1
1.0	1148.40063477	5.0	3.0	290.187316895	4.0	3.0	161.103600502	0.0	0.999529898167	0.0	0.0306580290198	29.9198259334	22.4882551269	4.37903499603	22.4552001953	-55.8006515503	0.873737037182	1.0	7.90000009537	21.7089996338	0.0	7.90000009537	0.973122828641	1.0	1
1.0	64.8291015625	1.0	1.0	81.8080978394	1.0	1.0	15.9961004257	0.0	0.999529898167	0.0	0.0306580290198	1.78622931819	0.0	4.37903499603	22.4552001953	-55.8006515503	0.873737037182	1.0	7.90000009537	21.7089996338	0.0	7.90000009537	0.0798103954655	1.0	1
1.0	1060.41870117	4.0	2.0	57.1112976074	2.0	1.0	79.9805011749	3.32413899453	-0.364884585142	-0.930267333984	-0.0382329449058	28.1569295752	1.7587831657	19.3492012024	11.3970851898	-74.2146987915	0.58197426796	0.0	0.0	0.0	0.0	0.0	0.97879563267	1.0	1
1.0	652.921386719	3.0	1.0	46.3064994812	1.0	1.0	62.8418006897	2.83234878338	-0.0304046422243	-0.125717118382	0.99160015583	3.63134026998	1.82213648495	5.12787485123	46.4022521973	-62.8220977783	0.461535871029	0.0	0.0	0.0	0.0	0.0	0.61324857502	1.0	1
1.0	591.179016113	4.0	1.0	81.8080978394	1.0	1.0	15.9961004257	0.0	0.999529898167	0.0	0.0306580290198	29.8138102437	0.0	4.37903499603	22.4552001953	-55.8006515503	0.873737037182	1.0	7.90000009537	21.7089996338	0.0	7.90000009537	0.609671594526	1.0	1
1.0	669.900512695	3.0	0.0	81.8080978394	1.0	0.0	0.0	10.0	0.0	0.0	0.0	0.0	0.0	0.0	0.0	0.0	2.0	0.0	0.0	0.0	0.0	0.0	0.00181858925063	1.0	1
1.0	164.986587524	1.0	1.0	14.619099617	1.0	1.0	13.1836004257	3.57552793113	-0.727900922298	-0.439507484436	0.526301681995	2.12506383912	0.0	9.46578502655	25.436000824	-70.8713531494	0.0995698720217	0.0	0.0	0.0	0.0	0.0	-1.0	0.0	1
1.0	902.205383301	5.0	5.0	1236.35522461	4.0	4.0	272.90056324	0.0	-0.0264290478081	-0.970086097717	0.241318568587	26.6707982995	35.6490427368	24.0783500671	18.0386009216	-76.6984481812	0.652736961842	2.0	8.5	48.7793006897	0.0	10.9200000763	0.962889124176	1.0	1
1.0	213.020706177	2.0	2.0	14.619099617	1.0	1.0	36.9140996933	3.57552793113	-0.727900922298	-0.439507484436	0.526301681995	20.2234020984	0.0	9.46578502655	25.436000824	-70.8713531494	0.0995698720217	0.0	0.0	0.0	0.0	0.0	0.13107747525	1.0	1
1.0	937.708740234	4.0	4.0	933.531494141	2.0	2.0	175.34180069	1.22474487139	-0.106952168047	0.204383522272	0.973030567169	18.7345093889	23.241282808	3.98777008057	37.0181007385	-56.6245498657	0.333971440792	0.0	0.0	0.0	0.0	0.0	0.969446140005	1.0	1
1.0	875.055541992	2.0	1.0	14.619099617	1.0	1.0	13.1836004257	3.57552793113	-0.727900922298	-0.439507484436	0.526301681995	16.6016268381	0.0	9.46578502655	25.436000824	-70.8713531494	0.0995698720217	0.0	0.0	0.0	0.0	0.0	0.392949602177	1.0	1
1.0	735.130249023	2.0	0.0	16.7075004578	1.0	0.0	0.0	10.0	0.0	0.0	0.0	0.0	0.0	0.0	0.0	0.0	2.0	0.0	0.0	0.0	0.0	0.0	0.00181858925063	1.0	1
1.0	209.716003418	1.0	1.0	78.2523956299	1.0	1.0	45.7763004303	3.40997069248	-0.903784453869	-0.15543282032	0.398765861988	4.41674420751	2.0407221679	13.5942850113	26.5572013855	-77.3949508667	0.3234834373	0.0	0.0	0.0	0.0	0.0	-1.0	0.0	1
1.0	799.739013672	2.0	2.0	78.2523956299	1.0	1.0	74.3865013123	3.40997069248	-0.903784453869	-0.15543282032	0.398765861988	27.3090996972	2.0407221679	13.5942850113	26.5572013855	-77.3949508667	0.3234834373	0.0	0.0	0.0	0.0	0.0	0.278543170041	1.0	1
1.0	953.11328125	3.0	2.0	128.333892822	2.0	2.0	49.5911006927	3.15867219649	-0.661897420883	-0.0438212119043	0.748312413692	39.0530426051	12.1813905711	9.78394031525	10.1346702576	-71.1986999512	0.343284517527	0.0	0.0	0.0	0.0	0.0	0.749909314927	1.0	1
1.0	277.013092041	2.0	2.0	10.9553003311	1.0	1.0	79.1549015045	0.0	-0.993543386459	-0.113419115543	-0.00275789108127	18.8501289667	2.82290530232	6.49071502686	29.004650116	-66.8748474121	0.957402467728	1.0	4.73999977112	7.62938976288	0.0	4.73999977112	0.165360570833	1.0	1
1.0	12.6977996826	1.0	1.0	247.608001709	1.0	1.0	49.5340003967	2.8877240445	-0.3358258605	-0.941649615765	0.0227353908122	2.0371785431	9.12072946609	12.8288497925	22.3884010315	-76.7461547852	0.310673296452	0.0	0.0	0.0	0.0	0.0	-1.0	0.0	1
1.0	969.796264648	8.0	6.0	1161.85168457	4.0	4.0	401.225143671	0.0	-0.0364906415343	0.997941970825	-0.052728138864	17.9136613085	32.0558708729	14.6595001221	11.6214504242	-73.3388061523	0.127353549004	1.0	4.82000017166	8.66843986511	1.0	4.82000017166	0.995865072035	1.0	1
1.0	765.043640137	6.0	4.0	1161.85168457	4.0	3.0	313.3023417	0.0	-0.0364906415343	0.997941970825	-0.052728138864	32.2449597109	32.0558708729	14.6595001221	11.6214504242	-73.3388061523	0.127353549004	1.0	4.82000017166	8.66843986511	1.0	4.82000017166	0.920345210252	1.0	1
1.0	996.779785156	7.0	4.0	869.801208496	4.0	4.0	215.472843885	0.0	-0.0364887714386	0.997941613197	-0.0527353584766	26.0750236884	30.2205859221	26.0588989258	27.8771495819	-70.5886001587	0.801760852337	1.0	9.35999965668	29.7203998566	0.0	9.35999965668	0.989436662019	1.0	1
1.0	798.376281738	3.0	2.0	625.367919922	4.0	4.0	299.680501938	1.71113996309	0.0364562831819	-0.997946619987	0.0526642687619	6.09039120174	7.44344188651	18.4140510559	33.6504516602	-75.5364990234	0.0704299509525	0.0	0.0	0.0	0.0	0.0	0.981403306769	1.0	1
1.0	496.802398682	2.0	2.0	260.305786133	2.0	2.0	120.119804382	0.0	-0.0364906415343	0.997941970825	-0.052728138864	17.2200065473	20.6333220367	14.6595001221	11.6214504242	-73.3388061523	0.127353549004	1.0	4.82000017166	8.66843986511	1.0	4.82000017166	0.242727183047	1.0	1
1.0	804.725158691	4.0	2.0	39.6806983948	1.0	1.0	55.7257404327	0.0	-0.0364887714386	0.997941613197	-0.0527353584766	33.0092945303	0.0	26.0588989258	27.8771495819	-70.5886001587	0.801760852337	1.0	9.35999965668	29.7203998566	0.0	9.35999965668	0.978977489196	1.0	1
1.0	844.405883789	4.0	3.0	579.338317871	3.0	3.0	252.623201847	1.71113996309	0.0364562831819	-0.997946619987	0.0526642687619	29.3112693805	7.44344188651	18.4140510559	33.6504516602	-75.5364990234	0.0704299509525	0.0	0.0	0.0	0.0	0.0	0.981403306769	1.0	1
1.0	155.755996704	1.0	1.0	71.105796814	1.0	1.0	42.2303009033	3.17537402255	-0.763854086399	-0.0859437286854	0.639640927315	1.4948616233	2.11662977692	4.91013240814	37.120552063	-75.2028961182	0.138271808624	0.0	0.0	0.0	0.0	0.0	-1.0	0.0	1
1.0	301.35357666	2.0	1.0	152.369995117	1.0	1.0	59.3507003784	2.74851594242	-0.100963197649	-0.974422395229	0.200767368078	2.81258171811	6.07719575109	-1.42990899086	35.2139968872	-55.7072982788	0.902391314507	0.0	0.0	0.0	0.0	0.0	0.213521808435	1.0	1
1.0	892.208984375	2.0	1.0	223.475799561	2.0	1.0	42.2303009033	3.17537402255	-0.763854086399	-0.0859437286854	0.639640927315	1.4948616233	16.7194801242	4.91013240814	37.120552063	-75.2028961182	0.138271808624	0.0	0.0	0.0	0.0	0.0	0.130507888419	1.0	1
1.0	144.419708252	1.0	1.0	167.660003662	1.0	1.0	42.2753982544	3.68452165229	-0.62183457613	-0.783083498478	-0.0100985821337	8.28367907329	0.0	13.322145462	22.8871994019	-82.0746459961	0.120446592569	0.0	0.0	0.0	0.0	0.0	-1.0	0.0	1
1.0	1689.87634277	5.0	2.0	174.299911499	4.0	2.0	99.4042115211	0.0	-0.998334825039	-0.0336535014212	0.046852748841	30.7946532526	25.4200142412	3.75337982178	17.6272506714	-61.018951416	0.520457565784	2.0	7.90000009537	43.4180011749	0.0	7.90000009537	0.998726125986	1.0	1
1.0	1341.27697754	5.0	2.0	54.7798995972	2.0	1.0	62.8418006897	3.06948849247	0.0591255091131	0.970547616482	-0.233541339636	30.5214788132	0.0	2.15333509445	22.0060005188	-70.0962524414	0.842486441135	0.0	0.0	0.0	0.0	0.0	0.711991532146	1.0	1
1.0	1525.53662109	5.0	4.0	287.179718018	5.0	3.0	263.935483932	0.0	-0.998334825039	-0.0336535014212	0.046852748841	30.7946532526	25.4200142412	3.75337982178	17.6272506714	-61.018951416	0.520457565784	3.0	7.90000009537	71.9824008942	0.0	10.5200004578	0.981063400788	1.0	1
1.0	732.057678223	2.0	2.0	245.67980957	3.0	2.0	79.9804983139	3.57678624058	-0.597787857056	-0.298364579678	0.744061946869	20.764826981	16.3722210339	6.87058496475	30.0431499481	-77.0521011353	0.121209040284	0.0	0.0	0.0	0.0	0.0	0.725791201832	1.0	1
1.0	972.757507324	4.0	3.0	308.759887695	2.0	2.0	134.824179649	3.06948849247	-0.0591255091131	-0.970547616482	0.233541339636	25.0032773731	12.5951923463	2.15333509445	22.0060005188	-70.0962524414	0.842486441135	0.0	0.0	0.0	0.0	0.0	0.904564229539	1.0	1
1.0	1120.49755859	5.0	3.0	161.019897461	2.0	2.0	113.115181923	0.0	-0.0472641848028	0.972083449364	-0.229825660586	32.4842415972	3.78755293202	3.29922485352	17.4017982483	-59.3283500671	0.189311787486	2.0	7.90000009537	50.2734012604	0.0	9.5	0.970588096887	1.0	1
1.0	476.418609619	3.0	2.0	167.660003662	1.0	1.0	84.5507793427	3.06948849247	-0.0591255091131	-0.970547616482	0.233541339636	16.6447443918	12.5951923463	2.15333509445	22.0060005188	-70.0962524414	0.842486441135	0.0	0.0	0.0	0.0	0.0	0.175270907262	1.0	1
1.0	222.439910889	3.0	2.0	131.139709473	2.0	2.0	25.136680603	0.0	-0.0473612844944	0.972096025944	-0.229752764106	14.6493458052	3.44937136908	24.4050998688	26.7063503265	-80.1766967773	0.874136269093	1.0	10.5200004578	21.7089996338	0.0	10.5200004578	0.979733279511	1.0	1
1.0	43.4664001465	1.0	1.0	123.959999084	1.0	1.0	38.8476982117	3.36569456916	-0.474895209074	-0.859368681908	0.18963123858	0.0	1.8170053458	12.6362304688	23.8120002747	-80.1455993652	0.028030378744	0.0	0.0	0.0	0.0	0.0	-1.0	0.0	1
1.0	1477.8572998	4.0	4.0	563.452697754	3.0	3.0	138.251822472	0.0	0.0588233210146	0.984735906124	-0.163814038038	2.78405560204	23.7247797322	0.144721999764	35.8071517944	-47.7107009888	0.0274370014668	3.0	11.7600002289	116.542896271	2.0	18.0799999237	0.969578044267	1.0	1
1.0	804.932983398	2.0	1.0	123.959999084	1.0	1.0	36.5625	3.32413899453	-0.96096098423	-0.275062888861	0.0299052540213	24.2260951563	1.8170053458	15.6734294891	20.1518497467	-79.1453475952	0.127226173878	0.0	0.0	0.0	0.0	0.0	0.191832020093	1.0	1
1.0	949.820922852	3.0	3.0	499.058502197	3.0	2.0	153.105499268	0.0	-0.992685317993	0.0704839006066	0.0980199798942	0.0	19.3877958313	13.1999492645	46.0857009888	-80.7699432373	0.491375178099	0.0	0.0	0.0	2.0	18.0799999237	0.75664912206	1.0	1
1.0	78.2182006836	1.0	1.0	155.303100586	1.0	1.0	64.6948013306	2.71893730834	-0.585810422897	-0.798197925091	0.140378966928	0.0	5.92119149564	9.75468444824	17.2057495117	-79.946647644	0.308702588081	0.0	0.0	0.0	0.0	0.0	-1.0	0.0	1
1.0	1307.03857422	4.0	4.0	674.490539551	5.0	5.0	360.695690691	0.0	1.0	0.0	0.0	40.8072339994	9.38450811789	17.1865997314	2.50079989433	-76.0110015869	0.94327300787	2.0	7.76000022888	26.5868997574	0.0	8.47999954224	0.993201094967	1.0	1
1.0	562.264648438	4.0	2.0	533.924499512	4.0	4.0	64.6948323846	0.0	-1.0	0.0	0.0	1.85517794288	18.3226769197	0.464733242989	20.485200882	-68.3780975342	0.803580224514	3.0	6.73999977112	50.5149993896	1.0	6.73999977112	0.68211384461	1.0	1
1.0	1297.96972656	5.0	3.0	537.325317383	4.0	3.0	173.701178551	2.70037772751	0.71128821373	0.692275762558	-0.1217514202	3.24330256028	2.78699970631	10.2192049026	53.2484970093	-72.7908477783	0.0610319674015	0.0	0.0	0.0	0.0	0.0	0.967214342836	1.0	1
1.0	106.558105469	2.0	1.0	183.643005371	2.0	1.0	64.6948013306	2.71893730834	-0.585810422897	-0.798197925091	0.140378966928	0.0	5.92119149564	9.75468444824	17.2057495117	-79.946647644	0.308702588081	0.0	0.0	0.0	0.0	0.0	0.0177227439429	1.0	1
1.0	1174.40771484	4.0	3.0	119.02759552	3.0	3.0	186.108330309	0.0	-1.0	0.0	0.0	9.38450811789	1.32919447978	17.1865997314	2.50079989433	-76.0110015869	0.94327300787	1.0	7.76000022888	11.5209999084	0.0	7.76000022888	0.97542570521	1.0	1
1.0	883.072998047	2.0	1.0	216.517288208	3.0	2.0	60.2636003494	3.39175466537	-0.150900810957	-0.950618386269	-0.27120745182	24.9338419055	9.66277006692	22.2961006165	26.6499500275	-76.2097473145	0.969082593918	0.0	0.0	0.0	0.0	0.0	0.0663692720494	1.0	1
1.0	1181.20922852	4.0	4.0	148.501098633	4.0	4.0	353.605790675	0.0	-1.0	0.0	0.0	9.38450811789	1.32919447978	17.1865997314	2.50079989433	-76.0110015869	0.94327300787	2.0	7.76000022888	26.5868997574	0.0	8.47999954224	0.968885743605	1.0	1
1.0	1033.84143066	3.0	3.0	295.869018555	5.0	4.0	212.695178986	0.0	1.0	0.0	0.0	13.7763757368	32.1304428299	0.464733242989	20.485200882	-68.3780975342	0.803580224514	2.0	6.73999977112	31.017999649	1.0	6.73999977112	0.764048883166	1.0	1
1.0	1168.73974609	4.0	4.0	160.970703125	4.0	4.0	194.970651209	0.0	1.0	0.0	0.0	42.5790065849	9.38450811789	17.1865997314	2.50079989433	-76.0110015869	0.94327300787	2.0	6.73999977112	27.4730997086	1.0	6.73999977112	0.98299835725	1.0	1
1.0	136.406005859	1.0	1.0	200.690002441	1.0	1.0	62.226600647	2.85542817093	-0.554151296616	-0.831473171711	0.0396080575883	9.88765784136	1.46585633947	14.4273996353	21.4319992065	-79.9664001465	0.114621013403	0.0	0.0	0.0	0.0	0.0	-1.0	0.0	1
1.0	1784.25695801	5.0	2.0	390.404418945	2.0	1.0	68.5547118187	1.9228416431	0.0190845336765	-0.551740825176	0.833797216415	42.0650508838	20.318793346	0.131164297462	26.6301498413	-52.0480499268	0.820477485657	0.0	0.0	0.0	0.0	0.0	0.994512615856	1.0	1
1.0	1381.30993652	5.0	4.0	250.861801147	2.0	1.0	204.609447598	1.9364916731	-0.999419808388	-0.0340502932668	-0.000766006996855	24.8219956838	16.4688963911	28.5410995483	20.7340507507	-72.870803833	0.190138161182	0.0	0.0	0.0	0.0	0.0	0.909396280336	1.0	1
1.0	1541.23425293	5.0	2.0	299.466796875	3.0	2.0	44.2969107628	3.25029225136	-0.149728566408	-0.50297254324	0.851234316826	33.4513843837	25.3063915276	1.69029355049	41.7885513306	-67.9809494019	0.106475114822	0.0	0.0	0.0	0.0	0.0	0.981276547023	1.0	1
1.0	1171.21228027	3.0	3.0	277.516418457	2.0	2.0	131.835972786	2.18639662027	-0.165241986513	-0.95566701889	0.243712231517	27.779168273	0.0	1.03437101841	16.1870994568	-67.4443511963	0.887992143631	0.0	0.0	0.0	0.0	0.0	0.975184602498	1.0	1
1.0	211.664703369	2.0	2.0	391.972412109	3.0	3.0	151.875010967	0.0	0.999419331551	0.0340644456446	0.000760522147175	15.5603437653	1.79595107499	18.071849823	6.96205997467	-76.9710998535	0.881526708603	2.0	5.38000011444	31.6406002045	0.0	9.92000007629	0.282170754425	1.0	1
1.0	232.047210693	1.0	1.0	329.257019043	2.0	1.0	62.226600647	2.85542817093	-0.554151296616	-0.831473171711	0.0396080575883	9.88765784136	1.46585633947	14.4273996353	21.4319992065	-79.9664001465	0.114621013403	0.0	0.0	0.0	0.0	0.0	0.115497780889	1.0	1
1.0	250.86239624	2.0	2.0	370.02142334	2.0	2.0	95.9765601158	1.9228416431	0.0190845336765	-0.551740825176	0.833797216415	19.8497599474	6.0984403899	0.131164297462	26.6301498413	-52.0480499268	0.820477485657	0.0	0.0	0.0	0.0	0.0	0.966105170036	1.0	1
1.0	192.947692871	1.0	1.0	140.326004028	1.0	1.0	30.0579991341	2.93150984989	0.00362680316903	0.998913407326	-0.0464634150267	1.95212053028	0.0	15.7301006317	17.1149501801	-80.4705505371	0.0330726355314	0.0	0.0	0.0	0.0	0.0	-1.0	0.0	1
1.0	236.124786377	2.0	1.0	140.326004028	1.0	1.0	30.0579991341	2.93150984989	0.00362680316903	0.998913407326	-0.0464634150267	15.2227304255	0.0	15.7301006317	17.1149501801	-80.4705505371	0.0330726355314	0.0	0.0	0.0	0.0	0.0	0.129253406834	1.0	1
1.0	437.168182373	3.0	2.0	511.37902832	2.0	1.0	56.0540986061	2.93150984989	0.00362680316903	0.998913407326	-0.0464634150267	8.84026232852	0.0	15.7301006317	17.1149501801	-80.4705505371	0.0330726355314	0.0	0.0	0.0	0.0	0.0	0.353669353174	1.0	1
1.0	1546.28027344	7.0	3.0	371.053009033	1.0	1.0	85.2996015549	0.0	-0.997141838074	0.0	-0.0755519196391	2.47796225476	1.64581748697	4.17759990692	43.9520988464	-46.8104476929	0.0265207588673	1.0	15.6800003052	35.7445983887	0.0	15.6800003052	0.971152878197	1.0	1
1.0	236.124786377	2.0	1.0	511.37902832	2.0	1.0	30.0579991341	2.93150984989	0.00362680316903	0.998913407326	-0.0464634150267	15.2227304255	0.0	15.7301006317	17.1149501801	-80.4705505371	0.0330726355314	0.0	0.0	0.0	0.0	0.0	0.129253406834	1.0	1
1.0	1053.79101562	4.0	2.0	26.9857006073	1.0	1.0	52.8045005798	1.95149688	-0.721300721169	-0.637890517712	0.269853413105	13.3530869705	0.0	14.0827999115	8.85503482819	-79.5460510254	0.313785433769	0.0	0.0	0.0	0.0	0.0	0.385232016572	1.0	1
1.0	62.4309005737	1.0	1.0	237.912002563	1.0	1.0	47.460899353	2.90473750966	0.00764839258045	-0.965321600437	0.260951548815	1.01676982033	3.22439125289	20.0521507263	13.5063352585	-79.4281005859	0.0695181787014	0.0	0.0	0.0	0.0	0.0	-1.0	0.0	1
1.0	1398.78991699	4.0	1.0	205.853088379	1.0	1.0	68.5546575785	2.59456162221	0.0143334195018	-0.871892809868	0.489487081766	28.0220783926	0.0	1.9488350153	12.8828649521	-72.3950042725	0.671046793461	0.0	0.0	0.0	0.0	0.0	0.994710952073	1.0	1
1.0	1435.91088867	5.0	4.0	1368.41772461	3.0	3.0	311.132696152	2.37565152116	0.184834361076	0.914780199528	0.359184294939	0.0	4.00644069938	2.37345004082	46.5564498901	-75.2622528076	0.38551017642	0.0	0.0	0.0	0.0	0.0	0.988672269888	1.0	1
1.0	946.587585449	3.0	0.0	1041.07739258	2.0	0.0	0.0	10.0	0.0	0.0	0.0	0.0	0.0	0.0	0.0	0.0	2.0	0.0	0.0	0.0	0.0	0.0	0.00181858925063	1.0	1
1.0	1101.82080078	4.0	1.0	1081.57312012	2.0	2.0	156.884758592	2.52487623459	0.00841222889721	0.957798182964	0.287318468094	0.0	24.4480188858	0.394287496805	28.5125999451	-56.0083503723	0.691332697868	0.0	0.0	0.0	0.0	0.0	0.967398131027	1.0	1
1.0	171.609191895	1.0	1.0	16.2576999664	1.0	1.0	47.460899353	2.88859478562	-0.699238181114	-0.153601586819	0.698192238808	1.04888040707	2.09776149606	2.71623396873	25.0771999359	-79.9039459229	0.305086612701	0.0	0.0	0.0	0.0	0.0	-1.0	0.0	1
1.0	1306.03259277	5.0	4.0	1315.06689453	5.0	5.0	328.007600784	0.0	-0.00919372122735	0.994022786617	-0.10878508538	41.0789169404	9.98007505951	0.795089483261	13.8161001205	-56.5057525635	0.764775156975	5.0	5.76000022888	116.015599251	3.0	8.26000022888	0.986743482133	1.0	1
1.0	619.597717285	3.0	2.0	256.510101318	4.0	2.0	41.1327905655	0.0	0.00919372122735	-0.994022786617	0.10878508538	1.10965859455	9.10055947732	0.795089483261	13.8161001205	-56.5057525635	0.620913624763	2.0	11.2600002289	59.0625	1.0	11.2600002289	0.714581401936	1.0	1
1.0	1652.86364746	6.0	5.0	901.398803711	5.0	5.0	291.093600273	0.0	0.00919372122735	-0.994022786617	0.10878508538	35.7205902987	9.10055947732	0.795089483261	13.8161001205	-56.5057525635	0.620913624763	4.0	8.26000022888	119.179597855	5.0	14.6999998093	0.998881414127	1.0	1
1.0	1443.3203125	4.0	4.0	597.92175293	2.0	2.0	239.413896561	0.0	-0.0091795977205	0.994012713432	-0.108878545463	33.2657424258	1.55205016986	-0.0341110490263	26.7070007324	-53.1398010254	0.520677506924	1.0	8.42000007629	16.875	1.0	14.3999996185	0.991644769644	1.0	1
1.0	1262.67956543	4.0	3.0	614.179443359	3.0	3.0	227.812397003	0.0	-0.0091795977205	0.994012713432	-0.108878545463	33.2657424258	1.55205016986	-0.0341110490263	26.7070007324	-53.1398010254	0.520677506924	1.0	8.42000007629	16.875	1.0	14.3999996185	0.980881196836	1.0	1
1.0	830.948120117	2.0	2.0	579.857666016	2.0	2.0	105.468698502	2.58425424425	0.0430686399341	0.859093666077	0.510003089905	0.0	3.0566222169	2.50893998146	51.7117004395	-75.766204834	0.212232321501	0.0	0.0	0.0	0.0	0.0	0.343974551376	1.0	1
1.0	141.548995972	1.0	1.0	152.68170166	1.0	1.0	65.3906002045	2.74924900898	-0.554068386555	-0.830879628658	0.0514510050416	7.14829448286	2.0819300185	15.0165500641	20.9911499023	-78.7843475342	0.547535777092	0.0	0.0	0.0	0.0	0.0	-1.0	0.0	1
1.0	181.309509277	2.0	1.0	294.230682373	4.0	2.0	120.234300613	2.44627882904	-0.178158968687	-0.707262933254	0.684133470058	28.4734255388	25.2586292591	3.40365505219	13.47935009	-74.5645980835	0.573333442211	0.0	0.0	0.0	0.0	0.0	0.993438552233	1.0	1
1.0	637.764770508	3.0	2.0	87.4738998413	1.0	1.0	23.2031497955	3.28035062544	-0.562383949757	-0.718143761158	0.409870624542	22.4636010649	2.39238798671	8.65122509003	23.3621501923	-75.15625	0.0962707698345	0.0	0.0	0.0	0.0	0.0	0.43338906496	1.0	1
1.0	889.053833008	2.0	2.0	998.792724609	2.0	2.0	185.624952316	2.50777589765	0.505388379097	0.861306548119	-0.0522835254669	1.81831938375	3.72483340921	9.20115470886	52.035697937	-75.919052124	0.202687352896	0.0	0.0	0.0	0.0	0.0	0.664909390527	1.0	1
1.0	367.390716553	3.0	3.0	206.75680542	2.0	2.0	139.218801498	0.0	-0.99935901165	0.0331630520523	0.0134893395007	20.0642226006	3.07691908708	4.72403001785	19.0559501648	-72.6809997559	0.559466838837	2.0	3.59999990463	28.4765996933	1.0	3.59999990463	0.0946374429691	1.0	1
1.0	423.055908203	2.0	2.0	100.197402954	2.0	1.0	29.53125	2.56173769149	-0.0376814752817	-0.997922360897	0.052259594202	23.6405410916	25.1164694201	2.93059492111	14.5899000168	-72.4223937988	0.941912829876	0.0	0.0	0.0	0.0	0.0	0.987420190242	1.0	1
1.0	605.955810547	3.0	2.0	928.813598633	1.0	1.0	111.796802521	2.44627882904	-0.178158968687	-0.707262933254	0.684133470058	29.4676905712	30.7735842691	3.40365505219	13.47935009	-74.5645980835	0.573333442211	0.0	0.0	0.0	0.0	0.0	0.325244117792	1.0	1
1.0	337.845001221	1.0	1.0	73.6534042358	1.0	1.0	26.3672008514	2.77586202893	-0.67184984684	0.661237895489	-0.333739817142	6.42070289923	0.0	19.4493503571	22.8907012939	-75.8205490112	0.0739574432373	0.0	0.0	0.0	0.0	0.0	-1.0	0.0	1
1.0	843.812011719	5.0	1.0	104.074996948	1.0	1.0	34.8046989441	2.93980106563	0.119409292936	-0.491440981627	-0.862686097622	16.2795160875	0.0	3.66609501839	18.3699493408	-59.5426025391	0.631311416626	0.0	0.0	0.0	0.0	0.0	0.385117471726	1.0	1
1.0	337.845001221	1.0	0.0	48.0348014832	1.0	0.0	0.0	10.0	0.0	0.0	0.0	0.0	0.0	0.0	0.0	0.0	2.0	0.0	0.0	0.0	0.0	0.0	0.00181858925063	1.0	1
1.0	576.41796875	1.0	1.0	73.6534042358	1.0	1.0	26.3672008514	2.77586202893	-0.67184984684	0.661237895489	-0.333739817142	6.42070289923	0.0	19.4493503571	22.8907012939	-75.8205490112	0.0739574432373	0.0	0.0	0.0	0.0	0.0	0.13107747525	1.0	1
1.0	619.649353027	1.0	1.0	73.6534042358	1.0	1.0	26.3672008514	2.77586202893	-0.67184984684	0.661237895489	-0.333739817142	6.42070289923	0.0	19.4493503571	22.8907012939	-75.8205490112	0.0739574432373	0.0	0.0	0.0	0.0	0.0	0.217932520464	1.0	1
1.0	194.975006104	1.0	1.0	193.18699646	1.0	1.0	61.1719017029	1.89390865203	0.464377641678	-0.861219286919	-0.206530615687	2.13575748112	2.46462968238	10.961400032	13.7887001038	-79.7111968994	0.0201910436153	0.0	0.0	0.0	0.0	0.0	-1.0	0.0	1
1.0	999.919677734	5.0	3.0	1180.58532715	3.0	3.0	244.687501907	2.2200562836	0.0652963295579	-0.910036623478	0.409352779388	34.7176020147	16.8194851457	5.53171539307	4.23932504654	-74.0793457031	0.641792297363	0.0	0.0	0.0	0.0	0.0	0.96912716614	1.0	1
1.0	824.620300293	5.0	4.0	1370.19482422	6.0	5.0	266.836001396	0.0	0.120140179992	0.982850492001	-0.139897421002	4.27158439669	20.726653788	26.150850296	44.3710021973	-71.859703064	0.417457222939	1.0	8.97999954224	18.9843997955	0.0	8.97999954224	0.717152845998	1.0	1
1.0	1035.69494629	6.0	4.0	1130.49987793	1.0	1.0	170.859399796	1.89736657097	-0.0614899992943	0.122669115663	0.990540862083	1.06792210866	31.1727835081	2.20310997963	36.0596008301	-50.1879997253	0.00679591298103	0.0	0.0	0.0	0.0	0.0	0.976930334308	1.0	1
1.0	611.758300781	3.0	3.0	999.91998291	1.0	1.0	133.945400238	1.89736657097	-0.0614899992943	0.122669115663	0.990540862083	15.2039218862	29.2291623743	2.20310997963	36.0596008301	-50.1879997253	0.00679591298103	0.0	0.0	0.0	0.0	0.0	0.862375355205	1.0	1
1.0	974.87689209	4.0	2.0	14.3100996017	1.0	1.0	56.9531011581	2.2200562836	0.0652963295579	-0.910036623478	0.409352779388	22.2930601261	2.70069140659	5.53171539307	4.23932504654	-74.0793457031	0.641792297363	0.0	0.0	0.0	0.0	0.0	0.588259325	1.0	1
1.0	1010.65216064	5.0	4.0	1046.42785645	2.0	2.0	205.664101601	1.89736657097	-0.0614899992943	0.122669115663	0.990540862083	18.3083874768	31.1727835081	2.20310997963	36.0596008301	-50.1879997253	0.00679591298103	0.0	0.0	0.0	0.0	0.0	0.983994311785	1.0	1
1.0	781.689880371	3.0	3.0	1261.08007812	3.0	3.0	185.625102997	1.89390865203	0.464377641678	-0.861219286919	-0.206530615687	25.8847661408	33.8338458644	10.961400032	13.7887001038	-79.7111968994	0.0201910436153	0.0	0.0	0.0	0.0	0.0	0.717152845998	1.0	1
1.0	64.418296814	1.0	1.0	117.274002075	1.0	1.0	30.585899353	3.42306873977	-0.883897721767	-0.21342471242	0.41614279151	2.10097634462	2.00010108692	8.47175502777	23.4995002747	-78.9679489136	0.669985890388	0.0	0.0	0.0	0.0	0.0	-1.0	0.0	1
1.0	493.873291016	2.0	2.0	305.574005127	2.0	2.0	93.867099762	0.0	-1.0	0.0	0.0	16.2925796188	3.82368329891	18.6372489929	40.9995002747	-80.4302978516	0.718019902706	1.0	14.4799995422	34.8046989441	0.0	14.4799995422	0.511129492407	1.0	1
1.0	130.488296509	2.0	2.0	117.274002075	1.0	1.0	81.210899353	3.07432763417	0.0	-0.989475429058	0.144701123238	0.0	5.03484808169	2.25951004028	30.9995002747	-57.7635993958	0.981698274612	0.0	0.0	0.0	0.0	0.0	0.0946379344382	1.0	1
1.0	130.488296509	2.0	2.0	117.274002075	1.0	1.0	81.210899353	3.07432763417	0.0	-0.989475429058	0.144701123238	0.0	5.03484808169	2.25951004028	30.9995002747	-57.7635993958	0.981698274612	0.0	0.0	0.0	0.0	0.0	0.0946379344382	1.0	1
1.0	546.729309082	3.0	2.0	117.274002075	1.0	1.0	81.210899353	3.07432763417	0.0	-0.989475429058	0.144701123238	0.0	5.03484808169	2.25951004028	30.9995002747	-57.7635993958	0.981698274612	0.0	0.0	0.0	0.0	0.0	0.329951211253	1.0	1
1.0	51.8655014038	1.0	1.0	119.57900238	1.0	1.0	21.0937995911	3.69350784463	-0.979248225689	-0.0421595945954	0.198231175542	3.869771568	2.03610353883	12.5689344406	29.6638507843	-78.5239486694	0.0523834936321	0.0	0.0	0.0	0.0	0.0	-1.0	0.0	1
1.0	749.168945312	6.0	4.0	606.538452148	5.0	4.0	252.07032299	0.0	-0.00857136026025	-0.994442820549	0.104928642511	37.0772838216	9.21025909954	3.85356998444	43.3576507568	-47.1801490784	0.0671375691891	3.0	5.07999992371	80.1562995911	0.0	14.1199998856	0.976444285097	1.0	1
1.0	541.706665039	7.0	5.0	839.93359375	3.0	2.0	225.702991128	0.0	0.00857024546713	0.994443953037	-0.104917936027	24.0374869995	22.4996744768	3.62365007401	13.6091995239	-56.9226493835	0.55494171381	2.0	4.13999986649	36.9140901566	0.0	7.42000007629	0.980272633046	1.0	1
1.0	194.495513916	1.0	1.0	119.57900238	1.0	1.0	21.0937995911	3.69350784463	-0.979248225689	-0.0421595945954	0.198231175542	3.869771568	2.03610353883	12.5689344406	29.6638507843	-78.5239486694	0.0523834936321	0.0	0.0	0.0	0.0	0.0	0.315780269993	1.0	1
1.0	207.461914062	2.0	2.0	525.859008789	1.0	1.0	58.0078001022	2.94238508131	0.0191590432078	-0.111227959394	0.993610203266	8.30178118977	5.26355555588	3.84931993484	41.3348503113	-53.4067993164	0.687234580517	0.0	0.0	0.0	0.0	0.0	0.315780269993	1.0	1
1.0	38.9183006287	1.0	1.0	235.067001343	1.0	1.0	41.1328010559	2.84513452383	-0.233499184251	-0.948172211647	-0.215517297387	2.54041139425	0.0	19.0945510864	17.854598999	-81.7853546143	0.176222831011	0.0	0.0	0.0	0.0	0.0	-1.0	0.0	1
1.0	962.060974121	2.0	2.0	126.095298767	3.0	2.0	93.8672432899	0.0	0.0	-0.995170652866	0.0981591492891	22.7236927223	2.72893449412	24.3985996246	29.3370494843	-77.3018493652	0.446561157703	2.0	1.20000004768	9.4921901226	2.0	5.11999988556	0.0105466174509	1.0	1
1.0	247.520309448	1.0	1.0	308.233398438	2.0	1.0	51.6797008514	2.84513452383	-0.233499184251	-0.948172211647	-0.215517297387	10.5485954181	0.0	19.0945510864	17.854598999	-81.7853546143	0.176222831011	0.0	0.0	0.0	0.0	0.0	0.187595612016	1.0	1
1.0	1000.97930908	1.0	1.0	322.243988037	3.0	2.0	74.8828415871	2.84513452383	-0.233499184251	-0.948172211647	-0.215517297387	24.0412814827	0.0	19.0945510864	17.854598999	-81.7853546143	0.176222831011	0.0	0.0	0.0	0.0	0.0	0.595113673462	1.0	1
1.0	106.974998474	1.0	1.0	236.990005493	1.0	1.0	40.0780982971	2.52914614431	-0.226715087891	-0.948589980602	0.220856025815	2.03018113404	17.8064417123	7.48508501053	25.9644012451	-77.1656494141	0.365246623755	0.0	0.0	0.0	0.0	0.0	-1.0	0.0	1
1.0	1499.29174805	8.0	1.0	143.181396484	1.0	1.0	58.0078001022	2.2200562836	-0.0997979417443	-0.992539346218	0.0700433850288	22.437203493	0.0	2.55507493019	18.0947990417	-66.2996520996	0.587088227272	0.0	0.0	0.0	0.0	0.0	0.971883559891	1.0	1
1.0	1086.20483398	3.0	0.0	113.557701111	1.0	0.0	0.0	10.0	0.0	0.0	0.0	0.0	0.0	0.0	0.0	0.0	2.0	0.0	0.0	0.0	0.0	0.0	0.00181858925063	1.0	1
1.0	896.941955566	2.0	1.0	261.676513672	2.0	1.0	40.0780982971	2.52914614431	-0.226715087891	-0.948589980602	0.220856025815	23.3469762245	17.8064417123	7.48508501053	25.9644012451	-77.1656494141	0.365246623755	0.0	0.0	0.0	0.0	0.0	0.416102429363	1.0	1
1.0	1165.20178223	6.0	5.0	325.861206055	2.0	2.0	188.78909874	0.0	-0.991568982601	-0.0964153930545	-0.0865739658475	41.1159650623	19.4282683501	3.61383485794	13.4745998383	-58.8856010437	0.656395554543	1.0	8.27999973297	25.3125	0.0	8.27999973297	0.819365104555	1.0	1
1.0	106.648002625	1.0	1.0	26.2756996155	1.0	1.0	34.8046989441	3.7493332588	-0.356816291809	-0.384050875902	0.851579189301	0.0	0.996948772798	5.75689983368	35.5617523193	-71.0588989258	0.0112660340965	0.0	0.0	0.0	0.0	0.0	-1.0	0.0	1
1.0	158.917999268	1.0	1.0	48.5582008362	1.0	1.0	2.10938000679	4.07654268984	-0.672694265842	0.652826428413	0.348281621933	1.46843082937	0.0	9.21006965637	29.8000011444	-74.1363983154	0.252475559711	0.0	0.0	0.0	0.0	0.0	-1.0	0.0	1
1.0	694.529296875	5.0	3.0	582.698120117	4.0	3.0	193.007723093	0.0	-0.00145867653191	-0.998947024345	-0.0458553135395	4.34656504795	2.04977886589	0.106277495623	5.21974992752	-62.6613998413	0.406001359224	3.0	4.69999980927	88.5938024521	0.0	14.6599998474	0.842205096908	1.0	1
1.0	438.49520874	2.0	2.0	122.13130188	2.0	2.0	78.0469017029	2.44948974278	-0.0318525210023	0.0423680432141	-0.998594224453	0.0	10.4916173989	0.36118298769	45.4001998901	-54.6698493958	0.897689402103	0.0	0.0	0.0	0.0	0.0	0.362436142524	1.0	1
1.0	242.791290283	1.0	1.0	192.761199951	2.0	2.0	37.9687817097	3.05138653992	-0.905678331852	-0.399194419384	0.142795607448	0.0	3.57874502615	9.65689468384	20.6724510193	-76.62159729	0.226986840367	0.0	0.0	0.0	0.0	0.0	0.433389885982	1.0	1
1.0	344.95300293	1.0	1.0	107.583999634	1.0	1.0	52.7344017029	2.98226598546	-0.303404271603	-0.952338337898	0.0315848588943	0.0	3.04567330945	9.63461494446	30.2531509399	-82.9844512939	0.286925137043	0.0	0.0	0.0	0.0	0.0	-1.0	0.0	1
1.0	703.567199707	5.0	2.0	235.660583496	2.0	1.0	80.1562004089	0.0	-0.997515439987	-0.0343118496239	-0.061527647078	28.1977942504	21.5629245882	1.08547854424	19.013999939	-62.0593490601	0.473042726517	1.0	10.6199998856	37.9687995911	0.0	10.6199998856	0.605234870035	1.0	1
1.0	22.1998996735	1.0	1.0	358.614318848	2.0	1.0	1.0546900034	3.23091316165	0.0728740543127	-0.637515604496	0.766983151436	2.11557328176	1.81872240288	3.15015983582	42.1054000854	-55.7082977295	0.808152556419	0.0	0.0	0.0	0.0	0.0	0.26264331008	1.0	1
1.0	63.8199996948	1.0	1.0	175.504806519	1.0	1.0	37.9687995911	3.56967791838	-0.857143104076	-0.452652305365	0.245787978172	0.0	6.55939664578	12.6633501053	22.0170516968	-75.6618499756	0.31511297822	0.0	0.0	0.0	0.0	0.0	-1.0	0.0	1
1.0	1499.7701416	7.0	6.0	651.496276855	5.0	4.0	459.843848228	0.0	0.99801671505	-0.0314207188785	0.0545464418828	2.07886807343	18.8063581713	3.95302009583	3.77359008789	-61.9480514526	0.388813525438	6.0	6.63999986649	157.148499489	0.0	12.3199996948	0.982229784358	1.0	1
1.0	227.358474731	5.0	1.0	421.477905273	5.0	2.0	34.8047394753	0.0	0.99801671505	-0.0314207188785	0.0545464418828	2.07886807343	18.8063581713	3.95302009583	3.77359008789	-61.9480514526	0.388813525438	1.0	10.9799995422	33.75	0.0	10.9799995422	0.187595698276	1.0	1
1.0	1098.23596191	6.0	4.0	833.64855957	4.0	3.0	226.7578578	0.0	-0.037722364068	-0.999286055565	-0.00210859742947	34.749128811	27.9359510022	3.80992007256	15.6310501099	-60.6044998169	0.585806012154	2.0	8.84000015259	56.9531002045	1.0	9.42000007629	0.976688583373	1.0	1
1.0	115.673797607	2.0	1.0	123.651000977	1.0	1.0	28.476600647	0.0	0.0377334207296	0.999285817146	0.00200397195294	2.3271267178	1.03943954166	4.13186502457	18.4728507996	-64.6410522461	0.906767487526	1.0	8.84000015259	27.4218997955	0.0	8.84000015259	0.047425390775	1.0	1
1.0	561.083984375	2.0	2.0	175.504806519	1.0	1.0	53.7890996933	3.56967791838	-0.857143104076	-0.452652305365	0.245787978172	27.4682144963	6.55939664578	12.6633501053	22.0170516968	-75.6618499756	0.31511297822	0.0	0.0	0.0	0.0	0.0	0.380617003211	1.0	1
1.0	1094.24719238	4.0	4.0	184.811904907	3.0	3.0	202.5	0.0	-0.037722364068	-0.999286055565	-0.00210859742947	34.749128811	11.6292270646	3.80992007256	15.6310501099	-60.6044998169	0.585806012154	1.0	6.63999986649	15.8203001022	1.0	9.42000007629	0.968150528252	1.0	1
1.0	54.6210975647	1.0	1.0	113.444000244	1.0	1.0	48.5155982971	3.06948849247	0.0883195921779	0.991502225399	-0.0955138429999	2.42011516991	3.1046863266	13.0582504272	26.0083503723	-75.7806015015	0.253210753202	0.0	0.0	0.0	0.0	0.0	-1.0	0.0	1
1.0	556.014038086	2.0	2.0	61.6237983704	3.0	3.0	127.617198944	0.0	-0.00962104368955	0.996492683887	-0.0831262692809	27.5111960075	20.7829453315	5.66588973999	19.7597007751	-56.3199501038	0.265917479992	1.0	8.10000038147	18.9843997955	0.0	8.10000038147	0.973029407434	1.0	1
1.0	16.8064994812	1.0	1.0	14.005399704	1.0	1.0	2.10938000679	0.0	0.00964120123535	-0.996491730213	0.0831342563033	1.36607721205	2.64710627495	20.8381996155	13.4502506256	-74.3463516235	0.652054905891	1.0	4.23999977112	6.32812023163	0.0	4.23999977112	0.380616926756	1.0	1
1.0	1775.8828125	8.0	6.0	404.756072998	6.0	6.0	368.085946202	0.0	-0.991645276546	0.0	0.128995269537	3.41890612146	24.780520954	5.68939971924	47.1214981079	-51.7304534912	0.376189351082	6.0	4.23999977112	124.453223228	0.0	16.5799999237	0.994955499053	1.0	1
1.0	197.476211548	3.0	3.0	278.707183838	2.0	2.0	85.4295978546	2.89572963026	-0.431867897511	-0.892255306244	0.131797626615	23.7929607336	19.6560745595	8.49895477295	15.7751998901	-75.7024993896	0.073607891798	0.0	0.0	0.0	0.0	0.0	0.581319225558	1.0	1
1.0	873.936157227	4.0	3.0	313.721008301	2.0	2.0	238.359298706	0.0	-0.991645276546	0.0	0.128995269537	3.41890612146	2.92252232526	5.68939971924	47.1214981079	-51.7304534912	0.376189351082	1.0	16.5799999237	44.2969017029	0.0	16.5799999237	0.973308581215	1.0	1
1.0	137.253204346	2.0	1.0	30.8118991852	1.0	1.0	35.8593997955	0.0	0.991645038128	0.0	-0.128996685147	3.52846045576	0.0	16.1271495819	18.9176998138	-75.5790481567	0.856597661972	1.0	7.53999996185	17.9297008514	0.0	7.53999996185	0.0631966583503	1.0	1
1.0	74.2285995483	1.0	0.0	225.486694336	2.0	0.0	0.0	10.0	0.0	0.0	0.0	0.0	0.0	0.0	0.0	0.0	2.0	0.0	0.0	0.0	0.0	0.0	0.00181858925063	1.0	1
1.0	1136.10131836	5.0	3.0	1386.79260254	2.0	2.0	208.827947617	1.74516186179	-0.0523313209414	0.488866120577	0.870787739754	0.0	25.8222850514	1.51567995548	48.6589012146	-65.268699646	0.165943711996	0.0	0.0	0.0	0.0	0.0	0.973584899749	1.0	1
1.0	1173.43798828	6.0	4.0	1349.45593262	1.0	1.0	189.843647003	1.54919336926	-0.0330072902143	-0.082878395915	0.996012926102	23.4017370378	25.7309725191	2.00446510315	27.1612014771	-54.0601005554	0.774460971355	0.0	0.0	0.0	0.0	0.0	0.978997456071	1.0	1
1.0	917.415405273	5.0	3.0	1386.79260254	2.0	2.0	208.827947617	1.74516186179	-0.0523313209414	0.488866120577	0.870787739754	0.0	25.8222850514	1.51567995548	48.6589012146	-65.268699646	0.165943711996	0.0	0.0	0.0	0.0	0.0	0.965034563947	1.0	1
1.0	133.283004761	1.0	1.0	152.8309021	1.0	1.0	49.5703101158	2.58288790852	-0.0803622081876	-0.996725082397	-0.0090010361746	2.12634481623	2.30233613664	10.3027496338	21.1164016724	-80.6553497314	0.480940103531	0.0	0.0	0.0	0.0	0.0	-1.0	0.0	1
1.0	209.698394775	2.0	1.0	309.216125488	3.0	1.0	49.5703101158	2.58288790852	-0.0803622081876	-0.996725082397	-0.0090010361746	2.12634481623	15.6127271136	10.3027496338	21.1164016724	-80.6553497314	0.480940103531	0.0	0.0	0.0	0.0	0.0	0.156896236942	1.0	1
1.0	1154.14208984	6.0	3.0	943.16998291	2.0	2.0	185.624897003	2.48737811073	-0.0497947856784	-0.821027755737	0.568712413311	25.6419603743	20.4875375967	3.50181007385	7.44160509109	-65.949798584	0.940755546093	0.0	0.0	0.0	0.0	0.0	0.97740635994	1.0	1
1.0	1279.7947998	6.0	5.0	1292.20471191	3.0	3.0	241.523377657	0.0	0.091285713017	-0.983977794647	0.153149217367	1.4774724992	2.27236839929	25.234500885	50.0231018066	-71.5561065674	0.2404191643	2.0	11.0799999237	53.789100647	0.0	13.8000001907	0.992711366071	1.0	1
1.0	1393.03710938	6.0	2.0	538.289001465	3.0	2.0	98.085899353	2.48737811073	-0.0497947856784	-0.821027755737	0.568712413311	25.6419603743	7.74923628459	3.50181007385	7.44160509109	-65.949798584	0.940755546093	0.0	0.0	0.0	0.0	0.0	0.982597433421	1.0	1
1.0	71.165397644	1.0	0.0	74.2594985962	1.0	0.0	0.0	10.0	0.0	0.0	0.0	0.0	0.0	0.0	0.0	0.0	2.0	0.0	0.0	0.0	0.0	0.0	0.00181858925063	0.0	1
1.0	406.880584717	3.0	3.0	937.526794434	4.0	2.0	114.96091032	0.0	0.00538656068966	0.96763831377	0.252283602953	9.55315745619	39.6540782625	27.1363983154	15.1213998795	-78.7176513672	0.801728010178	1.0	8.10000038147	17.9297008514	1.0	8.10000038147	0.441916007085	1.0	1
1.0	71.165397644	1.0	1.0	952.997558594	3.0	2.0	42.1875	0.0	-0.00548549881205	-0.967637836933	-0.252283483744	3.18528491077	36.7820448486	18.5574493408	20.5387992859	-80.0754470825	0.411091327667	1.0	7.21999979019	12.6562004089	0.0	7.21999979019	0.207863667452	1.0	1
1.0	357.374328613	4.0	4.0	812.213684082	2.0	2.0	142.382799149	0.0	-0.999699175358	0.0	0.0245286840945	9.07222546917	36.1939558684	20.1931495667	20.7399997711	-78.5722961426	0.0664574876428	5.0	4.34000015259	70.6639609337	0.0	10.8800001144	0.808693641272	1.0	1
1.0	93.7684020996	1.0	1.0	232.746795654	1.0	1.0	54.8437995911	2.33805898827	0.443058848381	-0.894512712955	-0.0595477223396	1.09717470514	2.41872215551	17.7988014221	27.8790512085	-78.5318450928	0.381728082895	0.0	0.0	0.0	0.0	0.0	-1.0	0.0	1
1.0	232.746795654	1.0	1.0	66.9775009155	2.0	2.0	91.757900238	2.33805898827	-0.443058848381	0.894512712955	0.0595477223396	2.41872215551	6.93022585458	17.7988014221	27.8790512085	-78.5318450928	0.381728082895	0.0	0.0	0.0	0.0	0.0	0.495379651819	1.0	1
1.0	93.7684020996	2.0	1.0	338.235992432	3.0	2.0	86.4844017029	3.03664131115	0.0168836358935	0.943140149117	-0.331966221333	17.5724383163	13.3105100479	16.5600013733	17.3859996796	-77.4552993774	0.533832252026	0.0	0.0	0.0	0.0	0.0	0.0841753616443	1.0	1
1.0	66.9774017334	1.0	0.0	232.746795654	1.0	0.0	0.0	10.0	0.0	0.0	0.0	0.0	0.0	0.0	0.0	0.0	2.0	0.0	0.0	0.0	0.0	0.0	0.00181858925063	1.0	1
1.0	303.073120117	2.0	2.0	688.193237305	3.0	1.0	98.0859994888	2.33805898827	0.443058848381	-0.894512712955	-0.0595477223396	25.5043080001	2.41872215551	17.7988014221	27.8790512085	-78.5318450928	0.381728082895	0.0	0.0	0.0	0.0	0.0	0.162035626419	1.0	1
1.0	352.409790039	5.0	1.0	85.1796035767	3.0	1.0	41.1328010559	2.27799253563	0.356595635414	-0.929985463619	0.0892559215426	31.008720894	13.5011392748	3.29579973221	16.1548995972	-78.1834487915	0.471233844757	0.0	0.0	0.0	0.0	0.0	0.353239688808	1.0	1
1.0	305.644012451	1.0	1.0	66.8075027466	2.0	1.0	35.8594017029	3.35991064725	-0.793489098549	-0.590570032597	-0.146976590157	7.11416605391	1.02653535433	9.87782478333	24.0846500397	-80.0433044434	0.293327093124	0.0	0.0	0.0	0.0	0.0	0.0316300466246	1.0	1
1.0	120.393997192	1.0	1.0	41.6747016907	1.0	1.0	10.5468997955	4.01357706891	-0.390007704496	0.405957013369	0.826494336128	3.08002378504	2.84225390977	6.70631027222	29.6521492004	-72.9268035889	0.0227059964091	0.0	0.0	0.0	0.0	0.0	-1.0	0.0	1
1.0	2393.98095703	5.0	2.0	154.350799561	4.0	4.0	206.718812466	0.0	-0.132849812508	0.990335047245	0.0398416295648	38.4978312092	31.3362510892	2.76630020142	39.2447967529	-49.1702003479	0.232030585408	2.0	7.73999977112	48.5156002045	0.0	8.27999973297	0.975948164325	1.0	1
1.0	476.945007324	3.0	1.0	635.925109863	3.0	1.0	13.7109599113	4.01357706891	-0.390007704496	0.405957013369	0.826494336128	3.08002378504	32.0544809051	6.70631027222	29.6521492004	-72.9268035889	0.0227059964091	0.0	0.0	0.0	0.0	0.0	0.267545818147	1.0	1
1.0	1954.0814209	7.0	5.0	847.386291504	5.0	4.0	368.086043477	0.0	0.132859990001	-0.990333676338	-0.0398416556418	37.8470658126	15.0952329677	9.68470478058	22.4038009644	-80.8894042969	0.0760882124305	4.0	8.27999973297	122.343700409	0.0	14.2399997711	0.995264099525	1.0	1
1.0	1129.84790039	4.0	3.0	41.6747016907	1.0	1.0	93.8672614098	0.0	0.132849246264	-0.990330815315	-0.0399477779865	30.1617789621	1.81049643964	2.49923992157	31.7058010101	-58.2109527588	0.0200184136629	1.0	9.60000038147	30.585899353	0.0	9.60000038147	0.433389512263	1.0	1
1.0	117.492996216	1.0	0.0	33.1390991211	1.0	0.0	0.0	10.0	0.0	0.0	0.0	0.0	0.0	0.0	0.0	0.0	2.0	0.0	0.0	0.0	0.0	0.0	0.00181858925063	0.0	1
1.0	188.290298462	2.0	1.0	430.80871582	3.0	1.0	58.0077991486	0.0	-0.999190628529	0.0	-0.0402251295745	4.47033279238	19.0108739956	2.1010351181	8.26156997681	-65.3686523438	0.121394142509	2.0	7.90000009537	46.4062995911	0.0	8.27999973297	0.984650391851	1.0	1
1.0	536.250854492	5.0	2.0	120.505897522	3.0	3.0	109.687400818	0.0	0.999190628529	0.0	0.0402251295745	1.77130186577	4.47033279238	2.1010351181	8.26156997681	-65.3686523438	0.0409407168627	1.0	7.90000009537	21.0937995911	0.0	7.90000009537	0.0998615520135	1.0	1
1.0	698.933349609	3.0	3.0	221.4296875	3.0	3.0	132.890609264	2.37170824513	-0.0103254318237	-0.966930985451	0.25482916832	3.48842163487	14.944826508	2.77725982666	25.7446517944	-68.5182952881	0.00847096741199	0.0	0.0	0.0	0.0	0.0	0.97877718217	1.0	1
1.0	427.795776367	4.0	4.0	58.74659729	2.0	2.0	140.273430347	2.37170824513	0.0103254318237	0.966930985451	-0.25482916832	21.602784493	7.3133429669	2.77725982666	25.7446517944	-68.5182952881	0.00847096741199	0.0	0.0	0.0	0.0	0.0	0.49138987048	1.0	1
1.0	277.163391113	2.0	1.0	33.1390991211	1.0	1.0	28.476600647	2.37170824513	0.0103254318237	0.966930985451	-0.25482916832	14.944826508	3.48842163487	2.77725982666	25.7446517944	-68.5182952881	0.00847096741199	0.0	0.0	0.0	0.0	0.0	0.0998615520135	1.0	1
1.0	117.492996216	1.0	1.0	58.74659729	2.0	1.0	48.5155982971	2.4595690601	-0.340840995312	0.939380586147	-0.0373039916158	0.0	3.22185359322	20.8876991272	28.722650528	-82.2371520996	0.223811179399	0.0	0.0	0.0	0.0	0.0	0.237929287326	1.0	1
1.0	33.148399353	1.0	0.0	12.6280002594	1.0	0.0	0.0	10.0	0.0	0.0	0.0	0.0	0.0	0.0	0.0	0.0	2.0	0.0	0.0	0.0	0.0	0.0	0.00181858925063	0.0	1
1.0	268.344299316	5.0	1.0	91.5527038574	3.0	2.0	64.3359012604	2.41401736517	0.12282859534	0.972589194775	-0.19744206965	36.8799801325	14.8265360713	2.19376993179	31.7821998596	-73.4060058594	0.678907096386	0.0	0.0	0.0	0.0	0.0	0.311024749568	1.0	1
1.0	419.880401611	3.0	2.0	64.7182998657	2.0	2.0	143.437503815	0.0	0.994498729706	0.0315254926682	-0.0998919978738	27.938244974	12.6077424497	15.762550354	28.6823997498	-84.4018478394	0.397211581469	1.0	8.15999984741	15.8203001022	0.0	8.15999984741	0.389599697257	1.0	1
1.0	407.252410889	2.0	1.0	31.5699005127	1.0	1.0	42.1875	3.38283900015	-0.829794406891	-0.55530911684	0.0554344318807	25.3761569356	2.64513125579	9.05432510376	19.063999176	-82.7703552246	0.0137100070715	0.0	0.0	0.0	0.0	0.0	0.0894091098296	1.0	1
1.0	413.56640625	1.0	0.0	12.6280002594	1.0	0.0	0.0	10.0	0.0	0.0	0.0	0.0	0.0	0.0	0.0	0.0	2.0	0.0	0.0	0.0	0.0	0.0	0.00181858925063	1.0	1
1.0	208.867004395	1.0	1.0	137.11920166	1.0	1.0	45.351600647	2.64340497013	0.0172267444432	0.976102113724	0.216628521681	3.34129985277	0.0	11.2429008484	22.0689506531	-83.4841995239	0.172612935305	0.0	0.0	0.0	0.0	0.0	-1.0	0.0	1
1.0	1281.90393066	4.0	4.0	835.470397949	3.0	2.0	123.398491383	2.74924900898	-0.502559661865	-0.85271281004	0.142529159784	33.152183348	37.16349836	6.88292980194	13.5939998627	-82.1121520996	0.110806852579	0.0	0.0	0.0	0.0	0.0	0.974924828183	1.0	1
1.0	1171.89001465	3.0	3.0	696.756713867	3.0	3.0	194.062592506	0.0	0.00986130628735	-0.992221057415	0.124097295105	2.68151570673	4.6890947808	0.164001494646	43.010799408	-54.1873512268	0.0105848163366	1.0	12.8000001907	37.9687995911	0.0	12.8000001907	0.764612860472	1.0	1
1.0	267.860107422	1.0	1.0	636.169189453	2.0	1.0	45.351600647	2.64340497013	0.0172267444432	0.976102113724	0.216628521681	3.34129985277	0.0	11.2429008484	22.0689506531	-83.4841995239	0.172612935305	0.0	0.0	0.0	0.0	0.0	0.0998615520135	1.0	1
1.0	56.6642990112	1.0	0.0	108.472000122	1.0	0.0	0.0	10.0	0.0	0.0	0.0	0.0	0.0	0.0	0.0	0.0	2.0	0.0	0.0	0.0	0.0	0.0	0.00181858925063	0.0	1
1.0	89.0438995361	2.0	1.0	129.518005371	1.0	1.0	36.914100647	2.7970341472	-0.281093478203	-0.959240317345	0.0290615446866	8.12386795374	4.82723961277	12.0608501434	24.6351509094	-88.3657073975	0.917833924294	0.0	0.0	0.0	0.0	0.0	0.182502798033	1.0	1
1.0	1146.2376709	5.0	2.0	302.749908447	3.0	2.0	74.8828320503	2.84900339336	-0.387717276812	-0.664878427982	0.638444900513	31.6119401224	32.5614428211	4.89253520966	29.1820983887	-83.8320465088	0.355093181133	0.0	0.0	0.0	0.0	0.0	0.970992872718	1.0	1
1.0	576.357299805	2.0	2.0	129.518707275	2.0	1.0	82.2657012939	2.84594273131	-0.390213191509	-0.92029696703	0.0280601605773	7.32662148089	8.12386091024	10.8160305023	37.602897644	-86.7895050049	0.828825294971	0.0	0.0	0.0	0.0	0.0	0.371562361644	1.0	1
1.0	150.564697266	2.0	2.0	108.472000122	1.0	1.0	61.1719017029	2.84900339336	-0.387717276812	-0.664878427982	0.638444900513	1.08480276196	1.56591362948	4.89253520966	29.1820983887	-83.8320465088	0.355093181133	0.0	0.0	0.0	0.0	0.0	0.182502798033	1.0	1
1.0	1387.14428711	6.0	3.0	109.648803711	2.0	1.0	113.906200409	1.2340178154	-0.0344661995769	0.472615003586	-0.880594789982	38.5758055449	0.0	14.3351993561	10.892999649	-77.053604126	0.236516818404	0.0	0.0	0.0	0.0	0.0	0.933149820849	1.0	1
1.0	974.656005859	2.0	2.0	309.801300049	2.0	2.0	203.554599762	2.24690680342	-0.406614303589	-0.903108716011	0.138056203723	2.04657865519	16.9023938532	10.8420543671	43.7328033447	-77.6502532959	0.707888305187	0.0	0.0	0.0	0.0	0.0	0.334642386083	1.0	1
1.0	797.12902832	2.0	2.0	240.182998657	1.0	1.0	93.867099762	2.70593979536	0.80095666647	0.588387608528	-0.110763475299	1.47157486692	3.08737527696	21.1908988953	30.2383003235	-79.1962509155	0.551905691624	0.0	0.0	0.0	0.0	0.0	0.0946379344382	1.0	1
1.0	160.797912598	1.0	0.0	50.8646011353	1.0	0.0	0.0	10.0	0.0	0.0	0.0	0.0	0.0	0.0	0.0	0.0	2.0	0.0	0.0	0.0	0.0	0.0	0.00181858925063	0.0	1
1.0	228.070404053	1.0	1.0	226.429595947	4.0	1.0	53.7889995575	0.0	0.996334850788	0.0317211449146	0.0794398188591	0.0	29.1817352026	15.7627000809	28.5666503906	-79.8981018066	0.0932742655277	2.0	8.72000026703	36.914100647	0.0	10.2399997711	0.462884346366	1.0	1
1.0	78.758102417	1.0	1.0	316.673583984	4.0	2.0	59.0624394417	0.0	-0.996335327625	-0.0317211858928	-0.0794329866767	0.0	19.0840402442	14.6665000916	28.5317497253	-79.9855041504	0.685488283634	2.0	8.72000026703	36.914100647	0.0	10.2399997711	0.120697713213	1.0	1
1.0	118.137207031	1.0	1.0	93.5252990723	2.0	1.0	40.0780992508	0.0	-0.996335327625	-0.0317211858928	-0.0794329866767	6.36718510353	8.42923631424	14.6665000916	28.5317497253	-79.9855041504	0.525822281837	2.0	9.60000038147	43.2422008514	0.0	10.2399997711	0.197750574968	1.0	1
1.0	253.668792725	1.0	1.0	66.2446975708	1.0	1.0	31.6406002045	2.76752419645	-0.463835120201	0.735346138477	0.494088202715	0.0	2.01102401441	4.31196975708	42.2022018433	-72.4244995117	0.0984810143709	0.0	0.0	0.0	0.0	0.0	-1.0	0.0	1
1.0	253.668792725	1.0	1.0	100.17489624	2.0	2.0	80.1561985016	2.76752419645	-0.463835120201	0.735346138477	0.494088202715	0.0	15.8497397031	4.31196975708	42.2022018433	-72.4244995117	0.0984810143709	0.0	0.0	0.0	0.0	0.0	0.237929287326	1.0	1
1.0	237.51159668	1.0	1.0	77.5547943115	2.0	2.0	80.1561985016	2.76752419645	-0.463835120201	0.735346138477	0.494088202715	0.0	2.01102401441	4.31196975708	42.2022018433	-72.4244995117	0.0984810143709	0.0	0.0	0.0	0.0	0.0	0.237929287326	1.0	1
1.0	49.3042984009	1.0	1.0	186.083999634	1.0	1.0	30.585899353	2.69071183015	-0.38781490922	-0.859172940254	0.333798319101	0.0	7.96313637866	4.53000497818	24.9110488892	-76.93409729	0.228350222111	0.0	0.0	0.0	0.0	0.0	-1.0	0.0	1
1.0	998.809326172	8.0	5.0	279.921203613	3.0	2.0	214.101498604	0.0	-0.997912347317	0.0	0.0645830929279	12.0399103875	8.65919989715	5.10596466064	5.9921298027	-67.6347503662	0.760397195816	1.0	5.86000013351	11.6015996933	0.0	5.86000013351	0.976197508937	1.0	1
1.0	111.332298279	2.0	1.0	124.055999756	1.0	1.0	40.0780982971	0.0	-0.00917360000312	0.988963544369	-0.147874444723	0.0	2.46444674769	3.66697001457	23.3861999512	-64.3788986206	0.831529259682	1.0	7.69999980927	13.7109003067	0.0	7.69999980927	0.047425390775	1.0	1
1.0	906.562866211	9.0	3.0	77.9326019287	2.0	1.0	103.359298706	0.0	-0.997917771339	0.0	0.0644990056753	18.3031110944	2.18311557072	6.65713024139	16.0499992371	-77.9066009521	0.449907541275	2.0	5.07999992371	25.3125	0.0	7.69999980927	0.9678182341	1.0	1
1.0	625.051025391	5.0	4.0	108.151298523	3.0	3.0	163.476499557	0.0	-0.997912347317	0.0	0.0645830929279	32.6652592985	8.65919989715	5.10596466064	5.9921298027	-67.6347503662	0.760397195816	2.0	5.07999992371	23.2031993866	0.0	5.86000013351	0.711991345231	1.0	1
1.0	504.176116943	4.0	1.0	19.0855007172	1.0	1.0	12.6562004089	3.06948849247	-0.0968178734183	-0.983332574368	0.153894141316	31.571623256	2.04489016212	5.61470031738	10.994184494	-77.0801544189	0.907065629959	0.0	0.0	0.0	0.0	0.0	0.389599689168	1.0	1
1.0	124.055999756	1.0	1.0	146.322387695	3.0	1.0	40.0780982971	0.0	0.00917360000312	-0.988963544369	0.147874444723	2.46444674769	14.5165121836	3.66697001457	23.3861999512	-64.3788986206	0.831529259682	1.0	7.69999980927	13.7109003067	0.0	7.69999980927	0.047425390775	1.0	1
1.0	162.076004028	1.0	1.0	111.085998535	1.0	1.0	21.0937995911	3.70637286081	-0.634451687336	0.0900389179587	0.76770055294	10.6136061668	0.0	6.42582988739	30.1779499054	-73.2090454102	0.326388061047	0.0	0.0	0.0	0.0	0.0	-1.0	0.0	1
1.0	340.541992188	3.0	1.0	417.028381348	3.0	1.0	4.21875	2.52914614431	-0.2526884377	-0.840601861477	0.479100197554	1.55144619078	17.5296414703	0.45858001709	31.2967510223	-50.1356506348	0.946207404137	0.0	0.0	0.0	0.0	0.0	0.0841755889044	1.0	1
1.0	80.1276016235	1.0	0.0	111.085998535	1.0	0.0	0.0	10.0	0.0	0.0	0.0	0.0	0.0	0.0	0.0	0.0	2.0	0.0	0.0	0.0	0.0	0.0	0.00181858925063	1.0	1
1.0	486.228607178	2.0	1.0	182.108200073	2.0	1.0	21.0937995911	3.70637286081	-0.634451687336	0.0900389179587	0.76770055294	18.9473339772	0.0	6.42582988739	30.1779499054	-73.2090454102	0.326388061047	0.0	0.0	0.0	0.0	0.0	0.441915809471	1.0	1
1.0	162.843002319	1.0	1.0	196.324996948	1.0	1.0	44.2969017029	2.18639662027	0.203972414136	-0.958151698112	0.200849547982	1.09465616019	2.18934520826	8.85889053345	21.9553489685	-75.5858001709	0.238754183054	0.0	0.0	0.0	0.0	0.0	-1.0	0.0	1
1.0	1222.08569336	5.0	3.0	283.073394775	5.0	3.0	102.304631352	0.0	0.00740741100162	0.980247914791	-0.197633937001	7.62095259512	29.3619360911	20.1950492859	2.10619997978	-71.1680450439	0.209268957376	2.0	3.29999995232	41.1327991486	0.0	8.73999977112	0.978554524547	1.0	1
1.0	1316.44335938	5.0	4.0	158.277603149	3.0	3.0	121.289029241	0.0	-0.999345421791	0.0	-0.0361760705709	19.8595363511	11.0453990074	3.88675022125	-1.42516005039	-59.8328018188	0.298096776009	1.0	7.90000009537	15.8203001022	0.0	7.90000009537	0.984968393852	1.0	1
1.0	1226.65136719	6.0	5.0	372.86541748	6.0	6.0	177.187400818	0.0	-0.999345421791	0.0	-0.0361760705709	0.0	11.0453990074	3.88675022125	-1.42516005039	-59.8328018188	0.298096776009	3.0	3.29999995232	43.2421998978	0.0	7.90000009537	0.982597425278	1.0	1
1.0	205.456207275	2.0	2.0	295.248504639	3.0	2.0	116.015701294	2.18639662027	0.203972414136	-0.958151698112	0.200849547982	26.3072397225	12.6894938589	8.85889053345	21.9553489685	-75.5858001709	0.238754183054	0.0	0.0	0.0	0.0	0.0	0.267546236503	1.0	1
1.0	403.382110596	1.0	0.0	95.9658966064	1.0	0.0	0.0	10.0	0.0	0.0	0.0	0.0	0.0	0.0	0.0	0.0	2.0	0.0	0.0	0.0	0.0	0.0	0.00181858925063	0.0	1
1.0	1685.09619141	8.0	3.0	128.496704102	2.0	2.0	182.460899353	0.0	-0.0768852308393	0.992014467716	0.0999798849225	21.3712826	8.35117150044	13.9207496643	49.4691009521	-77.6242980957	0.929076731205	1.0	7.51999998093	18.9843997955	0.0	7.51999998093	0.992072243873	1.0	1
1.0	548.143920898	3.0	1.0	322.054901123	2.0	1.0	12.6562004089	3.95107581059	-0.831912100315	-0.147227108479	0.535019934177	12.1211548047	13.2589150433	9.77425479889	15.7020998001	-72.9568023682	0.807216823101	0.0	0.0	0.0	0.0	0.0	0.063196667849	1.0	1
1.0	1691.60205078	7.0	2.0	208.197006226	2.0	2.0	48.5155982971	0.0	-0.997977674007	-0.0618534199893	-0.0146503336728	24.3392441072	20.2201838508	2.69651508331	11.8241004944	-60.8478012085	0.452565073967	2.0	4.34000015259	33.75	0.0	7.42000007629	0.971883550374	1.0	1
1.0	227.715698242	1.0	0.0	152.894897461	2.0	0.0	0.0	10.0	0.0	0.0	0.0	0.0	0.0	0.0	0.0	0.0	2.0	0.0	0.0	0.0	0.0	0.0	0.00181858925063	1.0	1
1.0	378.984008789	1.0	1.0	120.363998413	2.0	1.0	46.4062004089	0.0	-0.0768861025572	0.992014348507	0.0999797731638	9.13594130804	7.71158455682	19.9002494812	14.7259998322	-78.1434936523	0.286472916603	1.0	7.21999979019	15.8203001022	0.0	7.21999979019	0.227954705865	1.0	1
1.0	434.286407471	1.0	0.0	95.9658966064	1.0	0.0	0.0	10.0	0.0	0.0	0.0	0.0	0.0	0.0	0.0	0.0	2.0	0.0	0.0	0.0	0.0	0.0	0.00181858925063	1.0	1
1.0	79.8280029297	1.0	0.0	63.8624000549	1.0	0.0	0.0	10.0	0.0	0.0	0.0	0.0	0.0	0.0	0.0	0.0	2.0	0.0	0.0	0.0	0.0	0.0	0.00181858925063	0.0	2
1.0	534.847045898	2.0	0.0	400.470214844	2.0	0.0	0.0	10.0	0.0	0.0	0.0	0.0	0.0	0.0	0.0	0.0	2.0	0.0	0.0	0.0	0.0	0.0	0.00181858925063	1.0	2
1.0	182.273406982	2.0	1.0	328.625	1.0	1.0	21.226600647	0.0	-0.691302061081	0.718419671059	-0.0772955268621	1.73104235784	1.7776892693	3.4101099968	30.3813514709	-58.5528488159	0.253372251987	1.0	5.53999996185	6.58758020401	0.0	5.53999996185	0.105736288975	1.0	2
1.0	542.828979492	4.0	2.0	556.134399414	1.0	1.0	62.9479999542	2.03941418184	0.239413186908	0.865351438522	-0.440281957388	31.8209895889	12.9946230993	1.65387988091	22.8367004395	-67.1110534668	0.664153397083	0.0	0.0	0.0	0.0	0.0	0.608373469019	1.0	2
1.0	198.239013672	2.0	0.0	63.8624000549	1.0	0.0	0.0	10.0	0.0	0.0	0.0	0.0	0.0	0.0	0.0	0.0	2.0	0.0	0.0	0.0	0.0	0.0	0.00181858925063	1.0	2
1.0	189.809005737	1.0	0.0	10.6435003281	1.0	0.0	0.0	10.0	0.0	0.0	0.0	0.0	0.0	0.0	0.0	0.0	2.0	0.0	0.0	0.0	0.0	0.0	0.00181858925063	0.0	2
1.0	415.095581055	5.0	1.0	113.530502319	2.0	1.0	28.476600647	1.9364916731	2.33334708355e-06	-0.978769779205	0.204962983727	17.6553511939	8.36811477267	1.09737503529	24.6819992065	-58.9846000671	0.869479656219	0.0	0.0	0.0	0.0	0.0	0.483348178629	1.0	2
1.0	539.269226074	3.0	3.0	30.1566009521	2.0	2.0	104.414201736	2.31278618769	-0.178387910128	0.935922861099	0.303687691689	10.1430273752	6.15473570813	0.548410356045	35.1678504944	-58.1050491333	0.570209801197	0.0	0.0	0.0	0.0	0.0	0.608565961595	1.0	2
1.0	459.443115234	1.0	0.0	10.6435003281	1.0	0.0	0.0	10.0	0.0	0.0	0.0	0.0	0.0	0.0	0.0	0.0	2.0	0.0	0.0	0.0	0.0	0.0	0.00181858925063	1.0	2
1.0	59.540802002	1.0	1.0	37.3860015869	1.0	1.0	29.2455997467	2.91674125213	-0.715109169483	0.696503341198	0.0591782517731	9.07321985193	0.0	8.64929485321	36.0396995544	-81.5802001953	0.106274485588	0.0	0.0	0.0	0.0	0.0	-1.0	0.0	2
1.0	495.710510254	3.0	1.0	383.553009033	3.0	1.0	31.9042897224	2.91674125213	-0.715109169483	0.696503341198	0.0591782517731	20.9467425088	0.0	8.64929485321	36.0396995544	-81.5802001953	0.106274485588	0.0	0.0	0.0	0.0	0.0	0.390251722326	1.0	2
1.0	23.5394001007	1.0	0.0	37.3860015869	1.0	0.0	0.0	10.0	0.0	0.0	0.0	0.0	0.0	0.0	0.0	0.0	2.0	0.0	0.0	0.0	0.0	0.0	0.00181858925063	1.0	2
1.0	48.4634017944	2.0	0.0	37.3860015869	1.0	0.0	0.0	10.0	0.0	0.0	0.0	0.0	0.0	0.0	0.0	0.0	2.0	0.0	0.0	0.0	0.0	0.0	0.00181858925063	1.0	2
1.0	202.161407471	2.0	2.0	178.622390747	2.0	2.0	105.461500168	0.0	0.999335110188	0.0	-0.0364594347775	17.5621698423	6.32503631943	16.6794509888	35.493598938	-80.4687042236	0.919119656086	1.0	7.69999980927	11.5209999084	0.0	7.69999980927	0.430768588057	1.0	2
1.0	43.4140014648	1.0	1.0	126.411300659	1.0	1.0	43.4253005981	3.49463869642	-0.740510761738	-0.651699125767	0.164109781384	2.6241463681	1.80205380043	9.00725460052	21.108499527	-76.9850997925	0.219915211201	0.0	0.0	0.0	0.0	0.0	-1.0	0.0	2
1.0	537.567443848	4.0	4.0	233.669586182	5.0	3.0	148.000540733	0.0	0.00218657474034	-0.998693346977	0.0510573014617	2.04903152663	21.0519870137	3.43805503845	16.7150001526	-63.3687973022	0.858275771141	2.0	5.15999984741	23.9282999039	1.0	5.15999984741	0.752756113886	1.0	2
1.0	513.30670166	3.0	3.0	163.44090271	2.0	1.0	62.922410965	3.46860208282	-0.999198079109	0.0	0.0400399193168	31.1943713858	1.93916710534	12.1789255142	15.7972002029	-74.7609558105	0.823700487614	0.0	0.0	0.0	0.0	0.0	0.584390317774	1.0	2
1.0	70.2285003662	2.0	2.0	99.5968017578	2.0	2.0	95.7129411697	0.0	-0.00218657474034	0.998693346977	-0.0510573014617	2.07280468918	7.17973000531	2.8049249649	27.9223995209	-54.2148971558	0.76646053791	2.0	5.15999984741	25.7006998062	2.0	7.71999979019	0.371309968478	1.0	2
1.0	47.2446975708	1.0	0.0	90.6585998535	2.0	0.0	0.0	10.0	0.0	0.0	0.0	0.0	0.0	0.0	0.0	0.0	2.0	0.0	0.0	0.0	0.0	0.0	0.00181858925063	1.0	2
1.0	194.149993896	1.0	1.0	177.01940918	1.0	1.0	64.5996017456	2.99510604314	-0.894128918648	-0.423050135374	0.14684034884	7.25494163737	2.2365716127	11.9477653503	29.1543502808	-81.0701446533	0.291697621346	0.0	0.0	0.0	0.0	0.0	-1.0	0.0	2
1.0	1193.4519043	3.0	2.0	45.6823997498	1.0	1.0	118.652301788	2.93995239479	-0.126520782709	0.990215182304	0.0588756613433	21.5116503001	0.0	8.90386962891	20.4395999908	-80.7233428955	0.502079308033	0.0	0.0	0.0	0.0	0.0	0.986568769697	1.0	2
1.0	1102.0871582	2.0	1.0	268.384216309	2.0	2.0	164.794900894	2.99510604314	-0.894128918648	-0.423050135374	0.14684034884	26.0726126027	13.9666874876	11.9477653503	29.1543502808	-81.0701446533	0.291697621346	0.0	0.0	0.0	0.0	0.0	0.972101981779	1.0	2
1.0	325.486999512	2.0	2.0	45.6823997498	1.0	1.0	125.244102478	0.0	-0.995600402355	0.0935386717319	-0.00551356887445	26.8233447073	4.17277991378	1.96103000641	30.2049503326	-72.911895752	0.831671774387	0.0	0.0	0.0	1.0	7.34000015259	0.387361084256	1.0	2
1.0	633.842773438	2.0	0.0	131.337005615	1.0	0.0	0.0	10.0	0.0	0.0	0.0	0.0	0.0	0.0	0.0	0.0	2.0	0.0	0.0	0.0	0.0	0.0	0.00181858925063	1.0	2
1.0	195.281890869	2.0	0.0	99.6336975098	2.0	0.0	0.0	10.0	0.0	0.0	0.0	0.0	0.0	0.0	0.0	0.0	2.0	0.0	0.0	0.0	0.0	0.0	0.00181858925063	1.0	2
1.0	65.09400177	1.0	1.0	479.569702148	3.0	3.0	101.741399765	0.0	0.997142493725	0.0	-0.075543679297	2.39169786103	20.1175728118	17.6966495514	23.8349990845	-78.5978546143	0.905391156673	1.0	6.23999977112	7.31953001022	0.0	6.23999977112	0.468937143142	1.0	2
1.0	65.09400177	1.0	1.0	29.22590065	1.0	1.0	33.6697998047	0.0	0.997142493725	0.0	-0.075543679297	2.39169786103	0.0	17.6966495514	23.8349990845	-78.5978546143	0.905391156673	1.0	6.23999977112	7.31953001022	0.0	6.23999977112	0.166776409739	1.0	2
1.0	65.09400177	1.0	1.0	394.54901123	1.0	1.0	27.8141994476	3.70846327365	-0.304535329342	-0.0998334810138	0.947254657745	3.2405748884	11.7297578508	2.56414055824	21.7667503357	-70.5944061279	0.000258319079876	0.0	0.0	0.0	0.0	0.0	0.138181300789	1.0	2
