valid	volumeS1	connectedComponentsS1	connectedComponentsS1Rel	volumeS2	connectedComponentsS2	connectedComponentsS2Rel	corticalSize	distanceMin	direction_x	direction_y	direction_z	distanceToExtremity1	distanceToExtremity2	gravityCenter_x	gravityCenter_y	gravityCenter_z	corticalDotProduct	junctions	junctionDepthMin	junctionsSize	plisDePassage	plisDePassageDepthMax	Potential	Class	cycle
1.0	152.369995117	1.0	0.0	448.274902344	1.0	0.0	0.0	10.0	0.0	0.0	0.0	0.0	0.0	0.0	0.0	0.0	2.0	0.0	0.0	0.0	0.0	0.0	1.03525536827e-12	0.0	1
1.0	1234.41479492	6.0	3.0	622.727233887	3.0	3.0	158.203101277	0.0	0.0334178544581	0.984706521034	-0.170986250043	3.89646785417	20.3305065921	48.087852478	14.0394496918	-62.9654006958	0.691891670227	1.0	10.5399999619	26.3672008514	2.0	15.2600002289	0.9724622919	1.0	1
1.0	1205.70751953	7.0	3.0	885.509216309	3.0	3.0	158.203101277	0.0	0.99934732914	-0.0346089676023	-0.010343731381	17.5312169257	1.12113112544	41.2084999084	27.2859992981	-68.7676010132	0.757056295872	1.0	10.5399999619	26.3672008514	2.0	15.2600002289	0.984077761165	1.0	1
1.0	253.948913574	2.0	0.0	322.404907227	1.0	0.0	0.0	10.0	0.0	0.0	0.0	0.0	0.0	0.0	0.0	0.0	2.0	0.0	0.0	0.0	0.0	0.0	1.03525536827e-12	1.0	1
1.0	819.262939453	3.0	1.0	125.870002747	1.0	1.0	38.2323989868	1.92303927752	-0.54386305809	-0.795551002026	-0.267042458057	12.977559602	0.0	41.0055007935	5.61794471741	-67.7290496826	0.710964739323	0.0	0.0	0.0	0.0	0.0	0.188866997047	1.0	1
1.0	1168.16723633	6.0	3.0	594.019897461	2.0	2.0	163.476561189	0.0	0.99934732914	-0.0346089676023	-0.010343731381	17.5312169257	1.12113112544	41.2084999084	27.2859992981	-68.7676010132	0.757056295872	1.0	10.5399999619	26.3672008514	2.0	15.2600002289	0.974196323617	1.0	1
1.0	249.533203125	3.0	0.0	448.274902344	1.0	0.0	0.0	10.0	0.0	0.0	0.0	0.0	0.0	0.0	0.0	0.0	2.0	0.0	0.0	0.0	0.0	0.0	1.03525536827e-12	1.0	1
1.0	133.132995605	1.0	0.0	471.717987061	1.0	0.0	0.0	10.0	0.0	0.0	0.0	0.0	0.0	0.0	0.0	0.0	2.0	0.0	0.0	0.0	0.0	0.0	1.03525536827e-12	0.0	1
1.0	312.286804199	3.0	0.0	215.313812256	3.0	0.0	0.0	10.0	0.0	0.0	0.0	0.0	0.0	0.0	0.0	0.0	2.0	0.0	0.0	0.0	0.0	0.0	1.03525536827e-12	1.0	1
1.0	133.132995605	1.0	1.0	328.723815918	2.0	1.0	52.7344017029	2.84594273131	0.327693760395	-0.904632270336	0.272501766682	0.0	10.9062328612	33.6404495239	17.8817501068	-75.9237976074	0.607948660851	0.0	0.0	0.0	0.0	0.0	0.257726866721	1.0	1
1.0	133.132995605	1.0	1.0	917.137817383	3.0	1.0	34.8046989441	2.8843110281	0.879199743271	0.00685730390251	0.476404070854	0.0	10.2287929076	36.5685501099	21.955450058	-74.761100769	0.326308488846	0.0	0.0	0.0	0.0	0.0	0.17228779793	1.0	1
1.0	376.38861084	3.0	1.0	857.967956543	5.0	2.0	48.5156002045	0.0	0.998030424118	-0.0331813767552	0.0532377660275	3.04848762287	2.46742570342	39.9713516235	16.1870002747	-68.9389953613	0.266778975725	1.0	16.9599990845	42.1875	0.0	16.9599990845	0.172287807183	1.0	1
1.0	163.279998779	1.0	0.0	286.608001709	1.0	0.0	0.0	10.0	0.0	0.0	0.0	0.0	0.0	0.0	0.0	0.0	2.0	0.0	0.0	0.0	0.0	0.0	1.03525536827e-12	0.0	1
1.0	1235.01940918	4.0	2.0	1599.79345703	1.0	1.0	71.5430011749	1.70017939631	0.620104014874	0.172544375062	0.765309989452	19.4516808889	6.70478056979	33.5965003967	13.3628501892	-75.0953979492	0.711744964123	0.0	0.0	0.0	0.0	0.0	0.831813454122	1.0	1
1.0	965.781982422	2.0	0.0	357.825683594	2.0	0.0	0.0	10.0	0.0	0.0	0.0	0.0	0.0	0.0	0.0	0.0	2.0	0.0	0.0	0.0	0.0	0.0	1.03525536827e-12	1.0	1
1.0	1139.48339844	4.0	2.0	1085.63671875	1.0	1.0	34.8047800064	0.0	0.0314109697938	-0.976058006287	0.215230509639	1.7847467199	19.761075934	38.168548584	9.6830701828	-68.5654449463	0.551227331161	2.0	14.4799995422	65.7422027588	0.0	14.4799995422	0.706311781241	1.0	1
1.0	163.279998779	1.0	1.0	495.049682617	2.0	1.0	31.9043006897	1.70017939631	0.620104014874	0.172544375062	0.765309989452	0.0	23.4188454407	33.5965003967	13.3628501892	-75.0953979492	0.711744964123	0.0	0.0	0.0	0.0	0.0	0.158182015815	1.0	1
1.0	334.508605957	1.0	0.0	332.585998535	1.0	0.0	0.0	10.0	0.0	0.0	0.0	0.0	0.0	0.0	0.0	0.0	2.0	0.0	0.0	0.0	0.0	0.0	1.03525536827e-12	0.0	1
1.0	1166.93554688	8.0	3.0	1213.07434082	4.0	2.0	69.7436299324	0.0	0.998987615108	-0.0365960039198	0.0261627454311	19.5883065044	1.24606208402	29.3099002838	12.8461999893	-79.5505065918	0.700071156025	3.0	16.1399993896	152.646400452	2.0	16.2999992371	0.98763025335	1.0	1
1.0	845.884216309	5.0	2.0	417.174499512	2.0	1.0	35.529800415	2.15415642869	0.747711896896	0.657465457916	-0.0930913239717	35.23122734	8.10007962788	35.7987518311	22.4319496155	-74.4945983887	0.613502979279	0.0	0.0	0.0	0.0	0.0	0.639101215282	1.0	1
1.0	1041.97546387	5.0	1.0	2439.60791016	5.0	2.0	48.6889805794	0.0	0.998985350132	-0.036598071456	0.0262443721294	21.518034003	14.1485998101	30.5818500519	14.1706008911	-78.4422531128	0.240162789822	3.0	8.31999969482	82.9028418064	1.0	8.31999969482	0.995371638916	1.0	1
1.0	555.592041016	4.0	0.0	501.763000488	2.0	0.0	0.0	10.0	0.0	0.0	0.0	0.0	0.0	0.0	0.0	0.0	2.0	0.0	0.0	0.0	0.0	0.0	1.03525536827e-12	1.0	1
1.0	1070.81188965	5.0	2.0	1955.14672852	2.0	2.0	82.902780056	0.0	0.998987615108	-0.0365960039198	0.0261627454311	19.5883065044	1.24606208402	29.3099002838	12.8461999893	-79.5505065918	0.700071156025	5.0	8.31999969482	214.494640589	3.0	16.2999992371	0.983075177014	1.0	1
1.0	1184.23754883	3.0	1.0	1632.17272949	3.0	2.0	68.4276914597	0.0	0.998985350132	-0.036598071456	0.0262443721294	21.518034003	0.0	30.5818500519	14.1706008911	-78.4422531128	0.240162789822	4.0	9.53999996185	172.385202408	0.0	19.7199993134	0.979686196605	1.0	1
1.0	1059.27709961	5.0	3.0	1966.68164062	2.0	2.0	96.0619997978	0.0	0.998985350132	-0.036598071456	0.0262443721294	21.518034003	0.0	30.5818500519	14.1706008911	-78.4422531128	0.240162789822	7.0	8.31999969482	301.345239878	2.0	16.2999992371	0.977456541602	1.0	1
1.0	586.351501465	4.0	1.0	642.102905273	3.0	2.0	9.2114200592	0.0	0.0429948121309	0.985947668552	-0.161427244544	1.78717127625	8.68818980161	32.5564498901	18.8049507141	-75.2636566162	0.120952151716	1.0	16.2999992371	51.3208007812	1.0	16.2999992371	0.568158648431	1.0	1
1.0	1009.29296875	5.0	3.0	2016.66577148	2.0	2.0	109.221179485	0.0	0.998987615108	-0.0365960039198	0.0261627454311	19.5883065044	1.24606208402	29.3099002838	12.8461999893	-79.5505065918	0.700071156025	5.0	8.31999969482	221.074238062	3.0	16.2999992371	0.974658009562	1.0	1
1.0	172.768005371	1.0	0.0	331.961975098	1.0	0.0	0.0	10.0	0.0	0.0	0.0	0.0	0.0	0.0	0.0	0.0	2.0	0.0	0.0	0.0	0.0	0.0	1.03525536827e-12	0.0	1
1.0	777.45703125	6.0	2.0	1852.3223877	4.0	1.0	29.0039291382	0.0	0.999826014042	0.0	0.0186494812369	32.4710282526	11.1507034833	38.8686981201	21.4270000458	-68.7802505493	0.613649129868	2.0	6.13999986649	24.6094007492	0.0	7.13999986649	0.967256935667	1.0	1
1.0	568.901000977	5.0	1.0	894.692871094	5.0	1.0	11.4258003235	0.0	-0.0189036801457	0.167078211904	0.985762476921	34.1316027838	0.0	34.0406990051	18.8120498657	-72.4253540039	0.714232206345	1.0	10.0600004196	19.335899353	0.0	10.0600004196	0.553923414289	1.0	1
1.0	232.002807617	2.0	0.0	439.325012207	2.0	0.0	0.0	10.0	0.0	0.0	0.0	0.0	0.0	0.0	0.0	0.0	2.0	0.0	0.0	0.0	0.0	0.0	1.03525536827e-12	1.0	1
1.0	239.407196045	2.0	0.0	728.095031738	3.0	0.0	0.0	10.0	0.0	0.0	0.0	0.0	0.0	0.0	0.0	0.0	2.0	0.0	0.0	0.0	0.0	0.0	1.03525536827e-12	1.0	1
1.0	148.087097168	3.0	0.0	798.436889648	3.0	0.0	0.0	10.0	0.0	0.0	0.0	0.0	0.0	0.0	0.0	0.0	2.0	0.0	0.0	0.0	0.0	0.0	1.03525536827e-12	1.0	1
1.0	149.298797607	1.0	0.0	271.20300293	1.0	0.0	0.0	10.0	0.0	0.0	0.0	0.0	0.0	0.0	0.0	0.0	2.0	0.0	0.0	0.0	0.0	0.0	1.03525536827e-12	0.0	1
1.0	1020.43438721	7.0	2.0	1290.2677002	4.0	1.0	34.277340889	0.0	0.999505579472	0.0310314781964	0.00506108114496	10.980223825	40.4747039539	27.3847503662	2.9822499752	-66.1618041992	0.509003043175	4.0	13.279999733	173.671794891	0.0	21.2399997711	0.969233835775	1.0	1
1.0	395.846618652	4.0	1.0	97.2493972778	3.0	1.0	6.85547018051	0.0	0.999505519867	0.0310345944017	0.00506158918142	12.5575238901	6.74370733748	29.3759002686	2.69010996819	-67.5137939453	0.0643074885011	1.0	13.279999733	35.4198989868	0.0	13.279999733	0.591411475881	1.0	1
1.0	1034.1315918	7.0	4.0	1212.1940918	6.0	3.0	186.240282059	0.0	-0.0288026537746	0.963114023209	-0.267547994852	15.2296867786	0.987287723082	25.4986991882	16.9479007721	-72.9813995361	0.908187687397	5.0	1.29999995232	165.673778534	2.0	12.5	0.974016685581	1.0	1
1.0	869.766235352	5.0	3.0	935.512573242	3.0	3.0	154.24806118	0.0	0.012436747551	-0.251152336597	-0.967867672443	1.40711414489	11.8758596009	27.8694496155	3.17427015305	-65.4783477783	0.440026968718	4.0	1.29999995232	130.253879547	1.0	1.29999995232	0.958347217287	1.0	1
1.0	509.532897949	5.0	2.0	1042.34997559	1.0	1.0	60.5566115379	0.0	-0.0288026537746	0.963114023209	-0.267547994852	20.7309298841	0.987287723082	25.4986991882	16.9479007721	-72.9813995361	0.908187687397	1.0	1.29999995232	1.14258003235	1.0	1.29999995232	0.885277705385	1.0	1
1.0	869.766235352	5.0	2.0	817.717590332	3.0	3.0	78.8379092216	0.0	0.012436747551	-0.251152336597	-0.967867672443	1.40711414489	11.8758596009	27.8694496155	3.17427015305	-65.4783477783	0.440026968718	2.0	13.279999733	83.4082012177	0.0	20.2999992371	0.965958427567	1.0	1
1.0	202.509994507	1.0	0.0	547.057495117	1.0	0.0	0.0	10.0	0.0	0.0	0.0	0.0	0.0	0.0	0.0	0.0	2.0	0.0	0.0	0.0	0.0	0.0	1.03525536827e-12	0.0	1
1.0	489.39855957	6.0	1.0	374.080291748	3.0	1.0	25.4883003235	0.0	0.995683014393	-0.070479825139	-0.060397669673	19.5611817522	3.41337889368	27.3349494934	18.712600708	-71.0410461426	0.794636428356	1.0	14.8400001526	33.398399353	0.0	14.8400001526	0.54471778153	1.0	1
1.0	480.960693359	4.0	1.0	284.076293945	2.0	1.0	26.3672008514	1.99816667453	0.167083993554	-0.985942482948	-0.000571433571167	6.9118190768	0.0	32.5877532959	15.4013996124	-69.8589935303	0.787471055984	0.0	0.0	0.0	0.0	0.0	0.525908542708	1.0	1
1.0	278.450683594	3.0	0.0	74.5347976685	1.0	0.0	0.0	10.0	0.0	0.0	0.0	0.0	0.0	0.0	0.0	0.0	2.0	0.0	0.0	0.0	0.0	0.0	1.03525536827e-12	1.0	1
1.0	404.657012939	1.0	0.0	322.983001709	1.0	0.0	0.0	10.0	0.0	0.0	0.0	0.0	0.0	0.0	0.0	0.0	2.0	0.0	0.0	0.0	0.0	0.0	1.03525536827e-12	0.0	1
1.0	461.581298828	2.0	0.0	326.695983887	1.0	0.0	0.0	10.0	0.0	0.0	0.0	0.0	0.0	0.0	0.0	0.0	2.0	0.0	0.0	0.0	0.0	0.0	1.03525536827e-12	1.0	1
1.0	404.657012939	1.0	1.0	722.690673828	1.0	1.0	70.0	0.0	-0.00264576659538	0.988859772682	0.148826181889	3.99843936516	14.7471284819	30.7712001801	13.9349498749	-76.6821517944	0.810530304909	1.0	1.0	1.0	1.0	1.0	0.202175757697	1.0	1
1.0	404.657012939	1.0	1.0	486.330688477	2.0	1.0	40.0	0.0	-0.00264576659538	0.988859772682	0.148826181889	3.99843936516	1.52897194325	30.7712001801	13.9349498749	-76.6821517944	0.810530304909	1.0	1.0	1.0	1.0	1.0	0.202175757697	1.0	1
1.0	404.657012939	1.0	1.0	584.092712402	1.0	1.0	30.0	1.56508468472	0.412201553583	-0.862277626991	0.294223070145	0.0	8.80315926802	32.3464508057	9.72932529449	-73.4845504761	0.493130862713	0.0	0.0	0.0	0.0	0.0	0.148885033623	1.0	1
1.0	331.457702637	1.0	0.0	453.980987549	1.0	0.0	0.0	10.0	0.0	0.0	0.0	0.0	0.0	0.0	0.0	0.0	2.0	0.0	0.0	0.0	0.0	0.0	1.03525536827e-12	0.0	1
1.0	69.6446990967	2.0	1.0	257.943511963	3.0	1.0	12.0	0.0	0.00270489021204	-0.988876581192	-0.148713827133	1.8831139794	15.4291584166	22.4285507202	17.6189994812	-79.5128479004	0.105787925422	1.0	650.020019531	25.0	0.0	650.020019531	0.216518061493	1.0	1
1.0	10.317700386	1.0	1.0	1555.39904785	2.0	1.0	12.0	0.0	0.00270489021204	-0.988876581192	-0.148713827133	1.8831139794	1.52479031481	22.4285507202	17.6189994812	-79.5128479004	0.105787925422	1.0	650.020019531	25.0	0.0	650.020019531	0.216518061493	1.0	1
1.0	465.588684082	2.0	1.0	696.447021484	2.0	1.0	39.0	0.0	-0.0178258605301	-0.144447132945	0.989351868629	10.1771457219	1.07264333163	31.2285003662	27.6170005798	-77.3042449951	0.350455075502	2.0	650.020019531	109.0	0.0	650.020019531	0.469945198933	1.0	1
1.0	465.588684082	2.0	0.0	709.344665527	1.0	0.0	0.0	10.0	0.0	0.0	0.0	0.0	0.0	0.0	0.0	0.0	2.0	0.0	0.0	0.0	0.0	0.0	1.03525536827e-12	1.0	1
1.0	283.010986328	1.0	0.0	340.843994141	1.0	0.0	0.0	10.0	0.0	0.0	0.0	0.0	0.0	0.0	0.0	0.0	2.0	0.0	0.0	0.0	0.0	0.0	1.03525536827e-12	0.0	1
1.0	494.65435791	3.0	1.0	513.111633301	5.0	2.0	46.0	0.0	-0.0187849197537	-0.152881398797	0.988066077232	1.86382536871	19.5160691002	30.1616001129	16.7803497314	-72.7532501221	0.521603822708	1.0	15.1000003815	30.0	0.0	15.1000003815	0.469945198933	1.0	1
1.0	72.5985031128	1.0	1.0	1048.37219238	4.0	2.0	30.0	0.0	-0.0188809148967	-0.152881115675	0.988064289093	1.03282778869	16.7175726075	40.0209503174	23.610748291	-67.4479522705	0.929303646088	1.0	15.4200000763	38.0	0.0	15.4200000763	0.0748596906875	1.0	1
1.0	355.60949707	1.0	1.0	1978.61816406	3.0	2.0	64.0	0.0	-0.0188809148967	-0.152881115675	0.988064289093	1.03282778869	31.7762650113	40.0209503174	23.610748291	-67.4479522705	0.929303646088	4.0	14.3599996567	167.0	0.0	17.2000007629	0.226028352279	1.0	1
1.0	355.60949707	1.0	1.0	890.870483398	3.0	2.0	27.0	0.0	-0.0188809148967	-0.152881115675	0.988064289093	1.03282778869	1.54364307975	40.0209503174	23.610748291	-67.4479522705	0.929303646088	2.0	14.3599996567	39.0	0.0	15.4200000763	0.124353001772	1.0	1
1.0	153.475997925	1.0	0.0	347.148010254	1.0	0.0	0.0	10.0	0.0	0.0	0.0	0.0	0.0	0.0	0.0	0.0	2.0	0.0	0.0	0.0	0.0	0.0	1.03525536827e-12	0.0	1
1.0	328.87701416	2.0	1.0	377.599609375	1.0	1.0	0.0	10.0	0.0	0.0	0.0	0.0	0.0	0.0	0.0	0.0	2.0	1.0	12.3199996948	24.0	1.0	12.3199996948	0.336375544336	1.0	1
1.0	205.852600098	2.0	1.0	674.807006836	3.0	1.0	13.0	0.0	-0.999852716923	0.0	-0.0171626005322	2.10888236616	1.84998057587	37.7862014771	14.7623996735	-69.6610565186	0.721029043198	1.0	11.1599998474	31.0	0.0	11.1599998474	0.0649086127746	1.0	1
1.0	462.863586426	3.0	1.0	898.930969238	3.0	1.0	13.0	0.0	-0.999852716923	0.0	-0.0171626005322	2.10888236616	31.4626243107	37.7862014771	14.7623996735	-69.6610565186	0.721029043198	1.0	11.1599998474	31.0	0.0	11.1599998474	0.515359278007	1.0	1
1.0	328.87701416	2.0	1.0	753.981628418	3.0	1.0	0.0	10.0	0.0	0.0	0.0	0.0	0.0	0.0	0.0	0.0	2.0	1.0	12.3199996948	24.0	1.0	12.3199996948	0.336375544336	1.0	1
1.0	92.3764038086	1.0	0.0	350.780395508	1.0	0.0	0.0	10.0	0.0	0.0	0.0	0.0	0.0	0.0	0.0	0.0	2.0	0.0	0.0	0.0	0.0	0.0	1.03525536827e-12	0.0	1
1.0	727.775939941	4.0	3.0	544.271118164	5.0	3.0	80.0	0.0	-0.0181462969631	-0.142465472221	0.989633440971	2.64174975757	35.5452386299	46.78125	21.2422504425	-66.0790557861	0.460265696049	3.0	10.2600002289	82.0	0.0	18.5400009155	0.46211715726	1.0	1
1.0	369.505401611	2.0	1.0	116.094596863	2.0	2.0	36.0	0.0	-0.0181462969631	-0.142465472221	0.989633440971	2.64174975757	5.44800158617	46.78125	21.2422504425	-66.0790557861	0.460265696049	2.0	10.2600002289	45.0	0.0	11.6800003052	0.178080868117	1.0	1
1.0	446.902008057	2.0	1.0	612.929748535	4.0	2.0	33.0	0.0	0.00277704000473	-0.988566040993	-0.150762990117	1.07464003192	18.557233378	34.6965484619	18.6203994751	-73.7532958984	0.764782488346	2.0	23.7399997711	116.0	0.0	24.4200000763	0.139092447878	1.0	1
1.0	59.9197998047	2.0	1.0	372.00201416	3.0	1.0	14.0	0.0	0.0181462969631	0.142465472221	-0.989633440971	5.44800158617	14.4473056274	46.78125	21.2422504425	-66.0790557861	0.460265696049	1.0	10.2600002289	22.0	0.0	10.2600002289	0.216518061493	1.0	1
1.0	176.573699951	1.0	0.0	423.276000977	1.0	0.0	0.0	10.0	0.0	0.0	0.0	0.0	0.0	0.0	0.0	0.0	2.0	0.0	0.0	0.0	0.0	0.0	1.03525536827e-12	0.0	1
1.0	189.096710205	1.0	1.0	681.248596191	3.0	1.0	28.0	0.0	-0.0185560584068	-0.149584636092	0.988574743271	2.6117701702	0.0	31.3530502319	10.9282999039	-71.6976470947	0.859829187393	2.0	16.8400001526	56.0	0.0	19.8400001526	0.139092447878	1.0	1
1.0	880.363769531	2.0	2.0	702.537597656	2.0	1.0	35.0	0.0	-0.0185560584068	-0.149584636092	0.988574743271	24.5130094904	0.0	31.3530502319	10.9282999039	-71.6976470947	0.859829187393	2.0	16.8400001526	56.0	0.0	19.8400001526	0.442230356046	1.0	1
1.0	905.409973145	4.0	2.0	859.074645996	2.0	1.0	7.0	4.18245153569	-0.0607347376645	-0.994860827923	0.0810133889318	13.9656867097	5.65846099635	37.4709510803	19.1243743896	-71.9990539551	0.922310173512	1.0	19.8400001526	10.0	0.0	19.8400001526	0.526290031454	1.0	1
1.0	1001.83679199	3.0	0.0	624.895629883	1.0	0.0	0.0	10.0	0.0	0.0	0.0	0.0	0.0	0.0	0.0	0.0	2.0	0.0	0.0	0.0	0.0	0.0	1.03525536827e-12	1.0	1
1.0	87.7314987183	1.0	0.0	231.184204102	1.0	0.0	0.0	10.0	0.0	0.0	0.0	0.0	0.0	0.0	0.0	0.0	2.0	0.0	0.0	0.0	0.0	0.0	1.03525536827e-12	0.0	1
1.0	352.111602783	3.0	0.0	275.04989624	3.0	0.0	0.0	10.0	0.0	0.0	0.0	0.0	0.0	0.0	0.0	0.0	2.0	0.0	0.0	0.0	0.0	0.0	1.03525536827e-12	1.0	1
1.0	87.7314987183	1.0	1.0	245.410903931	2.0	1.0	14.0	3.32346200006	0.276592433453	-0.8157158494	0.508039712906	15.4338681045	2.38395378422	37.3270492554	18.551700592	-71.084197998	0.141499504447	0.0	0.0	0.0	0.0	0.0	0.0698858903164	1.0	1
1.0	262.009002686	2.0	2.0	519.275390625	3.0	1.0	48.0	0.0	-0.00274668470956	0.990048885345	0.140696704388	0.0	1.10594722247	22.5103492737	17.8352508545	-77.0662002563	0.237663641572	1.0	4.26000022888	11.0	1.0	4.26000022888	0.526290031454	1.0	1
1.0	301.132507324	4.0	4.0	522.832092285	3.0	2.0	97.0	0.0	-0.00274668470956	0.990048885345	0.140696704388	18.4699421609	1.10594722247	22.5103492737	17.8352508545	-77.0662002563	0.237663641572	4.0	4.26000022888	59.0	1.0	4.26000022888	0.401134284948	1.0	1
1.0	140.462997437	3.0	0.0	60.1983985901	1.0	0.0	0.0	10.0	0.0	0.0	0.0	0.0	0.0	0.0	0.0	0.0	2.0	0.0	0.0	0.0	0.0	0.0	1.03525536827e-12	1.0	1
1.0	950.82611084	7.0	3.0	1328.99536133	3.0	2.0	121.11334753	0.0	0.999529898167	0.0	0.0306577067822	17.608686107	1.75872846686	33.6913490295	30.7231998444	-72.1455535889	0.868400454521	3.0	7.09999990463	68.5547008514	1.0	14.8000001907	0.981063437459	1.0	1
1.0	172.878005981	1.0	1.0	669.90045166	2.0	2.0	35.4199500084	0.0	0.999529898167	0.0	0.0306577067822	0.0	21.577159023	32.512550354	10.4043998718	-68.5017471313	0.815013647079	2.0	7.09999990463	46.8456993103	0.0	15.3199996948	0.0513707413098	1.0	1
1.0	416.759002686	2.0	1.0	237.706390381	3.0	1.0	0.0	10.0	0.0	0.0	0.0	0.0	0.0	0.0	0.0	0.0	2.0	1.0	15.3199996948	35.4198989868	0.0	15.3199996948	0.0399689469533	1.0	1
1.0	172.878005981	1.0	1.0	203.74848938	2.0	1.0	0.0	10.0	0.0	0.0	0.0	0.0	0.0	0.0	0.0	0.0	2.0	1.0	15.3199996948	35.4198989868	0.0	15.3199996948	0.136256736347	1.0	1
1.0	164.986587524	1.0	1.0	534.640014648	1.0	1.0	39.5507998466	0.0	-0.993497848511	0.0	-0.113851204515	0.0	1.04052940594	25.1408500671	11.2063999176	-71.1101531982	0.118044748902	2.0	9.97999954224	60.6444988251	0.0	10.5399999619	-1.0	0.0	1
1.0	891.763061523	3.0	2.0	1512.02807617	4.0	3.0	159.521401882	0.0	-0.0265243444592	-0.970083475113	0.241318374872	0.0	23.1949809466	50.543800354	21.2628993988	-63.2425498962	0.869505226612	2.0	9.97999954224	60.6444988251	1.0	19.5400009155	0.522722477087	1.0	1
1.0	229.728210449	3.0	1.0	1810.67492676	3.0	1.0	39.5507998466	0.0	-0.993497848511	0.0	-0.113851204515	2.11987235801	1.04052940594	25.1408500671	11.2063999176	-71.1101531982	0.118044748902	2.0	9.97999954224	60.6444988251	0.0	10.5399999619	0.288226505489	1.0	1
1.0	146.190704346	4.0	0.0	559.701293945	1.0	0.0	0.0	10.0	0.0	0.0	0.0	0.0	0.0	0.0	0.0	0.0	2.0	0.0	0.0	0.0	0.0	0.0	1.03525536827e-12	1.0	1
1.0	929.354980469	5.0	2.0	1835.73620605	3.0	2.0	106.787061691	0.0	-0.0265243444592	-0.970083475113	0.241318374872	0.0	28.0029720364	50.543800354	21.2628993988	-63.2425498962	0.869505226612	2.0	10.5399999619	63.2812995911	1.0	19.5400009155	0.973858437341	1.0	1
1.0	16.7075004578	1.0	0.0	588.93939209	2.0	0.0	0.0	10.0	0.0	0.0	0.0	0.0	0.0	0.0	0.0	0.0	2.0	0.0	0.0	0.0	0.0	0.0	1.03525536827e-12	1.0	1
1.0	209.716003418	1.0	0.0	272.317993164	1.0	0.0	0.0	10.0	0.0	0.0	0.0	0.0	0.0	0.0	0.0	0.0	2.0	0.0	0.0	0.0	0.0	0.0	1.03525536827e-12	0.0	1
1.0	261.362884521	3.0	0.0	633.843994141	1.0	0.0	0.0	10.0	0.0	0.0	0.0	0.0	0.0	0.0	0.0	0.0	2.0	0.0	0.0	0.0	0.0	0.0	1.03525536827e-12	1.0	1
1.0	352.135009766	1.0	0.0	148.679992676	1.0	0.0	0.0	10.0	0.0	0.0	0.0	0.0	0.0	0.0	0.0	0.0	2.0	0.0	0.0	0.0	0.0	0.0	1.03525536827e-12	1.0	1
1.0	901.467041016	4.0	2.0	904.596984863	1.0	1.0	54.3594106436	0.0	0.106013379991	-0.937814712524	0.330552250147	25.0609985815	2.53674031804	26.6469497681	16.3671989441	-74.5950469971	0.17143137753	2.0	13.5	57.2203998566	0.0	13.5	0.743581031798	1.0	1
1.0	300.488800049	2.0	0.0	272.317993164	1.0	0.0	0.0	10.0	0.0	0.0	0.0	0.0	0.0	0.0	0.0	0.0	2.0	0.0	0.0	0.0	0.0	0.0	1.03525536827e-12	1.0	1
1.0	12.6977996826	1.0	0.0	204.751998901	1.0	0.0	0.0	10.0	0.0	0.0	0.0	0.0	0.0	0.0	0.0	0.0	2.0	0.0	0.0	0.0	0.0	0.0	1.03525536827e-12	0.0	1
1.0	926.941650391	5.0	3.0	1307.87426758	5.0	4.0	196.897492886	0.0	-0.0364873409271	0.997947394848	-0.0526286363602	19.2910811773	6.95185837085	25.6744003296	35.2616004944	-69.6196517944	0.0138047300279	4.0	3.79999995232	102.783041	3.0	19.1599998474	0.992967748326	1.0	1
1.0	1069.79199219	7.0	3.0	1561.83056641	4.0	2.0	247.669792891	0.0	-0.0364887714386	0.997941613197	-0.0527353584766	26.4297475428	0.0	26.0588989258	27.8771495819	-70.5886001587	0.801760852337	3.0	4.82000017166	56.9640388489	2.0	18.7600002289	0.997382968055	1.0	1
1.0	723.776489258	5.0	1.0	420.614807129	2.0	1.0	16.0984992981	2.51160702375	-0.275790899992	-0.945334970951	-0.174014806747	0.0	19.0606260285	42.8414001465	7.45483493805	-60.8227005005	0.617501974106	0.0	0.0	0.0	0.0	0.0	0.757651925709	1.0	1
1.0	260.305786133	2.0	0.0	434.899902344	3.0	0.0	0.0	10.0	0.0	0.0	0.0	0.0	0.0	0.0	0.0	0.0	2.0	0.0	0.0	0.0	0.0	0.0	1.03525536827e-12	1.0	1
1.0	650.764038086	2.0	1.0	931.701782227	3.0	1.0	4.95340013504	1.66149030154	-0.702614545822	-0.711400926113	-0.0155405346304	6.25445092979	1.53121465525	28.3708496094	22.282749176	-68.7725982666	0.988627135754	0.0	0.0	0.0	0.0	0.0	0.0247619378557	1.0	1
1.0	155.755996704	1.0	0.0	194.694900513	1.0	0.0	0.0	10.0	0.0	0.0	0.0	0.0	0.0	0.0	0.0	0.0	2.0	0.0	0.0	0.0	0.0	0.0	1.03525536827e-12	0.0	1
1.0	226.861785889	2.0	1.0	1281.5982666	6.0	1.0	26.2513008118	0.0	0.0210222546011	-0.981930196285	0.188072293997	1.82785527775	2.81597253685	26.9681510925	21.1086006165	-73.1218566895	0.754607260227	1.0	11.3800001144	34.2407989502	0.0	11.3800001144	0.329625467013	1.0	1
1.0	198.0809021	2.0	1.0	152.369995117	1.0	1.0	15.9790000916	0.0	-0.683109879494	-0.698054015636	0.214665979147	8.43305094652	0.0	40.0950469971	11.9934997559	-65.2129974365	0.329305380583	1.0	12.9799995422	23.9685993195	0.0	12.9799995422	0.079725437835	1.0	1
1.0	152.369995117	1.0	1.0	74.4917984009	1.0	1.0	37.6649017334	0.967987591158	-0.0209278520197	0.981932163239	-0.188072666526	1.83499458936	3.00899904305	28.20470047	20.3366012573	-71.5829467773	0.794123888016	0.0	0.0	0.0	0.0	0.0	0.334702335123	1.0	1
1.0	966.700805664	2.0	2.0	619.63684082	2.0	2.0	68.4816017151	0.0	0.0209259614348	-0.981936097145	0.188052117825	2.61418503442	15.7176646774	54.896900177	22.8480491638	-61.3728485107	0.774904370308	0.0	0.0	0.0	1.0	17.8199996948	0.694201661828	1.0	1
1.0	144.419708252	1.0	0.0	317.059783936	1.0	0.0	0.0	10.0	0.0	0.0	0.0	0.0	0.0	0.0	0.0	0.0	2.0	0.0	0.0	0.0	0.0	0.0	1.03525536827e-12	0.0	1
1.0	1236.69763184	6.0	3.0	1913.97619629	3.0	2.0	124.54100132	0.0	0.0472584068775	-0.972104310989	0.229738503695	2.60588004142	2.18982180946	26.7777500153	-0.271522521973	-73.841003418	0.320439040661	5.0	7.09999990463	177.099601746	3.0	19.5599994659	0.989381781459	1.0	1
1.0	753.638549805	5.0	0.0	808.418579102	3.0	0.0	0.0	10.0	0.0	0.0	0.0	0.0	0.0	0.0	0.0	0.0	2.0	0.0	0.0	0.0	0.0	0.0	1.03525536827e-12	1.0	1
1.0	1249.97753906	6.0	2.0	365.199676514	3.0	2.0	55.9863014221	0.0	0.998334765434	0.0336515530944	-0.0468536354601	18.5643552116	18.1839818534	33.993347168	14.9504499435	-77.7481536865	0.682949602604	2.0	9.0	45.7031002045	1.0	14.0	0.995631162673	1.0	1
1.0	1394.39660645	5.0	3.0	1035.83862305	3.0	3.0	141.679581642	0.0	0.998334765434	0.0336515530944	-0.0468536354601	19.0106861782	2.34558694696	33.993347168	14.9504499435	-77.7481536865	0.682949602604	4.0	9.0	155.390600204	3.0	19.5599994659	0.963176101007	1.0	1
1.0	1183.57739258	4.0	2.0	1342.93762207	4.0	2.0	99.4042406082	0.0	0.0472577661276	-0.97210252285	0.229746386409	1.57671376194	18.3230549986	39.1258506775	11.5942497253	-72.2901992798	0.270792365074	3.0	16.5400009155	132.539001465	3.0	19.5599994659	0.968885758922	1.0	1
1.0	1226.73669434	5.0	2.0	1132.11853027	4.0	3.0	78.8378100395	0.0	-0.0472577661276	0.97210252285	-0.229746386409	18.3230549986	9.48878861473	39.1258506775	11.5942497253	-72.2901992798	0.754620909691	3.0	16.5400009155	134.824199677	3.0	19.5599994659	0.974596234987	1.0	1
1.0	600.918701172	3.0	1.0	194.219604492	2.0	1.0	23.9941005707	0.0	-0.0472577661276	0.97210252285	-0.229746386409	18.3230549986	9.48878861473	39.1258506775	11.5942497253	-72.2901992798	0.270792365074	1.0	19.5599994659	50.273399353	1.0	19.5599994659	0.208284131053	1.0	1
1.0	1183.57739258	4.0	2.0	1342.93762207	4.0	2.0	99.4042406082	0.0	0.0472577661276	-0.97210252285	0.229746386409	1.57671376194	18.3230549986	39.1258506775	11.5942497253	-72.2901992798	0.270792365074	3.0	16.5400009155	132.539001465	3.0	19.5599994659	0.977815003417	1.0	1
1.0	43.4664001465	1.0	0.0	267.238006592	1.0	0.0	0.0	10.0	0.0	0.0	0.0	0.0	0.0	0.0	0.0	0.0	2.0	0.0	0.0	0.0	0.0	0.0	1.03525536827e-12	0.0	1
1.0	1646.89343262	5.0	2.0	2347.18432617	3.0	3.0	158.818462372	0.0	-0.0588475465775	-0.984720528126	0.16389746964	5.77482123821	22.6690319548	43.3334503174	9.44813537598	-67.737449646	0.732147932053	1.0	4.40000009537	10.283200264	3.0	17.9599990845	0.965185276773	1.0	1
1.0	1255.69543457	4.0	1.0	1757.97387695	5.0	2.0	89.1211013794	0.0	0.992685556412	-0.0704804807901	-0.0980200916529	1.80346492955	46.6966319926	28.6561508179	0.482536494732	-73.6827545166	0.990354895592	1.0	12.4600000381	35.4198989868	1.0	17.7399997711	0.720339081719	1.0	1
1.0	1423.12182617	5.0	2.0	2342.35473633	6.0	3.0	111.972702026	0.0	0.992685556412	-0.0704804807901	-0.0980200916529	1.80346492955	29.419599205	28.6561508179	0.482536494732	-73.6827545166	0.990354895592	1.0	12.4600000381	35.4198989868	2.0	17.9599990845	0.970255140947	1.0	1
1.0	1275.0144043	3.0	1.0	866.10736084	3.0	3.0	158.818462372	0.0	0.992685556412	-0.0704804807901	-0.0980200916529	1.80346492955	29.419599205	28.6561508179	0.482536494732	-73.6827545166	0.990354895592	1.0	4.40000009537	10.283200264	2.0	17.7399997711	0.892470280132	1.0	1
1.0	1007.77636719	3.0	1.0	1133.34533691	3.0	3.0	111.972702026	0.0	0.992685556412	-0.0704804807901	-0.0980200916529	1.80346492955	29.419599205	28.6561508179	0.482536494732	-73.6827545166	0.990354895592	1.0	12.4600000381	35.4198989868	1.0	17.7399997711	0.813355747762	1.0	1
1.0	391.197998047	2.0	1.0	67.614402771	1.0	1.0	2.2851600647	3.07647521446	-0.0737246349454	-0.997014760971	0.0229388661683	20.0136908401	1.81493588894	27.613899231	5.98136234283	-72.1985473633	0.461920708418	0.0	0.0	0.0	0.0	0.0	0.0114253031408	1.0	1
1.0	78.2182006836	1.0	1.0	121.294898987	1.0	1.0	10.6347999573	1.72358059466	0.866472840309	0.347521901131	0.358403891325	0.0	4.28123685737	31.1215000153	18.1179008484	-68.6364974976	0.0415053218603	0.0	0.0	0.0	0.0	0.0	-1.0	0.0	1
1.0	1134.73144531	7.0	5.0	1814.88891602	4.0	2.0	151.54541254	0.0	0.0	0.98488920927	-0.173185229301	19.8679701171	9.58570111643	33.4440002441	20.246799469	-66.9867019653	0.0179218351841	5.0	5.51999998093	103.689041138	3.0	18.7000007629	0.982998359179	1.0	1
1.0	143.966796875	2.0	1.0	55.5463027954	1.0	1.0	4.43114995956	0.0	0.0	-0.98488920927	0.173185229301	9.58570111643	1.30610310399	33.4440002441	20.246799469	-66.9867019653	0.0179218351841	1.0	14.1800003052	24.8145008087	0.0	14.1800003052	0.0310083059336	1.0	1
1.0	1339.9128418	6.0	4.0	1576.83349609	6.0	5.0	253.461924553	0.0	0.0	0.98488920927	-0.173185229301	19.8679701171	9.58570111643	33.4440002441	20.246799469	-66.9867019653	0.0179218351841	6.0	7.61999988556	132.93460083	4.0	18.7000007629	0.979376082961	1.0	1
1.0	143.966796875	2.0	1.0	38.542301178	1.0	1.0	2.65868997574	0.0	0.0	-0.98488920927	0.173185229301	9.58570111643	1.30610310399	33.4440002441	20.246799469	-66.9867019653	0.0179218351841	1.0	14.1800003052	24.8145008087	0.0	14.1800003052	0.0221523254317	1.0	1
1.0	136.406005859	1.0	0.0	238.319000244	1.0	0.0	0.0	10.0	0.0	0.0	0.0	0.0	0.0	0.0	0.0	0.0	2.0	0.0	0.0	0.0	0.0	0.0	1.03525536827e-12	0.0	1
1.0	1343.68017578	6.0	3.0	2483.53686523	5.0	2.0	132.890619397	0.0	-0.0342312417924	0.967957258224	-0.248771011829	20.5827855746	1.04330964536	43.6370010376	36.5717506409	-72.2707977295	0.588430464268	3.0	9.92000007629	95.9765987396	1.0	18.6800003052	0.985584893456	1.0	1
1.0	830.980224609	4.0	0.0	605.20513916	4.0	0.0	0.0	10.0	0.0	0.0	0.0	0.0	0.0	0.0	0.0	0.0	2.0	0.0	0.0	0.0	0.0	0.0	1.03525536827e-12	1.0	1
1.0	324.553192139	2.0	2.0	92.5054016113	1.0	1.0	45.3516097069	0.0	0.0343345552683	-0.967947721481	0.248793825507	7.50677870541	3.34572165284	25.4771499634	18.8433990479	-73.9217987061	0.557048141956	1.0	12.8999996185	28.476600647	0.0	12.8999996185	0.998432726865	1.0	1
1.0	907.807006836	3.0	1.0	313.577697754	1.0	1.0	6.32812023163	3.83708220454	-0.42118448019	-0.897191882133	0.132854610682	7.18252258446	2.08661209228	36.1091499329	28.1128997803	-73.9391021729	0.827920079231	0.0	0.0	0.0	0.0	0.0	0.605235061534	1.0	1
1.0	142.67779541	2.0	1.0	1273.12634277	4.0	1.0	7.38281011581	0.0	-0.0343345552683	0.967947721481	-0.248793825507	13.8019006719	0.0	25.4771499634	18.8433990479	-73.9217987061	0.557048141956	1.0	12.8999996185	28.476600647	0.0	12.8999996185	0.971883617656	1.0	1
1.0	1613.35693359	5.0	3.0	1252.74377441	4.0	4.0	262.617209077	0.0	-0.0342312417924	0.967957258224	-0.248771011829	23.2219357673	1.79571336433	31.6756000519	20.6342506409	-71.3081970215	0.690435111523	2.0	16.5200004578	74.882900238	3.0	18.6800003052	0.992862968923	1.0	1
1.0	575.415039062	3.0	2.0	1269.99035645	4.0	4.0	108.632800102	0.0	0.0342344343662	-0.967951118946	0.248794227839	29.3582617288	1.46377304619	26.4493999481	20.8694000244	-74.4326019287	0.907629907131	2.0	9.92000007629	73.8281002045	1.0	18.0400009155	0.801269442814	1.0	1
1.0	1017.55950928	4.0	2.0	945.437072754	2.0	2.0	84.3749872446	0.0	-0.0342312417924	0.967957258224	-0.248771011829	39.384386282	1.04330964536	43.6370010376	36.5717506409	-72.2707977295	0.588430464268	0.0	0.0	0.0	1.0	18.6800003052	0.979431334604	1.0	1
1.0	192.947692871	1.0	1.0	306.287811279	2.0	1.0	1.6247600317	3.2671547551	0.51460313797	-0.351552009583	0.782045304775	1.95212022495	15.7159142183	39.6156005859	22.8354988098	-70.3128509521	0.177480190992	0.0	0.0	0.0	0.0	0.0	-1.0	0.0	1
1.0	1922.73046875	6.0	2.0	1615.09143066	4.0	2.0	52.8045594692	0.0	-0.00358424452133	-0.998915672302	0.0464192889631	44.8301917657	2.21496796974	46.2650527954	27.7930488586	-68.0528488159	0.888286828995	1.0	20.5799999237	43.8684005737	1.0	16.4200000763	0.981150070813	1.0	1
1.0	1565.17028809	7.0	3.0	1291.26293945	2.0	1.0	54.4293597937	0.0	-0.00358424452133	-0.998915672302	0.0464192889631	44.8301917657	2.21496796974	46.2650527954	27.7930488586	-68.0528488159	0.888286828995	1.0	9.73999977112	25.996099472	1.0	16.4200000763	0.966419120487	1.0	1
1.0	700.278686523	2.0	2.0	746.153808594	2.0	1.0	25.1837203503	0.0	-0.00358424452133	-0.998915672302	0.0464192889631	0.0	17.5553289686	46.2650527954	27.7930488586	-68.0528488159	0.888286828995	0.0	0.0	0.0	1.0	16.4200000763	0.227477603944	1.0	1
1.0	206.440490723	2.0	1.0	292.795013428	1.0	1.0	4.06189012527	3.33027028175	-0.315920054913	-0.929743289948	-0.189135089517	4.07501640082	4.30015965542	41.9352989197	13.7107305527	-66.3962554932	0.675546228886	0.0	0.0	0.0	0.0	0.0	0.0121850473543	1.0	1
1.0	62.4309005737	1.0	0.0	519.695007324	1.0	0.0	0.0	10.0	0.0	0.0	0.0	0.0	0.0	0.0	0.0	0.0	2.0	0.0	0.0	0.0	0.0	0.0	1.03525536827e-12	0.0	1
1.0	1528.71313477	5.0	3.0	799.790161133	6.0	2.0	139.746120095	2.42335927457	0.810940086842	0.40144303441	0.425699055195	6.13908603787	31.8002877468	53.604549408	19.6907997131	-62.5547485352	0.0691498816013	0.0	0.0	0.0	0.0	0.0	0.964302511983	1.0	1
1.0	872.344970703	6.0	2.0	647.931213379	5.0	3.0	67.2363595963	0.0	0.732273578644	-0.663160979748	0.154896885157	2.00863203252	22.2423192172	49.5801506042	14.5925502777	-61.0405502319	0.150827497244	2.0	12.3400001526	92.2852020264	0.0	20.3199996948	0.420453097175	1.0	1
1.0	1591.14404297	6.0	4.0	1530.40014648	3.0	3.0	222.802818894	0.0	0.999440848827	0.0	-0.0334358774126	26.2836094363	1.01676952722	27.8239002228	20.9377002716	-74.5464019775	0.970481157303	4.0	9.02000045776	130.517601967	0.0	20.3199996948	0.988371383581	1.0	1
1.0	931.401733398	2.0	1.0	953.336486816	2.0	1.0	21.0937995911	2.56173769149	0.00764734251425	-0.965323090553	0.260946065187	20.4806084447	1.72815130672	32.4298019409	16.7663993835	-73.5718994141	0.63379150629	0.0	0.0	0.0	0.0	0.0	0.655238638958	1.0	1
1.0	1086.6348877	3.0	0.0	631.058166504	2.0	0.0	0.0	10.0	0.0	0.0	0.0	0.0	0.0	0.0	0.0	0.0	2.0	0.0	0.0	0.0	0.0	0.0	1.03525536827e-12	1.0	1
1.0	171.609191895	1.0	0.0	476.891906738	1.0	0.0	0.0	10.0	0.0	0.0	0.0	0.0	0.0	0.0	0.0	0.0	2.0	0.0	0.0	0.0	0.0	0.0	1.03525536827e-12	0.0	1
1.0	1676.34729004	7.0	3.0	2314.00952148	4.0	3.0	119.179610729	0.0	0.00915233232081	-0.994023621082	0.108780547976	31.1273187593	2.09776013222	29.2290992737	6.16865491867	-75.7976531982	0.534633636475	3.0	12.1000003815	119.179698944	2.0	17.4400005341	0.989137671053	1.0	1
1.0	171.609191895	1.0	0.0	84.9011993408	2.0	0.0	0.0	10.0	0.0	0.0	0.0	0.0	0.0	0.0	0.0	0.0	2.0	0.0	0.0	0.0	0.0	0.0	1.03525536827e-12	1.0	1
1.0	1222.93859863	6.0	2.0	1912.98620605	5.0	2.0	51.6797306538	0.0	0.00924515724182	-0.994022667408	0.108781538904	34.683201099	6.76911987534	33.8572502136	11.6347007751	-73.7334442139	0.407463252544	1.0	17.2199993134	36.914100647	1.0	17.4400005341	0.980065560442	1.0	1
1.0	1063.97460938	5.0	3.0	2113.49804688	4.0	3.0	124.453050613	0.0	-0.00915233232081	0.994023621082	-0.108780547976	4.51373779566	0.0	29.2290992737	6.16865491867	-75.7976531982	0.534633636475	3.0	12.1000003815	110.742198944	3.0	17.4400005341	0.893626842648	1.0	1
1.0	1188.61645508	4.0	3.0	2144.20727539	4.0	3.0	196.171910763	0.0	0.00915233232081	-0.994023621082	0.108780547976	27.2731387391	3.33848970862	29.2290992737	6.16865491867	-75.7976531982	0.534633636475	4.0	12.1000003815	153.984397888	2.0	17.4400005341	0.976444288372	1.0	1
1.0	352.24987793	2.0	1.0	619.597961426	2.0	1.0	14.7656002045	0.0	0.99490249157	0.0	-0.100842304528	12.5157493557	2.57446528688	33.449798584	10.1974000931	-71.96484375	0.32499524951	1.0	17.2199993134	40.0780982971	0.0	17.2199993134	0.411732092964	1.0	1
1.0	1188.61645508	4.0	3.0	2198.39941406	4.0	3.0	196.171910763	0.0	0.00915233232081	-0.994023621082	0.108780547976	27.2731387391	2.09776013222	29.2290992737	6.16865491867	-75.7976531982	0.534633636475	4.0	12.1000003815	153.984397888	2.0	17.4400005341	0.990621771887	1.0	1
1.0	894.172485352	4.0	3.0	2243.55932617	4.0	2.0	105.468880892	0.0	-0.0091541390866	0.994013309479	-0.108874969184	4.76839619095	24.5282143822	46.7051010132	20.7347984314	-66.629699707	0.474096924067	1.0	12.3199996948	34.8046989441	1.0	17.4400005341	0.865054151498	1.0	1
1.0	1143.45666504	5.0	4.0	2243.55932617	4.0	3.0	179.296930552	0.0	-0.00915233232081	0.994023621082	-0.108780547976	27.7561380282	0.0	29.2290992737	6.16865491867	-75.7976531982	0.534633636475	4.0	12.1000003815	145.546897888	3.0	17.4400005341	0.994395956832	1.0	1
1.0	141.548995972	1.0	1.0	550.290527344	1.0	1.0	15.8203001022	1.89390865203	0.817140161991	0.47931817174	0.320212632418	3.72989018133	5.6952843685	30.6225013733	16.2156009674	-72.1965026855	0.644441843033	0.0	0.0	0.0	0.0	0.0	-1.0	0.0	1
1.0	1098.99121094	4.0	2.0	2260.00732422	3.0	1.0	95.9764986038	0.0	0.999358952045	-0.0331643112004	-0.0134828025475	19.6406754984	1.48211280707	36.8201980591	36.2129516602	-71.1340026855	0.797568976879	2.0	16.7999992371	85.4296989441	1.0	17.7600002289	0.970689804143	1.0	1
1.0	173.357696533	2.0	1.0	445.321807861	1.0	1.0	0.0	10.0	0.0	0.0	0.0	0.0	0.0	0.0	0.0	0.0	2.0	2.0	7.15999984741	61.1718997955	0.0	14.0600004196	0.0789369317724	1.0	1
1.0	141.548995972	1.0	0.0	477.130493164	1.0	0.0	0.0	10.0	0.0	0.0	0.0	0.0	0.0	0.0	0.0	0.0	2.0	0.0	0.0	0.0	0.0	0.0	1.03525536827e-12	1.0	1
1.0	1143.52331543	3.0	2.0	1619.06176758	2.0	1.0	100.19527936	0.0	-0.0377530306578	-0.997919738293	0.0522576831281	1.45961836556	26.5992783069	38.6555023193	11.6911001205	-65.5065994263	0.839526236057	4.0	7.15999984741	118.125101089	1.0	17.7600002289	0.977169567598	1.0	1
1.0	1041.7355957	3.0	2.0	1720.84960938	2.0	1.0	97.0311886072	0.0	0.999358952045	-0.0331643112004	-0.0134828025475	32.7094923328	1.48211280707	36.8201980591	36.2129516602	-71.1340026855	0.797568976879	3.0	7.48000001907	101.249999046	1.0	17.7600002289	0.958739729571	1.0	1
1.0	1041.7355957	3.0	2.0	1615.88085938	2.0	1.0	58.0077883005	0.0	0.999358952045	-0.0331643112004	-0.0134828025475	32.7094923328	1.48211280707	36.8201980591	36.2129516602	-71.1340026855	0.797568976879	2.0	7.48000001907	53.7890996933	1.0	17.7600002289	0.966800888767	1.0	1
1.0	275.145507812	2.0	2.0	679.115966797	1.0	1.0	61.1717916727	0.0	-0.0377530306578	-0.997919738293	0.0522576831281	2.01298480148	20.9046989744	38.6555023193	11.6911001205	-65.5065994263	0.839526236057	6.0	3.59999990463	180.35159874	1.0	3.59999990463	0.277309857288	1.0	1
1.0	1143.52331543	3.0	2.0	1619.06176758	2.0	1.0	100.19527936	0.0	-0.0377530306578	-0.997919738293	0.0522576831281	1.45961836556	26.5992783069	38.6555023193	11.6911001205	-65.5065994263	0.839526236057	4.0	7.15999984741	118.125101089	1.0	17.7600002289	0.985433138633	1.0	1
1.0	337.845001221	1.0	1.0	365.065002441	1.0	1.0	29.5312004089	2.95329647475	0.814126074314	-0.488256305456	0.314331680536	7.27649110805	4.12569814612	29.3677005768	17.4409503937	-71.239654541	0.380178809166	0.0	0.0	0.0	0.0	0.0	-1.0	0.0	1
1.0	421.105895996	4.0	2.0	619.649902344	4.0	3.0	43.2421702147	0.0	0.997983276844	-0.0387800484896	0.0502533353865	17.5592919946	2.72002459936	18.6054992676	14.7553501129	-74.8226470947	0.33550748229	2.0	5.76000022888	39.0234003067	0.0	12.0200004578	0.499347854422	1.0	1
1.0	667.684265137	3.0	2.0	387.481292725	2.0	2.0	87.5389413834	0.0	0.997983276844	-0.0387800484896	0.0502533353865	2.06279775609	2.72002459936	18.6054992676	14.7553501129	-74.8226470947	0.33550748229	3.0	5.76000022888	56.9530992508	0.0	7.78000020981	0.655990211763	1.0	1
1.0	363.463592529	2.0	1.0	885.442810059	2.0	1.0	29.5312004089	2.95329647475	0.814126074314	-0.488256305456	0.314331680536	7.27649110805	4.12569814612	29.3677005768	17.4409503937	-71.239654541	0.380178809166	0.0	0.0	0.0	0.0	0.0	0.13107747525	1.0	1
1.0	194.975006104	1.0	0.0	245.061004639	1.0	0.0	0.0	10.0	0.0	0.0	0.0	0.0	0.0	0.0	0.0	0.0	2.0	0.0	0.0	0.0	0.0	0.0	1.03525536827e-12	0.0	1
1.0	211.074691772	2.0	1.0	341.653900146	2.0	1.0	28.476600647	3.05138653992	0.849003434181	-0.456693261862	0.265752494335	1.50220113425	1.55035871231	18.5825996399	8.40645980835	-76.8515472412	0.125471740961	0.0	0.0	0.0	0.0	0.0	0.141428569096	1.0	1
1.0	157.410995483	1.0	0.0	382.79598999	2.0	0.0	0.0	10.0	0.0	0.0	0.0	0.0	0.0	0.0	0.0	0.0	2.0	0.0	0.0	0.0	0.0	0.0	1.03525536827e-12	1.0	1
1.0	624.278869629	3.0	3.0	1244.98095703	4.0	2.0	119.179701805	0.0	0.991380870342	-0.10088788718	0.0835797712207	33.1571777674	3.66432198783	36.3748512268	30.9359512329	-70.6501998901	0.796813726425	2.0	12.0200004578	78.0469017029	0.0	16.2000007629	0.503296438384	1.0	1
1.0	241.482910156	2.0	0.0	121.636001587	1.0	0.0	0.0	10.0	0.0	0.0	0.0	0.0	0.0	0.0	0.0	0.0	2.0	0.0	0.0	0.0	0.0	0.0	1.03525536827e-12	1.0	1
1.0	64.418296814	1.0	1.0	512.043029785	1.0	1.0	6.32812023163	4.17157049889	0.416668474674	-0.895895957947	0.154135301709	9.11223723526	2.47044044274	27.673248291	16.4994544983	-78.9678955078	0.327283591032	0.0	0.0	0.0	0.0	0.0	-1.0	0.0	1
1.0	13.2139997482	1.0	0.0	512.043029785	1.0	0.0	0.0	10.0	0.0	0.0	0.0	0.0	0.0	0.0	0.0	0.0	2.0	0.0	0.0	0.0	0.0	0.0	1.03525536827e-12	1.0	1
1.0	13.2139997482	1.0	0.0	512.043029785	1.0	0.0	0.0	10.0	0.0	0.0	0.0	0.0	0.0	0.0	0.0	0.0	2.0	0.0	0.0	0.0	0.0	0.0	1.03525536827e-12	1.0	1
1.0	51.8655014038	1.0	0.0	334.244537354	1.0	0.0	0.0	10.0	0.0	0.0	0.0	0.0	0.0	0.0	0.0	0.0	2.0	0.0	0.0	0.0	0.0	0.0	1.03525536827e-12	0.0	1
1.0	384.669494629	2.0	1.0	844.255310059	4.0	1.0	65.3906021118	0.0	-0.00854937359691	-0.994444131851	0.104917854071	3.02339696734	8.94688722834	21.8080501556	18.6096000671	-78.6070556641	0.103856831789	1.0	5.07999992371	10.5468997955	0.0	5.07999992371	0.315780269993	1.0	1
1.0	82.1203994751	2.0	1.0	303.989624023	1.0	1.0	12.6562004089	0.0	-0.00864983629435	-0.994442403316	0.104926273227	1.7479812695	1.42499376262	34.3880996704	10.3122406006	-69.3576507568	0.448075681925	1.0	12.5600004196	33.75	0.0	12.5600004196	0.063196667849	1.0	1
1.0	149.833908081	2.0	1.0	491.281616211	3.0	2.0	54.8437004089	0.0	-0.00864983629435	-0.994442403316	0.104926273227	1.7479812695	15.1532903239	34.3880996704	10.3122406006	-69.3576507568	0.448075681925	1.0	12.5600004196	33.75	0.0	12.5600004196	0.26754577609	1.0	1
1.0	285.260192871	3.0	0.0	341.447998047	2.0	0.0	0.0	10.0	0.0	0.0	0.0	0.0	0.0	0.0	0.0	0.0	2.0	0.0	0.0	0.0	0.0	0.0	1.03525536827e-12	1.0	1
1.0	38.9183006287	1.0	0.0	286.438995361	1.0	0.0	0.0	10.0	0.0	0.0	0.0	0.0	0.0	0.0	0.0	0.0	2.0	0.0	0.0	0.0	0.0	0.0	1.03525536827e-12	0.0	1
1.0	848.419677734	3.0	0.0	513.722045898	2.0	0.0	0.0	10.0	0.0	0.0	0.0	0.0	0.0	0.0	0.0	0.0	2.0	0.0	0.0	0.0	0.0	0.0	1.03525536827e-12	1.0	1
1.0	962.060974121	2.0	1.0	412.533996582	2.0	1.0	28.476600647	0.0	1.0	0.0	0.0	22.1158697395	2.36736334724	35.5371017456	10.2538995743	-72.612197876	0.471425533295	1.0	18.7199993134	48.5155982971	0.0	18.7199993134	0.192678054412	1.0	1
1.0	1000.97930908	1.0	1.0	286.438995361	1.0	1.0	28.476600647	0.0	1.0	0.0	0.0	22.1158697395	2.36736334724	35.5371017456	10.2538995743	-72.612197876	0.471425533295	1.0	18.7199993134	48.5155982971	0.0	18.7199993134	0.595113673462	1.0	1
1.0	106.974998474	1.0	0.0	630.327514648	1.0	0.0	0.0	10.0	0.0	0.0	0.0	0.0	0.0	0.0	0.0	0.0	2.0	0.0	0.0	0.0	0.0	0.0	1.03525536827e-12	0.0	1
1.0	1555.24780273	8.0	1.0	391.691680908	5.0	1.0	39.023399353	0.0	0.991577863693	0.0963232070208	0.0865739136934	45.6037809176	1.50638643335	54.1076507568	22.1629486084	-65.7752990723	0.506466150284	0.0	0.0	0.0	1.0	15.9200000763	0.979856341334	1.0	1
1.0	1528.91564941	8.0	3.0	1094.43286133	4.0	2.0	111.796841145	0.0	0.991577863693	0.0963232070208	0.0865739136934	45.6037809176	1.50638643335	54.1076507568	22.1629486084	-65.7752990723	0.506466150284	2.0	8.64000034332	69.6093997955	2.0	15.9200000763	0.994276832873	1.0	1
1.0	1385.73376465	8.0	3.0	957.834350586	4.0	2.0	80.1562004089	0.0	0.991577863693	0.0963232070208	0.0865739136934	1.09734234105	1.50638643335	54.1076507568	22.1629486084	-65.7752990723	0.506466150284	3.0	14.1400003433	94.9218997955	1.0	15.9200000763	0.974924768765	1.0	1
1.0	1338.00695801	5.0	2.0	908.461547852	3.0	2.0	85.4296402931	0.0	0.991577863693	0.0963232070208	0.0865739136934	1.09734234105	23.2827914758	54.1076507568	22.1629486084	-65.7752990723	0.506466150284	3.0	8.64000034332	93.8671989441	2.0	15.9200000763	0.973858395636	1.0	1
1.0	1364.33911133	5.0	2.0	882.129394531	3.0	2.0	85.4296402931	0.0	0.991577863693	0.0963232070208	0.0865739136934	1.09734234105	23.2827914758	54.1076507568	22.1629486084	-65.7752990723	0.506466150284	4.0	8.64000034332	109.687499046	3.0	15.9200000763	0.977640764027	1.0	1
1.0	1364.33911133	5.0	2.0	276.48840332	4.0	2.0	44.2968392372	0.0	0.991577863693	0.0963232070208	0.0865739136934	1.09734234105	23.2827914758	54.1076507568	22.1629486084	-65.7752990723	0.506466150284	2.0	8.64000034332	40.0780992508	3.0	15.9200000763	0.977640764027	1.0	1
1.0	1364.33911133	5.0	2.0	882.129394531	3.0	2.0	85.4296402931	0.0	0.991577863693	0.0963232070208	0.0865739136934	1.09734234105	23.2827914758	54.1076507568	22.1629486084	-65.7752990723	0.506466150284	4.0	8.64000034332	109.687499046	3.0	15.9200000763	0.985124899604	1.0	1
1.0	106.648002625	1.0	1.0	386.407012939	1.0	1.0	26.3672008514	2.82772520833	0.321383804083	-0.823777318001	0.467015624046	0.0	4.60398213058	32.9659004211	18.5044002533	-77.6615982056	0.400618314743	0.0	0.0	0.0	0.0	0.0	-1.0	0.0	1
1.0	132.923706055	2.0	1.0	386.407012939	1.0	1.0	26.3672008514	2.82772520833	0.321383804083	-0.823777318001	0.467015624046	0.0	4.60398213058	32.9659004211	18.5044002533	-77.6615982056	0.400618314743	0.0	0.0	0.0	0.0	0.0	0.17228779793	1.0	1
1.0	769.722351074	3.0	1.0	316.854003906	2.0	2.0	50.625	2.58288790852	-0.0401820652187	-0.987203657627	0.15431907773	18.9996932156	0.0	41.518699646	9.97132968903	-70.5281982422	0.676121473312	0.0	0.0	0.0	0.0	0.0	0.69603626546	1.0	1
1.0	383.315307617	3.0	1.0	602.795043945	3.0	1.0	15.8203001022	0.0	-0.0354074165225	-0.998047351837	-0.051457170397	11.8096539333	3.34310635941	29.9700508118	10.5454998016	-75.9637527466	0.569403231144	1.0	17.3999996185	44.2969017029	0.0	17.3999996185	0.701433778036	1.0	1
1.0	158.917999268	1.0	0.0	233.962005615	1.0	0.0	0.0	10.0	0.0	0.0	0.0	0.0	0.0	0.0	0.0	0.0	2.0	0.0	0.0	0.0	0.0	0.0	1.03525536827e-12	0.0	1
1.0	267.806091309	2.0	1.0	1337.55700684	6.0	1.0	15.8203001022	0.0	0.999461710453	0.0	-0.0328051522374	1.71000248691	2.33977853624	35.0728492737	16.3169002533	-71.502746582	0.432469129562	1.0	15.9799995422	32.6953010559	0.0	15.9799995422	0.277310365132	1.0	1
1.0	435.552490234	3.0	1.0	997.650085449	2.0	1.0	27.421860218	0.0	0.999461710453	0.0	-0.0328051522374	1.71000248691	24.6190010935	35.0728492737	16.3169002533	-71.502746582	0.432469129562	1.0	15.9799995422	32.6953010559	0.0	15.9799995422	0.574294206899	1.0	1
1.0	63.8199996948	1.0	0.0	369.624023438	1.0	0.0	0.0	10.0	0.0	0.0	0.0	0.0	0.0	0.0	0.0	0.0	2.0	0.0	0.0	0.0	0.0	0.0	1.03525536827e-12	0.0	1
1.0	1168.70349121	8.0	5.0	731.271850586	5.0	3.0	128.671960354	0.0	-0.998020768166	0.0314601808786	-0.0544502399862	48.9160832766	25.0689551966	51.2785987854	19.354850769	-59.3636016846	0.508104920387	4.0	11.6599998474	116.015602112	1.0	18.2199993134	0.970992877489	1.0	1
1.0	295.167388916	5.0	2.0	438.763000488	5.0	2.0	23.2031002045	0.0	-0.998018860817	0.0313627533615	-0.0545416809618	6.21568613919	19.5491738069	41.7992019653	33.8908004761	-66.6381530762	0.460034817457	3.0	11.6599998474	48.5155916214	0.0	13.4799995422	0.329951427964	1.0	1
1.0	1459.88256836	8.0	5.0	866.888671875	6.0	4.0	161.367260456	0.0	0.0376590751112	0.999288439751	0.00210860255174	26.6771972209	6.29990603665	26.3459510803	17.7869491577	-71.5362014771	0.038734510541	6.0	6.63999986649	133.945389748	1.0	18.2199993134	0.981663756703	1.0	1
1.0	611.608337402	3.0	3.0	932.038696289	3.0	2.0	74.8828804493	0.0	-0.998023629189	0.0313629023731	-0.0544538684189	9.3914089796	27.2855921695	46.5925979614	25.2019004822	-65.0249938965	0.878557384014	1.0	11.9600000381	31.6406002045	1.0	18.2199993134	0.518879354395	1.0	1
1.0	127.640106201	3.0	1.0	305.803985596	1.0	1.0	0.0	10.0	0.0	0.0	0.0	0.0	0.0	0.0	0.0	0.0	2.0	1.0	15.8999996185	27.4218997955	0.0	15.8999996185	0.187595698276	1.0	1
1.0	344.95300293	1.0	1.0	524.260009766	1.0	1.0	29.5312004089	0.0	0.997518837452	0.034220777452	0.061522193253	1.86059171473	3.37383730605	34.2224998474	15.4370498657	-73.1788482666	0.726704120636	1.0	18.9799995422	46.4062004089	0.0	18.9799995422	-1.0	0.0	1
1.0	736.013000488	3.0	1.0	604.52130127	2.0	1.0	29.5312004089	0.0	0.997518837452	0.034220777452	0.061522193253	1.86059171473	3.37383730605	34.2224998474	15.4370498657	-73.1788482666	0.726704120636	1.0	18.9799995422	46.4062004089	0.0	18.9799995422	0.511129858759	1.0	1
1.0	367.152893066	2.0	1.0	548.167602539	2.0	1.0	29.5312004089	0.0	0.997518837452	0.034220777452	0.061522193253	1.86059171473	3.37383730605	34.2224998474	15.4370498657	-73.1788482666	0.726704120636	1.0	18.9799995422	46.4062004089	0.0	18.9799995422	0.0210906220281	1.0	1
1.0	54.6210975647	1.0	0.0	267.502716064	1.0	0.0	0.0	10.0	0.0	0.0	0.0	0.0	0.0	0.0	0.0	0.0	2.0	0.0	0.0	0.0	0.0	0.0	1.03525536827e-12	0.0	1
1.0	1476.16809082	7.0	3.0	1126.03369141	6.0	4.0	111.796902657	0.0	-0.00964112207294	0.996483564377	-0.0832311436534	10.7549164641	14.7317728473	40.073600769	16.3059501648	-66.0328979492	0.28744456172	2.0	17.1200008392	89.648399353	1.0	15.1999998093	0.966454761954	1.0	1
1.0	40.6156997681	1.0	1.0	281.508117676	2.0	1.0	16.8749802113	0.0	0.00964120123535	-0.996491730213	0.0831342563033	1.36607721205	6.74414203908	20.8381996155	13.4502506256	-74.3463516235	0.652054905891	1.0	4.23999977112	6.32812023163	0.0	4.23999977112	0.0841752444633	1.0	1
1.0	1267.48779297	8.0	5.0	1124.63330078	7.0	5.0	272.109342098	0.0	0.0095407506451	-0.996485888958	0.0832156091928	31.1000503981	1.4328846854	30.0155487061	27.8390007019	-73.9952011108	0.708812892437	7.0	1.20000004768	134.999901056	1.0	1.20000004768	0.992155090014	1.0	1
1.0	715.675354004	6.0	4.0	1026.59521484	4.0	4.0	183.515672684	0.0	-0.00954355765134	0.99648463726	-0.0832312330604	24.3542066258	0.0	19.9750499725	15.5798492432	-73.0323028564	0.24707762897	5.0	8.15999984741	218.320301056	1.0	15.1999998093	0.58131935973	1.0	1
1.0	868.334533691	7.0	4.0	574.221008301	4.0	3.0	147.656202316	0.0	0.991645038128	0.0	-0.128996685147	27.2172587673	1.69629665235	26.5884494781	20.2418994904	-72.9055480957	0.44319409132	5.0	6.63999986649	163.476398468	1.0	15.1999998093	0.966105126502	1.0	1
1.0	133.051300049	2.0	0.0	267.502716064	1.0	0.0	0.0	10.0	0.0	0.0	0.0	0.0	0.0	0.0	0.0	0.0	2.0	0.0	0.0	0.0	0.0	0.0	1.03525536827e-12	1.0	1
1.0	735.282836914	6.0	4.0	700.269897461	3.0	3.0	133.945253372	0.0	0.00964121613652	-0.99649232626	0.0831268727779	2.7320407168	21.4581914311	50.3001022339	25.6299514771	-65.3890533447	0.573585271835	4.0	6.63999986649	145.546800613	1.0	15.1999998093	0.252796517405	1.0	1
1.0	1098.76464844	6.0	2.0	1114.76647949	5.0	1.0	28.476600647	0.0	-0.0330313779414	-0.0828774794936	0.996012151241	32.8999170366	0.0	37.0894508362	40.4032516479	-74.7296981812	0.850439310074	1.0	12.1000003815	29.5312004089	0.0	12.1000003815	0.921344552357	1.0	1
1.0	133.283004761	1.0	0.0	561.565002441	1.0	0.0	0.0	10.0	0.0	0.0	0.0	0.0	0.0	0.0	0.0	0.0	2.0	0.0	0.0	0.0	0.0	0.0	1.03525536827e-12	0.0	1
1.0	374.968994141	4.0	1.0	1034.2746582	4.0	1.0	10.5468997955	1.15144690835	0.69458258152	-0.708332955837	-0.125775307417	2.92241643285	0.0	36.9379997253	16.972700119	-72.2824554443	0.401803672314	0.0	0.0	0.0	1.0	16.2600002289	0.192678107213	1.0	1
1.0	183.041900635	2.0	0.0	673.522521973	2.0	0.0	0.0	10.0	0.0	0.0	0.0	0.0	0.0	0.0	0.0	0.0	2.0	0.0	0.0	0.0	0.0	0.0	1.03525536827e-12	1.0	1
1.0	183.041900635	2.0	0.0	561.565002441	1.0	0.0	0.0	10.0	0.0	0.0	0.0	0.0	0.0	0.0	0.0	0.0	2.0	0.0	0.0	0.0	0.0	0.0	1.03525536827e-12	1.0	1
1.0	133.283004761	1.0	0.0	616.655212402	3.0	0.0	0.0	10.0	0.0	0.0	0.0	0.0	0.0	0.0	0.0	0.0	2.0	0.0	0.0	0.0	0.0	0.0	1.03525536827e-12	1.0	1
1.0	71.165397644	1.0	0.0	541.476196289	1.0	0.0	0.0	10.0	0.0	0.0	0.0	0.0	0.0	0.0	0.0	0.0	2.0	0.0	0.0	0.0	0.0	0.0	1.03525536827e-12	0.0	1
1.0	318.697418213	5.0	1.0	495.063995361	1.0	1.0	40.0780982971	0.0	-0.00548570835963	-0.967635273933	-0.252293109894	1.44458220306	2.27239347521	31.4991493225	8.16654014587	-74.6756515503	0.64150249958	1.0	10.6400003433	27.4218997955	0.0	10.6400003433	0.40734299807	1.0	1
1.0	114.48349762	2.0	0.0	654.412597656	1.0	0.0	0.0	10.0	0.0	0.0	0.0	0.0	0.0	0.0	0.0	0.0	2.0	0.0	0.0	0.0	0.0	0.0	1.03525536827e-12	1.0	1
1.0	428.539703369	3.0	1.0	1636.80419922	2.0	1.0	40.0780982971	0.0	-0.00548570835963	-0.967635273933	-0.252293109894	1.44458220306	2.27239347521	31.4991493225	8.16654014587	-74.6756515503	0.64150249958	1.0	10.6400003433	27.4218997955	0.0	10.6400003433	0.85260746189	1.0	1
1.0	117.577598572	2.0	1.0	495.063995361	1.0	1.0	40.0780982971	0.0	-0.00548570835963	-0.967635273933	-0.252293109894	1.44458220306	2.27239347521	31.4991493225	8.16654014587	-74.6756515503	0.64150249958	1.0	10.6400003433	27.4218997955	0.0	10.6400003433	0.197750570386	1.0	1
1.0	389.368011475	1.0	1.0	415.738891602	1.0	1.0	26.3672008514	0.0	0.091283544898	-0.983977973461	0.153148800135	1.79715560712	0.0	34.9259986877	10.6849002838	-71.7433929443	0.685290455818	1.0	18.9400005341	48.5155982971	0.0	18.9400005341	-1.0	0.0	1
1.0	1137.07788086	6.0	4.0	2561.13842773	3.0	2.0	129.726521492	0.0	0.994160413742	0.0667698681355	-0.0847754999995	27.4501845946	3.6977822436	42.5045509338	30.6976509094	-72.6289978027	0.699752926826	2.0	18.9400005341	97.0311965942	2.0	18.9400005341	0.989251018765	1.0	1
1.0	708.928955078	5.0	1.0	1638.13598633	3.0	1.0	26.3672008514	0.0	0.091283544898	-0.983977973461	0.153148800135	24.8309494342	0.0	34.9259986877	10.6849002838	-71.7433929443	0.685290455818	1.0	18.9400005341	48.5155982971	0.0	18.9400005341	0.462884773488	1.0	1
1.0	1265.83312988	7.0	5.0	2305.17919922	5.0	4.0	132.890600324	0.0	0.99415320158	0.0668671354651	-0.0847826972604	18.5576116117	1.08273122023	29.1275997162	33.5578994751	-73.5652008057	0.228185683489	5.0	13.8000001907	186.679697037	2.0	19.8199996948	0.979644960138	1.0	1
1.0	935.413330078	4.0	3.0	1832.04443359	5.0	3.0	148.710820198	0.0	0.99415320158	0.0668671354651	-0.0847826972604	24.273612256	3.44329567351	29.1275997162	33.5578994751	-73.5652008057	0.228185683489	3.0	13.8000001907	107.578098297	2.0	18.9400005341	0.970689761589	1.0	1
1.0	1009.87481689	5.0	3.0	1709.49389648	4.0	3.0	99.1406003237	0.0	0.99415320158	0.0668673738837	-0.0847829952836	0.0	20.6589394346	49.0847015381	21.8274002075	-67.2797012329	0.887882709503	3.0	15.6599998474	141.328197479	2.0	19.8199996948	0.969127164147	1.0	1
1.0	522.776977539	1.0	0.0	63.6018981934	1.0	0.0	0.0	10.0	0.0	0.0	0.0	0.0	0.0	0.0	0.0	0.0	2.0	0.0	0.0	0.0	0.0	0.0	1.03525536827e-12	1.0	1
1.0	1088.98876953	4.0	2.0	1366.66479492	2.0	2.0	86.4842916727	0.0	0.994160413742	0.0667698681355	-0.0847754999995	24.4387138046	3.6977822436	42.5045509338	30.6976509094	-72.6289978027	0.699752926826	2.0	18.9400005341	103.359397888	2.0	19.8199996948	0.980272670767	1.0	1
1.0	287.272399902	5.0	0.0	1341.16125488	5.0	0.0	0.0	10.0	0.0	0.0	0.0	0.0	0.0	0.0	0.0	0.0	2.0	0.0	0.0	0.0	0.0	0.0	1.03525536827e-12	1.0	1
1.0	86.8498001099	1.0	1.0	836.764099121	3.0	1.0	9.49219036102	0.0	0.998940885067	-0.0307193156332	0.0342567712069	1.796580813	2.47527917771	33.0123977661	14.9419498444	-72.0853500366	0.470601946115	1.0	20.0200004578	50.625	1.0	20.0200004578	0.291848747029	1.0	1
1.0	86.8498001099	1.0	1.0	340.718109131	2.0	1.0	9.49219036102	0.0	0.998940885067	-0.0307193156332	0.0342567712069	1.796580813	2.47527917771	33.0123977661	14.9419498444	-72.0853500366	0.470601946115	1.0	20.0200004578	50.625	1.0	20.0200004578	0.291848747029	1.0	1
1.0	392.493804932	1.0	0.0	36.7440986633	1.0	0.0	0.0	10.0	0.0	0.0	0.0	0.0	0.0	0.0	0.0	0.0	2.0	0.0	0.0	0.0	0.0	0.0	1.03525536827e-12	1.0	1
1.0	93.7684020996	1.0	0.0	259.537994385	1.0	0.0	0.0	10.0	0.0	0.0	0.0	0.0	0.0	0.0	0.0	0.0	2.0	0.0	0.0	0.0	0.0	0.0	1.03525536827e-12	0.0	1
1.0	343.259490967	3.0	2.0	537.494140625	3.0	2.0	15.8203001022	3.27914622849	0.895825922489	0.30287784338	0.325209051371	24.5175705789	7.52529988753	26.7706489563	25.667301178	-75.1991500854	0.229954272509	2.0	9.38000011444	32.6953010559	0.0	14.1199998856	0.495379263212	1.0	1
1.0	269.584411621	2.0	2.0	669.775024414	1.0	1.0	48.5156011581	0.0	0.993286848068	-0.100623987615	0.0570623315871	2.6418252057	0.0	26.9623985291	33.335899353	-72.9449996948	0.460368067026	1.0	9.92000007629	22.148399353	0.0	9.92000007629	0.162035626419	1.0	1
1.0	390.143981934	2.0	0.0	222.699996948	1.0	0.0	0.0	10.0	0.0	0.0	0.0	0.0	0.0	0.0	0.0	0.0	2.0	0.0	0.0	0.0	0.0	0.0	1.03525536827e-12	1.0	1
1.0	66.9774017334	1.0	1.0	187.537002563	1.0	1.0	32.6953010559	0.0	0.993286848068	-0.100623987615	0.0570623315871	2.6418252057	0.0	26.9623985291	33.335899353	-72.9449996948	0.460368067026	1.0	9.92000007629	22.148399353	0.0	9.92000007629	0.162035626419	1.0	1
1.0	120.393997192	1.0	0.0	208.373504639	1.0	0.0	0.0	10.0	0.0	0.0	0.0	0.0	0.0	0.0	0.0	0.0	2.0	0.0	0.0	0.0	0.0	0.0	1.03525536827e-12	0.0	1
1.0	2262.78320312	7.0	4.0	1429.28942871	4.0	2.0	113.906210423	0.0	0.132849514484	-0.990330934525	-0.0399438478053	31.3344211254	2.26905563019	35.9274482727	34.6044998169	-75.9957504272	0.489027798176	13.0	8.97999954224	277.382638454	0.0	21.7399997711	0.996039923138	1.0	1
1.0	1052.67175293	5.0	2.0	537.141357422	6.0	2.0	0.0	10.0	0.0	0.0	0.0	0.0	0.0	0.0	0.0	0.0	2.0	3.0	15.2600002289	51.6796007156	0.0	15.8000001907	0.771104669014	1.0	1
1.0	2489.67919922	7.0	5.0	899.865966797	6.0	4.0	157.148313046	0.0	0.989290952682	0.0952407941222	0.110601335764	31.0380379896	2.0800696431	35.3094482422	35.0308990479	-76.0382995605	0.200378224254	11.0	8.97999954224	222.539001465	1.0	19.5	0.990719705408	1.0	1
1.0	833.494873047	5.0	1.0	69.457901001	1.0	1.0	13.7109003067	3.02082431836	0.830445051193	-0.29432579875	0.473004668951	0.0	2.9062941353	51.8134498596	15.8861999512	-64.5737991333	0.204708591104	0.0	0.0	0.0	0.0	0.0	0.637589183662	1.0	1
1.0	980.128479004	5.0	1.0	612.773498535	2.0	2.0	41.1328001022	2.24690680342	-0.298166483641	-0.950844287872	-0.0836173593998	3.7497816658	3.80701690114	43.5304489136	13.7397994995	-69.1567001343	0.925131201744	0.0	0.0	0.0	0.0	0.0	0.970383612699	1.0	1
1.0	162.068695068	2.0	0.0	208.373504639	1.0	0.0	0.0	10.0	0.0	0.0	0.0	0.0	0.0	0.0	0.0	0.0	2.0	0.0	0.0	0.0	0.0	0.0	1.03525536827e-12	1.0	1
1.0	822.690246582	4.0	1.0	612.773498535	2.0	2.0	41.1328001022	2.24690680342	-0.298166483641	-0.950844287872	-0.0836173593998	3.7497816658	3.80701690114	43.5304489136	13.7397994995	-69.1567001343	0.925131201744	0.0	0.0	0.0	0.0	0.0	0.646883709266	1.0	1
1.0	33.148399353	1.0	0.0	393.045196533	1.0	0.0	0.0	10.0	0.0	0.0	0.0	0.0	0.0	0.0	0.0	0.0	2.0	0.0	0.0	0.0	0.0	0.0	1.03525536827e-12	0.0	1
1.0	279.393707275	7.0	1.0	1082.84790039	7.0	2.0	0.0	10.0	0.0	0.0	0.0	0.0	0.0	0.0	0.0	0.0	2.0	4.0	12.1000003815	62.2265996933	0.0	18.0200004578	0.156896236942	1.0	1
1.0	413.56640625	1.0	1.0	618.769897461	4.0	1.0	26.3672008514	0.0	0.0349407531321	-0.997815549374	-0.0560648329556	2.88835888264	1.11020387659	36.5013008118	12.7416992188	-78.6365966797	0.867292463779	1.0	19.1000003815	50.625	0.0	19.1000003815	0.329951219751	1.0	1
1.0	48.9333992004	1.0	1.0	618.769897461	4.0	2.0	30.5859994888	0.0	-0.0349405892193	0.997809946537	0.0561653114855	2.45666132388	19.9644054289	50.0810012817	23.6816997528	-72.1786499023	0.606399357319	1.0	9.64000034332	31.6406002045	0.0	9.64000034332	0.151748825062	1.0	1
1.0	413.56640625	1.0	1.0	527.217407227	3.0	1.0	26.3672008514	0.0	0.0349407531321	-0.997815549374	-0.0560648329556	2.88835888264	21.7597459027	36.5013008118	12.7416992188	-78.6365966797	0.867292463779	1.0	19.1000003815	50.625	0.0	19.1000003815	0.329951219751	1.0	1
1.0	117.492996216	1.0	0.0	158.164093018	1.0	0.0	0.0	10.0	0.0	0.0	0.0	0.0	0.0	0.0	0.0	0.0	2.0	0.0	0.0	0.0	0.0	0.0	1.03525536827e-12	0.0	1
1.0	594.998168945	4.0	2.0	131.050201416	2.0	1.0	37.9688014984	1.15144690835	0.749174714088	0.647262573242	-0.140670910478	20.9917244727	11.0414884349	33.1440010071	15.886800766	-73.3228988647	0.163288339972	1.0	3.92000007629	1.0546900034	0.0	3.92000007629	0.334642834927	1.0	1
1.0	783.288635254	7.0	3.0	1453.60302734	5.0	2.0	133.945331335	0.0	-0.999190449715	0.0	-0.0402316525578	0.987788201781	24.8318330794	50.3611984253	25.0792999268	-64.9906463623	0.344826757908	10.0	3.92000007629	244.687357426	0.0	17.6800003052	0.964670436674	1.0	1
1.0	257.581115723	3.0	1.0	899.276306152	3.0	1.0	45.3515808582	0.0	-0.735401332378	0.647305011749	-0.200452372432	12.3677420862	0.0	32.0485992432	15.886800766	-73.3670043945	0.95049649477	4.0	3.92000007629	82.2655596733	0.0	14.4399995804	0.664909639925	1.0	1
1.0	218.416687012	3.0	1.0	596.505065918	3.0	1.0	2.10938000679	0.0	-0.735401332378	0.647305011749	-0.200452372432	0.0	0.0	32.0485992432	15.886800766	-73.3670043945	0.95049649477	1.0	14.4399995804	34.8046989441	0.0	14.4399995804	0.376098836217	1.0	1
1.0	257.581115723	3.0	1.0	753.163085938	3.0	1.0	45.3515808582	0.0	-0.735401332378	0.647305011749	-0.200452372432	12.3677420862	0.0	32.0485992432	15.886800766	-73.3670043945	0.95049649477	4.0	3.92000007629	82.2655596733	0.0	14.4399995804	0.577817413453	1.0	1
1.0	240.182998657	1.0	0.0	504.733001709	1.0	0.0	0.0	10.0	0.0	0.0	0.0	0.0	0.0	0.0	0.0	0.0	2.0	0.0	0.0	0.0	0.0	0.0	1.03525536827e-12	0.0	1
1.0	1373.22058105	5.0	3.0	2628.0925293	3.0	2.0	102.304661274	0.0	0.999245107174	0.0	-0.0388476140797	1.47157494793	2.52790932319	49.9502487183	29.9631996155	-68.3911437988	0.805483520031	2.0	16.8600006104	108.632801056	2.0	20.0400009155	0.966800860278	1.0	1
1.0	1397.58703613	6.0	2.0	2039.81640625	4.0	2.0	60.117161274	0.0	0.999245107174	0.0	-0.0388476140797	1.47157494793	2.52790932319	49.9502487183	29.9631996155	-68.3911437988	0.805483520031	1.0	17.1800003052	49.5703010559	1.0	20.0400009155	0.933149820849	1.0	1
1.0	797.12902832	2.0	0.0	591.755981445	1.0	0.0	0.0	10.0	0.0	0.0	0.0	0.0	0.0	0.0	0.0	0.0	2.0	0.0	0.0	0.0	0.0	0.0	1.03525536827e-12	1.0	1
1.0	762.320007324	2.0	0.0	1409.77099609	4.0	0.0	0.0	10.0	0.0	0.0	0.0	0.0	0.0	0.0	0.0	0.0	2.0	0.0	0.0	0.0	0.0	0.0	1.03525536827e-12	1.0	1
1.0	1284.45739746	4.0	1.0	1994.56518555	3.0	1.0	30.5859003067	0.0	0.00527519732714	-0.990969121456	0.133986279368	16.2971221817	23.0687951901	38.9890975952	17.1315002441	-67.7137527466	0.999700188637	2.0	16.8600006104	108.632801056	1.0	16.8600006104	0.862375225655	1.0	1
1.0	253.668792725	1.0	0.0	591.354431152	1.0	0.0	0.0	10.0	0.0	0.0	0.0	0.0	0.0	0.0	0.0	0.0	2.0	0.0	0.0	0.0	0.0	0.0	1.03525536827e-12	0.0	1
1.0	508.953491211	2.0	0.0	1223.10217285	2.0	0.0	0.0	10.0	0.0	0.0	0.0	0.0	0.0	0.0	0.0	0.0	2.0	0.0	0.0	0.0	0.0	0.0	1.03525536827e-12	1.0	1
1.0	237.51159668	1.0	0.0	185.808395386	2.0	0.0	0.0	10.0	0.0	0.0	0.0	0.0	0.0	0.0	0.0	0.0	2.0	0.0	0.0	0.0	0.0	0.0	1.03525536827e-12	1.0	1
1.0	227.817199707	1.0	0.0	1838.69360352	2.0	0.0	0.0	10.0	0.0	0.0	0.0	0.0	0.0	0.0	0.0	0.0	2.0	0.0	0.0	0.0	0.0	0.0	1.03525536827e-12	1.0	1
1.0	210.044281006	3.0	0.0	203.580810547	2.0	0.0	0.0	10.0	0.0	0.0	0.0	0.0	0.0	0.0	0.0	0.0	2.0	0.0	0.0	0.0	0.0	0.0	1.03525536827e-12	1.0	1
1.0	403.382110596	1.0	1.0	387.116210938	1.0	1.0	15.8203001022	0.0	-0.0768860280514	0.992014348507	0.0999796763062	2.00028524749	1.1058406137	38.2858505249	19.1850013733	-68.6701965332	0.706240057945	3.0	7.53999996185	53.7890005112	0.0	19.2600002289	-1.0	0.0	1
1.0	1517.56225586	11.0	4.0	2277.15820312	4.0	3.0	137.109208822	0.0	0.99797898531	0.0618549510837	0.0145573522896	12.3544776367	31.5292029269	47.7747993469	31.9001998901	-62.867149353	0.40534478426	12.0	7.53999996185	260.508001328	1.0	15.9799995422	0.997685488372	1.0	1
1.0	774.233093262	3.0	1.0	536.758178711	2.0	2.0	62.2265005112	0.0	-0.0768860280514	0.992014348507	0.0999796763062	24.8493606086	14.8680537057	38.2858505249	19.1850013733	-68.6701965332	0.706240057945	3.0	7.53999996185	53.7890005112	0.0	19.2600002289	0.450363452337	1.0	1
1.0	1045.86584473	6.0	3.0	2781.38525391	5.0	3.0	122.343668938	0.0	0.997971951962	0.0619442053139	0.0146538391709	2.83852031361	28.0838935713	41.1375007629	17.6436500549	-65.8470001221	0.767969965935	13.0	7.53999996185	286.875000954	0.0	19.2600002289	0.968479298461	1.0	1
1.0	592.060424805	1.0	1.0	175.666290283	2.0	2.0	52.7344017029	0.0	0.997979044914	0.0618532299995	0.0145573541522	6.81985496568	1.1058343613	48.8941993713	16.6820983887	-59.9682502747	0.596493184566	6.0	8.53999996185	121.288998604	0.0	15.6599998474	0.182502802643	1.0	1
1.0	333.440887451	4.0	3.0	1379.3059082	2.0	1.0	52.7343206406	0.0	0.0768861025572	-0.992014348507	-0.0999797731638	1.83818040564	9.13594130804	19.9002494812	14.7259998322	-78.1434936523	0.286472916603	5.0	7.21999979019	91.7578001022	0.0	15.0200004578	0.411732021684	1.0	1
1.0	245.607208252	2.0	2.0	522.119506836	3.0	3.0	114.960902214	0.0	0.997979044914	0.0618532299995	0.0145573541522	6.81985496568	17.4006956816	48.8941993713	16.6820983887	-59.9682502747	0.596493184566	7.0	7.21999979019	139.218698502	0.0	15.6599998474	0.458731096753	1.0	1
1.0	49.3042984009	1.0	0.0	368.987182617	1.0	0.0	0.0	10.0	0.0	0.0	0.0	0.0	0.0	0.0	0.0	0.0	2.0	0.0	0.0	0.0	0.0	0.0	1.03525536827e-12	0.0	1
1.0	965.409729004	6.0	4.0	1811.53540039	4.0	2.0	136.054651737	0.0	0.0090957256034	-0.988964259624	0.147874549031	33.4250086189	3.35127324632	32.6249504089	33.7989997864	-73.5884017944	0.898923933506	4.0	13.8599996567	166.640701294	1.0	13.9200000763	0.979431333099	1.0	1
1.0	842.944396973	8.0	3.0	1983.30554199	3.0	2.0	92.8124914169	0.0	0.997917830944	0.0	-0.06449791044	28.3833898837	21.9228772936	36.610748291	15.0925998688	-71.0374984741	0.691538572311	3.0	13.9200000763	138.164100647	1.0	13.9200000763	0.872802840201	1.0	1
1.0	1008.35217285	9.0	2.0	1943.54406738	2.0	1.0	92.8124914169	0.0	0.00919271912426	-0.988963425159	0.147874429822	28.3833898837	2.05078555152	36.0708007812	14.5869998932	-70.9266967773	0.225642085075	2.0	18.7399997711	102.304698944	0.0	18.7399997711	0.96430249936	1.0	1
1.0	370.577301025	3.0	0.0	588.471191406	2.0	0.0	0.0	10.0	0.0	0.0	0.0	0.0	0.0	0.0	0.0	0.0	2.0	0.0	0.0	0.0	0.0	0.0	1.03525536827e-12	1.0	1
1.0	639.36517334	5.0	2.0	884.296875	3.0	2.0	69.6093506813	0.0	0.997917830944	0.0	-0.06449791044	3.46790062755	21.0370838979	36.610748291	15.0925998688	-71.0374984741	0.691538572311	2.0	18.7399997711	102.304698944	0.0	18.7399997711	0.773233667906	1.0	1
1.0	397.615081787	4.0	1.0	702.984008789	4.0	1.0	3.16406011581	3.19624773809	0.938481032848	-0.125127404928	0.32186421752	23.2625344237	3.00490375917	27.0334014893	35.0494995117	-75.5801010132	0.0290390234441	0.0	0.0	0.0	0.0	0.0	0.61843126033	1.0	1
1.0	56.6642990112	1.0	0.0	297.891998291	1.0	0.0	0.0	10.0	0.0	0.0	0.0	0.0	0.0	0.0	0.0	0.0	2.0	0.0	0.0	0.0	0.0	0.0	1.03525536827e-12	0.0	1
1.0	1254.7097168	6.0	0.0	241.227798462	2.0	0.0	0.0	10.0	0.0	0.0	0.0	0.0	0.0	0.0	0.0	0.0	2.0	0.0	0.0	0.0	0.0	0.0	1.03525536827e-12	1.0	1
1.0	1050.71813965	6.0	3.0	877.486633301	6.0	2.0	94.9218838215	0.0	-0.0342009812593	-0.992058753967	-0.121036164463	34.8935252657	13.7286516401	37.5545501709	11.7353000641	-75.842048645	0.160366132855	1.0	18.5400009155	47.460899353	2.0	18.5400009155	0.687790294309	1.0	1
1.0	1215.85449219	7.0	3.0	1484.60375977	5.0	2.0	113.90624404	0.0	-0.0342009812593	-0.992058753967	-0.121036164463	34.8935252657	13.7286516401	37.5545501709	11.7353000641	-75.842048645	0.160366132855	2.0	17.9599990845	97.0312004089	3.0	18.5400009155	0.973308596033	1.0	1
1.0	948.721984863	4.0	2.0	586.07019043	4.0	2.0	64.3359022141	0.0	-0.0342009812593	-0.992058753967	-0.121036164463	4.13223510632	13.7286516401	37.5545501709	11.7353000641	-75.842048645	0.160366132855	1.0	18.5400009155	47.460899353	1.0	18.5400009155	0.867684574441	1.0	1
1.0	892.057678223	4.0	2.0	686.447143555	3.0	2.0	64.3359022141	0.0	-0.0342009812593	-0.992058753967	-0.121036164463	4.13223510632	13.7286516401	37.5545501709	11.7353000641	-75.842048645	0.160366132855	1.0	18.5400009155	47.460899353	1.0	18.5400009155	0.541620201239	1.0	1
1.0	1016.71917725	5.0	3.0	916.341918945	2.0	1.0	75.9374613762	0.0	-0.0342009812593	-0.992058753967	-0.121036164463	19.4915980309	13.7286516401	37.5545501709	11.7353000641	-75.842048645	0.160366132855	2.0	17.9599990845	97.0312004089	2.0	18.5400009155	0.885941297641	1.0	1
1.0	160.797912598	1.0	0.0	392.149719238	1.0	0.0	0.0	10.0	0.0	0.0	0.0	0.0	0.0	0.0	0.0	0.0	2.0	0.0	0.0	0.0	0.0	0.0	1.03525536827e-12	0.0	1
1.0	200.176895142	3.0	1.0	923.767089844	2.0	1.0	0.0	10.0	0.0	0.0	0.0	0.0	0.0	0.0	0.0	0.0	2.0	1.0	19.4799995422	49.5703010559	0.0	19.4799995422	0.0946379344382	1.0	1
1.0	173.924209595	1.0	0.0	1018.93328857	4.0	0.0	0.0	10.0	0.0	0.0	0.0	0.0	0.0	0.0	0.0	0.0	2.0	0.0	0.0	0.0	0.0	0.0	1.03525536827e-12	1.0	1
1.0	160.797912598	1.0	1.0	488.956604004	1.0	1.0	13.7109003067	1.74865664284	0.88311958313	0.0608778223395	0.465181410313	0.0	0.0	29.986700058	19.8901996613	-74.3655548096	0.438007712364	0.0	0.0	0.0	0.0	0.0	0.0684473073953	1.0	1
1.0	200.177093506	2.0	0.0	546.38470459	2.0	0.0	0.0	10.0	0.0	0.0	0.0	0.0	0.0	0.0	0.0	0.0	2.0	0.0	0.0	0.0	0.0	0.0	1.03525536827e-12	1.0	1
1.0	162.076004028	1.0	0.0	251.309005737	1.0	0.0	0.0	10.0	0.0	0.0	0.0	0.0	0.0	0.0	0.0	0.0	2.0	0.0	0.0	0.0	0.0	0.0	1.03525536827e-12	0.0	1
1.0	639.198974609	2.0	0.0	85.5908966064	1.0	0.0	0.0	10.0	0.0	0.0	0.0	0.0	0.0	0.0	0.0	0.0	2.0	0.0	0.0	0.0	0.0	0.0	1.03525536827e-12	1.0	1
1.0	506.260009766	3.0	0.0	886.867004395	2.0	0.0	0.0	10.0	0.0	0.0	0.0	0.0	0.0	0.0	0.0	0.0	2.0	0.0	0.0	0.0	0.0	0.0	1.03525536827e-12	1.0	1
1.0	406.101013184	1.0	1.0	251.309005737	1.0	1.0	27.4218997955	0.0	0.996803224087	0.0703424438834	0.0378859639168	0.0	2.50014180735	37.9366531372	15.6992502213	-71.0382003784	0.904881119728	1.0	18.7199993134	40.0780982971	0.0	18.7199993134	0.315780214185	1.0	1
1.0	395.17401123	2.0	0.0	793.992004395	1.0	0.0	0.0	10.0	0.0	0.0	0.0	0.0	0.0	0.0	0.0	0.0	2.0	0.0	0.0	0.0	0.0	0.0	1.03525536827e-12	1.0	1
1.0	208.867004395	1.0	0.0	762.126953125	1.0	0.0	0.0	10.0	0.0	0.0	0.0	0.0	0.0	0.0	0.0	0.0	2.0	0.0	0.0	0.0	0.0	0.0	1.03525536827e-12	0.0	1
1.0	1375.9744873	5.0	2.0	1203.77819824	5.0	2.0	118.12507236	0.0	0.00992615614086	-0.992218971252	0.124109104276	24.4135437445	9.5613645989	44.4533004761	30.1607494354	-73.2863464355	0.648946762085	2.0	12.3400001526	71.7187995911	1.0	16.3199996948	0.977406451226	1.0	1
1.0	1195.80603027	5.0	2.0	1100.14196777	6.0	2.0	78.0469007492	0.0	0.00992615614086	-0.992218971252	0.124109104276	2.68153011042	18.2609838589	44.4533004761	30.1607494354	-73.2863464355	0.648946762085	2.0	12.6000003815	72.7735023499	1.0	16.3199996948	0.889297083751	1.0	1
1.0	1375.9744873	5.0	2.0	1844.73022461	4.0	3.0	160.31257236	0.0	0.00992550421506	-0.992219924927	0.124100953341	1.34076892285	24.8919711853	37.9132995605	6.68114519119	-71.2282562256	0.624765992165	3.0	12.3400001526	97.0312995911	2.0	16.3199996948	0.977406451226	1.0	1
1.0	883.302001953	2.0	2.0	1589.62512207	3.0	3.0	125.507882357	0.0	0.00992550421506	-0.992219924927	0.124100953341	1.34076892285	24.8919711853	37.9132995605	6.68114519119	-71.2282562256	0.624765992165	3.0	12.3400001526	97.0312995911	1.0	13.3000001907	0.507223963183	1.0	1
1.0	970.994506836	3.0	0.0	111.608596802	2.0	0.0	0.0	10.0	0.0	0.0	0.0	0.0	0.0	0.0	0.0	0.0	2.0	0.0	0.0	0.0	0.0	0.0	1.03525536827e-12	1.0	1
1.0	151.468994141	1.0	1.0	640.952026367	1.0	1.0	42.1875	0.0	0.00992550421506	-0.992219924927	0.124100953341	1.34076892285	6.86435388424	37.9132995605	6.68114519119	-71.2282562256	0.624765992165	1.0	13.3000001907	25.3125	1.0	13.3000001907	0.32524367434	1.0	1
1.0	162.843002319	1.0	0.0	538.752685547	1.0	0.0	0.0	10.0	0.0	0.0	0.0	0.0	0.0	0.0	0.0	0.0	2.0	0.0	0.0	0.0	0.0	0.0	1.03525536827e-12	0.0	1
1.0	1369.7097168	7.0	2.0	1002.93267822	7.0	4.0	125.507830024	0.0	0.738591194153	0.665495812893	-0.107696376741	27.2792721935	10.4294819444	30.4546012878	19.1899986267	-67.2399978638	0.254316449165	8.0	10.5600004196	264.72640419	3.0	14.4600000381	0.992634381142	1.0	1
1.0	394.171813965	6.0	4.0	447.43850708	5.0	3.0	110.742208004	0.0	0.0368471965194	-0.175424546003	-0.983803033829	27.2792721935	9.06975859299	29.9291992188	18.573348999	-67.8351974487	0.826689004898	3.0	13.5200004578	68.5546016693	2.0	14.0600004196	0.605234753701	1.0	1
1.0	1193.16931152	8.0	4.0	1505.15991211	6.0	4.0	217.265761137	0.0	-0.999345242977	0.0	-0.0361808501184	26.2424107798	5.51492503969	26.1838493347	19.2043991089	-70.2001037598	0.241075351834	8.0	8.73999977112	286.874904633	2.0	14.4600000381	0.97385842876	1.0	1
1.0	808.128723145	5.0	4.0	1075.98400879	6.0	3.0	100.195290327	0.0	0.738588690758	0.665500223637	-0.107686117291	1.75505093134	37.344609692	47.6334495544	24.8460502625	-57.9515991211	0.762146651745	5.0	11.7600002289	171.914001465	1.0	11.7600002289	0.821090794303	1.0	1
1.0	205.456207275	2.0	0.0	366.778076172	3.0	0.0	0.0	10.0	0.0	0.0	0.0	0.0	0.0	0.0	0.0	0.0	2.0	0.0	0.0	0.0	0.0	0.0	1.03525536827e-12	1.0	1
1.0	820.304077148	3.0	3.0	875.093566895	7.0	4.0	56.9531100988	0.0	-0.738591194153	-0.665495812893	0.107696376741	12.6298015264	9.39544767165	30.4546012878	19.1899986267	-67.2399978638	0.254316449165	4.0	13.5200004578	127.617101669	0.0	17.2000007629	0.839111739299	1.0	1
1.0	79.8280029297	1.0	0.0	163.647003174	1.0	0.0	0.0	10.0	0.0	0.0	0.0	0.0	0.0	0.0	0.0	0.0	2.0	0.0	0.0	0.0	0.0	0.0	1.03525536827e-12	0.0	2
1.0	943.299438477	4.0	2.0	1277.24694824	3.0	2.0	76.8551006317	0.0	0.99789005518	-0.0560502335429	-0.0327698066831	1.77772199358	17.8871482703	49.15650177	30.5164489746	-70.9403533936	0.79389578104	1.0	10.1999998093	10.9792995453	2.0	17.3199996948	0.853781122886	1.0	2
1.0	246.136001587	2.0	0.0	163.647003174	1.0	0.0	0.0	10.0	0.0	0.0	0.0	0.0	0.0	0.0	0.0	0.0	2.0	0.0	0.0	0.0	0.0	0.0	1.03525536827e-12	1.0	2
1.0	819.566040039	4.0	1.0	271.415008545	2.0	1.0	17.5669002533	0.0	0.0584630407393	0.987321615219	-0.147574350238	20.8449315047	2.08569288784	38.6930007935	13.7077999115	-72.5339508057	0.701707065105	1.0	13.6800003052	19.7626991272	0.0	13.6800003052	0.603742512078	1.0	2
1.0	189.809005737	1.0	0.0	432.835083008	1.0	0.0	0.0	10.0	0.0	0.0	0.0	0.0	0.0	0.0	0.0	0.0	2.0	0.0	0.0	0.0	0.0	0.0	1.03525536827e-12	0.0	2
1.0	574.748474121	5.0	1.0	725.531188965	3.0	1.0	14.7656002045	2.27799253563	0.363685101271	-0.827409684658	0.427932620049	31.9663653039	0.0	31.8387985229	13.5894994736	-69.7316436768	0.449742257595	0.0	0.0	0.0	0.0	0.0	0.71715285063	1.0	2
1.0	303.338989258	2.0	1.0	443.47857666	2.0	1.0	16.875	0.0	0.0	0.978769719601	-0.204962804914	5.45114458297	2.14581271659	32.9366989136	8.4663848877	-67.890045166	0.171078890562	1.0	17.7399997711	48.5155982971	0.0	17.7399997711	0.00527340113391	1.0	2
1.0	262.539489746	3.0	1.0	588.939208984	1.0	1.0	36.9140105247	0.0	0.0	0.978769302368	-0.204964756966	1.50602679676	1.09799954622	30.7409000397	15.5622501373	-70.9135437012	0.971919536591	2.0	12.3999996185	66.4453010559	0.0	15.0600004196	0.598508888858	1.0	2
1.0	326.400085449	2.0	1.0	443.47857666	2.0	1.0	14.7656002045	0.0	1.0	0.0	0.0	1.50602679676	2.44393404294	34.5835494995	10.0415000916	-68.2199020386	0.70014756918	1.0	17.4799995422	44.2969017029	0.0	17.4799995422	0.136256790165	1.0	2
1.0	59.540802002	1.0	0.0	250.625	1.0	0.0	0.0	10.0	0.0	0.0	0.0	0.0	0.0	0.0	0.0	0.0	2.0	0.0	0.0	0.0	0.0	0.0	1.03525536827e-12	0.0	2
1.0	588.483703613	8.0	4.0	1494.05627441	6.0	2.0	101.030149996	0.0	-0.0016456694575	-0.998876214027	-0.047367002815	11.1020050712	23.491965361	34.395401001	10.3889198303	-73.7238006592	0.937432706356	4.0	8.26000022888	124.072201729	1.0	11.5	0.68915802646	1.0	2
1.0	188.314804077	1.0	0.0	405.708007812	2.0	0.0	0.0	10.0	0.0	0.0	0.0	0.0	0.0	0.0	0.0	0.0	2.0	0.0	0.0	0.0	0.0	0.0	1.03525536827e-12	1.0	2
1.0	362.782409668	5.0	3.0	1740.53283691	4.0	3.0	80.6468992233	0.0	0.999335110188	0.0	-0.036459505558	17.1116115833	0.0	26.7888507843	25.6091003418	-77.0153045654	0.425803214312	4.0	7.55999994278	93.0542020798	1.0	11.5	0.566610908524	1.0	2
1.0	203.546112061	2.0	0.0	600.945983887	3.0	0.0	0.0	10.0	0.0	0.0	0.0	0.0	0.0	0.0	0.0	0.0	2.0	0.0	0.0	0.0	0.0	0.0	1.03525536827e-12	1.0	2
1.0	43.4140014648	1.0	0.0	176.210006714	1.0	0.0	0.0	10.0	0.0	0.0	0.0	0.0	0.0	0.0	0.0	0.0	2.0	0.0	0.0	0.0	0.0	0.0	1.03525536827e-12	0.0	2
1.0	709.946594238	5.0	2.0	1580.78173828	4.0	2.0	90.3955001831	0.0	0.999198913574	0.0	-0.0400190390646	3.4954602909	0.0	38.7132492065	36.0615005493	-65.7735977173	0.902735829353	2.0	8.69999980927	38.1079006195	1.0	16.3600006104	0.975425791769	1.0	2
1.0	665.25567627	6.0	2.0	1592.27368164	5.0	2.0	70.0121994019	0.0	0.999198913574	0.0	-0.0400190390646	3.4954602909	0.0	38.7132492065	36.0615005493	-65.7735977173	0.902735829353	1.0	10.6000003815	20.3833007812	1.0	16.3600006104	0.933357919491	1.0	2
1.0	778.898193359	5.0	4.0	1366.26513672	5.0	3.0	128.503340721	0.0	0.999198913574	0.0	-0.0400190390646	25.1317827929	0.0	38.7132492065	36.0615005493	-65.7735977173	0.902735829353	3.0	8.69999980927	60.2636003494	1.0	16.3600006104	0.969953202985	1.0	2
1.0	495.430297852	3.0	3.0	1040.66040039	2.0	2.0	93.0541391373	0.0	0.999198913574	0.0	-0.0400190390646	3.4954602909	30.9372326772	38.7132492065	36.0615005493	-65.7735977173	0.902735829353	2.0	8.69999980927	35.4492006302	1.0	16.3600006104	0.778409062709	1.0	2
1.0	497.984100342	3.0	0.0	374.12701416	2.0	0.0	0.0	10.0	0.0	0.0	0.0	0.0	0.0	0.0	0.0	0.0	2.0	0.0	0.0	0.0	0.0	0.0	1.03525536827e-12	1.0	2
1.0	194.149993896	1.0	1.0	207.473999023	1.0	1.0	0.0	10.0	0.0	0.0	0.0	0.0	0.0	0.0	0.0	0.0	2.0	1.0	16.2800006866	19.7754001617	0.0	16.2800006866	-1.0	0.0	2
1.0	709.980712891	4.0	3.0	2078.54882812	4.0	2.0	184.570296526	0.0	0.99560046196	-0.0935389399529	0.00550633948296	8.11432874196	2.08636584509	32.9666976929	43.1299514771	-69.9514007568	0.649586617947	5.0	11.9799995422	143.701200485	3.0	18.0400009155	0.984284674432	1.0	2
1.0	487.278991699	3.0	2.0	1555.10400391	4.0	2.0	0.0	10.0	0.0	0.0	0.0	0.0	0.0	0.0	0.0	0.0	2.0	2.0	14.5200004578	22.4121201038	1.0	14.5200004578	0.0131828359616	1.0	2
1.0	1279.10644531	4.0	2.0	2114.71411133	4.0	4.0	320.361197472	0.0	0.99560046196	-0.0935389399529	0.00550633948296	24.2269693714	2.08636584509	32.9666976929	43.1299514771	-69.9514007568	0.649586617947	5.0	11.9799995422	189.843801498	4.0	21.7199993134	0.982778438491	1.0	2
1.0	972.653381348	4.0	2.0	744.24206543	2.0	2.0	118.652360916	0.0	0.105046227574	0.992555558681	0.0616334751248	21.7268097118	1.98587261967	31.040851593	19.9205493927	-71.3865966797	0.297582238913	3.0	12.3000001907	102.832000732	1.0	16.2999992371	0.947439416539	1.0	2
1.0	605.291015625	2.0	2.0	36.1651992798	1.0	1.0	39.5507993698	0.0	0.104935087264	0.992567241192	0.0616356767714	18.4807102572	3.64085930983	32.2110977173	20.8915996552	-73.1380004883	0.942431926727	1.0	11.9799995422	30.3222999573	1.0	11.9799995422	0.984690492721	1.0	2
1.0	588.16015625	4.0	3.0	1661.69628906	3.0	2.0	203.02721715	0.0	0.99560046196	-0.0935389399529	0.00550996186212	2.93839396408	19.2139602771	47.266998291	28.5032501221	-63.3860015869	0.953301787376	3.0	12.3000001907	85.6934013367	2.0	21.7199993134	0.971736960052	1.0	2
1.0	285.514801025	2.0	2.0	1882.49414062	3.0	1.0	73.8281185627	2.2184791937	0.507227897644	-0.808746755123	0.297739118338	4.51773687167	17.0375454248	29.9462013245	24.5453491211	-72.0291442871	0.349407941103	2.0	16.2800006866	42.1875	1.0	18.0400009155	0.555444313295	1.0	2
1.0	94.3199005127	1.0	0.0	294.915008545	1.0	0.0	0.0	10.0	0.0	0.0	0.0	0.0	0.0	0.0	0.0	0.0	2.0	0.0	0.0	0.0	0.0	0.0	1.03525536827e-12	0.0	2
1.0	310.856903076	4.0	0.0	286.945007324	1.0	0.0	0.0	10.0	0.0	0.0	0.0	0.0	0.0	0.0	0.0	0.0	2.0	0.0	0.0	0.0	0.0	0.0	1.03525536827e-12	1.0	2
1.0	111.589698792	3.0	1.0	1228.81445312	3.0	1.0	40.2574005127	0.0	0.997134327888	0.0	-0.0756512954831	16.9363774565	2.05355583327	26.0599002838	21.3915996552	-77.0955963135	0.79574906826	1.0	4.07999992371	5.85562992096	1.0	4.07999992371	0.0146380041333	1.0	2
1.0	94.3199005127	1.0	1.0	313.513305664	2.0	1.0	4.39171981812	2.95118447786	0.109626471996	-0.930567383766	0.349322915077	3.12101690129	8.05060735271	27.0065002441	15.3611001968	-76.6456985474	0.370171189308	0.0	0.0	0.0	0.0	0.0	0.0219550704382	1.0	2
1.0	187.311203003	3.0	0.0	286.945007324	1.0	0.0	0.0	10.0	0.0	0.0	0.0	0.0	0.0	0.0	0.0	0.0	2.0	0.0	0.0	0.0	0.0	0.0	1.03525536827e-12	1.0	2
