valid	volumeS1	connectedComponentsS1	connectedComponentsS1Rel	volumeS2	connectedComponentsS2	connectedComponentsS2Rel	corticalSize	distanceMin	direction_x	direction_y	direction_z	distanceToExtremity1	distanceToExtremity2	gravityCenter_x	gravityCenter_y	gravityCenter_z	corticalDotProduct	junctions	junctionDepthMin	junctionsSize	plisDePassage	plisDePassageDepthMax	Potential	Class	cycle
1.0	871.227661133	1.0	1.0	4479.50146484	1.0	1.0	0.0	10.0	0.0	0.0	0.0	0.0	0.0	0.0	0.0	0.0	2.0	10.0	12.0399999619	68.7467998266	0.0	30.6800003052	-1.0	0.0	1
1.0	3112.28125	8.0	7.0	6933.84033203	15.0	6.0	90.7799987793	0.0	0.0583500824869	0.987312138081	-0.147681996226	27.4008080775	20.6695357266	-63.8521499634	-24.6744003296	-11.7308998108	0.518399975839	16.0	2.75999999046	94.4096004963	1.0	2.75999999046	0.714659372105	1.0	1
1.0	902.863830566	3.0	3.0	5071.94042969	3.0	3.0	25.4999997616	0.0	0.0584567375481	0.987324297428	-0.147558435798	3.98805449199	17.0844404722	-34.2557983398	-23.0907497406	18.2885494232	0.959126005169	6.0	12.6199998856	28.181599915	0.0	18.5799999237	0.145354054242	1.0	1
1.0	927.228515625	2.0	2.0	4668.64501953	2.0	2.0	6.73999977112	3.61865995358	0.184952095151	-0.866753160954	0.463175654411	4.19133737853	14.2340240365	-63.5833473206	-30.5528488159	-7.13121986389	0.564303646325	11.0	12.0399999619	71.4468001127	0.0	30.6800003052	0.043888985283	1.0	1
1.0	2001.00146484	3.0	3.0	5563.86962891	2.0	2.0	39.3800001144	0.0	0.0584567375481	0.987324297428	-0.147558435798	3.98805449199	17.0844404722	-34.2557983398	-23.0907497406	18.2885494232	0.959126005169	18.0	11.279999733	102.289599424	0.0	25.7399997711	0.439902665829	1.0	1
1.0	926.951965332	1.0	1.0	5034.56787109	1.0	1.0	0.0	10.0	0.0	0.0	0.0	0.0	0.0	0.0	0.0	0.0	2.0	7.0	14.0399999619	48.2400012016	1.0	14.0399999619	-1.0	0.0	1
1.0	5645.86914062	4.0	2.0	5882.68164062	13.0	6.0	42.9199998379	0.0	-0.104949958622	-0.992571651936	-0.0615384206176	2.78413562769	38.8781018652	-33.7080993652	-27.3087501526	21.6651496887	0.358596283746	19.0	1.44000005722	139.520800546	13.0	34.8600006104	0.988522826508	1.0	1
1.0	2911.38623047	4.0	3.0	12809.0498047	9.0	2.0	31.4400005341	0.0	0.10504809767	0.992555081844	0.0616382472217	3.62740466736	24.5859433336	-43.5946502686	-31.0130500793	14.0331001282	0.105303080635	14.0	1.44000005722	92.7600021362	5.0	14.0399999619	0.884801624633	1.0	1
1.0	6992.32421875	3.0	2.0	5816.50683594	12.0	5.0	44.8599996567	0.0	0.995591461658	-0.0936337485909	0.00550808059052	2.97320030938	35.7497362997	-33.236000061	-27.8507995605	21.6375007629	0.992664949073	16.0	1.44000005722	165.336399078	10.0	37.7200012207	0.991622814106	1.0	1
1.0	1247.97998047	1.0	1.0	5034.56787109	1.0	1.0	0.0	10.0	0.0	0.0	0.0	0.0	0.0	0.0	0.0	0.0	2.0	7.0	14.0399999619	48.2400012016	1.0	14.0399999619	0.111593774773	1.0	1
1.0	4425.03173828	2.0	2.0	5337.10546875	3.0	3.0	44.7600007057	0.0	-0.104938909411	-0.992567002773	-0.0616323053837	35.0961782614	9.70239849483	-56.5209999084	-33.917098999	-4.52690029144	0.255118390905	35.0	8.43999958038	348.520799547	14.0	37.7200012207	0.966541676681	1.0	1
1.0	1754.3729248	2.0	2.0	7347.90625	2.0	2.0	32.9200005531	0.0	0.105048164725	0.992555737495	0.0616279616952	6.88839625346	18.0597471485	-54.6561508179	-26.2154502869	-2.21308517456	0.243636333359	11.0	8.43999958038	121.300000191	1.0	14.0399999619	0.364724372567	1.0	1
1.0	1726.31628418	4.0	4.0	5486.15625	1.0	1.0	12.7600002289	0.0	0.105048164725	0.992555737495	0.0616279616952	7.29931565109	1.82044854751	-54.6561508179	-26.2154502869	-2.21308517456	0.243636333359	24.0	11.8199996948	253.100000262	7.0	29.2999992371	0.662697275458	1.0	1
1.0	5182.40185547	2.0	2.0	2947.27563477	3.0	2.0	41.1599998474	0.0	-0.105033688247	-0.992557048798	-0.0616318024695	35.6094651254	14.1390747986	-57.1699523926	-29.9604988098	-2.46951007843	0.518520030254	12.0	11.8199996948	143.239999771	4.0	19.3400001526	0.998080271992	1.0	1
1.0	1122.63098145	1.0	1.0	4013.50463867	1.0	1.0	0.0	10.0	0.0	0.0	0.0	0.0	0.0	0.0	0.0	0.0	2.0	4.0	12.3599996567	39.6200006008	0.0	23.5400009155	-1.0	0.0	1
1.0	5358.94677734	4.0	2.0	9136.50878906	15.0	5.0	69.9200003147	0.0	-0.0334177240729	-0.984703600407	0.17100328207	32.425351132	13.4404052997	-55.7011489868	-22.2631492615	6.57353973389	0.0583775070776	24.0	1.77999997139	200.751600623	7.0	17.3600006104	0.988819801592	1.0	1
1.0	1524.49597168	2.0	2.0	3920.72973633	2.0	1.0	0.0	10.0	0.0	0.0	0.0	0.0	0.0	0.0	0.0	0.0	2.0	10.0	12.3599996567	110.279999495	1.0	17.2199993134	0.0854843568586	1.0	1
1.0	1392.52697754	2.0	2.0	3743.60864258	1.0	1.0	0.0	10.0	0.0	0.0	0.0	0.0	0.0	0.0	0.0	0.0	2.0	8.0	12.3599996567	89.3599994183	1.0	17.2199993134	0.0854843568586	1.0	1
1.0	722.929016113	2.0	2.0	3491.52929688	1.0	1.0	14.0399999619	0.0	0.999348342419	-0.0346073023975	-0.0102569768205	3.89651517592	0.0	-63.2607002258	-22.380399704	-18.6313514709	0.685974699719	5.0	11.4600000381	49.8400001526	1.0	12.3000001907	0.232948506497	1.0	1
1.0	2008.43896484	2.0	1.0	2585.51489258	1.0	1.0	0.0	10.0	0.0	0.0	0.0	0.0	0.0	0.0	0.0	0.0	2.0	11.0	8.96000003815	121.019999266	1.0	17.2199993134	0.263870109043	1.0	1
1.0	289.802001953	1.0	1.0	5474.66357422	1.0	1.0	5.84000015259	1.0087170349	0.0461897961795	0.993749797344	-0.101625710726	5.46995803301	2.8616222845	-56.054397583	-23.3057003021	-4.68887519836	0.741329129181	3.0	5.17999982834	11.8000003099	3.0	5.98000001907	-1.0	0.0	1
1.0	521.255310059	3.0	1.0	3100.57202148	2.0	1.0	0.0	10.0	0.0	0.0	0.0	0.0	0.0	0.0	0.0	0.0	2.0	1.0	16.2800006866	0.0	0.0	16.2800006866	0.990621793741	1.0	1
1.0	657.671569824	4.0	1.0	2804.26904297	5.0	1.0	0.0	10.0	0.0	0.0	0.0	0.0	0.0	0.0	0.0	0.0	2.0	2.0	7.42000007629	23.1199998856	0.0	10.1800003052	0.141428177732	1.0	1
1.0	2064.36499023	4.0	0.0	1582.32287598	5.0	0.0	0.0	10.0	0.0	0.0	0.0	0.0	0.0	0.0	0.0	0.0	2.0	0.0	0.0	0.0	0.0	0.0	0.481181050881	1.0	1
1.0	2519.1159668	1.0	1.0	3148.29003906	2.0	2.0	0.0832000002265	0.0	-0.998023927212	0.0332707352936	-0.0533036589622	1.12712809442	2.85524264063	-52.046749115	-21.9200515747	-4.63368988037	0.299989213256	15.0	5.17999982834	154.71919924	4.0	12.5200004578	0.320520280092	1.0	1
1.0	1740.27709961	5.0	4.0	5296.9375	2.0	2.0	56.7224001884	0.0	0.0461861081421	0.993751108646	-0.101615056396	3.26206444659	19.169463956	-32.1310997009	-15.0881004333	18.7267990112	0.937568178395	7.0	5.17999982834	40.0000002384	8.0	10.8599996567	0.985735039193	1.0	1
1.0	1806.86999512	1.0	1.0	2830.51928711	2.0	1.0	0.0	10.0	0.0	0.0	0.0	0.0	0.0	0.0	0.0	0.0	2.0	10.0	5.98000001907	132.280000329	2.0	9.18000030518	0.042162189703	1.0	1
1.0	2333.83496094	5.0	3.0	6124.50341797	2.0	2.0	34.9800009727	0.0	0.0461898483336	0.993750929832	-0.101615041494	2.07942608335	25.3960766756	-36.74659729	-19.1056003571	17.4739990234	0.0558350944629	13.0	5.17999982834	73.2339993864	9.0	16.3999996185	0.939018996865	1.0	1
1.0	1503.97998047	4.0	4.0	1735.15698242	1.0	1.0	56.1800003052	0.0	0.0461942739785	0.993748664856	-0.101635321975	31.8710260829	16.5111939982	-54.0427017212	-25.1574497223	-1.50966501236	0.952066002136	5.0	6.13999986649	42.6363999844	3.0	8.72000026703	0.979431379038	1.0	1
1.0	1122.36047363	1.0	1.0	4244.71630859	1.0	1.0	0.0	10.0	0.0	0.0	0.0	0.0	0.0	0.0	0.0	0.0	2.0	3.0	13.1599998474	48.4400005341	1.0	32.0400009155	-1.0	0.0	1
1.0	5301.42626953	6.0	2.0	10984.1181641	11.0	4.0	5.13999986649	0.0	-0.994936048985	0.0	0.100510232151	1.01633657286	18.6748672198	-59.7453994751	-16.3104000092	5.45586013794	0.81194207681	30.0	8.89999961853	239.338399403	9.0	33.1599998474	0.990522815846	1.0	1
1.0	1937.77392578	4.0	1.0	8129.88671875	10.0	1.0	5.13999986649	0.0	-0.994936048985	0.0	0.100510232151	1.01633657286	18.6748672198	-59.7453994751	-16.3104000092	5.45586013794	0.81194207681	3.0	8.89999961853	33.3827997446	0.0	32.0400009155	0.602442594732	1.0	1
1.0	4802.25585938	9.0	5.0	11589.7070312	9.0	3.0	5.13999986649	0.0	-0.994936048985	0.0	0.100510232151	1.01633657286	18.6748672198	-59.7453994751	-16.3104000092	5.45586013794	0.81194207681	33.0	4.38000011444	269.198396675	11.0	33.1599998474	0.981063425205	1.0	1
1.0	1830.34887695	3.0	2.0	3320.61889648	4.0	2.0	0.0	10.0	0.0	0.0	0.0	0.0	0.0	0.0	0.0	0.0	2.0	9.0	4.38000011444	69.060000062	3.0	22.2800006866	0.319730828269	1.0	1
1.0	3973.94970703	2.0	1.0	6329.04589844	4.0	4.0	9.92000007629	0.0	-0.00610300246626	0.9983907938	-0.0563786439598	3.37914688666	1.01633544715	-57.3908996582	-21.5911483765	11.563949585	0.0359155430474	30.0	5.90000009537	288.881197445	9.0	33.1599998474	0.991825597095	1.0	1
1.0	2061.40527344	4.0	3.0	7503.98925781	1.0	1.0	0.0	10.0	0.0	0.0	0.0	0.0	0.0	0.0	0.0	0.0	2.0	13.0	5.90000009537	103.998399965	2.0	32.0400009155	0.468734179286	1.0	1
1.0	4267.53027344	2.0	1.0	4396.52978516	3.0	2.0	5.90000009537	0.0	0.99493598938	0.0	-0.100510656834	2.88826322357	3.38944332045	-56.8362007141	-21.0837993622	11.4789505005	0.85702494701	26.0	11.8000001907	206.658399217	8.0	28.9400005341	0.967818150454	1.0	1
1.0	2230.30004883	2.0	1.0	1572.75854492	2.0	1.0	0.0	10.0	0.0	0.0	0.0	0.0	0.0	0.0	0.0	0.0	2.0	1.0	22.6599998474	8.61999988556	0.0	22.6599998474	0.644320659529	1.0	1
1.0	824.208984375	1.0	1.0	4734.81542969	1.0	1.0	0.0	10.0	0.0	0.0	0.0	0.0	0.0	0.0	0.0	0.0	2.0	3.0	6.46000003815	22.5444000289	3.0	27.8999996185	-1.0	0.0	1
1.0	4449.91064453	7.0	6.0	11260.1337891	12.0	6.0	103.888401091	0.0	0.998987615108	-0.0365960039198	0.0261627435684	25.6988761793	1.24596558668	-59.9548034668	-32.5321998596	-23.1676998138	0.49503202902	35.0	5.17999982834	319.690701537	17.0	27.8999996185	0.993658189229	1.0	1
1.0	522.912780762	3.0	2.0	6709.58447266	8.0	2.0	0.0	10.0	0.0	0.0	0.0	0.0	0.0	0.0	0.0	0.0	2.0	6.0	3.90000009537	60.0183993578	3.0	27.8999996185	0.0722495055098	1.0	1
1.0	2959.0378418	6.0	4.0	6640.65966797	11.0	5.0	79.4684014916	0.0	0.0429146327078	0.985964179039	-0.161347463727	2.49202830467	23.0542578166	-25.0311012268	-24.1481513977	15.1724996567	0.640653069229	8.0	1.27999997139	65.139998436	2.0	11.3599996567	0.980208702608	1.0	1
1.0	1824.66101074	2.0	1.0	5670.57470703	2.0	2.0	23.3800001144	0.0	0.998986363411	-0.0365959554911	0.0262105446309	3.95423225008	26.2083317925	-54.0615005493	-23.9596004486	4.15095996857	0.692307814797	8.0	6.46000003815	58.445100598	8.0	27.8999996185	0.392298481838	1.0	1
1.0	2622.76025391	4.0	4.0	4123.57861328	2.0	2.0	23.1600000858	0.0	-0.0429157800972	-0.985954880714	0.161403715611	37.2542956705	1.79007859699	-60.21900177	-12.36784935	-5.68413496017	0.249285296452	12.0	7.28000020981	100.055900335	9.0	19.1800003052	0.996487182001	1.0	1
1.0	972.110717773	4.0	2.0	1573.8840332	2.0	2.0	0.0	10.0	0.0	0.0	0.0	0.0	0.0	0.0	0.0	0.0	2.0	2.0	5.61999988556	10.0288004875	1.0	27.8999996185	0.976559399994	1.0	1
1.0	1072.72595215	3.0	2.0	1467.01196289	3.0	2.0	16.2800006866	0.0	0.0429120846093	0.985953330994	-0.161414414644	2.14473137833	3.46753088965	-33.8174972534	-23.2754993439	18.7527503967	0.253563762689	5.0	10.8599996567	53.539999485	2.0	15.779999733	0.98096748167	1.0	1
1.0	1274.51611328	2.0	2.0	5470.15771484	1.0	1.0	11.3000001907	0.0	0.998986363411	-0.0365959554911	0.0262105446309	3.95423225008	1.20238861052	-54.0615005493	-23.9596004486	4.15095996857	0.692307814797	12.0	5.17999982834	92.5851004645	10.0	27.8999996185	0.335238072273	1.0	1
1.0	3579.90698242	2.0	2.0	3874.28710938	5.0	5.0	38.5400006771	0.0	0.0429120846093	0.985953330994	-0.161414414644	2.14473137833	19.60815111	-33.8174972534	-23.2754993439	18.7527503967	0.253563762689	17.0	6.46000003815	168.100301079	8.0	27.8999996185	0.964503114911	1.0	1
1.0	553.161010742	1.0	1.0	6678.05322266	1.0	1.0	0.0	10.0	0.0	0.0	0.0	0.0	0.0	0.0	0.0	0.0	2.0	2.0	9.81999969482	15.5235996172	0.0	20.7199993134	-1.0	0.0	1
1.0	5865.31835938	5.0	3.0	11975.1474609	8.0	4.0	107.840000153	0.0	-0.00372825213708	-0.980662941933	0.19566886127	0.0	31.6460413653	-28.5990505219	-22.9101486206	15.6863994598	0.171857245075	36.0	3.33999991417	287.392799966	3.0	11.9200000763	0.982167741575	1.0	1
1.0	4620.27050781	4.0	4.0	7251.32373047	7.0	3.0	25.5200009346	0.0	-0.003827808192	-0.980668306351	0.195640012622	26.3266138799	23.2756779655	-56.479598999	-15.4496002197	-6.12498521805	0.797734650923	35.0	3.33999991417	266.354798978	1.0	13.0	0.583642041275	1.0	1
1.0	6666.48828125	6.0	3.0	8373.03027344	9.0	4.0	41.8799996376	0.0	0.999826014042	0.0	0.0186547394842	2.45768215726	8.10457738463	-56.4423980713	-19.5221996307	20.3143501282	0.675529755141	33.0	3.48000001907	222.108401349	4.0	14.4399995804	0.966972636057	1.0	1
1.0	1946.42700195	1.0	1.0	6760.06982422	1.0	1.0	12.5200004578	0.0	-0.00372825213708	-0.980662941933	0.19566886127	1.57744735763	1.57744735763	-44.851650238	-28.5404510498	11.8474006653	0.410138390652	14.0	6.15999984741	101.570000127	0.0	28.8199996948	0.314196821867	1.0	1
1.0	1836.36901855	1.0	1.0	2000.23120117	3.0	2.0	0.0	10.0	0.0	0.0	0.0	0.0	0.0	0.0	0.0	0.0	2.0	11.0	6.09999990463	77.9019993991	0.0	22.9200000763	0.228787770694	1.0	1
1.0	2202.90991211	1.0	1.0	494.486999512	2.0	2.0	0.0	10.0	0.0	0.0	0.0	0.0	0.0	0.0	0.0	0.0	2.0	8.0	5.94000005722	62.2891990463	0.0	22.0599994659	0.135393951071	1.0	1
1.0	492.941986084	1.0	1.0	4263.0234375	1.0	1.0	0.0	10.0	0.0	0.0	0.0	0.0	0.0	0.0	0.0	0.0	2.0	2.0	4.44000005722	22.7600002289	0.0	8.11999988556	-1.0	0.0	1
1.0	3772.31103516	7.0	7.0	8762.51074219	9.0	3.0	95.7199995518	0.0	-0.026526786387	-0.970077395439	0.241342425346	26.8100407846	0.0	-38.2080993652	-35.3670501709	12.0235500336	0.576477923118	8.0	4.15999984741	81.2839995325	2.0	9.0	0.982551934904	1.0	1
1.0	1192.13305664	2.0	1.0	1983.20727539	2.0	1.0	0.0	10.0	0.0	0.0	0.0	0.0	0.0	0.0	0.0	0.0	2.0	2.0	5.48000001907	31.279999733	0.0	8.11999988556	0.026361090704	1.0	1
1.0	3736.85009766	6.0	3.0	4471.37402344	10.0	3.0	10.4400000572	0.0	0.0265243332833	0.970082998276	-0.241320103407	22.4493978474	0.0	-63.0179977417	-19.4358997345	-26.6687507629	0.159222025412	8.0	7.55999994278	57.0033426064	3.0	11.6400003433	0.987254327515	1.0	1
1.0	2525.32592773	2.0	2.0	6782.65722656	2.0	2.0	44.1200008392	0.0	0.0265243742615	0.970085442066	-0.24131038785	13.0586984021	29.410571886	-61.7209014893	-14.5389003754	2.21126508713	0.914220517256	14.0	4.44000005722	150.282400247	6.0	13.5200004578	0.805476843761	1.0	1
1.0	2710.64306641	2.0	1.0	1606.75390625	5.0	4.0	14.6800003052	0.0	0.0265243742615	0.970085442066	-0.24131038785	4.36696300533	13.6886887316	-61.7209014893	-14.5389003754	2.21126508713	0.679115719359	6.0	8.31999969482	76.8000001907	2.0	22.7600002289	0.977347501897	1.0	1
1.0	1902.32995605	5.0	4.0	5697.53613281	1.0	1.0	21.1999998093	0.0	0.993505239487	0.0	0.113786391914	18.9599116744	1.5214204215	-62.7282485962	-13.1227998734	-3.87923502922	0.763651558949	10.0	6.51999998093	110.440000057	5.0	14.8400001526	0.770570033765	1.0	1
1.0	1958.65600586	1.0	1.0	1445.91271973	4.0	2.0	0.0	10.0	0.0	0.0	0.0	0.0	0.0	0.0	0.0	0.0	2.0	3.0	4.44000005722	24.8800001144	0.0	21.3600006104	0.720972967083	1.0	1
1.0	1006.19396973	1.0	1.0	4983.56835938	1.0	1.0	0.0	10.0	0.0	0.0	0.0	0.0	0.0	0.0	0.0	0.0	2.0	2.0	11.8800001144	24.6999995708	0.0	28.8400001526	-1.0	0.0	1
1.0	4135.39257812	6.0	4.0	3565.60253906	9.0	3.0	50.5999994278	0.0	-0.982115030289	0.129117116332	0.13703610003	27.5082180405	31.4495390972	-58.1348495483	-17.4379997253	6.12829017639	0.45123278244	3.0	10.0	38.400001049	0.0	29.3199996948	0.993708760662	1.0	1
1.0	4826.37109375	3.0	2.0	3231.00219727	8.0	4.0	54.6715992689	0.0	-0.982114672661	0.129119470716	0.13703610003	28.8153073853	12.4809462477	-65.5205535889	-27.6296005249	-9.56184959412	0.841189998618	18.0	10.0	185.279999495	3.0	16.1800003052	0.972818090397	1.0	1
1.0	5184.22851562	7.0	3.0	9038.50488281	11.0	5.0	50.413400054	0.0	0.0849857255816	0.953450679779	-0.289325535297	35.6307495235	8.93936006543	-62.3474998474	-40.8152008057	-15.5309505463	0.819990127436	20.0	5.55999994278	175.620000124	11.0	31.7600002289	0.997530146098	1.0	1
1.0	1709.29797363	1.0	1.0	4983.56835938	1.0	1.0	0.0	10.0	0.0	0.0	0.0	0.0	0.0	0.0	0.0	0.0	2.0	6.0	11.8800001144	80.2400000095	0.0	29.3199996948	0.125025873466	1.0	1
1.0	4557.66699219	2.0	2.0	5060.34472656	2.0	2.0	54.173399806	0.0	0.982109308243	-0.129118263721	-0.137075617909	11.3300687129	35.4756109082	-57.5487518311	-17.2882995605	10.5809001923	0.669803628893	24.0	11.8800001144	181.409547329	9.0	33.8600006104	0.992189369113	1.0	1
1.0	1562.83105469	2.0	2.0	3214.64428711	3.0	3.0	1.89160001278	0.0	-0.982114672661	0.129119470716	0.13703610003	2.2551535516	3.52319882798	-65.5205535889	-27.6296005249	-9.56184959412	0.841189998618	12.0	11.8800001144	99.9799983501	2.0	33.8600006104	0.838721076023	1.0	1
1.0	3564.03662109	2.0	2.0	5504.93408203	4.0	4.0	80.571598649	0.0	0.982115030289	-0.129117116332	-0.13703610003	2.46585401731	31.4535522281	-58.1348495483	-17.4379997253	6.12829017639	0.643454641269	20.0	5.51999998093	183.147199392	6.0	33.8600006104	0.975441785483	1.0	1
1.0	1394.75793457	2.0	2.0	4448.22900391	2.0	2.0	1.89160001278	0.0	-0.982114672661	0.129119470716	0.13703610003	2.2551535516	3.52319882798	-65.5205535889	-27.6296005249	-9.56184959412	0.841189998618	19.0	11.8800001144	146.287198305	4.0	20.2600002289	0.345136655231	1.0	1
1.0	750.126953125	1.0	1.0	1367.55908203	2.0	1.0	0.0	10.0	0.0	0.0	0.0	0.0	0.0	0.0	0.0	0.0	2.0	1.0	28.2800006866	0.267199993134	0.0	28.2800006866	0.985572295248	1.0	1
1.0	1337.94995117	1.0	1.0	4243.50976562	1.0	1.0	0.0	10.0	0.0	0.0	0.0	0.0	0.0	0.0	0.0	0.0	2.0	4.0	8.68000030518	51.140001297	2.0	26.7800006866	-1.0	0.0	1
1.0	2252.95507812	4.0	4.0	2506.98266602	9.0	5.0	24.8199996948	0.0	-0.0411629453301	-0.994547128677	0.0958207696676	11.606620741	38.4602570776	-42.754447937	-21.246049881	19.4684505463	0.998848931794	27.0	2.27999997139	155.019201286	10.0	12.6400003433	0.975852278516	1.0	1
1.0	2561.10107422	2.0	2.0	2187.23071289	2.0	1.0	0.0	10.0	0.0	0.0	0.0	0.0	0.0	0.0	0.0	0.0	2.0	14.0	4.21999979019	72.6104002222	8.0	16.6599998474	0.479916977506	1.0	1
1.0	3285.80810547	5.0	4.0	4956.50048828	16.0	6.0	35.5600001812	0.0	0.0412717089057	0.994542658329	-0.0958205386996	6.12189262944	37.2196987072	-38.8245010376	-19.2088508606	23.6478500366	0.556340841047	34.0	2.27999997139	218.692800522	19.0	30.2399997711	0.981920147541	1.0	1
1.0	5087.09619141	3.0	2.0	3787.59936523	2.0	2.0	45.1999993324	0.0	-0.0411629453301	-0.994547128677	0.0958207696676	11.606620741	30.883883414	-42.754447937	-21.246049881	19.4684505463	0.895241835258	48.0	1.36000001431	276.800800759	26.0	30.2399997711	0.976062815708	1.0	1
1.0	3506.93994141	1.0	1.0	2534.50415039	1.0	1.0	0.0	10.0	0.0	0.0	0.0	0.0	0.0	0.0	0.0	0.0	2.0	7.0	1.36000001431	21.1747997701	5.0	11.0200004578	0.312644556905	1.0	1
1.0	2723.04321289	4.0	3.0	5308.44873047	2.0	2.0	36.1123994589	0.0	0.0411629453301	0.994547128677	-0.0958207696676	3.87810496535	31.133306595	-42.754447937	-21.246049881	19.4684505463	0.998848931794	24.0	2.27999997139	160.519199856	14.0	26.7800006866	0.967781171744	1.0	1
1.0	1727.56396484	1.0	1.0	3853.89648438	1.0	1.0	0.0	10.0	0.0	0.0	0.0	0.0	0.0	0.0	0.0	0.0	2.0	7.0	8.68000030518	63.3800008297	5.0	30.1200008392	0.149529948325	1.0	1
1.0	1804.49328613	3.0	3.0	1277.48327637	4.0	3.0	33.1267992258	0.0	0.0411592796445	0.994557619095	-0.0957131162286	3.06088163135	10.5624164422	-48.7588500977	-24.1309509277	15.2685003281	0.30971097183	5.0	5.23999977112	45.6931995004	2.0	11.6199998856	0.970214320917	1.0	1
1.0	964.085021973	1.0	1.0	4309.84521484	1.0	1.0	0.0	10.0	0.0	0.0	0.0	0.0	0.0	0.0	0.0	0.0	2.0	5.0	12.8800001144	58.5399998426	0.0	30.3400001526	-1.0	0.0	1
1.0	4218.76464844	6.0	4.0	3591.0012207	15.0	3.0	33.9200000763	0.0	-0.0289078429341	0.963102042675	-0.2675794065	41.7944537393	0.987291262874	-53.9707489014	-41.0796508789	-12.7052993774	0.472748204608	7.0	2.94000005722	39.400000453	4.0	11.4799995422	0.983655861063	1.0	1
1.0	1121.57226562	3.0	2.0	6685.13427734	10.0	2.0	11.3400001526	0.0	0.0289054382592	-0.963122546673	0.267505884171	0.987287929007	8.91208790524	-58.1586532593	-34.0912017822	-8.85999488831	0.817101135252	7.0	12.8800001144	79.4199999571	1.0	5.32000017166	0.224619702759	1.0	1
1.0	2392.9987793	8.0	2.0	6104.203125	12.0	2.0	0.0	2.57224022832	0.473230570555	-0.847208321095	0.24143512547	11.4871638111	24.7855576607	-56.325050354	-15.4090499878	2.04539012909	0.146047046939	2.0	17.3600006104	21.2800006866	0.0	24.3799991608	0.975717367035	1.0	1
1.0	1231.97302246	1.0	1.0	4241.34716797	1.0	1.0	0.0	10.0	0.0	0.0	0.0	0.0	0.0	0.0	0.0	0.0	2.0	5.0	12.8800001144	58.5399998426	0.0	30.3400001526	0.186323098678	1.0	1
1.0	2261.24194336	4.0	4.0	3603.57055664	4.0	4.0	41.279999733	0.0	-0.0124380672351	0.251080602407	0.967886269093	14.7097204036	5.20840614013	-60.8685493469	-10.8435497284	-7.31387519836	0.958971771786	19.0	4.67999982834	196.965205787	11.0	21.2000007629	0.975163068562	1.0	1
1.0	915.687805176	4.0	4.0	5978.47070312	1.0	1.0	0.0	10.0	0.0	0.0	0.0	0.0	0.0	0.0	0.0	0.0	2.0	17.0	9.84000015259	114.34000133	5.0	22.9400005341	0.751722790577	1.0	1
1.0	2403.23095703	2.0	1.0	1749.9666748	4.0	3.0	0.0	10.0	0.0	0.0	0.0	0.0	0.0	0.0	0.0	0.0	2.0	11.0	4.67999982834	82.0568072781	2.0	8.31999969482	0.972198497112	1.0	1
1.0	2129.88867188	3.0	3.0	4880.06201172	5.0	4.0	40.3400000334	0.0	-0.0289078429341	0.963102042675	-0.2675794065	9.33176226205	0.987291262874	-53.9707489014	-41.0796508789	-12.7052993774	0.472748204608	13.0	1.96000003815	106.164400831	7.0	23.9599990845	0.964394808191	1.0	1
1.0	881.945983887	1.0	1.0	4147.75683594	1.0	1.0	0.0	10.0	0.0	0.0	0.0	0.0	0.0	0.0	0.0	0.0	2.0	4.0	13.8999996185	47.0288002789	1.0	13.8999996185	-1.0	0.0	1
1.0	4635.95410156	4.0	3.0	11544.3896484	8.0	3.0	78.0002012253	0.0	-0.997142314911	0.0	0.0755457505584	7.98016800566	12.6781324476	-62.9782485962	-14.7854995728	-30.4005508423	0.09053061187	33.0	6.30000019073	270.065197974	21.0	29.9400005341	0.971538292672	1.0	1
1.0	881.945983887	1.0	1.0	3781.76098633	1.0	1.0	0.0	10.0	0.0	0.0	0.0	0.0	0.0	0.0	0.0	0.0	2.0	3.0	19.5599994659	38.2288000882	0.0	27.1000003815	0.047541086591	1.0	1
1.0	2922.24536133	3.0	2.0	4614.66748047	10.0	2.0	10.8400001526	3.53778174259	-0.39209356904	0.82503092289	-0.406923353672	21.7399890021	24.323548944	-59.9752006531	-36.7762985229	-11.4011945724	0.779551776385	13.0	12.220000267	71.0495283455	6.0	22.0200004578	0.976918764475	1.0	1
1.0	1252.35400391	2.0	2.0	2895.40307617	1.0	1.0	0.0	10.0	0.0	0.0	0.0	0.0	0.0	0.0	0.0	0.0	2.0	11.0	18.4799995422	88.3023268729	7.0	29.5200004578	0.480278535693	1.0	1
1.0	4966.76025391	3.0	2.0	2347.52587891	5.0	5.0	44.1200008392	0.0	-0.997142314911	0.0	0.0755457505584	6.21512126966	0.927909230944	-62.9782485962	-14.7854995728	-30.4005508423	0.09053061187	24.0	7.73999977112	180.979999542	15.0	29.9400005341	0.964925719997	1.0	1
1.0	1767.67834473	3.0	3.0	4620.26123047	1.0	1.0	26.380200386	0.0	-0.0131471874192	0.976926863194	-0.213169023395	15.8680842233	26.9540409736	-41.0143013	-28.4348487854	20.5476989746	0.721003401674	7.0	12.220000267	64.5384013653	1.0	12.0600004196	0.539791660716	1.0	1
1.0	1433.35400391	1.0	1.0	545.211975098	2.0	1.0	0.0	10.0	0.0	0.0	0.0	0.0	0.0	0.0	0.0	0.0	2.0	1.0	10.5600004196	7.15999984741	1.0	10.5600004196	0.1596520732	1.0	1
1.0	723.661987305	1.0	1.0	4331.05566406	1.0	1.0	0.0	10.0	0.0	0.0	0.0	0.0	0.0	0.0	0.0	0.0	2.0	1.0	17.4799995422	23.1399993896	0.0	17.4799995422	-1.0	0.0	1
1.0	2889.73022461	5.0	5.0	8569.37402344	7.0	2.0	33.4583990574	0.0	0.00924870744348	-0.994014143944	0.108859151602	32.8562189235	22.2097653409	-62.4848480225	-13.7915000916	-1.55379998684	0.541458622062	20.0	1.89999997616	223.598801255	4.0	26.0799999237	0.545335695461	1.0	1
1.0	2550.72998047	4.0	4.0	1781.99987793	3.0	3.0	20.7199997902	0.0	0.994893431664	0.0	-0.100930772722	15.5365934332	1.89273173203	-59.9031982422	-31.3437004089	-17.1308002472	0.549756169215	9.0	4.36000013351	109.239998341	3.0	17.3199996948	0.110291458632	1.0	1
1.0	1796.01196289	1.0	1.0	2976.61865234	2.0	2.0	0.0	10.0	0.0	0.0	0.0	0.0	0.0	0.0	0.0	0.0	2.0	6.0	5.46000003815	65.8199987411	2.0	9.68000030518	0.0998611554647	1.0	1
1.0	1231.36206055	2.0	2.0	3411.82788086	1.0	1.0	0.0	10.0	0.0	0.0	0.0	0.0	0.0	0.0	0.0	0.0	2.0	3.0	1.89999997616	42.4799991846	2.0	26.0799999237	0.329951202754	1.0	1
1.0	967.566040039	1.0	1.0	3629.99731445	1.0	1.0	0.0	10.0	0.0	0.0	0.0	0.0	0.0	0.0	0.0	0.0	2.0	4.0	7.78000020981	29.5799994469	2.0	11.9600000381	-1.0	0.0	1
1.0	3397.17602539	5.0	4.0	8272.12890625	13.0	3.0	86.1491987705	0.0	-0.998337209225	-0.0336517542601	0.0468017756939	1.9113717528	28.4675579854	-49.2723503113	-22.9218482971	7.37548494339	0.929803898635	23.0	4.28000020981	165.105999514	6.0	8.46000003815	0.978795597557	1.0	1
1.0	2541.30786133	3.0	1.0	5112.60546875	9.0	4.0	22.4799997807	0.0	0.998336434364	0.0336565561593	-0.0468149445951	8.37571238053	27.5146096062	-56.46900177	-17.8915500641	-8.1165599823	0.22706819559	15.0	4.01999998093	126.638799161	3.0	12.1999998093	0.859418016588	1.0	1
1.0	3404.9621582	5.0	3.0	7314.08789062	14.0	4.0	28.0599999428	0.0	-0.998336434364	-0.0336548797786	0.0468155629933	30.1500467648	5.55892853741	-56.3652000427	-17.3418502808	-5.01309967041	0.375036440713	22.0	4.01999998093	176.136799172	8.0	17.7999992371	0.999790425165	1.0	1
1.0	1853.95495605	1.0	1.0	2460.00854492	2.0	2.0	0.0	10.0	0.0	0.0	0.0	0.0	0.0	0.0	0.0	0.0	2.0	14.0	3.16000008583	75.6531993747	2.0	11.9600000381	0.616800278147	1.0	1
1.0	2989.91088867	2.0	2.0	2898.13574219	2.0	2.0	47.4091995955	0.0	-0.998336434364	-0.0336565561593	0.0468149445951	19.6025787218	8.37571238053	-56.46900177	-17.8915500641	-8.1165599823	0.22706819559	28.0	3.16000008583	198.403598577	16.0	23.6399993896	0.982506191225	1.0	1
1.0	2810.3059082	3.0	3.0	3553.07324219	1.0	1.0	33.5999999046	0.0	0.998331546783	0.033749114722	-0.0468526445329	25.4087401399	0.0	-62.1445007324	-11.5916004181	-11.0163497925	0.484907892611	22.0	4.01999998093	159.157599539	8.0	17.6200008392	0.741612412607	1.0	1
1.0	1781.0020752	2.0	2.0	2130.08520508	4.0	3.0	0.0	10.0	0.0	0.0	0.0	0.0	0.0	0.0	0.0	0.0	2.0	16.0	3.16000008583	100.573199451	6.0	17.6200008392	0.99227774183	1.0	1
1.0	967.566040039	1.0	1.0	4269.78222656	1.0	1.0	8.97999989986	0.0	-0.0472525507212	0.972096085548	-0.229774609208	3.28700863737	3.31973089982	-53.4865493774	-16.6356010437	1.18371498585	0.256243551343	5.0	7.78000020981	39.7999997139	3.0	11.9600000381	0.208283809466	1.0	1
1.0	1050.64794922	2.0	1.0	494.890014648	1.0	1.0	0.0	10.0	0.0	0.0	0.0	0.0	0.0	0.0	0.0	0.0	2.0	1.0	22.2999992371	16.1000003815	0.0	22.2999992371	0.991732037514	1.0	1
1.0	637.387023926	1.0	1.0	2318.14819336	2.0	1.0	0.0	10.0	0.0	0.0	0.0	0.0	0.0	0.0	0.0	0.0	2.0	2.0	19.9799995422	17.0931997299	0.0	23.0599994659	-1.0	0.0	1
1.0	813.31439209	1.0	0.0	733.478149414	3.0	0.0	0.0	10.0	0.0	0.0	0.0	0.0	0.0	0.0	0.0	0.0	2.0	0.0	0.0	0.0	0.0	0.0	0.481181050881	1.0	1
1.0	842.16998291	1.0	1.0	2728.77929688	2.0	1.0	0.0	10.0	0.0	0.0	0.0	0.0	0.0	0.0	0.0	0.0	2.0	4.0	19.9799995422	41.2623988986	2.0	29.8600006104	0.404613226532	1.0	1
1.0	1826.55480957	5.0	0.0	629.370239258	7.0	0.0	0.0	10.0	0.0	0.0	0.0	0.0	0.0	0.0	0.0	0.0	2.0	0.0	0.0	0.0	0.0	0.0	0.481181050881	1.0	1
1.0	3160.20410156	2.0	2.0	1999.59570312	2.0	1.0	16.9675998688	0.0	-0.993543028831	-0.113422557712	-0.00275293341838	21.9241430095	1.98728003433	-61.0275001526	-15.9924497604	-17.7822494507	0.842812837168	4.0	10.5600004196	41.5331997871	1.0	18.4400005341	0.651121654955	1.0	1
1.0	734.880432129	2.0	2.0	2441.14892578	3.0	2.0	11.2399997711	0.0	0.993542969227	0.113423392177	0.00274446280673	2.04072336522	0.0	-58.9412002563	-14.6516494751	-6.48719501495	0.727672510157	4.0	7.26000022888	36.1931996346	0.0	23.0599994659	0.104520871973	1.0	1
1.0	788.20324707	4.0	4.0	2600.55175781	2.0	1.0	26.3599996567	0.0	-0.993542969227	-0.113423392177	-0.00274446280673	8.61508060361	2.04072336522	-58.9412002563	-14.6516494751	-6.48719501495	0.727672510157	7.0	7.26000022888	59.782399416	0.0	28.2600002289	0.242995378529	1.0	1
1.0	645.367004395	1.0	1.0	5096.50585938	1.0	1.0	0.0	10.0	0.0	0.0	0.0	0.0	0.0	0.0	0.0	0.0	2.0	5.0	4.19999980927	39.9799997807	0.0	16.1800003052	-1.0	0.0	1
1.0	4253.77099609	3.0	2.0	2413.87768555	8.0	3.0	3.29999995232	0.0	-0.992688179016	0.0704840421677	0.0979906022549	29.5472299136	6.89601605756	-56.134147644	-23.2530002594	-2.09656500816	0.959056954813	14.0	4.19999980927	110.535200074	1.0	17.3799991608	0.997558164256	1.0	1
1.0	4110.07519531	5.0	4.0	9505.13964844	13.0	3.0	88.1199977398	0.0	-0.992688179016	0.0704840421677	0.0979906022549	17.1174800265	23.5192941236	-56.134147644	-23.2530002594	-2.09656500816	0.372857300822	18.0	4.19999980927	188.180000067	3.0	20.2199993134	0.857917053314	1.0	1
1.0	5545.82714844	5.0	4.0	8260.56347656	13.0	4.0	114.059998989	0.0	-0.0588535480201	-0.984733760357	0.163815841079	1.8169786286	28.6747027226	-35.6820487976	-26.0929489136	17.091999054	0.545214336168	26.0	3.29999995232	232.523597702	5.0	17.3799991608	0.974881222843	1.0	1
1.0	1214.05407715	3.0	2.0	5212.53955078	2.0	2.0	13.1199998856	0.0	-0.0587443336844	-0.984743058681	0.163799181581	19.5807181253	7.6492581197	-64.1175003052	-34.6211013794	-14.3905000687	0.513356165019	8.0	4.19999980927	69.4999992847	1.0	5.07999992371	0.413555329225	1.0	1
1.0	480.791992188	2.0	2.0	5140.90332031	2.0	2.0	3.29999995232	0.0	-0.992688179016	0.0704840421677	0.0979906022549	2.09232206273	18.6621440674	-56.134147644	-23.2530002594	-2.09656500816	0.959056954813	14.0	4.19999980927	117.97519803	1.0	17.3799991608	0.246203331809	1.0	1
1.0	4964.26611328	2.0	2.0	3150.55322266	3.0	3.0	39.6199996471	0.0	-0.0588535480201	-0.984733760357	0.163815841079	1.8169786286	28.6747027226	-35.6820487976	-26.0929489136	17.091999054	0.545214336168	25.0	4.19999980927	188.897598654	4.0	16.4400005341	0.549030179466	1.0	1
1.0	871.227661133	1.0	1.0	4479.50146484	1.0	1.0	0.0	10.0	0.0	0.0	0.0	0.0	0.0	0.0	0.0	0.0	2.0	10.0	12.0399999619	68.7467998266	0.0	30.6800003052	-1.0	0.0	2
1.0	871.227661133	1.0	1.0	1868.75622559	3.0	2.0	6.73999977112	3.61865995358	0.184952095151	-0.866753160954	0.463175654411	4.19133737853	0.0	-63.5833473206	-30.5528488159	-7.13121986389	0.564303646325	5.0	13.0200004578	29.3068000078	0.0	17.7399997711	0.043888985283	1.0	2
1.0	1720.6875	3.0	2.0	4603.55761719	2.0	2.0	20.0	0.0	-0.0584627240896	-0.987315177917	0.14761723578	14.8688238307	4.18400820783	-59.5246963501	-22.1119995117	-4.79317998886	0.219654324533	15.0	4.53999996185	91.0615999103	0.0	30.6800003052	0.327797602584	1.0	2
1.0	1557.76757812	1.0	1.0	2400.8762207	2.0	1.0	0.0	10.0	0.0	0.0	0.0	0.0	0.0	0.0	0.0	0.0	2.0	12.0	12.0399999619	103.449600935	0.0	31.5400009155	0.216123725834	1.0	2
1.0	772.434448242	1.0	1.0	2826.88916016	2.0	2.0	2.25999999046	0.0	-0.0583500824869	-0.987312138081	0.147681996226	2.37376886531	1.77431824923	-63.8521499634	-24.6744003296	-11.7308998108	0.145459007954	10.0	8.89999961853	73.5600001812	0.0	30.6800003052	0.0109788583999	1.0	2
1.0	926.951965332	1.0	1.0	5034.56787109	1.0	1.0	0.0	10.0	0.0	0.0	0.0	0.0	0.0	0.0	0.0	0.0	2.0	7.0	14.0399999619	48.2400012016	1.0	14.0399999619	-1.0	0.0	2
1.0	3429.8203125	3.0	3.0	6332.31738281	3.0	3.0	43.5400004387	0.0	-0.104938909411	-0.992567002773	-0.0616323053837	35.0961782614	9.70239849483	-56.5209999084	-33.917098999	-4.52690029144	0.255118390905	30.0	8.43999958038	269.201599464	12.0	29.2999992371	0.981374122449	1.0	2
1.0	182.32699585	1.0	1.0	3366.22558594	4.0	2.0	0.0	10.0	0.0	0.0	0.0	0.0	0.0	0.0	0.0	0.0	2.0	3.0	22.0	22.7999997139	0.0	28.0599994659	0.00659170438165	1.0	2
1.0	379.028991699	1.0	1.0	5448.58642578	1.0	1.0	0.0	0.0	0.105048164725	0.992555737495	0.0616279616952	2.06076762981	0.992892321475	-54.6561508179	-26.2154502869	-2.21308517456	0.689413591604	6.0	14.0399999619	60.816400528	1.0	14.0399999619	0.00659170438165	1.0	2
1.0	2667.703125	3.0	2.0	446.759094238	3.0	2.0	0.0	10.0	0.0	0.0	0.0	0.0	0.0	0.0	0.0	0.0	2.0	4.0	27.6399993896	25.1823996007	0.0	34.8600006104	0.967398118831	1.0	2
1.0	1478.95605469	2.0	2.0	5651.27441406	1.0	1.0	0.0	10.0	0.0	0.0	0.0	0.0	0.0	0.0	0.0	0.0	2.0	15.0	14.0399999619	138.100001335	3.0	18.3999996185	0.150460430015	1.0	2
1.0	3955.36206055	3.0	3.0	2115.40869141	3.0	3.0	27.0600004196	0.0	0.104938909411	0.992567002773	0.0616323053837	35.4592172765	0.0	-56.5209999084	-33.917098999	-4.52690029144	0.255118390905	18.0	8.43999958038	165.820799142	5.0	34.8600006104	0.972462409132	1.0	2
1.0	1120.6640625	2.0	1.0	1004.12133789	3.0	2.0	0.0	10.0	0.0	0.0	0.0	0.0	0.0	0.0	0.0	0.0	2.0	3.0	27.0200004578	36.9200005531	0.0	29.9200000763	0.988522822984	1.0	2
1.0	1122.63098145	1.0	1.0	4013.50463867	1.0	1.0	0.0	10.0	0.0	0.0	0.0	0.0	0.0	0.0	0.0	0.0	2.0	4.0	12.3599996567	39.6200006008	0.0	23.5400009155	-1.0	0.0	2
1.0	2552.59960938	2.0	2.0	2583.53588867	2.0	2.0	14.0399999619	0.0	0.999348342419	-0.0346073023975	-0.0102569768205	3.89651517592	0.0	-63.2607002258	-22.380399704	-18.6313514709	0.685974699719	12.0	11.4600000381	105.600001454	0.0	29.1000003815	0.13107747525	1.0	2
1.0	3143.17993164	2.0	1.0	6110.68798828	2.0	2.0	28.240000248	0.0	0.999344646931	-0.034697342664	-0.0103109544143	2.10115142114	22.9393559294	-56.2271003723	-20.122051239	2.59024000168	0.074018320377	15.0	1.77999997139	122.799999595	3.0	17.2399997711	0.856167222001	1.0	2
1.0	1083.97094727	1.0	1.0	1644.50756836	2.0	2.0	0.0	10.0	0.0	0.0	0.0	0.0	0.0	0.0	0.0	0.0	2.0	8.0	12.3000001907	76.1399986744	2.0	17.2399997711	0.257726857817	1.0	2
1.0	2528.06762695	1.0	1.0	2231.99389648	2.0	2.0	1.77999997139	0.0	0.0334207415581	0.984700858593	-0.171018391848	3.56769864028	6.21457025036	-56.7609481812	-18.7700004578	0.554271996021	0.492355404701	14.0	3.5	125.690001369	0.0	29.1000003815	0.257726866721	1.0	2
1.0	289.802001953	1.0	1.0	5474.66357422	1.0	1.0	5.84000015259	1.0087170349	0.0461897961795	0.993749797344	-0.101625710726	5.46995803301	2.8616222845	-56.054397583	-23.3057003021	-4.68887519836	0.741329129181	3.0	5.17999982834	11.8000003099	3.0	5.98000001907	-1.0	0.0	2
1.0	762.374572754	2.0	1.0	6586.44091797	1.0	1.0	3.79999995232	2.31667435688	0.628190040588	0.590012550354	0.507210493088	8.30577124562	19.169463956	-33.7933502197	-16.1658000946	17.313999176	0.416817016355	6.0	7.15999984741	38.2919995487	3.0	12.5200004578	0.362435701401	1.0	2
1.0	1718.98022461	3.0	1.0	1365.85192871	1.0	1.0	0.0	10.0	0.0	0.0	0.0	0.0	0.0	0.0	0.0	0.0	2.0	2.0	22.1000003815	3.60400000215	0.0	22.3999996185	0.988672270922	1.0	2
1.0	3006.64111328	3.0	1.0	5400.04443359	2.0	1.0	53.8824000359	0.0	0.0461861081421	0.993751108646	-0.101615056396	3.26206444659	19.169463956	-32.1310997009	-15.0881004333	18.7267990112	0.937568178395	20.0	6.69999980927	204.260399729	9.0	16.3999996185	0.944955180855	1.0	2
1.0	3696.90869141	2.0	2.0	3236.70507812	5.0	4.0	41.9200011492	0.0	-0.0461898483336	-0.993750929832	0.101615041494	6.63648096706	26.1020978393	-36.74659729	-19.1056003571	17.4739990234	0.0558350944629	15.0	5.17999982834	107.851999611	8.0	16.3999996185	0.994626834913	1.0	2
1.0	2096.671875	1.0	1.0	3299.96313477	2.0	2.0	5.84000015259	1.0087170349	0.0461897961795	0.993749797344	-0.101625710726	10.3809901703	2.8616222845	-56.054397583	-23.3057003021	-4.68887519836	0.741329129181	13.0	5.17999982834	116.162800252	3.0	9.18000030518	0.0789370348382	1.0	2
1.0	2740.51806641	2.0	1.0	4937.23779297	1.0	1.0	22.1000008583	0.0	0.0461898483336	0.993750929832	-0.101615041494	2.07942608335	25.3960766756	-36.74659729	-19.1056003571	17.4739990234	0.0558350944629	18.0	5.98000001907	181.9819998	11.0	16.3999996185	0.980065564536	1.0	2
1.0	3997.23974609	3.0	2.0	4256.56640625	2.0	2.0	27.3599998951	0.0	0.0461861081421	0.993751108646	-0.101615056396	8.27470236493	19.169463956	-32.1310997009	-15.0881004333	18.7267990112	0.937568178395	23.0	5.17999982834	215.264800295	11.0	16.3999996185	0.940862205885	1.0	2
1.0	1122.36047363	1.0	1.0	4244.71630859	1.0	1.0	0.0	10.0	0.0	0.0	0.0	0.0	0.0	0.0	0.0	0.0	2.0	3.0	13.1599998474	48.4400005341	1.0	32.0400009155	-1.0	0.0	2
1.0	2567.77490234	4.0	3.0	7239.12207031	2.0	2.0	9.15999984741	0.0	-0.994936048985	0.0	0.100510232151	9.21790720196	1.81847438018	-59.7453994751	-16.3104000092	5.45586013794	0.81194207681	29.0	4.38000011444	264.38119828	9.0	32.0400009155	0.977050230298	1.0	2
1.0	1462.6484375	1.0	1.0	5027.90039062	1.0	1.0	0.0	10.0	0.0	0.0	0.0	0.0	0.0	0.0	0.0	0.0	2.0	8.0	13.1599998474	95.7000002861	6.0	32.0400009155	0.0513707413098	1.0	2
1.0	3312.78295898	2.0	1.0	6990.21386719	2.0	2.0	9.15999984741	0.0	-0.994936048985	0.0	0.100510232151	9.21790720196	1.81847438018	-59.7453994751	-16.3104000092	5.45586013794	0.81194207681	24.0	8.89999961853	197.981197111	7.0	28.9400005341	0.972198537898	1.0	2
1.0	1755.91796875	2.0	1.0	4200.68457031	2.0	2.0	0.0	10.0	0.0	0.0	0.0	0.0	0.0	0.0	0.0	0.0	2.0	4.0	13.1599998474	60.220000267	1.0	32.0400009155	0.486372971511	1.0	2
1.0	1710.78088379	3.0	2.0	2114.01953125	3.0	2.0	0.0	10.0	0.0	0.0	0.0	0.0	0.0	0.0	0.0	0.0	2.0	12.0	4.38000011444	83.0800011158	4.0	22.2800006866	0.158610050542	1.0	2
1.0	3541.88061523	2.0	1.0	4882.2421875	3.0	3.0	0.0	10.0	0.0	0.0	0.0	0.0	0.0	0.0	0.0	0.0	2.0	12.0	7.92000007629	137.799999833	6.0	33.1599998474	0.970917370846	1.0	2
1.0	2491.87036133	1.0	1.0	2744.7734375	1.0	1.0	0.0	10.0	0.0	0.0	0.0	0.0	0.0	0.0	0.0	0.0	2.0	9.0	13.1599998474	80.5399993658	2.0	22.2800006866	0.0741317057405	1.0	2
1.0	824.208984375	1.0	1.0	4734.81542969	1.0	1.0	0.0	10.0	0.0	0.0	0.0	0.0	0.0	0.0	0.0	0.0	2.0	3.0	6.46000003815	22.5444000289	3.0	27.8999996185	-1.0	0.0	2
1.0	4000.02929688	3.0	3.0	4938.31689453	3.0	3.0	35.9799995422	0.0	0.998987615108	-0.0365960039198	0.0261627435684	25.6988761793	1.24596558668	-59.9548034668	-32.5321998596	-23.1676998138	0.49503202902	24.0	3.90000009537	207.799099803	13.0	27.8999996185	0.997693043542	1.0	2
1.0	1995.65795898	2.0	1.0	4716.50097656	1.0	1.0	9.30000019073	0.0	0.0429157800972	0.985954880714	-0.161403715611	1.79007859699	0.0	-60.21900177	-12.36784935	-5.68413496017	0.249285296452	2.0	6.46000003815	10.8356001899	2.0	7.67999982834	0.925369034968	1.0	2
1.0	3448.00537109	2.0	1.0	1843.1739502	2.0	1.0	17.8000001907	0.0	0.998986363411	-0.0365959554911	0.0262105446309	3.95423225008	11.4883615591	-54.0615005493	-23.9596004486	4.15095996857	0.692307814797	7.0	8.22000026703	69.1352012157	3.0	19.1800003052	0.975308121762	1.0	2
1.0	1245.09594727	2.0	1.0	5117.12353516	1.0	1.0	0.0	10.0	0.0	0.0	0.0	0.0	0.0	0.0	0.0	0.0	2.0	3.0	6.46000003815	22.5444000289	3.0	27.8999996185	0.0787913442487	1.0	2
1.0	3252.4777832	2.0	2.0	3704.10327148	5.0	5.0	63.3600006104	0.0	0.0429124645889	0.985950827599	-0.161429360509	5.27977341928	18.5860379227	-33.7658996582	-22.0899505615	18.5586509705	0.394514354336	20.0	5.61999988556	221.224400096	8.0	27.8999996185	0.972246713472	1.0	2
1.0	1032.53796387	2.0	2.0	4979.88964844	1.0	1.0	0.0	10.0	0.0	0.0	0.0	0.0	0.0	0.0	0.0	0.0	2.0	6.0	6.46000003815	55.1643989608	7.0	27.8999996185	0.590020487961	1.0	2
1.0	1568.23291016	3.0	1.0	1514.23596191	2.0	1.0	0.0	10.0	0.0	0.0	0.0	0.0	0.0	0.0	0.0	0.0	2.0	1.0	27.8999996185	0.508800029755	1.0	27.8999996185	0.96495906812	1.0	2
1.0	939.016967773	2.0	1.0	1740.27209473	3.0	1.0	0.0	10.0	0.0	0.0	0.0	0.0	0.0	0.0	0.0	0.0	2.0	1.0	22.1599998474	22.0	1.0	22.1599998474	0.540825943113	1.0	2
1.0	2580.85400391	4.0	4.0	4028.96533203	2.0	2.0	48.4200005531	0.0	0.998987615108	-0.0365960039198	0.0261627435684	25.6988761793	1.24596558668	-59.9548034668	-32.5321998596	-23.1676998138	0.49503202902	18.0	5.17999982834	203.155200481	14.0	25.3600006104	0.999388780154	1.0	2
1.0	553.161010742	1.0	1.0	6678.05322266	1.0	1.0	0.0	10.0	0.0	0.0	0.0	0.0	0.0	0.0	0.0	0.0	2.0	2.0	9.81999969482	15.5235996172	0.0	20.7199993134	0.481181050881	0.0	2
1.0	881.958007812	1.0	1.0	586.490966797	1.0	1.0	0.0	10.0	0.0	0.0	0.0	0.0	0.0	0.0	0.0	0.0	2.0	4.0	6.15999984741	28.573199749	0.0	11.4399995804	0.0087888236796	1.0	2
1.0	1130.63598633	1.0	1.0	1566.76098633	1.0	1.0	0.0	10.0	0.0	0.0	0.0	0.0	0.0	0.0	0.0	0.0	2.0	12.0	4.38000011444	93.7571995775	0.0	16.7000007629	0.144011407862	1.0	2
1.0	1435.37097168	1.0	1.0	1100.77893066	1.0	1.0	12.5200004578	0.0	0.00372825213708	0.980662941933	-0.19566886127	1.57744735763	1.57744735763	-44.851650238	-28.5404510498	11.8474006653	0.410138390652	8.0	5.23999977112	72.4531998634	0.0	12.4399995804	0.0087888236796	1.0	2
1.0	457.743988037	1.0	1.0	1814.98693848	1.0	1.0	0.0	10.0	0.0	0.0	0.0	0.0	0.0	0.0	0.0	0.0	2.0	6.0	4.38000011444	43.0331997871	0.0	10.1400003433	0.0087888236796	1.0	2
1.0	492.941986084	1.0	1.0	4263.0234375	1.0	1.0	0.0	10.0	0.0	0.0	0.0	0.0	0.0	0.0	0.0	0.0	2.0	2.0	4.44000005722	22.7600002289	0.0	8.11999988556	-1.0	0.0	2
1.0	3240.04174805	2.0	2.0	5941.34277344	2.0	2.0	44.7600007057	0.0	0.993505239487	0.0	0.113786391914	5.06531408872	27.3925417416	-57.319152832	-20.3616008759	7.92776489258	0.360335820332	18.0	5.48000001907	175.762398835	6.0	14.8400001526	0.970229479034	1.0	2
1.0	898.305969238	2.0	1.0	1381.88928223	3.0	2.0	0.0	10.0	0.0	0.0	0.0	0.0	0.0	0.0	0.0	0.0	2.0	2.0	13.4399995804	13.0799999237	1.0	14.8400001526	0.144011364086	1.0	2
1.0	220.81300354	1.0	1.0	820.809326172	3.0	1.0	0.0	10.0	0.0	0.0	0.0	0.0	0.0	0.0	0.0	0.0	2.0	1.0	12.8400001526	12.8400001526	0.0	12.8400001526	0.969047010645	1.0	2
1.0	1742.57104492	1.0	1.0	1098.77099609	3.0	1.0	0.0	10.0	0.0	0.0	0.0	0.0	0.0	0.0	0.0	0.0	2.0	2.0	4.44000005722	22.7600002289	0.0	8.11999988556	0.910304285459	1.0	2
1.0	1509.49902344	3.0	2.0	1155.36328125	2.0	1.0	0.0	10.0	0.0	0.0	0.0	0.0	0.0	0.0	0.0	0.0	2.0	2.0	8.68000030518	28.7999992371	0.0	8.76000022888	0.99412439949	1.0	2
1.0	598.135009766	2.0	2.0	4950.94335938	2.0	2.0	10.0399999619	1.02006370701	0.026524335146	0.970083117485	-0.241319671273	3.72005977364	4.18586470793	-63.3216018677	-14.6368999481	-3.56579995155	0.967926656087	6.0	4.44000005722	41.720000267	1.0	14.8400001526	0.257726857817	1.0	2
1.0	3431.93701172	3.0	3.0	5771.98046875	2.0	2.0	46.7999997139	0.0	0.0265243742615	0.970085442066	-0.24131038785	13.0586984021	29.3209591253	-61.7209014893	-14.5389003754	2.21126508713	0.914220517256	21.0	4.44000005722	233.959999323	9.0	22.7600002289	0.970613616065	1.0	2
1.0	2014.70007324	1.0	1.0	1619.57397461	3.0	2.0	0.0	10.0	0.0	0.0	0.0	0.0	0.0	0.0	0.0	0.0	2.0	6.0	6.51999998093	52.4800004959	5.0	22.7600002289	0.651460745501	1.0	2
1.0	2326.90600586	3.0	3.0	1985.60400391	3.0	2.0	33.8800001144	0.0	-0.0265243742615	-0.970085442066	0.24131038785	5.35825378807	9.31102109829	-61.7209014893	-14.5389003754	2.21126508713	0.679115719359	7.0	6.51999998093	60.4800004959	4.0	10.2399997711	0.966541729547	1.0	2
1.0	1006.19396973	1.0	1.0	4983.56835938	1.0	1.0	0.0	10.0	0.0	0.0	0.0	0.0	0.0	0.0	0.0	0.0	2.0	2.0	11.8800001144	24.6999995708	0.0	28.8400001526	-1.0	0.0	2
1.0	3478.19165039	2.0	2.0	4910.01171875	3.0	3.0	70.0399997234	0.0	0.982109308243	-0.129118263721	-0.137075617909	11.3300687129	35.4756109082	-57.5487518311	-17.2882995605	10.5809001923	0.669803628893	14.0	10.0	145.280002117	9.0	31.7600002289	0.99568068945	1.0	2
1.0	2518.18847656	1.0	1.0	7150.73974609	1.0	1.0	24.6199998856	0.0	0.982115030289	-0.129117116332	-0.13703610003	2.46585401731	17.6833254551	-58.1348495483	-17.4379997253	6.12829017639	0.643454641269	4.0	10.0	51.8799993992	0.0	28.8400001526	0.922465742891	1.0	2
1.0	3677.70263672	3.0	3.0	1475.97912598	3.0	3.0	41.5999994278	0.0	-0.982115030289	0.129117116332	0.13703610003	14.4818020928	17.6526930425	-58.1348495483	-17.4379997253	6.12829017639	0.45123278244	8.0	10.0	85.1423501968	0.0	32.4399986267	0.969918467682	1.0	2
1.0	583.199829102	3.0	1.0	4405.25585938	1.0	1.0	0.0	10.0	0.0	0.0	0.0	0.0	0.0	0.0	0.0	0.0	2.0	4.0	20.1200008392	39.2623496056	0.0	27.3600006104	0.045671306581	1.0	2
1.0	3041.4387207	3.0	3.0	3121.05664062	7.0	4.0	42.3599994183	1.19708394948	0.749528408051	0.588892579079	-0.302345365286	10.275319897	14.0163993252	-66.2401504517	-26.6383514404	-8.18613529205	0.802872920404	5.0	19.4799995422	67.4000020027	2.0	21.8400001526	0.995268249613	1.0	2
1.0	1756.95166016	2.0	1.0	4756.34423828	1.0	1.0	0.0	10.0	0.0	0.0	0.0	0.0	0.0	0.0	0.0	0.0	2.0	1.0	28.8400001526	21.8999996185	0.0	28.8400001526	0.329950858565	1.0	2
1.0	2723.41894531	2.0	2.0	2784.40014648	4.0	2.0	52.2817997932	0.0	0.982109308243	-0.129118263721	-0.137075617909	11.3300687129	35.4756109082	-57.5487518311	-17.2882995605	10.5809001923	0.669803628893	1.0	21.8400001526	16.9400005341	2.0	21.8400001526	0.986212413174	1.0	2
1.0	1754.24084473	4.0	4.0	5162.95556641	3.0	3.0	49.5515991449	0.0	0.982115030289	-0.129117116332	-0.13703610003	2.46585401731	14.4818020928	-58.1348495483	-17.4379997253	6.12829017639	0.643454641269	11.0	5.51999998093	92.2999999523	4.0	19.4799995422	0.583931928323	1.0	2
1.0	3570.22265625	2.0	2.0	2965.24682617	5.0	4.0	35.2734004259	0.0	0.0849857255816	0.953450679779	-0.289325535297	11.319663741	8.93936006543	-62.3474998474	-40.8152008057	-15.5309505463	0.819990127436	14.0	5.55999994278	106.420000792	8.0	20.2600002289	0.984730516224	1.0	2
1.0	1337.94995117	1.0	1.0	4243.50976562	1.0	1.0	0.0	10.0	0.0	0.0	0.0	0.0	0.0	0.0	0.0	0.0	2.0	4.0	8.68000030518	51.140001297	2.0	26.7800006866	-1.0	0.0	2
1.0	1862.04125977	3.0	1.0	654.023010254	2.0	1.0	0.0	10.0	0.0	0.0	0.0	0.0	0.0	0.0	0.0	0.0	2.0	1.0	9.57999992371	14.0799999237	1.0	9.57999992371	0.841831999662	1.0	2
1.0	2067.95898438	3.0	3.0	1654.93530273	3.0	2.0	0.0	10.0	0.0	0.0	0.0	0.0	0.0	0.0	0.0	0.0	2.0	6.0	8.68000030518	61.6504013762	6.0	30.2399997711	0.516546962313	1.0	2
1.0	4076.82348633	6.0	3.0	4025.4987793	2.0	2.0	0.0	10.0	0.0	0.0	0.0	0.0	0.0	0.0	0.0	0.0	2.0	27.0	2.27999997139	185.785199508	14.0	30.1200008392	0.976683512716	1.0	2
1.0	3367.80175781	2.0	2.0	4590.01464844	2.0	2.0	49.3399991989	0.0	-0.0411629453301	-0.994547128677	0.0958207696676	3.54980002118	29.0235087542	-42.754447937	-21.246049881	19.4684505463	0.895241835258	31.0	3.88000011444	222.625599757	15.0	28.2399997711	0.985358825259	1.0	2
1.0	1592.0645752	2.0	2.0	2262.63964844	1.0	1.0	0.0	10.0	0.0	0.0	0.0	0.0	0.0	0.0	0.0	0.0	2.0	9.0	4.34000015259	49.6363999546	7.0	30.2399997711	0.926156144305	1.0	2
1.0	2545.60595703	2.0	1.0	1247.1328125	5.0	3.0	7.41240012646	0.0	0.0411592796445	0.994557619095	-0.0957131162286	4.11901632839	11.2839308518	-48.7588500977	-24.1309509277	15.2685003281	0.30971097183	27.0	2.27999997139	178.354798671	15.0	19.1000003815	0.994402113087	1.0	2
1.0	964.085021973	1.0	1.0	4309.84521484	1.0	1.0	0.0	10.0	0.0	0.0	0.0	0.0	0.0	0.0	0.0	0.0	2.0	5.0	12.8800001144	58.5399998426	0.0	30.3400001526	-1.0	0.0	2
1.0	3047.76879883	3.0	2.0	1261.01281738	3.0	2.0	9.61999988556	3.13994746705	0.0288461986929	-0.963118970394	0.267525285482	2.7909932386	1.71877421601	-59.7023010254	-16.6870002747	-6.40732479095	0.575617587256	6.0	12.8800001144	52.3799995184	0.0	30.2999992371	0.987968272974	1.0	2
1.0	694.611022949	2.0	2.0	1503.91992188	4.0	3.0	6.73999977112	0.0	-0.0124380672351	0.251080602407	0.967886269093	1.39542864433	5.20840614013	-60.8685493469	-10.8435497284	-7.31387519836	0.958971771786	4.0	11.0600004196	39.5199995041	2.0	18.4400005341	0.450713541569	1.0	2
1.0	2717.30322266	5.0	4.0	3014.13793945	3.0	3.0	30.1143996716	0.0	-0.0289078429341	0.963102042675	-0.2675794065	9.33176226205	0.987291262874	-53.9707489014	-41.0796508789	-12.7052993774	0.472748204608	14.0	1.96000003815	110.080001593	6.0	21.5799999237	0.977814962409	1.0	2
1.0	2338.58081055	4.0	3.0	5917.82763672	2.0	2.0	14.0399998426	0.0	-0.0124380672351	0.251080602407	0.967886269093	1.39542864433	2.98221568336	-60.8685493469	-10.8435497284	-7.31387519836	0.958971771786	11.0	3.11999988556	84.0052008927	3.0	11.0600004196	0.851765326962	1.0	2
1.0	4366.22558594	3.0	2.0	5183.89453125	2.0	2.0	7.65440011024	0.0	-0.0289053656161	0.963120162487	-0.267514556646	18.4529347268	0.0	-54.5790481567	-23.5450000763	-0.0547693483531	0.140922177108	37.0	1.96000003815	259.974406137	14.0	28.6800003052	0.990304808429	1.0	2
1.0	269.544006348	2.0	1.0	1431.40124512	3.0	2.0	0.0	10.0	0.0	0.0	0.0	0.0	0.0	0.0	0.0	0.0	2.0	3.0	12.4600000381	11.0400004387	2.0	21.5799999237	0.262233799183	1.0	2
1.0	3467.67773438	4.0	3.0	4597.20996094	2.0	2.0	10.2600001097	0.0	0.0289053656161	-0.963120162487	0.267514556646	16.9248932973	10.3671934542	-54.5790481567	-23.5450000763	-0.0547693483531	0.140922177108	22.0	4.67999982834	162.399606822	12.0	21.5200004578	0.973721997156	1.0	2
1.0	3007.56396484	3.0	2.0	296.87109375	4.0	2.0	33.0399999619	0.0	-0.0289078429341	0.963102042675	-0.2675794065	9.33176226205	0.987291262874	-53.9707489014	-41.0796508789	-12.7052993774	0.472748204608	3.0	8.72000026703	20.1000003815	2.0	8.72000026703	0.884035877536	1.0	2
1.0	88.807800293	1.0	0.0	152.044204712	2.0	0.0	0.0	10.0	0.0	0.0	0.0	0.0	0.0	0.0	0.0	0.0	2.0	0.0	0.0	0.0	0.0	0.0	0.481181050881	1.0	2
1.0	881.945983887	1.0	1.0	4147.75683594	1.0	1.0	0.0	10.0	0.0	0.0	0.0	0.0	0.0	0.0	0.0	0.0	2.0	4.0	13.8999996185	47.0288002789	1.0	13.8999996185	-1.0	0.0	2
1.0	2091.75292969	2.0	2.0	2552.54101562	1.0	1.0	0.0	10.0	0.0	0.0	0.0	0.0	0.0	0.0	0.0	0.0	2.0	13.0	13.6800003052	115.608799964	8.0	29.9400005341	0.460328587466	1.0	2
1.0	1487.23498535	2.0	2.0	352.888793945	4.0	3.0	0.0	10.0	0.0	0.0	0.0	0.0	0.0	0.0	0.0	0.0	2.0	4.0	13.5	22.9583995342	0.0	23.6399993896	0.971742933569	1.0	2
1.0	2593.20996094	3.0	1.0	5262.26757812	1.0	1.0	11.4602003098	0.0	-0.0131471874192	0.976926863194	-0.213169023395	15.8680842233	30.566343762	-41.0143013	-28.4348487854	20.5476989746	0.721003401674	14.0	10.5600004196	138.487201005	5.0	15.720000267	0.674954390663	1.0	2
1.0	2227.08691406	3.0	2.0	4017.7890625	3.0	3.0	4.07999992371	1.95465595516	-0.252127945423	0.949069678783	-0.188939705491	7.09425418106	28.4301658863	-61.2467498779	-20.0628509521	-2.16324996948	0.84595249528	20.0	10.5600004196	148.291127548	14.0	29.9400005341	0.777640562279	1.0	2
1.0	881.945983887	1.0	1.0	2746.60083008	1.0	1.0	0.0	10.0	0.0	0.0	0.0	0.0	0.0	0.0	0.0	0.0	2.0	2.0	26.3600006104	25.6488001645	0.0	27.1000003815	0.047541086591	1.0	2
1.0	1761.34155273	3.0	1.0	1876.73657227	3.0	1.0	0.0	10.0	0.0	0.0	0.0	0.0	0.0	0.0	0.0	0.0	2.0	5.0	13.0399999619	70.4200000763	1.0	14.3199996948	0.975366447852	1.0	2
1.0	723.661987305	1.0	1.0	4331.05566406	1.0	1.0	0.0	10.0	0.0	0.0	0.0	0.0	0.0	0.0	0.0	0.0	2.0	1.0	17.4799995422	23.1399993896	0.0	17.4799995422	-1.0	0.0	2
1.0	1257.50598145	1.0	1.0	6070.45898438	2.0	2.0	14.0799999237	2.67990111453	0.214802309871	-0.673005640507	0.707759439945	4.88943277339	9.36304994836	-64.205947876	-22.2917499542	-15.341550827	0.840985568237	7.0	10.6999998093	126.000001907	1.0	17.5400009155	0.136256736347	1.0	2
1.0	2629.1484375	1.0	1.0	2001.32885742	3.0	3.0	0.0	10.0	0.0	0.0	0.0	0.0	0.0	0.0	0.0	0.0	2.0	10.0	4.36000013351	89.3199996948	5.0	17.5400009155	0.402935057674	1.0	2
1.0	1870.58007812	1.0	1.0	3093.01000977	3.0	2.0	0.0	10.0	0.0	0.0	0.0	0.0	0.0	0.0	0.0	0.0	2.0	7.0	1.89999997616	93.419998765	0.0	29.0400009155	0.0998611554647	1.0	2
1.0	1686.03222656	5.0	4.0	3837.20361328	2.0	2.0	2.01839995384	0.0	0.994900584221	0.0	-0.100860163569	1.89270523273	2.21198565668	-55.4197006226	-21.7677993774	9.59069061279	0.383294688137	5.0	9.57999992371	47.3987998962	2.0	26.0799999237	0.739429087181	1.0	2
1.0	967.566040039	1.0	1.0	3629.99731445	1.0	1.0	0.0	10.0	0.0	0.0	0.0	0.0	0.0	0.0	0.0	0.0	2.0	4.0	7.78000020981	29.5799994469	2.0	11.9600000381	-1.0	0.0	2
1.0	2215.72998047	2.0	2.0	5138.86376953	1.0	1.0	64.9599993229	0.0	-0.0472563840449	0.972095906734	-0.229774564505	1.98498886718	13.4398604756	-53.481552124	-15.3959999084	2.50740480423	0.202024169787	33.0	3.16000008583	211.750000939	14.0	17.6200008392	0.978310765984	1.0	2
1.0	1462.45605469	1.0	1.0	3629.99731445	1.0	1.0	0.0	10.0	0.0	0.0	0.0	0.0	0.0	0.0	0.0	0.0	2.0	4.0	7.78000020981	29.5799994469	2.0	11.9600000381	0.113763377385	1.0	2
1.0	3146.72998047	2.0	2.0	1568.94165039	5.0	3.0	40.4599994421	0.0	0.998336434364	0.0336565561593	-0.0468149445951	10.9817983262	5.65634004879	-56.46900177	-17.8915500641	-8.1165599823	0.22706819559	12.0	5.86000013351	49.2492004037	9.0	17.7999992371	0.972510021777	1.0	2
1.0	1340.88305664	2.0	2.0	3775.39819336	1.0	1.0	7.98000001907	0.0	0.0472563840449	-0.972095906734	0.229774564505	12.0151952639	1.98498886718	-53.481552124	-15.3959999084	2.50740480423	0.202024169787	11.0	4.86000013351	91.7967988998	2.0	7.78000020981	0.219188178121	1.0	2
1.0	2855.44384766	2.0	1.0	4262.40722656	1.0	1.0	23.0091998577	0.0	-0.998336911201	-0.0336547754705	0.0468059778214	11.1835461799	2.63399965558	-53.9876022339	-15.8962497711	2.64625501633	0.957733073105	17.0	4.86000013351	155.243998528	6.0	11.9600000381	0.907631293744	1.0	2
1.0	1427.97399902	1.0	1.0	1758.42553711	4.0	3.0	1.0	0.0	-0.998336434364	-0.0336548797786	0.0468155629933	0.0	2.1821609568	-56.3652000427	-17.3418502808	-5.01309967041	0.375036440713	13.0	4.01999998093	128.71999979	4.0	12.1999998093	0.988632591894	1.0	2
1.0	1396.4510498	1.0	1.0	2121.12207031	2.0	2.0	0.0	10.0	0.0	0.0	0.0	0.0	0.0	0.0	0.0	0.0	2.0	10.0	4.92000007629	90.8331990242	4.0	23.6399993896	0.436951641526	1.0	2
1.0	1732.30102539	3.0	2.0	3934.51904297	2.0	2.0	11.2399997711	0.0	-0.998336434364	-0.0336565561593	0.0468149445951	17.2790631063	8.37571238053	-56.46900177	-17.8915500641	-8.1165599823	0.22706819559	13.0	3.16000008583	64.0735996962	6.0	23.6399993896	0.9725099998	1.0	2
1.0	637.387023926	1.0	1.0	2318.14819336	2.0	1.0	0.0	10.0	0.0	0.0	0.0	0.0	0.0	0.0	0.0	0.0	2.0	2.0	19.9799995422	17.0931997299	0.0	23.0599994659	-1.0	0.0	2
1.0	2662.72094727	4.0	3.0	2221.98486328	2.0	1.0	31.220000267	0.0	0.106013968587	-0.937819898129	0.330537199974	34.9681196464	3.40418662164	-58.8490486145	-20.5614013672	-0.537796020508	0.105948659559	6.0	11.8800001144	76.3932003975	2.0	18.4400005341	0.462650678045	1.0	2
1.0	885.039001465	2.0	2.0	2070.49609375	2.0	1.0	1.84759998322	0.0	-0.993543028831	-0.113422557712	-0.00275293341838	1.59841758695	1.98728003433	-61.0275001526	-15.9924497604	-17.7822494507	0.842812837168	3.0	10.5600004196	37.1532001495	0.0	28.2600002289	0.104520871973	1.0	2
1.0	1982.2277832	2.0	2.0	2609.60913086	2.0	1.0	0.0	10.0	0.0	0.0	0.0	0.0	0.0	0.0	0.0	0.0	2.0	6.0	8.69999980927	69.475600481	0.0	23.0599994659	0.234001404108	1.0	2
1.0	1440.05627441	4.0	2.0	931.050476074	3.0	2.0	1.84759998322	0.0	0.993543028831	0.113422557712	0.00275293341838	1.98728003433	1.59841758695	-61.0275001526	-15.9924497604	-17.7822494507	0.842812837168	4.0	10.5600004196	50.1132001877	0.0	28.2600002289	0.287316386424	1.0	2
1.0	645.367004395	1.0	1.0	5096.50585938	1.0	1.0	0.0	10.0	0.0	0.0	0.0	0.0	0.0	0.0	0.0	0.0	2.0	5.0	4.19999980927	39.9799997807	0.0	16.1800003052	-1.0	0.0	2
1.0	1486.22009277	3.0	2.0	926.229980469	2.0	2.0	0.0	10.0	0.0	0.0	0.0	0.0	0.0	0.0	0.0	0.0	2.0	3.0	14.6000003815	25.9200000763	0.0	25.0599994659	0.966714694527	1.0	2
1.0	3932.58300781	3.0	3.0	5195.67138672	2.0	2.0	67.0399990082	0.0	0.0587443336844	0.984743058681	-0.163799181581	27.5807480091	1.02808702308	-64.1175003052	-34.6211013794	-14.3905000687	0.513356165019	26.0	3.29999995232	255.581199035	5.0	20.2199993134	0.838721256314	1.0	2
1.0	1570.15405273	2.0	2.0	3861.96801758	2.0	2.0	23.7199993134	1.58636063066	0.111580394208	0.890537679195	0.441013038158	6.24934781663	21.4733669079	-57.617099762	-20.2115497589	-3.16899013519	0.645782162939	9.0	4.19999980927	49.9484002143	0.0	24.7000007629	0.564793193596	1.0	2
1.0	2153.07910156	2.0	1.0	6246.31542969	1.0	1.0	24.4799990654	0.0	-0.0588528141379	-0.9847214818	0.163889870048	19.7291853844	6.88878902035	-55.0959510803	-22.1354484558	2.10745000839	0.357603593621	7.0	5.11999988556	70.0199992657	0.0	26.7600002289	0.869518757872	1.0	2
1.0	332.851989746	1.0	1.0	5409.02099609	1.0	1.0	3.29999995232	0.0	0.992688179016	-0.0704840421677	-0.0979906022549	3.66428270629	5.99826771345	-56.134147644	-23.2530002594	-2.09656500816	0.959056954813	1.0	17.3799991608	17.2999992371	1.0	17.3799991608	0.246203331809	1.0	2
1.0	767.114990234	1.0	1.0	4605.92675781	1.0	1.0	0.0	10.0	0.0	0.0	0.0	0.0	0.0	0.0	0.0	0.0	2.0	3.0	16.7000007629	25.135600023	3.0	29.2000007629	-1.0	0.0	3
1.0	5286.11669922	3.0	2.0	7821.65136719	6.0	2.0	53.2540003061	0.0	0.0314132831991	-0.976059734821	0.215222135186	2.7404628554	29.1510062646	-56.0662498474	-25.7013511658	14.1342506409	0.543519920088	26.0	4.05999994278	191.63840026	19.0	31.7199993134	0.988391664008	1.0	3
1.0	2504.48486328	5.0	2.0	10632.5302734	4.0	1.0	17.5599994659	0.0	-0.0314061641693	0.976050615311	-0.215264499187	36.5575221777	0.0	-66.3690490723	-14.2678499222	-6.86388492584	0.794788026797	10.0	4.05999994278	69.095600538	8.0	29.2000007629	0.81469004226	1.0	3
1.0	767.114990234	1.0	1.0	4716.71289062	1.0	1.0	0.0	10.0	0.0	0.0	0.0	0.0	0.0	0.0	0.0	0.0	2.0	6.0	12.0	69.4600013494	6.0	29.2000007629	0.372698195756	1.0	3
1.0	3497.2409668	1.0	1.0	3465.00634766	4.0	2.0	24.8939999342	0.0	-0.0314061641693	0.976050615311	-0.215264499187	27.3861434079	0.0	-66.3690490723	-14.2678499222	-6.86388492584	0.794788026797	14.0	4.05999994278	136.677198917	9.0	31.7199993134	0.970892153509	1.0	3
1.0	4302.82714844	3.0	2.0	2353.08642578	3.0	2.0	25.5400002003	0.0	0.999277234077	0.034378349781	0.0162198822945	2.1161574887	26.3582707164	-56.7157974243	-23.8166007996	15.1076002121	0.0767016350739	10.0	4.05999994278	69.3840000927	5.0	21.6599998474	0.985797130479	1.0	3
1.0	1725.97106934	3.0	3.0	2713.33886719	1.0	1.0	9.25400030613	0.0	-0.999276518822	-0.0343753173947	-0.016271200031	8.90027366084	2.59886715509	-63.7331542969	-12.0163002014	1.12242996693	0.611992636189	5.0	12.6400003433	72.4556007683	5.0	31.7199993134	0.970048360982	1.0	3
1.0	2698.49609375	1.0	1.0	2386.23193359	2.0	2.0	0.0	10.0	0.0	0.0	0.0	0.0	0.0	0.0	0.0	0.0	2.0	7.0	5.98000001907	53.0247998312	6.0	31.2999992371	0.401461780622	1.0	3
1.0	500.261993408	1.0	1.0	4174.84814453	1.0	1.0	0.0	10.0	0.0	0.0	0.0	0.0	0.0	0.0	0.0	0.0	2.0	2.0	32.0600013733	41.0799999237	2.0	32.2999992371	-1.0	0.0	3
1.0	4164.31884766	6.0	2.0	3991.21728516	9.0	1.0	5.36000013351	0.0	0.00326731614769	0.994222104549	-0.10729277879	2.43380550147	16.958164465	-40.9213027954	-27.7947502136	12.1518497467	0.758670450312	8.0	13.1400003433	94.92000103	0.0	31.4799995422	0.691706804581	1.0	3
1.0	500.261993408	1.0	1.0	2773.57470703	2.0	1.0	0.0	10.0	0.0	0.0	0.0	0.0	0.0	0.0	0.0	0.0	2.0	1.0	32.2999992371	20.2999992371	1.0	32.2999992371	0.262234112236	1.0	3
1.0	1717.34899902	1.0	1.0	5621.19189453	1.0	1.0	18.2399997711	0.0	-0.0032673520036	-0.994233012199	0.107191734016	2.95471672577	4.29871035246	-40.9244995117	-28.7686500549	12.2568998337	0.218870166524	8.0	10.1199998856	71.3172003478	2.0	14.1999998093	0.413555325273	1.0	3
1.0	1170.07897949	1.0	1.0	3496.03173828	1.0	1.0	0.0	10.0	0.0	0.0	0.0	0.0	0.0	0.0	0.0	0.0	2.0	2.0	32.0600013733	41.0799999237	2.0	32.2999992371	0.130645500781	1.0	3
1.0	1662.13635254	1.0	1.0	3454.078125	1.0	1.0	0.0	10.0	0.0	0.0	0.0	0.0	0.0	0.0	0.0	0.0	2.0	5.0	14.3000001907	35.4200000763	4.0	24.5200004578	-1.0	0.0	3
1.0	4528.44482422	6.0	5.0	7642.54541016	13.0	5.0	43.0000007153	0.0	-0.0535316839814	-0.956511735916	0.286739706993	6.14477895411	23.6582641509	-55.4912490845	-22.2760009766	7.30349493027	0.815397831245	17.0	11.279999733	131.954399943	5.0	25.3799991608	0.989156648067	1.0	3
1.0	1775.39282227	4.0	2.0	4366.04492188	4.0	2.0	0.0	10.0	0.0	0.0	0.0	0.0	0.0	0.0	0.0	0.0	2.0	16.0	12.5399999619	117.870798141	4.0	20.4400005341	0.00439497025269	1.0	3
1.0	5374.32470703	5.0	5.0	9290.33789062	12.0	2.0	72.9400007725	0.0	0.0535315610468	0.956509530544	-0.286747038364	19.2701842084	32.7440105206	-49.9693527222	-28.7542991638	17.6259002686	0.814563787704	27.0	5.17999982834	180.624398686	6.0	24.5200004578	0.990975936058	1.0	3
1.0	3025.45263672	3.0	1.0	4541.67382812	1.0	1.0	0.0	10.0	0.0	0.0	0.0	0.0	0.0	0.0	0.0	0.0	2.0	9.0	11.279999733	53.0916006342	4.0	24.5200004578	0.565989078439	1.0	3
1.0	1906.18835449	1.0	1.0	3454.078125	1.0	1.0	0.0	10.0	0.0	0.0	0.0	0.0	0.0	0.0	0.0	0.0	2.0	8.0	14.0799999237	45.7316005006	4.0	24.5200004578	0.310231014971	1.0	3
1.0	1805.37133789	1.0	1.0	2608.94628906	1.0	1.0	0.0	10.0	0.0	0.0	0.0	0.0	0.0	0.0	0.0	0.0	2.0	1.0	25.9599990845	14.6000003815	0.0	25.9599990845	0.20786315761	1.0	3
1.0	3981.83496094	3.0	3.0	4943.16113281	4.0	4.0	68.2200012207	0.0	0.0535315349698	0.956509053707	-0.286748677492	1.61895362944	28.772434271	-55.0910491943	-20.0363006592	11.6726999283	0.349129102449	28.0	5.61999988556	257.393048029	8.0	24.5200004578	0.97340100052	1.0	3
1.0	996.830993652	1.0	1.0	5259.97167969	1.0	1.0	0.0	10.0	0.0	0.0	0.0	0.0	0.0	0.0	0.0	0.0	2.0	4.0	15.6599998474	51.1199998856	4.0	34.1199989319	-1.0	0.0	3
1.0	3797.98657227	6.0	5.0	5572.65820312	11.0	4.0	26.5799999237	0.0	0.0335471108556	0.986689090729	-0.159120112658	14.9095947318	1.40637313599	-51.8305511475	-29.2896003723	18.0112495422	0.367642514535	13.0	2.70000004768	117.776800036	3.0	26.5	0.994512621773	1.0	3
1.0	4725.50683594	7.0	6.0	8785.16308594	9.0	4.0	65.1999998093	0.0	-0.0335471220315	-0.986689388752	0.159118160605	16.317743127	1.90172911894	-62.9738502502	-24.6228981018	-22.5482501984	0.680161073553	22.0	2.70000004768	215.431599379	11.0	34.1199989319	0.999494922601	1.0	3
1.0	3801.75366211	4.0	3.0	6797.57617188	7.0	1.0	23.8199996948	0.0	-0.999265491962	0.0309863109142	0.0225453134626	3.14457639219	13.1316229179	-37.540802002	-25.8827495575	21.5288505554	0.385433465813	10.0	2.70000004768	43.4892004132	4.0	20.0400009155	0.999358001197	1.0	3
1.0	1587.50097656	2.0	2.0	2942.69750977	1.0	1.0	0.0	10.0	0.0	0.0	0.0	0.0	0.0	0.0	0.0	0.0	2.0	6.0	14.9200000763	76.5999994278	4.0	34.1199989319	0.389600028913	1.0	3
1.0	3703.96044922	2.0	2.0	3404.19580078	2.0	1.0	34.7199997902	0.0	-0.0335470587015	-0.986687541008	0.159129887819	3.11430445992	20.678516667	-60.3800506592	-23.0130996704	-2.07583498955	0.876696600655	16.0	8.80000019073	128.691199332	8.0	34.1199989319	0.989501809359	1.0	3
1.0	1467.82299805	1.0	1.0	6295.93505859	1.0	1.0	11.2000002861	0.0	0.999262273312	-0.0310830771923	-0.0225547645241	19.652567777	1.04237205631	-58.5373001099	-20.5345993042	6.3911447525	0.443221158323	10.0	8.42000007629	105.917999655	7.0	34.1199989319	0.293857833362	1.0	3
1.0	3984.54882812	1.0	1.0	4155.98974609	1.0	1.0	11.9967999458	0.0	-0.999262571335	0.0310831982642	0.0225434154272	2.93457062262	1.72316230774	-54.3868026733	-27.801399231	17.8430500031	0.509622168796	19.0	8.42000007629	163.879999518	11.0	29.7600002289	0.991147969348	1.0	3
1.0	3616.20483398	2.0	2.0	1952.80993652	1.0	1.0	34.7199997902	0.0	-0.0335470587015	-0.986687541008	0.159129887819	3.11430445992	20.678516667	-60.3800506592	-23.0130996704	-2.07583498955	0.876696600655	11.0	8.80000019073	81.3132002652	5.0	34.1199989319	0.946165208668	1.0	3
1.0	3849.66748047	2.0	2.0	5881.58789062	1.0	1.0	52.0967998505	0.0	-0.999262571335	0.0310831982642	0.0225434154272	2.93457062262	37.2125320636	-54.3868026733	-27.801399231	17.8430500031	0.509622168796	31.0	7.03999996185	246.888400052	12.0	34.1199989319	0.965958463468	1.0	3
1.0	878.969116211	1.0	1.0	5672.57177734	1.0	1.0	0.0	10.0	0.0	0.0	0.0	0.0	0.0	0.0	0.0	0.0	2.0	4.0	16.9400005341	45.3249126486	1.0	16.9400005341	-1.0	0.0	3
1.0	6013.18554688	4.0	2.0	5518.89355469	12.0	3.0	17.9679996967	0.0	-0.00760392239317	0.96531277895	-0.260985553265	29.412640167	0.0	-55.6012496948	-29.7742500305	11.7059001923	0.159568205221	15.0	5.28000020981	151.900000572	6.0	26.2199993134	0.997187517293	1.0	3
1.0	534.774108887	3.0	2.0	2952.18725586	3.0	2.0	0.0	10.0	0.0	0.0	0.0	0.0	0.0	0.0	0.0	0.0	2.0	8.0	21.7600002289	60.1799993515	4.0	33.5	0.767878706336	1.0	3
1.0	3554.1262207	7.0	4.0	4369.55957031	13.0	3.0	46.2999999523	0.0	-0.00770727172494	0.965319871902	-0.260956197977	41.041523705	22.709339036	-61.1278991699	-32.9382476807	-3.34638500214	0.443884609117	8.0	12.3599996567	56.7680002898	6.0	40.4799995422	0.988218017602	1.0	3
1.0	1873.60510254	2.0	2.0	4849.59423828	1.0	1.0	0.0	10.0	0.0	0.0	0.0	0.0	0.0	0.0	0.0	0.0	2.0	9.0	15.3800001144	76.1624006778	3.0	21.8600006104	0.493387165183	1.0	3
1.0	3291.61108398	4.0	4.0	2683.36621094	3.0	2.0	5.26800012589	0.0	0.999440312386	0.0	-0.0334523804486	11.9551126868	2.17405933676	-58.3526496887	-22.9498996735	4.5869550705	0.282235558731	14.0	6.03999996185	125.939311799	12.0	26.9599990845	0.999236687295	1.0	3
1.0	1175.80322266	3.0	3.0	4415.328125	1.0	1.0	0.0	10.0	0.0	0.0	0.0	0.0	0.0	0.0	0.0	0.0	2.0	10.0	18.7800006866	80.3598614567	2.0	33.5	0.404039364211	1.0	3
1.0	2832.72875977	5.0	4.0	2878.22094727	6.0	5.0	16.5799998641	0.0	-0.00760392239317	0.96531277895	-0.260985553265	2.70654751303	3.67198974098	-55.6012496948	-29.7742500305	11.7059001923	0.159568205221	19.0	11.6800003052	144.67439951	11.0	33.5	0.995483130362	1.0	3
1.0	1170.47998047	2.0	1.0	4430.17822266	1.0	1.0	0.0	10.0	0.0	0.0	0.0	0.0	0.0	0.0	0.0	0.0	2.0	3.0	16.9400005341	36.8849130683	1.0	16.9400005341	0.0197728227331	1.0	3
1.0	3365.65332031	5.0	3.0	3185.14868164	1.0	1.0	25.8400001526	0.979925514281	-0.00770726706833	0.965319275856	-0.260958343744	13.3005116437	2.70293966182	-57.9546012878	-22.262550354	0.811352014542	0.713461441443	17.0	15.6999998093	114.344112266	10.0	40.0400009155	0.98774558416	1.0	3
