valid	volumeS1	connectedComponentsS1	connectedComponentsS1Rel	volumeS2	connectedComponentsS2	connectedComponentsS2Rel	corticalSize	distanceMin	direction_x	direction_y	direction_z	distanceToExtremity1	distanceToExtremity2	gravityCenter_x	gravityCenter_y	gravityCenter_z	corticalDotProduct	junctions	junctionDepthMin	junctionsSize	plisDePassage	plisDePassageDepthMax	Potential	Class	cycle
1.0	7513.66113281	1.0	1.0	980.444946289	1.0	1.0	46.0599992275	3.00923737303	0.596537351608	-0.522030770779	-0.609612226486	14.0061050633	1.833762227	-55.2145996094	47.4713516235	-67.650100708	0.563634061427	0.0	0.0	0.0	0.0	0.0	-1.0	0.0	1
1.0	15096.4140625	23.0	6.0	2462.77563477	4.0	3.0	151.899998188	0.0	-0.0584621652961	-0.987305760384	0.147680312395	2.07212159928	0.0	-50.1483001709	20.510799408	-69.8867950439	0.523171954909	3.0	13.1400003433	39.4800004959	2.0	20.2199993134	0.999999535693	1.0	1
1.0	13136.2548828	21.0	3.0	1271.32177734	4.0	4.0	59.6199996471	0.0	-0.997889995575	0.0560491830111	0.032771948725	59.9819202082	1.73104303713	-3.76692485809	48.8539505005	-44.492149353	0.200299636232	3.0	13.1999998093	34.0600004196	1.0	13.3599996567	0.999905676941	1.0	1
1.0	14357.2783203	20.0	2.0	665.585998535	1.0	1.0	50.6999988556	2.27885279706	-0.0668385177851	-0.63516587019	-0.769478321075	71.2425864001	2.60655748263	-16.6978492737	80.4565429688	-65.8414001465	0.0436755853747	0.0	0.0	0.0	0.0	0.0	0.999985086845	1.0	1
1.0	6233.09179688	9.0	3.0	1021.93493652	2.0	2.0	38.8599996567	0.0	-0.997895479202	0.0559512227774	0.0327738784254	54.9801177802	0.0	-33.0187988281	75.963394165	-60.764251709	0.0693013668053	3.0	6.40000009537	28.3799993992	2.0	18.0599994659	0.721746833089	1.0	1
1.0	12819.6181641	12.0	6.0	3020.79882812	4.0	4.0	139.386400223	0.0	-0.0584629811347	-0.987321615219	0.147574186325	45.2956002704	16.5955834101	-52.1100006104	61.6532974243	-60.8726501465	0.480366674813	6.0	6.40000009537	74.1399986744	2.0	18.0599994659	0.997040454676	1.0	1
1.0	8690.078125	3.0	1.0	2452.4050293	2.0	2.0	73.1999995708	2.5014395384	0.520029246807	0.841725647449	-0.145146548748	9.33071518292	23.3695362786	-54.2477493286	40.6637992859	-69.6855010986	0.601623019501	0.0	0.0	0.0	0.0	0.0	0.436946585653	1.0	1
1.0	7621.59960938	10.0	3.0	2255.72265625	4.0	2.0	59.6599998474	1.91274412255	0.473408550024	-0.825375914574	-0.307634472847	66.0472654633	18.0297701954	-21.9422988892	37.8214492798	-81.8324508667	0.682333893664	0.0	0.0	0.0	0.0	0.0	0.991023689361	1.0	1
1.0	6204.64257812	3.0	1.0	1063.04003906	2.0	2.0	33.9799995422	0.0	-0.0584629811347	-0.987321615219	0.147574186325	26.9344978334	16.5955834101	-52.1100006104	61.6532974243	-60.8726501465	0.480366674813	1.0	15.8800001144	14.8199996948	0.0	15.8800001144	0.425026441512	1.0	1
1.0	8509.63964844	12.0	0.0	591.555786133	1.0	0.0	0.0	10.0	0.0	0.0	0.0	0.0	0.0	0.0	0.0	0.0	2.0	0.0	0.0	0.0	0.0	0.0	0.432768960305	1.0	1
1.0	3909.4987793	2.0	1.0	1095.57092285	1.0	1.0	5.40000009537	0.0	-0.105033896863	-0.992557048798	-0.0616312026978	0.99299030582	2.08641285822	-43.4657516479	57.0085983276	-53.554397583	0.571458512707	1.0	11.6000003815	9.27999973297	0.0	11.6000003815	-1.0	0.0	1
1.0	18814.671875	17.0	10.0	1536.68151855	6.0	6.0	229.596398354	0.0	-0.105037935078	-0.992562830448	-0.0615314394236	64.9885157134	4.29759789808	-46.8604507446	65.1188964844	-49.4512481689	0.307711155448	13.0	7.80000019073	151.179998875	3.0	12.0200004578	0.999999999801	1.0	1
1.0	10071.921875	8.0	2.0	3586.33813477	4.0	3.0	36.6399998665	0.0	-0.105033896863	-0.992557048798	-0.0616312026978	45.4355751446	21.9663490635	-43.4657516479	57.0085983276	-53.554397583	0.420477526529	5.0	3.55999994278	51.7399995327	1.0	3.55999994278	0.982778437921	1.0	1
1.0	12422.0429688	16.0	4.0	454.471191406	1.0	1.0	55.7400012016	0.0	-0.105046629906	-0.992555558681	-0.0616337098181	70.643077237	2.10337465757	-18.4014511108	73.1687469482	-65.0538024902	0.782141091455	1.0	12.4600000381	10.8999996185	0.0	12.4600000381	0.999845102492	1.0	1
1.0	3802.64111328	3.0	2.0	1116.13562012	2.0	2.0	29.1999998093	0.0	-0.995600163937	0.0935352891684	-0.00560414744541	28.3770954869	2.08650369921	-47.3500976562	65.5768508911	-47.6051483154	0.436545844624	3.0	12.2600002289	53.6800003052	1.0	12.0200004578	0.508202277437	1.0	1
1.0	11483.9775391	8.0	4.0	2197.82104492	5.0	5.0	128.460001945	0.0	0.995600402355	-0.0935385897756	0.00550631899387	31.7522813175	21.4902601706	-40.7398986816	57.5072479248	-58.9645004272	0.736280975272	6.0	8.06000041962	50.8799996376	1.0	12.0200004578	0.99999810443	1.0	1
1.0	8152.03076172	8.0	2.0	1438.9699707	2.0	2.0	56.7800006866	2.50100182487	-0.0971863642335	-0.931913137436	-0.34941765666	0.0	17.7367775542	-22.6606502533	52.5552520752	-74.5639953613	0.605935453797	2.0	13.720000267	14.1600003242	0.0	19.7600002289	0.999465233017	1.0	1
1.0	6296.12158203	11.0	5.0	2196.28173828	4.0	4.0	113.92000103	0.0	-0.104947015643	-0.99256581068	-0.0616377145052	63.7890258224	30.6588350244	-17.7594985962	79.6470489502	-55.5333023071	0.163337511174	4.0	10.8000001907	38.4999995232	0.0	26.0200004578	0.99966285923	1.0	1
1.0	3598.76098633	5.0	3.0	802.968017578	2.0	2.0	40.5199999809	0.0	-0.995600163937	0.0935352891684	-0.00560414744541	37.0014366321	2.08650369921	-47.3500976562	65.5768508911	-47.6051483154	0.436545844624	4.0	11.6000003815	49.4600000381	0.0	17.5599994659	0.536945666528	1.0	1
1.0	8876.84375	6.0	3.0	1795.796875	2.0	2.0	82.1600017548	0.0	-0.105033896863	-0.992557048798	-0.0616312026978	29.9141134904	4.25960810944	-43.4657516479	57.0085983276	-53.554397583	0.420477526529	3.0	11.6000003815	24.1999993324	0.0	13.720000267	0.991839896032	1.0	1
1.0	4971.23144531	1.0	0.0	1081.19494629	1.0	0.0	0.0	10.0	0.0	0.0	0.0	0.0	0.0	0.0	0.0	0.0	2.0	0.0	0.0	0.0	0.0	0.0	0.432768960305	0.0	1
1.0	14902.828125	19.0	5.0	814.50604248	4.0	3.0	89.6399979591	0.0	-0.0334272794425	-0.984706878662	0.170982390642	65.2133789252	2.10724208461	-3.29473495483	75.9307556152	-38.4398002625	0.903387507543	2.0	4.48000001907	12.4600000381	2.0	13.3800001144	0.99998018995	1.0	1
1.0	20262.2695312	19.0	8.0	2021.26391602	5.0	4.0	199.499999523	0.0	-0.999344348907	0.0346956290305	0.0103505048901	24.2316574752	2.10111982326	-37.0640983582	35.1411514282	-70.6607971191	0.845050007967	4.0	10.0600004196	51.5399990082	2.0	20.5599994659	0.999999990536	1.0	1
1.0	16916.9492188	22.0	10.0	4096.36132812	7.0	7.0	292.103999026	0.0	-0.999347388744	0.0346089117229	0.0103437146172	12.5461883287	21.5801498679	-25.9916992188	31.9818992615	-73.915802002	0.608485352403	7.0	4.48000001907	68.099998951	6.0	29.1200008392	0.999999998105	1.0	1
1.0	5959.21777344	1.0	1.0	1968.55603027	3.0	2.0	23.2800006866	2.93375190075	0.357144922018	-0.93244177103	-0.0547707788646	36.5075821884	19.5936304825	-6.40553998947	74.9654006958	-64.4757995605	0.288537599807	0.0	0.0	0.0	0.0	0.0	0.318152330835	1.0	1
1.0	7513.66601562	5.0	3.0	2049.54248047	4.0	3.0	84.539999485	0.0	0.0334209725261	0.984704256058	-0.170998737216	40.4177722019	19.0792686519	-44.4627532959	61.6847000122	-64.2715988159	0.922258608777	0.0	0.0	0.0	1.0	29.1200008392	0.998938844459	1.0	1
1.0	4527.16552734	2.0	2.0	415.944000244	2.0	1.0	22.9191993549	0.0	-0.0334194973111	-0.984706580639	0.170985803008	12.3406851763	3.04878554974	-24.6801490784	79.9116516113	-58.6967010498	0.601003353284	3.0	4.48000001907	29.460000515	1.0	4.48000001907	0.409540341976	1.0	1
1.0	14131.9326172	9.0	8.0	2302.38916016	4.0	4.0	264.715197086	0.0	-0.999344348907	0.0346956290305	0.0103505048901	50.6205566405	2.10111982326	-37.0640983582	35.1411514282	-70.6607971191	0.845050007967	5.0	4.48000001907	52.5199995041	3.0	20.5599994659	0.999985371555	1.0	1
1.0	4895.27050781	1.0	1.0	1157.15563965	2.0	1.0	32.3199996948	0.0	0.03341884166	0.984705805779	-0.17099031806	15.5120418843	7.9276545338	-14.7493495941	77.2820510864	-65.6459960938	0.940793740355	1.0	10.1800003052	10.4600000381	0.0	10.1800003052	0.392949182839	1.0	1
1.0	12631.3007812	10.0	6.0	1518.33203125	3.0	3.0	101.279998779	0.0	0.999344348907	-0.0346956290305	-0.0103505048901	49.8823887499	15.2064113429	-37.0640983582	35.1411514282	-70.6607971191	0.845050007967	1.0	13.6999998093	11.9200000763	2.0	24.4599990845	0.999992127761	1.0	1
1.0	3649.70288086	2.0	2.0	555.594970703	1.0	1.0	47.0200014114	3.15935597702	0.716356158257	0.674308478832	-0.179281622171	2.31865211659	14.6021521465	-19.7872505188	45.6051025391	-80.0485534668	0.584348164106	0.0	0.0	0.0	0.0	0.0	-1.0	0.0	1
1.0	18981.7792969	12.0	5.0	3549.56713867	6.0	6.0	320.180001974	0.0	0.0461840257049	0.993749976158	-0.10162679106	62.4038224376	1.51265265783	-7.4089050293	77.9206542969	-54.6809997559	0.814844849858	12.0	5.17999982834	113.36560142	4.0	12.3199996948	0.99999999977	1.0	1
1.0	3761.39624023	4.0	2.0	555.594970703	1.0	1.0	47.0200014114	3.15935597702	0.716356158257	0.674308478832	-0.179281622171	2.31865211659	14.6021521465	-19.7872505188	45.6051025391	-80.0485534668	0.584348164106	0.0	0.0	0.0	0.0	0.0	0.0684473073953	1.0	1
1.0	11533.6025391	18.0	6.0	5397.54492188	6.0	6.0	177.740001678	0.0	-0.0461790934205	-0.993741333485	0.10171341151	63.8557765504	8.63561179795	-9.61166572571	79.0066986084	-54.904548645	0.38893058544	6.0	6.94000005722	102.910801291	3.0	29.3600006104	0.999995451006	1.0	1
1.0	11232.2167969	5.0	2.0	555.594970703	1.0	1.0	61.0200014114	2.65664822454	-0.780479490757	0.6169885993	0.100880615413	53.9792164629	12.9187721443	-10.0832548141	46.6808013916	-81.1190948486	0.465054637933	0.0	0.0	0.0	0.0	0.0	0.992072277648	1.0	1
1.0	9121.16894531	4.0	3.0	2291.08496094	2.0	2.0	140.500002384	0.0	-0.0461934134364	-0.993750333786	0.101619325578	43.1805031642	10.5885653384	-7.05484008789	58.7676506042	-75.7406005859	0.319573252964	1.0	12.3199996948	16.7000007629	1.0	12.3199996948	0.998949977668	1.0	1
1.0	8560.44628906	7.0	6.0	2878.86401367	3.0	3.0	202.460002422	0.0	0.998023211956	-0.0332690775394	0.05331851542	59.1295021275	20.7597207267	-29.0103492737	80.8106536865	-60.3894500732	0.41209043983	2.0	12.3199996948	29.0000009537	2.0	12.3199996948	0.963930992058	1.0	1
1.0	6059.2421875	5.0	2.0	985.786010742	2.0	2.0	77.9399998188	0.0	-0.998022854328	0.0332719422877	-0.0533231087029	48.0637798032	3.5255290604	-18.9584999084	55.4991493225	-77.4356536865	0.0297962844835	2.0	11.3599996567	25.4399995804	1.0	8.15999984741	0.997872572024	1.0	1
1.0	7670.41357422	6.0	4.0	2847.50024414	4.0	3.0	66.7600007057	0.0	0.998023211956	-0.0332690775394	0.05331851542	59.1295021275	20.7597207267	-29.0103492737	80.8106536865	-60.3894500732	0.41209043983	1.0	14.8400001526	12.3000001907	1.0	8.15999984741	0.990816643977	1.0	1
1.0	9740.09179688	9.0	7.0	4299.86328125	5.0	5.0	259.320002079	0.0	0.998023211956	-0.0332690775394	0.05331851542	59.1295021275	20.7597207267	-29.0103492737	80.8106536865	-60.3894500732	0.41209043983	8.0	2.07999992371	118.100001812	4.0	29.3600006104	0.97007441033	1.0	1
1.0	6302.47119141	1.0	1.0	1611.25085449	1.0	1.0	43.6000003815	0.0	0.994935870171	0.0	-0.100511498749	37.4688731716	1.80718387166	-48.3471984863	57.0171012878	-55.7938499451	0.504880544355	4.0	22.2600002289	60.1999995708	0.0	26.6599998474	-1.0	0.0	1
1.0	16229.5097656	19.0	10.0	1718.60400391	4.0	4.0	169.590001583	0.0	0.00609921664	-0.998385488987	0.0564731173217	27.7201000755	1.50103406399	-51.1247024536	25.4677505493	-65.8000946045	0.149360256058	14.0	3.0	208.419999838	2.0	23.1800003052	0.999996687772	1.0	1
1.0	15507.984375	20.0	10.0	4840.47509766	9.0	9.0	258.280001402	0.0	0.994935870171	0.0	-0.100511580706	72.0005054819	1.01643637979	-13.7399997711	79.4160003662	-59.0582504272	0.0257975046094	16.0	3.96000003815	175.600000381	6.0	22.0599994659	0.999999934966	1.0	1
1.0	12262.1132812	20.0	6.0	2825.81933594	7.0	6.0	103.440000176	0.0	0.994934976101	0.0	-0.100520685315	33.6748334609	2.3210788823	-40.4615478516	41.2709999084	-66.2688522339	0.64968627962	4.0	2.1400001049	35.0400009155	4.0	19.0200004578	0.999998788144	1.0	1
1.0	2892.36108398	4.0	1.0	845.260009766	1.0	1.0	4.23879994452	0.0	-0.994935870171	0.0	0.100511498749	29.7978861209	2.70773517369	-46.4976005554	69.5690002441	-49.1421508789	0.886829203084	0.0	0.0	0.0	1.0	13.220000267	0.524635882351	1.0	1
1.0	10792.6650391	12.0	7.0	2675.52075195	2.0	2.0	155.649999619	0.0	0.00609921664	-0.998385488987	0.0564731173217	38.668728255	1.50103406399	-51.1247024536	25.4677505493	-65.8000946045	0.149360256058	8.0	3.0	113.720000505	3.0	23.1800003052	0.998796820728	1.0	1
1.0	6480.00830078	2.0	1.0	1611.25085449	1.0	1.0	32.4400005341	0.0	0.994935870171	0.0	-0.100511498749	41.3114811801	1.80718387166	-48.3471984863	57.0171012878	-55.7938499451	0.504880544355	3.0	22.2600002289	33.0999991894	0.0	26.6599998474	0.14185910034	1.0	1
1.0	9837.74707031	14.0	6.0	2502.10595703	3.0	3.0	137.448800817	0.0	0.994936585426	0.0	-0.100504763424	35.9582269324	1.818500011	-52.6332015991	25.0354003906	-64.1119537354	0.254263247913	9.0	3.0	113.960001945	6.0	23.1800003052	0.999891967543	1.0	1
1.0	9422.86230469	11.0	7.0	4466.37841797	5.0	5.0	183.988798633	0.0	0.994935870171	0.0	-0.100511580706	35.7639231001	1.01643637979	-13.7399997711	79.4160003662	-59.0582504272	0.0257975046094	10.0	3.0	117.099999428	4.0	19.0200004578	0.998185171185	1.0	1
1.0	11122.2744141	10.0	5.0	1390.69665527	5.0	5.0	134.558799163	0.0	0.994936585426	0.0	-0.100504763424	35.9582269324	1.818500011	-52.6332015991	25.0354003906	-64.1119537354	0.254263247913	11.0	4.88000011444	154.599998474	5.0	23.1800003052	0.997294063323	1.0	1
1.0	5940.28320312	1.0	1.0	1719.67797852	1.0	1.0	23.4400002956	0.0	0.747691571712	0.657489299774	-0.0930866003036	33.0140162912	2.85470941177	-54.2666015625	57.5335006714	-58.6833992004	0.881187096244	3.0	5.71999979019	13.5119998883	3.0	25.0200004578	-1.0	0.0	1
1.0	10726.9707031	14.0	4.0	598.117614746	4.0	4.0	39.923999548	0.0	0.689930737019	-0.711906015873	0.131093099713	38.6458964645	1.79008531303	-59.7102508545	47.0462493896	-57.0674514771	0.851780746943	8.0	1.20000004768	37.7399997711	5.0	10.8199996948	0.998756436887	1.0	1
1.0	4278.47460938	14.0	0.0	525.813598633	2.0	0.0	0.0	10.0	0.0	0.0	0.0	0.0	0.0	0.0	0.0	0.0	2.0	0.0	0.0	0.0	0.0	0.0	0.432768960305	1.0	1
1.0	15557.8476562	18.0	8.0	3366.56982422	4.0	4.0	116.560002089	0.0	0.998985588551	-0.0365943983197	0.0262422878295	30.8992998146	3.71162924429	-32.5319976807	27.9035987854	-76.7761535645	0.129572780041	13.0	3.55999994278	112.013599021	6.0	17.1599998474	0.999999450135	1.0	1
1.0	10505.9580078	7.0	3.0	3672.6081543	2.0	2.0	113.040000677	0.0	0.747691571712	0.657489299774	-0.0930866003036	39.7999217868	2.85470941177	-54.2666015625	57.5335006714	-58.6833992004	0.881187096244	3.0	5.71999979019	13.5119998883	3.0	25.0200004578	0.998671923061	1.0	1
1.0	8911.22070312	8.0	4.0	4980.71972656	4.0	2.0	94.5840013027	0.0	0.998985350132	-0.0365989468992	0.0262444522232	39.0915784513	2.74688695177	-55.5615501404	57.1707992554	-57.3494491577	0.768060805051	11.0	1.77999997139	100.561199708	6.0	14.6199998856	0.999978947958	1.0	1
1.0	8597.18457031	13.0	4.0	1253.05395508	2.0	2.0	48.0639998913	0.0	-0.998985469341	0.0365958921611	-0.0262444559485	42.8368303308	5.82724358875	-50.5065498352	57.9895019531	-58.6824493408	0.606688395511	3.0	6.96000003815	25.0464003086	3.0	25.0200004578	0.999624340858	1.0	1
1.0	9658.921875	8.0	5.0	4633.87890625	3.0	3.0	191.080000162	0.0	0.689930737019	-0.711906015873	0.131093099713	29.4339390258	1.79008531303	-59.7102508545	47.0462493896	-57.0674514771	0.851780746943	7.0	1.20000004768	23.4119999837	7.0	25.0200004578	0.986794587904	1.0	1
1.0	6063.08886719	6.0	3.0	3009.51660156	4.0	4.0	64.7820005417	0.0	0.747691571712	0.657489299774	-0.0930866003036	51.3990921485	2.85470941177	-54.2666015625	57.5335006714	-58.6833992004	0.881187096244	5.0	5.21999979019	32.0719998311	3.0	25.0200004578	0.723315203377	1.0	1
1.0	10409.6103516	11.0	6.0	2662.42626953	2.0	2.0	184.960000038	0.0	0.689930737019	-0.711906015873	0.131093099713	58.719558349	1.79008531303	-59.7102508545	47.0462493896	-57.0674514771	0.851780746943	10.0	1.20000004768	80.6855988931	7.0	25.0200004578	0.999978947928	1.0	1
1.0	5622.07958984	1.0	0.0	552.294311523	1.0	0.0	0.0	10.0	0.0	0.0	0.0	0.0	0.0	0.0	0.0	0.0	2.0	0.0	0.0	0.0	0.0	0.0	0.432768960305	0.0	1
1.0	18187.1367188	25.0	11.0	4614.15332031	8.0	5.0	152.243600368	0.0	0.736232936382	-0.660869598389	0.145644828677	52.1662047417	0.0	-52.9529495239	66.9746551514	-48.1357498169	0.751125405174	13.0	5.59999990463	116.000000954	2.0	12.4600000381	0.999999928554	1.0	1
1.0	24115.4472656	18.0	6.0	3685.82519531	9.0	7.0	126.240000248	0.0	-0.00372824585065	-0.980663180351	0.195667564869	49.2462977464	16.7330821965	-29.039850235	51.3039474487	-74.8467025757	0.785607829158	4.0	7.26000022888	37.9999995232	1.0	17.0200004578	0.999999996464	1.0	1
1.0	20739.6171875	20.0	11.0	7731.12353516	12.0	9.0	318.980000973	0.0	0.736232936382	-0.660869598389	0.145644828677	52.1303836171	0.0	-52.9529495239	66.9746551514	-48.1357498169	0.751125405174	18.0	4.0	182.593600273	3.0	12.4600000381	0.999999997259	1.0	1
1.0	7837.58154297	6.0	2.0	2245.46337891	3.0	3.0	64.8200001717	0.0	0.00372789450921	0.980666875839	-0.195649132133	40.7075282856	1.47276147522	-38.0270500183	64.8744049072	-60.2508010864	0.455483123282	5.0	6.0	36.4200000763	1.0	6.71999979019	0.893980484693	1.0	1
1.0	5934.92578125	13.0	5.0	623.494628906	4.0	4.0	52.6399998665	0.0	-0.999826133251	0.0	-0.0186477825046	30.8601056998	9.41057148838	-12.2294502258	66.37159729	-71.7160491943	0.990548297027	7.0	6.0	63.4399995804	1.0	6.71999979019	0.974308059462	1.0	1
1.0	408.040710449	2.0	0.0	390.692810059	2.0	0.0	0.0	10.0	0.0	0.0	0.0	0.0	0.0	0.0	0.0	0.0	2.0	0.0	0.0	0.0	0.0	0.0	0.432768960305	1.0	1
1.0	6839.37353516	11.0	8.0	3543.95385742	5.0	5.0	126.343601227	0.0	-0.00372789450921	-0.980666875839	0.195649132133	37.1032257222	18.9280437846	-38.0270500183	64.8744049072	-60.2508010864	0.0528211796351	16.0	4.0	172.259997129	6.0	24.7800006866	0.997619548749	1.0	1
1.0	8034.79296875	10.0	6.0	4027.1652832	4.0	4.0	156.760000706	0.0	-0.00372789450921	-0.980666875839	0.195649132133	37.1032257222	18.9280437846	-38.0270500183	64.8744049072	-60.2508010864	0.455483123282	15.0	3.38000011444	122.973598003	6.0	24.7800006866	0.992685802978	1.0	1
1.0	10351.9316406	9.0	5.0	2853.22924805	5.0	5.0	65.7787996531	0.0	-0.00372824585065	-0.980663180351	0.195667564869	38.9013715511	16.7330821965	-29.039850235	51.3039474487	-74.8467025757	0.785607829158	6.0	7.73999977112	66.4799995422	2.0	17.0200004578	0.998654832496	1.0	1
1.0	6166.70117188	1.0	1.0	1394.6229248	1.0	1.0	41.1999983788	0.0	-0.993497788906	0.0	-0.113851204515	18.3954936857	2.32741047779	-49.3711471558	39.8618011475	-64.3890533447	0.738006817983	1.0	6.51999998093	4.71999979019	0.0	6.51999998093	-1.0	0.0	1
1.0	11084.40625	21.0	3.0	4659.27929688	2.0	1.0	60.0399985313	0.0	-0.993498206139	0.0	-0.1138478145	65.0971086954	1.80638420352	-57.8711471558	56.2083015442	-58.2432479858	0.852585616713	4.0	5.96000003815	51.5200014114	1.0	15.5600004196	0.999635113606	1.0	1
1.0	17480.1191406	20.0	4.0	3580.57299805	6.0	6.0	131.719997406	0.0	-0.993498206139	0.0	-0.1138478145	33.2146272665	1.80638420352	-57.8711471558	56.2083015442	-58.2432479858	0.852585616713	12.0	6.51999998093	129.840001583	2.0	16.7999992371	0.999995707389	1.0	1
1.0	19128.6601562	21.0	4.0	2772.26977539	5.0	5.0	145.399997711	0.0	0.993507921696	0.0	0.113763093948	21.2102879609	34.9492582108	-20.0077495575	37.5488014221	-77.2985992432	0.833186059171	1.0	21.3600006104	19.2000007629	1.0	18.4400005341	0.999999999937	1.0	1
1.0	10756.4873047	11.0	6.0	3345.46313477	1.0	1.0	100.40159893	0.0	0.0264289975166	0.970086097717	-0.241318121552	31.4224693435	3.79885039682	-48.8330535889	54.2268981934	-64.2002487183	0.704503609686	15.0	5.96000003815	189.960003853	3.0	21.7600002289	0.982551921687	1.0	1
1.0	4229.02392578	7.0	4.0	2552.87597656	3.0	3.0	52.5215992928	0.0	-0.0265261530876	-0.970082521439	0.24132181704	39.8089741665	1.04052940603	-29.5425987244	85.0740966797	-56.6513519287	0.517857395565	12.0	5.96000003815	105.762402013	1.0	11.0799999237	0.997838685096	1.0	1
1.0	9714.203125	2.0	1.0	3653.62719727	5.0	4.0	110.959997654	0.0	0.0265280082822	0.970083355904	-0.241318359971	29.1720109724	12.013614533	-49.992099762	52.2081985474	-63.8245506287	0.152252736087	8.0	5.96000003815	89.5200009346	0.0	21.3600006104	0.962405945792	1.0	1
1.0	7563.40869141	6.0	5.0	5877.95605469	5.0	4.0	160.80159688	0.0	0.0265280082822	0.970083355904	-0.241318359971	50.830545883	12.013614533	-49.992099762	52.2081985474	-63.8245506287	0.152252736087	17.0	5.96000003815	175.202402309	3.0	21.6399993896	0.997260617905	1.0	1
1.0	5441.31738281	1.0	1.0	2735.24389648	3.0	3.0	59.5199985504	0.0	-0.993497788906	0.0	-0.113851204515	18.3954936857	2.32741047779	-49.3711471558	39.8618011475	-64.3890533447	0.738006817983	3.0	6.51999998093	58.7600007057	0.0	26.3199996948	0.176122965178	1.0	1
1.0	10384.7548828	8.0	4.0	2741.06298828	3.0	3.0	129.039996147	0.0	-0.0265242271125	-0.970082819462	0.241320967674	28.7963986345	12.4439760183	-49.1365966797	50.5585021973	-61.4381484985	0.952991247216	4.0	6.51999998093	36.3200001717	1.0	15.9200000763	0.988217968537	1.0	1
1.0	4782.44189453	2.0	2.0	1193.81994629	1.0	1.0	38.2000002861	0.0	0.982119619846	-0.12913069129	-0.136990264058	6.65679338221	0.0	-46.6135025024	48.5499992371	-57.8275527954	0.493421482116	3.0	9.92000007629	37.4999990463	0.0	17.8199996948	-1.0	0.0	1
1.0	12945.2148438	24.0	11.0	4059.24951172	8.0	8.0	245.080001611	0.0	-0.982096791267	0.129213377833	0.137075766921	63.288025586	1.43296870253	-26.7338504791	79.9349517822	-53.5163993835	0.945135204756	13.0	1.77999997139	129.979998589	3.0	14.1599998474	0.999999988806	1.0	1
1.0	6373.15087891	5.0	2.0	1365.38500977	2.0	1.0	38.2000002861	0.0	0.982119619846	-0.12913069129	-0.136990264058	6.65679338221	40.6096222142	-46.6135025024	48.5499992371	-57.8275527954	0.493421482116	3.0	9.92000007629	37.4999990463	0.0	17.8199996948	0.299068274148	1.0	1
1.0	14533.1035156	17.0	8.0	3650.23291016	8.0	7.0	194.820001602	0.0	-0.982096552849	0.129215240479	0.137075737119	7.70761272194	24.4826448682	-25.1112499237	24.1263504028	-73.0140991211	0.575674205321	13.0	1.77999997139	136.900000572	3.0	20.5599994659	0.999999666782	1.0	1
1.0	3715.80200195	2.0	2.0	2260.45996094	2.0	2.0	52.9599995613	0.0	0.982119619846	-0.12913069129	-0.136990264058	6.65679338221	0.0	-46.6135025024	48.5499992371	-57.8275527954	0.493421482116	5.0	9.92000007629	77.9999990463	1.0	22.3400001526	0.427661722483	1.0	1
1.0	6057.16699219	8.0	4.0	3221.29003906	4.0	3.0	70.8799996562	0.0	-0.0849857926369	-0.953451454639	0.289322972298	39.5159469042	10.0600801971	-49.0709991455	44.2131004333	-60.7437515259	0.67346412757	6.0	9.92000007629	78.4400005341	2.0	22.3400001526	0.98996843419	1.0	1
1.0	7856.375	4.0	2.0	1780.14501953	3.0	2.0	71.8399992175	0.0	0.982119619846	-0.12913069129	-0.136990264058	39.4264687899	0.0	-46.6135025024	48.5499992371	-57.8275527954	0.493421482116	5.0	7.13999986649	50.1599988937	0.0	21.3999996185	0.957878700236	1.0	1
1.0	8951.91796875	6.0	4.0	2395.92407227	3.0	3.0	179.080001593	0.0	-0.982109844685	0.129116430879	0.137073785067	48.6850858751	2.010474025	-51.2895507812	52.1204986572	-58.0252990723	0.28566963409	7.0	9.92000007629	98.2199993134	3.0	20.5599994659	0.999975815881	1.0	1
1.0	4918.8671875	4.0	2.0	1426.74194336	1.0	1.0	38.2000002861	0.0	0.982119619846	-0.12913069129	-0.136990264058	6.65679338221	0.0	-46.6135025024	48.5499992371	-57.8275527954	0.493421482116	5.0	9.92000007629	53.8799996376	0.0	20.7999992371	0.329951300487	1.0	1
1.0	2925.87158203	5.0	0.0	2163.06616211	2.0	0.0	0.0	10.0	0.0	0.0	0.0	0.0	0.0	0.0	0.0	0.0	2.0	0.0	0.0	0.0	0.0	0.0	0.432768960305	1.0	1
1.0	2810.30712891	3.0	2.0	1317.43994141	1.0	1.0	84.140001297	2.50464370508	-0.497974634171	0.646240234375	0.578268826008	18.9833930954	10.4754480721	-28.171749115	57.2943992615	-71.8838043213	0.842991083002	0.0	0.0	0.0	0.0	0.0	-1.0	0.0	1
1.0	15490.6240234	22.0	8.0	2622.21850586	7.0	7.0	107.859999418	0.0	0.0412267819047	0.994554877281	-0.0957130491734	61.1400024584	11.4004980555	-0.247631013393	68.3120498657	-42.9852981567	0.790652956641	8.0	7.61999988556	107.819999218	0.0	25.3400001526	0.999999847065	1.0	1
1.0	2329.15722656	5.0	4.0	1798.58996582	2.0	2.0	104.88000083	0.0	0.0412717945874	0.994542598724	-0.0958207398653	31.7131566252	1.36267874849	-42.8822021484	63.5331497192	-51.6225509644	0.654495125618	4.0	4.98000001907	59.1999998093	1.0	15.8599996567	0.382713500568	1.0	1
1.0	4708.92431641	11.0	2.0	2802.40942383	6.0	2.0	25.8199999332	0.0	0.998190224171	-0.0287230163813	0.0528321042657	49.5299167225	38.0122436367	-42.3896026611	64.9916534424	-50.3470497131	0.702208468	2.0	14.9600000381	30.4800004959	1.0	16.1000003815	0.973179051797	1.0	1
1.0	8034.71044922	7.0	5.0	2726.60083008	3.0	3.0	194.177201509	0.0	-0.998190402985	0.0287185292691	-0.0528307259083	52.35922937	17.3629294394	0.0860555022955	58.4414520264	-46.1804504395	0.538971164727	1.0	8.06000041962	8.39999961853	0.0	8.06000041962	0.992238220693	1.0	1
1.0	8323.36230469	7.0	4.0	3426.52050781	6.0	5.0	169.737201214	0.0	0.998193562031	-0.0286156330258	0.0528271347284	32.5993394555	14.5329809639	-43.5048522949	43.9468994141	-62.2757492065	0.326631512786	3.0	13.8400001526	58.6999988556	0.0	24.0	0.985098936017	1.0	1
1.0	1631.56384277	6.0	4.0	1670.49963379	3.0	1.0	60.3863990158	0.0	0.0412674434483	0.994542837143	-0.0958203524351	23.8726275687	2.77213861056	-51.1091003418	58.1024475098	-54.2890472412	0.759623380092	6.0	4.98000001907	85.8200016022	2.0	16.1000003815	0.660204346644	1.0	1
1.0	3921.76367188	5.0	2.0	610.832580566	4.0	1.0	21.5	2.33854443069	0.524333834648	-0.844462633133	0.109347380698	29.5601338254	2.95171184324	0.0297499895096	85.428604126	-46.0495986938	0.983799017924	0.0	0.0	0.0	0.0	0.0	0.988557830699	1.0	1
1.0	3611.49511719	7.0	5.0	1925.41296387	2.0	2.0	55.9836001247	0.0	0.0412717945874	0.994542598724	-0.0958207398653	31.7131566252	1.36267874849	-42.8822021484	63.5331497192	-51.6225509644	0.654495125618	4.0	4.98000001907	58.1199998856	1.0	15.8599996567	0.188266947609	1.0	1
1.0	9065.05273438	8.0	7.0	2998.63525391	6.0	6.0	193.51720047	0.0	0.998193562031	-0.0286156330258	0.0528271347284	32.5993394555	14.5329809639	-43.5048522949	43.9468994141	-62.2757492065	0.326631512786	8.0	9.14000034332	135.919999123	2.0	15.8599996567	0.999816537684	1.0	1
1.0	5808.04589844	1.0	1.0	1198.64465332	2.0	2.0	43.2800006866	2.43098743659	0.524272203445	-0.645885705948	-0.554950714111	21.1532489118	0.0	-54.8404502869	41.6876983643	-62.68699646	0.817630314703	0.0	0.0	0.0	0.0	0.0	-1.0	0.0	1
1.0	11874.5917969	22.0	5.0	1038.14868164	3.0	3.0	37.2400000095	0.0	-0.0288555715233	0.963136911392	-0.267459571362	64.6668437117	3.110543119	-3.81003499031	63.1059989929	-29.2366485596	0.282664505481	5.0	10.6400003433	54.3600001335	1.0	16.1399993896	0.999806533378	1.0	1
1.0	18837.9960938	30.0	16.0	4585.39550781	11.0	11.0	288.079598036	0.0	-0.99950671196	-0.0309946667403	-0.00506161525846	24.6510897524	3.4409198653	-35.1885986328	14.1023006439	-67.1795043945	0.5447838592	16.0	4.34000015259	181.259998322	8.0	24.3199996948	1.0	1.0	1
1.0	20428.9140625	24.0	7.0	3859.21435547	8.0	7.0	204.559600916	0.0	-0.99950671196	-0.0309955403209	-0.00506546394899	65.1378502659	1.70461388415	-5.33291006088	64.4844055176	-29.6396999359	0.726929011157	5.0	4.34000015259	52.6200006008	3.0	24.3199996948	0.999999999632	1.0	1
1.0	13165.484375	8.0	4.0	1706.76220703	4.0	4.0	130.940000296	0.0	0.999506771564	0.0309935808182	0.00506159570068	38.0392050857	1.73161223221	-44.5424995422	29.3731002808	-70.0823974609	0.908728251407	2.0	12.3400001526	14.3200001717	2.0	24.3199996948	0.999884302044	1.0	1
1.0	1638.41467285	4.0	2.0	382.79598999	1.0	1.0	6.90000009537	2.72902911085	-0.550863146782	0.555844843388	0.622564315796	27.792267385	4.18515956839	-40.168598175	62.6334495544	-66.1061019897	0.908080952215	1.0	3.94000005722	0.0	1.0	3.94000005722	0.993415522941	1.0	1
1.0	9797.74023438	14.0	9.0	2489.64599609	3.0	3.0	152.819999456	0.0	0.0288006588817	-0.963111996651	0.267555177212	27.8026375107	13.9295023263	-39.584400177	73.7945022583	-54.5918998718	0.976348218108	7.0	8.38000011444	77.0199995041	6.0	25.8799991608	0.999960472463	1.0	1
1.0	2666.77832031	5.0	0.0	49.8059997559	1.0	0.0	0.0	10.0	0.0	0.0	0.0	0.0	0.0	0.0	0.0	0.0	2.0	0.0	0.0	0.0	0.0	0.0	0.432768960305	1.0	1
1.0	9173.08691406	12.0	7.0	2413.30273438	3.0	3.0	100.099999666	0.0	-0.999506950378	-0.0309879109263	-0.00506548024714	46.5710145781	11.6509661069	-41.9737014771	71.5867996216	-56.9325027466	0.0803375935786	9.0	3.94000005722	110.900000095	5.0	25.6000003815	0.999721146232	1.0	1
1.0	3623.32592773	2.0	1.0	975.860412598	1.0	1.0	3.8599998951	2.91761199527	0.512726962566	-0.736285030842	-0.441582858562	6.55714229195	0.0	-49.042049408	51.1325492859	-57.9130477905	0.372904866399	0.0	0.0	0.0	0.0	0.0	-1.0	0.0	1
1.0	8516.84277344	14.0	3.0	1911.83337402	4.0	3.0	37.220000267	0.0	-0.0130403237417	0.976928651333	-0.213167354465	25.5740665777	3.12111463072	-52.7122497559	31.3842506409	-65.3106994629	0.683632362345	2.0	10.1400003433	20.3400001526	1.0	12.6999998093	0.997347778354	1.0	1
1.0	15667.8720703	19.0	11.0	3078.53930664	8.0	8.0	333.699999392	0.0	-0.0130403237417	0.976928651333	-0.213167354465	43.6505917416	20.4476222225	-52.7122497559	31.3842506409	-65.3106994629	0.683632362345	8.0	1.55999994278	72.9200009108	4.0	22.8600006104	0.999950467484	1.0	1
1.0	11116.1738281	20.0	7.0	1983.86608887	4.0	4.0	98.2999991775	0.0	0.0130386389792	-0.976911365986	0.213246688247	57.2335116735	2.07174476843	-14.9674501419	79.1957015991	-64.247543335	0.0105935846888	4.0	1.55999994278	60.4800014496	2.0	21.3400001526	0.999821696825	1.0	1
1.0	7240.95263672	4.0	3.0	1017.44232178	2.0	2.0	87.0800005198	0.0	-0.997143089771	0.0	0.0755355358124	28.8043423187	3.1211142932	-46.5904006958	47.4464988708	-62.8932495117	0.779315710772	3.0	2.96000003815	6.97999989986	1.0	22.8600006104	0.885716556657	1.0	1
1.0	2195.55883789	3.0	0.0	497.364990234	1.0	0.0	0.0	10.0	0.0	0.0	0.0	0.0	0.0	0.0	0.0	0.0	2.0	0.0	0.0	0.0	0.0	0.0	0.432768960305	1.0	1
1.0	3409.25952148	3.0	2.0	1115.82897949	3.0	3.0	43.060000658	0.0	0.99713498354	0.0	-0.0756430327892	3.59789208601	10.5731375412	-20.8173999786	52.7655982971	-77.2182006836	0.734320898665	3.0	10.1400003433	40.4600009918	1.0	21.3400001526	0.433980540915	1.0	1
1.0	9020.91503906	7.0	5.0	1725.65380859	4.0	4.0	166.44000268	0.0	-0.997143089771	0.0	0.0755355358124	34.5588839962	3.1211142932	-46.5904006958	47.4464988708	-62.8932495117	0.779315710772	4.0	3.38000011444	27.3399996758	1.0	22.8600006104	0.982217869428	1.0	1
1.0	718.483032227	2.0	0.0	219.261993408	1.0	0.0	0.0	10.0	0.0	0.0	0.0	0.0	0.0	0.0	0.0	0.0	2.0	0.0	0.0	0.0	0.0	0.0	0.432768960305	1.0	1
1.0	8229.97558594	7.0	4.0	372.653198242	3.0	3.0	37.5000004768	0.0	0.997142195702	0.0	-0.0755478143692	23.1378655474	6.52561832031	-50.6820526123	47.9207000732	-54.6835479736	0.0735067707802	3.0	8.34000015259	36.8000001907	1.0	8.34000015259	0.968741395305	1.0	1
1.0	6110.04980469	2.0	1.0	489.422180176	1.0	1.0	31.7599999905	0.0	0.994902431965	0.0	-0.100842297077	30.2393988259	1.89722681088	-37.7942962646	45.3937988281	-71.7665557861	0.477465600846	1.0	5.61999988556	5.98000001907	1.0	5.61999988556	-1.0	0.0	1
1.0	20689.5214844	19.0	9.0	3085.05664062	7.0	7.0	275.898800611	0.0	0.506410956383	-0.0658336654305	-0.859775483608	60.6387771677	1.92294536822	-28.2077999115	78.7597045898	-50.5427474976	0.844249541604	10.0	5.61999988556	120.160001159	5.0	28.4599990845	0.999999999997	1.0	1
1.0	9522.18261719	15.0	3.0	1005.51776123	5.0	5.0	123.078000069	0.0	0.00915051903576	-0.994013309479	0.10887517035	36.612446432	3.14663025678	-48.6921005249	41.3348007202	-62.3708000183	0.169485362552	6.0	7.53999996185	86.0000014305	3.0	28.4599990845	0.991377340251	1.0	1
1.0	14954.5625	17.0	6.0	1512.90246582	5.0	5.0	152.097999334	0.0	-0.00924870744348	0.994012415409	-0.108875073493	44.3317228618	0.0	-59.5874481201	62.5361022949	-46.3540000916	0.931730080729	10.0	4.80000019073	134.880001545	5.0	28.4599990845	0.999995204676	1.0	1
1.0	6378.39160156	3.0	1.0	489.422180176	1.0	1.0	31.7599999905	0.0	0.994902431965	0.0	-0.100842297077	30.2393988259	1.89722681088	-37.7942962646	45.3937988281	-71.7665557861	0.477465600846	1.0	5.61999988556	5.98000001907	1.0	5.61999988556	0.0526856696892	1.0	1
1.0	6703.66015625	8.0	5.0	3863.75341797	3.0	3.0	160.517999649	0.0	0.994902431965	0.0	-0.100842297077	30.7961173586	1.55195497163	-57.8397979736	44.1943016052	-58.6221504211	0.629599205113	3.0	5.61999988556	56.3600010872	4.0	28.4599990845	0.986176227799	1.0	1
1.0	489.422180176	1.0	1.0	2740.4699707	2.0	1.0	21.8200004101	2.47720203506	-0.881467342377	0.360412299633	0.305152922869	12.8116562238	24.8798139962	-34.3930969238	57.0522499084	-71.0462036133	0.435877740869	0.0	0.0	0.0	0.0	0.0	0.894684061437	1.0	1
1.0	7596.32519531	6.0	5.0	5974.07714844	8.0	6.0	167.137999535	0.0	-0.00915051903576	0.994013309479	-0.10887517035	34.0856817778	17.683559456	-48.6921005249	41.3348007202	-62.3708000183	0.169485362552	5.0	5.61999988556	74.1600011587	5.0	28.4599990845	0.994155165149	1.0	1
1.0	6110.04980469	2.0	1.0	757.764160156	2.0	2.0	37.7200000286	0.0	0.994902431965	0.0	-0.100842297077	30.2393988259	22.9275060959	-37.7942962646	45.3937988281	-71.7665557861	0.477465600846	1.0	5.61999988556	5.98000001907	1.0	5.61999988556	0.0526856696892	1.0	1
1.0	11205.2431641	10.0	8.0	1332.13916016	5.0	5.0	144.159997463	0.0	-0.994902074337	0.0	0.10084592551	38.2606256834	34.2061730203	-9.49522018433	77.6538009644	-53.1018486023	0.735991612946	2.0	8.43999958038	11.1599997282	0.0	8.73999977112	0.998845479005	1.0	1
1.0	5406.6953125	1.0	1.0	571.763000488	1.0	1.0	16.7000000477	2.67070963469	0.72054463625	-0.0905420035124	-0.687471866608	16.4214335923	0.992487871014	-40.8240966797	65.1235961914	-66.5557479858	0.585381853437	0.0	0.0	0.0	0.0	0.0	-1.0	0.0	1
1.0	16592.8535156	14.0	3.0	1005.79626465	4.0	3.0	66.0600001812	0.0	-0.998334825039	-0.033651702106	0.046852748841	34.5185432887	2.63405479366	-3.50125980377	58.7463493347	-43.0072479248	0.957114637033	6.0	3.57999992371	46.8000006676	0.0	23.3400001526	0.99999845952	1.0	1
1.0	10626.0400391	17.0	7.0	2206.50512695	6.0	5.0	57.3932010308	0.0	0.99833470583	0.0336534678936	-0.0468537993729	45.7256663835	2.77946450239	-42.1166496277	36.6672515869	-73.4888458252	0.758282885543	4.0	6.13999986649	23.6596003808	2.0	17.6399993896	0.997870701573	1.0	1
1.0	12047.7421875	17.0	7.0	2190.58642578	5.0	5.0	85.6199996471	0.0	0.047255050391	-0.972107946873	0.229723840952	1.91139528607	0.992506851163	-29.4081497192	23.5041007996	-74.0847015381	0.301327515944	5.0	3.59999990463	58.3200006485	1.0	14.4600000381	0.999948592495	1.0	1
1.0	7174.37792969	5.0	2.0	622.412963867	2.0	2.0	27.2600004673	0.0	0.0472551360726	-0.972107887268	0.229724273086	2.1898234572	11.6259615857	-15.003950119	59.8712005615	-76.8322982788	0.193295741552	1.0	9.42000007629	9.42000007629	0.0	9.42000007629	0.679599211833	1.0	1
1.0	4982.50878906	7.0	3.0	1864.03100586	3.0	3.0	58.0199992657	0.0	0.99833458662	0.0336564965546	-0.0468544140458	35.8120866237	20.0633876717	-47.5076980591	50.539352417	-62.0115509033	0.599170146646	2.0	5.30000019073	23.6000003815	1.0	17.3799991608	0.994449740975	1.0	1
1.0	3958.00415039	3.0	3.0	3803.61230469	5.0	4.0	109.138799816	0.0	0.998336076736	0.0337465107441	-0.0467574745417	11.1798169226	27.8300699693	-23.1278991699	71.3823013306	-69.5440063477	0.6917630286	4.0	8.0	41.5000014864	2.0	9.57999992371	0.937812473595	1.0	1
1.0	4158.76074219	12.0	6.0	3264.36230469	4.0	4.0	111.240000486	0.0	-0.0472551360726	0.972107887268	-0.229724273086	11.6259615857	31.4146762791	-15.003950119	59.8712005615	-76.8322982788	0.193295741552	2.0	9.42000007629	18.1400003433	1.0	9.57999992371	0.999393639964	1.0	1
1.0	6460.84521484	6.0	3.0	964.854003906	2.0	2.0	51.6199994087	0.0	-0.998335182667	-0.0336497686803	0.046846460551	10.6104223587	0.0	-27.8950500488	50.9491500854	-75.8249511719	0.842455005028	0.0	0.0	0.0	1.0	14.4600000381	0.966714726678	1.0	1
1.0	8195.73535156	9.0	7.0	3260.06689453	4.0	4.0	138.676399454	0.0	0.998334407806	0.0336566083133	-0.0468581728637	43.7502308723	20.5491494806	-34.2392997742	53.2139511108	-72.8796539307	0.486840693821	7.0	8.0	99.4800010286	2.0	9.57999992371	0.988238544976	1.0	1
1.0	5078.49658203	1.0	1.0	1023.09552002	2.0	1.0	5.69999980927	0.0	-0.106013216078	0.937814891338	-0.330551713705	0.0	1.22501345312	-44.5907516479	44.5802993774	-61.4887504578	0.153234234699	1.0	23.0599994659	21.1200008392	0.0	23.0599994659	-1.0	0.0	1
1.0	14677.6572266	17.0	9.0	4060.62011719	8.0	6.0	204.260000825	0.0	-0.993543207645	-0.113420881331	-0.00275124004111	39.957327599	15.8425166774	-45.0028991699	43.2702484131	-63.6446495056	0.560111530476	7.0	1.12000000477	94.8199987411	2.0	14.8800001144	0.99997527991	1.0	1
1.0	8829.59960938	13.0	1.0	1023.09552002	2.0	1.0	11.8199996948	0.0	-0.106013216078	0.937814891338	-0.330551713705	41.5294981987	1.22501345312	-44.5907516479	44.5802993774	-61.4887504578	0.153234234699	2.0	23.0599994659	45.0400009155	0.0	23.0599994659	0.554361354348	1.0	1
1.0	15773.53125	21.0	11.0	2873.99633789	6.0	6.0	162.974000365	0.0	-0.106013379991	0.93781465292	-0.330552250147	11.7895220384	31.3904550797	-12.313750267	30.2449989319	-81.0736541748	0.440707619372	8.0	1.12000000477	81.3199987411	4.0	14.8800001144	0.999999352996	1.0	1
1.0	6030.84179688	6.0	5.0	3053.16333008	5.0	5.0	98.5199987888	0.0	0.993542850018	0.113424226642	0.00275123887695	39.7315010613	24.7035841629	-23.7049999237	75.1833496094	-64.7567520142	0.363939872558	8.0	12.1199998856	94.3999991417	2.0	16.4799995422	0.976557912916	1.0	1
1.0	1161.83203125	2.0	2.0	1293.29833984	3.0	2.0	7.28000020981	1.89540762541	0.946245789528	0.00723648723215	-0.323367446661	10.615203911	13.6998685912	-51.0504989624	56.4363021851	-57.4546508789	0.268555387941	1.0	26.3199996948	11.0399999619	0.0	26.3199996948	0.974959849092	1.0	1
1.0	4282.24707031	2.0	1.0	137.133895874	2.0	1.0	0.0	10.0	0.0	0.0	0.0	0.0	0.0	0.0	0.0	0.0	2.0	1.0	25.2399997711	11.0200004578	0.0	25.2399997711	0.0524039522483	1.0	1
1.0	9522.89746094	4.0	3.0	1939.21142578	4.0	4.0	157.559998274	0.0	-0.106110662222	0.937794685364	-0.330577790737	28.5076166349	13.3657518119	-27.4832992554	73.497253418	-63.0340499878	0.493405766654	2.0	1.12000000477	12.8400001526	2.0	14.8800001144	0.99891083239	1.0	1
1.0	1668.99804688	4.0	0.0	679.526977539	1.0	0.0	0.0	10.0	0.0	0.0	0.0	0.0	0.0	0.0	0.0	0.0	2.0	0.0	0.0	0.0	0.0	0.0	0.432768960305	1.0	1
1.0	7707.65722656	6.0	6.0	3160.18603516	4.0	4.0	68.5200003386	0.0	0.106009885669	-0.937815189362	0.330551832914	36.8444277924	1.987374645	-46.7973480225	63.7635993958	-52.6882514954	0.262645248336	8.0	1.22000002861	93.7799984217	3.0	16.4799995422	0.992824767981	1.0	1
1.0	5335.14501953	2.0	2.0	572.396972656	1.0	1.0	26.4800000191	0.0	0.992685317993	-0.0704838335514	-0.0980198904872	36.1761362476	3.12840371267	-28.7322502136	49.5179977417	-73.7053527832	0.449087330676	1.0	18.1399993896	16.6599998474	0.0	18.1399993896	-1.0	0.0	1
1.0	6343.07080078	17.0	1.0	1080.32568359	3.0	1.0	31.1600008011	2.97472687437	-0.371014922857	0.703698039055	0.605934798717	56.5218138533	10.0059811206	-15.8758506775	76.351600647	-67.417755127	0.946705904891	0.0	0.0	0.0	0.0	0.0	0.984022211784	1.0	1
1.0	913.91796875	3.0	1.0	1573.04370117	1.0	1.0	14.4000000954	3.95631141555	-0.906409978867	0.237888351083	0.349041581154	3.12840371267	2.3681723164	-35.2977981567	51.3422470093	-71.0258483887	0.967951919103	0.0	0.0	0.0	0.0	0.0	0.564794005421	1.0	1
1.0	6266.85791016	15.0	3.0	2166.03491211	2.0	2.0	64.8199994564	2.89877555912	-0.0490997619927	0.998501062393	0.02418230474	49.2925739184	24.6776837437	-3.35211992264	55.4174499512	-60.2034988403	0.163983585371	0.0	0.0	0.0	0.0	0.0	0.980409569472	1.0	1
1.0	6822.71435547	5.0	3.0	2412.55200195	3.0	3.0	81.9799990654	0.0	0.992685317993	-0.0704838335514	-0.0980198904872	36.1761362476	27.0529587923	-28.7322502136	49.5179977417	-73.7053527832	0.449087330676	1.0	18.1399993896	16.6599998474	0.0	18.1399993896	0.932808357529	1.0	1
1.0	5536.66796875	6.0	2.0	954.573974609	4.0	3.0	70.57999897	0.0	-0.992685556412	0.0704803317785	0.0980200022459	48.4402281424	17.6801174326	-11.5935497284	73.0505981445	-70.3593444824	0.95891897569	1.0	8.96000003815	7.71999979019	0.0	8.96000003815	0.99747313233	1.0	1
1.0	11636.1982422	9.0	5.0	1100.98205566	2.0	2.0	119.440000296	0.0	0.0588467232883	0.984721601009	-0.163891464472	55.6157775065	0.0	-33.0400505066	70.681098938	-63.1232528687	0.853239688703	1.0	14.3199996948	16.2800006866	0.0	14.3199996948	0.999145835006	1.0	1
1.0	7923.65283203	9.0	3.0	908.751708984	3.0	2.0	44.8999989033	0.0	0.992685556412	-0.0704803317785	-0.0980200022459	64.0712657951	17.1308579877	-11.5935497284	73.0505981445	-70.3593444824	0.95891897569	1.0	8.96000003815	7.71999979019	0.0	8.96000003815	0.970917331214	1.0	1
1.0	7140.50927734	6.0	4.0	1935.58691406	2.0	2.0	83.9303994179	0.0	0.992685317993	-0.0704838335514	-0.0980198904872	37.5726997119	21.2661267992	-28.7322502136	49.5179977417	-73.7053527832	0.449087330676	1.0	18.1399993896	16.6599998474	1.0	6.05999994278	0.924151070608	1.0	1
1.0	11207.1054688	7.0	4.0	2151.5637207	4.0	4.0	145.179997444	0.0	0.0587527565658	0.984723746777	-0.163912504911	19.5889761925	0.0	-45.6686019897	28.4066505432	-71.4647521973	0.638826361941	4.0	8.96000003815	43.8599991798	1.0	22.2800006866	0.998380966771	1.0	1
1.0	7513.66113281	1.0	1.0	980.444946289	1.0	1.0	46.0599992275	3.00923737303	0.596537351608	-0.522030770779	-0.609612226486	14.0061050633	1.833762227	-55.2145996094	47.4713516235	-67.650100708	0.563634061427	0.0	0.0	0.0	0.0	0.0	-1.0	0.0	2
1.0	16520.3300781	9.0	4.0	539.230773926	3.0	3.0	86.8463993073	0.0	0.0584566630423	0.987323105335	-0.147566571832	51.0181457365	1.48139847159	-37.9494018555	44.3488464355	-73.8936462402	0.899462188831	4.0	13.1400003433	44.5199995041	0.0	25.2999992371	0.999994113475	1.0	2
1.0	8116.19433594	2.0	2.0	377.911987305	1.0	1.0	51.1999995708	0.0	0.0584516562521	0.98730880022	-0.147664278746	28.649408586	0.0	-36.9804000854	45.0049514771	-75.5283966064	0.471744585505	2.0	10.3199996948	23.5599994659	0.0	13.1400003433	0.0256123925259	1.0	2
1.0	13412.3632812	7.0	2.0	1098.5090332	2.0	2.0	122.739998579	1.91274412255	-0.473408550024	0.825375914574	0.307634472847	35.6240289188	31.9498800168	-21.9422988892	37.8214492798	-81.8324508667	0.682333893664	0.0	0.0	0.0	0.0	0.0	0.987901046142	1.0	2
1.0	7647.63134766	12.0	2.0	2097.63500977	2.0	2.0	47.5600004196	2.5014395384	0.520029246807	0.841725647449	-0.145146548748	33.8273265453	23.3695362786	-54.2477493286	40.6637992859	-69.6855010986	0.601623019501	0.0	0.0	0.0	0.0	0.0	0.944153513036	1.0	2
1.0	12049.609375	8.0	4.0	2515.45800781	3.0	3.0	169.139997721	0.0	0.997889816761	-0.0560521669686	-0.0327736921608	58.8004832772	18.5800772487	-33.1429977417	75.5748519897	-63.6989517212	0.240572179754	4.0	6.40000009537	50.3599989414	1.0	6.40000009537	0.999477157055	1.0	2
1.0	7107.75146484	3.0	2.0	1421.86535645	3.0	3.0	51.6599991322	0.0	-0.0584620460868	-0.987305819988	0.147680014372	27.6394217206	15.261238638	-37.8957977295	45.2540969849	-74.029006958	0.0389996192857	8.0	6.40000009537	99.4599983692	1.0	6.40000009537	0.112968330034	1.0	2
1.0	10175.3691406	10.0	4.0	2323.58569336	4.0	4.0	106.939998865	0.0	0.0584564954042	0.987324416637	-0.14755782485	57.055862404	20.8814432632	-28.7712993622	74.8753509521	-63.7755508423	0.927598641666	6.0	6.40000009537	76.0399982929	2.0	18.0599994659	0.99362821944	1.0	2
1.0	8301.36132812	6.0	3.0	377.911987305	1.0	1.0	51.1999995708	0.0	0.0584516562521	0.98730880022	-0.147664278746	28.649408586	0.0	-36.9804000854	45.0049514771	-75.5283966064	0.471744585505	2.0	10.3199996948	23.5599994659	0.0	13.1400003433	0.216123091717	1.0	2
1.0	8051.75976562	10.0	1.0	494.666595459	3.0	1.0	0.0	4.13702789102	0.158709019423	-0.791225552559	-0.590570569038	48.3559988657	0.0	-13.2112503052	75.2252044678	-68.9613037109	0.167558418582	0.0	0.0	0.0	0.0	0.0	0.993487218514	1.0	2
1.0	3909.4987793	2.0	1.0	1095.57092285	1.0	1.0	5.40000009537	0.0	-0.105033896863	-0.992557048798	-0.0616312026978	0.99299030582	2.08641285822	-43.4657516479	57.0085983276	-53.554397583	0.571458512707	1.0	11.6000003815	9.27999973297	0.0	11.6000003815	-1.0	0.0	2
1.0	9015.61523438	5.0	2.0	294.121307373	3.0	3.0	38.4400000572	2.20487192573	-0.272765308619	-0.553302407265	-0.787055015564	56.8663245487	0.0	-10.1741695404	76.1194458008	-59.3100509644	0.420913980408	3.0	13.720000267	30.9000000954	0.0	26.0200004578	0.977347406344	1.0	2
1.0	7169.41113281	10.0	5.0	988.165039062	3.0	3.0	94.6000003815	0.0	-0.995600163937	0.0935352891684	-0.00560414744541	32.6859671027	2.08650369921	-47.3500976562	65.5768508911	-47.6051483154	0.436545844624	4.0	8.06000041962	43.1000003815	0.0	25.0200004578	0.994915539067	1.0	2
1.0	12525.2714844	8.0	4.0	1008.22058105	4.0	4.0	121.060000896	0.0	-0.105033896863	-0.992557048798	-0.0616312026978	22.8737974879	2.08641285822	-43.4657516479	57.0085983276	-53.554397583	0.420477526529	6.0	8.06000041962	66.6999988556	1.0	12.0200004578	0.999926935737	1.0	2
1.0	1458.95141602	7.0	2.0	529.442993164	1.0	1.0	16.8800001144	0.0	0.105033896863	0.992557048798	0.0616312026978	19.5842685038	0.99299030582	-43.4657516479	57.0085983276	-53.554397583	0.571458512707	3.0	11.6000003815	50.9800004959	0.0	23.7999992371	0.82949776802	1.0	2
1.0	10348.4824219	6.0	2.0	1159.84924316	2.0	2.0	78.4000005722	0.0	-0.105033896863	-0.992557048798	-0.0616312026978	22.8737974879	2.08641285822	-43.4657516479	57.0085983276	-53.554397583	0.420477526529	2.0	11.6000003815	20.6399993896	0.0	11.6000003815	0.990064455162	1.0	2
1.0	5566.67041016	6.0	3.0	1044.5222168	2.0	2.0	30.1000003815	0.0	0.995599925518	-0.0935385450721	0.00560050318018	0.0	18.1861243702	-27.9846000671	57.6465530396	-66.1071472168	0.699702016524	6.0	8.06000041962	61.4199991226	0.0	19.7600002289	0.615983277287	1.0	2
1.0	10514.3271484	10.0	6.0	1647.39685059	2.0	2.0	130.640001297	0.0	-0.995600163937	0.0935352891684	-0.00560414744541	35.7211011126	2.08650369921	-47.3500976562	65.5768508911	-47.6051483154	0.436545844624	10.0	8.06000041962	116.839999676	0.0	25.0200004578	0.999413548911	1.0	2
1.0	6561.67919922	6.0	2.0	1847.38757324	3.0	2.0	26.8600010872	0.0	-0.105033896863	-0.992557048798	-0.0616312026978	0.99299030582	4.25960810944	-43.4657516479	57.0085983276	-53.554397583	0.571458512707	2.0	11.6000003815	17.8599996567	0.0	23.8600006104	0.950709767168	1.0	2
1.0	8118.38476562	6.0	4.0	777.897155762	4.0	4.0	120.620001316	0.0	-0.995600163937	0.0935352891684	-0.00560414744541	35.7211011126	2.08650369921	-47.3500976562	65.5768508911	-47.6051483154	0.436545844624	9.0	8.06000041962	121.179999352	0.0	23.7999992371	0.966972601711	1.0	2
1.0	4971.23144531	1.0	0.0	1081.19494629	1.0	0.0	0.0	10.0	0.0	0.0	0.0	0.0	0.0	0.0	0.0	0.0	2.0	0.0	0.0	0.0	0.0	0.0	0.432768960305	0.0	2
1.0	14047.0253906	10.0	7.0	1000.33996582	3.0	3.0	155.699997425	0.0	-0.999344348907	0.0346956290305	0.0103505048901	43.1465972751	2.10111839061	-47.0159988403	38.2615509033	-67.4174041748	0.585700311622	1.0	4.48000001907	4.61999988556	2.0	24.4599990845	0.999931596716	1.0	2
1.0	10092.5566406	7.0	5.0	2582.01220703	6.0	5.0	142.044000037	0.0	0.0334209725261	0.984704256058	-0.170998737216	55.0062007065	19.0792686519	-44.4627532959	61.6847000122	-64.2715988159	0.922258608777	4.0	4.48000001907	28.6399998665	2.0	29.1200008392	0.999757509913	1.0	2
1.0	10240.5546875	10.0	7.0	2522.28173828	5.0	5.0	223.42000103	0.0	-0.999347388744	0.0346089117229	0.0103437146172	12.5461883287	21.5801498679	-25.9916992188	31.9818992615	-73.915802002	0.608485352403	3.0	8.68000030518	32.8400001526	1.0	20.5599994659	0.999692574831	1.0	2
1.0	7618.56494141	6.0	6.0	1301.15759277	3.0	3.0	92.9640015438	0.0	-0.0334194973111	-0.984706580639	0.170985803008	23.5678613661	13.153333328	-24.6801490784	79.9116516113	-58.6967010498	0.113816353739	4.0	6.86000013351	32.1799998283	0.0	10.1800003052	0.857917283665	1.0	2
1.0	7247.62451172	12.0	6.0	1005.22698975	3.0	3.0	111.380000114	0.0	-0.999347388744	0.0346089117229	0.0103437146172	60.0098056722	21.5801498679	-25.9916992188	31.9818992615	-73.915802002	0.608485352403	2.0	10.0600004196	19.6199998856	0.0	13.6999998093	0.993472966298	1.0	2
1.0	10632.8242188	6.0	2.0	2461.32299805	3.0	1.0	52.2599992752	2.36091714947	0.17877818644	-0.362525701523	-0.91466575861	47.8052793947	23.1850195368	-2.44058990479	59.5886497498	-61.8784484863	0.995236110998	0.0	0.0	0.0	0.0	0.0	0.987420163598	1.0	2
1.0	8805.13867188	7.0	4.0	2965.42163086	5.0	3.0	59.5599989891	0.0	0.0334208607674	0.984704375267	-0.170998156071	16.2308528947	34.4267382266	-21.7038497925	43.7528991699	-79.6446990967	0.819519380299	1.0	8.68000030518	10.4600000381	0.0	8.68000030518	0.992458176819	1.0	2
1.0	9628.79882812	10.0	7.0	2639.015625	4.0	4.0	153.839999199	0.0	-0.0334272794425	-0.984706878662	0.170982390642	17.3733733322	2.10724208461	-3.29473495483	75.9307556152	-38.4398002625	0.903387507543	3.0	4.48000001907	20.6999998093	2.0	4.48000001907	0.999888593165	1.0	2
1.0	14435.1054688	8.0	5.0	1999.21704102	3.0	3.0	120.060001373	0.0	-0.999344348907	0.0346956290305	0.0103505048901	50.6205566405	14.5723063385	-37.0640983582	35.1411514282	-70.6607971191	0.845050007967	1.0	13.6999998093	11.9200000763	1.0	20.5599994659	0.999992629947	1.0	2
1.0	3649.70288086	2.0	2.0	555.594970703	1.0	1.0	47.0200014114	3.15935597702	0.716356158257	0.674308478832	-0.179281622171	2.31865211659	14.6021521465	-19.7872505188	45.6051025391	-80.0485534668	0.584348164106	0.0	0.0	0.0	0.0	0.0	-1.0	0.0	2
1.0	10092.1044922	9.0	5.0	1112.01025391	3.0	3.0	132.060001373	0.0	0.0461934134364	0.993750333786	-0.101619325578	60.1677214711	19.5572621079	-7.05484008789	58.7676506042	-75.7406005859	0.319573252964	3.0	11.3599996567	38.92000103	1.0	12.3199996948	0.995600414264	1.0	2
1.0	8523.11035156	3.0	1.0	2758.76196289	2.0	2.0	96.860001564	1.42653780161	-0.0461911410093	-0.993750154972	0.101621821523	54.4024982761	26.5346723888	-22.3786010742	39.1689491272	-78.7835006714	0.969841706607	0.0	0.0	0.0	0.0	0.0	0.956103589403	1.0	2
1.0	9015.12109375	7.0	5.0	3465.15014648	5.0	5.0	203.340001583	0.0	-0.998025774956	0.0331841483712	-0.053323443979	31.6312127884	27.3538830152	-38.9618988037	48.9056015015	-67.6471557617	0.781385248858	5.0	9.02000045776	62.3400011063	2.0	12.3199996948	0.986743557579	1.0	2
1.0	1283.24291992	2.0	1.0	1534.85083008	2.0	1.0	15.4600000381	0.0	0.998025774956	-0.0331841483712	0.053323443979	0.0	23.0771998883	-38.9618988037	48.9056015015	-67.6471557617	0.781385248858	1.0	12.5600004196	12.0	0.0	12.5600004196	0.357846978119	1.0	2
1.0	7014.67578125	8.0	4.0	5060.57519531	4.0	4.0	143.060000181	0.0	0.046189840883	0.993750751019	-0.101616896689	48.5617856807	24.8727320432	-18.4414997101	52.8297996521	-78.5731964111	0.775998676147	4.0	8.47999954224	78.5000004768	1.0	29.3600006104	0.968150572116	1.0	2
1.0	4198.546875	7.0	4.0	1591.4050293	2.0	2.0	120.20000124	0.0	0.998025774956	-0.0331841483712	0.053323443979	31.158026743	23.0771998883	-38.9618988037	48.9056015015	-67.6471557617	0.781385248858	1.0	12.5600004196	12.0	0.0	12.5600004196	0.0526857243732	1.0	2
1.0	9144.91113281	7.0	4.0	4577.20556641	5.0	5.0	197.319999695	0.0	0.998022913933	-0.0332723930478	0.0533217936754	31.5059936695	30.0307463398	-45.9054489136	51.643447876	-62.5100479126	0.52174490924	7.0	2.07999992371	101.92000103	2.0	29.3600006104	0.997112493252	1.0	2
1.0	3625.67016602	3.0	3.0	190.856292725	1.0	1.0	34.3200008869	0.0	-0.998022854328	0.0332719422877	-0.0533231087029	15.86762799	3.5255290604	-18.9584999084	55.4991493225	-77.4356536865	0.0297962844835	2.0	11.3599996567	25.1199998856	0.0	14.5600004196	0.287016710555	1.0	2
1.0	9970.16308594	4.0	1.0	555.594970703	1.0	1.0	47.0200014114	3.15935597702	0.716356158257	0.674308478832	-0.179281622171	53.9516858031	14.6021521465	-19.7872505188	45.6051025391	-80.0485534668	0.584348164106	0.0	0.0	0.0	0.0	0.0	0.995264100719	1.0	2
1.0	6302.47119141	1.0	1.0	1611.25085449	1.0	1.0	43.6000003815	0.0	0.994935870171	0.0	-0.100511498749	37.4688731716	1.80718387166	-48.3471984863	57.0171012878	-55.7938499451	0.504880544355	4.0	22.2600002289	60.1999995708	0.0	26.6599998474	-1.0	0.0	2
1.0	11241.2304688	11.0	6.0	3413.67089844	4.0	4.0	150.088798061	0.0	0.994935870171	0.0	-0.100511580706	35.7639231001	1.01643637979	-13.7399997711	79.4160003662	-59.0582504272	0.0257975046094	10.0	3.0	140.21999836	3.0	22.0599994659	0.999955178847	1.0	2
1.0	6983.35986328	5.0	3.0	2075.69995117	1.0	1.0	46.2988003641	0.0	-0.994935870171	0.0	0.100511498749	41.6287510521	0.0	-48.3471984863	57.0171012878	-55.7938499451	0.312161268257	6.0	19.0	60.5200006962	1.0	13.220000267	0.304261331485	1.0	2
1.0	5601.10693359	16.0	10.0	3287.63085938	3.0	3.0	97.1887993962	0.0	0.994935870171	0.0	-0.100511580706	35.7639231001	1.01643637979	-13.7399997711	79.4160003662	-59.0582504272	0.0257975046094	6.0	3.0	61.9999995232	3.0	22.0599994659	0.975163020491	1.0	2
1.0	9165.73828125	10.0	4.0	2423.38891602	3.0	2.0	109.300000548	0.0	0.994935870171	0.0	-0.100511498749	47.5682497056	20.0794676989	-48.3471984863	57.0171012878	-55.7938499451	0.504880544355	7.0	4.88000011444	77.8199999332	2.0	6.69999980927	0.988104182556	1.0	2
1.0	11201.9570312	12.0	6.0	2886.54394531	4.0	4.0	114.108798757	0.0	0.00609921664	-0.998385488987	0.0564731173217	38.668728255	1.50103406399	-51.1247024536	25.4677505493	-65.8000946045	0.149360256058	9.0	3.0	86.2800002098	5.0	23.1800003052	0.999862673708	1.0	2
1.0	6921.50292969	6.0	3.0	2223.54785156	2.0	2.0	54.9000003338	0.0	0.994935870171	0.0	-0.100511498749	47.5682497056	33.2258783517	-48.3471984863	57.0171012878	-55.7938499451	0.504880544355	4.0	22.2600002289	60.1999995708	0.0	26.6599998474	0.637589480805	1.0	2
1.0	8725.64453125	10.0	6.0	1104.70397949	3.0	3.0	44.3987999111	0.0	-0.00619621947408	0.998390734196	-0.0563702099025	47.1962219749	6.55004900016	-43.2473526001	40.7635993958	-65.9584503174	0.74741223919	4.0	18.6000003815	43.4199995995	1.0	18.6000003815	0.989853732725	1.0	2
1.0	7868.07080078	1.0	1.0	45.6509017944	1.0	1.0	3.25999999046	0.0	-0.00619874475524	0.998390138149	-0.056379865855	31.1426386486	1.01633035592	-21.1248512268	74.7747497559	-59.5582504272	0.551246536019	1.0	9.26000022888	8.03999996185	0.0	9.26000022888	0.384743305624	1.0	2
1.0	9356.87011719	11.0	5.0	2377.54589844	4.0	4.0	151.509999752	0.0	-0.00619621947408	0.998390734196	-0.0563702099025	47.1962219749	6.55004900016	-43.2473526001	40.7635993958	-65.9584503174	0.678699862263	5.0	3.0	77.120000124	1.0	18.6000003815	0.997167703675	1.0	2
1.0	5940.28320312	1.0	1.0	1719.67797852	1.0	1.0	23.4400002956	0.0	0.747691571712	0.657489299774	-0.0930866003036	33.0140162912	2.85470941177	-54.2666015625	57.5335006714	-58.6833992004	0.881187096244	3.0	5.71999979019	13.5119998883	3.0	25.0200004578	-1.0	0.0	2
1.0	9716.87792969	7.0	3.0	4401.1953125	3.0	3.0	115.63800025	0.0	0.747691571712	0.657489299774	-0.0930866003036	39.7999217868	2.85470941177	-54.2666015625	57.5335006714	-58.6833992004	0.881187096244	3.0	5.71999979019	13.5119998883	4.0	25.0200004578	0.997536348383	1.0	2
1.0	7403.15234375	1.0	1.0	256.80859375	2.0	2.0	32.0439999104	0.0	0.0429155752063	0.985951006413	-0.161427542567	35.1346279742	1.79015322281	-48.3798980713	64.6258468628	-58.4312515259	0.0911300001949	4.0	1.77999997139	24.279999733	1.0	1.77999997139	0.0722491123938	1.0	2
1.0	9255.73925781	9.0	5.0	3512.89355469	3.0	3.0	150.897999525	0.0	0.689930737019	-0.711906015873	0.131093099713	29.4339390258	1.79008531303	-59.7102508545	47.0462493896	-57.0674514771	0.851780746943	6.0	1.20000004768	53.8999991417	5.0	25.0200004578	0.999833845288	1.0	2
1.0	5296.79199219	1.0	1.0	1719.67797852	1.0	1.0	15.2599999905	0.0	0.998985469341	-0.0365958921611	0.0262444559485	14.9097167553	3.57419018784	-50.5065498352	57.9895019531	-58.6824493408	0.606688395511	2.0	6.96000003815	13.486399889	2.0	25.0200004578	0.269516843024	1.0	2
1.0	10961.9892578	7.0	2.0	446.67300415	1.0	1.0	31.3999996185	0.0	-0.0429155752063	-0.985951006413	0.161427542567	50.5849833132	2.14479137604	-48.3798980713	64.6258468628	-58.4312515259	0.531449402234	9.0	5.17999982834	82.7863991261	6.0	17.1599998474	0.995310474487	1.0	2
1.0	7541.02685547	7.0	1.0	1719.67797852	1.0	1.0	23.4400002956	0.0	0.747691571712	0.657489299774	-0.0930866003036	24.4980463423	2.85470941177	-54.2666015625	57.5335006714	-58.6833992004	0.881187096244	3.0	5.71999979019	13.5119998883	3.0	25.0200004578	0.921493974418	1.0	2
1.0	6071.87841797	9.0	4.0	5158.04589844	4.0	2.0	45.2620003223	0.0	0.747691571712	0.657489299774	-0.0930866003036	39.7999217868	2.85470941177	-54.2666015625	57.5335006714	-58.6833992004	0.881187096244	8.0	1.77999997139	59.7456002664	5.0	14.6199998856	0.975941877818	1.0	2
1.0	7308.48242188	8.0	3.0	2257.11694336	2.0	2.0	138.600000143	0.0	0.747691571712	0.657489299774	-0.0930866003036	36.4978695083	2.85470941177	-54.2666015625	57.5335006714	-58.6833992004	0.881187096244	3.0	5.71999979019	13.5119998883	3.0	25.0200004578	0.901544509731	1.0	2
1.0	11081.0966797	11.0	4.0	989.63269043	4.0	4.0	106.544000149	0.0	0.998985350132	-0.0365989468992	0.0262444522232	39.0915784513	2.74688695177	-55.5615501404	57.1707992554	-57.3494491577	0.768060805051	7.0	1.77999997139	80.1555981636	4.0	25.0200004578	0.999983387788	1.0	2
1.0	5622.07958984	1.0	0.0	552.294311523	1.0	0.0	0.0	10.0	0.0	0.0	0.0	0.0	0.0	0.0	0.0	0.0	2.0	0.0	0.0	0.0	0.0	0.0	0.432768960305	0.0	2
1.0	10948.9033203	10.0	4.0	2913.97021484	4.0	2.0	66.8800001144	0.0	0.999825954437	0.0	0.0186565238982	49.0649728571	30.0625093555	-27.7700996399	79.1596984863	-55.9215507507	0.388563322109	3.0	7.94000005722	53.5399990082	1.0	22.8600006104	0.998324554891	1.0	2
1.0	6454.97509766	2.0	0.0	552.294311523	1.0	0.0	0.0	10.0	0.0	0.0	0.0	0.0	0.0	0.0	0.0	0.0	2.0	0.0	0.0	0.0	0.0	0.0	0.432768960305	1.0	2
1.0	9325.28125	16.0	7.0	1822.18334961	4.0	4.0	105.058800817	0.0	0.999825954437	0.0	0.0186565238982	2.39206889736	1.535044209	-22.976398468	37.0186004639	-78.8711547852	0.764259985513	1.0	8.85999965668	8.27999973297	2.0	22.9799995422	0.996647941155	1.0	2
1.0	5660.75488281	2.0	0.0	552.294311523	1.0	0.0	0.0	10.0	0.0	0.0	0.0	0.0	0.0	0.0	0.0	0.0	2.0	0.0	0.0	0.0	0.0	0.0	0.432768960305	1.0	2
1.0	12735.9599609	9.0	5.0	2899.79711914	8.0	8.0	147.683600903	0.0	0.999825954437	0.0	0.0186565238982	2.39206889736	1.535044209	-22.976398468	37.0186004639	-78.8711547852	0.764259985513	12.0	6.71999979019	117.119998455	3.0	22.9799995422	0.99980362171	1.0	2
1.0	1521.01879883	3.0	1.0	2051.11889648	2.0	2.0	27.8400001526	0.0	-0.999825954437	0.0	-0.0186565238982	3.60816984046	31.0889547247	-27.7700996399	79.1596984863	-55.9215507507	0.388563322109	3.0	6.90000009537	49.8999991417	1.0	22.8600006104	0.671235287651	1.0	2
1.0	12387.9140625	11.0	8.0	4526.04296875	9.0	9.0	262.223603249	0.0	0.00372824585065	0.980663180351	-0.195667564869	22.5098050525	0.992492568844	-45.5084495544	47.5829467773	-67.4225997925	0.770060463197	18.0	6.0	198.199996948	8.0	24.7800006866	0.999881002304	1.0	2
1.0	4854.45214844	12.0	5.0	2782.35351562	4.0	3.0	43.5800004005	1.81351593747	0.67366951704	-0.412057727575	-0.613496363163	34.2144929753	26.3202771273	-20.4280014038	62.1827011108	-69.8682479858	0.314487517884	2.0	7.94000005722	16.1199998856	0.0	8.19999980927	0.986272433281	1.0	2
1.0	9958.61230469	14.0	5.0	3727.73339844	4.0	4.0	75.4400010109	0.0	-0.00372824585065	-0.980663180351	0.195667564869	38.9013715511	34.9494451325	-29.039850235	51.3039474487	-74.8467025757	0.785607829158	3.0	9.81999969482	50.2399988174	2.0	24.7800006866	0.998746110741	1.0	2
1.0	6166.70117188	1.0	1.0	1394.6229248	1.0	1.0	41.1999983788	0.0	-0.993497788906	0.0	-0.113851204515	18.3954936857	2.32741047779	-49.3711471558	39.8618011475	-64.3890533447	0.738006817983	1.0	6.51999998093	4.71999979019	0.0	6.51999998093	-1.0	0.0	2
1.0	7039.72412109	7.0	4.0	2243.9140625	4.0	3.0	63.4399986267	0.0	0.0265280082822	0.970083355904	-0.241318359971	28.0848516579	12.013614533	-49.992099762	52.2081985474	-63.8245506287	0.152252736087	6.0	11.0799999237	83.9624001533	1.0	11.0799999237	0.969446104784	1.0	2
1.0	10853.1474609	8.0	5.0	3534.29003906	3.0	3.0	208.999995708	0.0	-0.993497788906	0.0	-0.113851204515	18.3954936857	2.32741047779	-49.3711471558	39.8618011475	-64.3890533447	0.738006817983	13.0	5.96000003815	139.802400783	2.0	18.4400005341	0.998881420249	1.0	2
1.0	8675.94824219	10.0	3.0	269.631988525	2.0	2.0	38.3999996185	0.0	0.0265243444592	0.970083475113	-0.241318374872	44.3609824351	3.77510261232	-21.6222000122	46.4977989197	-77.8649520874	0.610467693062	4.0	11.0799999237	25.5200004578	1.0	11.0799999237	0.968233012944	1.0	2
1.0	8690.37304688	4.0	2.0	1711.55688477	2.0	2.0	94.8399977684	0.0	0.0265280082822	0.970083355904	-0.241318359971	29.1720109724	12.013614533	-49.992099762	52.2081985474	-63.8245506287	0.152252736087	4.0	6.51999998093	37.9999995232	0.0	17.1200008392	0.847115787965	1.0	2
1.0	8583.26660156	5.0	3.0	3522.05712891	5.0	5.0	98.9999983311	0.0	-0.0264289975166	-0.970086097717	0.241318121552	32.4158429889	12.6582956746	-48.8330535889	54.2268981934	-64.2002487183	0.704503609686	12.0	6.23999977112	128.520002127	1.0	18.4400005341	0.996996175745	1.0	2
1.0	3511.38549805	6.0	2.0	4847.57226562	3.0	3.0	54.7199993134	0.0	0.993507921696	0.0	0.113763093948	50.2898628488	35.7917125422	-20.0077495575	37.5488014221	-77.2985992432	0.833186059171	0.0	0.0	0.0	1.0	18.4400005341	0.941763432288	1.0	2
1.0	5555.61523438	10.0	5.0	3582.65527344	3.0	2.0	64.0815980434	0.0	-0.993508279324	0.0	-0.113759703934	44.1632382932	3.96284223	-15.4542503357	88.2378997803	-57.7074966431	0.482644099218	7.0	5.96000003815	114.080001831	1.0	11.0799999237	0.997660978102	1.0	2
1.0	10339.1845703	4.0	1.0	3336.69311523	4.0	3.0	91.1999974251	0.0	-0.993497788906	0.0	-0.113851204515	18.3954936857	2.32741047779	-49.3711471558	39.8618011475	-64.3890533447	0.738006817983	5.0	5.96000003815	56.2400012016	0.0	21.3600006104	0.985279863586	1.0	2
1.0	6788.36621094	9.0	5.0	2138.77685547	3.0	3.0	45.7215995789	0.0	-0.0265261530876	-0.970082521439	0.24132181704	30.6710491286	1.04052940603	-29.5425987244	85.0740966797	-56.6513519287	0.517857395565	8.0	14.0799999237	112.160001755	0.0	29.2000007629	0.998105384627	1.0	2
1.0	4782.44189453	2.0	2.0	1193.81994629	1.0	1.0	38.2000002861	0.0	0.982119619846	-0.12913069129	-0.136990264058	6.65679338221	0.0	-46.6135025024	48.5499992371	-57.8275527954	0.493421482116	3.0	9.92000007629	37.4999990463	0.0	17.8199996948	-1.0	0.0	2
1.0	8393.20214844	5.0	2.0	597.406005859	2.0	2.0	27.0799999237	0.0	0.982109844685	-0.129116430879	-0.137073785067	18.5462346925	4.31387864557	-51.2895507812	52.1204986572	-58.0252990723	0.28566963409	9.0	1.77999997139	97.2999997139	2.0	20.5599994659	0.965958452777	1.0	2
1.0	4637.66308594	2.0	2.0	1193.81994629	1.0	1.0	32.3400001526	0.0	0.982119619846	-0.12913069129	-0.136990264058	7.67508779214	0.0	-46.6135025024	48.5499992371	-57.8275527954	0.346328155533	2.0	17.8199996948	27.8799991608	0.0	17.8199996948	0.0911522824887	1.0	2
1.0	10661.0976562	6.0	3.0	475.095092773	3.0	3.0	67.9000000954	0.0	-0.0849857926369	-0.953451454639	0.289322972298	2.27663868706	10.0600801971	-49.0709991455	44.2131004333	-60.7437515259	0.67346412757	4.0	10.5399999619	31.6200003624	1.0	10.5399999619	0.999690950685	1.0	2
1.0	6592.96679688	11.0	3.0	1563.0859375	2.0	1.0	34.5800011158	0.0	0.0849857926369	0.953451454639	-0.289322972298	39.0949539518	2.27663868706	-49.0709991455	44.2131004333	-60.7437515259	0.67346412757	5.0	11.1199998856	45.4800000191	0.0	17.8199996948	0.994190944245	1.0	2
1.0	10608.953125	7.0	1.0	236.478103638	1.0	1.0	22.2400004864	0.0	-0.982119619846	0.12913069129	0.136990264058	40.1807618649	2.48635276706	-46.6135025024	48.5499992371	-57.8275527954	0.493421482116	5.0	9.92000007629	39.5799999237	0.0	14.0200004578	0.999994945022	1.0	2
1.0	7516.31298828	9.0	4.0	1865.40710449	2.0	2.0	121.499999542	0.0	-0.0849857926369	-0.953451454639	0.289322972298	39.5159469042	10.0600801971	-49.0709991455	44.2131004333	-60.7437515259	0.67346412757	8.0	7.13999986649	79.3799991608	0.0	20.7999992371	0.970917370573	1.0	2
1.0	8826.26074219	8.0	6.0	2646.4453125	4.0	4.0	161.719999313	0.0	-0.982109844685	0.129116430879	0.137073785067	38.2695798105	2.010474025	-51.2895507812	52.1204986572	-58.0252990723	0.28566963409	15.0	7.13999986649	176.939999104	4.0	22.3400001526	0.999833235752	1.0	2
1.0	3382.11328125	4.0	2.0	1193.81994629	1.0	1.0	33.6200003624	0.0	0.982119619846	-0.12913069129	-0.136990264058	6.65679338221	0.0	-46.6135025024	48.5499992371	-57.8275527954	0.493421482116	2.0	9.92000007629	21.0199995041	0.0	17.8199996948	0.0399689469533	1.0	2
1.0	4123.71191406	5.0	3.0	4338.59814453	5.0	3.0	49.8999991417	0.0	0.982119619846	-0.12913069129	-0.136990264058	2.25498234287	15.3431736651	-46.6135025024	48.5499992371	-57.8275527954	0.520325163453	9.0	9.92000007629	104.659999847	2.0	20.5599994659	0.979733310409	1.0	2
1.0	2810.30712891	3.0	2.0	1317.43994141	1.0	1.0	84.140001297	2.50464370508	-0.497974634171	0.646240234375	0.578268826008	18.9833930954	10.4754480721	-28.171749115	57.2943992615	-71.8838043213	0.842991083002	0.0	0.0	0.0	0.0	0.0	-1.0	0.0	2
1.0	10095.6660156	4.0	3.0	2002.32043457	5.0	5.0	105.877202272	0.0	-0.0411610417068	-0.99454754591	0.0958170294762	43.8995750396	14.8694641573	-27.0460510254	40.9948501587	-75.1039505005	0.290412086336	1.0	9.14000034332	9.26000022888	0.0	9.14000034332	0.996618400727	1.0	2
1.0	7461.21240234	6.0	5.0	4683.30664062	7.0	5.0	117.966400608	0.0	0.0411629267037	0.994546711445	-0.095824919641	32.0408961272	13.6006017184	-43.8869476318	43.2804489136	-65.0179443359	0.70240626777	8.0	4.98000001907	134.440001011	2.0	16.1000003815	0.982998405639	1.0	2
1.0	3431.82910156	3.0	2.0	1398.27075195	2.0	1.0	84.140001297	2.50464370508	-0.497974634171	0.646240234375	0.578268826008	18.9833930954	10.4754480721	-28.171749115	57.2943992615	-71.8838043213	0.842991083002	0.0	0.0	0.0	0.0	0.0	0.14952980148	1.0	2
1.0	7233.92578125	7.0	5.0	3047.15551758	5.0	5.0	88.0399990082	0.0	0.0412267819047	0.994554877281	-0.0957130491734	42.5289163788	8.06771865524	-0.247631013393	68.3120498657	-42.9852981567	0.790652956641	6.0	7.61999988556	93.0799994469	2.0	13.6400003433	0.994402086415	1.0	2
1.0	5236.74609375	5.0	3.0	1351.44677734	3.0	3.0	64.4599995613	0.0	0.0411629267037	0.994546711445	-0.095824919641	32.0408961272	1.96276399134	-43.8869476318	43.2804489136	-65.0179443359	0.70240626777	2.0	7.61999988556	35.5600008965	0.0	27.6599998474	0.657697194003	1.0	2
1.0	6667.89501953	8.0	4.0	2434.65942383	4.0	4.0	89.2600002289	0.0	0.0412267819047	0.994554877281	-0.0957130491734	42.5289163788	8.06771865524	-0.247631013393	68.3120498657	-42.9852981567	0.790652956641	4.0	7.61999988556	53.2200007439	0.0	27.6599998474	0.976271519917	1.0	2
1.0	3338.6184082	4.0	2.0	1661.06103516	2.0	2.0	89.4600009918	0.0	-0.0412717945874	-0.994542598724	0.0958207398653	29.4857973575	9.37748203521	-42.8822021484	63.5331497192	-51.6225509644	0.654495125618	1.0	15.8599996567	16.8400001526	1.0	15.8599996567	0.36748329373	1.0	2
1.0	5774.18310547	6.0	5.0	1825.71569824	3.0	3.0	151.766401038	0.0	0.998193025589	-0.0286257751286	0.0528320521116	38.4776970391	27.8912284505	-32.7462997437	66.8769989014	-57.0210494995	0.128069219446	2.0	18.1000003815	36.5799999237	0.0	18.1000003815	0.994302283237	1.0	2
1.0	5808.04589844	1.0	1.0	1198.64465332	2.0	2.0	43.2800006866	2.43098743659	0.524272203445	-0.645885705948	-0.554950714111	21.1532489118	0.0	-54.8404502869	41.6876983643	-62.68699646	0.817630314703	0.0	0.0	0.0	0.0	0.0	-1.0	0.0	2
1.0	7296.97851562	12.0	9.0	2315.98730469	5.0	5.0	106.099999189	0.0	0.0288006588817	-0.963111996651	0.267555177212	43.4541225461	2.40332229427	-39.584400177	73.7945022583	-54.5918998718	0.976348218108	6.0	8.38000011444	98.6399981976	3.0	25.8799991608	0.993029770763	1.0	2
1.0	1129.12695312	2.0	1.0	1891.57397461	1.0	1.0	6.90000009537	2.72902911085	-0.550863146782	0.555844843388	0.622564315796	18.0302539328	4.18515956839	-40.168598175	62.6334495544	-66.1061019897	0.908080952215	0.0	0.0	0.0	0.0	0.0	0.94734949474	1.0	2
1.0	8626.62695312	14.0	2.0	379.597290039	2.0	2.0	8.22000002861	0.0	0.999503672123	0.0310920123011	0.00506544392556	45.2451466256	2.81423018967	-58.2592010498	55.1662521362	-55.5205993652	0.592833097161	2.0	11.3599996567	31.779999733	1.0	11.3599996567	0.999304564294	1.0	2
1.0	9196.11621094	12.0	7.0	2196.28662109	5.0	5.0	91.1199996471	0.0	-0.99950671196	-0.0309956315905	-0.00506161525846	53.2329282537	19.0314346658	-36.1513977051	45.5485992432	-71.533996582	0.252810907123	2.0	9.84000015259	17.7600002289	1.0	16.1399993896	0.997988815049	1.0	2
1.0	12240.7236328	11.0	5.0	1655.69274902	5.0	5.0	106.119998455	1.71981972437	-0.0288394968957	0.963126480579	-0.267498880625	54.7652492259	24.3918866636	-29.5106506348	39.1115493774	-75.4988021851	0.897318809393	2.0	12.3400001526	14.3200001717	1.0	16.1399993896	0.999933142055	1.0	2
1.0	8535.00976562	8.0	4.0	988.283752441	2.0	2.0	102.079999924	0.0	0.999503612518	0.0310958735645	0.0050615798682	51.6767706989	10.407592928	-31.7709007263	63.2579498291	-70.5453948975	0.732014441793	0.0	0.0	0.0	1.0	9.06000041962	0.835300549901	1.0	2
1.0	11068.9169922	7.0	5.0	2022.38525391	4.0	4.0	148.70000124	0.0	-0.0288053005934	0.963137805462	-0.267461746931	42.7621650481	14.8399610913	-53.7015991211	51.6272010803	-55.9370498657	0.0794849257951	2.0	10.1999998093	20.9799995422	2.0	11.3599996567	0.997167707276	1.0	2
1.0	3867.82836914	8.0	3.0	1474.77502441	2.0	1.0	12.9600000381	1.84642629837	-0.0269550140947	0.764362812042	0.644222736359	39.5033538239	15.4256703612	-38.4455490112	69.4414978027	-57.7496032715	0.619509689546	3.0	5.92000007629	8.80000019073	3.0	8.38000011444	0.960171011305	1.0	2
1.0	9450.24121094	14.0	8.0	3212.64770508	4.0	4.0	138.459998608	0.0	0.999503672123	0.0310920123011	0.00506544392556	45.2451466256	2.81423018967	-58.2592010498	55.1662521362	-55.5205993652	0.592833097161	5.0	3.94000005722	58.4399991035	2.0	11.3599996567	0.999967076463	1.0	2
1.0	3623.32592773	2.0	1.0	975.860412598	1.0	1.0	3.8599998951	2.91761199527	0.512726962566	-0.736285030842	-0.441582858562	6.55714229195	0.0	-49.042049408	51.1325492859	-57.9130477905	0.372904866399	0.0	0.0	0.0	0.0	0.0	-1.0	0.0	2
1.0	10211.0830078	4.0	3.0	1961.89489746	4.0	4.0	175.580003262	0.0	0.0130403498188	-0.976928591728	0.213167786598	39.2303788669	0.927906068934	-46.3897514343	63.9828491211	-52.1273994446	0.254013068092	8.0	2.96000003815	97.1000008583	3.0	26.2399997711	0.998967492239	1.0	2
1.0	4138.97998047	3.0	3.0	1365.41125488	2.0	2.0	56.560000062	0.0	-0.997142493725	0.0	0.075543679297	34.0802592208	7.17332455518	-26.3807506561	70.3076019287	-63.034450531	0.543331550535	2.0	3.38000011444	15.1399998665	0.0	10.6800003052	0.526696627042	1.0	2
1.0	1081.15075684	3.0	2.0	371.019989014	1.0	1.0	17.0400002003	0.0	-0.997142493725	0.0	0.0755433663726	13.6419761836	0.0	-41.8255500793	69.6772003174	-60.1245498657	0.715718997229	1.0	8.34000015259	8.11999988556	0.0	8.34000015259	0.966887605099	1.0	2
1.0	11428.03125	5.0	4.0	1473.22546387	2.0	2.0	151.640001535	0.0	-0.997143089771	0.0	0.0755355358124	34.5588839962	3.1211142932	-46.5904006958	47.4464988708	-62.8932495117	0.779315710772	1.0	1.55999994278	0.0	2.0	22.8600006104	0.987361268234	1.0	2
1.0	7300.68847656	7.0	5.0	1742.4309082	2.0	2.0	125.940001845	0.0	0.997134625912	0.0	-0.0756471604109	23.717792312	1.56051732102	-54.1894989014	51.1925010681	-51.9335021973	0.637090903772	9.0	8.34000015259	139.180001259	4.0	26.2399997711	0.976751209856	1.0	2
1.0	2566.07592773	3.0	2.0	1817.48339844	3.0	2.0	15.9999996424	0.0	0.997134685516	0.0	-0.0756470039487	30.7957576089	6.49555004015	-29.9458007812	70.5837020874	-61.2239990234	0.170932387496	1.0	3.38000011444	1.82000005245	0.0	3.38000011444	0.109353996955	1.0	2
1.0	9075.29394531	8.0	6.0	3825.96289062	4.0	4.0	156.360000253	0.0	0.0130386389792	-0.976911365986	0.213246688247	54.1098961232	2.07174476843	-14.9674501419	79.1957015991	-64.247543335	0.0105935846888	7.0	1.55999994278	107.78000164	5.0	26.2399997711	0.997328317467	1.0	2
1.0	8725.60253906	11.0	5.0	1023.58306885	1.0	1.0	53.8200008869	0.0	-0.0131457941607	0.976932287216	-0.213144376874	45.9026736419	0.0	-52.0269012451	53.1827011108	-54.1344985962	0.696196990649	4.0	8.34000015259	51.6999998093	1.0	26.2399997711	0.990274707436	1.0	2
1.0	8732.22363281	10.0	8.0	2293.45385742	4.0	4.0	202.42000258	0.0	-0.0131457941607	0.976932287216	-0.213144376874	45.9026736419	0.0	-52.0269012451	53.1827011108	-54.1344985962	0.696196990649	9.0	1.55999994278	86.479999423	6.0	26.2399997711	0.978685275675	1.0	2
1.0	6110.04980469	2.0	1.0	489.422180176	1.0	1.0	31.7599999905	0.0	0.994902431965	0.0	-0.100842297077	30.2393988259	1.89722681088	-37.7942962646	45.3937988281	-71.7665557861	0.477465600846	1.0	5.61999988556	5.98000001907	1.0	5.61999988556	-1.0	0.0	2
1.0	7634.68652344	9.0	5.0	3800.72070312	5.0	5.0	140.080000401	0.0	0.994902789593	0.0	-0.100838899612	18.8431958709	2.64391680632	-49.3598022461	39.6442985535	-63.6849517822	0.0194388662434	8.0	8.73999977112	100.220001578	3.0	19.0599994659	0.989800337313	1.0	2
1.0	9333.24707031	7.0	4.0	2959.69702148	6.0	5.0	110.019999743	0.0	0.994902431965	0.0	-0.100842297077	47.8777226286	29.3082416721	-37.7942962646	45.3937988281	-71.7665557861	0.477465600846	3.0	5.61999988556	23.7800000906	2.0	22.7800006866	0.991903941883	1.0	2
1.0	7328.16796875	7.0	6.0	4146.25146484	6.0	6.0	203.357997894	0.0	0.994902431965	0.0	-0.100842297077	30.7961173586	22.6187209009	-57.8397979736	44.1943016052	-58.6221504211	0.629599205113	3.0	22.7800006866	66.3000011444	4.0	28.4599990845	0.982043003346	1.0	2
1.0	4052.31958008	2.0	2.0	2547.15234375	2.0	2.0	65.6580004692	0.0	-0.00915051903576	0.994013309479	-0.10887517035	20.4202455059	1.10965626759	-48.6921005249	41.3348007202	-62.3708000183	0.169485362552	2.0	5.61999988556	33.5000004768	2.0	28.4599990845	0.563594849713	1.0	2
1.0	9352.20019531	7.0	2.0	871.215026855	1.0	1.0	46.2199993134	1.91020417885	0.274817228317	-0.89187592268	-0.35921138525	58.5783279271	17.1279122138	-7.38124990463	58.0796508789	-67.6238479614	0.933327605985	0.0	0.0	0.0	0.0	0.0	0.98222974877	1.0	2
1.0	4801.28173828	3.0	2.0	2795.89428711	3.0	3.0	82.0400006771	0.0	0.994902789593	0.0	-0.100838899612	18.8431958709	2.64391680632	-49.3598022461	39.6442985535	-63.6849517822	0.0194388662434	6.0	7.53999996185	85.1800012589	1.0	19.0599994659	0.59169694765	1.0	2
1.0	11770.6884766	7.0	5.0	1658.72314453	3.0	3.0	147.219997168	0.0	0.994902431965	0.0	-0.100842297077	47.8777226286	38.1741383085	-37.7942962646	45.3937988281	-71.7665557861	0.477465600846	1.0	5.61999988556	5.98000001907	1.0	5.61999988556	0.999074742842	1.0	2
1.0	4492.609375	8.0	4.0	2903.04833984	3.0	3.0	46.9200007915	1.3597279233	-0.0651755854487	-0.632402062416	-0.771893620491	34.6056271202	22.7220691871	-27.670249939	80.323600769	-50.7699508667	0.201515050295	2.0	15.1000003815	19.1400003433	2.0	16.2399997711	0.952331027062	1.0	2
1.0	8233.16601562	6.0	6.0	4749.16748047	5.0	5.0	274.659998178	0.0	0.506410956383	-0.0658336654305	-0.859775483608	19.2545729519	35.8461906439	-28.2077999115	78.7597045898	-50.5427474976	0.844249541604	6.0	8.73999977112	57.580001235	3.0	19.0599994659	0.998449152578	1.0	2
1.0	5406.6953125	1.0	1.0	571.763000488	1.0	1.0	16.7000000477	2.67070963469	0.72054463625	-0.0905420035124	-0.687471866608	16.4214335923	0.992487871014	-40.8240966797	65.1235961914	-66.5557479858	0.585381853437	0.0	0.0	0.0	0.0	0.0	-1.0	0.0	2
1.0	8621.00683594	6.0	4.0	571.763000488	1.0	1.0	65.240000248	2.62101697738	-0.495898038149	0.867031693459	0.048385605216	29.1682354615	1.45005854217	-18.4096508026	46.174949646	-82.3423995972	0.8019660478	0.0	0.0	0.0	0.0	0.0	0.968533884369	1.0	2
1.0	7094.59130859	4.0	3.0	1490.27697754	4.0	4.0	74.2027994394	0.0	0.0472557507455	-0.972084820271	0.229821681976	34.308369074	10.1411814565	-45.2538528442	60.0688018799	-62.7504501343	0.801251201986	3.0	13.9799995422	50.3600006104	2.0	17.3799991608	0.983655891132	1.0	2
1.0	10998.8876953	8.0	4.0	2625.38134766	4.0	4.0	177.157600477	0.0	-0.0472551360726	0.972107887268	-0.229724273086	1.90677566321	31.4146762791	-15.003950119	59.8712005615	-76.8322982788	0.193295741552	4.0	9.42000007629	48.9600000381	1.0	9.57999992371	0.999775556765	1.0	2
1.0	2570.67016602	3.0	2.0	1627.19091797	1.0	1.0	22.8388001025	1.25568309158	-0.0329161770642	-0.174290001392	-0.984144032001	44.7152540205	2.18990673371	-34.8975524902	77.9909973145	-52.0402526855	0.527143038841	0.0	0.0	0.0	0.0	0.0	0.240829220367	1.0	2
1.0	9294.0625	8.0	5.0	880.804260254	5.0	5.0	141.019999981	0.0	0.998335182667	0.0336497686803	-0.046846460551	23.6842069658	10.6104223587	-27.8950500488	50.9491500854	-75.8249511719	0.842455005028	2.0	9.57999992371	22.1400003433	2.0	14.4600000381	0.99568069054	1.0	2
1.0	6256.66992188	1.0	1.0	571.763000488	1.0	1.0	16.7000000477	2.67070963469	0.72054463625	-0.0905420035124	-0.687471866608	16.4214335923	0.992487871014	-40.8240966797	65.1235961914	-66.5557479858	0.585381853437	0.0	0.0	0.0	0.0	0.0	0.613248274534	1.0	2
1.0	9492.84570312	8.0	6.0	4131.42431641	6.0	6.0	186.238799244	0.0	0.0472551360726	-0.972107887268	0.229724273086	12.2868355908	37.4969708837	-15.003950119	59.8712005615	-76.8322982788	0.193295741552	8.0	4.73999977112	85.5400009714	2.0	8.0	0.999665221359	1.0	2
1.0	3483.76123047	6.0	3.0	2134.60424805	4.0	4.0	34.7187999785	0.0	-0.998335182667	-0.0336497686803	0.046846460551	10.6104223587	32.1976035539	-27.8950500488	50.9491500854	-75.8249511719	0.842455005028	3.0	8.0	38.3600011431	2.0	14.4600000381	0.679599317042	1.0	2
1.0	12341.6826172	9.0	4.0	700.088317871	3.0	3.0	95.1576007158	0.0	0.99833470583	0.0336565002799	-0.0468508265913	31.015535461	12.9722833679	-35.2463989258	53.4530487061	-71.2782516479	0.175193077848	3.0	9.57999992371	39.5399999619	2.0	14.4600000381	0.998100385499	1.0	2
1.0	5078.49658203	1.0	1.0	1023.09552002	2.0	1.0	5.69999980927	0.0	-0.106013216078	0.937814891338	-0.330551713705	0.0	1.22501345312	-44.5907516479	44.5802993774	-61.4887504578	0.153234234699	1.0	23.0599994659	21.1200008392	0.0	23.0599994659	-1.0	0.0	2
1.0	8384.96972656	3.0	3.0	2856.45507812	6.0	6.0	109.559999228	0.0	-0.993543207645	-0.113420881331	-0.00275124004111	34.04207437	15.8425166774	-45.0028991699	43.2702484131	-63.6446495056	0.560111530476	6.0	16.4799995422	84.6200003624	2.0	16.4799995422	0.980952322609	1.0	2
1.0	5078.49658203	1.0	1.0	1608.21557617	3.0	2.0	33.1799993515	0.0	-0.106013216078	0.937814891338	-0.330551713705	0.0	1.22501345312	-44.5907516479	44.5802993774	-61.4887504578	0.153234234699	1.0	23.0599994659	21.1200008392	0.0	23.0599994659	0.247477024692	1.0	2
1.0	2512.52587891	6.0	4.0	2872.14868164	3.0	3.0	63.1599986553	0.0	-0.106110662222	0.937794685364	-0.330577790737	28.5076166349	13.3657518119	-27.4832992554	73.497253418	-63.0340499878	0.493405766654	4.0	12.1199998856	66.8800010681	1.0	14.8800001144	0.975657446941	1.0	2
1.0	7049.94140625	2.0	1.0	3028.6003418	4.0	2.0	47.6199998856	0.0	-0.106013216078	0.937814891338	-0.330551713705	33.9209742236	18.8145060776	-44.5907516479	44.5802993774	-61.4887504578	0.153234234699	1.0	23.0599994659	21.1200008392	0.0	23.0599994659	0.762163212307	1.0	2
1.0	9214.25390625	5.0	4.0	2433.40893555	4.0	4.0	115.479999065	0.0	-0.993543207645	-0.113420881331	-0.00275124004111	34.04207437	15.8425166774	-45.0028991699	43.2702484131	-63.6446495056	0.560111530476	6.0	1.12000000477	71.5599999428	2.0	16.4799995422	0.987076773506	1.0	2
1.0	4928.51220703	1.0	1.0	1173.07995605	4.0	3.0	5.69999980927	0.0	-0.106013216078	0.937814891338	-0.330551713705	0.0	1.22501345312	-44.5907516479	44.5802993774	-61.4887504578	0.153234234699	6.0	12.1199998856	68.400001049	1.0	16.4799995422	0.0666580108682	1.0	2
1.0	7486.65234375	6.0	6.0	2013.30688477	4.0	3.0	67.5200004578	0.0	0.993543207645	0.113420881331	0.00275124004111	15.8425166774	34.04207437	-45.0028991699	43.2702484131	-63.6446495056	0.560111530476	5.0	1.22000002861	69.2399998903	2.0	27.2000007629	0.990549576398	1.0	2
1.0	4243.14160156	3.0	2.0	1628.42895508	2.0	2.0	15.6800003052	2.35613670178	-0.300647646189	-0.941428542137	-0.152719795704	1.12586887419	15.8470193094	-28.6058006287	53.7488021851	-74.3733062744	0.315705723525	3.0	12.1199998856	25.6399998665	1.0	16.4799995422	0.826752164771	1.0	2
1.0	5165.59375	3.0	2.0	2430.36181641	3.0	2.0	33.2399994135	0.0	-0.106009885669	0.937815189362	-0.330551832914	19.9350843914	40.011254789	-46.7973480225	63.7635993958	-52.6882514954	0.84396733971	1.0	16.9400005341	15.8999996185	0.0	16.9400005341	0.969777484475	1.0	2
1.0	5335.14501953	2.0	2.0	572.396972656	1.0	1.0	26.4800000191	0.0	0.992685317993	-0.0704838335514	-0.0980198904872	36.1761362476	3.12840371267	-28.7322502136	49.5179977417	-73.7053527832	0.449087330676	1.0	18.1399993896	16.6599998474	0.0	18.1399993896	-1.0	0.0	2
1.0	8117.33642578	10.0	3.0	1491.4420166	4.0	2.0	51.6000008583	0.0	0.992685556412	-0.0704803317785	-0.0980200022459	64.0712657951	7.99012117229	-11.5935497284	73.0505981445	-70.3593444824	0.95891897569	2.0	8.96000003815	24.3799996376	0.0	18.1399993896	0.9912481109	1.0	2
1.0	12369.6669922	7.0	5.0	2347.19702148	5.0	5.0	141.316000357	0.0	0.992685556412	-0.0704803317785	-0.0980200022459	64.0712657951	7.99012117229	-11.5935497284	73.0505981445	-70.3593444824	0.95891897569	5.0	8.96000003815	82.819999218	1.0	6.05999994278	0.999930015723	1.0	2
1.0	8195.93945312	7.0	3.0	2412.55200195	3.0	3.0	48.0799999237	0.0	0.0587527565658	0.984723746777	-0.163912504911	19.5889761925	0.0	-45.6686019897	28.4066505432	-71.4647521973	0.638826361941	0.0	0.0	0.0	1.0	22.2800006866	0.999386672602	1.0	2
1.0	5386.43701172	2.0	2.0	1196.4140625	2.0	2.0	39.9399995804	0.0	0.992685317993	-0.0704838335514	-0.0980198904872	48.2089862051	3.12840371267	-28.7322502136	49.5179977417	-73.7053527832	0.449087330676	4.0	14.3199996948	56.779999733	0.0	19.5799999237	0.524636568349	1.0	2
1.0	8738.56738281	5.0	5.0	2026.12268066	4.0	4.0	201.48000145	0.0	0.992685317993	-0.0704838335514	-0.0980198904872	38.8450868653	27.7115711768	-28.7322502136	49.5179977417	-73.7053527832	0.449087330676	5.0	14.3199996948	75.0399999619	0.0	22.3400001526	0.975441789879	1.0	2
1.0	6922.56494141	3.0	2.0	572.396972656	1.0	1.0	26.4800000191	0.0	0.992685317993	-0.0704838335514	-0.0980198904872	36.1761362476	3.12840371267	-28.7322502136	49.5179977417	-73.7053527832	0.449087330676	1.0	18.1399993896	16.6599998474	0.0	18.1399993896	0.0911522824887	1.0	2
1.0	10804.9042969	5.0	4.0	1647.34069824	3.0	3.0	100.619999647	0.0	0.0588467232883	0.984721601009	-0.163891464472	43.9651893331	0.0	-33.0400505066	70.681098938	-63.1232528687	0.853239688703	4.0	14.3199996948	58.3800001144	0.0	22.3400001526	0.996359769101	1.0	2
1.0	10197.1376953	4.0	4.0	842.154052734	3.0	3.0	65.3904004097	0.0	0.992695748806	-0.0704779624939	-0.0979185178876	55.0712334004	0.0	-10.8207998276	42.0248031616	-81.9738006592	0.184441155357	3.0	14.3199996948	40.1199998856	1.0	6.05999994278	0.976259518916	1.0	2
1.0	9222.86621094	7.0	4.0	3293.89697266	5.0	5.0	188.995999947	0.0	0.0587527565658	0.984723746777	-0.163912504911	19.5889761925	0.0	-45.6686019897	28.4066505432	-71.4647521973	0.638826361941	3.0	14.3199996948	58.4399995804	2.0	22.2800006866	0.997473134893	1.0	2
1.0	5920.08105469	1.0	1.0	1087.43896484	1.0	1.0	23.5199995041	3.48156570291	0.409262120724	-0.749752938747	-0.519975960255	25.809441701	4.83374248981	-51.5769996643	41.7805023193	-65.1305999756	0.949605975124	0.0	0.0	0.0	0.0	0.0	-1.0	0.0	3
1.0	15218.8935547	22.0	10.0	1560.75537109	4.0	3.0	85.0196006298	0.0	-0.999275803566	-0.0343800373375	-0.0163056347519	62.2437263702	2.8887091941	-21.9051017761	81.5174026489	-56.3201522827	0.814241646314	11.0	7.07999992371	97.6599993706	3.0	16.5599994659	0.999999672013	1.0	3
1.0	5316.58447266	21.0	4.0	744.753967285	4.0	4.0	38.8508008718	0.0	0.99927598238	0.0343733206391	0.0163090005517	61.9567403369	30.7776215909	-30.8385009766	77.6654968262	-57.0895500183	0.933275270356	6.0	11.9200000763	62.1799993515	0.0	28.1000003815	0.996746455755	1.0	3
1.0	14116.7998047	19.0	3.0	282.666809082	3.0	2.0	12.795599699	0.0	0.999278783798	0.0342910885811	0.0163090731949	51.9015420262	7.165305054	-51.8302993774	30.0223503113	-58.3432502747	0.380781316001	3.0	7.94000005722	33.0199995041	1.0	9.89999961853	0.999952793435	1.0	3
1.0	7872.22900391	4.0	3.0	1131.27758789	3.0	3.0	37.0312000513	0.0	-0.999275803566	-0.0343800373375	-0.0163056347519	57.1665182632	2.8887091941	-21.9051017761	81.5174026489	-56.3201522827	0.814241646314	9.0	10.4399995804	79.4215995818	3.0	17.9799995422	0.604956189717	1.0	3
1.0	9601.52832031	9.0	6.0	2211.21313477	6.0	5.0	106.080399752	0.0	-0.0314985066652	0.976057767868	-0.215218752623	21.3814607407	6.03329934678	-59.7780990601	43.0985488892	-51.5851516724	0.193034583574	13.0	7.07999992371	123.341997407	3.0	17.9799995422	0.989853701268	1.0	3
1.0	6676.22607422	4.0	1.0	216.037612915	2.0	2.0	39.120000124	0.0	-0.0314127318561	0.976040840149	-0.215307950974	55.2922565071	5.23112088382	-37.9486503601	70.0545501709	-56.9892997742	0.375681342699	4.0	5.48000001907	26.1599998474	1.0	5.48000001907	0.86304973063	1.0	3
1.0	9684.75585938	9.0	4.0	2638.25732422	6.0	5.0	110.120399356	0.0	-0.999275803566	-0.0343800373375	-0.0163056347519	45.07115332	24.8519027574	-21.9051017761	81.5174026489	-56.3201522827	0.814241646314	11.0	7.07999992371	117.962399103	3.0	16.5599994659	0.989755643622	1.0	3
1.0	2670.78466797	4.0	1.0	918.070068359	2.0	1.0	15.1000003815	0.0	-0.0314996913075	0.97603815794	-0.215307354927	42.491988351	1.11747498667	-15.6427001953	56.9562492371	-74.6248016357	0.368224460758	1.0	12.2399997711	12.1999998093	0.0	12.2399997711	0.76985444845	1.0	3
1.0	7238.94775391	11.0	5.0	526.191101074	4.0	4.0	75.8600006104	0.0	-0.0314127318561	0.976040840149	-0.215307950974	55.2922565071	5.23112088382	-37.9486503601	70.0545501709	-56.9892997742	0.375681342699	4.0	7.07999992371	30.3000001907	0.0	27.5	0.98295761364	1.0	3
1.0	4219.87792969	1.0	1.0	1018.6550293	2.0	1.0	8.06000041962	3.41695771877	0.652675449848	-0.629730343819	-0.421253353357	21.1673405061	5.13952914773	-40.1402015686	58.5746498108	-65.5230026245	0.394356516849	0.0	0.0	0.0	0.0	0.0	-1.0	0.0	3
1.0	13427.4824219	15.0	2.0	1802.57373047	5.0	3.0	37.5200009346	0.0	0.99953275919	0.0	0.0305649135262	67.7508379801	20.6748677074	-35.9773483276	69.2021026611	-62.0834999084	0.983416295501	4.0	11.0600004196	40.1496000588	1.0	11.0600004196	0.999852930115	1.0	3
1.0	13103.7138672	12.0	2.0	1235.859375	4.0	2.0	25.3400006294	0.0	0.999529957771	0.0	0.0306578166783	50.1692915253	5.34225385433	-35.7679519653	49.8950004578	-68.9112472534	0.573401353672	3.0	10.5399999619	39.7400012016	0.0	20.2199993134	0.945563302412	1.0	3
1.0	15908.7744141	18.0	4.0	1403.57287598	5.0	4.0	82.0400002003	0.0	0.999529957771	0.0	0.0306578166783	38.6528203437	39.438412631	-35.7679519653	49.8950004578	-68.9112472534	0.573401353672	4.0	16.3400001526	56.5200014114	0.0	25.0799999237	0.999969257902	1.0	3
1.0	6364.14794922	1.0	1.0	1018.6550293	2.0	1.0	25.3400006294	0.0	0.999529957771	0.0	0.0306578166783	43.4586674636	3.14133971452	-35.7679519653	49.8950004578	-68.9112472534	0.573401353672	2.0	16.3400001526	35.5600013733	0.0	20.2199993134	0.370046093429	1.0	3
1.0	12073.4003906	7.0	4.0	3821.92944336	5.0	3.0	95.8864006698	0.0	0.999529957771	0.0	0.0306578166783	50.1692915253	19.5377094117	-35.7679519653	49.8950004578	-68.9112472534	0.573401353672	3.0	16.3400001526	59.2200012207	1.0	14.7600002289	0.999711424203	1.0	3
1.0	7185.58496094	4.0	1.0	1454.4510498	5.0	3.0	22.9200005531	0.0	-0.0032670230139	-0.994234144688	0.107180938125	49.6068845332	18.1035129167	-36.5603027344	67.875	-60.4717025757	0.366508277578	4.0	16.6800003052	60.1400003433	1.0	18.7000007629	0.967818248897	1.0	3
1.0	14587.2509766	12.0	3.0	1667.10595703	3.0	3.0	79.8999986649	0.0	0.999529957771	0.0	0.0306577607989	53.6797405917	3.30524510599	-28.0316505432	36.2976989746	-77.6111526489	0.854930664133	2.0	16.1000003815	36.5200004578	1.0	16.3400001526	0.999970964895	1.0	3
1.0	4124.41894531	3.0	3.0	1114.11413574	4.0	4.0	40.0999999046	0.0	-0.00326735060662	-0.994232594967	0.107195578516	16.4009546612	1.82214897435	-55.8881988525	53.5337486267	-56.5429000854	0.732870333635	4.0	15.4200000763	62.4599990845	3.0	18.7000007629	0.670268648698	1.0	3
1.0	11255.1044922	9.0	6.0	3228.93115234	4.0	3.0	138.026400059	0.0	0.99953275919	0.0	0.0305648054928	34.7272440368	17.7155874727	-48.725151062	41.53099823	-63.9460983276	0.0971064588213	5.0	5.01999998093	67.7200012207	1.0	16.3400001526	0.999946188684	1.0	3
1.0	4588.44628906	1.0	1.0	519.90814209	1.0	1.0	13.4200000763	3.66232160843	0.495763003826	-0.396275013685	-0.772777557373	23.4888553227	1.96326313506	-35.3227500916	70.0157470703	-53.8631973267	0.315029720101	0.0	0.0	0.0	0.0	0.0	-1.0	0.0	3
1.0	9713.046875	15.0	3.0	833.220092773	5.0	4.0	70.2200007439	0.0	-0.995689570904	0.0703867897391	0.060398068279	55.0377329109	21.4216444044	-27.6689491272	62.7212524414	-63.0928497314	0.143547397598	1.0	10.6800003052	9.96000003815	0.0	10.6800003052	0.967818191673	1.0	3
1.0	4772.71142578	2.0	2.0	335.643127441	1.0	1.0	24.240000248	0.0	-0.995689570904	0.0703867897391	0.060398068279	14.0338808189	7.3820243837	-27.6689491272	62.7212524414	-63.0928497314	0.143547397598	2.0	10.6000003815	20.2399997711	0.0	10.6800003052	0.100731264703	1.0	3
1.0	7351.16650391	15.0	6.0	717.918151855	2.0	2.0	97.4000005722	1.03639762867	0.0535316541791	0.956509411335	-0.286747545004	33.0063634798	0.0	-34.4341506958	41.0261001587	-68.7940979004	0.329643040414	0.0	0.0	0.0	0.0	0.0	0.97430804498	1.0	3
1.0	1197.68005371	1.0	0.0	791.418029785	1.0	0.0	0.0	10.0	0.0	0.0	0.0	0.0	0.0	0.0	0.0	0.0	2.0	0.0	0.0	0.0	0.0	0.0	0.432768960305	1.0	3
1.0	8860.98632812	9.0	4.0	596.896728516	2.0	2.0	73.5000010729	2.86730358086	-0.178216785192	0.915763616562	0.360021859407	4.68044468728	15.1322113629	-15.0130004883	57.2906494141	-72.6477508545	0.283273019163	0.0	0.0	0.0	0.0	0.0	0.96430246559	1.0	3
1.0	5244.3046875	4.0	2.0	796.729125977	3.0	2.0	27.3800001144	0.0	0.053625497967	0.956504583359	-0.28674608469	1.62779491681	10.435616347	-29.6563987732	58.6333999634	-64.2555007935	0.542863818891	3.0	10.6000003815	30.5199995041	0.0	11.0	0.387360993573	1.0	3
1.0	11058.0722656	10.0	5.0	818.073059082	3.0	3.0	86.4600006342	0.0	-0.053625497967	-0.956504583359	0.28674608469	47.0686265569	19.6021099723	-29.6563987732	58.6333999634	-64.2555007935	0.542863818891	4.0	10.6000003815	45.4799995422	0.0	15.6400003433	0.998294861522	1.0	3
1.0	4592.66308594	4.0	0.0	174.212005615	1.0	0.0	0.0	10.0	0.0	0.0	0.0	0.0	0.0	0.0	0.0	0.0	2.0	0.0	0.0	0.0	0.0	0.0	0.432768960305	1.0	3
1.0	11226.953125	9.0	5.0	649.19329834	3.0	3.0	126.360001683	0.0	0.995689570904	-0.0703867897391	-0.060398068279	46.5121599025	18.2429005431	-30.2515506744	58.8820495605	-65.5461425781	0.0219112507264	2.0	11.0	25.779999733	0.0	15.6400003433	0.996340543192	1.0	3
1.0	5336.97851562	3.0	2.0	1050.48901367	1.0	1.0	33.3199999332	2.32374909087	0.745429217815	-0.440587133169	-0.500218212605	8.70644905386	0.0	-46.5018005371	49.5309524536	-64.6095504761	0.485178434808	0.0	0.0	0.0	0.0	0.0	-1.0	0.0	3
1.0	12933.9589844	18.0	5.0	2233.16503906	5.0	4.0	105.580000877	0.0	0.999265551567	-0.0309857018292	-0.0225430410355	71.7230784505	11.7925314543	-5.85474967957	59.5386505127	-59.9048500061	0.19278889817	4.0	7.0	41.5000009537	0.0	15.2399997711	0.999995225712	1.0	3
1.0	13504.7216797	17.0	5.0	3403.96459961	6.0	5.0	167.004003257	0.0	0.999262452126	-0.0310813654214	-0.02255073376	59.8935532177	21.4221876427	-29.3880004883	52.568397522	-74.4832458496	0.300064117062	6.0	5.5	64.3000006676	1.0	14.8999996185	0.999998641462	1.0	3
1.0	10949.8701172	17.0	6.0	1702.77905273	6.0	6.0	99.9000000954	0.0	0.99926251173	-0.0310849137604	-0.0225433316082	69.0170581938	2.05389267306	-63.089099884	55.3054008484	-45.7622489929	0.869718942145	4.0	7.44000005722	48.5000014305	1.0	7.44000005722	0.999708108373	1.0	3
1.0	2438.34960938	5.0	1.0	371.794006348	1.0	1.0	9.52000045776	0.0	-0.0335491932929	-0.986689269543	0.159118458629	26.4628695055	2.01716697122	-28.8512496948	53.0213012695	-74.5706481934	0.360122588752	1.0	13.9600000381	13.4600000381	0.0	13.9600000381	0.408808047436	1.0	3
1.0	14110.8955078	10.0	7.0	1773.60107422	7.0	7.0	186.644000739	0.0	0.99926251173	-0.0310849137604	-0.0225433316082	57.8589014668	2.05389267306	-63.089099884	55.3054008484	-45.7622489929	0.869718942145	8.0	7.44000005722	115.120001316	1.0	7.44000005722	0.999263691841	1.0	3
1.0	15319.3105469	14.0	9.0	1537.80761719	5.0	5.0	182.624000996	0.0	0.99926251173	-0.0310849137604	-0.0225433316082	68.1213446745	2.05389267306	-63.089099884	55.3054008484	-45.7622489929	0.869718942145	12.0	5.5	133.979998589	1.0	7.44000005722	0.999961804323	1.0	3
1.0	15751.6972656	10.0	5.0	2721.12695312	4.0	4.0	233.720000029	0.0	0.99926251173	-0.0310849137604	-0.0225433316082	68.1213446745	2.05389267306	-63.089099884	55.3054008484	-45.7622489929	0.869718942145	7.0	7.44000005722	73.9599995613	1.0	7.44000005722	0.999991252135	1.0	3
1.0	8020.19042969	5.0	3.0	2227.39990234	3.0	3.0	97.0399990082	0.0	0.99926251173	-0.0310849137604	-0.0225433316082	36.0054789414	2.05389267306	-63.089099884	55.3054008484	-45.7622489929	0.869718942145	5.0	5.5	70.1800003052	1.0	7.44000005722	0.731153441331	1.0	3
1.0	13761.0966797	10.0	4.0	3041.22998047	3.0	3.0	139.719999552	0.0	-0.0335491932929	-0.986689269543	0.159118458629	28.2772885575	21.4221876427	-28.8512496948	53.0213012695	-74.5706481934	0.360122588752	7.0	10.5	112.699999809	0.0	26.8600006104	0.99933561985	1.0	3
1.0	3796.45751953	1.0	0.0	569.289978027	1.0	0.0	0.0	10.0	0.0	0.0	0.0	0.0	0.0	0.0	0.0	0.0	2.0	0.0	0.0	0.0	0.0	0.0	0.432768960305	0.0	3
1.0	15804.9960938	18.0	9.0	1453.40112305	5.0	5.0	176.260000229	0.0	0.999440729618	0.0	-0.0334403216839	26.5568147671	15.6832065464	-4.21790981293	46.8282012939	-57.2331008911	0.994387960205	5.0	1.72000002861	55.3600006104	0.0	16.3199996948	0.999960158598	1.0	3
1.0	3523.52880859	1.0	1.0	631.82409668	2.0	1.0	0.0	10.0	0.0	0.0	0.0	0.0	0.0	0.0	0.0	0.0	2.0	3.0	23.7000007629	21.3399996758	0.0	30.0200004578	0.0920239106495	1.0	3
1.0	18257.0136719	14.0	7.0	2372.14013672	6.0	6.0	233.839999914	0.0	0.00770721072331	-0.965312242508	0.260984420776	55.8535041853	1.92672175673	-58.460899353	51.1271514893	-51.2164993286	0.858688768421	4.0	10.8800001144	45.1599998474	0.0	14.0399999619	0.999999999931	1.0	3
1.0	4303.46875	3.0	1.0	569.289978027	1.0	1.0	6.80000019073	1.47445584944	0.460671871901	0.852759838104	-0.246134325862	4.90216059179	0.0	-19.1359500885	35.0662498474	-80.373550415	0.843149470204	0.0	0.0	0.0	0.0	0.0	0.195215865574	1.0	3
1.0	9261.30078125	6.0	6.0	2706.97949219	7.0	7.0	193.51000233	0.0	-0.999440848827	0.0	0.0334358774126	45.5286863716	12.1947009291	-45.1294021606	53.7644996643	-64.8934020996	0.824728126337	15.0	1.72000002861	162.700000286	4.0	20.7399997711	0.973169470361	1.0	3
1.0	4073.46704102	6.0	2.0	747.904968262	2.0	2.0	23.3800001144	0.0	-0.999440729618	0.0	0.0334396250546	16.8609167919	3.641840591	-58.0132980347	52.1660003662	-53.3007965088	0.423634731675	1.0	13.9799995422	12.9600000381	0.0	13.9799995422	0.306253880294	1.0	3
1.0	8004.296875	10.0	7.0	2083.11914062	5.0	5.0	91.1600012779	0.0	-0.999440729618	0.0	0.0334396250546	36.9208379548	3.641840591	-58.0132980347	52.1660003662	-53.3007965088	0.423634731675	3.0	1.72000002861	27.8199996948	2.0	20.7399997711	0.999205907316	1.0	3
1.0	3051.04663086	3.0	3.0	1149.13195801	2.0	2.0	18.3444000483	0.0	-0.999440729618	0.0	0.0334396883845	21.6498094361	6.05307196112	-31.6548995972	73.2620010376	-56.3147964478	0.960388480528	14.0	9.14000034332	155.679998875	1.0	9.14000034332	0.324064145173	1.0	3
1.0	9079.31542969	10.0	7.0	2745.88916016	8.0	8.0	211.389999583	0.0	0.999440729618	0.0	-0.0334396250546	30.4623913109	16.8609167919	-58.0132980347	52.1660003662	-53.3007965088	0.423634731675	8.0	9.14000034332	106.040000916	4.0	20.7399997711	0.999751033372	1.0	3
