valid	volumeS1	connectedComponentsS1	connectedComponentsS1Rel	volumeS2	connectedComponentsS2	connectedComponentsS2Rel	corticalSize	distanceMin	direction_x	direction_y	direction_z	distanceToExtremity1	distanceToExtremity2	gravityCenter_x	gravityCenter_y	gravityCenter_z	corticalDotProduct	junctions	junctionDepthMin	junctionsSize	plisDePassage	plisDePassageDepthMax	Potential	Class	cycle
1.0	2192.51635742	1.0	1.0	753.539978027	1.0	1.0	36.8199987411	2.64554530301	0.205778211355	0.620555281639	0.756681203842	28.777423067	3.78865474669	-2.69934010506	-20.7383003235	3.16068410873	0.478185780507	0.0	0.0	0.0	0.0	0.0	-1.0	0.0	1
1.0	5821.93408203	17.0	5.0	697.464233398	4.0	4.0	92.7599999905	0.0	0.0584455765784	0.987324655056	-0.147560566664	35.3106045343	0.0	-3.48619508743	-45.2022476196	-17.1843490601	0.492781711468	5.0	2.0	20.5115997344	2.0	17.4599990845	0.999381322886	1.0	1
1.0	1779.7434082	1.0	1.0	1166.31298828	2.0	1.0	5.32000017166	0.0	0.0584455765784	0.987324655056	-0.147560566664	0.0	16.268929548	-3.48619508743	-45.2022476196	-17.1843490601	0.304753417728	2.0	4.28000020981	18.0000002384	0.0	15.279999733	0.243850790642	1.0	1
1.0	4374.46582031	22.0	9.0	1052.15917969	4.0	4.0	137.849599361	0.0	0.0584670938551	0.987323582172	-0.14755935967	35.1856827059	0.0	-8.49254512787	-46.6131515503	11.6994495392	0.921875893163	7.0	2.0	57.1000001431	3.0	12.1599998474	0.994573344717	1.0	1
1.0	3935.77954102	9.0	3.0	1203.27636719	3.0	3.0	130.880000353	0.0	0.0584455765784	0.987324655056	-0.147560566664	26.7297838983	16.268929548	-3.48619508743	-45.2022476196	-17.1843490601	0.492781711468	3.0	4.28000020981	18.2316002399	0.0	15.279999733	0.948728927095	1.0	1
1.0	2313.81640625	15.0	5.0	1217.56628418	3.0	3.0	119.039999723	0.0	0.0584455765784	0.987324655056	-0.147560566664	26.7297838983	16.268929548	-3.48619508743	-45.2022476196	-17.1843490601	0.492781711468	4.0	5.69999980927	30.3715998679	0.0	14.8800001144	0.97988535043	1.0	1
1.0	946.583679199	6.0	2.0	641.459960938	1.0	1.0	33.4599990845	0.0	-0.0584446527064	-0.987309038639	0.147665351629	1.77767852057	2.54428131691	-2.4713549614	-28.588350296	10.2996997833	0.562205849889	1.0	5.69999980927	6.05999994278	0.0	5.69999980927	0.0182964646813	1.0	1
1.0	4192.84814453	14.0	7.0	810.955322266	3.0	3.0	124.14000082	0.0	0.0584455765784	0.987324655056	-0.147560566664	26.7297838983	0.0	-3.48619508743	-45.2022476196	-17.1843490601	0.492781711468	3.0	5.69999980927	20.6316000968	1.0	12.4799995422	0.987723709504	1.0	1
1.0	532.46496582	2.0	1.0	412.773010254	1.0	1.0	21.4599990845	2.86321680015	-0.110305279493	0.574431061745	-0.811086714268	7.49806003141	5.16735378306	-1.34247756004	-30.0946998596	2.98259711266	0.995152804734	0.0	0.0	0.0	0.0	0.0	0.552629899353	1.0	1
1.0	3123.93774414	18.0	7.0	1336.84997559	4.0	4.0	123.809598684	0.0	-0.0584609992802	-0.987305760384	0.147681042552	0.0	32.6069978953	-11.8493995667	-38.7631988525	13.6797008514	0.947773413113	5.0	5.69999980927	42.9916007072	2.0	12.1599998474	0.997083392933	1.0	1
1.0	2606.0949707	2.0	1.0	421.616912842	2.0	1.0	35.6815984249	0.0	0.10500677675	0.992559432983	0.0616385154426	17.0542097813	23.2378756205	-2.31126999855	-51.9524536133	-5.01400995255	0.933792426137	2.0	5.0	7.24332780764	2.0	5.0	-1.0	0.0	1
1.0	8727.50292969	17.0	4.0	1153.58044434	3.0	3.0	79.0800001621	0.0	-0.10503538698	-0.992556810379	-0.0616319142282	14.5480114519	2.10327807354	-16.8728485107	-69.4949951172	-6.24657011032	0.754905712984	4.0	8.31999969482	41.720000267	3.0	16.6000003815	0.99999999902	1.0	1
1.0	6723.99755859	11.0	1.0	590.426879883	3.0	1.0	35.6815984249	0.0	0.104987069964	0.992561519146	0.0616386458278	20.3170649741	23.3893599068	-2.12032985687	-50.0654525757	-3.07319998741	0.84980162301	2.0	5.0	7.24332780764	2.0	5.0	0.999784638202	1.0	1
1.0	7940.26220703	13.0	2.0	1172.15490723	3.0	3.0	76.5615980625	0.0	0.10500677675	0.992559432983	0.0616385154426	30.9392606677	24.3446227458	-2.31126999855	-51.9524536133	-5.01400995255	0.933792426137	2.0	5.0	7.24332780764	2.0	5.0	0.999990150081	1.0	1
1.0	3757.49047852	11.0	2.0	1513.27746582	4.0	3.0	12.5799999237	0.0	0.104987069964	0.992561519146	0.0616386458278	31.1761294012	26.2174945111	-2.12032985687	-50.0654525757	-3.07319998741	0.980563533532	1.0	7.5	10.3400001526	0.0	7.5	0.996193193468	1.0	1
1.0	3995.51318359	10.0	3.0	2832.85864258	5.0	3.0	147.979997635	0.0	-0.104987069964	-0.992561519146	-0.0616386458278	21.903219746	19.7616629102	-2.12032985687	-50.0654525757	-3.07319998741	0.980563533532	2.0	5.0	10.383328151	1.0	5.0	0.999140565883	1.0	1
1.0	4946.07080078	8.0	2.0	1199.40942383	4.0	4.0	87.1615989208	0.0	0.10500677675	0.992559432983	0.0616385154426	17.0542097813	24.3446227458	-2.31126999855	-51.9524536133	-5.01400995255	0.933792426137	2.0	5.0	7.24332780764	2.0	5.0	0.997691577176	1.0	1
1.0	3899.35668945	11.0	6.0	2266.44750977	4.0	4.0	158.4015975	0.0	0.10500677675	0.992559432983	0.0616385154426	26.2286087579	11.5996116225	-2.55375003815	-54.5726470947	-12.4713001251	0.310931575255	4.0	5.0	29.0433279984	3.0	16.6000003815	0.986212395104	1.0	1
1.0	2656.22973633	3.0	1.0	421.616912842	2.0	1.0	35.6815984249	0.0	0.10500677675	0.992559432983	0.0616385154426	17.0542097813	23.2378756205	-2.31126999855	-51.9524536133	-5.01400995255	0.933792426137	2.0	5.0	7.24332780764	2.0	5.0	0.381743953356	1.0	1
1.0	4295.92578125	8.0	1.0	1489.11694336	4.0	2.0	50.5215985775	0.0	0.10500677675	0.992559432983	0.0616385154426	17.0542097813	24.1712713113	-2.31126999855	-51.9524536133	-5.01400995255	0.933792426137	2.0	5.0	7.24332780764	2.0	5.0	0.985085935085	1.0	1
1.0	2736.32617188	1.0	1.0	927.972167969	1.0	1.0	46.0999994278	0.0	-0.03342115134	-0.984700202942	0.17102189362	22.211690874	25.7302120779	-6.15769958496	-46.4574966431	-0.910048007965	0.962669351656	1.0	1.12000000477	0.0	0.0	1.12000000477	-1.0	0.0	1
1.0	4266.47900391	12.0	4.0	1519.17614746	3.0	2.0	38.4400000572	0.0	0.999347925186	-0.034603882581	-0.0103112002835	5.60576332891	2.09465977955	-18.8684997559	-71.7057037354	-3.57418012619	0.870968266824	3.0	5.30000019073	20.4800004959	1.0	5.30000019073	0.981129217463	1.0	1
1.0	5712.2421875	13.0	3.0	1194.73510742	2.0	2.0	67.8999996185	0.0	0.999347925186	-0.034603882581	-0.0103112002835	5.60576332891	2.09465977955	-18.8684997559	-71.7057037354	-3.57418012619	0.870968266824	4.0	1.12000000477	29.6799998283	1.0	5.30000019073	0.994498166897	1.0	1
1.0	5454.49902344	13.0	6.0	1297.72705078	4.0	4.0	104.459598482	0.0	0.0334182158113	0.984703600407	-0.17100314796	41.1018721466	27.0521889853	-4.61812019348	-35.8164520264	2.65451002121	0.831351578181	3.0	1.12000000477	22.6400003433	0.0	10.1400003433	0.999928837126	1.0	1
1.0	2579.96362305	7.0	1.0	1224.75598145	2.0	1.0	31.5599994659	0.0	-0.03342115134	-0.984700202942	0.17102189362	14.7065912918	25.7302120779	-6.15769958496	-46.4574966431	-0.910048007965	0.962669351656	1.0	1.12000000477	0.0	0.0	1.12000000477	0.915785042568	1.0	1
1.0	4388.49804688	11.0	4.0	2219.07617188	3.0	2.0	109.319999218	0.0	0.999347925186	-0.034603882581	-0.0103112002835	5.60576332891	8.8801940082	-18.8684997559	-71.7057037354	-3.57418012619	0.870968266824	2.0	1.12000000477	4.48000001907	1.0	5.30000019073	0.999512365233	1.0	1
1.0	2241.35986328	1.0	1.0	1328.9119873	1.0	1.0	32.7600002289	0.0	0.999344408512	-0.034694686532	-0.0103459712118	9.97323639929	17.2498433909	-7.09489488602	-54.2072525024	-10.4167995453	0.940120513643	2.0	11.9799995422	27.2399997711	0.0	14.1599998474	0.214161845314	1.0	1
1.0	4684.13378906	8.0	4.0	988.042175293	3.0	3.0	98.0800000429	0.0	0.0334176197648	0.984702169895	-0.171011373401	10.9316390751	2.24226659704	-14.9127502441	-69.7199554443	-7.60371494293	0.0111114426794	4.0	5.30000019073	39.8399996758	1.0	5.30000019073	0.999330932938	1.0	1
1.0	3039.07324219	3.0	2.0	1318.78222656	2.0	1.0	67.8999996185	0.0	0.999347925186	-0.034603882581	-0.0103112002835	5.60576332891	8.8801940082	-18.8684997559	-71.7057037354	-3.57418012619	0.870968266824	2.0	1.12000000477	4.48000001907	1.0	5.30000019073	0.294258868648	1.0	1
1.0	2438.27832031	12.0	4.0	2398.67431641	2.0	1.0	42.1995998025	0.0	-0.0334122180939	-0.984704196453	0.17100071907	22.9491933584	16.204204807	-6.61114501953	-55.3666992188	-13.845199585	0.0150139330746	3.0	1.12000000477	30.5399999619	0.0	14.1599998474	0.96864258587	1.0	1
1.0	2891.54418945	1.0	1.0	261.07800293	1.0	1.0	49.8600006104	2.05561917725	-0.0674751549959	-0.659794509411	0.748410522938	19.860867114	12.3280450835	1.24237000942	-52.676902771	-0.198395013809	0.976339214443	0.0	0.0	0.0	0.0	0.0	-1.0	0.0	1
1.0	4986.03662109	11.0	5.0	3928.05639648	7.0	5.0	120.659998178	0.0	0.998023092747	-0.0332690700889	0.0533210486174	2.67121619436	14.311337138	-21.9194488525	-70.831451416	-13.8814506531	0.447698530453	11.0	1.12000000477	61.8399999142	4.0	4.07999992371	0.997611175053	1.0	1
1.0	4166.60498047	17.0	3.0	737.067993164	4.0	1.0	5.71999979019	0.0	0.0462112873793	0.993749320507	-0.101620778441	55.0556886494	0.0	-8.41468048096	-8.87876987457	-18.2444000244	0.727267671664	3.0	4.05999994278	19.9400007725	1.0	4.05999994278	0.995912862712	1.0	1
1.0	6356.26757812	15.0	4.0	455.179199219	3.0	3.0	54.2000007629	2.07353805609	-0.050284165889	0.0856371000409	0.995056629181	22.1483996361	14.5417708995	1.27682995796	-51.0988006592	0.359534919262	0.940370612008	1.0	2.07999992371	1.82000005245	0.0	2.07999992371	0.999928649219	1.0	1
1.0	4384.90625	5.0	4.0	1353.41662598	5.0	5.0	155.560002327	0.0	-0.0461908690631	-0.993749797344	0.101625658572	20.064642694	9.54294962933	0.468429505825	-68.5135498047	-18.7761993408	0.662669997149	3.0	5.59999990463	19.5599999428	1.0	8.34000015259	0.995362727101	1.0	1
1.0	5656.41015625	5.0	2.0	777.649658203	4.0	2.0	57.3000004292	2.05561917725	-0.0674751549959	-0.659794509411	0.748410522938	19.860867114	17.5977240943	1.24237000942	-52.676902771	-0.198395013809	0.976339214443	0.0	0.0	0.0	0.0	0.0	0.991007467306	1.0	1
1.0	2111.44458008	10.0	3.0	1242.80200195	4.0	4.0	56.0200006962	2.82736979987	-0.879960656166	-0.320653110743	0.35050073266	24.6743595314	39.0761872643	-3.81488204002	-46.1214523315	14.7313499451	0.653335980657	0.0	0.0	0.0	0.0	0.0	0.98793671027	1.0	1
1.0	2160.81005859	1.0	1.0	991.812011719	2.0	1.0	17.8600006104	0.0	0.998023331165	-0.0332732275128	0.0533138252795	1.77286327739	20.970975432	-0.997983515263	-48.6466522217	-7.94448518753	0.0884995704984	1.0	5.59999990463	5.44000005722	0.0	5.59999990463	0.334641954176	1.0	1
1.0	6077.45800781	7.0	5.0	822.396240234	5.0	5.0	104.93999815	0.0	0.0461904257536	0.993747830391	-0.101645082235	35.9673258307	5.20246540161	0.863220453262	-29.9032497406	3.17086982727	0.97628982917	3.0	1.12000000477	15.4400000572	2.0	9.07999992371	0.998743904154	1.0	1
1.0	2345.74804688	1.0	1.0	309.062896729	1.0	1.0	30.1399993896	2.2199706897	0.0959284752607	0.457481712103	0.884029507637	42.8155641541	8.52908961615	-0.183204546571	-33.1478996277	8.71122455597	0.999577431772	0.0	0.0	0.0	0.0	0.0	-1.0	0.0	1
1.0	5296.11181641	11.0	4.0	3510.12182617	4.0	4.0	76.3619995341	0.0	-0.00612997915596	0.998390614986	-0.0563786365092	63.3442917091	18.1916546722	-3.40858507156	-13.2482500076	10.1671504974	0.742810394806	11.0	3.75999999046	94.0090944134	4.0	20.0400009155	0.999986025081	1.0	1
1.0	2007.25183105	7.0	2.0	883.088989258	1.0	1.0	38.5399990082	0.0	-0.00611975323409	0.998390972614	-0.056373976171	25.7908163969	1.01643650506	-7.40427970886	-46.1305007935	-16.2618503571	0.208917554494	2.0	12.6199998856	27.8400001526	0.0	12.6199998856	0.700539376426	1.0	1
1.0	6587.99072266	13.0	7.0	1816.9630127	4.0	4.0	77.023998782	0.0	0.00611027888954	-0.998389601707	0.0563988573849	0.0	24.5054439014	-2.56050491333	-48.9886474609	7.58946990967	0.86885768567	12.0	2.1400001049	103.517600775	4.0	19.7999992371	0.99999882898	1.0	1
1.0	1931.41906738	2.0	2.0	723.391906738	2.0	2.0	47.4619989619	0.0	0.00611975323409	-0.998390972614	0.056373976171	19.709547383	0.0	-7.40427970886	-46.1305007935	-16.2618503571	0.481360130139	3.0	11.8400001526	41.0400009155	0.0	12.6199998856	0.235440262654	1.0	1
1.0	4474.24853516	8.0	2.0	1146.3248291	2.0	2.0	72.6799983978	0.0	0.00611027888954	-0.998389601707	0.0563988573849	0.0	14.8131957998	-2.56050491333	-48.9886474609	7.58946990967	0.86885768567	1.0	7.42000007629	6.92000007629	0.0	7.42000007629	0.999687399344	1.0	1
1.0	3820.15283203	7.0	4.0	2045.48596191	4.0	4.0	126.225598454	0.0	-0.00611992646009	0.998390674591	-0.0563789568841	32.0933318819	2.53502584763	-7.27986001968	-66.424949646	-15.1153507233	0.648532665132	4.0	5.28000020981	30.6600003242	0.0	7.42000007629	0.997001436811	1.0	1
1.0	4080.29199219	9.0	5.0	2146.44995117	4.0	4.0	129.067598008	0.0	0.00611027888954	-0.998389601707	0.0563988573849	0.0	28.3903624589	-2.56050491333	-48.9886474609	7.58946990967	0.86885768567	6.0	5.28000020981	64.42000103	0.0	12.6199998856	0.998810484543	1.0	1
1.0	649.171875	2.0	2.0	883.088989258	1.0	1.0	38.5399990082	0.0	-0.00611975323409	0.998390972614	-0.056373976171	18.8280445379	1.01643650506	-7.40427970886	-46.1305007935	-16.2618503571	0.208917554494	2.0	12.6199998856	27.8400001526	0.0	12.6199998856	0.450713581466	1.0	1
1.0	4255.04296875	7.0	4.0	2104.82397461	5.0	5.0	147.485598683	0.0	-0.00611992646009	0.998390674591	-0.0563789568841	32.0933318819	2.53502584763	-7.27986001968	-66.424949646	-15.1153507233	0.648532665132	4.0	5.28000020981	30.6600003242	0.0	7.42000007629	0.999202406626	1.0	1
1.0	2298.52392578	1.0	1.0	69.2415008545	1.0	1.0	31.6800003052	2.30752678241	-0.0428382791579	-0.563997328281	0.824664711952	21.5713167566	1.74196854874	-5.6963300705	-52.0008468628	-3.91148495674	0.670023420595	0.0	0.0	0.0	0.0	0.0	-1.0	0.0	1
1.0	4924.88183594	13.0	5.0	641.664001465	3.0	3.0	160.859998703	0.0	-0.0429976917803	-0.985960662365	0.161346629262	19.4242204423	16.5472287746	-12.0974502563	-47.2803497314	10.1377000809	0.954827918211	3.0	5.59999990463	19.9200000763	2.0	8.64000034332	0.999404655693	1.0	1
1.0	6535.98730469	13.0	5.0	427.368713379	3.0	3.0	136.559998989	0.0	-0.0429976917803	-0.985960662365	0.161346629262	19.4242204423	16.5472287746	-12.0974502563	-47.2803497314	10.1377000809	0.954827918211	2.0	5.59999990463	12.9600000381	1.0	8.64000034332	0.999993473697	1.0	1
1.0	3349.17724609	11.0	4.0	492.483001709	2.0	2.0	95.6600008011	0.0	0.998985469341	-0.0365974083543	0.0262433495373	36.3182781422	26.6734564551	-6.68339490891	-37.3115005493	-16.1025505066	0.0735696247683	1.0	8.03999996185	6.96000003815	1.0	8.03999996185	0.993048389048	1.0	1
1.0	2367.76538086	2.0	2.0	387.528015137	2.0	2.0	51.5799999237	2.33228212474	0.201393157244	-0.0906691476703	0.975305080414	34.7077524538	6.6071423515	-0.745496988297	-31.4395999908	5.15910482407	0.0488308960727	0.0	0.0	0.0	0.0	0.0	0.188525616307	1.0	1
1.0	4448.25537109	7.0	3.0	710.905517578	4.0	3.0	123.959999561	0.0	0.998985469341	-0.0365974083543	0.0262433495373	36.3182781422	26.6734564551	-6.68339490891	-37.3115005493	-16.1025505066	0.0735696247683	1.0	8.03999996185	6.96000003815	1.0	8.03999996185	0.999872291448	1.0	1
1.0	2847.04223633	7.0	1.0	456.76953125	3.0	1.0	15.6000003815	3.99379523167	0.623485147953	0.378524333239	0.684094727039	2.13866309808	0.0	-8.78519439697	-68.6520004272	-6.43532276154	0.41167569354	0.0	0.0	0.0	0.0	0.0	0.913156904655	1.0	1
1.0	3909.00024414	11.0	4.0	492.483001709	2.0	2.0	95.6600008011	0.0	0.998985469341	-0.0365974083543	0.0262433495373	36.3182781422	26.6734564551	-6.68339490891	-37.3115005493	-16.1025505066	0.0735696247683	1.0	8.03999996185	6.96000003815	1.0	8.03999996185	0.999320952562	1.0	1
1.0	2791.43261719	1.0	1.0	485.636993408	1.0	1.0	39.0999984741	2.34234923147	-0.413715928793	-0.215599119663	0.8845089674	20.9250175044	4.47463576998	-1.235709548	-32.9017486572	7.70813989639	0.999778923059	0.0	0.0	0.0	0.0	0.0	-1.0	0.0	1
1.0	7617.05761719	23.0	6.0	1027.27075195	4.0	4.0	67.3027979136	0.0	0.999826014042	0.0	0.0186542477459	25.6806330275	1.88129482835	-3.50743484497	-49.9463005066	-15.7230501175	0.798069694265	6.0	4.86000013351	61.2199997902	1.0	6.23999977112	0.999996871699	1.0	1
1.0	4969.77783203	12.0	2.0	485.636993408	1.0	1.0	47.4199981689	2.34234923147	-0.413715928793	-0.215599119663	0.8845089674	40.6012852549	4.47463576998	-1.235709548	-32.9017486572	7.70813989639	0.999778923059	0.0	0.0	0.0	0.0	0.0	0.788657667816	1.0	1
1.0	7943.11572266	22.0	8.0	1255.85766602	4.0	4.0	117.819997787	0.0	0.00375828589313	0.980662584305	-0.195670127869	19.1481292011	0.992489312679	-2.9377450943	-60.7388496399	-17.0527992249	0.796827353454	7.0	4.03999996185	59.8600001335	1.0	6.23999977112	0.999977596117	1.0	1
1.0	248.580001831	1.0	1.0	983.655029297	1.0	1.0	8.55999994278	0.0	0.999826014042	0.0	0.0186542477459	2.39193971164	1.88129482835	-3.50743484497	-49.9463005066	-15.7230501175	0.798069694265	1.0	15.220000267	16.6200008392	0.0	15.220000267	0.286210336782	1.0	1
1.0	4949.61865234	12.0	5.0	1206.83496094	2.0	2.0	63.039999485	0.0	0.999826014042	0.0	0.0186542477459	25.6806330275	1.88129482835	-3.50743484497	-49.9463005066	-15.7230501175	0.798069694265	4.0	6.88000011444	52.6000008583	0.0	15.220000267	0.966105074785	1.0	1
1.0	5444.44140625	6.0	1.0	519.758178711	2.0	2.0	57.8199987411	0.0	-0.0189132746309	0.167166486382	0.985747277737	4.70493475396	6.20839432829	-3.04051494598	-61.3395996094	-11.6931495667	0.631306349369	1.0	4.03999996185	3.05999994278	0.0	4.03999996185	0.940761137243	1.0	1
1.0	4020.3137207	12.0	1.0	771.314025879	2.0	1.0	10.1999998093	0.0	0.0189132746309	-0.167166486382	-0.985747277737	25.0111371351	4.70493475396	-3.04051494598	-61.3395996094	-11.6931495667	0.631306349369	1.0	4.03999996185	3.05999994278	0.0	4.03999996185	0.993914765995	1.0	1
1.0	4125.25341797	7.0	2.0	1017.77624512	2.0	2.0	61.9199986458	0.0	0.999826014042	0.0	0.0186542477459	25.3016383974	18.0026493683	-3.50743484497	-49.9463005066	-15.7230501175	0.798069694265	1.0	15.220000267	16.6200008392	0.0	15.220000267	0.965514426139	1.0	1
1.0	2704.04003906	1.0	1.0	558.093017578	1.0	1.0	28.1600008011	2.44471679842	-0.470985174179	0.0163970049471	0.881988763809	43.1346088731	11.0364030966	-2.20758748055	-36.6590995789	9.9175195694	0.993203664076	0.0	0.0	0.0	0.0	0.0	-1.0	0.0	1
1.0	6233.58691406	12.0	3.0	1617.08459473	3.0	2.0	15.9600001574	3.58139634824	0.808998465538	-0.14975297451	0.568414926529	1.0404301994	1.04052843488	-22.7122993469	-59.8751983643	13.4170207977	0.86941354302	2.0	20.5599994659	27.0	0.0	21.6000003815	0.999998740361	1.0	1
1.0	2737.35546875	4.0	1.0	566.880981445	3.0	2.0	13.805680275	0.0	0.0265252571553	0.970083355904	-0.241318747401	2.35801151258	16.0864002206	-5.47784996033	-57.9659996033	-1.00888049603	0.994813456769	1.0	5.48000001907	5.71999979019	0.0	5.48000001907	0.714581942144	1.0	1
1.0	4289.11328125	12.0	3.0	1617.08459473	3.0	2.0	15.9600001574	3.58139634824	0.808998465538	-0.14975297451	0.568414926529	1.0404301994	1.04052843488	-22.7122993469	-59.8751983643	13.4170207977	0.86941354302	2.0	20.5599994659	27.0	0.0	21.6000003815	0.999499339649	1.0	1
1.0	1705.95898438	7.0	1.0	1134.80297852	2.0	1.0	14.8400001526	3.584689719	0.0687235668302	0.279649019241	0.9576395154	39.3733851069	0.0	-1.57284998894	-14.4754505157	-16.1986503601	0.235238612974	0.0	0.0	0.0	0.0	0.0	0.843350891378	1.0	1
1.0	5199.83691406	10.0	3.0	1078.46728516	3.0	2.0	54.0279994011	0.0	0.0265252515674	0.970083117485	-0.241319671273	13.7091268776	25.5085652596	-6.16777992249	-57.6949005127	-4.90180969238	0.0334226763294	1.0	10.1999998093	10.720000267	0.0	10.1999998093	0.999680175575	1.0	1
1.0	3618.33496094	3.0	2.0	215.456298828	2.0	2.0	24.0799994469	0.0	-0.993504106998	0.0	-0.113796301186	4.16211462858	9.13175411462	-7.09228515625	-56.4519004822	-1.57518005371	0.134755286904	1.0	5.48000001907	3.3599998951	0.0	5.48000001907	0.404039268452	1.0	1
1.0	4940.24755859	7.0	3.0	2278.09399414	4.0	3.0	120.640000343	1.23413938374	0.706642508507	-0.662731349468	0.247878059745	27.9315254478	18.2208835609	-6.16777992249	-52.3768997192	-9.9870300293	0.24667531532	0.0	0.0	0.0	0.0	0.0	0.999862432659	1.0	1
1.0	3828.23803711	5.0	1.0	1423.32299805	3.0	2.0	49.4800004959	2.44471679842	-0.470985174179	0.0163970049471	0.881988763809	18.8423134703	27.3865750202	-2.20758748055	-36.6590995789	9.9175195694	0.993203664076	0.0	0.0	0.0	0.0	0.0	0.974196381672	1.0	1
1.0	3975.85351562	11.0	3.0	1214.36328125	3.0	3.0	37.5080008507	0.0	0.0265252515674	0.970083117485	-0.241319671273	13.7091268776	25.5085652596	-6.16777992249	-57.6949005127	-4.90180969238	0.0334226763294	2.0	10.1999998093	21.8000001907	0.0	10.4399995804	0.99657359923	1.0	1
1.0	2435.30908203	1.0	1.0	763.428710938	1.0	1.0	39.5600013733	3.03078874048	0.342579066753	0.0043111005798	0.939479112625	17.7679067798	11.7833819263	-5.30436992645	-25.9025993347	8.39232444763	0.997049714449	0.0	0.0	0.0	0.0	0.0	-1.0	0.0	1
1.0	6297.75292969	15.0	6.0	1170.7989502	4.0	4.0	139.360002041	0.0	0.9821138978	-0.129124805331	-0.137036561966	8.29727517577	9.13156216602	-15.8196496964	-70.3908004761	-1.47653007507	0.983513011932	5.0	2.03999996185	46.2600011826	3.0	9.34000015259	0.999912049237	1.0	1
1.0	2702.02758789	5.0	2.0	1090.73803711	2.0	2.0	26.9000005722	0.0	0.0849663391709	0.953449428082	-0.289335280657	9.79361183738	1.00526319574	-8.80561065674	-59.7567977905	-1.17990493774	0.912520732971	3.0	4.44000005722	21.9600002766	0.0	15.8400001526	0.384743346249	1.0	1
1.0	5807.19824219	12.0	4.0	1065.32495117	4.0	4.0	144.399999142	0.0	0.9821138978	-0.129124805331	-0.137036561966	8.29727517577	11.2021300915	-15.8196496964	-70.3908004761	-1.47653007507	0.983513011932	3.0	2.03999996185	20.4200005531	4.0	9.34000015259	0.995729646344	1.0	1
1.0	2526.34179688	2.0	1.0	763.428710938	1.0	1.0	39.5600013733	3.03078874048	0.342579066753	0.0043111005798	0.939479112625	17.7679067798	11.7833819263	-5.30436992645	-25.9025993347	8.39232444763	0.997049714449	0.0	0.0	0.0	0.0	0.0	0.197328228869	1.0	1
1.0	3221.68334961	7.0	6.0	1668.7746582	4.0	4.0	162.460000515	0.0	0.9821138978	-0.129124805331	-0.137036561966	8.29727517577	11.2021300915	-15.8196496964	-70.3908004761	-1.47653007507	0.983513011932	4.0	3.88000011444	27.2599999905	1.0	9.34000015259	0.970588049213	1.0	1
1.0	2505.51538086	1.0	1.0	763.428710938	1.0	1.0	39.5600013733	3.03078874048	0.342579066753	0.0043111005798	0.939479112625	17.7679067798	11.7833819263	-5.30436992645	-25.9025993347	8.39232444763	0.997049714449	0.0	0.0	0.0	0.0	0.0	0.096814799856	1.0	1
1.0	2371.58691406	7.0	3.0	1170.32006836	4.0	2.0	30.9600000381	0.0	0.9821138978	-0.129124805331	-0.137036561966	8.29727517577	11.2021300915	-15.8196496964	-70.3908004761	-1.47653007507	0.983513011932	1.0	11.8000001907	11.0799999237	1.0	9.34000015259	0.964792230798	1.0	1
1.0	4358.13623047	9.0	4.0	994.729675293	5.0	5.0	94.3399991989	0.0	-0.0849663391709	-0.953449428082	0.289335280657	19.7441070246	9.79361183738	-8.80561065674	-59.7567977905	-1.17990493774	0.912520732971	3.0	3.88000011444	19.7400000095	0.0	11.8000001907	0.991541756658	1.0	1
1.0	4226.06445312	7.0	4.0	2426.68505859	4.0	4.0	82.8200006485	0.0	0.982114195824	-0.129119753838	-0.137039363384	33.9195166669	31.6568290532	-9.44416999817	-41.0429992676	-4.9167098999	0.35882175121	3.0	8.52000045776	26.7600007057	1.0	8.52000045776	0.994697018875	1.0	1
1.0	2235.5324707	1.0	1.0	871.29699707	2.0	1.0	46.5	2.1739572108	0.376723468304	-0.131736084819	0.916910588741	0.911066851613	2.77213869528	-3.27953004837	-15.8488006592	11.8519849777	0.924894145204	0.0	0.0	0.0	0.0	0.0	-1.0	0.0	1
1.0	3314.14135742	15.0	4.0	1805.38208008	4.0	4.0	61.7799987793	0.0	-0.0412263385952	-0.994548678398	0.0957774743438	2.08152932811	12.3237021104	-6.30922031403	-53.7953491211	4.97591018677	0.629833594207	3.0	4.65999984741	19.2200001478	1.0	4.65999984741	0.976478383373	1.0	1
1.0	5311.11425781	13.0	2.0	1115.04199219	3.0	2.0	80.0600013733	2.1739572108	0.376723468304	-0.131736084819	0.916910588741	63.725953251	27.6321534741	-3.27953004837	-15.8488006592	11.8519849777	0.924894145204	4.0	6.63999986649	38.9399995804	0.0	10.3400001526	0.988856380951	1.0	1
1.0	4755.82958984	16.0	3.0	1315.97290039	2.0	2.0	58.1399989128	0.0	-0.0412371754646	-0.994543969631	0.0958216115832	31.3620573911	2.93160890956	-8.97947502136	-12.088350296	-11.8097496033	0.533863540049	3.0	4.76000022888	29.4000005722	3.0	8.73999977112	0.999775063318	1.0	1
1.0	2735.44726562	2.0	1.0	1680.50195312	3.0	1.0	46.5	2.1739572108	0.376723468304	-0.131736084819	0.916910588741	38.1367996994	17.5782822158	-3.27953004837	-15.8488006592	11.8519849777	0.924894145204	0.0	0.0	0.0	0.0	0.0	0.284394115334	1.0	1
1.0	1811.69689941	7.0	2.0	580.117004395	1.0	1.0	30.4199991226	0.0	-0.0412262454629	-0.994544386864	0.0958217531443	26.392742279	2.48619724183	-2.82558989525	-30.4326515198	12.6122493744	0.940331382009	0.0	0.0	0.0	1.0	7.5	0.982390335807	1.0	1
1.0	2305.10888672	2.0	1.0	1033.62402344	3.0	1.0	46.5	2.1739572108	0.376723468304	-0.131736084819	0.916910588741	0.911066851613	2.77213869528	-3.27953004837	-15.8488006592	11.8519849777	0.924894145204	0.0	0.0	0.0	0.0	0.0	0.140854294671	1.0	1
1.0	3330.40820312	5.0	0.0	646.877990723	1.0	0.0	0.0	10.0	0.0	0.0	0.0	0.0	0.0	0.0	0.0	0.0	2.0	0.0	0.0	0.0	0.0	0.0	0.498763688422	1.0	1
1.0	3478.60375977	3.0	2.0	1483.51806641	3.0	2.0	31.0600004196	3.15172486688	-0.853363454342	-0.0217750314623	0.520861446857	59.2225496854	19.1607539232	-9.0004196167	-22.4385490417	18.4880504608	0.960911116464	0.0	0.0	0.0	0.0	0.0	0.935049479484	1.0	1
1.0	3161.82763672	9.0	3.0	932.83996582	2.0	2.0	58.1199994087	0.0	0.0412262454629	0.994544386864	-0.0958217531443	40.120686277	24.1114892564	-2.82558989525	-30.4326515198	12.6122493744	0.940331382009	0.0	0.0	0.0	1.0	7.5	0.979734831822	1.0	1
1.0	2894.08325195	1.0	1.0	332.385009766	1.0	1.0	36.0399990082	1.41194191938	0.500491321087	-0.283668786287	0.817948937416	48.9600193248	2.98262046593	0.273872494698	-26.1948509216	10.919500351	0.838348675317	0.0	0.0	0.0	0.0	0.0	-1.0	0.0	1
1.0	4670.93896484	21.0	9.0	2452.52978516	6.0	6.0	124.488000035	0.0	-0.999507248402	-0.0309945922345	-0.00496307574213	16.5660572368	7.09861937898	-12.0655002594	-11.4461994171	16.1517486572	0.366432588906	15.0	4.76000022888	121.740000725	8.0	13.8599996567	0.999999984049	1.0	1
1.0	4528.00195312	9.0	1.0	963.544799805	5.0	4.0	71.0799984932	0.0	-0.999507009983	-0.0309916306287	-0.00502392090857	36.9852709449	31.9433240951	-0.0816879868507	-44.4115982056	-2.28512001038	0.412998604224	4.0	7.78000020981	30.1999998093	0.0	12.8000001907	0.876316089552	1.0	1
1.0	4856.85546875	10.0	2.0	854.179138184	7.0	5.0	70.57999897	0.0	0.999507009983	0.0309916306287	0.00502392090857	39.7049712389	17.7467074168	-0.0816879868507	-44.4115982056	-2.28512001038	0.469031259212	4.0	7.78000020981	30.1999998093	0.0	12.8000001907	0.989381788661	1.0	1
1.0	4048.60717773	7.0	3.0	1250.3059082	5.0	4.0	104.699999332	0.0	-0.999504029751	-0.0310971792787	-0.00496326154098	2.4244470701	2.98227063204	-9.85342025757	-19.5776500702	19.8974494934	0.112343151696	2.0	4.76000022888	10.6199998856	1.0	7.07999992371	0.998823985806	1.0	1
1.0	1769.30029297	2.0	2.0	954.836791992	2.0	2.0	60.4399995804	0.0	0.999503552914	0.0310959033668	0.005064482335	17.692797767	20.5611631497	-2.87361001968	-48.2802505493	-12.9316997528	0.370597475502	6.0	7.69999980927	63.4599990845	0.0	17.9400005341	0.272842053959	1.0	1
1.0	2368.30297852	10.0	3.0	1297.06567383	5.0	4.0	78.539999485	0.0	0.0288449730724	-0.963122189045	0.267513811588	48.9164935554	15.5263250933	1.87442004681	-28.2031993866	-0.913251042366	0.948220410295	6.0	5.88000011444	51.1999998093	0.0	14.5799999237	0.974016708205	1.0	1
1.0	3307.04736328	3.0	1.0	370.297424316	2.0	2.0	46.4599990845	1.41194191938	0.500491321087	-0.283668786287	0.817948937416	53.2495269953	10.7019595271	0.273872494698	-26.1948509216	10.919500351	0.838348675317	0.0	0.0	0.0	0.0	0.0	0.572523960298	1.0	1
1.0	4721.32177734	9.0	5.0	953.954956055	5.0	4.0	174.099998951	0.0	0.0288449581712	-0.963121652603	0.267515778542	42.3827428828	19.7904753529	1.02547001839	-32.1427001953	-4.21273040771	0.676779731095	6.0	4.76000022888	42.0399999619	0.0	12.8000001907	0.999921544872	1.0	1
1.0	1984.21801758	1.0	1.0	609.962524414	2.0	1.0	17.3999998569	0.0	0.997138559818	0.0	-0.0755952969193	1.78557831459	19.4010511256	-2.38662004471	-43.6324005127	-1.45893502235	0.906984222386	2.0	5.73999977112	14.9400000572	1.0	5.73999977112	-1.0	0.0	1
1.0	6037.39208984	15.0	7.0	1996.43823242	4.0	4.0	167.991200514	0.0	0.0130722057074	-0.976928174496	0.213167697191	39.4623163022	10.7288431131	-5.29518508911	-62.8883514404	-11.4232997894	0.723251648894	7.0	6.07999992371	53.9111996368	4.0	16.0200004578	0.998626613562	1.0	1
1.0	2422.28710938	4.0	2.0	379.718322754	2.0	2.0	49.020000577	0.0	-0.0130722057074	0.976928174496	-0.213167697191	4.83957597391	0.0	-5.29518508911	-62.8883514404	-11.4232997894	0.723251648894	3.0	5.73999977112	18.3400001526	3.0	7.17999982834	0.32124844542	1.0	1
1.0	4963.67578125	14.0	5.0	2911.64306641	5.0	3.0	118.300001383	0.0	-0.013072152622	0.97692835331	-0.213166847825	26.1752150394	22.398987053	-2.89659500122	-51.6558494568	-17.2688999176	0.766139827487	13.0	3.51999998093	69.9243994579	1.0	16.0200004578	0.997125720566	1.0	1
1.0	4192.12695312	7.0	3.0	1057.25048828	3.0	3.0	99.0400002003	0.0	0.997138559818	0.0	-0.0755952969193	23.4887591424	26.8380419104	-2.38662004471	-43.6324005127	-1.45893502235	0.906984222386	2.0	5.73999977112	14.9400000572	1.0	5.73999977112	0.968058491276	1.0	1
1.0	4411.70605469	9.0	2.0	738.687988281	1.0	1.0	22.5799999237	3.97546227604	0.0448334477842	0.975104749203	-0.217165008187	38.9797506749	16.7447535267	-1.09887051582	-20.3960990906	4.55434513092	0.81985685026	0.0	0.0	0.0	0.0	0.0	0.99554432274	1.0	1
1.0	3196.73681641	10.0	3.0	553.076477051	3.0	3.0	100.340001225	0.0	0.0130724310875	-0.976925849915	0.213178366423	23.6513566737	26.0936244078	-1.9231749773	-44.085647583	-1.39470505714	0.958449336319	2.0	5.73999977112	12.6400003433	2.0	7.17999982834	0.968287793102	1.0	1
1.0	2103.73901367	2.0	2.0	490.441497803	1.0	1.0	59.3599998951	0.0	0.997138559818	0.0	-0.0755952969193	19.5905278151	19.4010511256	-2.38662004471	-43.6324005127	-1.45893502235	0.906984222386	2.0	5.73999977112	14.9400000572	1.0	5.73999977112	0.298088474679	1.0	1
1.0	3763.88330078	9.0	4.0	1634.00231934	4.0	4.0	90.8399996758	0.0	-0.0130724310875	0.976925849915	-0.213178247213	24.5591780434	26.4960464811	-2.96530485153	-49.1705474854	-3.40234518051	0.958132361489	0.0	0.0	0.0	1.0	9.26000022888	0.978374379975	1.0	1
1.0	2639.12109375	1.0	1.0	229.037002563	1.0	1.0	41.9399986267	2.80348532582	0.0840348675847	-0.0521657578647	0.995096385479	13.9418559735	6.53714702701	-1.1405415535	-37.3588027954	12.8684902191	0.999981918333	0.0	0.0	0.0	0.0	0.0	-1.0	0.0	1
1.0	6521.00439453	11.0	5.0	2007.28198242	4.0	3.0	153.030399799	0.0	-0.00920050218701	0.994012475014	-0.108878523111	57.792390424	1.525513127	-6.71116495132	-13.2550001144	-13.5412998199	0.659426327484	7.0	3.72000002861	62.1399996281	3.0	10.220000267	0.999993136414	1.0	1
1.0	7825.39550781	11.0	3.0	807.348999023	4.0	3.0	72.6799983978	0.0	-0.00919148977846	0.99401563406	-0.108850367367	8.11316780612	0.0	-9.22290039062	-71.3876953125	-3.72898507118	0.665521646813	5.0	6.82000017166	37.3400006294	1.0	8.81999969482	0.999993419946	1.0	1
1.0	5478.92236328	14.0	4.0	1084.02099609	3.0	3.0	91.4800014496	0.0	-0.00919148977846	0.99401563406	-0.108850367367	8.11316780612	0.0	-9.22290039062	-71.3876953125	-3.72898507118	0.665521646813	7.0	5.61999988556	56.6199998856	3.0	14.8800001144	0.999706822994	1.0	1
1.0	4565.76220703	6.0	2.0	541.086975098	2.0	1.0	55.7599983215	2.80348532582	0.0840348675847	-0.0521657578647	0.995096385479	42.398508081	6.53714702701	-1.1405415535	-37.3588027954	12.8684902191	0.999981918333	0.0	0.0	0.0	0.0	0.0	0.987936745162	1.0	1
1.0	4727.31738281	7.0	0.0	312.049987793	1.0	0.0	0.0	10.0	0.0	0.0	0.0	0.0	0.0	0.0	0.0	0.0	2.0	0.0	0.0	0.0	0.0	0.0	0.498763688422	1.0	1
1.0	3701.17602539	5.0	1.0	637.338806152	3.0	2.0	48.8199987411	2.27844902424	-0.350101798773	0.0731221735477	0.933853268623	50.1311815189	9.87108612035	-7.23426532745	-68.970993042	-6.55030488968	0.573339076408	0.0	0.0	0.0	0.0	0.0	0.922923039299	1.0	1
1.0	4629.51757812	8.0	2.0	541.086975098	2.0	1.0	55.7599983215	2.80348532582	0.0840348675847	-0.0521657578647	0.995096385479	42.398508081	6.53714702701	-1.1405415535	-37.3588027954	12.8684902191	0.999981918333	0.0	0.0	0.0	0.0	0.0	0.994216343387	1.0	1
1.0	4474.33349609	6.0	1.0	468.781982422	2.0	1.0	20.1399993896	1.24580092861	0.0838781967759	0.0815041661263	0.99313724041	3.31383716092	5.08442328448	-6.260430336	-69.0975494385	-8.20359039307	0.840614479993	0.0	0.0	0.0	0.0	0.0	0.997872569052	1.0	1
1.0	790.08001709	3.0	1.0	171.917007446	1.0	1.0	11.1599998474	2.28293453363	0.0559225641191	-0.634997725487	0.770487248898	19.7574746546	3.42736940699	-0.350471496582	-40.4511489868	4.79395484924	0.986487035452	0.0	0.0	0.0	0.0	0.0	-1.0	0.0	1
1.0	2986.34985352	14.0	4.0	578.516296387	3.0	3.0	44.8800001144	0.0	-0.047253921628	0.972084820271	-0.229822143912	44.0234291083	25.8615728652	-10.2776498795	-19.2113990784	16.3112506866	0.92111539851	2.0	10.3599996567	16.740000248	0.0	13.5799999237	0.979033972118	1.0	1
1.0	6146.26074219	14.0	1.0	203.473999023	1.0	1.0	0.0	10.0	0.0	0.0	0.0	0.0	0.0	0.0	0.0	0.0	2.0	1.0	13.5799999237	7.44000005722	0.0	13.5799999237	0.999968547292	1.0	1
1.0	3845.72875977	17.0	4.0	375.74130249	3.0	3.0	71.3800001144	2.17490455593	0.032915994525	0.174305200577	0.984141349792	27.4235824442	3.96978595146	-3.9637799263	-41.6548500061	-6.92312002182	0.664055683286	0.0	0.0	0.0	0.0	0.0	0.996967033019	1.0	1
1.0	1523.65710449	5.0	1.0	171.917007446	1.0	1.0	11.1599998474	2.28293453363	0.0559225641191	-0.634997725487	0.770487248898	19.7574746546	3.42736940699	-0.350471496582	-40.4511489868	4.79395484924	0.986487035452	0.0	0.0	0.0	0.0	0.0	0.169727924326	1.0	1
1.0	3989.96044922	10.0	5.0	586.403625488	3.0	3.0	74.7199993134	0.0	-0.0329161733389	-0.174286782742	-0.984144628048	13.6848912104	11.8655588243	-12.436050415	-69.1246032715	-6.52586507797	0.0351248903751	1.0	3.46000003815	1.0	2.0	5.32000017166	0.999549443061	1.0	1
1.0	4142.96435547	10.0	7.0	503.566986084	5.0	5.0	192.559998035	0.0	-0.047253921628	0.972084820271	-0.229822143912	44.0234291083	7.01665014448	-10.2776498795	-19.2113990784	16.3112506866	0.92111539851	3.0	3.46000003815	19.6400003433	1.0	3.46000003815	0.999697931219	1.0	1
1.0	3780.6340332	12.0	7.0	445.904724121	3.0	3.0	139.819999933	0.0	0.047253921628	-0.972084820271	0.229822143912	44.8935550183	0.992505884322	-10.2776498795	-19.2113990784	16.3112506866	0.92111539851	2.0	10.3599996567	18.6400003433	0.0	10.4399995804	0.998769022936	1.0	1
1.0	1404.77697754	4.0	1.0	250.350311279	2.0	1.0	11.1599998474	2.28293453363	0.0559225641191	-0.634997725487	0.770487248898	19.7574746546	3.42736940699	-0.350471496582	-40.4511489868	4.79395484924	0.986487035452	0.0	0.0	0.0	0.0	0.0	0.0684473073953	1.0	1
1.0	3966.32861328	10.0	4.0	192.692001343	1.0	1.0	42.1800003052	0.0	0.998333394527	0.0337487459183	-0.0468133501709	22.5283665812	1.81349525724	-4.2227897644	-43.8798980713	-2.3348197937	0.923010926356	0.0	0.0	0.0	1.0	5.32000017166	0.995321880174	1.0	1
1.0	3200.11914062	1.0	1.0	321.770385742	1.0	1.0	37.9200000763	1.30453440059	0.0451282262802	-0.415496379137	0.908474683762	31.8274286638	12.1921288142	-3.50905990601	-48.9262504578	7.1339302063	0.960004154096	0.0	0.0	0.0	0.0	0.0	-1.0	0.0	1
1.0	5235.20117188	16.0	6.0	2076.79125977	5.0	5.0	262.759996653	0.0	0.106030836701	-0.937818408012	0.330536156893	0.0	26.1325381003	-5.38928031921	-62.2649993896	7.15215015411	0.942262652738	4.0	2.24000000954	32.4999995232	1.0	2.24000000954	0.999964483118	1.0	1
1.0	4228.078125	7.0	3.0	577.733398438	2.0	2.0	58.8000001907	1.27950773176	0.100067682564	-0.86813378334	-0.486138045788	39.3050236804	4.34847207751	-7.66625499725	-12.0444507599	-11.0529499054	0.598359905568	0.0	0.0	0.0	0.0	0.0	0.835595386697	1.0	1
1.0	3915.13378906	10.0	4.0	2701.54052734	4.0	4.0	150.099999428	0.0	0.106030836701	-0.937818408012	0.330536156893	0.0	26.1325381003	-5.38928031921	-62.2649993896	7.15215015411	0.942262652738	4.0	1.12000000477	35.7000012398	2.0	2.24000000954	0.995624023975	1.0	1
1.0	568.490234375	4.0	3.0	1950.91833496	4.0	4.0	122.239998341	0.0	-0.106029078364	0.93784070015	-0.330473423004	2.53675211341	38.5530275484	-0.469238519669	-45.8721008301	12.0375003815	0.965533864673	2.0	2.24000000954	10.4400000572	1.0	2.24000000954	0.667296751213	1.0	1
1.0	5024.49755859	9.0	6.0	1950.91833496	4.0	4.0	239.119997025	0.0	0.106030836701	-0.937818408012	0.330536156893	0.0	26.1325381003	-5.38928031921	-62.2649993896	7.15215015411	0.942262652738	3.0	1.12000000477	10.4400000572	2.0	2.24000000954	0.999456919912	1.0	1
1.0	1448.72497559	5.0	0.0	178.43699646	1.0	0.0	0.0	10.0	0.0	0.0	0.0	0.0	0.0	0.0	0.0	0.0	2.0	0.0	0.0	0.0	0.0	0.0	0.498763688422	1.0	1
1.0	4228.48535156	8.0	1.0	743.195129395	2.0	2.0	27.3800001144	0.0	-0.106029078364	0.93784070015	-0.330473423004	36.4176817805	10.4743510092	-0.469238519669	-45.8721008301	12.0375003815	0.965533864673	1.0	7.67999982834	8.42000007629	0.0	7.67999982834	0.980404919095	1.0	1
1.0	3378.55615234	2.0	2.0	143.333404541	2.0	2.0	49.3400011063	0.0	0.106030836701	-0.937818408012	0.330536156893	0.0	9.34429997767	-5.38928031921	-62.2649993896	7.15215015411	0.942262652738	2.0	2.24000000954	10.4400000572	1.0	2.24000000954	0.165360517496	1.0	1
1.0	4562.14746094	8.0	5.0	2603.72338867	5.0	5.0	198.219997883	0.0	0.106030836701	-0.937818408012	0.330536156893	0.0	26.1325381003	-5.38928031921	-62.2649993896	7.15215015411	0.942262652738	3.0	1.12000000477	10.4400000572	2.0	2.24000000954	0.999678547636	1.0	1
1.0	2665.51708984	1.0	1.0	839.979003906	1.0	1.0	46.279999733	1.21309111039	0.108677983284	0.146981418133	0.983150839806	0.0	20.5455824724	-2.74323511124	-45.2297515869	-3.71049976349	0.66794834177	0.0	0.0	0.0	0.0	0.0	-1.0	0.0	1
1.0	4679.17431641	11.0	6.0	2133.19775391	7.0	6.0	143.720002651	0.0	0.992686986923	-0.0704876706004	-0.0980000719428	2.12816204507	1.47159322318	-21.7881507874	-72.8074951172	-6.94956970215	0.876914655601	3.0	2.11999988556	17.0399999619	0.0	8.03999996185	0.996101951683	1.0	1
1.0	4032.10400391	3.0	2.0	1030.0300293	2.0	2.0	46.279999733	1.21309111039	0.108677983284	0.146981418133	0.983150839806	29.5655687581	20.5455824724	-2.74323511124	-45.2297515869	-3.71049976349	0.66794834177	1.0	8.92000007629	7.17999982834	0.0	8.92000007629	0.673402604175	1.0	1
1.0	4558.44042969	10.0	5.0	1843.28198242	4.0	4.0	105.42000246	0.0	0.0588168799877	0.98472315073	-0.163892954588	43.4081743399	29.0548790443	-3.18672513962	-34.1972007751	-16.6674499512	0.228941721637	3.0	2.11999988556	22.7800002098	0.0	9.85999965668	0.97281811878	1.0	1
1.0	1796.11645508	5.0	1.0	1928.34594727	4.0	4.0	103.680002213	1.34295941539	-0.0551466867328	0.441407233477	-0.895610690117	28.9764400329	13.7601986008	-2.71299982071	-44.7235488892	-3.79473972321	0.992460787075	0.0	0.0	0.0	0.0	0.0	0.868118218145	1.0	1
1.0	4578.45117188	12.0	1.0	1158.73803711	2.0	1.0	17.1599998474	0.0	0.0588168799877	0.98472315073	-0.163892954588	43.2302291537	1.02810395978	-3.18672513962	-34.1972007751	-16.6674499512	0.228941721637	1.0	2.11999988556	3.55999994278	0.0	2.11999988556	0.999772977541	1.0	1
1.0	2906.93066406	8.0	1.0	710.24798584	3.0	1.0	23.0599994659	2.64597811766	0.367195367813	-0.331644028425	0.869010806084	52.5416240925	0.0	-22.7054004669	-71.900352478	-11.4905500412	0.730333876671	0.0	0.0	0.0	0.0	0.0	0.623829805571	1.0	1
1.0	5359.16943359	8.0	1.0	529.562988281	2.0	2.0	59.5000019073	1.85217976643	-0.00626724446192	-0.822261929512	0.569074749947	40.5980454702	11.0370448528	-1.93488001823	-46.4628982544	5.39146518707	0.956347425524	0.0	0.0	0.0	0.0	0.0	0.989620425706	1.0	1
1.0	3696.35546875	10.0	3.0	2023.86694336	4.0	4.0	132.21999979	1.34295941539	-0.0551466867328	0.441407233477	-0.895610690117	37.7877011385	34.4765524429	-2.71299982071	-44.7235488892	-3.79473972321	0.992460787075	0.0	0.0	0.0	0.0	0.0	0.994057047982	1.0	1
1.0	2192.51635742	1.0	1.0	753.539978027	1.0	1.0	36.8199987411	2.64554530301	0.205778211355	0.620555281639	0.756681203842	28.777423067	3.78865474669	-2.69934010506	-20.7383003235	3.16068410873	0.478185780507	0.0	0.0	0.0	0.0	0.0	-1.0	0.0	2
1.0	4261.48046875	16.0	8.0	1396.05334473	5.0	5.0	205.329600096	0.0	0.0584724023938	0.987305104733	-0.147680938244	23.322055334	3.55537653136	-4.99956512451	-54.199798584	-15.7989006042	0.384572392807	7.0	4.28000020981	55.7748003006	3.0	12.4799995422	0.999495941094	1.0	2
1.0	3161.91552734	14.0	5.0	784.487976074	3.0	3.0	130.589598417	0.0	-0.0584335066378	-0.98730969429	0.147665455937	38.4611693433	3.60357689892	-6.17864990234	-12.9840497971	-12.8215007782	0.304439193946	3.0	7.0	18.411599353	1.0	7.55999994278	0.986893241887	1.0	2
1.0	2386.94848633	14.0	3.0	695.898010254	3.0	3.0	62.0	0.0	-0.0584400184453	-0.98730713129	0.147680208087	35.3106045343	1.83376072478	-3.53978013992	-46.1074981689	-17.0489997864	0.678496968367	4.0	5.26000022888	36.334800005	1.0	12.4799995422	0.98272651801	1.0	2
1.0	2425.96020508	3.0	2.0	539.143005371	1.0	1.0	42.1399989128	0.0	0.0584455765784	0.987324655056	-0.147560566664	33.8347198603	0.0	-3.48619508743	-45.2022476196	-17.1843490601	0.304753417728	2.0	4.28000020981	17.8199999332	0.0	14.4399995804	0.054841422453	1.0	2
1.0	3137.56616211	12.0	3.0	695.898010254	3.0	3.0	59.2999997139	0.0	-0.0584455765784	-0.987324655056	0.147560566664	35.2415909384	0.916922438854	-3.48619508743	-45.2022476196	-17.1843490601	0.492781711468	3.0	7.0	21.3115999252	1.0	12.4799995422	0.989766073131	1.0	2
1.0	2063.06933594	2.0	2.0	1054.23303223	2.0	2.0	32.6799998283	0.0	-0.0584446527064	-0.987309038639	0.147665351629	1.77767852057	2.54428131691	-2.4713549614	-28.588350296	10.2996997833	0.562205849889	3.0	4.28000020981	24.0600001812	0.0	15.279999733	0.156083335819	1.0	2
1.0	4353.77148438	14.0	7.0	1212.26806641	4.0	4.0	227.549598455	0.0	-0.0584335066378	-0.98730969429	0.147665455937	47.0997640928	3.60357689892	-6.17864990234	-12.9840497971	-12.8215007782	0.304439193946	5.0	5.26000022888	30.9263996631	2.0	12.1599998474	0.995735344422	1.0	2
1.0	2724.98144531	2.0	2.0	112.080001831	1.0	1.0	27.3599996567	0.0	0.0584446527064	0.987309038639	-0.147665351629	2.54428131691	1.77767852057	-2.4713549614	-28.588350296	10.2996997833	0.562205849889	1.0	5.69999980927	6.05999994278	0.0	5.69999980927	0.547525303411	1.0	2
1.0	4041.79248047	13.0	6.0	996.364013672	3.0	3.0	120.960001469	0.0	0.997897267342	-0.0559444390237	-0.0327306836843	20.4461293161	14.818491225	-1.64019501209	-47.4152984619	-1.95006990433	0.967111680377	2.0	4.28000020981	18.0000002384	1.0	12.4799995422	0.969847798127	1.0	2
1.0	2606.0949707	2.0	1.0	421.616912842	2.0	1.0	35.6815984249	0.0	0.10500677675	0.992559432983	0.0616385154426	17.0542097813	23.2378756205	-2.31126999855	-51.9524536133	-5.01400995255	0.933792426137	2.0	5.0	7.24332780764	2.0	5.0	-1.0	0.0	2
1.0	3404.38769531	10.0	0.0	986.2890625	2.0	0.0	0.0	10.0	0.0	0.0	0.0	0.0	0.0	0.0	0.0	0.0	2.0	0.0	0.0	0.0	0.0	0.0	0.498763688422	1.0	2
1.0	4954.71972656	8.0	2.0	904.882873535	3.0	3.0	62.4815986156	0.0	0.10500677675	0.992559432983	0.0616385154426	8.68927422035	23.2378756205	-2.31126999855	-51.9524536133	-5.01400995255	0.933792426137	2.0	5.0	7.24332780764	2.0	5.0	0.99619319297	1.0	2
1.0	4541.37792969	7.0	2.0	383.494995117	2.0	1.0	24.1400003433	2.47250679131	-0.0910163521767	-0.833576083183	0.544854938984	11.1614677493	2.08637589571	-1.33315491676	-52.3873519897	2.26549005508	0.0105118921158	0.0	0.0	0.0	0.0	0.0	0.98821796594	1.0	2
1.0	5308.27050781	6.0	2.0	1607.12646484	4.0	4.0	102.401599646	0.0	-0.10503538698	-0.992556810379	-0.0616319142282	14.5480114519	2.10327807354	-16.8728485107	-69.4949951172	-6.24657011032	0.754905712984	3.0	5.0	16.0033280365	2.0	5.0	0.998672437625	1.0	2
1.0	4372.48095703	10.0	4.0	2562.49267578	5.0	4.0	146.08159709	0.0	0.10500677675	0.992559432983	0.0616385154426	32.8548032208	11.5996116225	-2.55375003815	-54.5726470947	-12.4713001251	0.310931575255	3.0	5.0	17.5433279984	2.0	5.0	0.999537408772	1.0	2
1.0	4926.65576172	11.0	4.0	1675.17810059	4.0	4.0	118.681598425	0.0	-0.10503538698	-0.992556810379	-0.0616319142282	14.5480114519	2.10327807354	-16.8728485107	-69.4949951172	-6.24657011032	0.754905712984	3.0	5.0	16.0033280365	2.0	5.0	0.999094047352	1.0	2
1.0	4283.49902344	11.0	3.0	957.515991211	2.0	2.0	78.0000004768	0.0	-0.10503538698	-0.992556810379	-0.0616319142282	14.5480114519	2.10327807354	-16.8728485107	-69.4949951172	-6.24657011032	0.754905712984	1.0	8.31999969482	8.76000022888	0.0	8.31999969482	0.966105107833	1.0	2
1.0	4457.25390625	13.0	7.0	2032.21496582	3.0	3.0	148.381598473	0.0	0.10500677675	0.992559432983	0.0616385154426	26.2286087579	11.5996116225	-2.55375003815	-54.5726470947	-12.4713001251	0.310931575255	4.0	5.0	29.0433279984	3.0	16.6000003815	0.997366701852	1.0	2
1.0	2736.32617188	1.0	1.0	927.972167969	1.0	1.0	46.0999994278	0.0	-0.03342115134	-0.984700202942	0.17102189362	22.211690874	25.7302120779	-6.15769958496	-46.4574966431	-0.910048007965	0.962669351656	1.0	1.12000000477	0.0	0.0	1.12000000477	-1.0	0.0	2
1.0	4721.03076172	13.0	5.0	1886.54321289	3.0	3.0	191.859998703	0.0	0.0334176197648	0.984702169895	-0.171011373401	10.9316390751	2.24226659704	-14.9127502441	-69.7199554443	-7.60371494293	0.0111114426794	5.0	1.12000000477	39.9800000191	1.0	5.30000019073	0.999784637853	1.0	2
1.0	1759.96716309	2.0	2.0	691.483032227	1.0	1.0	57.9799996614	0.0	-0.0334122180939	-0.984704196453	0.17100071907	17.2613188072	6.65679155199	-6.61114501953	-55.3666992188	-13.845199585	0.0150139330746	3.0	1.12000000477	30.5399999619	0.0	14.1599998474	0.0920241062702	1.0	2
1.0	3596.70898438	12.0	6.0	1880.09631348	4.0	4.0	159.659598768	0.0	0.0334176197648	0.984702169895	-0.171011373401	10.9316390751	2.24226659704	-14.9127502441	-69.7199554443	-7.60371494293	0.0111114426794	6.0	1.12000000477	39.9800000191	1.0	5.30000019073	0.990695310585	1.0	2
1.0	1593.10559082	5.0	2.0	982.013977051	2.0	1.0	8.59999990463	4.04565199116	-0.125472992659	0.0358703806996	0.9914483428	25.3123687187	7.22410536462	-2.85314512253	-10.4727497101	-22.5837497711	0.295322777654	0.0	0.0	0.0	0.0	0.0	0.748261929374	1.0	2
1.0	4195.25683594	9.0	6.0	2321.56689453	4.0	4.0	118.09999907	0.0	-0.0334176197648	-0.984702169895	0.171011373401	11.2092361028	3.80671250779	-14.9127502441	-69.7199554443	-7.60371494293	0.0111114426794	4.0	1.12000000477	35.3599996567	0.0	11.9799995422	0.999443666048	1.0	2
1.0	2915.85839844	4.0	1.0	1316.38110352	2.0	1.0	46.0999994278	0.0	-0.03342115134	-0.984700202942	0.17102189362	22.211690874	25.7302120779	-6.15769958496	-46.4574966431	-0.910048007965	0.962669351656	1.0	1.12000000477	0.0	0.0	1.12000000477	0.655238358681	1.0	2
1.0	2418.13330078	10.0	1.0	779.218994141	1.0	1.0	0.0	3.5336950159	0.0162489879876	0.167174950242	0.985793352127	8.12448355904	1.1041017568	-17.020450592	-69.3347473145	4.13293457031	0.0577873878245	0.0	0.0	0.0	0.0	0.0	0.982778435459	1.0	2
1.0	3601.73266602	8.0	2.0	927.972167969	1.0	1.0	67.8999996185	0.0	0.999347925186	-0.034603882581	-0.0103112002835	5.60576332891	8.8801940082	-18.8684997559	-71.7057037354	-3.57418012619	0.870968266824	2.0	1.12000000477	4.48000001907	1.0	5.30000019073	0.859647431901	1.0	2
1.0	4195.24462891	12.0	5.0	2219.07617188	3.0	2.0	109.319999218	0.0	0.999347925186	-0.034603882581	-0.0103112002835	5.60576332891	8.8801940082	-18.8684997559	-71.7057037354	-3.57418012619	0.870968266824	2.0	1.12000000477	4.48000001907	1.0	5.30000019073	0.999512365233	1.0	2
1.0	2891.54418945	1.0	1.0	261.07800293	1.0	1.0	49.8600006104	2.05561917725	-0.0674751549959	-0.659794509411	0.748410522938	19.860867114	12.3280450835	1.24237000942	-52.676902771	-0.198395013809	0.976339214443	0.0	0.0	0.0	0.0	0.0	-1.0	0.0	2
1.0	4207.65966797	8.0	3.0	703.208984375	3.0	3.0	59.7600002289	0.0	0.998025596142	-0.0331874713302	0.0533250384033	38.6390470328	4.19888193673	-12.1841001511	-41.0449981689	16.6675491333	0.554519983537	2.0	6.69999980927	16.2000002861	1.0	9.07999992371	0.973029407085	1.0	2
1.0	4063.27319336	13.0	6.0	1433.94311523	4.0	4.0	180.060000181	0.0	-0.0461904257536	-0.993747830391	0.101645082235	43.8447203565	4.72291988538	0.863220453262	-29.9032497406	3.17086982727	0.97628982917	4.0	1.12000000477	21.6400003433	2.0	9.07999992371	0.985279845715	1.0	2
1.0	5694.734375	8.0	5.0	622.110595703	4.0	4.0	148.219999313	0.0	0.0461904257536	0.993747830391	-0.101645082235	42.8823561435	5.20246540161	0.863220453262	-29.9032497406	3.17086982727	0.97628982917	3.0	1.12000000477	14.8800001144	2.0	8.34000015259	0.999014330852	1.0	2
1.0	2179.33398438	4.0	2.0	1435.16101074	2.0	2.0	21.1800003052	0.0	-0.998025596142	0.0331874713302	-0.0533250384033	4.19888193673	31.9060233439	-12.1841001511	-41.0449981689	16.6675491333	0.554519983537	1.0	9.07999992371	8.80000019073	1.0	9.07999992371	0.446150288474	1.0	2
1.0	4246.27783203	10.0	5.0	1988.84301758	5.0	5.0	108.619998455	0.0	0.998023331165	-0.0332732275128	0.0533138252795	23.6713864831	20.970975432	-0.997983515263	-48.6466522217	-7.94448518753	0.0884995704984	4.0	1.12000000477	21.720000267	3.0	9.07999992371	0.991467434333	1.0	2
1.0	1859.26293945	3.0	2.0	870.394042969	2.0	2.0	55.5000009537	0.0	-0.0461835190654	-0.993749141693	0.101635374129	2.8739096217	20.7683590329	1.0982350111	-52.4314498901	2.65380477905	0.847274533361	2.0	5.59999990463	12.8400001526	0.0	6.69999980927	0.217932983738	1.0	2
1.0	5376.19824219	8.0	5.0	566.393188477	4.0	4.0	116.579998493	0.0	0.0461904257536	0.993747830391	-0.101645082235	42.8823561435	5.20246540161	0.863220453262	-29.9032497406	3.17086982727	0.97628982917	3.0	1.12000000477	15.4400000572	2.0	9.07999992371	0.999289118842	1.0	2
1.0	3599.26635742	3.0	2.0	681.915039062	3.0	2.0	72.4400005341	2.05561917725	-0.0674751549959	-0.659794509411	0.748410522938	22.1483996361	17.5977240943	1.24237000942	-52.676902771	-0.198395013809	0.976339214443	0.0	0.0	0.0	0.0	0.0	0.942651171158	1.0	2
1.0	3774.44628906	11.0	6.0	815.041625977	2.0	2.0	134.680000305	0.0	-0.0461904257536	-0.993747830391	0.101645082235	43.8447203565	4.72291988538	0.863220453262	-29.9032497406	3.17086982727	0.97628982917	3.0	1.12000000477	12.0799999237	1.0	1.12000000477	0.982414528206	1.0	2
1.0	2345.74804688	1.0	1.0	309.062896729	1.0	1.0	30.1399993896	2.2199706897	0.0959284752607	0.457481712103	0.884029507637	42.8155641541	8.52908961615	-0.183204546571	-33.1478996277	8.71122455597	0.999577431772	0.0	0.0	0.0	0.0	0.0	-1.0	0.0	2
1.0	3371.95166016	8.0	5.0	2776.58007812	3.0	1.0	73.6999988556	0.0	-0.00611992646009	0.998390674591	-0.0563789568841	14.4851521253	2.53502584763	-7.27986001968	-66.424949646	-15.1153507233	0.648532665132	3.0	5.28000020981	38.720000267	1.0	10.5600004196	0.991347095527	1.0	2
1.0	1359.16088867	2.0	0.0	309.062896729	1.0	0.0	0.0	10.0	0.0	0.0	0.0	0.0	0.0	0.0	0.0	0.0	2.0	0.0	0.0	0.0	0.0	0.0	0.498763688422	1.0	2
1.0	4466.37597656	8.0	3.0	1893.49084473	3.0	2.0	80.4255992174	0.0	-0.00611992646009	0.998390674591	-0.0563789568841	14.4851521253	2.53502584763	-7.27986001968	-66.424949646	-15.1153507233	0.648532665132	3.0	5.28000020981	23.740000248	0.0	7.11999988556	0.998974586543	1.0	2
1.0	2215.90478516	6.0	3.0	1615.08483887	4.0	4.0	95.9219980463	0.0	-0.994935810566	0.0	0.100512579083	27.9869663733	0.0	-6.07618522644	-42.7290992737	-19.612449646	0.997427126311	3.0	7.42000007629	33.2800006866	1.0	10.5600004196	0.897027070199	1.0	2
1.0	4454.33691406	10.0	5.0	1905.5300293	4.0	4.0	125.305599093	0.0	-0.00611992646009	0.998390674591	-0.0563789568841	32.0933318819	2.53502584763	-7.27986001968	-66.424949646	-15.1153507233	0.648532665132	6.0	5.28000020981	56.8400006294	1.0	10.5600004196	0.999730541304	1.0	2
1.0	1634.37695312	2.0	0.0	88.3548965454	1.0	0.0	0.0	10.0	0.0	0.0	0.0	0.0	0.0	0.0	0.0	0.0	2.0	0.0	0.0	0.0	0.0	0.0	0.498763688422	1.0	2
1.0	5301.89648438	8.0	1.0	1057.9699707	1.0	1.0	51.4399986267	2.6908232967	-0.702480077744	-0.109051942825	0.703298985958	11.127870871	25.0222036848	-5.48211479187	-37.3388977051	17.041349411	0.984559375712	0.0	0.0	0.0	0.0	0.0	0.999165124275	1.0	2
1.0	3400.61694336	4.0	2.0	2193.17871094	5.0	4.0	92.9855986834	0.0	-0.00611992646009	0.998390674591	-0.0563789568841	14.4851521253	2.53502584763	-7.27986001968	-66.424949646	-15.1153507233	0.648532665132	3.0	5.28000020981	23.740000248	0.0	7.11999988556	0.984022172332	1.0	2
1.0	2080.43383789	5.0	3.0	1952.79394531	2.0	2.0	115.57999754	1.4602465296	-0.596096813679	-0.511084139347	-0.619242787361	31.5859086725	25.2847601375	-1.16088247299	-17.5698013306	4.89809513092	0.878880855434	0.0	0.0	0.0	0.0	0.0	0.964792260155	1.0	2
1.0	2298.52392578	1.0	1.0	69.2415008545	1.0	1.0	31.6800003052	2.30752678241	-0.0428382791579	-0.563997328281	0.824664711952	21.5713167566	1.74196854874	-5.6963300705	-52.0008468628	-3.91148495674	0.670023420595	0.0	0.0	0.0	0.0	0.0	-1.0	0.0	2
1.0	3303.31860352	5.0	0.0	238.347000122	1.0	0.0	0.0	10.0	0.0	0.0	0.0	0.0	0.0	0.0	0.0	0.0	2.0	0.0	0.0	0.0	0.0	0.0	0.498763688422	1.0	2
1.0	3316.71826172	10.0	1.0	238.347000122	1.0	1.0	31.1200008392	3.02729413392	-0.559266328812	0.14067338407	0.816965281963	19.4932569286	3.01455301994	-6.32104492188	-62.2486000061	4.91508483887	0.957087880401	0.0	0.0	0.0	0.0	0.0	0.994510502083	1.0	2
1.0	2493.51269531	6.0	1.0	238.347000122	1.0	1.0	31.1200008392	3.02729413392	-0.559266328812	0.14067338407	0.816965281963	32.6220685394	3.01455301994	-6.32104492188	-62.2486000061	4.91508483887	0.957087880401	0.0	0.0	0.0	0.0	0.0	0.462155707158	1.0	2
1.0	4920.81445312	9.0	1.0	238.347000122	1.0	1.0	31.1200008392	3.02729413392	-0.559266328812	0.14067338407	0.816965281963	19.4932569286	3.01455301994	-6.32104492188	-62.2486000061	4.91508483887	0.957087880401	0.0	0.0	0.0	0.0	0.0	0.999942012104	1.0	2
1.0	2723.32226562	7.0	1.0	69.2415008545	1.0	1.0	31.6800003052	2.30752678241	-0.0428382791579	-0.563997328281	0.824664711952	31.8492209778	1.74196854874	-5.6963300705	-52.0008468628	-3.91148495674	0.670023420595	0.0	0.0	0.0	0.0	0.0	0.925369012528	1.0	2
1.0	3690.02612305	9.0	3.0	492.483001709	2.0	2.0	82.6200008392	0.0	0.998985469341	-0.0365974083543	0.0262433495373	36.3182781422	26.6734564551	-6.68339490891	-37.3115005493	-16.1025505066	0.0735696247683	1.0	8.03999996185	6.96000003815	1.0	8.03999996185	0.993048422444	1.0	2
1.0	3723.07177734	7.0	3.0	387.528015137	2.0	2.0	64.6199998856	2.33228212474	0.201393157244	-0.0906691476703	0.975305080414	34.7077524538	6.6071423515	-0.745496988297	-31.4395999908	5.15910482407	0.0488308960727	0.0	0.0	0.0	0.0	0.0	0.990725118865	1.0	2
1.0	3978.65771484	5.0	3.0	472.558502197	3.0	3.0	123.959999561	0.0	0.998985469341	-0.0365974083543	0.0262433495373	36.3182781422	26.6734564551	-6.68339490891	-37.3115005493	-16.1025505066	0.0735696247683	1.0	8.03999996185	6.96000003815	1.0	8.03999996185	0.997263229077	1.0	2
1.0	2791.43261719	1.0	1.0	485.636993408	1.0	1.0	39.0999984741	2.34234923147	-0.413715928793	-0.215599119663	0.8845089674	20.9250175044	4.47463576998	-1.235709548	-32.9017486572	7.70813989639	0.999778923059	0.0	0.0	0.0	0.0	0.0	-1.0	0.0	2
1.0	3620.22070312	9.0	4.0	407.145202637	3.0	3.0	58.0	0.0	0.999826014042	0.0	0.0186542458832	40.6190926841	13.5546096518	-2.38887500763	-36.1290016174	-17.2951507568	0.38107750322	3.0	2.55999994278	12.2199997902	0.0	6.88000011444	0.968912699833	1.0	2
1.0	1986.36987305	2.0	1.0	983.655029297	1.0	1.0	39.0999984741	2.34234923147	0.413715928793	0.215599119663	-0.8845089674	35.5843946946	20.9250175044	-1.235709548	-32.9017486572	7.70813989639	0.999778923059	0.0	0.0	0.0	0.0	0.0	0.190985333014	1.0	2
1.0	2566.16137695	7.0	3.0	407.145202637	3.0	3.0	36.9000005722	0.0	-0.0189132746309	0.167166486382	0.985747277737	4.70493475396	14.7060994824	-3.04051494598	-61.3395996094	-11.6931495667	0.631306349369	2.0	2.55999994278	5.53999996185	0.0	4.03999996185	0.974084204017	1.0	2
1.0	894.409973145	3.0	1.0	745.770996094	1.0	1.0	39.0999984741	2.34234923147	0.413715928793	0.215599119663	-0.8845089674	35.5843946946	20.9250175044	-1.235709548	-32.9017486572	7.70813989639	0.999778923059	0.0	0.0	0.0	0.0	0.0	0.113763177352	1.0	2
1.0	2194.15551758	7.0	1.0	110.567001343	1.0	1.0	3.42000007629	2.9915029674	-0.0119833648205	0.780583620071	0.624936521053	38.0233585815	0.0	-1.82029998302	-41.3773498535	-18.5666007996	0.357390522703	0.0	0.0	0.0	0.0	0.0	0.988672265847	1.0	2
1.0	1883.68798828	3.0	1.0	262.457000732	1.0	1.0	12.779999733	0.0	-0.999825716019	0.0	-0.0186699591577	22.2100213437	1.08821977534	-2.72550487518	-48.2464981079	0.259639501572	0.778928143851	1.0	6.88000011444	6.67999982834	0.0	6.88000011444	0.105079331277	1.0	2
1.0	5526.34960938	14.0	3.0	795.887023926	2.0	2.0	84.3399982452	0.0	0.0189132746309	-0.167166486382	-0.985747277737	15.1206740502	4.70493475396	-3.04051494598	-61.3395996094	-11.6931495667	0.631306349369	3.0	4.03999996185	32.3600001335	0.0	14.9399995804	0.978777126151	1.0	2
1.0	5104.2890625	8.0	2.0	519.758178711	2.0	2.0	66.139998436	0.0	-0.0189132746309	0.167166486382	0.985747277737	25.6125332685	6.20839432829	-3.04051494598	-61.3395996094	-11.6931495667	0.631306349369	1.0	4.03999996185	3.05999994278	0.0	4.03999996185	0.986743517768	1.0	2
1.0	3923.55444336	11.0	1.0	257.301208496	2.0	1.0	10.1999998093	0.0	-0.0189132746309	0.167166486382	0.985747277737	15.6951747663	6.20839432829	-3.04051494598	-61.3395996094	-11.6931495667	0.631306349369	1.0	4.03999996185	3.05999994278	0.0	4.03999996185	0.982322385671	1.0	2
1.0	2704.04003906	1.0	1.0	558.093017578	1.0	1.0	28.1600008011	2.44471679842	-0.470985174179	0.0163970049471	0.881988763809	43.1346088731	11.0364030966	-2.20758748055	-36.6590995789	9.9175195694	0.993203664076	0.0	0.0	0.0	0.0	0.0	-1.0	0.0	2
1.0	4764.40332031	10.0	3.0	1404.69995117	3.0	2.0	58.6400003433	2.30624151047	-0.233491748571	-0.948906779289	0.212267562747	54.8489932194	29.9996282709	-1.14509749413	-24.9039001465	15.5058002472	0.293759155496	0.0	0.0	0.0	0.0	0.0	0.999162923653	1.0	2
1.0	2174.18701172	4.0	2.0	711.450012207	1.0	1.0	48.8000011444	1.99069834384	0.174098923802	-0.068409897387	0.982349038124	57.0287894263	1.5214137948	-8.23756027222	-69.6346511841	-11.4954147339	0.0748036736557	0.0	0.0	0.0	0.0	0.0	0.783622089036	1.0	2
1.0	5425.19482422	10.0	5.0	1793.14697266	4.0	4.0	140.073680401	0.0	0.0265252515674	0.970083117485	-0.241319671273	13.7091268776	25.5085652596	-6.16777992249	-57.6949005127	-4.90180969238	0.0334226763294	4.0	5.48000001907	35.0	0.0	10.4399995804	0.995176086184	1.0	2
1.0	3515.02612305	4.0	2.0	1225.73400879	2.0	2.0	54.8800001144	0.0	-0.0265055578202	-0.970083475113	0.241320222616	7.05824976631	28.2065258974	-5.03629970551	-33.3483009338	15.3143501282	0.969044408706	1.0	7.80000019073	7.48000001907	0.0	7.80000019073	0.881905503135	1.0	2
1.0	4968.03564453	8.0	3.0	1348.36425781	5.0	3.0	60.8279995918	0.0	0.0265252515674	0.970083117485	-0.241319671273	13.7091268776	25.5085652596	-6.16777992249	-57.6949005127	-4.90180969238	0.0334226763294	1.0	10.1999998093	10.720000267	0.0	10.1999998093	0.999443668066	1.0	2
1.0	3838.72558594	4.0	2.0	1846.57702637	3.0	2.0	76.92000103	1.99069834384	0.174098923802	-0.068409897387	0.982349038124	21.2774077497	1.5214137948	-8.23756027222	-69.6346511841	-11.4954147339	0.0748036736557	0.0	0.0	0.0	0.0	0.0	0.970613562529	1.0	2
1.0	5519.03125	9.0	5.0	1285.59997559	5.0	5.0	119.645680904	0.0	0.0265252571553	0.970083355904	-0.241318747401	29.1250024594	16.0864002206	-5.47784996033	-57.9659996033	-1.00888049603	0.994813456769	2.0	5.48000001907	13.1999998093	0.0	7.80000019073	0.999991136073	1.0	2
1.0	2419.44091797	7.0	0.0	261.84197998	1.0	0.0	0.0	10.0	0.0	0.0	0.0	0.0	0.0	0.0	0.0	0.0	2.0	0.0	0.0	0.0	0.0	0.0	0.498763688422	1.0	2
1.0	5445.88574219	10.0	5.0	1140.16027832	4.0	3.0	79.7479999065	0.0	0.0265252515674	0.970083117485	-0.241319671273	13.7091268776	25.5085652596	-6.16777992249	-57.6949005127	-4.90180969238	0.0334226763294	1.0	10.1999998093	10.720000267	0.0	10.1999998093	0.999925966602	1.0	2
1.0	2435.30908203	1.0	1.0	763.428710938	1.0	1.0	39.5600013733	3.03078874048	0.342579066753	0.0043111005798	0.939479112625	17.7679067798	11.7833819263	-5.30436992645	-25.9025993347	8.39232444763	0.997049714449	0.0	0.0	0.0	0.0	0.0	-1.0	0.0	2
1.0	6054.41699219	7.0	4.0	792.04095459	4.0	4.0	144.900000572	0.0	0.9821138978	-0.129124805331	-0.137036561966	8.29727517577	9.13156216602	-15.8196496964	-70.3908004761	-1.47653007507	0.983513011932	4.0	2.03999996185	30.0600004196	3.0	9.34000015259	0.999894407902	1.0	2
1.0	908.944946289	1.0	1.0	190.567703247	2.0	1.0	13.6000003815	0.0	0.982108592987	-0.129120379686	-0.137078940868	15.1867851988	0.0	-8.41760444641	-41.2275009155	-12.7117996216	0.838367721845	2.0	11.8000001907	21.9600000381	0.0	11.8000001907	0.549030382658	1.0	2
1.0	4707.00390625	11.0	3.0	415.345703125	3.0	3.0	79.6400003433	0.0	0.982114374638	-0.129126057029	-0.137032076716	31.8751656104	6.01441830963	-8.59442996979	-40.5735015869	-6.73568534851	0.28260147446	2.0	4.44000005722	12.3200004101	1.0	8.52000045776	0.978310817032	1.0	2
1.0	2739.99560547	4.0	2.0	871.564697266	1.0	1.0	50.92000103	0.0	0.9821138978	-0.129124805331	-0.137036561966	8.29727517577	9.13156216602	-15.8196496964	-70.3908004761	-1.47653007507	0.983513011932	1.0	3.88000011444	5.09999990463	1.0	9.34000015259	0.74161257247	1.0	2
1.0	4069.58154297	5.0	4.0	1245.11901855	3.0	2.0	61.2000002861	0.0	0.0849663391709	0.953449428082	-0.289335280657	19.0763069527	1.00526319574	-8.80561065674	-59.7567977905	-1.17990493774	0.912520732971	4.0	4.44000005722	32.8000004292	1.0	8.52000045776	0.976526048637	1.0	2
1.0	2862.39477539	4.0	2.0	940.37298584	3.0	2.0	72.9800014496	0.0	0.9821138978	-0.129124805331	-0.137036561966	8.29727517577	9.13156216602	-15.8196496964	-70.3908004761	-1.47653007507	0.983513011932	2.0	2.03999996185	4.77999997139	2.0	9.34000015259	0.845369248645	1.0	2
1.0	2700.22387695	7.0	3.0	1740.32299805	3.0	3.0	101.40000248	0.0	-0.982102513313	0.129214257002	0.137033835053	1.00529209166	11.9026016833	-11.5594501495	-69.5618515015	-0.937360525131	0.355209756148	3.0	2.03999996185	20.460000515	2.0	8.52000045776	0.966714720435	1.0	2
1.0	2862.58154297	6.0	2.0	412.881988525	1.0	1.0	40.5800013542	3.03078874048	-0.342579066753	-0.0043111005798	-0.939479112625	36.6142911692	9.33369125241	-5.30436992645	-25.9025993347	8.39232444763	0.997049714449	0.0	0.0	0.0	0.0	0.0	0.850189343625	1.0	2
1.0	5152.66308594	8.0	4.0	1015.93902588	3.0	3.0	82.1000013351	0.0	0.9821138978	-0.129124805331	-0.137036561966	8.29727517577	11.2021300915	-15.8196496964	-70.3908004761	-1.47653007507	0.983513011932	4.0	2.03999996185	33.8200001717	3.0	9.34000015259	0.999837002499	1.0	2
1.0	2235.5324707	1.0	1.0	871.29699707	2.0	1.0	46.5	2.1739572108	0.376723468304	-0.131736084819	0.916910588741	0.911066851613	2.77213869528	-3.27953004837	-15.8488006592	11.8519849777	0.924894145204	0.0	0.0	0.0	0.0	0.0	-1.0	0.0	2
1.0	4693.97167969	7.0	2.0	1634.98608398	3.0	3.0	115.140000343	0.0	-0.0412263385952	-0.994548678398	0.0957774743438	31.0820568169	16.4859921994	-6.30922031403	-53.7953491211	4.97591018677	0.629833594207	1.0	6.11999988556	6.59999990463	0.0	6.11999988556	0.982544347915	1.0	2
1.0	2619.49072266	10.0	4.0	1358.05603027	3.0	3.0	118.51999855	0.0	0.0412265956402	0.994554877281	-0.0957126542926	25.9934317417	30.6577431902	-4.07734012604	-47.0374526978	-12.3088998795	0.97919275459	1.0	18.5	20.1000003815	0.0	18.5	0.966637959625	1.0	2
1.0	4801.07519531	7.0	3.0	1607.15307617	4.0	4.0	98.3399977684	0.0	0.0412262454629	0.994544386864	-0.0958217531443	52.6647713182	29.419177726	-2.82558989525	-30.4326515198	12.6122493744	0.940331382009	0.0	0.0	0.0	1.0	7.5	0.999551025725	1.0	2
1.0	3052.7578125	3.0	1.0	1518.17504883	3.0	1.0	80.0600013733	2.1739572108	0.376723468304	-0.131736084819	0.916910588741	63.725953251	17.5782822158	-3.27953004837	-15.8488006592	11.8519849777	0.924894145204	0.0	0.0	0.0	0.0	0.0	0.598790484519	1.0	2
1.0	4232.40869141	8.0	4.0	1620.19506836	3.0	3.0	155.407599449	0.0	-0.0412263385952	-0.994548678398	0.0957774743438	31.0820568169	12.3237021104	-6.30922031403	-53.7953491211	4.97591018677	0.629833594207	3.0	6.11999988556	46.2200007439	1.0	17.5799999237	0.998528551412	1.0	2
1.0	3581.60400391	6.0	3.0	1649.23608398	5.0	5.0	133.747597218	0.0	0.0412265956402	0.994554877281	-0.0957126542926	19.6427101213	30.6660529755	-4.07734012604	-47.0374526978	-12.3088998795	0.97919275459	2.0	17.5799999237	39.6200008392	2.0	17.5799999237	0.988757759459	1.0	2
1.0	4295.73632812	7.0	3.0	1416.75708008	4.0	2.0	97.8199996948	0.0	-0.0412262454629	-0.994544386864	0.0958217531443	53.3216339495	33.1541548218	-2.82558989525	-30.4326515198	12.6122493744	0.940331382009	0.0	0.0	0.0	1.0	7.5	0.999387795986	1.0	2
1.0	2287.16088867	1.0	1.0	580.117004395	1.0	1.0	26.8199996948	2.49315660343	-0.0654236376286	-0.673847436905	0.735968291759	33.2831215485	18.5663981998	-5.56995010376	-46.2673492432	-3.39637517929	0.998585690663	0.0	0.0	0.0	0.0	0.0	0.230626625866	1.0	2
1.0	4664.3984375	9.0	5.0	1743.83007812	4.0	4.0	127.347598076	0.0	-0.0412263385952	-0.994548678398	0.0957774743438	31.0820568169	12.3237021104	-6.30922031403	-53.7953491211	4.97591018677	0.629833594207	3.0	6.11999988556	46.2200007439	2.0	17.5799999237	0.997313401631	1.0	2
1.0	2894.08325195	1.0	1.0	332.385009766	1.0	1.0	36.0399990082	1.41194191938	0.500491321087	-0.283668786287	0.817948937416	48.9600193248	2.98262046593	0.273872494698	-26.1948509216	10.919500351	0.838348675317	0.0	0.0	0.0	0.0	0.0	-1.0	0.0	2
1.0	2157.89379883	9.0	4.0	498.085601807	5.0	5.0	88.2199997902	0.0	-0.0288449618965	0.963121771812	-0.267515331507	46.3660732087	15.693553458	-1.10567998886	-29.023399353	8.03472995758	0.739238290771	2.0	5.32000017166	10.8200001717	0.0	6.71999979019	0.981276597679	1.0	2
1.0	2318.70507812	4.0	3.0	480.427978516	3.0	2.0	19.9800000191	0.0	0.0288546737283	-0.963110983372	0.26755297184	41.1610161771	1.97191691494	-1.44044494629	-45.9710006714	-17.9332008362	0.962968257684	3.0	7.78000020981	32.0999999046	1.0	13.1999998093	0.763881430155	1.0	2
1.0	3033.90112305	10.0	7.0	1546.91699219	7.0	7.0	123.280000687	0.0	0.0288449618965	-0.963121771812	0.267515331507	33.4482181622	20.6473208904	-1.10567998886	-29.023399353	8.03472995758	0.739238290771	5.0	4.76000022888	39.3200001717	1.0	13.1999998093	0.999838854541	1.0	2
1.0	581.067993164	2.0	0.0	987.514526367	2.0	0.0	0.0	10.0	0.0	0.0	0.0	0.0	0.0	0.0	0.0	0.0	2.0	0.0	0.0	0.0	0.0	0.0	0.498763688422	1.0	2
1.0	3677.33813477	9.0	4.0	1365.77148438	8.0	6.0	87.720000267	0.0	-0.0288482345641	0.963130414486	-0.267483770847	0.0	24.1425143646	-6.99586963654	-32.0774497986	20.4829502106	0.901130114918	11.0	5.32000017166	92.3935987577	1.0	9.35999965668	0.999511936876	1.0	2
1.0	2124.41870117	10.0	5.0	1768.28063965	6.0	5.0	107.099998951	0.0	-0.0288469810039	0.963121592999	-0.267515778542	24.9322456356	33.0144964409	-0.43833899498	-50.3778991699	8.12594032288	0.98663192523	3.0	6.71999979019	38.2199997902	0.0	14.5799999237	0.998470795968	1.0	2
1.0	4013.31884766	10.0	6.0	1121.31933594	6.0	5.0	148.35999918	0.0	-0.0288449730724	0.963122189045	-0.267513811588	24.7106535672	8.09714690012	1.87442004681	-28.2031993866	-0.913251042366	0.948220410295	6.0	4.76000022888	39.5800004005	0.0	12.8000001907	0.999903631316	1.0	2
1.0	2659.19628906	2.0	2.0	567.271972656	2.0	2.0	60.7799992561	0.0	0.0288546737283	-0.963110983372	0.26755297184	19.0064897596	1.97191691494	-1.44044494629	-45.9710006714	-17.9332008362	0.962968257684	2.0	14.5799999237	34.9599990845	1.0	13.1999998093	0.408808714642	1.0	2
1.0	2932.33276367	11.0	6.0	1549.70361328	8.0	7.0	104.699999809	0.0	0.0288482345641	-0.963130414486	0.267483770847	1.71880257523	14.4625987632	-6.99586963654	-32.0774497986	20.4829502106	0.901130114918	8.0	4.76000022888	48.3800005913	1.0	9.35999965668	0.999804310298	1.0	2
1.0	1984.21801758	1.0	1.0	609.962524414	2.0	1.0	17.3999998569	0.0	0.997138559818	0.0	-0.0755952969193	1.78557831459	19.4010511256	-2.38662004471	-43.6324005127	-1.45893502235	0.906984222386	2.0	5.73999977112	14.9400000572	1.0	5.73999977112	-1.0	0.0	2
1.0	4485.390625	7.0	3.0	1795.93847656	4.0	4.0	107.899999857	0.0	0.997138559818	0.0	-0.0755952969193	23.4887591424	26.8380419104	-2.38662004471	-43.6324005127	-1.45893502235	0.906984222386	2.0	5.73999977112	14.9400000572	1.0	5.73999977112	0.987176070568	1.0	2
1.0	2883.99462891	3.0	2.0	317.222015381	2.0	2.0	41.2800002098	1.80764765536	-0.29757604003	-0.916800439358	-0.266318321228	23.6613503899	17.454720891	-2.50943994522	-45.4064025879	-3.46175003052	0.903944978775	0.0	0.0	0.0	0.0	0.0	0.425026439558	1.0	2
1.0	4376.78417969	9.0	4.0	1330.59997559	3.0	3.0	112.909600854	0.0	0.0131491916254	-0.976925134659	0.21317692101	16.7881494754	10.5395743837	-19.7645988464	-68.0513458252	-7.59370517731	0.250317607155	1.0	7.01999998093	10.0	0.0	7.01999998093	0.994247034228	1.0	2
1.0	2257.28613281	4.0	2.0	490.441497803	1.0	1.0	76.7800004482	0.0	0.997138559818	0.0	-0.0755952969193	19.5905278151	19.4010511256	-2.38662004471	-43.6324005127	-1.45893502235	0.906984222386	2.0	5.73999977112	14.9400000572	1.0	5.73999977112	0.619771134358	1.0	2
1.0	4594.25	9.0	5.0	1239.79125977	3.0	3.0	89.4095995426	0.0	-0.0131491916254	0.976925134659	-0.21317692101	45.2514818223	3.01492262186	-19.7645988464	-68.0513458252	-7.59370517731	0.250317607155	4.0	5.73999977112	28.3400001526	3.0	7.17999982834	0.999040336373	1.0	2
1.0	2743.20703125	7.0	2.0	583.230957031	2.0	2.0	26.5599994659	1.80764765536	-0.29757604003	-0.916800439358	-0.266318321228	21.1008476171	2.04939717969	-2.50943994522	-45.4064025879	-3.46175003052	0.903944978775	0.0	0.0	0.0	0.0	0.0	0.858664260967	1.0	2
1.0	3042.49121094	7.0	4.0	1605.47839355	4.0	3.0	102.68000102	0.0	0.0130722057074	-0.976928174496	0.213167697191	39.4623163022	4.83957597391	-5.29518508911	-62.8883514404	-11.4232997894	0.723251648894	3.0	6.42000007629	36.3199996948	2.0	9.26000022888	0.993146021015	1.0	2
1.0	4340.76708984	7.0	3.0	1598.23754883	5.0	5.0	79.5800001621	0.0	0.997138559818	0.0	-0.0755952969193	23.4887591424	26.8380419104	-2.38662004471	-43.6324005127	-1.45893502235	0.906984222386	2.0	5.73999977112	14.9400000572	1.0	5.73999977112	0.984395804505	1.0	2
1.0	4304.21630859	7.0	3.0	1286.0670166	4.0	4.0	58.5495986938	0.0	-0.0131491916254	0.976925134659	-0.21317692101	4.83868956096	3.01492262186	-19.7645988464	-68.0513458252	-7.59370517731	0.250317607155	3.0	7.01999998093	25.8600001335	1.0	7.17999982834	0.994918435423	1.0	2
1.0	2639.12109375	1.0	1.0	229.037002563	1.0	1.0	41.9399986267	2.80348532582	0.0840348675847	-0.0521657578647	0.995096385479	13.9418559735	6.53714702701	-1.1405415535	-37.3588027954	12.8684902191	0.999981918333	0.0	0.0	0.0	0.0	0.0	-1.0	0.0	2
1.0	4727.31738281	7.0	2.0	541.086975098	2.0	1.0	55.7599983215	2.80348532582	0.0840348675847	-0.0521657578647	0.995096385479	42.398508081	6.53714702701	-1.1405415535	-37.3588027954	12.8684902191	0.999981918333	0.0	0.0	0.0	0.0	0.0	0.999140567424	1.0	2
1.0	4544.68798828	7.0	2.0	637.338806152	3.0	2.0	73.2399988174	0.0	0.00919148977846	-0.99401563406	0.108850367367	0.0	8.11316780612	-9.22290039062	-71.3876953125	-3.72898507118	0.665521646813	1.0	6.82000017166	5.78000020981	0.0	6.82000017166	0.992318229659	1.0	2
1.0	3021.16259766	5.0	2.0	1517.84887695	3.0	1.0	48.1600000858	0.0	0.00919941347092	-0.994015753269	0.108848772943	33.1583946177	25.3150301212	-2.57960510254	-45.0695495605	-4.1721496582	0.598262158924	1.0	3.72000002861	3.70000004768	1.0	3.72000002861	0.988790484668	1.0	2
1.0	4223.71630859	8.0	2.0	697.818969727	3.0	2.0	72.6799983978	0.0	-0.00919148977846	0.99401563406	-0.108850367367	8.11316780612	0.0	-9.22290039062	-71.3876953125	-3.72898507118	0.665521646813	1.0	6.82000017166	5.78000020981	0.0	6.82000017166	0.995781776435	1.0	2
1.0	869.45489502	4.0	0.0	408.30178833	2.0	0.0	0.0	10.0	0.0	0.0	0.0	0.0	0.0	0.0	0.0	0.0	2.0	0.0	0.0	0.0	0.0	0.0	0.498763688422	1.0	2
1.0	2160.50170898	8.0	4.0	1600.86193848	3.0	3.0	149.179999352	0.0	-0.00919148977846	0.99401563406	-0.108850367367	8.11316780612	9.29587013768	-9.22290039062	-71.3876953125	-3.72898507118	0.665521646813	1.0	6.82000017166	5.78000020981	0.0	6.82000017166	0.979431367147	1.0	2
1.0	3348.78540039	4.0	1.0	541.086975098	2.0	1.0	41.9399986267	2.80348532582	0.0840348675847	-0.0521657578647	0.995096385479	13.9418559735	6.53714702701	-1.1405415535	-37.3588027954	12.8684902191	0.999981918333	0.0	0.0	0.0	0.0	0.0	0.748841585669	1.0	2
1.0	3498.9855957	7.0	4.0	1769.41870117	4.0	3.0	117.639999628	0.0	0.00919148977846	-0.99401563406	0.108850367367	0.0	8.11316780612	-9.22290039062	-71.3876953125	-3.72898507118	0.665521646813	2.0	3.72000002861	9.48000025749	1.0	3.72000002861	0.994848243556	1.0	2
1.0	790.08001709	3.0	1.0	171.917007446	1.0	1.0	11.1599998474	2.28293453363	0.0559225641191	-0.634997725487	0.770487248898	19.7574746546	3.42736940699	-0.350471496582	-40.4511489868	4.79395484924	0.986487035452	0.0	0.0	0.0	0.0	0.0	-1.0	0.0	2
1.0	4004.28466797	10.0	6.0	547.658325195	4.0	4.0	156.259999514	0.0	-0.047253921628	0.972084820271	-0.229822143912	46.9342242907	7.01665014448	-10.2776498795	-19.2113990784	16.3112506866	0.92111539851	2.0	10.3599996567	18.6400003433	1.0	5.32000017166	0.999386673034	1.0	2
1.0	597.388000488	2.0	1.0	496.838012695	3.0	1.0	3.48000001907	2.17490455593	0.032915994525	0.174305200577	0.984141349792	3.16443471716	18.5050300796	-3.9637799263	-41.6548500061	-6.92312002182	0.664055683286	0.0	0.0	0.0	0.0	0.0	0.0968148494546	1.0	2
1.0	3249.58740234	7.0	4.0	292.979095459	3.0	3.0	88.560000658	0.0	0.0472739450634	-0.972083568573	0.229823306203	36.1176890785	3.15708959396	-7.74229001999	-29.0625	16.9406509399	0.814323185909	1.0	10.4399995804	9.34000015259	0.0	10.4399995804	0.979733286781	1.0	2
1.0	1802.14440918	6.0	3.0	364.609008789	2.0	1.0	39.8199996948	2.17490455593	0.032915994525	0.174305200577	0.984141349792	42.6533011557	18.5050300796	-3.9637799263	-41.6548500061	-6.92312002182	0.664055683286	0.0	0.0	0.0	0.0	0.0	0.175270916505	1.0	2
1.0	4231.02783203	11.0	7.0	415.503723145	3.0	3.0	157.680001259	0.0	0.0472739450634	-0.972083568573	0.229823306203	36.1176890785	14.407303526	-7.74229001999	-29.0625	16.9406509399	0.814323185909	1.0	10.4399995804	9.34000015259	1.0	5.32000017166	0.999554560588	1.0	2
1.0	868.513305664	4.0	2.0	273.744995117	2.0	2.0	19.9399998188	2.28293453363	0.0559225641191	-0.634997725487	0.770487248898	19.7574746546	19.3414678952	-0.350471496582	-40.4511489868	4.79395484924	0.986487035452	0.0	0.0	0.0	0.0	0.0	0.0570669315724	1.0	2
1.0	4079.71728516	10.0	6.0	524.26361084	4.0	4.0	148.959998846	0.0	-0.047253921628	0.972084820271	-0.229822143912	44.0234291083	7.01665014448	-10.2776498795	-19.2113990784	16.3112506866	0.92111539851	1.0	10.3599996567	9.30000019073	1.0	5.32000017166	0.999465234846	1.0	2
1.0	1547.46191406	2.0	0.0	171.917007446	1.0	0.0	0.0	10.0	0.0	0.0	0.0	0.0	0.0	0.0	0.0	0.0	2.0	0.0	0.0	0.0	0.0	0.0	0.498763688422	1.0	2
1.0	4100.4140625	9.0	6.0	546.117370605	5.0	5.0	178.259998798	0.0	-0.047253921628	0.972084820271	-0.229822143912	44.0234291083	7.01665014448	-10.2776498795	-19.2113990784	16.3112506866	0.92111539851	2.0	10.3599996567	18.6400003433	0.0	10.4399995804	0.999304562868	1.0	2
1.0	3200.11914062	1.0	1.0	321.770385742	1.0	1.0	37.9200000763	1.30453440059	0.0451282262802	-0.415496379137	0.908474683762	31.8274286638	12.1921288142	-3.50905990601	-48.9262504578	7.1339302063	0.960004154096	0.0	0.0	0.0	0.0	0.0	-1.0	0.0	2
1.0	4453.92529297	8.0	5.0	1807.58496094	2.0	2.0	203.679996014	1.30453440059	-0.0451282262802	0.415496379137	-0.908474683762	12.6444948877	31.8274286638	-3.50905990601	-48.9262504578	7.1339302063	0.960004154096	0.0	0.0	0.0	0.0	0.0	0.998617790931	1.0	2
1.0	4208.33642578	5.0	3.0	1662.54040527	3.0	3.0	103.779998302	1.30453440059	0.0451282262802	-0.415496379137	0.908474683762	30.4587677188	22.3124976035	-3.50905990601	-48.9262504578	7.1339302063	0.960004154096	0.0	0.0	0.0	0.0	0.0	0.966490797264	1.0	2
1.0	4544.91357422	9.0	4.0	1607.31030273	3.0	3.0	113.119997501	0.0	0.106029078364	-0.93784070015	0.330473423004	36.7607826825	26.9966368503	-0.469238519669	-45.8721008301	12.0375003815	0.965533864673	1.0	7.67999982834	8.42000007629	0.0	7.67999982834	0.996484383453	1.0	2
1.0	5698.42871094	7.0	2.0	321.770385742	1.0	1.0	53.5399999619	1.30453440059	0.0451282262802	-0.415496379137	0.908474683762	30.4587677188	12.1921288142	-3.50905990601	-48.9262504578	7.1339302063	0.960004154096	0.0	0.0	0.0	0.0	0.0	0.998327578926	1.0	2
1.0	2936.38500977	8.0	5.0	1807.58496094	2.0	2.0	203.679996014	1.30453440059	-0.0451282262802	0.415496379137	-0.908474683762	12.6444948877	31.8274286638	-3.50905990601	-48.9262504578	7.1339302063	0.960004154096	0.0	0.0	0.0	0.0	0.0	0.986829582138	1.0	2
1.0	905.536376953	3.0	2.0	1207.7232666	2.0	2.0	86.5200009346	0.0	0.106030836701	-0.937818408012	0.330536156893	0.0	26.1325381003	-5.38928031921	-62.2649993896	7.15215015411	0.942262652738	2.0	1.12000000477	2.01999998093	2.0	2.24000000954	0.45133347779	1.0	2
1.0	4527.73242188	9.0	2.0	776.068359375	2.0	2.0	33.5399999619	2.28932089535	0.075216114521	-0.675929367542	0.733118057251	52.5113945601	2.56303118271	-13.8073005676	-8.38035964966	12.7031993866	0.230768396744	0.0	0.0	0.0	0.0	0.0	0.996550688365	1.0	2
1.0	390.677398682	3.0	2.0	1207.7232666	2.0	2.0	65.1600003242	0.0	0.106030836701	-0.937818408012	0.330536156893	23.8898326574	26.1325381003	-5.38928031921	-62.2649993896	7.15215015411	0.942262652738	1.0	2.24000000954	2.01999998093	1.0	2.24000000954	0.610982110723	1.0	2
1.0	4851.22509766	7.0	5.0	1207.7232666	2.0	2.0	183.339997768	0.0	0.106030836701	-0.937818408012	0.330536156893	0.0	26.1325381003	-5.38928031921	-62.2649993896	7.15215015411	0.942262652738	2.0	1.12000000477	2.01999998093	2.0	2.24000000954	0.993026425565	1.0	2
1.0	2665.51708984	1.0	1.0	839.979003906	1.0	1.0	46.279999733	1.21309111039	0.108677983284	0.146981418133	0.983150839806	0.0	20.5455824724	-2.74323511124	-45.2297515869	-3.71049976349	0.66794834177	0.0	0.0	0.0	0.0	0.0	-1.0	0.0	2
1.0	3549.60961914	8.0	0.0	1028.90002441	1.0	0.0	0.0	10.0	0.0	0.0	0.0	0.0	0.0	0.0	0.0	0.0	2.0	0.0	0.0	0.0	0.0	0.0	0.498763688422	1.0	2
1.0	2318.05224609	3.0	1.0	839.979003906	1.0	1.0	33.1599998474	1.34295941539	0.0551466867328	-0.441407233477	0.895610690117	23.5197209806	20.5455824724	-2.71299982071	-44.7235488892	-3.79473972321	0.992460787075	0.0	0.0	0.0	0.0	0.0	0.293857833362	1.0	2
1.0	2342.88793945	4.0	1.0	2449.2890625	4.0	2.0	32.2800002098	2.50089982052	0.0829387158155	-0.185402497649	0.979156315327	42.4626036461	35.0456853872	-2.27222013474	-28.1996994019	-1.23809504509	0.941854425037	0.0	0.0	0.0	0.0	0.0	0.413555560467	1.0	2
1.0	5782.27978516	10.0	5.0	2324.25	5.0	4.0	162.999999523	0.0	0.992685735226	-0.0704803466797	-0.0980182290077	43.2968762653	23.9294550599	-5.3954000473	-57.3708000183	-15.7181501389	0.87622874974	2.0	2.11999988556	5.63999986649	1.0	2.11999988556	0.999767730417	1.0	2
1.0	2738.37939453	3.0	2.0	1209.86206055	2.0	2.0	29.4600000381	0.0	0.0588170588017	0.984726130962	-0.163874894381	36.7581482771	20.4668357551	-2.95288515091	-45.0480003357	-5.96493005753	0.571709302425	1.0	10.9799995422	11.9600000381	0.0	10.9799995422	0.141859270883	1.0	2
1.0	6027.12353516	11.0	6.0	2079.40600586	3.0	3.0	157.860001087	0.0	0.992685735226	-0.0704803466797	-0.0980182290077	43.2968762653	23.9294550599	-5.3954000473	-57.3708000183	-15.7181501389	0.87622874974	1.0	2.11999988556	2.07999992371	1.0	2.11999988556	0.999785582057	1.0	2
1.0	6237.65039062	12.0	7.0	1868.87902832	2.0	2.0	143.580001354	0.0	0.992685735226	-0.0704803466797	-0.0980182290077	23.2293409569	10.3893383581	-5.3954000473	-57.3708000183	-15.7181501389	0.87622874974	1.0	2.11999988556	2.07999992371	1.0	2.11999988556	0.999868808286	1.0	2
1.0	5391.484375	11.0	3.0	1854.15405273	5.0	5.0	128.760001183	0.0	0.0588168799877	0.98472315073	-0.163892954588	38.7575137392	44.187322488	-3.18672513962	-34.1972007751	-16.6674499512	0.228941721637	1.0	2.11999988556	3.55999994278	0.0	2.11999988556	0.999806533398	1.0	2
1.0	2295.20288086	1.0	1.0	367.424987793	1.0	1.0	12.1800003052	2.86730358086	-0.0219632368535	0.195682734251	0.980421304703	57.4169562927	4.4698741923	-1.63559508324	-24.3768997192	15.1404495239	0.700953909973	0.0	0.0	0.0	0.0	0.0	-1.0	0.0	3
1.0	5536.47998047	14.0	4.0	414.370483398	3.0	3.0	68.6000010967	0.0	-0.0314196795225	0.976059556007	-0.215222090483	37.2290813816	2.1162499908	-7.2660150528	-14.4055500031	-11.0372505188	0.416371248595	5.0	4.38000011444	50.3400006294	1.0	16.1000003815	0.999953247474	1.0	3
1.0	4404.55761719	11.0	5.0	874.628479004	5.0	4.0	97.7200007439	0.0	-0.0314192660153	0.976048409939	-0.215272590518	13.6918813324	22.5829200522	-3.77489495277	-51.6797485352	-4.16495037079	0.240155960035	7.0	1.13999998569	51.6252000332	2.0	18.6800003052	0.999519594241	1.0	3
1.0	3605.00585938	10.0	5.0	1093.76501465	4.0	4.0	75.6999998093	0.0	0.999280333519	0.0342891067266	0.0162198189646	2.86657320002	19.6659607575	-3.04507493973	-34.8061523438	20.2051010132	0.915441814822	6.0	1.13999998569	47.4599995613	2.0	8.43999958038	0.989455768586	1.0	3
1.0	1760.90307617	1.0	1.0	901.724975586	2.0	1.0	6.71999979019	0.0	0.999279379845	0.0342924408615	0.0162727702409	27.4318819171	1.13442729334	-5.57813501358	-46.5437507629	-9.54590034485	0.458495267602	1.0	13.0600004196	13.2399997711	0.0	13.0600004196	0.0483018790747	1.0	3
1.0	3011.27026367	7.0	3.0	759.536010742	2.0	2.0	84.2200007439	0.0	0.999280333519	0.0342891067266	0.0162198189646	2.86657320002	1.11755092175	-3.04507493973	-34.8061523438	20.2051010132	0.915441814822	2.0	8.43999958038	20.6399998665	1.0	8.43999958038	0.981948944695	1.0	3
1.0	2593.14794922	3.0	1.0	367.424987793	1.0	1.0	12.1800003052	2.86730358086	-0.0219632368535	0.195682734251	0.980421304703	57.4169562927	4.4698741923	-1.63559508324	-24.3768997192	15.1404495239	0.700953909973	0.0	0.0	0.0	0.0	0.0	0.425504907857	1.0	3
1.0	3001.71142578	7.0	4.0	841.086975098	2.0	2.0	64.4400000572	0.0	0.999279379845	0.0342924408615	0.0162727702409	30.9167670008	13.4297446333	-5.57813501358	-46.5437507629	-9.54590034485	0.458495267602	2.0	4.34000015259	16.9399998188	0.0	13.0600004196	0.983120187437	1.0	3
1.0	2491.33178711	2.0	2.0	674.211975098	3.0	3.0	76.8599996567	0.0	-0.0314286872745	0.976059377193	-0.215221568942	13.4297780793	0.0	-7.8929901123	-59.4342498779	-13.783249855	0.910799138076	2.0	4.38000011444	13.0999999046	0.0	7.11999988556	0.775696053573	1.0	3
1.0	2643.22460938	6.0	1.0	485.390991211	2.0	1.0	17.1599998474	0.0	0.0314192660153	-0.976048409939	0.215272590518	38.7004657968	30.2968134818	-1.99423503876	-37.154548645	-5.91182041168	0.555968204924	1.0	4.34000015259	3.70000004768	0.0	4.34000015259	0.976403373697	1.0	3
1.0	1598.50292969	1.0	1.0	519.736999512	1.0	1.0	18.2999992371	1.44238000248	0.489195823669	-0.403850018978	0.773041129112	0.0	11.6311371269	-0.701780974865	-30.4783000946	5.49867534637	0.925482882615	0.0	0.0	0.0	0.0	0.0	-1.0	0.0	3
1.0	4667.72900391	10.0	2.0	631.49597168	2.0	2.0	31.3999996185	3.14655999555	-0.458352327347	-0.0173018574715	0.888602137566	22.2558395178	8.0213690693	-5.70526504517	-44.6189498901	12.0743503571	0.986339523017	1.0	8.65999984741	11.9399995804	1.0	8.65999984741	0.983840073242	1.0	3
1.0	5330.72021484	8.0	3.0	1803.41796875	4.0	2.0	60.5999994278	1.44238000248	0.489195823669	-0.403850018978	0.773041129112	0.0	25.0895566328	-0.701780974865	-30.4783000946	5.49867534637	0.925482882615	2.0	6.61999988556	28.9000005722	1.0	6.61999988556	0.998343570268	1.0	3
1.0	4761.99658203	10.0	3.0	746.723999023	2.0	2.0	71.3483991623	0.0	0.00328585435636	0.994229674339	-0.107221834362	30.5625743224	19.1787788245	0.182319492102	-41.3544998169	-5.93455982208	0.97925753735	1.0	7.11999988556	10.1800003052	1.0	7.11999988556	0.981276557968	1.0	3
1.0	3129.31396484	5.0	3.0	613.960693359	1.0	1.0	82.7999992371	1.33651787716	-0.0270563196391	-0.470363080502	0.882058143616	44.35922949	12.5587544702	-1.7050549984	-56.8328018188	-13.9830999374	0.428540435732	0.0	0.0	0.0	0.0	0.0	0.902465865231	1.0	3
1.0	3300.96826172	7.0	3.0	472.037994385	2.0	2.0	71.1883983612	0.0	0.00328585435636	0.994229674339	-0.107221834362	30.5625743224	3.09717902214	0.182319492102	-41.3544998169	-5.93455982208	0.97925753735	1.0	7.11999988556	10.1800003052	1.0	7.11999988556	0.983090715857	1.0	3
1.0	3897.16894531	5.0	1.0	613.960693359	1.0	1.0	53.1599992514	1.33651787716	-0.0270563196391	-0.470363080502	0.882058143616	19.6539012833	12.5587544702	-1.7050549984	-56.8328018188	-13.9830999374	0.428540435732	0.0	0.0	0.0	0.0	0.0	0.995581070354	1.0	3
1.0	4942.14892578	7.0	3.0	472.037994385	2.0	2.0	77.468398571	0.0	0.00330250756815	0.994228422642	-0.107233099639	25.8238508784	0.979553410083	0.272506505251	-41.622051239	-8.87573051453	0.022223050136	2.0	6.73999977112	16.8600001335	2.0	7.11999988556	0.999672782845	1.0	3
1.0	3407.46484375	4.0	1.0	907.255981445	2.0	1.0	36.6999988556	1.44238000248	0.489195823669	-0.403850018978	0.773041129112	50.2812800396	25.0895566328	-0.701780974865	-30.4783000946	5.49867534637	0.925482882615	0.0	0.0	0.0	0.0	0.0	0.983090744398	1.0	3
1.0	1399.06347656	1.0	1.0	604.945983887	1.0	1.0	42.1000013351	2.24657072891	0.230011075735	-0.445643335581	0.865157186985	12.0271127669	1.59140311975	-1.08753752708	-30.9198989868	11.1147403717	0.993154230431	0.0	0.0	0.0	0.0	0.0	-1.0	0.0	3
1.0	5642.07958984	13.0	5.0	1149.93200684	2.0	2.0	68.4400005341	0.0	-0.995689451694	0.0703899115324	0.0603977181017	32.9419372422	16.0204756306	-0.820326983929	-55.2224502563	-11.4778499603	0.187477749237	7.0	4.96000003815	27.2463997453	0.0	14.5600004196	0.999737552719	1.0	3
1.0	3833.54614258	12.0	1.0	604.945983887	1.0	1.0	42.1000013351	2.24657072891	0.230011075735	-0.445643335581	0.865157186985	50.6993031172	1.59140311975	-1.08753752708	-30.9198989868	11.1147403717	0.993154230431	0.0	0.0	0.0	0.0	0.0	0.648923789954	1.0	3
1.0	6433.32470703	16.0	8.0	1950.20300293	4.0	4.0	138.52000308	0.0	-0.0535695701838	-0.956507444382	0.286747038364	61.445507078	12.2348545131	-5.39418983459	-10.5505008698	-5.30616998672	0.124762834639	11.0	4.96000003815	66.5213114172	4.0	14.6000003815	0.999886117817	1.0	3
1.0	797.766174316	5.0	1.0	1368.38916016	2.0	1.0	2.83999991417	3.21124592806	0.0497160069644	-0.0637789517641	0.996724903584	24.4622622496	0.0	0.481833994389	-53.5590515137	-19.6695995331	0.344956865514	0.0	0.0	0.0	0.0	0.0	0.282170863045	1.0	3
1.0	2781.28540039	10.0	4.0	1903.20092773	3.0	3.0	87.2399995327	0.0	-0.0535511821508	-0.956510901451	0.286738932133	52.0386828254	19.8117347082	-1.58168005943	-28.2541999817	8.46949577332	0.813910806792	3.0	1.08000004292	15.1399998665	2.0	9.61999988556	0.966105078519	1.0	3
1.0	687.72442627	2.0	2.0	1316.28491211	2.0	2.0	25.4800004959	0.0	-0.0535511821508	-0.956510901451	0.286738932133	9.94326634421	2.43015762809	-1.58168005943	-28.2541999817	8.46949577332	0.813910806792	2.0	5.40000009537	17.5999999046	0.0	11.779999733	0.203654888626	1.0	3
1.0	3282.33959961	8.0	4.0	1602.44946289	3.0	2.0	88.9399998188	0.0	-0.995689451694	0.0703899115324	0.0603977181017	23.0356626006	16.0204756306	-0.820326983929	-55.2224502563	-11.4778499603	0.187477749237	3.0	9.52000045776	31.3599996567	1.0	9.61999988556	0.970740510648	1.0	3
1.0	1705.44482422	4.0	1.0	604.945983887	1.0	1.0	42.1000013351	2.24657072891	0.230011075735	-0.445643335581	0.865157186985	12.0271127669	1.59140311975	-1.08753752708	-30.9198989868	11.1147403717	0.993154230431	0.0	0.0	0.0	0.0	0.0	0.469762461134	1.0	3
1.0	3103.8659668	8.0	3.0	1892.33728027	3.0	3.0	97.0600004196	0.0	0.995689451694	-0.0703899115324	-0.0603977181017	16.0204756306	18.3765645714	-0.820326983929	-55.2224502563	-11.4778499603	0.382741714323	3.0	8.43999958038	30.6999998093	1.0	9.61999988556	0.985150848933	1.0	3
1.0	1659.17102051	1.0	1.0	1193.81628418	1.0	1.0	39.5599994659	0.0	0.0335590206087	0.986685395241	-0.159140571952	2.85257681538	3.80147341324	-4.66602516174	-18.3571014404	9.01539039612	0.746436837297	1.0	5.15999984741	4.11999988556	0.0	5.15999984741	-1.0	0.0	3
1.0	7956.94384766	17.0	6.0	2418.66748047	5.0	3.0	146.579999685	0.0	0.99926251173	-0.0310822557658	-0.0225452259183	57.784465861	1.04236894195	-9.7590007782	-15.8507995605	-13.5340499878	0.0782170236654	10.0	0.959999978542	75.4399994612	3.0	8.68000030518	0.999977928392	1.0	3
1.0	1616.58496094	3.0	2.0	1293.40429688	2.0	2.0	38.8799991608	0.0	-0.033559191972	-0.986688733101	0.159119725227	4.28059140277	14.1802936582	-1.89670491219	-32.7187995911	17.1853485107	0.446373168603	2.0	3.25999999046	14.4399998188	1.0	3.25999999046	0.309436440145	1.0	3
1.0	7333.8125	15.0	6.0	1591.12182617	7.0	7.0	142.639999866	0.0	-0.999265193939	0.030989959836	0.022554455325	0.0	29.6410381274	-11.673500061	-72.1424484253	-4.45522499084	0.550559593709	11.0	0.959999978542	90.5200012922	3.0	12.3000001907	0.999980311416	1.0	3
1.0	2709.74707031	4.0	2.0	1193.81628418	1.0	1.0	43.0599994659	0.0	0.0335590206087	0.986685395241	-0.159140571952	2.36519961398	3.80147341324	-4.66602516174	-18.3571014404	9.01539039612	0.746436837297	1.0	5.15999984741	4.11999988556	0.0	5.15999984741	0.788823855757	1.0	3
1.0	5354.8828125	6.0	5.0	625.455444336	6.0	6.0	148.399999857	0.0	0.99926251173	-0.0310831703246	-0.0225443094969	54.2423940496	1.41550560334	-10.8575992584	-18.4463996887	-11.6017494202	0.4636898309	7.0	2.07999992371	51.3200005293	1.0	2.07999992371	0.997001433328	1.0	3
1.0	1006.41394043	2.0	1.0	415.228302002	2.0	1.0	19.1000003815	0.0	-0.0335590280592	-0.986685574055	0.159139588475	17.3359527228	2.57970985325	-3.82268500328	-23.2671012878	8.29358005524	0.963066852018	1.0	6.61999988556	6.30000019073	0.0	6.61999988556	0.545027213059	1.0	3
1.0	3135.46728516	6.0	4.0	826.921020508	3.0	2.0	69.3000001907	0.0	-0.99926251173	0.0310831703246	0.0225443094969	37.6979536925	3.417285844	-10.8575992584	-18.4463996887	-11.6017494202	0.4636898309	3.0	6.61999988556	32.720000267	0.0	12.1599998474	0.970255086035	1.0	3
1.0	2725.19995117	2.0	1.0	1155.28198242	1.0	1.0	39.5599994659	0.0	0.0335590206087	0.986685395241	-0.159140571952	27.040313602	3.80147341324	-4.66602516174	-18.3571014404	9.01539039612	0.746436837297	1.0	5.15999984741	4.11999988556	0.0	5.15999984741	0.0854843568586	1.0	3
1.0	3727.94213867	7.0	4.0	1306.00280762	5.0	5.0	109.479997873	0.0	-0.0335486270487	-0.986687421799	0.159130185843	1.04237593555	12.2776268708	-3.55824995041	-63.4721984863	-6.06903505325	0.589360428906	3.0	3.25999999046	29.0200006962	2.0	12.3000001907	0.991248095111	1.0	3
1.0	3215.26196289	2.0	1.0	281.015014648	1.0	1.0	53.1399993896	0.979925514281	0.00764411501586	-0.965312719345	0.260984480381	44.4838585004	8.63763305299	-1.62608003616	-44.6054496765	13.9125995636	0.99940498148	0.0	0.0	0.0	0.0	0.0	-1.0	0.0	3
1.0	5633.25195312	11.0	6.0	1606.43286133	6.0	4.0	50.1000006199	0.0	0.999440729618	0.0	-0.0334396883845	1.01676775228	6.64627305132	-20.3833007812	-73.5475006104	-18.7558994293	0.845431894393	9.0	3.44000005722	70.1400008202	2.0	6.30000019073	0.999989752697	1.0	3
1.0	7172.2265625	12.0	7.0	1662.86730957	5.0	5.0	194.159999609	0.0	0.999440729618	0.0	-0.0334396883845	9.7024677987	6.64627305132	-20.3833007812	-73.5475006104	-18.7558994293	0.845431894393	6.0	6.30000019073	45.5400004387	2.0	7.86000013351	0.999987512038	1.0	3
1.0	9473.27636719	10.0	4.0	1886.66955566	6.0	5.0	180.899998665	0.0	0.999440729618	0.0	-0.0334401763976	33.4855909059	33.1784439059	-2.58355498314	-47.3059997559	-1.41802000999	0.875938829968	2.0	6.30000019073	6.67999982834	0.0	6.30000019073	0.999999989484	1.0	3
1.0	2326.36230469	9.0	4.0	851.312988281	4.0	2.0	33.0599999428	0.0	-0.999440729618	0.0	0.0334401763976	33.7754397873	24.2124543647	-2.58355498314	-47.3059997559	-1.41802000999	0.875938829968	3.0	5.80000019073	19.1399998665	1.0	6.30000019073	0.967818157777	1.0	3
1.0	3662.41186523	9.0	3.0	3110.32617188	5.0	2.0	77.9000003338	0.0	-0.999440729618	0.0	0.0334390588105	19.3532850117	18.9960549552	-3.86569499969	-59.9632987976	-10.467300415	0.608870597962	3.0	3.44000005722	15.3599996567	2.0	6.30000019073	0.998505318758	1.0	3
1.0	3576.41381836	2.0	1.0	281.015014648	1.0	1.0	53.1399993896	0.979925514281	0.00764411501586	-0.965312719345	0.260984480381	44.4838585004	8.63763305299	-1.62608003616	-44.6054496765	13.9125995636	0.99940498148	0.0	0.0	0.0	0.0	0.0	0.658984213461	1.0	3
1.0	4513.08935547	8.0	1.0	887.885375977	5.0	3.0	97.7599990368	0.979925514281	0.00764411501586	-0.965312719345	0.260984480381	44.4838585004	19.0216762622	-1.62608003616	-44.6054496765	13.9125995636	0.99940498148	0.0	0.0	0.0	0.0	0.0	0.999845102932	1.0	3
1.0	821.719116211	3.0	2.0	1865.47644043	3.0	2.0	16.5200002193	1.50444009397	0.474121659994	-0.254226475954	0.842957615852	0.0	0.960209525462	-13.1773500443	-75.337600708	-15.830450058	0.315586057313	1.0	3.44000005722	0.0	1.0	3.44000005722	0.582190532499	1.0	3
1.0	3665.01171875	9.0	3.0	3154.79443359	6.0	3.0	101.180000782	0.0	0.732236087322	-0.663192629814	0.154938057065	20.6180103164	20.2625327922	-5.80269479752	-58.7966995239	-7.14183521271	0.830416045068	3.0	5.80000019073	19.9000000954	2.0	7.86000013351	0.998002892362	1.0	3
