valid	volumeS1	connectedComponentsS1	connectedComponentsS1Rel	volumeS2	connectedComponentsS2	connectedComponentsS2Rel	corticalSize	distanceMin	direction_x	direction_y	direction_z	distanceToExtremity1	distanceToExtremity2	gravityCenter_x	gravityCenter_y	gravityCenter_z	corticalDotProduct	junctions	junctionDepthMin	junctionsSize	plisDePassage	plisDePassageDepthMax	Potential	Class	cycle
1.0	2192.51635742	1.0	0.0	692.183959961	1.0	0.0	0.0	10.0	0.0	0.0	0.0	0.0	0.0	0.0	0.0	0.0	2.0	0.0	0.0	0.0	0.0	0.0	3.32853558443e-09	0.0	1
1.0	5665.89794922	20.0	3.0	1621.47192383	7.0	3.0	101.939997911	0.0	0.0584609992802	0.987305760384	-0.147681042552	3.60350568668	18.0501832704	-11.8493995667	-38.7631988525	13.6797008514	0.947773413113	2.0	7.0	16.4600000381	0.0	10.0399999619	0.998575450983	1.0	1
1.0	5199.67382812	18.0	4.0	976.783996582	4.0	4.0	109.25999999	0.0	-0.0584609992802	-0.987305760384	0.147681042552	48.6122092381	17.2726588717	-11.8493995667	-38.7631988525	13.6797008514	0.947773413113	2.0	5.69999980927	15.7800002098	0.0	10.0399999619	0.993720525778	1.0	1
1.0	4565.38330078	16.0	2.0	1332.48803711	4.0	2.0	57.4799985886	0.0	0.0584609992802	0.987305760384	-0.147681042552	3.60350568668	18.0501832704	-11.8493995667	-38.7631988525	13.6797008514	0.947773413113	2.0	7.0	16.4600000381	0.0	10.0399999619	0.988667990836	1.0	1
1.0	2509.53857422	11.0	5.0	593.282958984	3.0	3.0	127.639998913	0.0	0.997897267342	-0.0559444390237	-0.0327306836843	14.2535959963	0.0	-1.64019501209	-47.4152984619	-1.95006990433	0.967111680377	3.0	5.69999980927	22.5199999809	1.0	12.4799995422	0.962582066792	1.0	1
1.0	3519.08154297	12.0	4.0	309.755981445	3.0	2.0	90.0399990082	0.0	-0.0584670938551	-0.987323582172	0.14755935967	10.4877222128	9.42187115005	-8.49254512787	-46.6131515503	11.6994495392	0.921875893163	2.0	5.69999980927	12.7999997139	0.0	7.0	0.990484943844	1.0	1
1.0	1196.47766113	3.0	0.0	144.679992676	1.0	0.0	0.0	10.0	0.0	0.0	0.0	0.0	0.0	0.0	0.0	0.0	2.0	0.0	0.0	0.0	0.0	0.0	3.32853558443e-09	1.0	1
1.0	4548.50146484	12.0	1.0	1237.88525391	4.0	2.0	78.4600012302	3.27839900091	-0.892102599144	0.105267427862	0.439399272203	2.62590767701	24.8442729202	-8.16250514984	-26.6099014282	12.4901008606	0.838038934015	0.0	0.0	0.0	0.0	0.0	0.998989908346	1.0	1
1.0	2250.2734375	2.0	0.0	692.183959961	1.0	0.0	0.0	10.0	0.0	0.0	0.0	0.0	0.0	0.0	0.0	0.0	2.0	0.0	0.0	0.0	0.0	0.0	3.32853558443e-09	1.0	1
1.0	3546.70727539	13.0	4.0	980.249023438	4.0	3.0	66.2199985981	0.0	-0.0584670938551	-0.987323582172	0.14755935967	10.4877222128	9.42187115005	-8.49254512787	-46.6131515503	11.6994495392	0.921875893163	2.0	5.69999980927	12.7999997139	0.0	7.0	0.998020286428	1.0	1
1.0	2606.0949707	2.0	1.0	1059.79296875	1.0	1.0	14.8400001526	3.29658919266	-0.516523182392	0.666004955769	0.53818321228	53.8272831757	11.2657937951	-6.8861246109	-14.4284000397	12.721449852	0.761233129434	0.0	0.0	0.0	0.0	0.0	-1.0	0.0	1
1.0	7279.94042969	18.0	4.0	2149.69970703	5.0	4.0	91.7415997982	0.0	-0.104987069964	-0.992561519146	-0.0616386458278	23.9153064982	22.6887378529	-2.12032985687	-50.0654525757	-3.07319998741	0.980563533532	3.0	5.0	30.8000001907	2.0	13.2399997711	0.999974551137	1.0	1
1.0	8642.66796875	17.0	4.0	1224.89404297	5.0	3.0	134.799997568	0.0	0.104987069964	0.992561519146	0.0616386458278	23.3909274846	23.3893599068	-2.12032985687	-50.0654525757	-3.07319998741	0.84980162301	3.0	5.0	27.5033280365	3.0	16.6000003815	0.999999994974	1.0	1
1.0	4604.01513672	4.0	2.0	1888.00231934	2.0	2.0	56.6600000858	0.0	0.104937009513	0.992567241192	0.0616318397224	25.2910760879	24.7425745661	-14.8193998337	-28.9986000061	19.951499939	0.821550586471	2.0	13.2399997711	24.7600002289	2.0	16.6000003815	0.975184591747	1.0	1
1.0	4085.44506836	6.0	1.0	1375.68798828	2.0	1.0	19.0599994659	3.11349475085	0.645398676395	-0.127967640758	-0.753050327301	0.0	16.3683445895	-4.65289497375	-53.4136505127	9.46051502228	0.337692981129	0.0	0.0	0.0	0.0	0.0	0.992937589982	1.0	1
1.0	4801.53710938	5.0	1.0	2216.72241211	3.0	1.0	14.8400001526	3.29658919266	-0.516523182392	0.666004955769	0.53818321228	53.8272831757	19.5919783902	-6.8861246109	-14.4284000397	12.721449852	0.761233129434	0.0	0.0	0.0	0.0	0.0	0.991286298421	1.0	1
1.0	3942.31542969	9.0	1.0	3070.89013672	1.0	1.0	29.7199993134	3.08552258756	-0.926611721516	-0.340090602636	0.160402879119	4.8615293228	8.94635313264	-6.72974014282	-42.8959999084	12.813249588	0.703575278225	0.0	0.0	0.0	0.0	0.0	0.990572426956	1.0	1
1.0	6457.01171875	10.0	2.0	2859.19970703	5.0	5.0	109.861600876	0.0	-0.104987069964	-0.992561519146	-0.0616386458278	17.4336646441	22.6887378529	-2.12032985687	-50.0654525757	-3.07319998741	0.980563533532	4.0	5.0	45.0	3.0	16.6000003815	0.999999801085	1.0	1
1.0	1226.38598633	4.0	1.0	1337.52001953	2.0	1.0	14.2600002289	0.0	0.104937009513	0.992567241192	0.0616318397224	3.14753392029	2.783444272	-14.8193998337	-28.9986000061	19.951499939	0.821550586471	1.0	13.2399997711	13.2600002289	1.0	13.2399997711	0.720972676283	1.0	1
1.0	3546.09033203	11.0	1.0	1937.81604004	6.0	2.0	15.0600004196	0.0	-0.104987069964	-0.992561519146	-0.0616386458278	21.903219746	10.0684178634	-2.12032985687	-50.0654525757	-3.07319998741	0.980563533532	1.0	7.5	10.3400001526	0.0	7.5	0.981854372562	1.0	1
1.0	2736.32617188	1.0	0.0	697.499023438	1.0	0.0	0.0	10.0	0.0	0.0	0.0	0.0	0.0	0.0	0.0	0.0	2.0	0.0	0.0	0.0	0.0	0.0	3.32853558443e-09	0.0	1
1.0	7217.37548828	16.0	4.0	2233.98291016	4.0	2.0	115.599598348	0.0	0.999344408512	-0.034694686532	-0.0103459712118	21.0605496794	27.8378560537	-7.09489488602	-54.2072525024	-10.4167995453	0.940120513643	3.0	1.12000000477	11.8999996185	0.0	11.9799995422	0.999999356953	1.0	1
1.0	2264.43310547	4.0	0.0	388.408996582	1.0	0.0	0.0	10.0	0.0	0.0	0.0	0.0	0.0	0.0	0.0	0.0	2.0	0.0	0.0	0.0	0.0	0.0	3.32853558443e-09	1.0	1
1.0	6553.38330078	12.0	1.0	1429.92700195	3.0	1.0	61.8799991608	2.91192548595	-0.135864421725	-0.367635190487	0.919991970062	20.2683816211	14.664443719	-6.98943996429	-56.6613502502	8.11244010925	0.997176332412	0.0	0.0	0.0	0.0	0.0	0.999594533134	1.0	1
1.0	1681.28100586	4.0	0.0	1088.30908203	1.0	0.0	0.0	10.0	0.0	0.0	0.0	0.0	0.0	0.0	0.0	0.0	2.0	0.0	0.0	0.0	0.0	0.0	3.32853558443e-09	1.0	1
1.0	3157.93823242	11.0	1.0	697.499023438	1.0	1.0	29.779999733	3.2565779508	-0.728589057922	0.13810133934	0.670884549618	49.0653960568	17.8886841884	-9.1880645752	-26.1888999939	15.5472507477	0.931926661943	0.0	0.0	0.0	0.0	0.0	0.992458168651	1.0	1
1.0	2137.86206055	7.0	2.0	1192.46508789	2.0	1.0	13.4200000763	0.0	0.999344408512	-0.034694686532	-0.0103459712118	23.3353569154	2.37663309556	-7.09489488602	-54.2072525024	-10.4167995453	0.940120513643	1.0	11.9799995422	11.8999996185	0.0	11.9799995422	0.670026384189	1.0	1
1.0	5234.91357422	11.0	1.0	1088.30908203	1.0	1.0	70.2399988174	2.91192548595	-0.135864421725	-0.367635190487	0.919991970062	21.263359208	14.664443719	-6.98943996429	-56.6613502502	8.11244010925	0.997176332412	0.0	0.0	0.0	0.0	0.0	0.999951446921	1.0	1
1.0	5234.91357422	11.0	1.0	1088.30908203	1.0	1.0	70.2399988174	2.91192548595	-0.135864421725	-0.367635190487	0.919991970062	21.263359208	14.664443719	-6.98943996429	-56.6613502502	8.11244010925	0.997176332412	0.0	0.0	0.0	0.0	0.0	0.999856882504	1.0	1
1.0	4131.63427734	8.0	1.0	779.218994141	1.0	1.0	61.8799991608	2.91192548595	-0.135864421725	-0.367635190487	0.919991970062	21.263359208	14.664443719	-6.98943996429	-56.6613502502	8.11244010925	0.997176332412	0.0	0.0	0.0	0.0	0.0	0.995600400705	1.0	1
1.0	2891.54418945	1.0	1.0	1128.44604492	1.0	1.0	19.7800006866	3.88446906076	-0.778925776482	0.0817481353879	0.621765196323	44.8248461536	18.1829284532	-5.15908527374	-27.4016494751	11.9849843979	0.913194649919	0.0	0.0	0.0	0.0	0.0	-1.0	0.0	1
1.0	7183.73730469	16.0	0.0	417.359985352	1.0	0.0	0.0	10.0	0.0	0.0	0.0	0.0	0.0	0.0	0.0	0.0	2.0	0.0	0.0	0.0	0.0	0.0	3.32853558443e-09	1.0	1
1.0	5927.91210938	12.0	1.0	1128.44604492	1.0	1.0	19.7800006866	3.88446906076	-0.778925776482	0.0817481353879	0.621765196323	51.5331655098	18.1829284532	-5.15908527374	-27.4016494751	11.9849843979	0.913194649919	0.0	0.0	0.0	0.0	0.0	0.940862022948	1.0	1
1.0	6371.13720703	11.0	1.0	560.072021484	2.0	1.0	10.8599996567	0.0	0.0462036728859	0.993749201298	-0.10162577033	31.1248214856	13.7283969372	-8.40839481354	-47.9939498901	14.6977996826	0.518210223741	1.0	8.34000015259	7.48000001907	1.0	8.34000015259	0.998633396967	1.0	1
1.0	3692.37036133	4.0	0.0	142.712005615	1.0	0.0	0.0	10.0	0.0	0.0	0.0	0.0	0.0	0.0	0.0	0.0	2.0	0.0	0.0	0.0	0.0	0.0	3.32853558443e-09	1.0	1
1.0	6467.59033203	8.0	3.0	779.327026367	3.0	3.0	79.1000008583	0.0	0.0461835190654	0.993749141693	-0.101635374129	21.8398303132	2.8739096217	1.0982350111	-52.4314498901	2.65380477905	0.847274533361	3.0	6.69999980927	36.2600007057	1.0	7.80000019073	0.982957628767	1.0	1
1.0	3384.91674805	4.0	1.0	1636.33300781	2.0	1.0	23.0400006771	3.88446906076	-0.778925776482	0.0817481353879	0.621765196323	38.7832680959	26.4682217226	-5.15908527374	-27.4016494751	11.9849843979	0.913194649919	0.0	0.0	0.0	0.0	0.0	0.719704198004	1.0	1
1.0	3696.77319336	7.0	2.0	1046.85266113	2.0	2.0	41.220000267	0.0	0.998022735119	-0.0332719385624	0.0533256419003	32.0187371115	16.8379956944	-16.7964000702	-48.3413505554	12.8727493286	0.983998794548	2.0	7.80000019073	28.8600006104	1.0	7.80000019073	0.970689805038	1.0	1
1.0	3877.27807617	2.0	1.0	142.712005615	1.0	1.0	10.8599996567	0.0	0.0462036728859	0.993749201298	-0.10162577033	6.60048655489	0.0	-8.40839481354	-47.9939498901	14.6977996826	0.518210223741	1.0	8.34000015259	7.48000001907	1.0	8.34000015259	0.0105461168276	1.0	1
1.0	5594.85302734	8.0	3.0	576.315612793	2.0	2.0	62.3999984264	0.0	0.0461904257536	0.993747830391	-0.101645082235	42.8823561435	10.2730115633	0.863220453262	-29.9032497406	3.17086982727	0.97628982917	1.0	1.12000000477	0.0	1.0	1.12000000477	0.99409340637	1.0	1
1.0	2345.74804688	1.0	0.0	1057.9699707	1.0	0.0	0.0	10.0	0.0	0.0	0.0	0.0	0.0	0.0	0.0	0.0	2.0	0.0	0.0	0.0	0.0	0.0	3.32853558443e-09	0.0	1
1.0	6816.79248047	12.0	3.0	3810.33984375	2.0	2.0	68.3999991417	0.0	-0.00611027888954	0.998389601707	-0.0563988573849	3.57315674146	15.6617188323	-2.56050491333	-48.9886474609	7.58946990967	0.86885768567	2.0	3.75999999046	9.5600001812	1.0	3.75999999046	0.999871772226	1.0	1
1.0	3689.01025391	6.0	1.0	1057.9699707	1.0	1.0	43.9399986267	2.6908232967	-0.702480077744	-0.109051942825	0.703298985958	13.4660178202	25.0222036848	-5.48211479187	-37.3388977051	17.041349411	0.984559375712	0.0	0.0	0.0	0.0	0.0	0.918986875732	1.0	1
1.0	5050.41259766	13.0	2.0	1165.47192383	4.0	2.0	27.5599994659	0.0	-0.00612997915596	0.998390614986	-0.0563786365092	59.2084079931	20.1794194674	-3.40858507156	-13.2482500076	10.1671504974	0.742810394806	2.0	3.75999999046	10.2599999905	1.0	3.75999999046	0.993988978166	1.0	1
1.0	3888.9987793	6.0	1.0	2663.67407227	1.0	1.0	43.9399986267	2.6908232967	-0.702480077744	-0.109051942825	0.703298985958	13.4660178202	25.0222036848	-5.48211479187	-37.3388977051	17.041349411	0.984559375712	0.0	0.0	0.0	0.0	0.0	0.990414439234	1.0	1
1.0	4474.05029297	8.0	5.0	1985.26098633	3.0	2.0	126.367597006	0.0	-0.00612959451973	0.998389303684	-0.0564028508961	11.2036681342	23.7529806532	-4.68380498886	-43.3506011963	-1.58456492424	0.960351466723	4.0	3.75999999046	29.1800000668	1.0	3.75999999046	0.999687400277	1.0	1
1.0	4793.5859375	8.0	3.0	3053.42993164	2.0	2.0	84.5799980164	0.0	0.00611027888954	-0.998389601707	0.0563988573849	0.0	14.8131957998	-2.56050491333	-48.9886474609	7.58946990967	0.86885768567	3.0	3.75999999046	17.1800000668	1.0	3.75999999046	0.999136022804	1.0	1
1.0	4161.37890625	7.0	0.0	618.263061523	2.0	0.0	0.0	10.0	0.0	0.0	0.0	0.0	0.0	0.0	0.0	0.0	2.0	0.0	0.0	0.0	0.0	0.0	3.32853558443e-09	1.0	1
1.0	3504.80297852	11.0	2.0	2866.58300781	1.0	1.0	61.8799986839	1.4602465296	0.596096813679	0.511084139347	0.619242787361	30.5575005732	26.0962146206	-1.16088247299	-17.5698013306	4.89809513092	0.878880855434	0.0	0.0	0.0	0.0	0.0	0.984202274555	1.0	1
1.0	4624.46728516	7.0	4.0	3454.45507812	3.0	3.0	50.5675991997	0.0	-0.00612997915596	0.998390614986	-0.0563786365092	59.2084079931	19.2270583394	-3.40858507156	-13.2482500076	10.1671504974	0.742810394806	4.0	3.75999999046	29.1800000668	1.0	3.75999999046	0.999202407307	1.0	1
1.0	2298.52392578	1.0	1.0	1106.76098633	1.0	1.0	20.4599990845	2.33228212474	0.201393157244	-0.0906691476703	0.975305080414	0.0	31.1637051452	-0.745496988297	-31.4395999908	5.15910482407	0.0488308960727	0.0	0.0	0.0	0.0	0.0	-1.0	0.0	1
1.0	6843.97558594	14.0	4.0	2003.11096191	4.0	3.0	107.900000095	0.0	-0.0429976917803	-0.985960662365	0.161346629262	19.4242204423	22.5886052722	-12.0974502563	-47.2803497314	10.1377000809	0.954827918211	2.0	8.64000034332	19.5	2.0	12.1199998856	0.999999548634	1.0	1
1.0	4393.46386719	13.0	1.0	756.596923828	4.0	1.0	15.6000003815	3.99379523167	0.623485147953	0.378524333239	0.684094727039	2.13866309808	0.0	-8.78519439697	-68.6520004272	-6.43532276154	0.41167569354	0.0	0.0	0.0	0.0	0.0	0.999609216132	1.0	1
1.0	5351.46337891	13.0	2.0	1775.78759766	4.0	2.0	82.9000000954	0.0	-0.0429976917803	-0.985960662365	0.161346629262	19.4242204423	16.5472287746	-12.0974502563	-47.2803497314	10.1377000809	0.954827918211	3.0	5.61999988556	23.8400001526	3.0	12.1199998856	0.999554267565	1.0	1
1.0	1078.72460938	4.0	0.0	451.549499512	2.0	0.0	0.0	10.0	0.0	0.0	0.0	0.0	0.0	0.0	0.0	0.0	2.0	0.0	0.0	0.0	0.0	0.0	3.32853558443e-09	1.0	1
1.0	4984.94873047	9.0	5.0	1501.31152344	4.0	3.0	163.499999523	0.0	-0.0429976917803	-0.985960662365	0.161346629262	19.4242204423	22.5886052722	-12.0974502563	-47.2803497314	10.1377000809	0.954827918211	3.0	5.59999990463	24.3000001907	2.0	12.1199998856	0.999996917427	1.0	1
1.0	4583.25048828	8.0	4.0	1106.76098633	1.0	1.0	102.25999856	2.33228212474	0.201393157244	-0.0906691476703	0.975305080414	37.4455668074	31.1637051452	-0.745496988297	-31.4395999908	5.15910482407	0.0488308960727	0.0	0.0	0.0	0.0	0.0	0.99910490874	1.0	1
1.0	3167.27246094	10.0	2.0	373.162994385	2.0	1.0	25.4600002766	0.0	-0.998987734318	0.0365929752588	-0.0261620022357	32.2622700516	12.9848806532	-11.0305995941	-34.1173019409	13.1947994232	0.446558811898	1.0	5.59999990463	4.80000019073	0.0	5.59999990463	0.996959849054	1.0	1
1.0	4727.18652344	7.0	2.0	1282.88903809	3.0	2.0	79.7400021553	0.0	-0.0429976917803	-0.985960662365	0.161346629262	34.9993309743	16.5472287746	-12.0974502563	-47.2803497314	10.1377000809	0.954827918211	3.0	5.61999988556	23.8400001526	3.0	12.1199998856	0.999056555744	1.0	1
1.0	4988.29052734	10.0	3.0	1497.9699707	2.0	1.0	113.140000582	0.0	-0.998987734318	0.0365929752588	-0.0261620022357	32.2622700516	30.1276032916	-11.0305995941	-34.1173019409	13.1947994232	0.446558811898	2.0	5.59999990463	9.14000034332	1.0	5.61999988556	0.999992457253	1.0	1
1.0	2791.43261719	1.0	1.0	946.896972656	1.0	1.0	5.57999992371	3.59257567749	-0.522010862827	-0.168502405286	0.836128950119	14.1265509507	20.2878829212	-7.81709480286	-26.3936004639	10.3631896973	0.87646586137	0.0	0.0	0.0	0.0	0.0	-1.0	0.0	1
1.0	5270.80859375	16.0	1.0	2424.77099609	2.0	1.0	41.2400016785	2.80915107556	-0.703069031239	0.120980709791	0.700755059719	42.6148081291	27.5529646437	-7.3565196991	-30.6873493195	14.7231502533	0.882654571561	0.0	0.0	0.0	0.0	0.0	0.987420195518	1.0	1
1.0	7221.39453125	18.0	4.0	1538.3112793	6.0	2.0	41.220000267	0.0	0.999826014042	0.0	0.0186542458832	38.5711003506	2.31889880204	-2.38887500763	-36.1290016174	-17.2951507568	0.38107750322	2.0	2.55999994278	9.15999984741	0.0	6.88000011444	0.999970579622	1.0	1
1.0	6851.48535156	16.0	3.0	1152.12573242	3.0	1.0	40.4200000763	2.13592838266	-0.461139470339	0.301125615835	-0.834669828415	37.6735087494	5.76991381898	-0.92626953125	-36.6436004639	-8.42902565002	0.887915837814	0.0	0.0	0.0	0.0	0.0	0.999773972855	1.0	1
1.0	296.348510742	2.0	1.0	1692.66796875	2.0	1.0	1.16279995441	0.0	0.00374842365272	0.980662941933	-0.19566847384	1.08821921772	1.57828192324	-4.13970994949	-49.6691513062	-11.1308994293	0.510615103378	1.0	17.3999996185	17.7999992371	0.0	17.3999996185	0.0439169347614	1.0	1
1.0	5962.49121094	14.0	5.0	1689.28076172	3.0	3.0	135.150798082	0.0	-0.0189045071602	0.16710485518	0.985757887363	61.5081052723	1.98501394014	-15.5464992523	-9.29310512543	16.1243495941	0.395619711724	4.0	3.33999991417	25.2600001097	3.0	7.82000017166	0.993529900716	1.0	1
1.0	5748.41503906	12.0	5.0	2765.23754883	4.0	3.0	83.9535998106	0.0	-0.0189045071602	0.16710485518	0.985757887363	61.5081052723	9.03817482894	-15.5464992523	-9.29310512543	16.1243495941	0.395619711724	7.0	3.33999991417	60.8999994993	4.0	7.82000017166	0.992749568338	1.0	1
1.0	3104.33374023	7.0	1.0	1891.84399414	4.0	1.0	3.42000007629	2.9915029674	-0.0119833648205	0.780583620071	0.624936521053	8.42623869462	37.9070896948	-1.82029998302	-41.3773498535	-18.5666007996	0.357390522703	0.0	0.0	0.0	0.0	0.0	0.980714049433	1.0	1
1.0	3101.68261719	1.0	1.0	946.896972656	1.0	1.0	5.57999992371	3.59257567749	-0.522010862827	-0.168502405286	0.836128950119	42.1081207551	20.2878829212	-7.81709480286	-26.3936004639	10.3631896973	0.87646586137	0.0	0.0	0.0	0.0	0.0	0.109423488244	1.0	1
1.0	5854.28417969	10.0	2.0	2281.92382812	3.0	2.0	78.4707992077	0.0	-0.00382817536592	-0.980662465096	0.195669338107	1.14256837784	21.6631652841	-19.9953994751	-20.0088500977	21.091999054	0.978826240295	4.0	3.33999991417	21.5800002813	4.0	7.82000017166	0.99113246581	1.0	1
1.0	2704.04003906	1.0	0.0	1143.5579834	1.0	0.0	0.0	10.0	0.0	0.0	0.0	0.0	0.0	0.0	0.0	0.0	2.0	0.0	0.0	0.0	0.0	0.0	3.32853558443e-09	0.0	1
1.0	5172.10058594	8.0	1.0	799.394897461	4.0	1.0	2.11999988556	0.0	0.993504106998	0.0	0.113796301186	27.7044825707	4.16211462858	-7.09228515625	-56.4519004822	-1.57518005371	0.134755286904	1.0	5.48000001907	3.3599998951	0.0	5.48000001907	0.992051419062	1.0	1
1.0	7928.93457031	13.0	2.0	1513.91125488	3.0	2.0	31.6856803894	0.0	-0.0265252571553	-0.970083355904	0.241318747401	24.8170691173	2.35801151258	-5.47784996033	-57.9659996033	-1.00888049603	0.994813456769	2.0	5.48000001907	9.07999968529	0.0	5.48000001907	0.999999950171	1.0	1
1.0	2919.09008789	2.0	0.0	1143.5579834	1.0	0.0	0.0	10.0	0.0	0.0	0.0	0.0	0.0	0.0	0.0	0.0	2.0	0.0	0.0	0.0	0.0	0.0	3.32853558443e-09	1.0	1
1.0	4271.71240234	12.0	4.0	2675.33642578	3.0	2.0	54.553679347	0.0	-0.0265252571553	-0.970083355904	0.241318747401	24.8170691173	2.35801151258	-5.47784996033	-57.9659996033	-1.00888049603	0.994813456769	3.0	5.48000001907	23.9200000763	0.0	10.1999998093	0.988965438576	1.0	1
1.0	3731.74414062	6.0	2.0	2181.75976562	3.0	2.0	33.3999998569	2.09466942485	0.150953784585	-0.291817784309	0.944486796856	39.7667395379	28.32856951	-0.800131976604	-19.7214012146	12.3670501709	0.583763153322	0.0	0.0	0.0	0.0	0.0	0.902057245446	1.0	1
1.0	4981.25146484	7.0	4.0	2178.93652344	3.0	2.0	84.9999989271	0.0	-0.993504106998	0.0	-0.113796301186	24.0605812528	9.13175411462	-7.09228515625	-56.4519004822	-1.57518005371	0.134755286904	1.0	5.48000001907	3.3599998951	0.0	5.48000001907	0.999381805092	1.0	1
1.0	2916.50170898	7.0	2.0	1608.67724609	4.0	2.0	36.8000004292	0.0	-0.0265055578202	-0.970083475113	0.241320222616	51.6687909863	31.0867588249	-5.03629970551	-33.3483009338	15.3143501282	0.969044408706	1.0	7.80000019073	7.48000001907	0.0	7.80000019073	0.957769814416	1.0	1
1.0	5334.15039062	10.0	4.0	2549.51611328	5.0	3.0	85.8336797953	0.0	-0.0265252571553	-0.970083355904	0.241318747401	24.8170691173	2.35801151258	-5.47784996033	-57.9659996033	-1.00888049603	0.994813456769	3.0	5.48000001907	23.9200000763	0.0	10.1999998093	0.99988859302	1.0	1
1.0	2435.30908203	1.0	0.0	583.166015625	2.0	0.0	0.0	10.0	0.0	0.0	0.0	0.0	0.0	0.0	0.0	0.0	2.0	0.0	0.0	0.0	0.0	0.0	3.32853558443e-09	0.0	1
1.0	3755.95556641	11.0	4.0	1622.5826416	2.0	2.0	31.8399996758	0.0	0.0849660411477	0.953449785709	-0.289334148169	33.3197365311	1.00525976695	-8.99391937256	-41.5947990417	-4.83783531189	0.993946065647	2.0	8.52000045776	19.6400003433	1.0	8.52000045776	0.983281232153	1.0	1
1.0	2249.94482422	9.0	2.0	976.866699219	3.0	2.0	77.4000020027	0.0	-0.0849663391709	-0.953449428082	0.289335280657	47.7971282412	9.79361183738	-8.80561065674	-59.7567977905	-1.17990493774	0.912520732971	3.0	4.44000005722	23.1600005627	2.0	8.52000045776	0.966714738384	1.0	1
1.0	6933.46191406	15.0	4.0	1739.22460938	3.0	3.0	131.280001163	0.0	0.0849833637476	0.953424155712	-0.289413660765	53.2720329347	20.3978689038	-16.4745998383	-22.6795005798	21.7121009827	0.92999346377	4.0	8.52000045776	37.8400006294	1.0	8.52000045776	0.999465235098	1.0	1
1.0	4219.51904297	7.0	1.0	1057.81298828	4.0	1.0	17.1200003624	0.0	0.982108592987	-0.129120379686	-0.137078940868	30.7310415327	0.0	-8.41760444641	-41.2275009155	-12.7117996216	0.838367721845	3.0	8.52000045776	30.5200004578	1.0	8.52000045776	0.971565048737	1.0	1
1.0	4556.63818359	6.0	3.0	2197.93701172	5.0	2.0	30.960000515	0.0	0.0849660411477	0.953449785709	-0.289334148169	30.7803082077	18.6645978759	-8.99391937256	-41.5947990417	-4.83783531189	0.993946065647	2.0	8.52000045776	18.1600003242	1.0	8.52000045776	0.992869199246	1.0	1
1.0	3520.27075195	4.0	0.0	733.781982422	3.0	0.0	0.0	10.0	0.0	0.0	0.0	0.0	0.0	0.0	0.0	0.0	2.0	0.0	0.0	0.0	0.0	0.0	3.32853558443e-09	1.0	1
1.0	4805.88623047	7.0	1.0	1785.05493164	4.0	1.0	39.5600013733	3.03078874048	0.342579066753	0.0043111005798	0.939479112625	51.5121472288	31.8751675057	-5.30436992645	-25.9025993347	8.39232444763	0.997049714449	0.0	0.0	0.0	0.0	0.0	0.996897031075	1.0	1
1.0	2913.04321289	6.0	2.0	1097.2779541	4.0	3.0	37.6200003624	0.0	0.982114374638	-0.129126057029	-0.137032076716	31.8751656104	6.01441830963	-8.59442996979	-40.5735015869	-6.73568534851	0.28260147446	3.0	8.52000045776	28.2000007629	2.0	8.52000045776	0.91442772875	1.0	1
1.0	4462.37988281	6.0	3.0	1215.08398438	3.0	3.0	104.560000896	0.0	0.0849660411477	0.953449785709	-0.289334148169	30.7803082077	27.9787231148	-8.99391937256	-41.5947990417	-4.83783531189	0.993946065647	3.0	8.52000045776	29.0400004387	1.0	8.52000045776	0.969918416538	1.0	1
1.0	2235.5324707	1.0	0.0	809.204956055	1.0	0.0	0.0	10.0	0.0	0.0	0.0	0.0	0.0	0.0	0.0	0.0	2.0	0.0	0.0	0.0	0.0	0.0	3.32853558443e-09	0.0	1
1.0	6187.73974609	19.0	4.0	2555.76611328	4.0	3.0	105.679998398	0.0	0.0412265956402	0.994554877281	-0.0957126542926	19.6427101213	30.6660529755	-4.07734012604	-47.0374526978	-12.3088998795	0.97919275459	1.0	18.5	20.1000003815	1.0	7.5	0.999994932407	1.0	1
1.0	6098.36767578	13.0	4.0	3181.60375977	3.0	2.0	91.2676005363	0.0	-0.0412261597812	-0.994544446468	0.0958215519786	41.7216297411	30.6660529755	-4.03977966309	-46.1313476562	-12.396150589	0.0148056087129	2.0	17.5799999237	39.6200008392	1.0	17.5799999237	0.999758538115	1.0	1
1.0	7100.16162109	20.0	5.0	2773.56298828	5.0	4.0	127.347598076	0.0	-0.0412263385952	-0.994548678398	0.0957774743438	17.0929167673	12.3237021104	-6.30922031403	-53.7953491211	4.97591018677	0.629833594207	3.0	6.11999988556	46.2200007439	2.0	17.5799999237	0.999997911101	1.0	1
1.0	3819.29882812	4.0	2.0	123.635002136	1.0	1.0	32.9600000381	0.0	0.0412262454629	0.994544386864	-0.0958217531443	27.5847607414	0.0	-2.82558989525	-30.4326515198	12.6122493744	0.940331382009	0.0	0.0	0.0	1.0	7.5	0.98855785288	1.0	1
1.0	3253.97290039	4.0	4.0	688.960998535	1.0	1.0	91.7275996208	0.0	0.0412265956402	0.994554877281	-0.0957126542926	25.9934317417	2.04053934735	-4.07734012604	-47.0374526978	-12.3088998795	0.97919275459	2.0	17.5799999237	39.6200008392	1.0	17.5799999237	0.953589313134	1.0	1
1.0	3819.29882812	4.0	2.0	123.635002136	1.0	1.0	32.9600000381	0.0	0.0412262454629	0.994544386864	-0.0958217531443	27.5847607414	0.0	-2.82558989525	-30.4326515198	12.6122493744	0.940331382009	0.0	0.0	0.0	1.0	7.5	0.983440763247	1.0	1
1.0	984.857971191	1.0	1.0	688.960998535	1.0	1.0	5.56759977341	0.0	-0.0412261597812	-0.994544446468	0.0958215519786	1.38612360474	2.04053934735	-4.03977966309	-46.1313476562	-12.396150589	0.0148056087129	1.0	17.5799999237	19.5200004578	1.0	17.5799999237	0.276227675977	1.0	1
1.0	2894.08325195	1.0	0.0	789.265075684	1.0	0.0	0.0	10.0	0.0	0.0	0.0	0.0	0.0	0.0	0.0	0.0	2.0	0.0	0.0	0.0	0.0	0.0	3.32853558443e-09	0.0	1
1.0	5609.34619141	22.0	7.0	2801.13916016	7.0	6.0	188.588398218	0.0	0.999504029751	0.0310971792787	0.00496326154098	9.51487232281	20.1429442495	-9.85342025757	-19.5776500702	19.8974494934	0.200363174065	6.0	1.39999997616	42.7399992943	1.0	7.07999992371	0.999999241418	1.0	1
1.0	3562.37915039	5.0	1.0	1036.96459961	3.0	2.0	46.4599990845	1.41194191938	0.500491321087	-0.283668786287	0.817948937416	53.7758743912	26.9071392752	0.273872494698	-26.1948509216	10.919500351	0.838348675317	0.0	0.0	0.0	0.0	0.0	0.650953987476	1.0	1
1.0	7605.21630859	15.0	5.0	2622.8203125	6.0	5.0	116.25999856	0.0	0.727555036545	-0.658474802971	0.192547649145	27.1465423365	22.7222901955	-21.884349823	-44.521648407	13.5101499557	0.501236720758	6.0	1.39999997616	38.4400002956	0.0	17.0400009155	0.999995592693	1.0	1
1.0	3118.00537109	12.0	4.0	553.020568848	4.0	4.0	55.6399998665	0.0	0.999504029751	0.0310971792787	0.00496326154098	9.51487232281	6.00492665381	-9.85342025757	-19.5776500702	19.8974494934	0.112343151696	3.0	1.39999997616	11.5799999237	1.0	7.07999992371	0.999865776123	1.0	1
1.0	3836.72192383	12.0	8.0	2485.47436523	6.0	4.0	162.068000555	0.0	-0.999504029751	-0.0310971792787	-0.00496326154098	59.5783999747	13.9968080624	-9.85342025757	-19.5776500702	19.8974494934	0.200363174065	15.0	4.76000022888	126.113599025	2.0	9.35999965668	0.999904726212	1.0	1
1.0	1233.75195312	7.0	3.0	1321.91064453	4.0	1.0	3.44000005722	0.0	0.999503552914	0.0310959033668	0.005064482335	26.1035963278	0.987290309673	-2.87361001968	-48.2802505493	-12.9316997528	0.895079598981	4.0	8.69999980927	29.3335997686	0.0	14.5799999237	0.926613086103	1.0	1
1.0	5321.42529297	14.0	8.0	948.057739258	8.0	8.0	198.416400194	0.0	-0.999504029751	-0.0310971792787	-0.00496326154098	9.96497223412	13.9968080624	-9.85342025757	-19.5776500702	19.8974494934	0.200363174065	14.0	1.39999997616	88.9736005887	3.0	11.6000003815	0.999968185748	1.0	1
1.0	4135.0390625	10.0	6.0	1825.78649902	5.0	4.0	164.179598808	0.0	0.999503552914	0.0310959033668	0.005064482335	26.1035963278	0.987290309673	-2.87361001968	-48.2802505493	-12.9316997528	0.370597475502	10.0	5.88000011444	101.29999876	1.0	9.35999965668	0.999870298845	1.0	1
1.0	2954.49926758	12.0	5.0	921.249816895	5.0	5.0	146.199999332	0.0	-0.999507248402	-0.0309945922345	-0.00496307574213	16.5660572368	7.09861937898	-12.0655002594	-11.4461994171	16.1517486572	0.366432588906	9.0	4.76000022888	56.9200005531	1.0	8.22000026703	0.992787583178	1.0	1
1.0	1984.21801758	1.0	0.0	447.287994385	1.0	0.0	0.0	10.0	0.0	0.0	0.0	0.0	0.0	0.0	0.0	0.0	2.0	0.0	0.0	0.0	0.0	0.0	3.32853558443e-09	0.0	1
1.0	5787.828125	14.0	2.0	1540.82287598	3.0	2.0	81.4800004959	2.60507194551	-0.0843008160591	-0.545826196671	0.833646833897	19.1308670787	12.3321874767	-2.24865007401	-50.2932014465	0.79116499424	0.961454774707	0.0	0.0	0.0	0.0	0.0	0.999127402256	1.0	1
1.0	5176.88623047	15.0	5.0	2122.65966797	5.0	4.0	153.53120131	0.0	-0.0130724310875	0.976925849915	-0.213178247213	18.1482628931	0.917385654878	-2.96530485153	-49.1705474854	-3.40234518051	0.958132361489	8.0	3.51999998093	60.2799999714	2.0	9.26000022888	0.997018747859	1.0	1
1.0	5675.1171875	16.0	6.0	2264.51074219	3.0	2.0	148.491201945	0.0	-0.997142612934	0.0	0.0755417719483	53.2963757283	33.6454193106	-9.55412006378	-15.7283000946	-13.4354496002	0.310603929136	6.0	3.51999998093	53.4999997616	1.0	16.0200004578	0.999503263459	1.0	1
1.0	3425.96142578	5.0	2.0	1952.44396973	5.0	2.0	24.479999423	0.0	-0.0130724310875	0.976925849915	-0.213178366423	20.8879319896	21.3500416229	-1.9231749773	-44.085647583	-1.39470505714	0.958449336319	2.0	7.17999982834	15.8600001335	1.0	7.17999982834	0.949093365272	1.0	1
1.0	4475.84472656	6.0	3.0	2296.34082031	5.0	4.0	73.8599995375	0.0	-0.0130724310875	0.976925849915	-0.213178366423	22.7437409793	21.3500416229	-1.9231749773	-44.085647583	-1.39470505714	0.958449336319	2.0	7.17999982834	15.8600001335	1.0	7.17999982834	0.996549561909	1.0	1
1.0	4844.94091797	9.0	5.0	2052.36425781	4.0	3.0	117.140001416	0.0	-0.0130724310875	0.976925849915	-0.213178247213	18.1482628931	0.917385654878	-2.96530485153	-49.1705474854	-3.40234518051	0.958132361489	2.0	5.73999977112	12.6400003433	3.0	9.26000022888	0.993487219923	1.0	1
1.0	4790.20898438	8.0	0.0	803.891967773	1.0	0.0	0.0	10.0	0.0	0.0	0.0	0.0	0.0	0.0	0.0	0.0	2.0	0.0	0.0	0.0	0.0	0.0	3.32853558443e-09	1.0	1
1.0	2681.40820312	5.0	1.0	1529.8729248	4.0	1.0	0.0	3.97549993862	-0.306600213051	0.656007111073	0.689674556255	19.0274405505	38.8597501904	-5.73486995697	-22.7252502441	-18.5938987732	0.253392909709	0.0	0.0	0.0	0.0	0.0	0.817477707764	1.0	1
1.0	4538.46777344	8.0	4.0	2087.41210938	5.0	4.0	77.0599997044	0.0	-0.0130724310875	0.976925849915	-0.213178247213	18.1482628931	0.917385654878	-2.96530485153	-49.1705474854	-3.40234518051	0.958132361489	2.0	5.73999977112	14.9400000572	2.0	9.26000022888	0.981826720984	1.0	1
1.0	2639.12109375	1.0	1.0	932.687011719	1.0	1.0	7.86000013351	3.58520566832	-0.445199400187	0.15002655983	0.882773756981	2.87003882325	17.1917812507	-5.42155504227	-23.5518989563	14.9146347046	0.78040296693	0.0	0.0	0.0	0.0	0.0	-1.0	0.0	1
1.0	6676.13671875	14.0	2.0	1189.12902832	3.0	1.0	56.1400008202	2.83199050348	-0.48329269886	-0.196892306209	0.853030800819	26.6729747323	6.2932694595	-4.25729990005	-51.3706512451	15.5163002014	0.847541336586	0.0	0.0	0.0	0.0	0.0	0.99974971675	1.0	1
1.0	262.763000488	1.0	0.0	620.637023926	1.0	0.0	0.0	10.0	0.0	0.0	0.0	0.0	0.0	0.0	0.0	0.0	2.0	0.0	0.0	0.0	0.0	0.0	3.32853558443e-09	1.0	1
1.0	7815.81152344	12.0	2.0	1525.65087891	4.0	2.0	63.619998455	2.80348532582	0.0840348675847	-0.0521657578647	0.995096385479	36.8662499532	24.0324171247	-1.1405415535	-37.3588027954	12.8684902191	0.999981918333	0.0	0.0	0.0	0.0	0.0	0.999995949308	1.0	1
1.0	3667.44995117	6.0	1.0	312.049987793	1.0	1.0	29.5400009155	2.83199050348	-0.48329269886	-0.196892306209	0.853030800819	20.211604684	6.2932694595	-4.25729990005	-51.3706512451	15.5163002014	0.847541336586	0.0	0.0	0.0	0.0	0.0	0.98295761235	1.0	1
1.0	4727.31738281	7.0	2.0	658.24395752	3.0	1.0	55.7599983215	2.80348532582	0.0840348675847	-0.0521657578647	0.995096385479	42.398508081	24.0324171247	-1.1405415535	-37.3588027954	12.8684902191	0.999981918333	0.0	0.0	0.0	0.0	0.0	0.998993331388	1.0	1
1.0	1107.13696289	5.0	1.0	1161.72399902	2.0	1.0	13.8199996948	2.81036830226	-0.0585983246565	0.212112262845	0.975486814976	12.7173333656	0.0	-2.67121005058	-59.3496513367	1.33567512035	0.84385280607	0.0	0.0	0.0	0.0	0.0	0.483348212888	1.0	1
1.0	4284.48046875	7.0	1.0	312.049987793	1.0	1.0	29.5400009155	2.83199050348	-0.48329269886	-0.196892306209	0.853030800819	20.211604684	6.2932694595	-4.25729990005	-51.3706512451	15.5163002014	0.847541336586	0.0	0.0	0.0	0.0	0.0	0.983825994895	1.0	1
1.0	4482.95117188	7.0	2.0	932.687011719	1.0	1.0	56.1400008202	2.83199050348	-0.48329269886	-0.196892306209	0.853030800819	26.6729747323	6.2932694595	-4.25729990005	-51.3706512451	15.5163002014	0.847541336586	0.0	0.0	0.0	0.0	0.0	0.974129159152	1.0	1
1.0	4727.31738281	7.0	2.0	1278.88098145	3.0	2.0	63.619998455	2.80348532582	0.0840348675847	-0.0521657578647	0.995096385479	42.398508081	24.0324171247	-1.1405415535	-37.3588027954	12.8684902191	0.999981918333	0.0	0.0	0.0	0.0	0.0	0.984650428529	1.0	1
1.0	790.08001709	3.0	1.0	315.278320312	1.0	1.0	25.740000248	3.01391442362	-0.432612091303	0.0293383784592	0.901102662086	6.07061672638	11.058705058	-3.82355499268	-25.7475509644	11.9505348206	0.748621190243	0.0	0.0	0.0	0.0	0.0	-1.0	0.0	1
1.0	8094.56591797	13.0	6.0	1197.37268066	4.0	4.0	129.279999495	0.0	-0.0472543798387	0.972096145153	-0.229774147272	14.5429341708	0.0	-20.3229484558	-48.2256011963	2.56449508667	0.830060000436	3.0	5.05999994278	18.9400002956	0.0	11.720000267	0.999999999637	1.0	1
1.0	4367.74951172	12.0	4.0	576.927124023	4.0	2.0	88.4599997997	2.1634370747	0.423529803753	0.898498594761	0.115424290299	35.4375871912	35.3777275832	-4.25024986267	-37.1058006287	-9.6150894165	0.709600112608	0.0	0.0	0.0	0.0	0.0	0.989853738068	1.0	1
1.0	7344.76660156	13.0	4.0	1221.79345703	3.0	3.0	66.9399998188	0.0	0.998335659504	0.0336925536394	-0.0468055531383	62.8535997249	17.7593341752	-14.9189996719	-5.48181009293	6.74334526062	0.923939757512	2.0	10.3000001907	18.0200004578	0.0	10.3599996567	0.999999873833	1.0	1
1.0	891.90802002	4.0	2.0	326.063293457	2.0	2.0	36.9800009727	0.0	-0.0472739450634	0.972083568573	-0.229823306203	3.15708959396	0.0	-7.74229001999	-29.0625	16.9406509399	0.814323185909	1.0	10.4399995804	9.34000015259	0.0	10.4399995804	0.180802893051	1.0	1
1.0	3920.69506836	10.0	5.0	490.400390625	3.0	3.0	70.4200003147	0.0	0.99833625555	0.0337451547384	-0.0467549003661	13.7474203486	19.6238101401	-20.2361488342	-25.6815986633	13.3819999695	0.879411110673	2.0	10.3000001907	18.3000001907	0.0	10.6999998093	0.997324768043	1.0	1
1.0	790.08001709	3.0	1.0	234.057006836	1.0	1.0	21.740000248	3.01391442362	-0.432612091303	0.0293383784592	0.901102662086	6.07061672638	8.23379836041	-3.82355499268	-25.7475509644	11.9505348206	0.748621190243	0.0	0.0	0.0	0.0	0.0	0.045671306581	1.0	1
1.0	3475.84790039	9.0	4.0	315.278320312	1.0	1.0	67.1200003624	3.01391442362	-0.432612091303	0.0293383784592	0.901102662086	35.9853020323	11.058705058	-3.82355499268	-25.7475509644	11.9505348206	0.748621190243	0.0	0.0	0.0	0.0	0.0	0.987551354293	1.0	1
1.0	1079.66308594	5.0	1.0	81.2212982178	1.0	1.0	8.46000003815	2.97965094269	0.82553845644	0.524749755859	0.207663074136	7.14859208949	1.45535871357	-13.9188995361	-22.0232505798	15.5034503937	0.737617248228	0.0	0.0	0.0	0.0	0.0	0.644321556123	1.0	1
1.0	2940.95361328	8.0	4.0	672.307373047	4.0	3.0	75.1200008392	0.0	0.0472739450634	-0.972083568573	0.229823306203	0.0	26.2343632796	-7.74229001999	-29.0625	16.9406509399	0.814323185909	1.0	10.4399995804	9.34000015259	0.0	10.4399995804	0.994124372198	1.0	1
1.0	3200.11914062	1.0	1.0	687.965026855	1.0	1.0	17.4599990845	3.31742363411	-0.47729369998	-0.346821904182	0.807406544685	57.6350556514	15.7886601277	-6.10726499557	-21.3372497559	16.2378005981	0.728174286425	0.0	0.0	0.0	0.0	0.0	-1.0	0.0	1
1.0	7975.12207031	14.0	3.0	3020.22216797	3.0	2.0	87.1799983978	0.0	-0.993542909622	-0.113423712552	-0.00275377789512	63.4140267998	10.1237082439	-12.3596992493	-6.06756019592	8.06967926025	0.929550480441	1.0	7.67999982834	8.42000007629	1.0	11.8199996948	0.99998465506	1.0	1
1.0	863.182983398	1.0	0.0	687.965026855	1.0	0.0	0.0	10.0	0.0	0.0	0.0	0.0	0.0	0.0	0.0	0.0	2.0	0.0	0.0	0.0	0.0	0.0	3.32853558443e-09	1.0	1
1.0	6871.34228516	10.0	3.0	2664.57641602	4.0	3.0	108.0	0.0	0.106030836701	-0.937818408012	0.330536156893	0.0	9.34429997767	-5.38928031921	-62.2649993896	7.15215015411	0.942262652738	2.0	2.24000000954	10.4400000572	2.0	11.8199996948	0.998694612052	1.0	1
1.0	508.782989502	1.0	0.0	687.965026855	1.0	0.0	0.0	10.0	0.0	0.0	0.0	0.0	0.0	0.0	0.0	0.0	2.0	0.0	0.0	0.0	0.0	0.0	3.32853558443e-09	1.0	1
1.0	5800.00341797	7.0	2.0	1973.94226074	3.0	2.0	73.2999992371	1.30453440059	0.0451282262802	-0.415496379137	0.908474683762	30.4587677188	12.6444948877	-3.50905990601	-48.9262504578	7.1339302063	0.960004154096	0.0	0.0	0.0	0.0	0.0	0.999533755947	1.0	1
1.0	4706.16943359	10.0	3.0	1828.37841797	3.0	2.0	74.6199998856	0.0	0.106030836701	-0.937818408012	0.330536156893	0.0	9.34429997767	-5.38928031921	-62.2649993896	7.15215015411	0.942262652738	1.0	2.24000000954	2.01999998093	1.0	2.24000000954	0.991323522651	1.0	1
1.0	5054.23095703	7.0	3.0	1740.27514648	2.0	1.0	73.1799983978	2.10153277635	-0.191265419126	-0.59009039402	0.784353792667	55.9141445729	10.0775349854	-14.4267501831	-7.912150383	12.5141000748	0.859811114103	0.0	0.0	0.0	0.0	0.0	0.990459462358	1.0	1
1.0	1528.19628906	3.0	1.0	1286.43505859	2.0	1.0	17.4599990845	3.31742363411	-0.47729369998	-0.346821904182	0.807406544685	4.74701809917	19.3592734743	-6.10726499557	-21.3372497559	16.2378005981	0.728174286425	0.0	0.0	0.0	0.0	0.0	0.0238373342795	1.0	1
1.0	4833.86083984	6.0	2.0	816.784057617	2.0	1.0	36.5199985504	2.86190667146	-0.640076458454	-0.466869026423	0.61019295454	39.7582493808	3.58542149256	-3.52183890343	-44.0524520874	17.1116008759	0.838807126752	0.0	0.0	0.0	0.0	0.0	0.973998864968	1.0	1
1.0	2665.51708984	1.0	0.0	620.28302002	1.0	0.0	0.0	10.0	0.0	0.0	0.0	0.0	0.0	0.0	0.0	0.0	2.0	0.0	0.0	0.0	0.0	0.0	3.32853558443e-09	0.0	1
1.0	6536.45214844	7.0	3.0	544.395019531	2.0	2.0	49.7399997711	0.0	0.0588168799877	0.98472315073	-0.163892954588	42.8821106996	1.02810395978	-3.18672513962	-34.1972007751	-16.6674499512	0.228941721637	1.0	2.11999988556	3.55999994278	0.0	2.11999988556	0.979269683071	1.0	1
1.0	6354.20996094	10.0	4.0	1330.9230957	2.0	2.0	71.4599995613	0.0	0.0588168799877	0.98472315073	-0.163892954588	42.8821106996	1.02810395978	-3.18672513962	-34.1972007751	-16.6674499512	0.228941721637	1.0	2.11999988556	3.55999994278	0.0	2.11999988556	0.99828585811	1.0	1
1.0	6676.96386719	10.0	0.0	1734.37084961	4.0	0.0	0.0	10.0	0.0	0.0	0.0	0.0	0.0	0.0	0.0	0.0	2.0	0.0	0.0	0.0	0.0	0.0	3.32853558443e-09	1.0	1
1.0	4914.06884766	10.0	5.0	1201.55395508	6.0	5.0	154.820002079	0.0	-0.0588173568249	-0.984723210335	0.16389234364	2.5405002941	30.915602824	-9.21811485291	-34.4055023193	20.0049495697	0.889427317456	4.0	5.67999982834	38.3600001335	0.0	13.4200000763	0.997069086937	1.0	1
1.0	4687.78222656	11.0	3.0	808.352600098	5.0	3.0	67.6600017548	0.0	0.0587499886751	0.984742701054	-0.163799419999	21.4991973796	12.5480169407	-14.2469997406	-14.5040998459	18.8763008118	0.616955118177	2.0	2.11999988556	16.1799998283	0.0	13.4200000763	0.999053367262	1.0	1
1.0	6055.62597656	9.0	2.0	1183.79150391	3.0	2.0	57.1000003815	1.89922878274	0.0551412850618	-0.44140842557	0.895610451698	12.5562398761	9.80313487934	-4.80140018463	-55.2425994873	4.86187505722	0.563366870579	0.0	0.0	0.0	0.0	0.0	0.999961804337	1.0	1
1.0	6195.74316406	11.0	4.0	899.072570801	5.0	4.0	111.780001163	0.0	-0.0588173568249	-0.984723210335	0.16389234364	2.5405002941	30.915602824	-9.21811485291	-34.4055023193	20.0049495697	0.889427317456	3.0	2.11999988556	24.5199999809	0.0	13.4200000763	0.99998925464	1.0	1
1.0	1634.80078125	4.0	1.0	369.882995605	1.0	1.0	8.23999977112	0.0	0.0588170588017	0.984726130962	-0.163874894381	29.9317762065	1.06407035487	-2.95288515091	-45.0480003357	-5.96493005753	0.571709302425	1.0	10.9799995422	11.9600000381	0.0	10.9799995422	0.473180136605	1.0	1
1.0	4727.92382812	6.0	3.0	1063.48388672	3.0	3.0	98.5	0.0	0.0588170588017	0.984726130962	-0.163874894381	17.9879380508	25.5289017712	-2.95288515091	-45.0480003357	-5.96493005753	0.571709302425	1.0	10.9799995422	11.9600000381	0.0	10.9799995422	0.982506244063	1.0	1
1.0	2192.51635742	1.0	0.0	692.183959961	1.0	0.0	0.0	10.0	0.0	0.0	0.0	0.0	0.0	0.0	0.0	0.0	2.0	0.0	0.0	0.0	0.0	0.0	3.32853558443e-09	0.0	2
1.0	3667.10961914	16.0	6.0	1126.71704102	4.0	4.0	187.299999714	0.0	0.997897267342	-0.0559444390237	-0.0327306836843	14.2535959963	0.0	-1.64019501209	-47.4152984619	-1.95006990433	0.967111680377	2.0	7.0	16.4600000381	1.0	12.4799995422	0.999592322069	1.0	2
1.0	2302.80834961	2.0	1.0	581.891967773	1.0	1.0	24.7199993134	0.0	0.0584670938551	0.987323582172	-0.14755935967	9.42187115005	0.0	-8.49254512787	-46.6131515503	11.6994495392	0.921875893163	1.0	7.0	6.73999977112	0.0	7.0	0.198611870213	1.0	2
1.0	3115.4453125	14.0	3.0	1600.89221191	5.0	1.0	62.1599988937	0.0	0.997897267342	-0.0559444390237	-0.0327306836843	15.0501511239	0.0	-1.64019501209	-47.4152984619	-1.95006990433	0.967111680377	0.0	0.0	0.0	1.0	12.4799995422	0.997208536723	1.0	2
1.0	3373.14746094	10.0	2.0	1200.92199707	3.0	2.0	27.9200000763	2.57034821181	-0.711533784866	0.129739239812	0.690570354462	0.0	4.14428643269	-13.1505508423	-5.75514507294	14.1231002808	0.217744550518	0.0	0.0	0.0	0.0	0.0	0.88728369072	1.0	2
1.0	4286.36523438	11.0	3.0	570.397277832	3.0	3.0	68.7800006866	0.0	0.0584446527064	0.987309038639	-0.147665351629	12.9372227558	1.77767852057	-2.4713549614	-28.588350296	10.2996997833	0.562205849889	1.0	5.69999980927	6.05999994278	0.0	5.69999980927	0.969629623628	1.0	2
1.0	2594.21313477	3.0	1.0	779.567993164	2.0	1.0	31.2200005054	3.27839900091	-0.892102599144	0.105267427862	0.439399272203	2.45851919966	13.5384141659	-8.16250514984	-26.6099014282	12.4901008606	0.838038934015	0.0	0.0	0.0	0.0	0.0	0.18451037462	1.0	2
1.0	4349.72070312	17.0	6.0	1014.63696289	4.0	4.0	143.739999294	0.0	0.997897267342	-0.0559444390237	-0.0327306836843	14.2535959963	0.0	-1.64019501209	-47.4152984619	-1.95006990433	0.967111680377	3.0	5.69999980927	22.5199999809	1.0	12.4799995422	0.999283824188	1.0	2
1.0	987.778747559	6.0	0.0	87.3840026855	1.0	0.0	0.0	10.0	0.0	0.0	0.0	0.0	0.0	0.0	0.0	0.0	2.0	0.0	0.0	0.0	0.0	0.0	3.32853558443e-09	1.0	2
1.0	4564.64697266	15.0	4.0	620.817993164	3.0	3.0	75.7400012016	0.0	0.0584446527064	0.987309038639	-0.147665351629	27.3056793143	1.77767852057	-2.4713549614	-28.588350296	10.2996997833	0.562205849889	1.0	5.69999980927	6.05999994278	0.0	5.69999980927	0.998769331088	1.0	2
1.0	2606.0949707	2.0	1.0	1059.79296875	1.0	1.0	14.8400001526	3.29658919266	-0.516523182392	0.666004955769	0.53818321228	53.8272831757	11.2657937951	-6.8861246109	-14.4284000397	12.721449852	0.761233129434	0.0	0.0	0.0	0.0	0.0	-1.0	0.0	2
1.0	6093.63134766	11.0	4.0	3419.77197266	3.0	3.0	126.381600142	0.0	-0.104987069964	-0.992561519146	-0.0616386458278	20.3898076868	22.6887378529	-2.12032985687	-50.0654525757	-3.07319998741	0.980563533532	4.0	5.0	46.7600002289	3.0	13.2399997711	0.999997865635	1.0	2
1.0	3049.58740234	4.0	2.0	483.265991211	1.0	1.0	33.3800003529	0.0	0.995600402355	-0.0935386791825	0.00550813507289	36.1532724227	3.38946258207	-12.0478992462	-17.8127498627	20.6640014648	0.82269237693	2.0	13.2399997711	27.4600000381	2.0	16.6000003815	0.555444530089	1.0	2
1.0	3143.10595703	6.0	2.0	1172.83837891	3.0	2.0	80.0015990734	0.0	0.10500677675	0.992559432983	0.0616385154426	38.8501410713	0.992887964429	-2.31126999855	-51.9524536133	-5.01400995255	0.933792426137	4.0	5.0	36.4633280747	4.0	13.2399997711	0.97385841126	1.0	2
1.0	6551.48242188	12.0	3.0	2948.66699219	2.0	2.0	76.5800001621	0.0	0.995600402355	-0.0935386791825	0.00550813507289	36.1532724227	20.5818421277	-12.0478992462	-17.8127498627	20.6640014648	0.82269237693	2.0	13.2399997711	27.4600000381	2.0	16.6000003815	0.999999285426	1.0	2
1.0	5363.03515625	7.0	2.0	1874.42810059	5.0	4.0	105.900000811	0.0	0.995600402355	-0.0935386791825	0.00550813507289	36.1532724227	20.5818421277	-12.0478992462	-17.8127498627	20.6640014648	0.82269237693	2.0	13.2399997711	27.4600000381	2.0	16.6000003815	0.996749316752	1.0	2
1.0	4335.85546875	10.0	2.0	3167.13427734	4.0	4.0	94.4399988651	0.0	0.104987069964	0.992561519146	0.0616386458278	17.3019248503	23.3893599068	-2.12032985687	-50.0654525757	-3.07319998741	0.980563533532	3.0	7.5	37.8000001907	2.0	16.6000003815	0.999443666979	1.0	2
1.0	4376.78369141	6.0	1.0	3070.89013672	1.0	1.0	14.8400001526	3.29658919266	-0.516523182392	0.666004955769	0.53818321228	44.0399089347	13.5119104592	-6.8861246109	-14.4284000397	12.721449852	0.761233129434	0.0	0.0	0.0	0.0	0.0	0.973169344644	1.0	2
1.0	3865.67944336	7.0	0.0	1168.70996094	1.0	0.0	0.0	10.0	0.0	0.0	0.0	0.0	0.0	0.0	0.0	0.0	2.0	0.0	0.0	0.0	0.0	0.0	3.32853558443e-09	1.0	2
1.0	5896.98828125	12.0	3.0	3335.94433594	4.0	4.0	154.879997492	0.0	0.104987069964	0.992561519146	0.0616386458278	17.3019248503	23.3893599068	-2.12032985687	-50.0654525757	-3.07319998741	0.980563533532	4.0	5.0	35.1433283798	3.0	16.6000003815	0.999982406391	1.0	2
1.0	2736.32617188	1.0	0.0	697.499023438	1.0	0.0	0.0	10.0	0.0	0.0	0.0	0.0	0.0	0.0	0.0	0.0	2.0	0.0	0.0	0.0	0.0	0.0	3.32853558443e-09	0.0	2
1.0	4032.58300781	13.0	3.0	885.776000977	2.0	2.0	79.8395985961	0.0	-0.0334182158113	-0.984703600407	0.17100314796	37.9902749971	2.09472584321	-4.61812019348	-35.8164520264	2.65451002121	0.831351578181	3.0	1.12000000477	11.8999996185	0.0	11.9799995422	0.998851548123	1.0	2
1.0	2805.6418457	3.0	0.0	697.499023438	1.0	0.0	0.0	10.0	0.0	0.0	0.0	0.0	0.0	0.0	0.0	0.0	2.0	0.0	0.0	0.0	0.0	0.0	3.32853558443e-09	1.0	2
1.0	4543.43066406	13.0	3.0	1583.27490234	2.0	2.0	112.959598482	0.0	0.999344408512	-0.034694686532	-0.0103459712118	16.9917501828	27.8378560537	-7.09489488602	-54.2072525024	-10.4167995453	0.228274263455	3.0	1.12000000477	15.3400001526	0.0	14.1599998474	0.999485966173	1.0	2
1.0	2976.12573242	6.0	2.0	494.966003418	1.0	1.0	43.7999997139	0.0	0.999344408512	-0.034694686532	-0.0103459712118	16.9917501828	2.37663309556	-7.09489488602	-54.2072525024	-10.4167995453	0.940120513643	3.0	1.12000000477	27.2399997711	0.0	14.1599998474	0.818931386447	1.0	2
1.0	4349.64208984	12.0	1.0	699.900024414	2.0	2.0	48.8199987411	2.91192548595	-0.135864421725	-0.367635190487	0.919991970062	21.263359208	14.664443719	-6.98943996429	-56.6613502502	8.11244010925	0.997176332412	0.0	0.0	0.0	0.0	0.0	0.999766912768	1.0	2
1.0	2969.30639648	4.0	0.0	697.499023438	1.0	0.0	0.0	10.0	0.0	0.0	0.0	0.0	0.0	0.0	0.0	0.0	2.0	0.0	0.0	0.0	0.0	0.0	3.32853558443e-09	1.0	2
1.0	2760.64428711	10.0	2.0	804.056030273	2.0	1.0	13.4200000763	0.0	0.999344408512	-0.034694686532	-0.0103459712118	9.97323639929	2.37663309556	-7.09489488602	-54.2072525024	-10.4167995453	0.940120513643	1.0	11.9799995422	11.8999996185	0.0	11.9799995422	0.998524879074	1.0	2
1.0	3570.2722168	1.0	1.0	697.499023438	1.0	1.0	29.779999733	3.2565779508	-0.728589057922	0.13810133934	0.670884549618	49.0653960568	17.8886841884	-9.1880645752	-26.1888999939	15.5472507477	0.931926661943	0.0	0.0	0.0	0.0	0.0	0.493386797208	1.0	2
1.0	3230.83032227	10.0	1.0	1088.30908203	1.0	1.0	70.2399988174	2.91192548595	-0.135864421725	-0.367635190487	0.919991970062	21.263359208	14.664443719	-6.98943996429	-56.6613502502	8.11244010925	0.997176332412	0.0	0.0	0.0	0.0	0.0	0.979323693455	1.0	2
1.0	2891.54418945	1.0	1.0	1128.44604492	1.0	1.0	19.7800006866	3.88446906076	-0.778925776482	0.0817481353879	0.621765196323	44.8248461536	18.1829284532	-5.15908527374	-27.4016494751	11.9849843979	0.913194649919	0.0	0.0	0.0	0.0	0.0	-1.0	0.0	2
1.0	5483.11132812	7.0	2.0	1757.75097656	3.0	2.0	60.6800010204	0.0	0.0461835190654	0.993749141693	-0.101635374129	21.8398303132	18.6259400482	1.0982350111	-52.4314498901	2.65380477905	0.847274533361	1.0	6.69999980927	7.40000009537	0.0	6.69999980927	0.998675933033	1.0	2
1.0	3228.03735352	2.0	1.0	1099.84204102	2.0	2.0	46.9600009918	2.07353805609	-0.050284165889	0.0856371000409	0.995056629181	19.860867114	19.216969282	1.27682995796	-51.0988006592	0.359534919262	0.940370612008	0.0	0.0	0.0	0.0	0.0	0.732174599397	1.0	2
1.0	5263.65771484	8.0	2.0	800.62097168	3.0	3.0	31.1000003815	0.0	-0.998023092747	0.0332690440118	-0.0533210039139	36.2326210808	19.4454382544	-13.3309497833	-43.1525497437	15.3881492615	0.678619898105	1.0	7.80000019073	10.5200004578	0.0	7.80000019073	0.995781774584	1.0	2
1.0	4478.48095703	3.0	1.0	142.712005615	1.0	1.0	10.8599996567	0.0	0.0462036728859	0.993749201298	-0.10162577033	6.60048655489	0.0	-8.40839481354	-47.9939498901	14.6977996826	0.518210223741	1.0	8.34000015259	7.48000001907	1.0	8.34000015259	0.0474258855703	1.0	2
1.0	5894.94335938	8.0	2.0	650.598999023	2.0	1.0	21.3199996948	0.0	0.0462036728859	0.993749201298	-0.10162577033	31.1248214856	13.7283969372	-8.40839481354	-47.9939498901	14.6977996826	0.518210223741	1.0	8.34000015259	7.48000001907	1.0	8.34000015259	0.999970267669	1.0	2
1.0	1456.69213867	2.0	1.0	273.997009277	1.0	1.0	7.65999984741	0.0	0.998025596142	-0.0331874713302	0.0533250384033	31.9060233439	4.19888193673	-12.1841001511	-41.0449981689	16.6675491333	0.554519983537	1.0	9.07999992371	8.80000019073	1.0	9.07999992371	0.32524367434	1.0	2
1.0	4768.59912109	8.0	2.0	968.557006836	3.0	3.0	37.5799999237	0.0	0.0462036728859	0.993749201298	-0.10162577033	31.1248214856	13.7283969372	-8.40839481354	-47.9939498901	14.6977996826	0.518210223741	3.0	6.69999980927	23.6800003052	2.0	9.07999992371	0.998916239468	1.0	2
1.0	2176.27001953	3.0	1.0	835.712036133	1.0	1.0	19.7800006866	3.88446906076	-0.778925776482	0.0817481353879	0.621765196323	0.0	18.1829284532	-5.15908527374	-27.4016494751	11.9849843979	0.913194649919	0.0	0.0	0.0	0.0	0.0	0.0998615472927	1.0	2
1.0	5410.703125	6.0	3.0	1826.17956543	4.0	3.0	109.679999352	0.0	0.0461835190654	0.993749141693	-0.101635374129	13.5386377166	18.6259400482	1.0982350111	-52.4314498901	2.65380477905	0.847274533361	2.0	1.12000000477	7.40000009537	1.0	1.12000000477	0.999318475607	1.0	2
1.0	2345.74804688	1.0	0.0	1057.9699707	1.0	0.0	0.0	10.0	0.0	0.0	0.0	0.0	0.0	0.0	0.0	0.0	2.0	0.0	0.0	0.0	0.0	0.0	3.32853558443e-09	0.0	2
1.0	3400.28588867	3.0	1.0	1458.83093262	2.0	2.0	17.6799998283	0.0	-0.00612997915596	0.998390614986	-0.0563786365092	59.2084079931	14.0311619258	-3.40858507156	-13.2482500076	10.1671504974	0.742810394806	1.0	3.75999999046	2.6400001049	1.0	3.75999999046	0.981063417513	1.0	2
1.0	2207.47900391	5.0	0.0	1057.9699707	1.0	0.0	0.0	10.0	0.0	0.0	0.0	0.0	0.0	0.0	0.0	0.0	2.0	0.0	0.0	0.0	0.0	0.0	3.32853558443e-09	1.0	2
1.0	4917.59277344	7.0	2.0	3112.76782227	2.0	2.0	90.619998455	0.0	0.00611027888954	-0.998389601707	0.0563988573849	0.0	14.8131957998	-2.56050491333	-48.9886474609	7.58946990967	0.86885768567	1.0	7.42000007629	6.92000007629	0.0	7.42000007629	0.998305324017	1.0	2
1.0	3252.64282227	6.0	1.0	2726.55200195	2.0	1.0	30.1399993896	2.2199706897	0.0959284752607	0.457481712103	0.884029507637	47.5735858541	31.1801737817	-0.183204546571	-33.1478996277	8.71122455597	0.999577431772	0.0	0.0	0.0	0.0	0.0	0.83701875845	1.0	2
1.0	3196.48120117	5.0	2.0	2073.6159668	4.0	1.0	13.4419996962	0.0	-0.00612959451973	0.998389303684	-0.0564028508961	2.03277742817	23.7529806532	-4.68380498886	-43.3506011963	-1.58456492424	0.547121988078	1.0	11.8400001526	13.3400001526	0.0	11.8400001526	0.994990750255	1.0	2
1.0	854.83203125	1.0	1.0	368.365997314	1.0	1.0	0.122000001371	0.0	-0.00612959451973	0.998389303684	-0.0564028508961	2.03277742817	1.50108870628	-4.68380498886	-43.3506011963	-1.58456492424	0.547121988078	1.0	11.8400001526	13.3400001526	0.0	11.8400001526	0.0798103954655	1.0	2
1.0	4712.82226562	8.0	5.0	3554.14916992	3.0	3.0	71.1475991234	0.0	-0.00611027888954	0.998389601707	-0.0563988573849	3.57315674146	15.6617188323	-2.56050491333	-48.9886474609	7.58946990967	0.86885768567	5.0	3.75999999046	36.1000001431	1.0	3.75999999046	0.999857885446	1.0	2
1.0	491.119995117	2.0	0.0	1962.73083496	4.0	0.0	0.0	10.0	0.0	0.0	0.0	0.0	0.0	0.0	0.0	0.0	2.0	0.0	0.0	0.0	0.0	0.0	3.32853558443e-09	1.0	2
1.0	5154.20361328	7.0	2.0	3112.76782227	2.0	2.0	90.619998455	0.0	0.00611027888954	-0.998389601707	0.0563988573849	0.0	14.8131957998	-2.56050491333	-48.9886474609	7.58946990967	0.86885768567	1.0	7.42000007629	6.92000007629	0.0	7.42000007629	0.999238028092	1.0	2
1.0	2298.52392578	1.0	1.0	1106.76098633	1.0	1.0	20.4599990845	2.33228212474	0.201393157244	-0.0906691476703	0.975305080414	0.0	31.1637051452	-0.745496988297	-31.4395999908	5.15910482407	0.0488308960727	0.0	0.0	0.0	0.0	0.0	-1.0	0.0	2
1.0	4495.77587891	7.0	3.0	1113.78356934	3.0	2.0	73.4600014687	0.0	-0.998987734318	0.0365929752588	-0.0261620022357	32.2622700516	31.9657144698	-11.0305995941	-34.1173019409	13.1947994232	0.923274489723	2.0	5.61999988556	15.6800003052	2.0	12.1199998856	0.999565845354	1.0	2
1.0	4984.39746094	9.0	5.0	1273.98803711	3.0	2.0	147.339999676	0.0	-0.0429976917803	-0.985960662365	0.161346629262	19.4242204423	16.5472287746	-12.0974502563	-47.2803497314	10.1377000809	0.954827918211	3.0	5.59999990463	24.3000001907	2.0	12.1199998856	0.999926514172	1.0	2
1.0	4769.86767578	8.0	4.0	997.159545898	4.0	3.0	115.059998512	2.30752678241	-0.0428382791579	-0.563997328281	0.824664711952	22.049292986	12.3162095563	-5.6963300705	-52.0008468628	-3.91148495674	0.670023420595	0.0	0.0	0.0	0.0	0.0	0.999846459166	1.0	2
1.0	2428.68481445	2.0	1.0	1176.00244141	2.0	2.0	52.1399993896	2.30752678241	-0.0428382791579	-0.563997328281	0.824664711952	21.5713167566	12.3162095563	-5.6963300705	-52.0008468628	-3.91148495674	0.670023420595	0.0	0.0	0.0	0.0	0.0	0.859021739171	1.0	2
1.0	4223.734375	6.0	2.0	1432.07006836	3.0	2.0	68.9000000954	0.0	-0.0429976917803	-0.985960662365	0.161346629262	34.9993309743	16.5472287746	-12.0974502563	-47.2803497314	10.1377000809	0.954827918211	3.0	5.59999990463	24.3000001907	2.0	12.1199998856	0.990226356505	1.0	2
1.0	2359.58300781	5.0	1.0	1647.15100098	2.0	1.0	13.0399999619	2.51775293801	0.152230605483	-0.667953491211	0.728466868401	60.0201371375	29.428350226	-1.71566998959	-23.2270011902	7.03905010223	0.00858131522961	0.0	0.0	0.0	0.0	0.0	0.848317760464	1.0	2
1.0	2749.1574707	8.0	1.0	755.471008301	2.0	1.0	3.3599998951	3.5135167561	0.716849029064	0.529027819633	0.454155296087	11.1487688046	0.0	-16.4962501526	-49.9529495239	7.23748970032	0.936895201846	0.0	0.0	0.0	0.0	0.0	0.981213904192	1.0	2
1.0	349.685974121	2.0	1.0	238.347000122	1.0	1.0	22.4400005341	0.0	-0.0429976917803	-0.985960662365	0.161346629262	14.591740653	3.48393617909	-12.0974502563	-47.2803497314	10.1377000809	0.954827918211	1.0	8.64000034332	8.15999984741	1.0	8.64000034332	0.915317248634	1.0	2
1.0	4441.03466797	9.0	3.0	1262.96459961	3.0	2.0	93.740000248	0.0	-0.998987734318	0.0365929752588	-0.0261620022357	32.2622700516	31.9657144698	-11.0305995941	-34.1173019409	13.1947994232	0.923274489723	2.0	5.59999990463	16.1400003433	1.0	12.1199998856	0.999729640504	1.0	2
1.0	2791.43261719	1.0	1.0	946.896972656	1.0	1.0	5.57999992371	3.59257567749	-0.522010862827	-0.168502405286	0.836128950119	14.1265509507	20.2878829212	-7.81709480286	-26.3936004639	10.3631896973	0.87646586137	0.0	0.0	0.0	0.0	0.0	-1.0	0.0	2
1.0	5419.73046875	10.0	2.0	1871.38867188	2.0	2.0	34.1199994087	0.0	0.999825716019	0.0	0.0186699591577	19.9150398622	19.2099000301	-2.72550487518	-48.2464981079	0.259639501572	0.778928143851	1.0	6.88000011444	6.67999982834	0.0	6.88000011444	0.995280674505	1.0	2
1.0	1642.33300781	3.0	0.0	946.896972656	1.0	0.0	0.0	10.0	0.0	0.0	0.0	0.0	0.0	0.0	0.0	0.0	2.0	0.0	0.0	0.0	0.0	0.0	3.32853558443e-09	1.0	2
1.0	6116.70605469	10.0	4.0	2041.32983398	4.0	3.0	106.299998283	0.0	0.999825716019	0.0	0.0186699591577	19.9150398622	19.2099000301	-2.72550487518	-48.2464981079	0.259639501572	0.778928143851	2.0	2.55999994278	9.15999984741	0.0	6.88000011444	0.979856327119	1.0	2
1.0	2882.03369141	14.0	2.0	1403.42773438	2.0	1.0	21.8199996948	2.42733601795	0.920916676521	0.362782627344	0.142482489347	0.0	23.8200822288	-18.3045005798	-25.0570487976	18.0542507172	0.951967202322	0.0	0.0	0.0	0.0	0.0	0.885752007369	1.0	2
1.0	4501.81298828	8.0	1.0	2043.73388672	3.0	2.0	53.1999988556	2.1974075475	0.206668511033	-0.0433871634305	0.977448582649	10.7632474585	15.4125141421	-2.59107995033	-53.9629516602	-6.75060510635	0.851730875616	0.0	0.0	0.0	0.0	0.0	0.966685934821	1.0	2
1.0	3378.1237793	5.0	2.0	2074.046875	3.0	1.0	16.2027999163	0.0	0.00374842365272	0.980662941933	-0.19566847384	22.1199260375	28.7736469567	-4.13970994949	-49.6691513062	-11.1308994293	0.98934061899	2.0	14.9399995804	32.6399993896	0.0	17.3999996185	0.571932437183	1.0	2
1.0	5346.765625	15.0	6.0	2669.98876953	3.0	3.0	175.873599887	0.0	-0.00382817536592	-0.980662465096	0.195669338107	1.14256837784	21.6631652841	-19.9953994751	-20.0088500977	21.091999054	0.978826240295	6.0	3.33999991417	56.5199993849	3.0	7.82000017166	0.994893189283	1.0	2
1.0	1830.85791016	9.0	3.0	745.770996094	1.0	1.0	65.1599979401	0.0	0.00374842365272	0.980662941933	-0.19566847384	11.8539626549	1.57828192324	-4.13970994949	-49.6691513062	-11.1308994293	0.98934061899	1.0	14.9399995804	14.8400001526	0.0	14.9399995804	0.595113506394	1.0	2
1.0	5959.71826172	11.0	6.0	2213.84863281	3.0	3.0	127.639997959	0.0	0.999825716019	0.0	0.0186699591577	19.9150398622	19.2099000301	-2.72550487518	-48.2464981079	0.259639501572	0.778928143851	2.0	2.55999994278	9.15999984741	0.0	6.88000011444	0.995403207414	1.0	2
1.0	2704.04003906	1.0	0.0	1143.5579834	1.0	0.0	0.0	10.0	0.0	0.0	0.0	0.0	0.0	0.0	0.0	0.0	2.0	0.0	0.0	0.0	0.0	0.0	3.32853558443e-09	0.0	2
1.0	5080.23144531	8.0	2.0	2035.12304688	4.0	2.0	53.8800001144	2.30624151047	-0.233491748571	-0.948906779289	0.212267562747	54.8489932194	31.8853778616	-1.14509749413	-24.9039001465	15.5058002472	0.293759155496	0.0	0.0	0.0	0.0	0.0	0.999806193653	1.0	2
1.0	2519.39160156	7.0	0.0	1094.59619141	2.0	0.0	0.0	10.0	0.0	0.0	0.0	0.0	0.0	0.0	0.0	0.0	2.0	0.0	0.0	0.0	0.0	0.0	3.32853558443e-09	1.0	2
1.0	3890.72802734	12.0	5.0	1982.10327148	3.0	3.0	92.4056797028	0.0	-0.0265252571553	-0.970083355904	0.241318747401	24.8170691173	2.35801151258	-5.47784996033	-57.9659996033	-1.00888049603	0.994813456769	4.0	5.48000001907	28.5999996662	0.0	12.3999996185	0.999275880909	1.0	2
1.0	5734.08154297	9.0	3.0	282.304199219	3.0	2.0	49.1599998474	0.0	0.0265055578202	0.970083475113	-0.241320222616	44.6944400452	21.3764532836	-5.03629970551	-33.3483009338	15.3143501282	0.969044408706	1.0	7.80000019073	7.48000001907	0.0	7.80000019073	0.99989974407	1.0	2
1.0	4224.14208984	12.0	4.0	1379.47644043	4.0	3.0	109.147998929	0.0	0.0265252515674	0.970083117485	-0.241319671273	25.98081843	6.44984205875	-6.16777992249	-57.6949005127	-4.90180969238	0.0334226763294	3.0	5.48000001907	21.5600001812	0.0	10.1999998093	0.996749317994	1.0	2
1.0	3684.84960938	10.0	1.0	1868.75195312	6.0	1.0	3.12567996979	0.0	-0.0265252571553	-0.970083355904	0.241318747401	24.8170691173	2.35801151258	-5.47784996033	-57.9659996033	-1.00888049603	0.994813456769	1.0	5.48000001907	5.71999979019	0.0	5.48000001907	0.971737078135	1.0	2
1.0	5161.39160156	11.0	4.0	2197.55957031	4.0	2.0	85.9536795616	0.0	-0.0265252571553	-0.970083355904	0.241318747401	24.8170691173	2.35801151258	-5.47784996033	-57.9659996033	-1.00888049603	0.994813456769	3.0	5.48000001907	23.9200000763	0.0	10.1999998093	0.999443668061	1.0	2
1.0	1924.75390625	10.0	1.0	528.879882812	4.0	1.0	1.12000000477	3.58139634824	0.808998465538	-0.14975297451	0.568414926529	1.0404301994	1.04052843488	-22.7122993469	-59.8751983643	13.4170207977	0.86941354302	0.0	0.0	0.0	0.0	0.0	0.55086959376	1.0	2
1.0	3472.66259766	11.0	2.0	1647.6472168	4.0	4.0	43.4679999352	0.0	0.0265252515674	0.970083117485	-0.241319671273	25.98081843	6.44984205875	-6.16777992249	-57.6949005127	-4.90180969238	0.0334226763294	3.0	5.48000001907	26.120000124	0.0	12.3999996185	0.99722430414	1.0	2
1.0	2435.30908203	1.0	0.0	583.166015625	2.0	0.0	0.0	10.0	0.0	0.0	0.0	0.0	0.0	0.0	0.0	0.0	2.0	0.0	0.0	0.0	0.0	0.0	3.32853558443e-09	0.0	2
1.0	5318.3203125	6.0	1.0	1785.05493164	4.0	1.0	52.9800014496	2.60194737792	0.0353109762073	-0.553224086761	0.83228379488	24.9954275499	7.67101529838	-6.83845043182	-49.9617004395	-3.57989501953	0.987285519744	0.0	0.0	0.0	0.0	0.0	0.996318001667	1.0	2
1.0	4863.27783203	5.0	1.0	583.166015625	2.0	2.0	59.1799983978	2.91561480129	-0.601497769356	0.153291001916	0.7840295434	35.3500016216	13.1009203547	-9.05778503418	-45.6052513123	14.7257499695	0.961138478334	0.0	0.0	0.0	0.0	0.0	0.946760585675	1.0	2
1.0	3562.62719727	7.0	2.0	1091.29602051	4.0	2.0	68.3400011063	0.0	0.0849660411477	0.953449785709	-0.289334148169	30.7803082077	1.00525976695	-8.99391937256	-41.5947990417	-4.83783531189	0.993946065647	2.0	8.52000045776	21.720000267	1.0	8.52000045776	0.967086588515	1.0	2
1.0	4656.25048828	3.0	1.0	1411.63793945	4.0	1.0	52.9800014496	2.60194737792	0.0353109762073	-0.553224086761	0.83228379488	24.9954275499	7.67101529838	-6.83845043182	-49.9617004395	-3.57989501953	0.987285519744	0.0	0.0	0.0	0.0	0.0	0.976789592892	1.0	2
1.0	5379.04443359	8.0	4.0	1252.82299805	2.0	2.0	107.200000286	0.0	0.0849660411477	0.953449785709	-0.289334148169	30.7803082077	1.00525976695	-8.99391937256	-41.5947990417	-4.83783531189	0.993946065647	3.0	8.52000045776	29.0400004387	1.0	8.52000045776	0.999386672005	1.0	2
1.0	2607.14233398	6.0	1.0	1261.02197266	3.0	1.0	39.5600013733	3.03078874048	0.342579066753	0.0043111005798	0.939479112625	51.5121472288	27.0439285286	-5.30436992645	-25.9025993347	8.39232444763	0.997049714449	0.0	0.0	0.0	0.0	0.0	0.703437351348	1.0	2
1.0	4546.03125	6.0	1.0	1514.03198242	3.0	1.0	13.4200000763	2.60194737792	0.0353109762073	-0.553224086761	0.83228379488	24.9954275499	7.67101529838	-6.83845043182	-49.9617004395	-3.57989501953	0.987285519744	0.0	0.0	0.0	0.0	0.0	0.979961221527	1.0	2
1.0	2451.4609375	2.0	1.0	312.143005371	1.0	1.0	10.9600000381	0.0	0.0849833637476	0.953424155712	-0.289413660765	15.2776842767	3.0863003476	-16.4745998383	-22.6795005798	21.7121009827	0.92999346377	1.0	9.07999992371	8.80000019073	0.0	9.07999992371	0.468734687162	1.0	2
1.0	4323.2734375	7.0	3.0	1930.67907715	3.0	2.0	42.4200000763	0.0	0.0849660411477	0.953449785709	-0.289334148169	30.7803082077	18.6645978759	-8.99391937256	-41.5947990417	-4.83783531189	0.993946065647	2.0	8.52000045776	18.1600003242	1.0	8.52000045776	0.981276518168	1.0	2
1.0	2235.5324707	1.0	0.0	809.204956055	1.0	0.0	0.0	10.0	0.0	0.0	0.0	0.0	0.0	0.0	0.0	0.0	2.0	0.0	0.0	0.0	0.0	0.0	3.32853558443e-09	0.0	2
1.0	2269.11499023	4.0	4.0	688.960998535	1.0	1.0	86.1599998474	0.0	0.0412265956402	0.994554877281	-0.0957126542926	25.9934317417	2.04053934735	-4.07734012604	-47.0374526978	-12.3088998795	0.97919275459	1.0	18.5	20.1000003815	0.0	18.5	0.906332300171	1.0	2
1.0	984.857971191	1.0	1.0	688.960998535	1.0	1.0	5.56759977341	0.0	-0.0412261597812	-0.994544446468	0.0958215519786	1.38612360474	2.04053934735	-4.03977966309	-46.1313476562	-12.396150589	0.0148056087129	1.0	17.5799999237	19.5200004578	1.0	17.5799999237	0.276227675977	1.0	2
1.0	3819.29882812	4.0	2.0	123.635002136	1.0	1.0	32.9600000381	0.0	0.0412262454629	0.994544386864	-0.0958217531443	27.5847607414	0.0	-2.82558989525	-30.4326515198	12.6122493744	0.940331382009	0.0	0.0	0.0	1.0	7.5	0.969953170527	1.0	2
1.0	1564.97497559	2.0	2.0	688.960998535	1.0	1.0	32.3875994682	0.0	-0.0412261597812	-0.994544446468	0.0958215519786	21.427025315	2.04053934735	-4.03977966309	-46.1313476562	-12.396150589	0.0148056087129	1.0	17.5799999237	19.5200004578	1.0	17.5799999237	0.276227675977	1.0	2
1.0	3819.29882812	4.0	2.0	123.635002136	1.0	1.0	32.9600000381	0.0	0.0412262454629	0.994544386864	-0.0958217531443	27.5847607414	0.0	-2.82558989525	-30.4326515198	12.6122493744	0.940331382009	0.0	0.0	0.0	1.0	7.5	0.98855785288	1.0	2
1.0	2894.08325195	1.0	0.0	789.265075684	1.0	0.0	0.0	10.0	0.0	0.0	0.0	0.0	0.0	0.0	0.0	0.0	2.0	0.0	0.0	0.0	0.0	0.0	3.32853558443e-09	0.0	2
1.0	3081.35424805	10.0	5.0	1326.80627441	4.0	4.0	68.4000005722	0.0	-0.999507009983	-0.0309916306287	-0.00502392090857	30.0699913319	17.774475195	-0.0816879868507	-44.4115982056	-2.28512001038	0.469031259212	5.0	1.39999997616	37.4999995232	1.0	8.22000026703	0.996677219587	1.0	2
1.0	2563.87915039	3.0	2.0	441.598510742	3.0	2.0	9.30000019073	0.0	-0.999507248402	-0.0309945922345	-0.00496307574213	11.4770423368	7.09861937898	-12.0655002594	-11.4461994171	16.1517486572	0.366432588906	4.0	8.69999980927	23.93360015	0.0	11.8000001907	0.507876159539	1.0	2
1.0	3345.06079102	10.0	5.0	2404.13085938	5.0	3.0	74.5996012688	0.0	-0.999507009983	-0.0309916306287	-0.00502392090857	30.0699913319	17.774475195	-0.0816879868507	-44.4115982056	-2.28512001038	0.996627036831	12.0	5.32000017166	97.4535991773	0.0	17.9400005341	0.979033986462	1.0	2
1.0	2716.06616211	3.0	1.0	1042.91333008	3.0	2.0	36.0399990082	1.41194191938	0.500491321087	-0.283668786287	0.817948937416	48.9600193248	26.9071392752	0.273872494698	-26.1948509216	10.919500351	0.838348675317	3.0	8.53999996185	6.41360016912	0.0	12.0399999619	0.580154193584	1.0	2
1.0	2832.27563477	6.0	4.0	1136.93530273	5.0	4.0	44.856000185	0.0	0.999504029751	0.0310971792787	0.00496326154098	4.35097143677	14.306880087	-9.85342025757	-19.5776500702	19.8974494934	0.200363174065	8.0	5.88000011444	67.1600003242	1.0	11.6000003815	0.992949962142	1.0	2
1.0	3048.70825195	2.0	1.0	634.640075684	2.0	2.0	11.3080000877	0.0	0.999504029751	0.0310971792787	0.00496326154098	4.35097143677	14.306880087	-9.85342025757	-19.5776500702	19.8974494934	0.834872455924	2.0	10.0	23.5200004578	1.0	11.6000003815	0.345136747639	1.0	2
1.0	4741.06738281	9.0	4.0	1371.77160645	5.0	5.0	93.176400423	0.0	-0.999504029751	-0.0310971792787	-0.00496326154098	59.5783999747	13.9968080624	-9.85342025757	-19.5776500702	19.8974494934	0.200363174065	11.0	7.69999980927	77.180000782	1.0	11.6000003815	0.999972577086	1.0	2
1.0	2383.41186523	2.0	2.0	957.240112305	6.0	5.0	55.6599998474	0.0	-0.0288555715233	0.963136911392	-0.267459571362	2.40332511161	22.7713560367	-7.87984514236	-35.3101997375	19.9073486328	0.868458409051	6.0	5.32000017166	25.173600398	1.0	8.22000026703	0.751722525127	1.0	2
1.0	2194.09912109	13.0	5.0	983.57220459	5.0	5.0	82.3283998966	0.0	0.999504029751	0.0310971792787	0.00496326154098	9.51487232281	17.0273090127	-9.85342025757	-19.5776500702	19.8974494934	0.200363174065	6.0	1.39999997616	36.8399996758	0.0	12.8000001907	0.999611622175	1.0	2
1.0	1984.21801758	1.0	0.0	447.287994385	1.0	0.0	0.0	10.0	0.0	0.0	0.0	0.0	0.0	0.0	0.0	0.0	2.0	0.0	0.0	0.0	0.0	0.0	3.32853558443e-09	0.0	2
1.0	4532.86962891	8.0	5.0	2239.31616211	4.0	3.0	132.340001345	0.0	-0.0130724310875	0.976925849915	-0.213178247213	18.1482628931	0.917385654878	-2.96530485153	-49.1705474854	-3.40234518051	0.958132361489	2.0	5.73999977112	14.9400000572	2.0	9.26000022888	0.998238880698	1.0	2
1.0	4600.96386719	7.0	3.0	2296.34082031	5.0	4.0	73.8599995375	0.0	-0.0130724310875	0.976925849915	-0.213178366423	22.7437409793	21.3500416229	-1.9231749773	-44.085647583	-1.39470505714	0.958449336319	2.0	7.17999982834	15.8600001335	1.0	7.17999982834	0.991217795765	1.0	2
1.0	2082.06835938	3.0	0.0	1410.35192871	3.0	0.0	0.0	10.0	0.0	0.0	0.0	0.0	0.0	0.0	0.0	0.0	2.0	0.0	0.0	0.0	0.0	0.0	3.32853558443e-09	1.0	2
1.0	4552.63232422	7.0	4.0	2171.88525391	5.0	4.0	110.900000691	0.0	-0.0130724310875	0.976925849915	-0.213178247213	18.1482628931	0.917385654878	-2.96530485153	-49.1705474854	-3.40234518051	0.958132361489	2.0	5.73999977112	12.6400003433	3.0	9.26000022888	0.986988228419	1.0	2
1.0	3849.01757812	7.0	2.0	1989.86791992	3.0	1.0	72.0600013733	2.87347703484	-0.738425970078	-0.1192464903	0.663707315922	20.0668896939	6.97104753629	-6.41611480713	-51.4550018311	7.76453495026	0.900891449055	0.0	0.0	0.0	0.0	0.0	0.948362074136	1.0	2
1.0	4180.33398438	7.0	3.0	1911.54931641	4.0	3.0	45.1199991703	0.0	-0.0130724310875	0.976925849915	-0.213178247213	15.4000806147	0.917385654878	-2.96530485153	-49.1705474854	-3.40234518051	0.958132361489	2.0	5.73999977112	14.9400000572	2.0	9.26000022888	0.980880437674	1.0	2
1.0	2827.12915039	9.0	1.0	1234.48901367	2.0	1.0	0.0	3.97549993862	-0.306600213051	0.656007111073	0.689674556255	40.1209827869	0.0	-5.73486995697	-22.7252502441	-18.5938987732	0.253392909709	0.0	0.0	0.0	0.0	0.0	0.705588487991	1.0	2
1.0	4163.48095703	9.0	3.0	1458.10705566	3.0	2.0	48.9999998808	0.0	0.997138559818	0.0	-0.0755952969193	19.5905278151	0.91738513558	-2.38662004471	-43.6324005127	-1.45893502235	0.906984222386	2.0	7.17999982834	15.8600001335	1.0	7.17999982834	0.995100593534	1.0	2
1.0	2639.12109375	1.0	1.0	932.687011719	1.0	1.0	7.86000013351	3.58520566832	-0.445199400187	0.15002655983	0.882773756981	2.87003882325	17.1917812507	-5.42155504227	-23.5518989563	14.9146347046	0.78040296693	0.0	0.0	0.0	0.0	0.0	-1.0	0.0	2
1.0	4544.68798828	7.0	0.0	312.049987793	1.0	0.0	0.0	10.0	0.0	0.0	0.0	0.0	0.0	0.0	0.0	0.0	2.0	0.0	0.0	0.0	0.0	0.0	3.32853558443e-09	1.0	2
1.0	2092.96362305	5.0	0.0	312.049987793	1.0	0.0	0.0	10.0	0.0	0.0	0.0	0.0	0.0	0.0	0.0	0.0	2.0	0.0	0.0	0.0	0.0	0.0	3.32853558443e-09	1.0	2
1.0	4956.35449219	8.0	2.0	1049.84399414	2.0	1.0	56.1400008202	2.83199050348	-0.48329269886	-0.196892306209	0.853030800819	33.0948527694	6.2932694595	-4.25729990005	-51.3706512451	15.5163002014	0.847541336586	0.0	0.0	0.0	0.0	0.0	0.999373603889	1.0	2
1.0	1507.04101562	1.0	0.0	312.049987793	1.0	0.0	0.0	10.0	0.0	0.0	0.0	0.0	0.0	0.0	0.0	0.0	2.0	0.0	0.0	0.0	0.0	0.0	3.32853558443e-09	1.0	2
1.0	4105.85351562	8.0	1.0	429.206970215	2.0	1.0	29.5400009155	2.83199050348	-0.48329269886	-0.196892306209	0.853030800819	33.0948527694	6.2932694595	-4.25729990005	-51.3706512451	15.5163002014	0.847541336586	0.0	0.0	0.0	0.0	0.0	0.991903956349	1.0	2
1.0	1507.04101562	1.0	0.0	932.687011719	1.0	0.0	0.0	10.0	0.0	0.0	0.0	0.0	0.0	0.0	0.0	0.0	2.0	0.0	0.0	0.0	0.0	0.0	3.32853558443e-09	1.0	2
1.0	4396.98388672	7.0	1.0	1049.84399414	2.0	1.0	7.86000013351	3.58520566832	-0.445199400187	0.15002655983	0.882773756981	48.6056959851	17.1917812507	-5.42155504227	-23.5518989563	14.9146347046	0.78040296693	0.0	0.0	0.0	0.0	0.0	0.990621785373	1.0	2
1.0	4089.80297852	7.0	2.0	1278.88098145	3.0	2.0	63.619998455	2.80348532582	0.0840348675847	-0.0521657578647	0.995096385479	42.398508081	24.0324171247	-1.1405415535	-37.3588027954	12.8684902191	0.999981918333	0.0	0.0	0.0	0.0	0.0	0.986462853029	1.0	2
1.0	4290.15673828	6.0	1.0	1161.72399902	2.0	2.0	49.7999987602	2.80348532582	0.0840348675847	-0.0521657578647	0.995096385479	38.7704499054	24.0324171247	-1.1405415535	-37.3588027954	12.8684902191	0.999981918333	0.0	0.0	0.0	0.0	0.0	0.992862981521	1.0	2
1.0	790.08001709	3.0	1.0	315.278320312	1.0	1.0	25.740000248	3.01391442362	-0.432612091303	0.0293383784592	0.901102662086	6.07061672638	11.058705058	-3.82355499268	-25.7475509644	11.9505348206	0.748621190243	0.0	0.0	0.0	0.0	0.0	-1.0	0.0	2
1.0	3380.00195312	9.0	4.0	510.016387939	3.0	3.0	48.4200000763	0.0	0.047253921628	-0.972084820271	0.229822143912	11.6688216773	19.5075166223	-10.2776498795	-19.2113990784	16.3112506866	0.92111539851	1.0	10.3599996567	9.30000019073	0.0	10.3599996567	0.975441756798	1.0	2
1.0	387.474304199	2.0	1.0	294.520019531	2.0	2.0	32.6600008011	0.0	0.0472739450634	-0.972083568573	0.229823306203	8.07957257513	14.407303526	-7.74229001999	-29.0625	16.9406509399	0.814323185909	1.0	10.4399995804	9.34000015259	0.0	10.4399995804	0.191831923643	1.0	2
1.0	3885.7722168	9.0	6.0	304.224395752	2.0	2.0	123.320000648	0.0	0.047253921628	-0.972084820271	0.229822143912	11.6688216773	0.992505884322	-10.2776498795	-19.2113990784	16.3112506866	0.92111539851	1.0	10.3599996567	9.30000019073	0.0	10.3599996567	0.996146159008	1.0	2
1.0	555.593017578	2.0	1.0	183.049301147	2.0	2.0	26.8800001144	0.0	-0.047253921628	0.972084820271	-0.229822143912	0.992505884322	7.01665014448	-10.2776498795	-19.2113990784	16.3112506866	0.92111539851	2.0	10.3599996567	18.6400003433	0.0	10.4399995804	0.30426140937	1.0	2
1.0	4158.12646484	9.0	6.0	1033.40563965	4.0	4.0	142.860000372	0.0	-0.99833625555	-0.0337451547384	0.0467549003661	7.70025753969	19.3568937407	-20.2361488342	-25.6815986633	13.3819999695	0.879411110673	2.0	10.3000001907	18.3000001907	0.0	10.6999998093	0.999641469302	1.0	2
1.0	912.666320801	3.0	2.0	192.692001343	1.0	1.0	29.220000267	2.17490455593	0.032915994525	0.174305200577	0.984141349792	33.9761812119	3.96978595146	-3.9637799263	-41.6548500061	-6.92312002182	0.664055683286	0.0	0.0	0.0	0.0	0.0	0.0285566844319	1.0	2
1.0	4371.57714844	10.0	7.0	819.955383301	4.0	4.0	119.980000734	0.0	0.0472739450634	-0.972083568573	0.229823306203	0.0	27.3244184266	-7.74229001999	-29.0625	16.9406509399	0.814323185909	3.0	10.3000001907	27.6400003433	0.0	10.6999998093	0.99980653346	1.0	2
1.0	735.271362305	2.0	2.0	192.692001343	1.0	1.0	32.5200004578	0.0	0.998333394527	0.0337487459183	-0.0468133501709	25.5711771549	1.81349525724	-4.2227897644	-43.8798980713	-2.3348197937	0.923010926356	0.0	0.0	0.0	1.0	5.32000017166	0.0570668317627	1.0	2
1.0	3092.74536133	10.0	5.0	603.282287598	4.0	4.0	106.720000267	0.0	0.0472739450634	-0.972083568573	0.229823306203	0.0	6.89388005508	-7.74229001999	-29.0625	16.9406509399	0.814323185909	4.0	10.3000001907	36.9400005341	0.0	10.6999998093	0.998620129599	1.0	2
1.0	3200.11914062	1.0	1.0	687.965026855	1.0	1.0	17.4599990845	3.31742363411	-0.47729369998	-0.346821904182	0.807406544685	57.6350556514	15.7886601277	-6.10726499557	-21.3372497559	16.2378005981	0.728174286425	0.0	0.0	0.0	0.0	0.0	-1.0	0.0	2
1.0	5802.15185547	7.0	2.0	1716.04846191	4.0	3.0	53.7399997711	2.10153277635	-0.191265419126	-0.59009039402	0.784353792667	52.5113945601	10.0775349854	-14.4267501831	-7.912150383	12.5141000748	0.859811114103	0.0	0.0	0.0	0.0	0.0	0.99933653951	1.0	2
1.0	3834.09741211	4.0	1.0	974.244995117	2.0	1.0	17.4599990845	3.31742363411	-0.47729369998	-0.346821904182	0.807406544685	54.6083835054	19.2307977767	-6.10726499557	-21.3372497559	16.2378005981	0.728174286425	0.0	0.0	0.0	0.0	0.0	0.837028613236	1.0	2
1.0	5069.65234375	11.0	4.0	1140.41333008	3.0	2.0	37.9600000381	0.0	0.106030836701	-0.937818408012	0.330536156893	0.0	9.34429997767	-5.38928031921	-62.2649993896	7.15215015411	0.942262652738	1.0	2.24000000954	2.01999998093	1.0	2.24000000954	0.970892215503	1.0	2
1.0	4440.42822266	6.0	1.0	1443.89599609	1.0	1.0	17.4599990845	3.31742363411	-0.47729369998	-0.346821904182	0.807406544685	54.6083835054	19.3592734743	-6.10726499557	-21.3372497559	16.2378005981	0.728174286425	0.0	0.0	0.0	0.0	0.0	0.953086585436	1.0	2
1.0	4782.62792969	6.0	3.0	1883.60852051	4.0	3.0	101.159999847	0.0	0.106030836701	-0.937818408012	0.330536156893	23.734993203	9.34429997767	-5.38928031921	-62.2649993896	7.15215015411	0.942262652738	2.0	2.24000000954	10.4400000572	1.0	2.24000000954	0.991157173133	1.0	2
1.0	3562.82128906	7.0	3.0	776.068359375	2.0	2.0	74.1599988937	0.0	0.106030836701	-0.937818408012	0.330536156893	0.0	9.34429997767	-5.38928031921	-62.2649993896	7.15215015411	0.942262652738	1.0	2.24000000954	2.01999998093	1.0	2.24000000954	0.877260605682	1.0	2
1.0	6045.68359375	9.0	4.0	2006.81542969	3.0	2.0	98.2599983215	0.0	0.106029078364	-0.93784070015	0.330473423004	36.7607826825	26.9966368503	-0.469238519669	-45.8721008301	12.0375003815	0.965533864673	1.0	7.67999982834	8.42000007629	0.0	7.67999982834	0.999756206335	1.0	2
1.0	3732.42724609	3.0	2.0	1611.45605469	2.0	1.0	36.5199985504	2.86190667146	-0.640076458454	-0.466869026423	0.61019295454	2.53673188008	3.58542149256	-3.52183890343	-44.0524520874	17.1116008759	0.838807126752	0.0	0.0	0.0	0.0	0.0	0.527380059997	1.0	2
1.0	4178.47021484	10.0	3.0	2062.04541016	3.0	2.0	88.9199991226	1.30453440059	0.0451282262802	-0.415496379137	0.908474683762	30.4587677188	22.3124976035	-3.50905990601	-48.9262504578	7.1339302063	0.960004154096	0.0	0.0	0.0	0.0	0.0	0.985521253514	1.0	2
1.0	2665.51708984	1.0	0.0	620.28302002	1.0	0.0	0.0	10.0	0.0	0.0	0.0	0.0	0.0	0.0	0.0	0.0	2.0	0.0	0.0	0.0	0.0	0.0	3.32853558443e-09	0.0	2
1.0	5293.328125	11.0	4.0	523.887878418	4.0	2.0	70.6600008011	0.0	-0.0588173568249	-0.984723210335	0.16389234364	2.5405002941	28.0923535361	-9.21811485291	-34.4055023193	20.0049495697	0.889427317456	2.0	2.11999988556	11.9000000954	0.0	8.03999996185	0.997693604711	1.0	2
1.0	4297.25390625	11.0	4.0	1302.74804688	4.0	4.0	121.720001698	0.0	-0.0587554611266	-0.984739840031	0.163814693689	6.7424795131	27.8197253277	-23.2160987854	-40.8776473999	13.5862998962	0.431196984658	2.0	2.11999988556	9.0	0.0	5.67999982834	0.998011635609	1.0	2
1.0	4905.91992188	8.0	4.0	816.502563477	5.0	3.0	122.020002365	0.0	-0.0588173568249	-0.984723210335	0.16389234364	2.5405002941	21.5318794493	-9.21811485291	-34.4055023193	20.0049495697	0.889427317456	2.0	8.03999996185	20.3000001907	0.0	10.9799995422	0.991825608586	1.0	2
1.0	5006.86621094	8.0	2.0	1254.12353516	6.0	2.0	76.9800014496	0.0	0.0588170588017	0.984726130962	-0.163874894381	19.4905668227	25.5289017712	-2.95288515091	-45.0480003357	-5.96493005753	0.571709302425	1.0	10.9799995422	11.9600000381	0.0	10.9799995422	0.997988812683	1.0	2
1.0	5097.62207031	8.0	2.0	1003.87994385	2.0	1.0	30.9000000954	2.96919857451	-0.691907465458	-0.334683120251	0.639727473259	24.69081398	23.9425169072	-3.44206762314	-25.2709999084	17.1596508026	0.704351827835	0.0	0.0	0.0	0.0	0.0	0.990522806266	1.0	2
1.0	3022.51416016	1.0	0.0	620.28302002	1.0	0.0	0.0	10.0	0.0	0.0	0.0	0.0	0.0	0.0	0.0	0.0	2.0	0.0	0.0	0.0	0.0	0.0	3.32853558443e-09	1.0	2
1.0	5452.9296875	11.0	5.0	1201.55395508	6.0	5.0	154.820002079	0.0	-0.0588173568249	-0.984723210335	0.16389234364	2.5405002941	30.915602824	-9.21811485291	-34.4055023193	20.0049495697	0.889427317456	4.0	5.67999982834	38.3600001335	0.0	13.4200000763	0.999588793014	1.0	2
1.0	5156.46972656	6.0	0.0	205.725997925	1.0	0.0	0.0	10.0	0.0	0.0	0.0	0.0	0.0	0.0	0.0	0.0	2.0	0.0	0.0	0.0	0.0	0.0	3.32853558443e-09	1.0	2
1.0	5125.60791016	5.0	3.0	1065.7869873	5.0	3.0	105.320002079	0.0	0.0588168799877	0.98472315073	-0.163892954588	31.0951941868	40.387176543	-3.18672513962	-34.1972007751	-16.6674499512	0.228941721637	1.0	2.11999988556	3.55999994278	0.0	2.11999988556	0.984022159635	1.0	2
1.0	2295.20288086	1.0	0.0	593.964172363	1.0	0.0	0.0	10.0	0.0	0.0	0.0	0.0	0.0	0.0	0.0	0.0	2.0	0.0	0.0	0.0	0.0	0.0	3.32853558443e-09	0.0	3
1.0	4234.91015625	14.0	2.0	2940.8671875	5.0	1.0	13.3599996567	0.0	0.999279379845	0.0342924408615	0.0162727702409	27.5302791394	37.9196923052	-5.57813501358	-46.5437507629	-9.54590034485	0.458495267602	1.0	13.0600004196	13.2399997711	0.0	13.0600004196	0.998886320156	1.0	3
1.0	4290.68164062	10.0	1.0	990.168212891	3.0	1.0	28.2000007629	2.39316319377	-0.212823063135	-0.00997035671026	0.9770398736	36.746057326	9.18788900654	-3.6344499588	-47.0837478638	13.0680503845	0.995746617242	0.0	0.0	0.0	0.0	0.0	0.910829852053	1.0	3
1.0	3487.99389648	11.0	3.0	1752.10424805	5.0	3.0	24.2787998468	0.0	-0.999276459217	-0.0343800634146	-0.0162638220936	26.1028927614	23.9321806422	-6.5361700058	-56.7034988403	2.48558521271	0.116702352281	4.0	4.34000015259	31.1052005291	1.0	18.6800003052	0.982460445967	1.0	3
1.0	2484.02392578	2.0	0.0	1134.64013672	3.0	0.0	0.0	10.0	0.0	0.0	0.0	0.0	0.0	0.0	0.0	0.0	2.0	0.0	0.0	0.0	0.0	0.0	3.32853558443e-09	1.0	3
1.0	1602.17407227	7.0	1.0	1019.24078369	2.0	1.0	16.7999992371	3.06457993857	-0.725819706917	-0.259092032909	0.637226045132	3.55651511284	28.2147313406	-7.01518011093	-36.8648529053	24.7721004486	0.987909120489	0.0	0.0	0.0	0.0	0.0	0.984810248266	1.0	3
1.0	1524.17700195	4.0	1.0	1862.42114258	4.0	2.0	25.6800003052	1.69669092631	-0.407722473145	0.651082396507	-0.640198469162	20.9794725476	35.3551755194	-1.65565502644	-37.0463485718	8.80457496643	0.93795437198	0.0	0.0	0.0	0.0	0.0	0.299868773333	1.0	3
1.0	3193.53979492	8.0	3.0	1542.34887695	5.0	2.0	88.4200005531	0.0	0.999279379845	0.0342924408615	0.0162727702409	27.5302791394	1.13442729334	-5.57813501358	-46.5437507629	-9.54590034485	0.458495267602	2.0	4.38000011444	19.8599996567	0.0	13.0600004196	0.995778068096	1.0	3
1.0	4302.22949219	8.0	2.0	945.438964844	4.0	1.0	43.9800004959	0.0	0.999280333519	0.0342891067266	0.0162198189646	2.86657320002	34.0473976614	-3.04507493973	-34.8061523438	20.2051010132	0.915441814822	1.0	8.43999958038	7.40000009537	1.0	8.43999958038	0.971168189306	1.0	3
1.0	1598.50292969	1.0	0.0	694.124511719	1.0	0.0	0.0	10.0	0.0	0.0	0.0	0.0	0.0	0.0	0.0	0.0	2.0	0.0	0.0	0.0	0.0	0.0	3.32853558443e-09	0.0	3
1.0	7008.00585938	11.0	1.0	1265.12744141	3.0	1.0	50.7999992371	3.14655999555	-0.458352327347	-0.0173018574715	0.888602137566	26.7931981162	8.0213690693	-5.70526504517	-44.6189498901	12.0743503571	0.986339523017	0.0	0.0	0.0	0.0	0.0	0.999859499958	1.0	3
1.0	5518.70263672	12.0	2.0	655.976989746	2.0	1.0	50.2399997711	0.0	-0.00328778359108	-0.994232773781	0.107193231583	1.47735335316	16.6910683012	-8.08221054077	-36.0249481201	19.9921989441	0.913678539794	1.0	10.5399999619	10.0200004578	0.0	10.5399999619	0.999193245292	1.0	3
1.0	7925.10791016	14.0	2.0	816.053955078	3.0	3.0	38.6599998474	3.14655999555	-0.458352327347	-0.0173018574715	0.888602137566	19.7875906093	8.0213690693	-5.70526504517	-44.6189498901	12.0743503571	0.986339523017	0.0	0.0	0.0	0.0	0.0	0.999998687239	1.0	3
1.0	3279.04614258	8.0	1.0	1060.3894043	3.0	1.0	50.7999992371	3.14655999555	-0.458352327347	-0.0173018574715	0.888602137566	22.2558395178	8.0213690693	-5.70526504517	-44.6189498901	12.0743503571	0.986339523017	0.0	0.0	0.0	0.0	0.0	0.964792231788	1.0	3
1.0	4748.94775391	7.0	2.0	838.757995605	3.0	2.0	87.6999988556	0.0	-0.00328778359108	-0.994232773781	0.107193231583	1.47735335316	16.6910683012	-8.08221054077	-36.0249481201	19.9921989441	0.913678539794	2.0	8.42000007629	17.4400005341	0.0	10.5399999619	0.999708108247	1.0	3
1.0	3840.92529297	4.0	1.0	1060.3894043	3.0	1.0	50.7999992371	3.14655999555	-0.458352327347	-0.0173018574715	0.888602137566	24.9053161687	8.0213690693	-5.70526504517	-44.6189498901	12.0743503571	0.986339523017	0.0	0.0	0.0	0.0	0.0	0.994321804167	1.0	3
1.0	3209.60986328	7.0	1.0	672.870544434	3.0	1.0	31.3999996185	3.14655999555	-0.458352327347	-0.0173018574715	0.888602137566	24.9053161687	8.0213690693	-5.70526504517	-44.6189498901	12.0743503571	0.986339523017	0.0	0.0	0.0	0.0	0.0	0.988104160621	1.0	3
1.0	639.229553223	2.0	1.0	472.037994385	2.0	1.0	18.8400001526	0.0	-0.00328778359108	-0.994232773781	0.107193231583	25.7362380383	2.65729245473	-8.08221054077	-36.0249481201	19.9921989441	0.913678539794	1.0	10.5399999619	10.0200004578	0.0	10.5399999619	0.53694460433	1.0	3
1.0	4748.94775391	7.0	2.0	632.570007324	2.0	2.0	87.6999988556	0.0	-0.00328778359108	-0.994232773781	0.107193231583	1.47735335316	16.6910683012	-8.08221054077	-36.0249481201	19.9921989441	0.913678539794	2.0	8.42000007629	17.4400005341	0.0	10.5399999619	0.999246677648	1.0	3
1.0	1399.06347656	1.0	1.0	1225.94995117	1.0	1.0	7.78000020981	3.8820355442	-0.373704731464	0.115160770714	0.920370995998	2.73051163943	13.7874452144	-5.86212968826	-18.619550705	16.7331962585	0.98006792887	0.0	0.0	0.0	0.0	0.0	-1.0	0.0	3
1.0	5358.19140625	8.0	2.0	2885.62353516	4.0	3.0	54.3400001526	0.0	0.0535698272288	0.956509947777	-0.286738485098	61.717188686	27.0165072905	-1.56633996964	-11.1334991455	5.94555473328	0.898088146557	4.0	11.2600002289	26.1813126951	2.0	15.1400003433	0.992875448439	1.0	3
1.0	6909.44873047	16.0	2.0	1468.96838379	5.0	2.0	50.3999986649	0.0	0.0535511821508	0.956510901451	-0.286738932133	45.6755806027	33.0692239868	-1.58168005943	-28.2541999817	8.46949577332	0.813910806792	1.0	5.40000009537	5.17999982834	0.0	5.40000009537	0.999753210446	1.0	3
1.0	3817.44165039	15.0	1.0	2582.18969727	3.0	1.0	8.52000045776	2.91694706977	0.0772336125374	0.370084494352	0.92578202486	45.9799003743	34.8851572711	-1.88149499893	-29.3149490356	4.37694549561	0.139315204853	0.0	0.0	0.0	0.0	0.0	0.979680356639	1.0	3
1.0	1121.07495117	5.0	2.0	2443.54101562	5.0	3.0	67.9800014496	2.58142793795	-0.178430229425	0.446220964193	-0.876954674721	0.0	26.9964577895	-0.958413481712	-29.2272491455	11.2374000549	0.859844053075	0.0	0.0	0.0	0.0	0.0	0.0263610883215	1.0	3
1.0	4830.85009766	8.0	3.0	2446.18334961	5.0	3.0	136.959999084	0.0	0.0535698272288	0.956509947777	-0.286738485098	61.717188686	20.9772912776	-1.56633996964	-11.1334991455	5.94555473328	0.898088146557	1.0	5.40000009537	5.17999982834	1.0	14.1599998474	0.995362712607	1.0	3
1.0	2574.17895508	10.0	3.0	2350.96484375	4.0	2.0	90.92000103	0.0	0.0535698272288	0.956509947777	-0.286738485098	20.7368834541	20.9772912776	-1.56633996964	-11.1334991455	5.94555473328	0.898088146557	0.0	0.0	0.0	1.0	14.1599998474	0.982627742853	1.0	3
1.0	3882.04663086	7.0	3.0	2856.8828125	4.0	2.0	73.9800014496	0.0	0.0535511821508	0.956510901451	-0.286738932133	45.6755806027	32.3275399688	-1.58168005943	-28.2541999817	8.46949577332	0.813910806792	1.0	5.40000009537	5.17999982834	0.0	5.40000009537	0.98322283711	1.0	3
1.0	3435.74804688	5.0	0.0	2786.74853516	3.0	0.0	0.0	10.0	0.0	0.0	0.0	0.0	0.0	0.0	0.0	0.0	2.0	0.0	0.0	0.0	0.0	0.0	3.32853558443e-09	1.0	3
1.0	4926.06835938	9.0	4.0	2116.27197266	3.0	2.0	96.92000103	0.0	0.0535698272288	0.956509947777	-0.286738485098	61.717188686	20.9772912776	-1.56633996964	-11.1334991455	5.94555473328	0.898088146557	1.0	5.40000009537	5.17999982834	1.0	14.1599998474	0.996763539542	1.0	3
1.0	1659.17102051	1.0	0.0	794.513977051	1.0	0.0	0.0	10.0	0.0	0.0	0.0	0.0	0.0	0.0	0.0	0.0	2.0	0.0	0.0	0.0	0.0	0.0	3.32853558443e-09	0.0	3
1.0	8909.44726562	14.0	5.0	3300.0925293	6.0	5.0	169.580000162	0.0	0.999265313148	-0.030985686928	-0.0225540082902	21.9656567969	0.0	-3.71894979477	-51.9152526855	-9.40357494354	0.661757544313	6.0	2.07999992371	42.3199995756	1.0	2.07999992371	0.999999909418	1.0	3
1.0	2014.68884277	4.0	1.0	1633.26379395	5.0	2.0	18.1599998474	1.33166812187	-0.00385719840415	0.423784434795	-0.905754864216	7.73145019485	27.4675063666	-2.18955993652	-57.2222518921	-1.90838992596	0.129985974531	0.0	0.0	0.0	0.0	0.0	0.499348237416	1.0	3
1.0	10031.5644531	13.0	1.0	2864.88208008	5.0	3.0	69.0400009155	0.0	0.999265432358	-0.0309896487743	-0.0225446205586	21.550716073	22.3936111732	-2.55196523666	-56.8353500366	4.72593021393	0.00866065826337	1.0	7.38000011444	7.34000015259	0.0	7.38000011444	0.999999998519	1.0	3
1.0	1229.79003906	1.0	1.0	429.381011963	1.0	1.0	11.5	0.0	0.999265193939	-0.0309896487743	-0.0225542280823	2.70959492387	2.73235228841	-4.27965497971	-42.5060501099	-3.46755504608	0.24219302284	1.0	12.1599998474	11.7399997711	0.0	12.1599998474	0.125025873466	1.0	3
1.0	4952.56542969	7.0	5.0	3054.70043945	6.0	5.0	113.239998102	0.0	0.999265313148	-0.030985686928	-0.0225540082902	11.5498053778	35.0165260858	-3.71894979477	-51.9152526855	-9.40357494354	0.661757544313	4.0	2.07999992371	25.5599995852	2.0	3.25999999046	0.993108656422	1.0	3
1.0	4003.32714844	4.0	1.0	930.941955566	2.0	2.0	24.0199995041	2.76756210161	-0.29102820158	-0.800249397755	0.524312376976	26.7032700148	16.4091594809	-0.440244495869	-48.3544998169	15.1947498322	0.548739183682	0.0	0.0	0.0	0.0	0.0	0.828259777645	1.0	3
1.0	4786.22265625	6.0	4.0	2311.99707031	6.0	3.0	66.2600002289	0.0	0.0335590280592	0.986685574055	-0.159139588475	41.8315836182	26.7446790836	-3.82268500328	-23.2671012878	8.29358005524	0.963066852018	2.0	6.61999988556	20.9800004959	0.0	9.38000011444	0.989501746266	1.0	3
1.0	3275.97387695	5.0	1.0	1156.11889648	2.0	1.0	20.0799999237	0.0	0.0335590206087	0.986685395241	-0.159140571952	52.2340436072	24.0228473704	-4.66602516174	-18.3571014404	9.01539039612	0.746436837297	1.0	5.15999984741	4.11999988556	0.0	5.15999984741	0.809452108899	1.0	3
1.0	5606.36572266	7.0	3.0	2453.58740234	5.0	4.0	106.400000811	0.0	0.999265313148	-0.030985686928	-0.0225540082902	11.5498053778	35.0165260858	-3.71894979477	-51.9152526855	-9.40357494354	0.661757544313	4.0	2.07999992371	21.5399998426	1.0	2.07999992371	0.999126098301	1.0	3
1.0	3215.26196289	2.0	1.0	1031.92480469	1.0	1.0	23.8199996948	3.27051976801	-0.741502702236	0.131465479732	0.657944202423	56.3748787481	22.1080223483	-5.4853849411	-30.9092998505	21.0647010803	0.741530812293	0.0	0.0	0.0	0.0	0.0	-1.0	0.0	3
1.0	6368.40966797	9.0	3.0	2238.77734375	9.0	2.0	35.4599997997	2.37373549278	0.0289744455367	-0.141854703426	0.989463329315	40.1575744857	31.9870061306	-2.23045992851	-37.6368484497	-6.72837495804	0.271923321241	4.0	6.30000019073	33.5400004387	1.0	6.30000019073	0.999995819088	1.0	3
1.0	4769.39648438	9.0	3.0	1240.55114746	3.0	2.0	23.8199996948	3.27051976801	-0.741502702236	0.131465479732	0.657944202423	56.3748787481	22.1080223483	-5.4853849411	-30.9092998505	21.0647010803	0.741530812293	2.0	6.30000019073	15.1199998856	0.0	15.8599996567	0.620056887974	1.0	3
1.0	5939.08300781	8.0	3.0	2042.29846191	8.0	1.0	35.4599997997	2.37373549278	0.0289744455367	-0.141854703426	0.989463329315	40.1575744857	31.9870061306	-2.23045992851	-37.6368484497	-6.72837495804	0.271923321241	0.0	0.0	0.0	0.0	0.0	0.999921957875	1.0	3
1.0	4964.984375	7.0	1.0	2081.68994141	5.0	3.0	106.319999456	0.979925514281	0.00764411501586	-0.965312719345	0.260984480381	44.4838585004	24.7373203916	-1.62608003616	-44.6054496765	13.9125995636	0.99940498148	0.0	0.0	0.0	0.0	0.0	0.999578178802	1.0	3
1.0	2373.00976562	9.0	0.0	1397.14904785	3.0	0.0	0.0	10.0	0.0	0.0	0.0	0.0	0.0	0.0	0.0	0.0	2.0	0.0	0.0	0.0	0.0	0.0	3.32853558443e-09	1.0	3
1.0	3522.93798828	4.0	1.0	1222.20483398	2.0	1.0	23.8199996948	3.27051976801	-0.741502702236	0.131465479732	0.657944202423	56.3748787481	22.1080223483	-5.4853849411	-30.9092998505	21.0647010803	0.741530812293	0.0	0.0	0.0	0.0	0.0	0.781064946413	1.0	3
1.0	3261.53491211	7.0	2.0	1516.44909668	7.0	1.0	19.7600002289	0.0	0.999440729618	0.0	-0.0334401763976	33.454515377	22.4672485796	-2.58355498314	-47.3059997559	-1.41802000999	0.875938829968	1.0	6.30000019073	6.67999982834	0.0	6.30000019073	0.999840965339	1.0	3
1.0	2879.25024414	7.0	1.0	1069.09375	5.0	1.0	53.1399993896	0.979925514281	0.00764411501586	-0.965312719345	0.260984480381	44.4838585004	24.7373203916	-1.62608003616	-44.6054496765	13.9125995636	0.99940498148	0.0	0.0	0.0	0.0	0.0	0.996916029271	1.0	3
