valid	volumeS1	connectedComponentsS1	connectedComponentsS1Rel	volumeS2	connectedComponentsS2	connectedComponentsS2Rel	corticalSize	distanceMin	direction_x	direction_y	direction_z	distanceToExtremity1	distanceToExtremity2	gravityCenter_x	gravityCenter_y	gravityCenter_z	corticalDotProduct	junctions	junctionDepthMin	junctionsSize	plisDePassage	plisDePassageDepthMax	Potential	Class	cycle
1.0	4813.97363281	1.0	1.0	206.085098267	1.0	1.0	33.2000007629	2.38259316357	-0.0675912797451	-0.99101048708	-0.115453988314	23.5468746437	0.979558603234	-78.2773513794	34.5378494263	-28.0886993408	0.673182114506	0.0	0.0	0.0	0.0	0.0	-1.0	0.0	1
1.0	11135.1757812	5.0	3.0	1784.24780273	6.0	5.0	72.5399997234	0.0	0.0584528110921	0.987324178219	-0.147561103106	47.8854019404	4.95373091318	-77.0301971436	33.482749939	-18.2447509766	0.284302472016	2.0	13.8199996948	43.5199995041	3.0	29.0400009155	0.997657734395	1.0	1
1.0	8550.53515625	5.0	2.0	4809.22705078	5.0	4.0	87.2400016785	1.72130471147	-0.0419187732041	-0.131147488952	-0.990476250648	26.9107367975	0.0	-73.9214019775	1.46091508865	-10.6658849716	0.643626972711	13.0	13.0200004578	238.696400762	2.0	43.7799987793	0.995445631012	1.0	1
1.0	9302.68066406	5.0	2.0	416.852905273	3.0	2.0	21.2800006866	2.38259316357	-0.0675912797451	-0.99101048708	-0.115453988314	38.3860303731	0.979558603234	-78.2773513794	34.5378494263	-28.0886993408	0.673182114506	0.0	0.0	0.0	1.0	16.5599994659	0.991281594758	1.0	1
1.0	1115.68432617	4.0	2.0	1557.44519043	2.0	2.0	0.0	10.0	0.0	0.0	0.0	0.0	0.0	0.0	0.0	0.0	2.0	2.0	13.0200004578	14.4399995804	0.0	14.5600004196	0.403809210563	1.0	1
1.0	8068.84716797	5.0	3.0	1623.05310059	3.0	3.0	34.0199992657	0.0	0.0584528110921	0.987324178219	-0.147561103106	43.4810494281	4.95373091318	-77.0301971436	33.482749939	-18.2447509766	0.284302472016	6.0	13.8199996948	164.520002365	3.0	43.7799987793	0.990622587582	1.0	1
1.0	561.539306641	4.0	2.0	1679.35327148	4.0	3.0	34.659999609	2.43961672696	0.434361755848	-0.581881046295	-0.687564015388	37.2346960815	19.9174213896	-73.5363998413	15.4915008545	-40.4666976929	0.517316909244	0.0	0.0	0.0	0.0	0.0	0.738821084028	1.0	1
1.0	7249.48681641	4.0	3.0	3054.95214844	5.0	5.0	91.2800004482	0.0	0.0584528110921	0.987324178219	-0.147561103106	47.8854019404	33.3848881847	-77.0301971436	33.482749939	-18.2447509766	0.284302472016	6.0	13.8199996948	188.589600563	4.0	42.5	0.994955405754	1.0	1
1.0	6296.75976562	3.0	1.0	3625.21435547	4.0	4.0	41.3600006104	1.72130471147	-0.0419187732041	-0.131147488952	-0.990476250648	26.9107367975	0.0	-73.9214019775	1.46091508865	-10.6658849716	0.643626972711	8.0	13.0200004578	194.769599915	3.0	43.7799987793	0.992681018567	1.0	1
1.0	4420.61523438	1.0	1.0	517.238037109	1.0	1.0	37.5799999237	0.0	0.995591461658	-0.0936337485909	0.00550808059052	37.2798311882	6.27831972429	-70.0059967041	22.7112007141	-24.9388008118	0.30101241642	1.0	8.56000041962	13.4799995422	1.0	8.56000041962	-1.0	0.0	1
1.0	6126.23291016	4.0	2.0	199.845001221	1.0	1.0	16.0600004196	0.0	-0.105040505528	-0.992555975914	-0.0616373382509	26.6951138774	2.25886688983	-70.0247497559	26.8826503754	-39.2749023438	0.835146732933	1.0	5.0	6.53999996185	1.0	5.0	0.991054512617	1.0	1
1.0	4535.41943359	2.0	2.0	402.434020996	1.0	1.0	48.5399999619	0.0	0.10493888706	0.992566823959	0.0616356544197	30.8439205114	4.34458034727	-69.3067016602	23.7434005737	-37.6343002319	0.0989796142117	3.0	8.56000041962	32.7199993134	3.0	11.6599998474	0.420452539276	1.0	1
1.0	9807.61132812	4.0	2.0	2072.33300781	4.0	3.0	55.740000248	0.0	0.995591461658	-0.0936337485909	0.00550808059052	37.2798311882	6.27831972429	-70.0059967041	22.7112007141	-24.9388008118	0.30101241642	5.0	5.0	59.9000005722	4.0	37.4399986267	0.999173880521	1.0	1
1.0	7238.05371094	2.0	2.0	2505.96166992	5.0	5.0	118.979999542	0.0	0.104936510324	0.992567062378	0.0616358891129	35.099793584	2.10324887008	-68.1974029541	5.43212509155	-11.3808002472	0.415777366925	13.0	2.11999988556	107.50599914	8.0	25.6200008392	0.99987620152	1.0	1
1.0	3999.90429688	3.0	2.0	501.231079102	2.0	2.0	3.75999999046	0.0	-0.995591640472	0.093631953001	-0.00550808152184	35.3088158252	1.05304306942	-69.8737030029	34.2997970581	-16.9365997314	0.787261283596	5.0	9.56000041962	39.6800003052	4.0	36.8199996948	0.978777097665	1.0	1
1.0	3913.40307617	2.0	0.0	1768.35791016	2.0	0.0	0.0	10.0	0.0	0.0	0.0	0.0	0.0	0.0	0.0	0.0	2.0	0.0	0.0	0.0	0.0	0.0	0.481181050881	1.0	1
1.0	5839.66210938	2.0	2.0	1976.05456543	5.0	5.0	50.3600006104	0.0	0.104936510324	0.992567062378	0.0616358891129	36.2661729145	2.10324887008	-68.1974029541	5.43212509155	-11.3808002472	0.415777366925	11.0	2.11999988556	72.345999293	7.0	29.8600006104	0.992749578268	1.0	1
1.0	6702.23681641	2.0	2.0	517.238037109	1.0	1.0	49.720000267	0.0	0.995591461658	-0.0936337485909	0.00550808059052	37.2798311882	6.27831972429	-70.0059967041	22.7112007141	-24.9388008118	0.30101241642	2.0	5.0	20.0199995041	2.0	8.56000041962	0.957769839647	1.0	1
1.0	4672.52441406	5.0	3.0	1727.45996094	3.0	3.0	27.220000267	0.0	0.995595037937	-0.0935955941677	0.00550810061395	24.470723093	2.06083610266	-69.7331008911	5.02674007416	-31.4840011597	0.74005891451	3.0	5.0	33.42000103	2.0	36.8199996948	0.999339694177	1.0	1
1.0	4821.01513672	1.0	1.0	463.337005615	1.0	1.0	27.0599994659	0.0	-0.999347567558	0.0346042104065	0.0103445192799	43.5555315276	2.09467190652	-73.9639511108	23.0277004242	-17.2645988464	0.0981885859016	2.0	7.98000001907	20.0199995041	2.0	15.1599998474	-1.0	0.0	1
1.0	11030.9746094	6.0	1.0	1352.28491211	3.0	3.0	41.759999752	0.0	0.0334168747067	0.98468875885	-0.17108874023	27.319377179	2.20827844722	-72.9555511475	37.8787002563	-25.2838497162	0.0547638181462	10.0	1.12000000477	142.2208004	3.0	43.6199989319	0.999792988439	1.0	1
1.0	3147.60522461	6.0	0.0	424.942077637	3.0	0.0	0.0	10.0	0.0	0.0	0.0	0.0	0.0	0.0	0.0	0.0	2.0	0.0	0.0	0.0	0.0	0.0	0.481181050881	1.0	1
1.0	10845.71875	7.0	3.0	1740.84411621	5.0	5.0	88.8999991417	0.0	-0.999347567558	0.0346042104065	0.0103445192799	43.5555315276	2.09467190652	-73.9639511108	23.0277004242	-17.2645988464	0.0981885859016	13.0	1.12000000477	179.520799637	6.0	43.6199989319	0.999882560298	1.0	1
1.0	4960.91210938	1.0	1.0	323.440002441	1.0	1.0	27.0599994659	0.0	-0.999347567558	0.0346042104065	0.0103445192799	43.5555315276	2.09467190652	-73.9639511108	23.0277004242	-17.2645988464	0.0981885859016	2.0	7.98000001907	24.0199995041	1.0	7.98000001907	0.150460432345	1.0	1
1.0	10175.0566406	2.0	1.0	1213.81591797	3.0	3.0	44.6799998283	0.0	0.0334237776697	0.984688520432	-0.171088695526	45.5258752259	5.58181289748	-72.7024536133	16.1819000244	-34.2061462402	0.408505529892	8.0	23.3199996948	116.240799665	2.0	43.6199989319	0.99986776675	1.0	1
1.0	7010.60302734	3.0	2.0	463.337005615	1.0	1.0	42.3799991608	0.0	-0.0334237776697	-0.984688520432	0.171088695526	44.4283594293	0.0	-72.7024536133	16.1819000244	-34.2061462402	0.408505529892	2.0	7.98000001907	20.0199995041	3.0	15.1599998474	0.73642693637	1.0	1
1.0	8963.12207031	1.0	1.0	923.896972656	2.0	2.0	11.4200000763	3.7803174595	0.127102762461	-0.607985973358	-0.783707797527	8.62427363146	0.0	-70.4709014893	49.1549987793	-40.8561019897	0.622241090982	6.0	23.3199996948	88.5607993603	1.0	43.6199989319	0.99983454901	1.0	1
1.0	5414.93115234	1.0	1.0	463.337005615	1.0	1.0	27.0599994659	0.0	-0.999347567558	0.0346042104065	0.0103445192799	43.5555315276	2.09467190652	-73.9639511108	23.0277004242	-17.2645988464	0.0981885859016	2.0	7.98000001907	20.0199995041	2.0	15.1599998474	0.54162015575	1.0	1
1.0	10118.6914062	2.0	1.0	1335.30004883	3.0	3.0	27.2600002289	2.94106271468	0.662281632423	0.537076532841	-0.522428810596	30.369891014	6.38426039142	-70.5104064941	33.4140014648	-44.4675521851	0.812126201854	11.0	14.8199996948	163.900799513	3.0	43.6199989319	0.99478003857	1.0	1
1.0	3908.37207031	1.0	1.0	591.731994629	1.0	1.0	31.2999992371	0.0	-0.998023033142	0.0332707054913	-0.0533201098442	31.3526701812	2.09660370911	-72.1598510742	18.4159507751	-19.9546508789	0.606800982927	1.0	12.3999996185	11.8400001526	0.0	12.3999996185	-1.0	0.0	1
1.0	9219.73242188	8.0	2.0	1872.49645996	5.0	4.0	45.8399991989	0.0	-0.998023033142	0.0332707054913	-0.0533201098442	31.3526701812	2.09660370911	-72.1598510742	18.4159507751	-19.9546508789	0.606800982927	9.0	12.3999996185	75.1188006401	1.0	33.8199996948	0.965034691435	1.0	1
1.0	9272.40039062	9.0	2.0	1748.83447266	3.0	2.0	42.6999993324	0.0	-0.998023033142	0.0332707054913	-0.0533201098442	43.255622253	2.09660370911	-72.1598510742	18.4159507751	-19.9546508789	0.606800982927	7.0	12.3999996185	65.8103991151	2.0	43.4399986267	0.94146449674	1.0	1
1.0	11508.6826172	8.0	1.0	969.484375	3.0	2.0	20.8600006104	0.0	0.0461935810745	0.993750572205	-0.101616881788	42.6518021241	0.0	-72.6329956055	25.3752994537	-16.3784999847	0.107789669214	14.0	12.6999998093	102.022000402	3.0	33.8199996948	0.998416126529	1.0	1
1.0	6323.93457031	2.0	1.0	707.712036133	2.0	2.0	0.0	10.0	0.0	0.0	0.0	0.0	0.0	0.0	0.0	0.0	2.0	9.0	23.7600002289	79.169198364	2.0	43.4399986267	0.901811459254	1.0	1
1.0	10361.984375	4.0	1.0	947.524047852	3.0	3.0	18.4600000381	0.0	0.0461861155927	0.99375128746	-0.101613201201	27.7097075801	3.64661663158	-71.4298019409	21.1441001892	-41.8415985107	0.803130529927	8.0	11.8400001526	85.9799995422	2.0	43.4399986267	0.980680497983	1.0	1
1.0	6329.30566406	3.0	3.0	983.867004395	2.0	2.0	51.5399990082	0.0	-0.998023033142	0.0332707054913	-0.0533201098442	31.3526701812	2.09660370911	-72.1598510742	18.4159507751	-19.9546508789	0.606800982927	5.0	11.8400001526	47.0924006701	2.0	31.2800006866	0.262643440489	1.0	1
1.0	9788.52832031	3.0	1.0	1467.78808594	3.0	3.0	58.5399999619	0.0	0.0461935810745	0.993750572205	-0.101616881788	27.6660289193	6.8201870415	-72.6329956055	25.3752994537	-16.3784999847	0.107789669214	6.0	12.3999996185	67.2399997711	2.0	43.4399986267	0.997916933299	1.0	1
1.0	4127.96533203	3.0	2.0	1615.81396484	2.0	2.0	45.8399991989	0.0	-0.998023033142	0.0332707054913	-0.0533201098442	31.3526701812	2.09660370911	-72.1598510742	18.4159507751	-19.9546508789	0.606800982927	3.0	12.3999996185	33.960000515	1.0	31.2800006866	0.167166377041	1.0	1
1.0	10455.1074219	5.0	3.0	983.867004395	2.0	2.0	51.5399990082	0.0	-0.998023033142	0.0332707054913	-0.0533201098442	31.3526701812	2.09660370911	-72.1598510742	18.4159507751	-19.9546508789	0.606800982927	10.0	11.8400001526	80.0016002357	2.0	31.2800006866	0.983134943854	1.0	1
1.0	4408.12548828	1.0	1.0	127.357002258	1.0	1.0	0.0	10.0	0.0	0.0	0.0	0.0	0.0	0.0	0.0	0.0	2.0	1.0	15.3599996567	13.7399997711	0.0	15.3599996567	-1.0	0.0	1
1.0	12991.2607422	8.0	2.0	2093.96899414	4.0	4.0	76.4199976921	0.0	-0.994935870171	0.0	0.100511498749	11.9803738805	12.2791738005	-60.3633003235	41.8712997437	-52.2038497925	0.322162774343	9.0	2.24000000954	91.0408007354	5.0	34.2599983215	0.99999245962	1.0	1
1.0	7408.18261719	10.0	6.0	2996.03100586	3.0	2.0	95.0799999237	0.0	-0.99493509531	0.0	0.100519500673	44.2824470726	1.81851679233	-71.5831451416	12.3661003113	-10.096950531	0.905171504444	10.0	4.48000001907	95.9280001372	3.0	39.0400009155	0.999064116487	1.0	1
1.0	12944.5986328	8.0	2.0	2140.63110352	5.0	5.0	76.4199976921	0.0	-0.994935870171	0.0	0.100511498749	11.9803738805	12.2791738005	-60.3633003235	41.8712997437	-52.2038497925	0.322162774343	10.0	2.24000000954	100.800800964	5.0	34.2599983215	0.999974394135	1.0	1
1.0	5436.20507812	1.0	1.0	127.357002258	1.0	1.0	0.0	10.0	0.0	0.0	0.0	0.0	0.0	0.0	0.0	0.0	2.0	1.0	15.3599996567	13.7399997711	0.0	15.3599996567	0.0741313073984	1.0	1
1.0	7818.27929688	6.0	5.0	2343.43505859	2.0	2.0	40.1199996471	0.0	-0.99493509531	0.0	0.100519500673	44.2824470726	1.81851679233	-71.5831451416	12.3661003113	-10.096950531	0.905171504444	13.0	10.5399999619	181.673199892	3.0	39.0400009155	0.99678900268	1.0	1
1.0	10552.3730469	5.0	1.0	1814.40612793	3.0	3.0	55.8799986839	0.0	-0.00609921431169	0.998385071754	-0.0564806014299	34.7403967802	5.47031460523	-62.8505020142	19.1151504517	-49.1417999268	0.956052994383	8.0	2.24000000954	81.8808008879	4.0	34.2599983215	0.999733602726	1.0	1
1.0	6193.625	7.0	4.0	2297.81494141	1.0	1.0	29.4999997616	0.0	0.0060954624787	-0.998385310173	0.0564768612385	50.7034791205	8.52452550392	-73.6203994751	18.8117485046	-13.2813997269	0.764780897777	5.0	4.48000001907	60.6599988937	2.0	39.0400009155	0.994636252396	1.0	1
1.0	10979.0117188	4.0	2.0	1636.12731934	3.0	3.0	44.7600007057	2.3515059252	0.117367655039	-0.591230988503	-0.797916531563	35.2011070655	26.5296659995	-73.8879013062	31.1400489807	-31.3359985352	0.728941840941	1.0	15.3599996567	13.7399997711	0.0	15.3599996567	0.999913048432	1.0	1
1.0	10113.4394531	8.0	2.0	1814.40612793	3.0	3.0	51.9199986458	0.0	-0.00609921431169	0.998385071754	-0.0564806014299	34.7403967802	5.47031460523	-62.8505020142	19.1151504517	-49.1417999268	0.956052994383	6.0	2.24000000954	66.0480012149	4.0	34.2599983215	0.999889470628	1.0	1
1.0	4155.44677734	1.0	1.0	387.114990234	1.0	1.0	22.2999992371	0.0	-0.0429188087583	-0.985950827599	0.161427766085	13.7877422768	3.08009419444	-73.0316009521	27.2741508484	-29.373550415	0.0941472176939	1.0	10.9200000763	9.77999973297	1.0	10.9200000763	-1.0	0.0	1
1.0	10734.9082031	8.0	3.0	921.651611328	3.0	2.0	42.6799993515	0.0	-0.0429954044521	-0.985961258411	0.161343812943	29.4862459604	1.20239395992	-69.0833511353	22.3681488037	-45.3925018311	0.108711849834	5.0	2.98000001907	33.4199997187	3.0	23.9200000763	0.999877234314	1.0	1
1.0	5003.95800781	2.0	1.0	387.114990234	1.0	1.0	22.2999992371	0.0	-0.0429188087583	-0.985950827599	0.161427766085	13.7877422768	3.08009419444	-73.0316009521	27.2741508484	-29.373550415	0.0941472176939	1.0	10.9200000763	9.77999973297	1.0	10.9200000763	0.0394570554746	1.0	1
1.0	9220.87109375	11.0	3.0	1418.62060547	5.0	3.0	34.1999998093	0.0	0.0429944135249	0.98594981432	-0.161413833499	12.2859134115	9.92804238598	-63.259552002	37.8605995178	-54.3269500732	0.128530100192	6.0	2.98000001907	46.5600010157	1.0	2.98000001907	0.999937247869	1.0	1
1.0	9506.20898438	4.0	1.0	466.125610352	4.0	4.0	29.9799995422	1.9620270153	0.0190165322274	-0.143769532442	-0.989428460598	38.3218531015	1.20238636246	-68.1253967285	3.12566995621	-14.2460002899	0.720221548272	4.0	23.9200000763	46.6399998665	2.0	34.7200012207	0.99897908302	1.0	1
1.0	6892.015625	6.0	2.0	659.341674805	2.0	2.0	12.5600004196	2.11330550598	0.04561214149	0.713742434978	-0.698921501637	46.8061494997	2.98117410872	-70.1506500244	6.79914474487	-27.2460002899	0.761357106156	4.0	15.6000003815	78.0148010254	1.0	20.9599990845	0.995491597805	1.0	1
1.0	4014.45703125	1.0	1.0	528.104980469	2.0	2.0	22.2999992371	0.0	-0.0429188087583	-0.985950827599	0.161427766085	13.7877422768	3.08009419444	-73.0316009521	27.2741508484	-29.373550415	0.0941472176939	2.0	10.9200000763	30.279999733	2.0	34.7200012207	0.329385203189	1.0	1
1.0	6181.85058594	7.0	2.0	683.7109375	4.0	2.0	8.64000034332	2.11330550598	-0.04561214149	-0.713742434978	0.698921501637	43.4328335157	0.0	-70.1506500244	6.79914474487	-27.2460002899	0.761357106156	2.0	24.7999992371	25.3000001907	0.0	34.9399986267	0.996345976896	1.0	1
1.0	10626.859375	6.0	3.0	472.518890381	2.0	2.0	67.0599994659	0.0	-0.0429954044521	-0.985961258411	0.161343812943	29.4862459604	1.20239395992	-69.0833511353	22.3681488037	-45.3925018311	0.108711849834	2.0	2.98000001907	11.5599997044	2.0	10.9200000763	0.999810479349	1.0	1
1.0	7662.39111328	3.0	3.0	985.42199707	4.0	4.0	42.6799993515	0.0	-0.0429954044521	-0.985961258411	0.161343812943	29.4862459604	1.20239395992	-69.0833511353	22.3681488037	-45.3925018311	0.108711849834	10.0	2.98000001907	116.639999986	6.0	36.3199996948	0.999302849233	1.0	1
1.0	3303.62524414	1.0	1.0	558.570007324	1.0	1.0	22.7600002289	0.0	-0.00382817536592	-0.980662465096	0.195669338107	13.4309147146	2.26132801303	-70.1427993774	28.5963497162	-31.4784011841	0.27641920215	3.0	13.9600000381	36.8600001335	0.0	17.8999996185	-1.0	0.0	1
1.0	13675.2285156	7.0	4.0	3243.6706543	5.0	4.0	96.5200004578	0.0	-0.999825656414	0.0	-0.0186732020229	41.3993544419	1.08818717222	-64.6177978516	1.96524000168	-7.42306995392	0.916276793783	26.0	5.21999979019	231.415265018	1.0	9.03999996185	0.977050289931	1.0	1
1.0	3501.94287109	2.0	1.0	224.277999878	1.0	1.0	0.0	10.0	0.0	0.0	0.0	0.0	0.0	0.0	0.0	0.0	2.0	4.0	15.2399997711	16.6119998693	0.0	24.0599994659	0.322096651236	1.0	1
1.0	14593.3544922	7.0	4.0	2950.25683594	5.0	4.0	122.320000648	0.0	-0.999825656414	0.0	-0.0186732020229	41.3993544419	1.08818717222	-64.6177978516	1.96524000168	-7.42306995392	0.472343167933	27.0	5.21999979019	289.097951322	1.0	9.03999996185	0.987086248672	1.0	1
1.0	3473.31323242	2.0	1.0	558.570007324	1.0	1.0	22.7600002289	0.0	-0.00382817536592	-0.980662465096	0.195669338107	13.4309147146	2.26132801303	-70.1427993774	28.5963497162	-31.4784011841	0.27641920215	3.0	13.9600000381	36.8600001335	0.0	17.8999996185	0.195215765815	1.0	1
1.0	1201.3347168	2.0	1.0	1611.58813477	1.0	1.0	15.8000001907	0.0	0.00382817536592	0.980662465096	-0.195669338107	15.6096713394	11.010125661	-70.1427993774	28.5963497162	-31.4784011841	0.621592900755	4.0	5.21999979019	44.2400003672	0.0	14.7399997711	0.306253828441	1.0	1
1.0	12933.5917969	3.0	2.0	1106.00939941	2.0	2.0	33.7399997711	0.0	-0.999824225903	0.0	-0.0187475364655	36.2038123837	0.0	-70.9017028809	24.9615001678	-20.2838001251	0.0614734365675	23.0	5.21999979019	224.741263115	0.0	40.7000007629	0.984889524793	1.0	1
1.0	2046.43579102	2.0	1.0	835.188476562	1.0	1.0	15.8800001144	0.0	0.00382817536592	0.980662465096	-0.195669338107	15.6096713394	1.14256834179	-70.1427993774	28.5963497162	-31.4784011841	0.621592900755	3.0	13.9600000381	49.9800004959	0.0	30.9200000763	0.0701971039867	1.0	1
1.0	12414.0507812	3.0	3.0	3090.87304688	2.0	2.0	146.559999943	0.0	-0.999825656414	0.0	-0.0186732020229	41.3993544419	1.08818717222	-64.6177978516	1.96524000168	-7.42306995392	0.916276793783	34.0	5.21999979019	305.982688999	1.0	9.03999996185	0.990816641177	1.0	1
1.0	5528.82470703	1.0	1.0	333.915008545	1.0	1.0	13.0400002003	0.0	-0.0265279486775	-0.97008305788	0.241319656372	28.0328287902	3.9628443408	-72.9805984497	31.5992012024	-27.5555496216	0.0663311360974	1.0	13.1999998093	14.3199996948	1.0	13.1999998093	-1.0	0.0	1
1.0	13017.1933594	10.0	2.0	1654.02050781	4.0	4.0	37.840000391	0.0	-0.0265279486775	-0.97008305788	0.241319656372	36.7820542721	3.9628443408	-72.9805984497	31.5992012024	-27.5555496216	0.0663311360974	17.0	7.76000022888	160.307199121	5.0	30.2800006866	0.999999294785	1.0	1
1.0	4559.80517578	4.0	1.0	599.365783691	3.0	3.0	10.6800003052	0.0	-0.0265279486775	-0.97008305788	0.241319656372	17.0414644564	3.9628443408	-72.9805984497	31.5992012024	-27.5555496216	0.0663311360974	6.0	13.1999998093	47.2271991968	4.0	27.2399997711	0.50820214569	1.0	1
1.0	13703.4619141	10.0	2.0	530.009399414	4.0	4.0	25.1199994087	0.0	-0.0265206452459	-0.97008317709	0.241319909692	53.5068564444	3.50166695291	-71.2971954346	9.21944046021	-12.3613500595	0.3073309307	12.0	8.64000034332	98.9471992254	5.0	27.2399997711	0.999999032314	1.0	1
1.0	9650.53125	3.0	2.0	333.915008545	1.0	1.0	21.1600000858	0.0	-0.0265279486775	-0.97008305788	0.241319656372	35.6724764494	3.9628443408	-72.9805984497	31.5992012024	-27.5555496216	0.0663311360974	1.0	13.1999998093	14.3199996948	1.0	13.1999998093	0.997035461838	1.0	1
1.0	10263.9794922	3.0	2.0	577.12677002	4.0	4.0	36.7600002289	0.0	0.026521243155	0.970105946064	-0.241228193045	27.9811842388	10.615086679	-68.4546051025	27.1693992615	-48.3950996399	0.907549799948	12.0	7.76000022888	103.74720037	4.0	16.5599994659	0.999990899206	1.0	1
1.0	7042.01660156	2.0	1.0	439.753997803	2.0	2.0	13.0400002003	0.0	-0.0265279486775	-0.97008305788	0.241319656372	35.6724764494	3.9628443408	-72.9805984497	31.5992012024	-27.5555496216	0.0663311360974	2.0	13.1999998093	24.1599998474	2.0	16.5599994659	0.946760523713	1.0	1
1.0	6938.39160156	7.0	4.0	839.669006348	2.0	2.0	33.8000011444	1.44258792893	-0.0265243332833	-0.970082998276	0.241320103407	9.93839919923	1.80641878885	-67.0610046387	45.202999115	-50.9051971436	0.693647827759	6.0	10.6000003815	56.6000001431	0.0	27.2399997711	0.9989388471	1.0	1
1.0	4912.79736328	3.0	2.0	1994.54772949	5.0	4.0	22.7999994755	0.0	-0.993508219719	0.0	-0.113760091364	41.3284717677	24.9858003574	-71.5593490601	26.220500946	-35.4020004272	0.851002994653	7.0	7.76000022888	68.0400002003	0.0	17.9599990845	0.927662042785	1.0	1
1.0	8407.6640625	1.0	1.0	956.68572998	2.0	2.0	29.7200005054	0.0	-0.0265279486775	-0.97008305788	0.241319656372	28.0328287902	3.9628443408	-72.9805984497	31.5992012024	-27.5555496216	0.0663311360974	3.0	11.279999733	34.7999992371	2.0	13.1999998093	0.982551918203	1.0	1
1.0	12130.9619141	8.0	2.0	626.125976562	3.0	3.0	18.4200000763	0.0	-0.982122719288	0.129118621349	0.136979356408	42.0669314276	1.77690287753	-73.6480560303	33.3087005615	-30.2496490479	0.921432315332	13.0	9.64000034332	156.469200058	7.0	29.3600006104	0.99999687169	1.0	1
1.0	11350.890625	5.0	3.0	946.29119873	3.0	3.0	42.539999485	0.0	0.0849881470203	0.953447639942	-0.28933468461	46.6950590364	2.04262896861	-70.1999053955	2.93482494354	-32.8563499451	0.807622334897	11.0	13.2399997711	122.149200363	6.0	29.3600006104	0.999989966617	1.0	1
1.0	4466.44726562	1.0	1.0	46.956199646	1.0	1.0	0.0	10.0	0.0	0.0	0.0	0.0	0.0	0.0	0.0	0.0	2.0	2.0	15.1999998093	13.5199995041	0.0	17.1599998474	0.446149914189	1.0	1
1.0	10507.2167969	3.0	3.0	953.787963867	3.0	3.0	63.3431999683	0.0	0.982122719288	-0.129118621349	-0.136979356408	42.7291551162	1.43308340552	-73.6480560303	33.3087005615	-30.2496490479	0.701182915402	8.0	9.64000034332	95.2399997711	3.0	19.5400009155	0.999955179031	1.0	1
1.0	4405.65332031	1.0	1.0	358.107208252	1.0	1.0	12.9432003498	0.0	-0.982109189034	0.129118740559	0.137076124549	22.9201608302	0.0	-74.3487548828	30.7215995789	-17.115398407	0.673750325417	5.0	10.2399997711	65.0599994659	2.0	14.720000267	0.768598829284	1.0	1
1.0	10223.8886719	4.0	3.0	1493.71118164	5.0	5.0	53.2199997902	0.0	-0.0849857032299	-0.953450381756	0.289326369762	37.9787891425	2.48625596424	-73.2124938965	36.8768005371	-34.4197502136	0.958067875293	19.0	9.64000034332	208.429198904	10.0	29.3600006104	0.999998253213	1.0	1
1.0	10052.2275391	4.0	1.0	437.352996826	2.0	2.0	0.0	10.0	0.0	0.0	0.0	0.0	0.0	0.0	0.0	0.0	2.0	8.0	11.1199998856	76.7600007057	4.0	29.3600006104	0.999672782255	1.0	1
1.0	3772.95092773	1.0	1.0	607.82598877	1.0	1.0	31.7600002289	0.0	-0.0412674434483	-0.994542837143	0.0958203524351	12.8011723249	3.07854331431	-72.0374984741	24.0942497253	-31.0771503448	0.606263631385	1.0	4.78000020981	4.69999980927	1.0	4.78000020981	-1.0	0.0	1
1.0	10482.7148438	10.0	1.0	841.043395996	2.0	2.0	37.1400003433	0.0	-0.0412674434483	-0.994542837143	0.0958203524351	39.818533993	3.07854331431	-72.0374984741	24.0942497253	-31.0771503448	0.606263631385	7.0	4.78000020981	63.279999733	6.0	30.6599998474	0.998392298047	1.0	1
1.0	7645.69091797	10.0	1.0	1111.80700684	4.0	4.0	57.0939998627	0.0	0.0412678718567	0.994553208351	-0.0957124903798	52.8988221176	9.02268346748	-70.9554977417	19.7390499115	-16.6513004303	0.334819204282	5.0	4.78000020981	70.3400001526	4.0	39.3800010681	0.992169403499	1.0	1
1.0	11350.6376953	9.0	1.0	937.982910156	4.0	3.0	47.375200212	0.0	-0.998190462589	0.0287193898112	-0.0528304427862	52.535612117	2.62500589012	-71.4481048584	18.2805500031	-17.9268493652	0.308744200862	7.0	4.78000020981	78.1799993515	5.0	30.2399997711	0.99985168607	1.0	1
1.0	4086.72192383	1.0	1.0	607.82598877	1.0	1.0	31.7600002289	0.0	-0.0412674434483	-0.994542837143	0.0958203524351	12.8011723249	3.07854331431	-72.0374984741	24.0942497253	-31.0771503448	0.606263631385	1.0	4.78000020981	4.69999980927	1.0	4.78000020981	0.0927866374916	1.0	1
1.0	4950.01904297	5.0	4.0	1181.16674805	4.0	4.0	21.4200000167	0.954496741084	0.0412678718567	0.994553208351	-0.0957124903798	52.8988221176	9.02268346748	-70.9554977417	19.7390499115	-16.6513004303	0.825503429899	3.0	22.2399997711	38.2199993134	1.0	35.9399986267	0.979194423798	1.0	1
1.0	7814.26611328	2.0	2.0	815.609008789	2.0	2.0	47.375200212	0.0	-0.998190462589	0.0287193898112	-0.0528304427862	52.535612117	2.62500589012	-71.4481048584	18.2805500031	-17.9268493652	0.308744200862	2.0	4.78000020981	30.279999733	2.0	24.2999992371	0.95817352918	1.0	1
1.0	7381.375	2.0	2.0	1414.38427734	4.0	4.0	56.7340001464	0.0	0.0412678718567	0.994553208351	-0.0957124903798	36.9182480111	9.02268346748	-70.9554977417	19.7390499115	-16.6513004303	0.334819204282	12.0	4.78000020981	142.819999695	11.0	39.3800010681	0.995267550423	1.0	1
1.0	2233.36083984	5.0	1.0	126.697998047	1.0	1.0	0.0	10.0	0.0	0.0	0.0	0.0	0.0	0.0	0.0	0.0	2.0	1.0	24.0400009155	7.61999988556	0.0	24.0400009155	0.493442391982	1.0	1
1.0	4828.953125	4.0	3.0	1091.84875488	3.0	3.0	13.5799999237	2.39660385568	0.125370800495	-0.93177562952	0.340699821711	47.3164603164	8.56766711654	-72.2400512695	24.7094497681	-17.9017486572	0.0419957611904	1.0	24.0400009155	7.61999988556	0.0	24.0400009155	0.993201098808	1.0	1
1.0	5481.59667969	1.0	1.0	607.88079834	1.0	1.0	21.5600004196	0.0	-0.999506771564	-0.0309935808182	-0.00506545975804	34.9628439069	1.73161049516	-68.5080032349	30.2080993652	-20.9944000244	0.0693687720608	3.0	3.94000005722	23.9399995804	1.0	14.5600004196	-1.0	0.0	1
1.0	12085.8447266	9.0	4.0	2818.22680664	4.0	3.0	121.56000185	0.0	-0.0289117712528	0.963102042675	-0.267578989267	43.4965560386	0.985875908864	-70.0199508667	30.9903488159	-19.7718009949	0.872526877968	20.0	3.3599998951	197.544396639	9.0	31.1000003815	0.999984153624	1.0	1
1.0	713.822021484	1.0	1.0	1864.57202148	2.0	1.0	12.0	0.0	-0.0289011839777	0.963109731674	-0.267552614212	6.01453751652	15.6395853698	-69.984954834	30.2835998535	-22.4957008362	0.553790104648	3.0	5.73999977112	38.333999157	0.0	23.3999996185	0.907631504637	1.0	1
1.0	13634.4248047	9.0	4.0	2384.05078125	6.0	5.0	83.0596002005	0.0	-0.999506771564	-0.0309935808182	-0.00506545975804	42.1236832122	1.73161049516	-68.5080032349	30.2080993652	-20.9944000244	0.0693687720608	25.0	2.96000003815	196.719998494	11.0	17.1200008392	0.999999781664	1.0	1
1.0	10409.0673828	6.0	4.0	1360.10083008	4.0	4.0	91.0999999046	0.0	-0.0289028137922	0.963133394718	-0.267467111349	27.2385339602	0.0	-64.0838470459	-1.84848499298	-13.5030498505	0.927362469999	10.0	3.11999988556	86.7751982212	4.0	14.8400001526	0.999714703568	1.0	1
1.0	571.794799805	4.0	3.0	1047.48095703	4.0	3.0	0.0	10.0	0.0	0.0	0.0	0.0	0.0	0.0	0.0	0.0	2.0	3.0	3.11999988556	12.7400000095	2.0	10.0	0.977562951385	1.0	1
1.0	5798.82226562	1.0	1.0	607.88079834	1.0	1.0	21.5600004196	0.0	-0.999506771564	-0.0309935808182	-0.00506545975804	34.9628439069	1.73161049516	-68.5080032349	30.2080993652	-20.9944000244	0.0693687720608	3.0	3.94000005722	23.9399995804	1.0	14.5600004196	0.0114253031408	1.0	1
1.0	5523.21142578	8.0	4.0	1903.20776367	4.0	4.0	73.2199997902	0.0	-0.0289028137922	0.963133394718	-0.267467111349	27.4297578635	0.0	-64.0838470459	-1.84848499298	-13.5030498505	0.927362469999	1.0	5.07999992371	4.09999990463	2.0	11.7600002289	0.981901734622	1.0	1
1.0	3511.74169922	6.0	3.0	2478.39575195	6.0	5.0	70.8800010681	0.0	-0.0289117712528	0.963102042675	-0.267578989267	42.1560307585	13.7872766513	-70.0199508667	30.9903488159	-19.7718009949	0.872526877968	12.0	5.07999992371	123.213998795	1.0	12.6000003815	0.851765309292	1.0	1
1.0	4828.09082031	1.0	1.0	1060.38098145	4.0	3.0	0.0	10.0	0.0	0.0	0.0	0.0	0.0	0.0	0.0	0.0	2.0	10.0	3.11999988556	91.8967990875	4.0	16.1200008392	0.999593464929	1.0	1
1.0	3677.83959961	1.0	1.0	790.20916748	1.0	1.0	20.0415995121	0.0	0.997134804726	0.0	-0.0756454095244	21.5692303406	1.78556177868	-74.1090011597	23.252199173	-17.0863990784	0.0281407525467	2.0	2.75999999046	9.0600001812	2.0	6.80000019073	-1.0	0.0	1
1.0	9842.41992188	6.0	4.0	1071.90124512	5.0	4.0	60.8615993261	0.0	0.997134804726	0.0	-0.0756454095244	50.8725559333	1.78556177868	-74.1090011597	23.252199173	-17.0863990784	0.0281407525467	11.0	2.75999999046	70.1601518989	4.0	27.7800006866	0.990958023414	1.0	1
1.0	6409.24511719	4.0	2.0	323.440093994	1.0	1.0	28.7615993023	0.0	0.997134804726	0.0	-0.0756454095244	51.1841617337	1.78556177868	-74.1090011597	23.252199173	-17.0863990784	0.0281407525467	4.0	2.75999999046	28.1800000668	2.0	6.80000019073	0.570172768606	1.0	1
1.0	9328.24023438	5.0	2.0	239.621383667	4.0	3.0	62.6443994269	0.0	0.0130386389792	-0.976911365986	0.213246688247	38.6053167581	5.14799691899	-69.4609527588	18.0263996124	-38.7028503418	0.145859071465	3.0	8.31999969482	25.0199995041	1.0	8.31999969482	0.997442958376	1.0	1
1.0	6722.21386719	3.0	3.0	790.20916748	1.0	1.0	38.0259990916	0.0	0.997134804726	0.0	-0.0756454095244	37.6691204724	1.78556177868	-74.1090011597	23.252199173	-17.0863990784	0.0281407525467	4.0	2.75999999046	25.2200000286	2.0	6.80000019073	0.637476825641	1.0	1
1.0	8020.49023438	4.0	3.0	569.345153809	2.0	2.0	49.4459989294	0.0	0.997134804726	0.0	-0.0756454095244	34.7135095383	1.78556177868	-74.1090011597	23.252199173	-17.0863990784	0.0281407525467	6.0	2.75999999046	37.940000236	3.0	6.80000019073	0.968515354424	1.0	1
1.0	8150.80810547	4.0	3.0	485.93951416	3.0	3.0	34.0815995932	0.0	0.997134804726	0.0	-0.0756454095244	34.7135095383	1.78556177868	-74.1090011597	23.252199173	-17.0863990784	0.0281407525467	10.0	2.75999999046	70.2595992088	9.0	40.8800010681	0.985904888804	1.0	1
1.0	7483.41601562	4.0	2.0	220.863998413	1.0	1.0	20.4799995422	0.0	-0.0130321029574	0.976928770542	-0.213167384267	36.2023940319	1.83474829127	-70.2938537598	19.2090492249	-37.2983016968	0.826403598096	3.0	5.90000009537	20.4599999785	1.0	5.90000009537	0.989691257146	1.0	1
1.0	3096.48779297	4.0	2.0	823.054260254	3.0	2.0	19.8844001517	0.0	-0.997134685516	0.0	0.0756468474865	37.2562498029	22.6745713862	-68.903503418	17.8493003845	-37.1055984497	0.66456736785	2.0	8.65999984741	16.1599998474	0.0	8.65999984741	0.886502547054	1.0	1
1.0	7702.49707031	3.0	2.0	934.846130371	3.0	3.0	36.7059991583	0.0	0.997134804726	0.0	-0.0756454095244	34.7135095383	1.78556177868	-74.1090011597	23.252199173	-17.0863990784	0.0281407525467	12.0	2.75999999046	78.5801519752	5.0	38.8199996948	0.996288008085	1.0	1
1.0	4211.60302734	1.0	1.0	564.351989746	1.0	1.0	44.2200012207	1.24580092861	-0.0838856995106	-0.0815691947937	-0.993131220341	18.5552976859	1.52549324282	-73.3343963623	26.8522987366	-24.5495986938	0.0750604159261	0.0	0.0	0.0	0.0	0.0	-1.0	0.0	1
1.0	6392.32421875	5.0	2.0	1748.35375977	5.0	2.0	6.98000001907	3.673009689	0.143295094371	-0.955515086651	-0.257793277502	38.2350377023	4.677621278	-62.7862014771	34.7476501465	-57.8616485596	0.543261744233	5.0	23.3400001526	75.0599994659	4.0	39.2200012207	0.996757858433	1.0	1
1.0	3406.84960938	6.0	3.0	826.000671387	3.0	2.0	16.9000000954	0.0	0.00925242248923	-0.994022607803	0.108781434596	53.2428527026	1.89274519093	-68.5351486206	18.2406005859	-46.8287506104	0.476402891154	2.0	31.4599990845	29.8999996185	3.0	39.2200012207	0.357846520765	1.0	1
1.0	8709.32519531	4.0	1.0	1126.10998535	2.0	2.0	44.2200012207	1.24580092861	-0.0838856995106	-0.0815691947937	-0.993131220341	43.7162139742	1.52549324282	-73.3343963623	26.8522987366	-24.5495986938	0.0750604159261	11.0	17.3199996948	166.918399811	5.0	39.1800003052	0.988187021884	1.0	1
1.0	4447.07617188	1.0	1.0	673.942016602	2.0	2.0	44.2200012207	1.24580092861	-0.0838856995106	-0.0815691947937	-0.993131220341	18.5552976859	1.52549324282	-73.3343963623	26.8522987366	-24.5495986938	0.0750604159261	1.0	18.7800006866	16.2999992371	1.0	18.7800006866	0.467017848571	1.0	1
1.0	6009.49560547	3.0	3.0	1124.89001465	4.0	2.0	16.9000000954	0.0	0.00925242248923	-0.994022607803	0.108781434596	30.6789037672	19.4711592311	-68.5351486206	18.2406005859	-46.8287506104	0.476402891154	4.0	17.3199996948	53.6783995628	2.0	39.2200012207	0.996618406231	1.0	1
1.0	9193.25683594	3.0	3.0	1222.36499023	4.0	4.0	59.4400000572	0.0	0.994901537895	0.0	-0.10085092485	51.0612749983	5.81483601487	-73.2042541504	16.9957008362	-16.4157505035	0.925862973589	5.0	19.2800006866	104.519999504	5.0	39.5999984741	0.996858680435	1.0	1
1.0	507.700012207	1.0	0.0	723.073974609	2.0	0.0	0.0	10.0	0.0	0.0	0.0	0.0	0.0	0.0	0.0	0.0	2.0	0.0	0.0	0.0	0.0	0.0	0.481181050881	1.0	1
1.0	10498.7324219	3.0	3.0	640.552001953	2.0	2.0	48.5000004768	0.0	-0.00915775541216	0.994012892246	-0.108878366649	44.4634215143	6.50590073153	-72.9221954346	31.9869003296	-19.6686000824	0.049861313249	1.0	19.2800006866	21.4200000763	2.0	21.2199993134	0.999131457837	1.0	1
1.0	5251.54052734	1.0	1.0	494.430999756	1.0	1.0	25.9200000763	0.0	-0.99833470583	-0.0336548238993	0.0468527935445	40.1682549011	2.18213732333	-71.3923950195	24.5447502136	-20.8863487244	0.730184773624	1.0	5.03999996185	4.65999984741	1.0	5.03999996185	-1.0	0.0	1
1.0	11387.8730469	6.0	2.0	1565.2244873	4.0	4.0	61.1087999344	0.0	-0.0472540706396	0.972094237804	-0.229782238603	32.3698980297	3.60862288834	-64.9782562256	-1.14145648479	-5.30002498627	0.934078011542	13.0	5.03999996185	103.995999813	8.0	35.4399986267	0.999990737826	1.0	1
1.0	7927.88232422	9.0	4.0	417.236297607	3.0	3.0	10.4000000954	0.0	0.0472520031035	-0.972084879875	0.229822158813	37.6133164102	2.68821885554	-66.8019561768	27.3050003052	-49.2492523193	0.514707474812	10.0	11.8599996567	83.2916007042	5.0	30.2999992371	0.999748393703	1.0	1
1.0	8199.15625	2.0	1.0	319.669677734	3.0	3.0	22.448800087	0.0	-0.0472540706396	0.972094237804	-0.229782238603	20.97743274	3.60862288834	-64.9782562256	-1.14145648479	-5.30002498627	0.934078011542	4.0	9.72000026703	17.1275999546	1.0	22.9200000763	0.99922042011	1.0	1
1.0	7579.36572266	2.0	1.0	631.908996582	1.0	1.0	36.8400001526	0.0	-0.99833470583	-0.0336548238993	0.0468527935445	40.1682549011	2.18213732333	-71.3923950195	24.5447502136	-20.8863487244	0.730184773624	1.0	5.03999996185	4.65999984741	1.0	5.03999996185	0.984902681956	1.0	1
1.0	2669.79882812	3.0	3.0	818.684387207	4.0	3.0	0.0	10.0	0.0	0.0	0.0	0.0	0.0	0.0	0.0	0.0	2.0	4.0	11.2399997711	30.9759991169	0.0	31.6399993896	0.996522098868	1.0	1
1.0	10339.3115234	4.0	3.0	793.380004883	2.0	2.0	44.0	0.0	-0.99833470583	-0.0336548238993	0.0468527935445	40.7348313001	2.18213732333	-71.3923950195	24.5447502136	-20.8863487244	0.730184773624	8.0	5.03999996185	65.0315990448	4.0	30.2999992371	0.999859499599	1.0	1
1.0	937.609985352	1.0	0.0	44.0987014771	1.0	0.0	0.0	10.0	0.0	0.0	0.0	0.0	0.0	0.0	0.0	0.0	2.0	0.0	0.0	0.0	0.0	0.0	0.481181050881	1.0	1
1.0	9412.99804688	2.0	1.0	1219.70178223	5.0	4.0	25.9200000763	0.0	-0.99833470583	-0.0336548238993	0.0468527935445	40.7348313001	2.18213732333	-71.3923950195	24.5447502136	-20.8863487244	0.730184773624	16.0	5.03999996185	128.25159955	9.0	35.4399986267	0.999770368875	1.0	1
1.0	649.655761719	4.0	0.0	977.359008789	1.0	0.0	0.0	10.0	0.0	0.0	0.0	0.0	0.0	0.0	0.0	0.0	2.0	0.0	0.0	0.0	0.0	0.0	0.481181050881	0.0	1
1.0	12873.8359375	6.0	1.0	855.013183594	5.0	4.0	35.4799995422	0.0	0.106013216078	-0.937814891338	0.330551713705	28.2907218024	6.67475084557	-62.4405517578	22.0625	-54.4179496765	0.10878932199	12.0	9.81999969482	126.502801143	0.0	40.1800003052	0.991881544791	1.0	1
1.0	4645.96777344	9.0	2.0	1312.49304199	4.0	3.0	15.3400001526	1.66604023923	-0.300637423992	-0.941432595253	-0.152714774013	14.1314008013	2.69584109001	-59.1831512451	38.253200531	-55.3692474365	0.92924360874	2.0	22.9200000763	17.1200000048	0.0	38.6399993896	0.537628544261	1.0	1
1.0	12111.7060547	9.0	2.0	1348.14807129	4.0	3.0	53.9399995804	0.0	-0.106013379991	0.93781465292	-0.330552250147	45.7445108949	1.13476518331	-69.4851531982	23.4882011414	-20.1947498322	0.374272808437	13.0	17.9799995422	121.369200133	0.0	40.1800003052	0.973998885772	1.0	1
1.0	1788.03063965	6.0	1.0	112.235801697	2.0	1.0	0.0	10.0	0.0	0.0	0.0	0.0	0.0	0.0	0.0	0.0	2.0	1.0	32.5200004578	3.31999993324	0.0	32.5200004578	0.128039344468	1.0	1
1.0	8326.56054688	4.0	4.0	1476.80285645	3.0	3.0	97.8200006485	0.0	-0.106013379991	0.93781465292	-0.330552250147	48.4268460891	13.8481710597	-69.4851531982	23.4882011414	-20.1947498322	0.374272808437	5.0	11.5799999237	57.9399998188	1.0	11.5799999237	0.48847617954	1.0	1
1.0	8116.65185547	4.0	1.0	55.448600769	1.0	1.0	0.0	10.0	0.0	0.0	0.0	0.0	0.0	0.0	0.0	0.0	2.0	2.0	32.5200004578	17.8599998951	0.0	32.5200004578	0.343122567922	1.0	1
1.0	4398.17626953	1.0	1.0	857.313598633	1.0	1.0	23.6800003052	0.0	-0.0588479749858	-0.984736979008	0.163798481226	26.5288585855	3.13085892347	-73.5059509277	23.7680015564	-24.1893005371	0.205412814281	2.0	10.7600002289	22.2400007248	1.0	10.7600002289	-1.0	0.0	1
1.0	11026.9423828	8.0	4.0	1737.30065918	4.0	4.0	136.960000038	0.0	-0.992694795132	0.0704842582345	0.0979236736894	31.2585917563	11.4451688036	-65.3344497681	31.2371997833	-50.2660980225	0.575673030105	7.0	3.6400001049	82.7400007248	3.0	12.9200000763	0.986673874735	1.0	1
1.0	9023.62109375	7.0	4.0	2144.1887207	6.0	5.0	121.579999924	0.0	-0.058747317642	-0.984727203846	0.16389362514	29.7880788323	2.51646151439	-58.5551986694	36.6814002991	-56.3793487549	0.965148806109	7.0	3.6400001049	90.4600000381	2.0	13.9799995422	0.934998786503	1.0	1
1.0	11657.7900391	8.0	2.0	1691.58496094	3.0	3.0	29.3200006485	0.0	-0.058747317642	-0.984727203846	0.16389362514	29.7880788323	11.9451377763	-58.5551986694	36.6814002991	-56.3793487549	0.965148806109	9.0	3.6400001049	95.8572010547	0.0	42.4799995422	0.974016642536	1.0	1
1.0	552.256591797	3.0	1.0	542.856018066	1.0	1.0	0.0	3.89361016526	-0.308314621449	0.730560004711	0.609281718731	2.54035631438	1.02809285423	-68.1391448975	37.824798584	-45.763999939	0.687699510881	0.0	0.0	0.0	0.0	0.0	0.620327306213	1.0	1
1.0	8065.65283203	5.0	3.0	1418.53051758	4.0	4.0	105.719999313	0.0	-0.992685556412	0.0704835951328	0.0980177670717	29.9410490454	3.75879116601	-71.5069503784	33.0568008423	-27.3930511475	0.900603042235	10.0	12.5	118.277200416	3.0	13.9799995422	0.991347081354	1.0	1
1.0	5792.33447266	2.0	2.0	1510.43566895	3.0	3.0	72.5	0.0	-0.992694795132	0.0704842582345	0.0979236736894	1.47586955555	11.4451688036	-65.3344497681	31.2371997833	-50.2660980225	0.575673030105	4.0	10.7600002289	56.8800001144	3.0	12.9200000763	0.370046037871	1.0	1
1.0	9623.58007812	4.0	3.0	1596.92163086	4.0	4.0	125.539999485	0.0	-0.992685556412	0.0704835951328	0.0980177670717	29.9410490454	18.0311373875	-71.5069503784	33.0568008423	-27.3930511475	0.900603042235	9.0	10.7600002289	102.940001011	2.0	12.5	0.969578018839	1.0	1
1.0	8935.16113281	5.0	3.0	1188.37365723	2.0	2.0	31.6399998665	0.0	-0.0588479749858	-0.984736979008	0.163798481226	39.5589855143	3.13085892347	-73.5059509277	23.7680015564	-24.1893005371	0.205412814281	5.0	10.7600002289	42.3400006294	2.0	12.9200000763	0.688715195086	1.0	1
1.0	667.345214844	4.0	1.0	793.623046875	2.0	2.0	29.0	0.0	-0.992694795132	0.0704842582345	0.0979236736894	1.47586955555	11.4451688036	-65.3344497681	31.2371997833	-50.2660980225	0.575673030105	0.0	0.0	0.0	1.0	12.9200000763	0.985895911217	1.0	1
1.0	4813.97363281	1.0	1.0	206.085098267	1.0	1.0	33.2000007629	2.38259316357	-0.0675912797451	-0.99101048708	-0.115453988314	23.5468746437	0.979558603234	-78.2773513794	34.5378494263	-28.0886993408	0.673182114506	0.0	0.0	0.0	0.0	0.0	-1.0	0.0	2
1.0	9124.5234375	4.0	2.0	929.763977051	1.0	1.0	38.3600006104	3.12196889742	0.232253402472	-0.912576436996	-0.336545050144	21.8480818384	10.4318004201	-73.7073516846	34.2960014343	-52.2161026001	0.521249693414	0.0	0.0	0.0	0.0	0.0	0.997588226427	1.0	2
1.0	3471.21606445	6.0	1.0	1704.4510498	4.0	2.0	14.5399999619	0.0	0.0584563724697	0.987322926521	-0.147568017244	42.4846758778	2.00631207578	-74.4593963623	6.04696989059	-35.2936515808	0.916793749247	0.0	0.0	0.0	1.0	9.56000041962	0.507936290852	1.0	2
1.0	7097.63183594	4.0	3.0	1743.25732422	5.0	5.0	104.720000982	0.0	-0.0584599487484	-0.987308323383	0.14766420424	44.2483067397	29.6495906695	-78.8796005249	25.6466503143	-29.0039997101	0.663753199038	3.0	13.8199996948	55.0999994278	4.0	29.0400009155	0.995947934535	1.0	2
1.0	760.631103516	3.0	1.0	93.8951034546	1.0	1.0	0.0	10.0	0.0	0.0	0.0	0.0	0.0	0.0	0.0	0.0	2.0	1.0	14.5600004196	7.21999979019	0.0	14.5600004196	0.773263424382	1.0	2
1.0	7763.35986328	3.0	2.0	3080.89550781	6.0	6.0	111.900001526	0.0	0.0584599487484	0.987308323383	-0.14766420424	44.9644424348	30.451344307	-78.8796005249	25.6466503143	-29.0039997101	0.663753199038	8.0	14.5600004196	198.020002365	4.0	43.7799987793	0.998813532721	1.0	2
1.0	547.964294434	2.0	0.0	332.842407227	2.0	0.0	0.0	10.0	0.0	0.0	0.0	0.0	0.0	0.0	0.0	0.0	2.0	0.0	0.0	0.0	0.0	0.0	0.481181050881	1.0	2
1.0	343.158996582	3.0	2.0	3400.20361328	5.0	2.0	10.5200004578	0.0	-0.0584599487484	-0.987308323383	0.14766420424	1.7776425742	17.4515908275	-78.8796005249	25.6466503143	-29.0039997101	0.663753199038	1.0	22.4200000763	11.1000003815	1.0	8.19999980927	0.99449353978	1.0	2
1.0	6597.5625	6.0	3.0	1168.71130371	3.0	3.0	55.8000011444	0.0	-0.0584599487484	-0.987308323383	0.14766420424	44.2483067397	1.83376062541	-78.8796005249	25.6466503143	-29.0039997101	0.663753199038	1.0	21.4799995422	11.5799999237	2.0	21.4799995422	0.922661820351	1.0	2
1.0	8045.49414062	5.0	3.0	2860.47314453	6.0	6.0	68.3400011063	0.0	0.0584563724697	0.987322926521	-0.147568017244	45.1838308474	2.00631207578	-74.4593963623	6.04696989059	-35.2936515808	0.916793749247	8.0	14.5600004196	198.020002365	5.0	43.7799987793	0.990825322957	1.0	2
1.0	4420.61523438	1.0	1.0	517.238037109	1.0	1.0	37.5799999237	0.0	0.995591461658	-0.0936337485909	0.00550808059052	37.2798311882	6.27831972429	-70.0059967041	22.7112007141	-24.9388008118	0.30101241642	1.0	8.56000041962	13.4799995422	1.0	8.56000041962	-1.0	0.0	2
1.0	9207.35742188	1.0	1.0	1825.52905273	3.0	3.0	83.2599990368	0.0	0.104938901961	0.992566943169	0.0616337396204	36.1035398589	6.54224614837	-71.4983978271	33.9549026489	-16.9758987427	0.556292126075	7.0	8.85999965668	70.4260006472	3.0	18.6800003052	0.999999993543	1.0	2
1.0	7457.53662109	1.0	1.0	1768.35791016	2.0	1.0	37.5799999237	0.0	0.995591461658	-0.0936337485909	0.00550808059052	37.2798311882	6.27831972429	-70.0059967041	22.7112007141	-24.9388008118	0.30101241642	1.0	8.56000041962	13.4799995422	1.0	8.56000041962	0.990816637603	1.0	2
1.0	7784.08935547	3.0	3.0	2201.71972656	5.0	5.0	109.799999952	0.0	0.104936510324	0.992567062378	0.0616358891129	47.7875696762	2.10324887008	-68.1974029541	5.43212509155	-11.3808002472	0.415777366925	9.0	2.11999988556	82.6399993896	7.0	18.6800003052	0.999998153764	1.0	2
1.0	3423.26318359	1.0	1.0	427.149108887	1.0	1.0	22.6399993896	0.0	0.105048105121	0.992555141449	0.0616372898221	21.5132908181	4.67011840836	-71.3765563965	35.0245513916	-18.7332000732	0.397202563348	3.0	9.56000041962	41.6999998093	3.0	18.6800003052	0.985660102576	1.0	2
1.0	4680.78613281	4.0	3.0	2041.24255371	4.0	3.0	41.0200004578	0.0	0.105040505528	0.992555975914	0.0616373382509	2.25886688983	25.3067978288	-70.0247497559	26.8826503754	-39.2749023438	0.835146732933	5.0	5.0	39.3400001526	3.0	29.8600006104	0.999999044985	1.0	2
1.0	5615.28125	2.0	2.0	432.197021484	1.0	1.0	52.1399993896	0.0	0.995591461658	-0.0936337485909	0.00550808059052	37.2798311882	6.27831972429	-70.0059967041	22.7112007141	-24.9388008118	0.30101241642	3.0	8.56000041962	30.8199996948	2.0	8.85999965668	0.573409345228	1.0	2
1.0	4680.72021484	4.0	3.0	1499.35546875	3.0	3.0	31.0199999809	0.0	0.995595395565	-0.0935863479972	0.00560228899121	43.8835332394	13.1744305248	-68.8768005371	3.52215480804	-22.4472503662	0.899730609178	5.0	9.26000022888	41.6599998474	3.0	29.8600006104	0.999339694177	1.0	2
1.0	4743.20996094	1.0	1.0	427.149108887	1.0	1.0	40.6999995708	0.0	0.105048105121	0.992555141449	0.0616372898221	29.5689388891	0.0	-71.0286560059	38.1493530273	-22.1863994598	0.879863756281	6.0	9.56000041962	73.3399991989	6.0	18.6800003052	0.773233747478	1.0	2
1.0	521.872009277	2.0	1.0	755.33984375	3.0	1.0	12.1400003433	0.0	0.105040505528	0.992555975914	0.0616373382509	2.25886688983	16.9598690152	-70.0247497559	26.8826503754	-39.2749023438	0.835146732933	1.0	5.0	6.53999996185	1.0	5.0	0.999766912299	1.0	2
1.0	4821.01513672	1.0	1.0	463.337005615	1.0	1.0	27.0599994659	0.0	-0.999347567558	0.0346042104065	0.0103445192799	43.5555315276	2.09467190652	-73.9639511108	23.0277004242	-17.2645988464	0.0981885859016	2.0	7.98000001907	20.0199995041	2.0	15.1599998474	-1.0	0.0	2
1.0	8580.74316406	4.0	1.0	860.853027344	2.0	2.0	0.0	10.0	0.0	0.0	0.0	0.0	0.0	0.0	0.0	0.0	2.0	8.0	15.1599998474	117.340799093	2.0	43.6199989319	0.999405767911	1.0	2
1.0	2415.72875977	4.0	1.0	289.919006348	1.0	1.0	15.3199996948	0.0	0.0334237776697	0.984688520432	-0.171088695526	0.0	5.58181289748	-72.7024536133	16.1819000244	-34.2061462402	0.408505529892	0.0	0.0	0.0	1.0	10.2600002289	0.341647893976	1.0	2
1.0	9402.25878906	1.0	1.0	1178.19812012	4.0	4.0	66.7199993134	0.0	-0.999347567558	0.0346042104065	0.0103445192799	43.5555315276	2.09467190652	-73.9639511108	23.0277004242	-17.2645988464	0.0981885859016	4.0	1.12000000477	35.4999992847	4.0	16.9599990845	0.997401137794	1.0	2
1.0	9247.83300781	3.0	3.0	1341.17504883	3.0	3.0	75.8999996185	0.0	0.0334168747067	0.98468875885	-0.17108874023	27.319377179	2.20827844722	-72.9555511475	37.8787002563	-25.2838497162	0.0547638181462	10.0	1.12000000477	131.380799294	4.0	43.6199989319	0.999803621255	1.0	2
1.0	11025.6044922	3.0	2.0	428.388000488	2.0	2.0	46.1799998283	0.0	0.0334168747067	0.98468875885	-0.17108874023	27.319377179	2.20827844722	-72.9555511475	37.8787002563	-25.2838497162	0.0547638181462	4.0	1.12000000477	46.7000000477	2.0	32.5800018311	0.999972090745	1.0	2
1.0	4821.01513672	1.0	1.0	139.897003174	1.0	1.0	0.0	10.0	0.0	0.0	0.0	0.0	0.0	0.0	0.0	0.0	2.0	1.0	15.1599998474	9.93999958038	1.0	15.1599998474	0.48838366285	1.0	2
1.0	9730.1328125	3.0	3.0	1723.85913086	4.0	4.0	74.3999996185	0.0	-0.999347567558	0.0346042104065	0.0103445192799	43.5555315276	2.09467190652	-73.9639511108	23.0277004242	-17.2645988464	0.0981885859016	12.0	7.98000001907	173.320799589	6.0	43.6199989319	0.999919872472	1.0	2
1.0	9079.5625	3.0	3.0	1762.703125	3.0	3.0	75.8999996185	0.0	0.0334168747067	0.98468875885	-0.17108874023	27.319377179	2.20827844722	-72.9555511475	37.8787002563	-25.2838497162	0.0547638181462	12.0	1.12000000477	166.240799904	4.0	43.6199989319	0.999818555001	1.0	2
1.0	3908.37207031	1.0	1.0	591.731994629	1.0	1.0	31.2999992371	0.0	-0.998023033142	0.0332707054913	-0.0533201098442	31.3526701812	2.09660370911	-72.1598510742	18.4159507751	-19.9546508789	0.606800982927	1.0	12.3999996185	11.8400001526	0.0	12.3999996185	-1.0	0.0	2
1.0	10317.7089844	4.0	1.0	1121.26403809	3.0	3.0	20.8600006104	0.0	0.0461935810745	0.993750572205	-0.101616881788	27.6660289193	0.0	-72.6329956055	25.3752994537	-16.3784999847	0.107789669214	15.0	12.6999998093	122.461999506	4.0	43.4399986267	0.991988569778	1.0	2
1.0	10814.5361328	4.0	1.0	624.437011719	2.0	2.0	0.0	10.0	0.0	0.0	0.0	0.0	0.0	0.0	0.0	0.0	2.0	10.0	19.3999996185	70.640399456	2.0	43.4399986267	0.99933969679	1.0	2
1.0	8744.92382812	4.0	3.0	591.731994629	1.0	1.0	51.5399990082	0.0	-0.998023033142	0.0332707054913	-0.0533201098442	31.3526701812	2.09660370911	-72.1598510742	18.4159507751	-19.9546508789	0.606800982927	2.0	11.8400001526	24.6800003052	1.0	11.8400001526	0.80501342429	1.0	2
1.0	9929.87109375	4.0	1.0	1509.10205078	3.0	3.0	18.4600000381	0.0	0.0461861155927	0.99375128746	-0.101613201201	27.7097075801	3.64661663158	-71.4298019409	21.1441001892	-41.8415985107	0.803130529927	15.0	11.8400001526	114.822000116	3.0	33.8199996948	0.999193247537	1.0	2
1.0	4084.53173828	1.0	1.0	983.867004395	2.0	2.0	31.2999992371	0.0	-0.998023033142	0.0332707054913	-0.0533201098442	31.3526701812	2.09660370911	-72.1598510742	18.4159507751	-19.9546508789	0.606800982927	3.0	12.3999996185	33.960000515	1.0	31.2800006866	0.0158189808662	1.0	2
1.0	10809.125	3.0	1.0	244.109008789	2.0	2.0	20.8600006104	0.0	0.0461935810745	0.993750572205	-0.101616881788	27.6660289193	0.0	-72.6329956055	25.3752994537	-16.3784999847	0.107789669214	5.0	12.6999998093	55.3999996185	2.0	43.4399986267	0.976930389301	1.0	2
1.0	4395.41210938	1.0	1.0	104.692001343	1.0	1.0	20.8600006104	0.0	0.0461935810745	0.993750572205	-0.101616881788	27.6660289193	0.0	-72.6329956055	25.3752994537	-16.3784999847	0.107789669214	1.0	12.6999998093	11.720000267	1.0	12.6999998093	0.00527396080596	1.0	2
1.0	5687.14257812	4.0	2.0	1328.37109375	2.0	2.0	66.6999998093	0.0	0.0461935810745	0.993750572205	-0.101616881788	27.6660289193	6.8201870415	-72.6329956055	25.3752994537	-16.3784999847	0.107789669214	2.0	12.3999996185	23.5600004196	1.0	12.6999998093	0.970383653256	1.0	2
1.0	4408.12548828	1.0	1.0	127.357002258	1.0	1.0	0.0	10.0	0.0	0.0	0.0	0.0	0.0	0.0	0.0	0.0	2.0	1.0	15.3599996567	13.7399997711	0.0	15.3599996567	-1.0	0.0	2
1.0	4798.88330078	4.0	3.0	4179.61816406	2.0	2.0	71.3399982452	0.0	-0.00609921431169	0.998385071754	-0.0564806014299	13.0744473383	5.47031460523	-62.8505020142	19.1151504517	-49.1417999268	0.956052994383	7.0	2.24000000954	60.0679988116	4.0	39.0400009155	0.990629959419	1.0	2
1.0	3848.84082031	1.0	1.0	686.641967773	2.0	2.0	0.0	10.0	0.0	0.0	0.0	0.0	0.0	0.0	0.0	0.0	2.0	5.0	13.5	97.6999988556	1.0	28.7399997711	0.278121097517	1.0	2
1.0	10860.9677734	4.0	1.0	1733.71118164	3.0	3.0	55.8799986839	0.0	-0.00609921431169	0.998385071754	-0.0564806014299	30.5467853372	5.47031460523	-62.8505020142	19.1151504517	-49.1417999268	0.956052994383	8.0	2.24000000954	77.9008013457	3.0	34.2599983215	0.999963925279	1.0	2
1.0	6080.30371094	3.0	1.0	1520.39929199	3.0	3.0	41.0	0.0	-0.0060954624787	0.998385310173	-0.0564768612385	43.0719088475	1.88027871185	-73.6203994751	18.8117485046	-13.2813997269	0.764780897777	5.0	4.48000001907	67.8000001907	2.0	18.6800003052	0.953939925854	1.0	2
1.0	8807.40332031	6.0	5.0	3396.43432617	2.0	2.0	112.239998579	0.0	-0.00609921431169	0.998385071754	-0.0564806014299	34.7403967802	5.47031460523	-62.8505020142	19.1151504517	-49.1417999268	0.956052994383	7.0	2.24000000954	37.5932002068	4.0	18.6800003052	0.999759632358	1.0	2
1.0	9097.27636719	6.0	5.0	4717.19140625	2.0	2.0	99.620000124	0.0	-0.99493509531	0.0	0.100519500673	44.2824470726	1.81851679233	-71.5831451416	12.3661003113	-10.096950531	0.905171504444	11.0	10.5399999619	159.948402569	4.0	34.2599983215	0.999919731648	1.0	2
1.0	11183.7089844	5.0	1.0	2420.35302734	4.0	4.0	45.7199988365	0.0	-0.00609921431169	0.998385071754	-0.0564806014299	34.7403967802	5.47031460523	-62.8505020142	19.1151504517	-49.1417999268	0.956052994383	14.0	2.24000000954	186.52079837	6.0	39.0400009155	0.999967450462	1.0	2
1.0	3561.26074219	1.0	1.0	834.733947754	2.0	2.0	0.0	10.0	0.0	0.0	0.0	0.0	0.0	0.0	0.0	0.0	2.0	6.0	13.5	95.0799999237	2.0	28.7399997711	0.283383678317	1.0	2
1.0	9628.85742188	7.0	6.0	1865.88708496	1.0	1.0	80.3200004101	0.0	-0.99493509531	0.0	0.100519500673	44.2824470726	1.81851679233	-71.5831451416	12.3661003113	-10.096950531	0.905171504444	6.0	4.48000001907	58.1932013035	3.0	17.1599998474	0.999938281089	1.0	2
1.0	4155.44677734	1.0	1.0	387.114990234	1.0	1.0	22.2999992371	0.0	-0.0429188087583	-0.985950827599	0.161427766085	13.7877422768	3.08009419444	-73.0316009521	27.2741508484	-29.373550415	0.0941472176939	1.0	10.9200000763	9.77999973297	1.0	10.9200000763	-1.0	0.0	2
1.0	10455.5429688	7.0	3.0	956.162963867	2.0	2.0	42.6799993515	0.0	-0.0429954044521	-0.985961258411	0.161343812943	29.4862459604	1.20239395992	-69.0833511353	22.3681488037	-45.3925018311	0.108711849834	10.0	2.98000001907	112.425200582	4.0	20.9599990845	0.999942011893	1.0	2
1.0	4276.78564453	2.0	1.0	387.114990234	1.0	1.0	22.2999992371	0.0	-0.0429188087583	-0.985950827599	0.161427766085	24.1063896899	3.08009419444	-73.0316009521	27.2741508484	-29.373550415	0.0941472176939	1.0	10.9200000763	9.77999973297	1.0	10.9200000763	0.0918548444925	1.0	2
1.0	8160.24511719	3.0	1.0	1182.55688477	4.0	4.0	38.0399990082	0.0	-0.0429188087583	-0.985950827599	0.161427766085	25.4313224329	17.3987734742	-73.0316009521	27.2741508484	-29.373550415	0.0941472176939	9.0	6.80000019073	108.79040134	4.0	34.7200012207	0.997950436198	1.0	2
1.0	9909.57910156	5.0	2.0	365.040710449	3.0	3.0	22.8800001144	2.11330550598	0.04561214149	0.713742434978	-0.698921501637	46.8061494997	2.98117410872	-70.1506500244	6.79914474487	-27.2460002899	0.761357106156	2.0	32.1599998474	41.1399993896	2.0	34.7200012207	0.999783827378	1.0	2
1.0	8754.9921875	6.0	2.0	1279.72290039	2.0	2.0	32.6199989319	0.0	-0.0429188087583	-0.985950827599	0.161427766085	24.1063896899	3.08009419444	-73.0316009521	27.2741508484	-29.373550415	0.0941472176939	10.0	6.80000019073	141.705200672	5.0	36.3199996948	0.998179146878	1.0	2
1.0	10035.5244141	6.0	2.0	561.236999512	2.0	2.0	32.3599996567	0.0	-0.0429954044521	-0.985961258411	0.161343812943	29.4862459604	1.20239395992	-69.0833511353	22.3681488037	-45.3925018311	0.108711849834	6.0	2.98000001907	59.2400004864	3.0	36.3199996948	0.999104906261	1.0	2
1.0	9952.75878906	6.0	3.0	767.836669922	4.0	4.0	44.9200000763	0.0	-0.0429188087583	-0.985950827599	0.161427766085	36.3223958338	3.08009419444	-73.0316009521	27.2741508484	-29.373550415	0.0941472176939	7.0	2.98000001907	59.5199996233	4.0	34.7200012207	0.99990439096	1.0	2
1.0	6923.44824219	3.0	1.0	949.76965332	3.0	3.0	14.2399997711	3.06622399438	0.0861657634377	-0.828652501106	0.553091704845	39.6531174433	2.76417123083	-70.304649353	12.7359294891	-36.6792984009	0.99857175918	8.0	6.80000019073	102.290401459	4.0	34.7200012207	0.959087468434	1.0	2
1.0	6568.67578125	6.0	2.0	962.330871582	3.0	2.0	8.64000034332	2.11330550598	-0.04561214149	-0.713742434978	0.698921501637	49.9216165886	0.0	-70.1506500244	6.79914474487	-27.2460002899	0.761357106156	8.0	6.80000019073	82.1851991415	1.0	6.80000019073	0.985146516282	1.0	2
1.0	3303.62524414	1.0	1.0	558.570007324	1.0	1.0	22.7600002289	0.0	-0.00382817536592	-0.980662465096	0.195669338107	13.4309147146	2.26132801303	-70.1427993774	28.5963497162	-31.4784011841	0.27641920215	3.0	13.9600000381	36.8600001335	0.0	17.8999996185	-1.0	0.0	2
1.0	13937.7539062	2.0	1.0	1444.37792969	3.0	3.0	34.759999752	2.25011772272	0.446845382452	-0.150857537985	-0.881799995899	36.0530598597	9.86651139304	-64.3992004395	20.3791007996	-47.2033004761	0.462780464966	21.0	15.2399997711	168.350462699	0.0	40.7000007629	0.992016551574	1.0	2
1.0	11265.171875	4.0	4.0	2481.50439453	1.0	1.0	66.8600006104	0.0	-0.999825656414	0.0	-0.0186732020229	41.3993544419	1.08818717222	-64.6177978516	1.96524000168	-7.42306995392	0.916276793783	22.0	5.21999979019	224.801265621	0.0	39.0999984741	0.925486442236	1.0	2
1.0	12576.9453125	4.0	4.0	1866.14404297	3.0	3.0	62.1399989128	0.0	0.00372831872664	0.980682373047	-0.19557146728	37.1394810126	10.4389604805	-70.3595428467	24.4748497009	-20.1765499115	0.672663749237	16.0	5.21999979019	165.219598591	0.0	40.7000007629	0.975611739984	1.0	2
1.0	3664.35083008	4.0	3.0	2793.79541016	3.0	2.0	24.8400001526	0.0	-0.999824225903	0.0	-0.0187475364655	36.8116898618	0.0	-70.9017028809	24.9615001678	-20.2838001251	0.0614734365675	6.0	5.21999979019	48.2599984407	1.0	9.03999996185	0.617344138857	1.0	2
1.0	11330.5371094	4.0	4.0	3641.9543457	3.0	3.0	105.083600953	0.0	-0.999825656414	0.0	-0.0186732020229	41.3993544419	1.08818717222	-64.6177978516	1.96524000168	-7.42306995392	0.916276793783	24.0	5.21999979019	234.279601395	1.0	9.22000026703	0.985020762732	1.0	2
1.0	13476.8984375	2.0	1.0	1783.45751953	3.0	3.0	35.0400004387	0.0	-0.00382817536592	-0.980662465096	0.195669338107	28.1853276412	2.26132801303	-70.1427993774	28.5963497162	-31.4784011841	0.27641920215	16.0	13.9600000381	160.651998878	0.0	39.0999984741	0.969180568631	1.0	2
1.0	4614.33789062	3.0	1.0	1471.06225586	3.0	3.0	24.2800002098	0.0	-0.00382817536592	-0.980662465096	0.195669338107	13.4309147146	2.26132801303	-70.1427993774	28.5963497162	-31.4784011841	0.27641920215	9.0	13.9600000381	71.4120005369	0.0	29.4400005341	0.376098878179	1.0	2
1.0	9080.1171875	4.0	4.0	852.265930176	3.0	3.0	29.319999218	0.0	0.999824225903	0.0	0.0187475364655	36.3509322327	0.0	-70.9017028809	24.9615001678	-20.2838001251	0.0614734365675	10.0	5.21999979019	49.9816639662	0.0	31.4200000763	0.973400995014	1.0	2
1.0	5528.82470703	1.0	1.0	333.915008545	1.0	1.0	13.0400002003	0.0	-0.0265279486775	-0.97008305788	0.241319656372	28.0328287902	3.9628443408	-72.9805984497	31.5992012024	-27.5555496216	0.0663311360974	1.0	13.1999998093	14.3199996948	1.0	13.1999998093	-1.0	0.0	2
1.0	10445.3144531	4.0	2.0	1640.1328125	3.0	3.0	52.120000124	0.0	-0.993508338928	0.0	-0.113759316504	29.5242211439	3.0777992775	-72.0008544922	39.8098983765	-31.3843994141	0.60763882606	13.0	10.3999996185	124.703999877	4.0	30.2800006866	0.999946753183	1.0	2
1.0	10807.3730469	3.0	2.0	1079.86572266	4.0	4.0	49.2000000477	0.0	-0.026521243155	-0.970105946064	0.241228193045	26.974023618	3.01678837911	-68.4546051025	27.1693992615	-48.3950996399	0.907549799948	6.0	11.279999733	64.7599992752	4.0	27.2399997711	0.999984781451	1.0	2
1.0	11060.7070312	4.0	3.0	1708.08508301	4.0	4.0	76.7600002289	0.0	-0.0265206452459	-0.97008317709	0.241319909692	42.5106017092	3.50166695291	-71.2971954346	9.21944046021	-12.3613500595	0.3073309307	12.0	7.76000022888	124.956800222	4.0	13.9200000763	0.999995354049	1.0	2
1.0	7326.3203125	3.0	2.0	932.854736328	2.0	2.0	30.9200003147	0.0	-0.026521243155	-0.970105946064	0.241228193045	26.974023618	3.01678837911	-68.4546051025	27.1693992615	-48.3950996399	0.907549799948	4.0	11.279999733	43.3999996185	4.0	16.5599994659	0.950709767626	1.0	2
1.0	9785.60742188	4.0	2.0	607.118896484	2.0	2.0	32.8399991989	0.0	-0.0265206452459	-0.97008317709	0.241319909692	42.5106017092	3.50166695291	-71.2971954346	9.21944046021	-12.3613500595	0.3073309307	2.0	8.64000034332	25.1199998856	1.0	8.64000034332	0.999879423121	1.0	2
1.0	5997.71191406	2.0	2.0	333.915008545	1.0	1.0	21.1600000858	0.0	-0.0265279486775	-0.97008305788	0.241319656372	28.0328287902	3.9628443408	-72.9805984497	31.5992012024	-27.5555496216	0.0663311360974	1.0	13.1999998093	14.3199996948	1.0	13.1999998093	0.493386789992	1.0	2
1.0	7715.33349609	4.0	3.0	1430.10583496	2.0	2.0	56.2400007248	0.0	-0.0265279486775	-0.97008305788	0.241319656372	36.7820542721	3.9628443408	-72.9805984497	31.5992012024	-27.5555496216	0.0663311360974	7.0	13.1999998093	56.463999629	3.0	16.3600006104	0.992155113926	1.0	2
1.0	10871.265625	4.0	3.0	1582.28381348	4.0	4.0	79.2400007248	0.0	0.993508219719	0.0	0.113760091364	35.0858769343	14.6108712855	-71.5593490601	26.220500946	-35.4020004272	0.851002994653	12.0	10.3999996185	122.099199295	5.0	30.2800006866	0.99999810444	1.0	2
1.0	6602.63183594	7.0	4.0	659.26171875	2.0	2.0	22.7999994755	0.0	0.993508219719	0.0	0.113760091364	35.0858769343	1.11111014495	-71.5593490601	26.220500946	-35.4020004272	0.851002994653	9.0	7.76000022888	91.8399999142	0.0	20.3999996185	0.992749585605	1.0	2
1.0	9302.94238281	3.0	2.0	1000.74414062	3.0	3.0	44.4831998348	0.0	0.982122719288	-0.129118621349	-0.136979356408	42.7291551162	1.43308340552	-73.6480560303	33.3087005615	-30.2496490479	0.701182915402	5.0	10.2399997711	62.8600006104	3.0	19.5400009155	0.996401045485	1.0	2
1.0	5997.58789062	7.0	3.0	468.170013428	2.0	2.0	11.4000000954	0.0	-0.982122719288	0.129118621349	0.136979356408	42.0669314276	1.77690287753	-73.6480560303	33.3087005615	-30.2496490479	0.921432315332	3.0	9.64000034332	31.0600004196	1.0	9.64000034332	0.935713561424	1.0	2
1.0	9489.3359375	2.0	2.0	635.14440918	3.0	3.0	34.7999997139	2.43102862765	0.0152447195724	-0.275438845158	-0.961197733879	46.3820801954	0.0	-74.8219451904	9.91778564453	-7.98058509827	0.300497140656	6.0	10.2399997711	58.0599992275	2.0	14.720000267	0.999616032777	1.0	2
1.0	6220.64599609	4.0	3.0	311.151000977	1.0	1.0	9.68320012093	0.0	0.982122719288	-0.129118621349	-0.136979356408	42.7291551162	1.43308340552	-73.6480560303	33.3087005615	-30.2496490479	0.701182915402	3.0	10.2399997711	45.8999996185	2.0	14.720000267	0.935713637376	1.0	2
1.0	11078.5234375	4.0	4.0	1464.36108398	5.0	5.0	73.6832001209	0.0	-0.0849857032299	-0.953450381756	0.289326369762	37.9787891425	2.48625596424	-73.2124938965	36.8768005371	-34.4197502136	0.958067875293	20.0	9.64000034332	210.709200544	9.0	29.3600006104	0.999989376722	1.0	2
1.0	11574.3378906	4.0	2.0	863.032226562	3.0	3.0	34.7999997139	2.43102862765	0.0152447195724	-0.275438845158	-0.961197733879	46.3820801954	0.0	-74.8219451904	9.91778564453	-7.98058509827	0.300497140656	11.0	13.2399997711	111.629200859	6.0	29.3600006104	0.999988879934	1.0	2
1.0	9054.95214844	5.0	3.0	369.037200928	3.0	3.0	14.7832000256	0.0	0.982122719288	-0.129118621349	-0.136979356408	42.7291551162	1.43308340552	-73.6480560303	33.3087005615	-30.2496490479	0.701182915402	7.0	10.2399997711	52.1892000865	5.0	21.8400001526	0.998711501726	1.0	2
1.0	3772.95092773	1.0	1.0	607.82598877	1.0	1.0	31.7600002289	0.0	-0.0412674434483	-0.994542837143	0.0958203524351	12.8011723249	3.07854331431	-72.0374984741	24.0942497253	-31.0771503448	0.606263631385	1.0	4.78000020981	4.69999980927	1.0	4.78000020981	-1.0	0.0	2
1.0	6544.92529297	2.0	2.0	1260.01904297	4.0	4.0	47.375200212	0.0	-0.998190462589	0.0287193898112	-0.0528304427862	52.535612117	2.62500589012	-71.4481048584	18.2805500031	-17.9268493652	0.308744200862	8.0	4.78000020981	99.8400001526	5.0	39.3800010681	0.989886192706	1.0	2
1.0	3566.07080078	1.0	1.0	814.705993652	2.0	2.0	43.513999939	0.0	0.0412678718567	0.994553208351	-0.0957124903798	27.9640718979	9.02268346748	-70.9554977417	19.7390499115	-16.6513004303	0.334819204282	2.0	4.78000020981	23.8800001144	2.0	18.7000007629	0.408869470204	1.0	2
1.0	8282.5703125	2.0	2.0	1091.84875488	3.0	3.0	66.4091997147	0.0	0.0412678718567	0.994553208351	-0.0957124903798	52.8988221176	9.02268346748	-70.9554977417	19.7390499115	-16.6513004303	0.334819204282	5.0	4.78000020981	67.1400003433	4.0	24.2999992371	0.996402349279	1.0	2
1.0	4263.60791016	1.0	1.0	677.185791016	2.0	2.0	31.7600002289	0.0	-0.0412674434483	-0.994542837143	0.0958203524351	12.8011723249	3.07854331431	-72.0374984741	24.0942497253	-31.0771503448	0.606263631385	2.0	4.78000020981	14.7600002289	2.0	24.0400009155	0.437958501594	1.0	2
1.0	5432.73046875	2.0	2.0	962.015014648	3.0	3.0	64.9339999557	0.0	0.0412678718567	0.994553208351	-0.0957124903798	40.4453077059	9.02268346748	-70.9554977417	19.7390499115	-16.6513004303	0.334819204282	4.0	4.78000020981	44.0600004196	3.0	30.6599998474	0.982998371317	1.0	2
1.0	7090.84179688	1.0	1.0	607.82598877	1.0	1.0	31.7600002289	0.0	-0.0412674434483	-0.994542837143	0.0958203524351	12.8011723249	3.07854331431	-72.0374984741	24.0942497253	-31.0771503448	0.606263631385	1.0	4.78000020981	4.69999980927	1.0	4.78000020981	0.62646172412	1.0	2
1.0	2709.45800781	4.0	1.0	276.239807129	2.0	1.0	0.0	10.0	0.0	0.0	0.0	0.0	0.0	0.0	0.0	0.0	2.0	1.0	24.0400009155	7.61999988556	0.0	24.0400009155	0.967781110053	1.0	2
1.0	4801.2578125	1.0	1.0	607.82598877	1.0	1.0	31.7600002289	0.0	-0.0412674434483	-0.994542837143	0.0958203524351	12.8011723249	3.07854331431	-72.0374984741	24.0942497253	-31.0771503448	0.606263631385	1.0	4.78000020981	4.69999980927	1.0	4.78000020981	0.397738540554	1.0	2
1.0	4532.19433594	3.0	1.0	419.48638916	3.0	1.0	0.0	10.0	0.0	0.0	0.0	0.0	0.0	0.0	0.0	0.0	2.0	2.0	29.6800003052	21.1599998474	2.0	30.2399997711	0.983294597641	1.0	2
1.0	5481.59667969	1.0	1.0	607.88079834	1.0	1.0	21.5600004196	0.0	-0.999506771564	-0.0309935808182	-0.00506545975804	34.9628439069	1.73161049516	-68.5080032349	30.2080993652	-20.9944000244	0.0693687720608	3.0	3.94000005722	23.9399995804	1.0	14.5600004196	-1.0	0.0	2
1.0	9475.68359375	7.0	5.0	1384.31469727	3.0	3.0	49.5200006962	0.0	-0.0289028137922	0.963133394718	-0.267467111349	27.2385339602	0.0	-64.0838470459	-1.84848499298	-13.5030498505	0.927362469999	16.0	8.06000041962	158.989597812	9.0	28.0799999237	0.999978179261	1.0	2
1.0	6737.31396484	1.0	1.0	607.88079834	1.0	1.0	21.5600004196	0.0	-0.999506771564	-0.0309935808182	-0.00506545975804	34.9628439069	1.73161049516	-68.5080032349	30.2080993652	-20.9944000244	0.0693687720608	3.0	3.94000005722	23.9399995804	1.0	14.5600004196	0.853325768134	1.0	2
1.0	12197.6972656	5.0	3.0	1142.43066406	3.0	3.0	64.4287996292	0.0	-0.999506771564	-0.0309935808182	-0.00506545975804	43.3397891666	1.73161049516	-68.5080032349	30.2080993652	-20.9944000244	0.0693687720608	18.0	3.11999988556	127.142798558	8.0	17.1200008392	0.999996871699	1.0	2
1.0	10124.2128906	3.0	1.0	2255.20166016	4.0	4.0	42.8200006485	0.0	-0.999506771564	-0.0309935808182	-0.00506545975804	43.3397891666	1.73161049516	-68.5080032349	30.2080993652	-20.9944000244	0.0693687720608	13.0	3.11999988556	134.219998121	5.0	28.0799999237	0.999511939377	1.0	2
1.0	12262.0996094	4.0	2.0	1116.96655273	3.0	3.0	70.848801136	0.0	-0.999506771564	-0.0309935808182	-0.00506545975804	43.3397891666	1.73161049516	-68.5080032349	30.2080993652	-20.9944000244	0.0693687720608	10.0	5.73999977112	90.0931991339	3.0	28.0799999237	0.999999353557	1.0	2
1.0	12248.7685547	4.0	3.0	1628.15576172	5.0	5.0	87.400001049	0.0	-0.0289020165801	0.963135480881	-0.267459720373	47.1226916215	14.5288215271	-69.9805450439	29.4445991516	-17.8823509216	0.157974960625	23.0	3.11999988556	192.501599669	10.0	15.720000267	0.999998233146	1.0	2
1.0	11299.3359375	6.0	4.0	1351.79675293	3.0	3.0	77.488799572	0.0	-0.0289028137922	0.963133394718	-0.267467111349	26.3451664435	0.0	-64.0838470459	-1.84848499298	-13.5030498505	0.927362469999	19.0	3.11999988556	135.514798179	10.0	28.0799999237	0.999914036504	1.0	2
1.0	8422.38964844	3.0	2.0	1897.08081055	4.0	4.0	68.0000009537	0.0	0.0289011839777	-0.963109731674	0.267552614212	33.3655044773	25.538396071	-69.984954834	30.2835998535	-22.4957008362	0.553790104648	7.0	3.94000005722	58.220000267	2.0	14.5600004196	0.991248146591	1.0	2
1.0	7044.09863281	7.0	2.0	809.025817871	3.0	3.0	19.6800003052	1.80392902504	-0.0316200889647	0.983993828297	0.175374627113	21.3819263228	6.94223494922	-64.0925445557	35.9205474854	-52.4524497986	0.959184538088	4.0	7.88000011444	33.8799996376	2.0	15.720000267	0.991347076876	1.0	2
1.0	3677.83959961	1.0	1.0	790.20916748	1.0	1.0	20.0415995121	0.0	0.997134804726	0.0	-0.0756454095244	21.5692303406	1.78556177868	-74.1090011597	23.252199173	-17.0863990784	0.0281407525467	2.0	2.75999999046	9.0600001812	2.0	6.80000019073	-1.0	0.0	2
1.0	7418.81591797	3.0	3.0	372.610015869	3.0	3.0	62.8243994936	0.0	-0.0130321029574	0.976928770542	-0.213167384267	36.2023940319	13.7457619383	-70.2938537598	19.2090492249	-37.2983016968	0.826403598096	3.0	8.31999969482	28.6599998474	1.0	8.31999969482	0.996205747883	1.0	2
1.0	57.5850982666	1.0	1.0	262.1144104	2.0	1.0	11.2399997711	0.0	0.0130403237417	-0.976928651333	0.213167354465	0.927907932277	12.9792873244	-75.1698532104	17.2398490906	-26.8927993774	0.693850034325	1.0	5.90000009537	8.15999984741	0.0	5.90000009537	0.5919852515	1.0	2
1.0	7924.41064453	3.0	3.0	967.69128418	5.0	5.0	49.1811998114	0.0	0.997134804726	0.0	-0.0756454095244	34.7135095383	1.78556177868	-74.1090011597	23.252199173	-17.0863990784	0.0384743345227	10.0	5.90000009537	68.4201518893	4.0	38.8199996948	0.992839374839	1.0	2
1.0	1783.17089844	3.0	1.0	220.863998413	1.0	1.0	5.19999980927	0.0	-0.997134685516	0.0	0.0756468474865	5.71152436745	2.07272492477	-68.903503418	17.8493003845	-37.1055984497	0.66456736785	1.0	8.65999984741	7.73999977112	0.0	8.65999984741	0.415988522621	1.0	2
1.0	8382.42480469	3.0	2.0	671.911376953	3.0	3.0	56.5815989971	0.0	0.997134804726	0.0	-0.0756454095244	34.7135095383	1.78556177868	-74.1090011597	23.252199173	-17.0863990784	0.0281407525467	7.0	2.75999999046	46.1199995875	4.0	8.31999969482	0.995918201875	1.0	2
1.0	5732.95898438	4.0	3.0	790.20916748	1.0	1.0	38.0259990916	0.0	0.997134804726	0.0	-0.0756454095244	34.7135095383	1.78556177868	-74.1090011597	23.252199173	-17.0863990784	0.0281407525467	4.0	2.75999999046	25.2200000286	2.0	6.80000019073	0.774730494809	1.0	2
1.0	8262.82910156	3.0	3.0	840.687133789	4.0	4.0	73.2859993204	0.0	0.997134804726	0.0	-0.0756454095244	34.7135095383	1.78556177868	-74.1090011597	23.252199173	-17.0863990784	0.0281407525467	11.0	2.75999999046	78.3601517677	5.0	38.8199996948	0.990758199969	1.0	2
1.0	6466.28466797	1.0	1.0	790.20916748	1.0	1.0	20.0415995121	0.0	0.997134804726	0.0	-0.0756454095244	21.5692303406	1.78556177868	-74.1090011597	23.252199173	-17.0863990784	0.0281407525467	2.0	2.75999999046	9.0600001812	2.0	6.80000019073	0.466077672825	1.0	2
1.0	7799.62597656	4.0	3.0	1155.71008301	2.0	2.0	38.0259990916	0.0	0.997134804726	0.0	-0.0756454095244	34.7135095383	1.78556177868	-74.1090011597	23.252199173	-17.0863990784	0.0281407525467	9.0	2.75999999046	51.060151577	4.0	38.8199996948	0.993294348421	1.0	2
1.0	4211.60302734	1.0	1.0	564.351989746	1.0	1.0	44.2200012207	1.24580092861	-0.0838856995106	-0.0815691947937	-0.993131220341	18.5552976859	1.52549324282	-73.3343963623	26.8522987366	-24.5495986938	0.0750604159261	0.0	0.0	0.0	0.0	0.0	-1.0	0.0	2
1.0	10107.0556641	3.0	3.0	1032.22900391	4.0	4.0	48.5000004768	0.0	-0.00915775541216	0.994012892246	-0.108878366649	44.4634215143	6.50590073153	-72.9221954346	31.9869003296	-19.6686000824	0.049861313249	8.0	17.3199996948	137.878399849	5.0	39.2200012207	0.999885314651	1.0	2
1.0	8061.96630859	2.0	1.0	564.351989746	1.0	1.0	44.2200012207	1.24580092861	-0.0838856995106	-0.0815691947937	-0.993131220341	42.6175088107	1.52549324282	-73.3343963623	26.8522987366	-24.5495986938	0.0750604159261	0.0	0.0	0.0	0.0	0.0	0.877735945187	1.0	2
1.0	9404.29296875	3.0	3.0	1734.9909668	4.0	4.0	39.5799994469	0.0	0.994901537895	0.0	-0.10085092485	51.0612749983	5.81483601487	-73.2042541504	16.9957008362	-16.4157505035	0.925862973589	9.0	17.3199996948	142.318401337	6.0	39.5999984741	0.999649260696	1.0	2
1.0	4009.35180664	1.0	1.0	766.603027344	2.0	2.0	55.1600008011	0.0	0.994901537895	0.0	-0.10085092485	30.1184524462	5.81483601487	-73.2042541504	16.9957008362	-16.4157505035	0.925862973589	0.0	0.0	0.0	1.0	24.4200000763	0.58825992371	1.0	2
1.0	9869.49414062	3.0	3.0	1020.11395264	3.0	3.0	48.5000004768	0.0	-0.00915775541216	0.994012892246	-0.108878366649	44.4634215143	6.50590073153	-72.9221954346	31.9869003296	-19.6686000824	0.049861313249	5.0	19.2800006866	104.519999504	4.0	39.5999984741	0.999730542224	1.0	2
1.0	7722.05371094	1.0	1.0	1627.99499512	3.0	3.0	66.9000005722	0.0	0.994901537895	0.0	-0.10085092485	30.1184524462	5.81483601487	-73.2042541504	16.9957008362	-16.4157505035	0.925862973589	4.0	31.0	83.0999994278	3.0	39.5999984741	0.997481987864	1.0	2
1.0	7770.71142578	2.0	2.0	1122.47399902	4.0	4.0	49.5199999809	0.0	0.994901537895	0.0	-0.10085092485	51.0612749983	5.81483601487	-73.2042541504	16.9957008362	-16.4157505035	0.925862973589	2.0	19.2800006866	36.7600002289	4.0	39.2200012207	0.991007445568	1.0	2
1.0	8509.06738281	2.0	2.0	1248.4329834	2.0	2.0	73.8800005913	0.0	0.994901537895	0.0	-0.10085092485	51.0612749983	5.81483601487	-73.2042541504	16.9957008362	-16.4157505035	0.925862973589	0.0	0.0	0.0	1.0	24.4200000763	0.995912875904	1.0	2
1.0	5251.54052734	1.0	1.0	494.430999756	1.0	1.0	25.9200000763	0.0	-0.99833470583	-0.0336548238993	0.0468527935445	40.1682549011	2.18213732333	-71.3923950195	24.5447502136	-20.8863487244	0.730184773624	1.0	5.03999996185	4.65999984741	1.0	5.03999996185	-1.0	0.0	2
1.0	6900.24951172	2.0	1.0	479.9296875	2.0	2.0	4.56879997253	0.0	-0.0472540706396	0.972094237804	-0.229782238603	20.97743274	3.60862288834	-64.9782562256	-1.14145648479	-5.30002498627	0.934078011542	7.0	11.2399997711	64.6360008717	4.0	27.3600006104	0.995103652673	1.0	2
1.0	1299.48840332	4.0	0.0	95.0280990601	1.0	0.0	0.0	10.0	0.0	0.0	0.0	0.0	0.0	0.0	0.0	0.0	2.0	0.0	0.0	0.0	0.0	0.0	0.481181050881	1.0	2
1.0	10200.8203125	3.0	2.0	1094.31298828	3.0	3.0	44.0	0.0	-0.99833470583	-0.0336548238993	0.0468527935445	40.7348313001	2.18213732333	-71.3923950195	24.5447502136	-20.8863487244	0.730184773624	12.0	5.03999996185	112.720000029	6.0	30.8799991608	0.999999375336	1.0	2
1.0	3881.58349609	3.0	1.0	790.111694336	4.0	1.0	0.0	10.0	0.0	0.0	0.0	0.0	0.0	0.0	0.0	0.0	2.0	5.0	22.0599994659	37.6399996281	2.0	27.3600006104	0.873637660452	1.0	2
1.0	5204.56298828	5.0	1.0	456.515686035	4.0	2.0	0.0	10.0	0.0	0.0	0.0	0.0	0.0	0.0	0.0	0.0	2.0	6.0	22.0599994659	53.3999996185	2.0	30.2999992371	0.982506255308	1.0	2
1.0	4772.60839844	4.0	3.0	671.153381348	2.0	1.0	3.46000003815	0.996224368638	0.047254037112	-0.97209662199	0.229771986604	34.698226674	5.70549578727	-66.1780548096	1.71712505817	-5.93451023102	0.287382337307	6.0	11.2399997711	40.9759995937	1.0	26.4799995422	0.999739619713	1.0	2
1.0	2262.94702148	7.0	2.0	304.779693604	2.0	2.0	10.720000267	0.0	0.998339474201	0.0336518324912	-0.0467533394694	33.6872110595	8.98624604923	-71.3784484863	29.9654502869	-41.6091995239	0.85733692343	3.0	9.72000026703	25.5599994659	0.0	17.5	0.900323727818	1.0	2
1.0	6402.08447266	2.0	1.0	604.343688965	3.0	3.0	33.3688001633	0.0	-0.0472540706396	0.972094237804	-0.229782238603	5.62386806812	3.60862288834	-64.9782562256	-1.14145648479	-5.30002498627	0.934078011542	7.0	9.72000026703	66.9399991035	4.0	30.2999992371	0.988238535832	1.0	2
1.0	649.655761719	4.0	0.0	977.359008789	1.0	0.0	0.0	10.0	0.0	0.0	0.0	0.0	0.0	0.0	0.0	0.0	2.0	0.0	0.0	0.0	0.0	0.0	0.481181050881	0.0	2
1.0	5669.74462891	1.0	1.0	113.604499817	2.0	1.0	0.0	10.0	0.0	0.0	0.0	0.0	0.0	0.0	0.0	0.0	2.0	2.0	32.5200004578	12.7599995136	0.0	36.1399993896	0.202213643972	1.0	2
1.0	1539.1439209	4.0	1.0	1089.59484863	3.0	1.0	15.3400001526	1.66604023923	-0.300637423992	-0.941432595253	-0.152714774013	14.1314008013	2.69584109001	-59.1831512451	38.253200531	-55.3692474365	0.92924360874	0.0	0.0	0.0	0.0	0.0	0.351508607112	1.0	2
1.0	8656.95117188	4.0	2.0	1146.41210938	2.0	2.0	43.8800010681	0.0	-0.993543028831	-0.113422557712	-0.00275462772697	39.9854905105	2.69666954664	-70.3914031982	26.7706489563	-34.3440475464	0.613197950714	3.0	11.5799999237	36.6199998856	1.0	11.5799999237	0.792326199726	1.0	2
1.0	4953.92333984	1.0	1.0	1090.96350098	2.0	2.0	28.5400009155	0.0	-0.993543028831	-0.113422557712	-0.00275462772697	9.92037596159	2.69666954664	-70.3914031982	26.7706489563	-34.3440475464	0.613197950714	3.0	11.5799999237	25.3999998569	1.0	11.5799999237	0.202213643972	1.0	2
1.0	4398.17626953	1.0	1.0	857.313598633	1.0	1.0	23.6800003052	0.0	-0.0588479749858	-0.984736979008	0.163798481226	26.5288585855	3.13085892347	-73.5059509277	23.7680015564	-24.1893005371	0.205412814281	2.0	10.7600002289	22.2400007248	1.0	10.7600002289	-1.0	0.0	2
1.0	8936.03808594	5.0	4.0	1398.48999023	3.0	3.0	102.339999199	0.0	-0.992685556412	0.0704835951328	0.0980177670717	29.9410490454	3.75879116601	-71.5069503784	33.0568008423	-27.3930511475	0.900603042235	12.0	10.7600002289	121.477201417	3.0	12.6999998093	0.973424032915	1.0	2
1.0	5132.64160156	1.0	1.0	645.109619141	2.0	2.0	17.8200001717	0.0	-0.992685258389	0.0704840868711	0.0980202406645	26.1384627422	2.9431852327	-70.9196472168	19.6767997742	-32.8138504028	0.924951206046	2.0	12.6999998093	18.8200006485	2.0	13.9799995422	0.00571292860758	1.0	2
1.0	10039.78125	4.0	2.0	1463.59057617	4.0	4.0	52.5200009346	1.01394279255	-0.058747317642	-0.984727203846	0.16389362514	29.7880788323	1.06408418905	-58.5551986694	36.6814002991	-56.3793487549	0.139056177113	7.0	3.6400001049	48.2772001773	0.0	42.4799995422	0.966338579615	1.0	2
1.0	110.388000488	1.0	0.0	1112.23168945	4.0	0.0	0.0	10.0	0.0	0.0	0.0	0.0	0.0	0.0	0.0	0.0	2.0	0.0	0.0	0.0	0.0	0.0	0.481181050881	1.0	2
1.0	5899.44238281	2.0	1.0	337.252990723	2.0	2.0	24.6800003052	1.21309111039	-0.108660914004	-0.146976917982	-0.983153402805	33.6800030664	1.02808813122	-72.5894470215	5.35758495331	-11.6041002274	0.358329457423	1.0	34.0200004578	10.720000267	0.0	34.0200004578	0.720339147102	1.0	2
1.0	451.236999512	2.0	1.0	1232.6920166	4.0	2.0	29.0	0.0	-0.992694795132	0.0704842582345	0.0979236736894	1.47586955555	11.4451688036	-65.3344497681	31.2371997833	-50.2660980225	0.575673030105	0.0	0.0	0.0	1.0	12.9200000763	0.995530394765	1.0	2
1.0	4879.60253906	1.0	1.0	1084.17858887	2.0	2.0	48.3600006104	0.0	-0.0588479749858	-0.984736979008	0.163798481226	26.5288585855	22.4788833578	-73.5059509277	23.7680015564	-24.1893005371	0.205412814281	2.0	10.7600002289	22.2400007248	1.0	10.7600002289	0.283383774796	1.0	2
1.0	10717.7617188	5.0	3.0	997.814575195	2.0	2.0	43.1399998665	0.0	-0.0588479749858	-0.984736979008	0.163798481226	39.5589855143	3.13085892347	-73.5059509277	23.7680015564	-24.1893005371	0.205412814281	5.0	10.7600002289	71.4400014877	2.0	12.5	0.977050225106	1.0	2
1.0	4587.54589844	1.0	1.0	714.733032227	1.0	1.0	24.0599994659	0.0	-0.999280333519	-0.0342894606292	-0.0162199866027	22.8196070332	2.08629507345	-71.7084960938	30.8782501221	-22.5256004333	0.0902014931154	1.0	16.8799991608	15.7399997711	1.0	16.8799991608	-1.0	0.0	3
1.0	8195.99511719	2.0	1.0	1554.98657227	4.0	3.0	20.9000000954	0.0	0.0314105674624	-0.976064145565	0.21520267427	23.9087158398	3.68142144955	-72.1323547363	28.4183006287	-26.2042503357	0.894250753468	11.0	3.88000011444	65.7372002974	9.0	37.8199996948	0.997130162379	1.0	3
1.0	4698.61816406	2.0	2.0	603.661010742	1.0	1.0	31.0	0.0	-0.999280333519	-0.0342894606292	-0.0162199866027	22.8196070332	2.08629507345	-71.7084960938	30.8782501221	-22.5256004333	0.0902014931154	3.0	3.88000011444	27.6999998093	2.0	16.8799991608	0.105948926289	1.0	3
1.0	8903.16601562	4.0	1.0	1441.31494141	6.0	4.0	21.8600001335	0.0	-0.999280273914	-0.0342911407351	-0.0162183046341	29.0468438833	27.8057135533	-71.2772064209	25.4791488647	-38.165397644	0.994954787326	18.0	12.9399995804	177.080002427	11.0	40.1800003052	0.999916493564	1.0	3
1.0	5012.67919922	1.0	1.0	714.733032227	1.0	1.0	24.0599994659	0.0	-0.999280333519	-0.0342894606292	-0.0162199866027	22.8196070332	2.08629507345	-71.7084960938	30.8782501221	-22.5256004333	0.0902014931154	1.0	16.8799991608	15.7399997711	1.0	16.8799991608	0.259776760877	1.0	3
1.0	9346.57617188	4.0	2.0	1131.82226562	3.0	3.0	49.4800000191	0.0	-0.999280333519	-0.0342894606292	-0.0162199866027	36.5181353705	2.08629507345	-71.7084960938	30.8782501221	-22.5256004333	0.0902014931154	8.0	5.48000001907	94.92000103	6.0	40.1800003052	0.999657483231	1.0	3
1.0	4786.46435547	2.0	1.0	714.733032227	1.0	1.0	24.0599994659	0.0	-0.999280333519	-0.0342894606292	-0.0162199866027	36.5181353705	2.08629507345	-71.7084960938	30.8782501221	-22.5256004333	0.0902014931154	1.0	16.8799991608	15.7399997711	1.0	16.8799991608	0.0483022317056	1.0	3
1.0	8664.47460938	3.0	1.0	1860.40539551	4.0	4.0	18.4399995804	0.0	-0.999280333519	-0.0342894606292	-0.0162199866027	36.5181353705	2.08629507345	-71.7084960938	30.8782501221	-22.5256004333	0.0902014931154	18.0	15.3400001526	184.613602482	6.0	40.1800003052	0.9999362969	1.0	3
1.0	1791.17736816	3.0	0.0	1035.30444336	2.0	0.0	0.0	10.0	0.0	0.0	0.0	0.0	0.0	0.0	0.0	0.0	2.0	0.0	0.0	0.0	0.0	0.0	0.481181050881	1.0	3
1.0	7057.98193359	2.0	1.0	1599.93457031	3.0	3.0	20.9000000954	0.0	0.0314105674624	-0.976064145565	0.21520267427	34.7725378545	3.68142144955	-72.1323547363	28.4183006287	-26.2042503357	0.894250753468	11.0	3.88000011444	120.640001297	6.0	40.1800003052	0.999505459968	1.0	3
1.0	3844.34594727	1.0	1.0	1116.95996094	1.0	1.0	23.0	0.0	-0.00326312286779	-0.994234204292	0.107180736959	21.0807240836	5.31461681735	-75.1517028809	25.4448013306	-19.91340065	0.035727201814	1.0	14.8599996567	16.3799991608	1.0	14.8599996567	-1.0	0.0	3
1.0	8318.70019531	5.0	2.0	1373.78491211	2.0	2.0	37.1800003052	0.0	-0.00326312286779	-0.994234204292	0.107180736959	44.8128205086	5.31461681735	-75.1517028809	25.4448013306	-19.91340065	0.035727201814	3.0	14.8599996567	50.8999986649	2.0	30.7000007629	0.983469636062	1.0	3
1.0	1449.49499512	2.0	0.0	165.156005859	1.0	0.0	0.0	10.0	0.0	0.0	0.0	0.0	0.0	0.0	0.0	0.0	2.0	0.0	0.0	0.0	0.0	0.0	0.481181050881	1.0	3
1.0	10794.9941406	6.0	2.0	1924.79455566	4.0	4.0	48.4400000572	0.0	-0.00326312286779	-0.994234204292	0.107180736959	44.8128205086	5.31461681735	-75.1517028809	25.4448013306	-19.91340065	0.035727201814	14.0	8.68000030518	132.045735888	4.0	42.6800003052	0.999517481168	1.0	3
1.0	3679.18994141	1.0	1.0	1282.1159668	2.0	2.0	39.8999996185	0.0	0.00327086821198	0.994223177433	-0.107282526791	2.05692795351	8.06980808444	-74.9327011108	36.5968017578	-27.0562515259	0.951376852579	2.0	12.6800003052	29.4399995804	2.0	14.8599996567	0.374966321535	1.0	3
1.0	10326.6005859	3.0	1.0	267.14630127	2.0	2.0	11.2600002289	0.0	-0.00327087682672	-0.994222939014	0.107284761965	27.4926152287	3.5176553695	-66.9515991211	14.405500412	-43.7393493652	0.83660094864	4.0	10.6999998093	45.0637364197	1.0	42.6800003052	0.982307002881	1.0	3
1.0	4407.30371094	3.0	3.0	432.302307129	3.0	3.0	31.1000003815	0.0	-0.00327087682672	-0.994222939014	0.107284761965	4.33534018673	4.1321333212	-66.9515991211	14.405500412	-43.7393493652	0.83660094864	2.0	10.6999998093	27.0399999619	0.0	41.6800003052	0.355161488859	1.0	3
1.0	6898.86962891	3.0	1.0	524.087280273	3.0	2.0	0.0	10.0	0.0	0.0	0.0	0.0	0.0	0.0	0.0	0.0	2.0	6.0	26.8799991608	51.2115995102	2.0	30.7000007629	0.98250625382	1.0	3
1.0	4514.16308594	1.0	1.0	1326.23596191	2.0	2.0	23.0	0.0	-0.00326312286779	-0.994234204292	0.107180736959	21.0807240836	5.31461681735	-75.1517028809	25.4448013306	-19.91340065	0.035727201814	2.0	14.8599996567	28.1399993896	2.0	26.8799991608	0.246203468429	1.0	3
1.0	9541.05273438	4.0	3.0	223.142303467	2.0	1.0	42.5599999428	0.0	0.00327086821198	0.994223177433	-0.107282526791	23.4604955721	8.06980808444	-74.9327011108	36.5968017578	-27.0562515259	0.951376852579	1.0	12.6800003052	13.0600004196	1.0	12.6800003052	0.998488158017	1.0	3
1.0	4551.77539062	1.0	1.0	130.539001465	1.0	1.0	20.1599998474	2.23138077724	0.135587230325	-0.96240323782	-0.235363841057	17.9472853294	1.64545579184	-72.2351531982	19.2441501617	-26.3717498779	0.711282855488	0.0	0.0	0.0	0.0	0.0	-1.0	0.0	3
1.0	8902.93945312	5.0	4.0	2133.22924805	5.0	4.0	83.8400001526	0.0	-0.995689570904	0.0703867897391	0.060398068279	42.1220851482	1.64554399326	-70.3007507324	24.6747493744	-18.0066509247	0.609762386668	15.0	8.19999980927	175.997201875	1.0	8.19999980927	0.985407706151	1.0	3
1.0	3961.48876953	6.0	3.0	2535.93457031	3.0	2.0	42.7000007629	2.23138077724	-0.135587230325	0.96240323782	0.235363841057	39.7174308821	17.9472853294	-72.2351531982	19.2441501617	-26.3717498779	0.711282855488	4.0	9.18000030518	38.6599998474	0.0	33.7400016785	0.49670478372	1.0	3
1.0	10229.8515625	7.0	4.0	389.615692139	4.0	4.0	53.8200006485	0.0	0.0535315610468	0.956509530544	-0.286747038364	16.7891555224	5.24497481169	-59.6591491699	24.6529006958	-51.7775001526	0.230891696343	5.0	8.19999980927	57.8600001335	2.0	10.2600002289	0.978216324169	1.0	3
1.0	1032.67089844	2.0	0.0	502.890197754	2.0	0.0	0.0	10.0	0.0	0.0	0.0	0.0	0.0	0.0	0.0	0.0	2.0	0.0	0.0	0.0	0.0	0.0	0.481181050881	1.0	3
1.0	7504.14355469	5.0	5.0	2101.24414062	1.0	1.0	83.2200005054	0.0	-0.995689511299	0.0703876689076	0.0603980645537	44.9361845668	1.61889633507	-70.6472473145	16.0342502594	-12.8961496353	0.939087693634	9.0	9.81999969482	116.942003421	0.0	32.2000007629	0.979323728849	1.0	3
1.0	4265.72070312	2.0	1.0	416.593994141	1.0	1.0	13.8800003529	0.0	-0.995689570904	0.0703867897391	0.060398068279	24.2512135232	1.08116017547	-70.3007507324	24.6747493744	-18.0066509247	0.564289367325	2.0	19.6800003052	46.9800014496	0.0	26.6800003052	0.113763179705	1.0	3
1.0	432.568908691	3.0	1.0	2463.32641602	2.0	2.0	18.6399998665	0.0	-0.0535294301808	-0.956507384777	0.286754667759	1.526601726	5.84435689919	-67.3736495972	9.72291564941	-34.0834999084	0.971653659206	1.0	8.19999980927	7.23999977112	1.0	8.19999980927	0.580737632235	1.0	3
1.0	4502.50488281	2.0	1.0	590.888000488	1.0	1.0	20.6600000858	0.0	0.99926251173	-0.0310833118856	-0.0225434992462	28.041075007	0.950856755085	-73.1017990112	23.4961013794	-19.5839500427	0.0432294367925	4.0	3.11999988556	24.9800004959	2.0	18.0	-1.0	0.0	3
1.0	12355.3984375	9.0	1.0	1541.59936523	5.0	3.0	33.8164161593	0.0	0.999265491962	-0.0309871118516	-0.0225452296436	48.1447006626	3.22705298186	-71.2783966064	11.9813499451	-11.8443498611	0.0340281930652	19.0	3.11999988556	151.362170789	3.0	36.4799995422	0.999105908516	1.0	3
1.0	4795.90478516	5.0	1.0	350.271606445	3.0	2.0	14.0336000919	0.0	-0.99926251173	0.0310833118856	0.0225434992462	27.9012981662	0.0	-73.1017990112	23.4961013794	-19.5839500427	0.0432294367925	3.0	8.57999992371	38.42000103	1.0	8.57999992371	0.536945452731	1.0	3
1.0	10068.7597656	8.0	1.0	632.374633789	2.0	2.0	28.8636002541	0.0	-0.99926251173	0.0310833118856	0.0225434992462	31.7603395756	0.0	-73.1017990112	23.4961013794	-19.5839500427	0.0432294367925	6.0	3.11999988556	54.0800020248	2.0	14.7600002289	0.967818234251	1.0	3
1.0	9485.81445312	4.0	2.0	1619.15673828	4.0	3.0	51.9399998188	0.0	0.99926251173	-0.0310833118856	-0.0225434992462	33.5532986039	0.950856755085	-73.1017990112	23.4961013794	-19.5839500427	0.0432294367925	16.0	3.11999988556	129.590802096	2.0	18.0	0.92580107985	1.0	3
1.0	10169.8613281	4.0	2.0	1012.55273438	4.0	3.0	51.9399998188	0.0	0.99926251173	-0.0310833118856	-0.0225434992462	33.5532986039	0.950856755085	-73.1017990112	23.4961013794	-19.5839500427	0.0432294367925	13.0	3.11999988556	57.2421685196	3.0	22.2999992371	0.959722497455	1.0	3
1.0	4382.44140625	1.0	1.0	670.967590332	1.0	1.0	24.633600235	0.0	0.0335471220315	0.986689388752	-0.159118160605	26.2919718717	2.43806538383	-73.6134490967	24.7328987122	-21.253950119	0.876280742515	3.0	3.11999988556	30.7000007629	1.0	18.0	0.130645451568	1.0	3
1.0	7801.55712891	6.0	2.0	1412.68823242	5.0	3.0	13.3099999428	0.0	0.0335471108556	0.986689090729	-0.159120112658	47.8835384665	4.02141216102	-69.7638549805	10.5255002975	-11.6526498795	0.0645953039372	15.0	8.57999992371	100.302168939	3.0	22.2999992371	0.972510053322	1.0	3
1.0	5650.46142578	1.0	1.0	580.185974121	1.0	1.0	22.1600005627	0.0	0.00760337105021	-0.965346038342	0.260862350464	33.4680765128	2.17399804078	-70.9265441895	23.1263999939	-25.3412494659	0.146095777352	2.0	31.0599994659	69.7000007629	0.0	37.5999984741	-1.0	0.0	3
1.0	10017.09375	11.0	5.0	4489.26171875	2.0	1.0	46.3651994802	0.0	-0.0075957053341	0.965321004391	-0.260955393314	33.5275812785	1.72823928271	-68.3567504883	1.48659002781	-7.05481004715	0.901388795283	26.0	4.63999986649	237.220656473	6.0	41.9000015259	0.999999339775	1.0	3
1.0	5764.36914062	1.0	1.0	580.185974121	1.0	1.0	22.1600005627	0.0	0.00760337105021	-0.965346038342	0.260862350464	33.4680765128	2.17399804078	-70.9265441895	23.1263999939	-25.3412494659	0.146095777352	2.0	31.0599994659	69.7000007629	0.0	37.5999984741	0.176122769964	1.0	3
1.0	7873.57910156	8.0	2.0	1027.7800293	1.0	1.0	3.72000002861	0.0	0.00760337105021	-0.965346038342	0.260862350464	33.4680765128	2.17399804078	-70.9265441895	23.1263999939	-25.3412494659	0.146095777352	8.0	32.7999992371	99.4332014658	1.0	32.7999992371	0.982322409419	1.0	3
1.0	7603.90722656	2.0	1.0	580.185974121	1.0	1.0	22.1600005627	0.0	0.00760337105021	-0.965346038342	0.260862350464	33.4680765128	2.17399804078	-70.9265441895	23.1263999939	-25.3412494659	0.146095777352	4.0	31.0599994659	80.6592003442	0.0	37.5999984741	0.812312129875	1.0	3
1.0	7557.82421875	3.0	1.0	502.872589111	1.0	1.0	0.0	10.0	0.0	0.0	0.0	0.0	0.0	0.0	0.0	0.0	2.0	4.0	31.2600002289	54.1187999994	2.0	32.7999992371	0.982551927811	1.0	3
1.0	7056.79443359	4.0	4.0	3446.02075195	2.0	2.0	53.5000002384	0.0	0.999440729618	0.0	-0.0334397517145	2.26329322504	0.0	-68.841003418	40.9464988708	-40.9617996216	0.741274038458	15.0	4.63999986649	189.878401473	6.0	41.9000015259	0.999972816937	1.0	3
1.0	2364.90991211	2.0	1.0	1504.29003906	2.0	1.0	18.4400005341	0.0	0.00770720653236	-0.965311765671	0.26098626852	3.84902269199	25.4245696559	-71.9776000977	20.9209499359	-26.4975013733	0.173988870916	2.0	31.0599994659	54.1399993896	0.0	33.0	0.991054455247	1.0	3
1.0	6956.77392578	6.0	4.0	3113.10693359	2.0	2.0	28.4191996194	0.0	-0.0075957053341	0.965321004391	-0.260955393314	33.5275812785	1.72823928271	-68.3567504883	1.48659002781	-7.05481004715	0.901388795283	14.0	4.63999986649	156.652256459	3.0	32.3199996948	0.999858756537	1.0	3
1.0	6319.27294922	6.0	5.0	4151.46679688	1.0	1.0	77.525199566	0.0	-0.0075957053341	0.965321004391	-0.260955393314	33.5275812785	1.72823928271	-68.3567504883	1.48659002781	-7.05481004715	0.901388795283	19.0	4.63999986649	230.861457273	5.0	34.1599998474	0.98806254798	1.0	3
