valid	volumeS1	connectedComponentsS1	connectedComponentsS1Rel	volumeS2	connectedComponentsS2	connectedComponentsS2Rel	corticalSize	distanceMin	direction_x	direction_y	direction_z	distanceToExtremity1	distanceToExtremity2	gravityCenter_x	gravityCenter_y	gravityCenter_z	corticalDotProduct	junctions	junctionDepthMin	junctionsSize	plisDePassage	plisDePassageDepthMax	Potential	Class	cycle
1.0	35.510799408	1.0	0.0	4289.26513672	5.0	0.0	0.0	10.0	0.0	0.0	0.0	0.0	0.0	0.0	0.0	0.0	2.0	0.0	0.0	0.0	0.0	0.0	3.36603671841e-12	0.0	1
1.0	1964.4921875	5.0	2.0	841.328979492	5.0	3.0	28.5399999619	0.0	0.0584622509778	0.987305104733	-0.147684693336	1.48139813143	26.3065295639	-32.3339996338	78.3934020996	-59.6512985229	0.267270887917	1.0	21.9200000763	9.07999992371	1.0	23.9200000763	0.995672596253	1.0	1
1.0	1110.29931641	4.0	1.0	9854.47949219	17.0	1.0	9.47999954224	0.0	0.997895658016	-0.0559471212327	-0.0327737592161	1.48140942795	2.0063465451	-71.4853973389	58.5804977417	-32.65284729	0.238498398305	1.0	16.8400001526	16.2600002289	0.0	16.8400001526	0.321248441143	1.0	1
1.0	460.506988525	1.0	1.0	9329.81054688	13.0	1.0	9.03999996185	3.65349142229	0.0720784068108	0.833335697651	0.548047721386	3.4759890419	39.440789535	-62.0886497498	67.6263504028	-47.8552513123	0.725388112558	0.0	0.0	0.0	0.0	0.0	0.047541086591	1.0	1
1.0	496.017791748	2.0	2.0	5771.88867188	11.0	1.0	21.8599996567	2.49481665188	-0.615464448929	-0.161968111992	0.771342873573	4.2927957663	40.3804490726	-58.6612472534	74.5424499512	-46.7654495239	0.289304671968	0.0	0.0	0.0	0.0	0.0	0.0912395509146	1.0	1
1.0	928.593811035	2.0	2.0	16134.4775391	17.0	3.0	28.1000003815	0.0	-0.105048105121	-0.992555141449	-0.0616372898221	7.0145285552	63.7644703199	-71.0286560059	38.1493530273	-22.1863994598	0.879863756281	3.0	9.56000041962	39.2399997711	2.0	9.56000041962	0.45768956804	1.0	1
1.0	1044.19848633	4.0	3.0	9313.68652344	17.0	3.0	45.5799999237	0.0	0.995591282845	-0.0936355441809	0.0055098910816	4.17278286262	23.0361196827	-36.4724998474	78.4032974243	-44.8776016235	0.384814032465	3.0	9.56000041962	40.8599996567	2.0	15.1599998474	0.964761758357	1.0	1
1.0	934.332885742	5.0	4.0	18776.4257812	15.0	3.0	60.7400021553	0.0	0.999345302582	-0.0346959941089	-0.010254336521	21.8704909177	48.1422569176	-51.1707496643	73.8626556396	-49.9748497009	0.791248126962	3.0	4.57999992371	39.2399992943	1.0	19.1000003815	0.673642749928	1.0	1
1.0	541.77947998	4.0	4.0	3543.81103516	6.0	3.0	10.3400001526	0.0	0.99934732914	-0.0346106700599	-0.010345431976	3.06972096004	44.0148777343	-59.7439002991	76.7703018188	-21.368598938	0.750317617868	3.0	5.53999996185	30.6199998856	3.0	19.1000003815	0.974196357017	1.0	1
1.0	142.167999268	1.0	1.0	2765.5793457	4.0	2.0	16.6599998474	0.0	0.99934732914	-0.0346106663346	-0.0103471335024	4.35931210937	45.9689698048	-49.4650993347	85.5039978027	-33.9119033813	0.290755279537	1.0	7.42000007629	9.0	0.0	7.42000007629	0.300267976411	1.0	1
1.0	142.167999268	1.0	1.0	6797.54199219	6.0	1.0	18.2000007629	2.67020600599	-0.49915677309	-0.566603422165	-0.655593693256	4.20230066813	46.1407650956	-54.1194000244	81.4066467285	-35.8425979614	0.970198259008	0.0	0.0	0.0	0.0	0.0	0.201547921009	1.0	1
1.0	252.79069519	2.0	2.0	14123.6884766	10.0	4.0	37.1000008583	0.0	0.99934732914	-0.0346106700599	-0.010345431976	3.06972096004	31.6813858874	-59.7439002991	76.7703018188	-21.368598938	0.750317617868	4.0	3.16000008583	31.7400003672	3.0	13.6999998093	0.398508501173	1.0	1
1.0	1204.86425781	1.0	1.0	5812.60058594	8.0	1.0	12.8800001144	2.30461715332	0.670762717724	0.740369021893	-0.0439440310001	8.96763228598	47.7450019205	-55.2365989685	73.2410507202	-40.7117996216	0.21829236748	0.0	0.0	0.0	0.0	0.0	-1.0	0.0	1
1.0	2036.37548828	4.0	2.0	6764.60644531	14.0	3.0	52.42000103	0.0	0.046194318682	0.99374961853	-0.101625815034	2.10503610528	50.2525598991	-60.7544021606	71.1535491943	-13.3607997894	0.547841269385	1.0	4.05999994278	2.94000005722	1.0	4.05999994278	0.141428569096	1.0	1
1.0	801.34185791	2.0	2.0	4907.38134766	8.0	1.0	8.05999994278	0.0	-0.0503086484969	0.0856106728315	0.995057702065	12.9841021403	47.9853959099	-51.0911483765	68.3904495239	-47.9314498901	0.279495540278	1.0	11.2600002289	9.18000030518	0.0	11.2600002289	0.131077276076	1.0	1
1.0	852.769042969	2.0	1.0	4981.15478516	7.0	1.0	3.51999998093	3.93940349769	0.044216811657	0.467595547438	0.882835924625	0.0	43.9462576183	-48.424697876	82.7303009033	-34.1514511108	0.683254339979	0.0	0.0	0.0	0.0	0.0	0.0998613018101	1.0	1
1.0	109.406196594	2.0	0.0	921.669311523	3.0	0.0	0.0	10.0	0.0	0.0	0.0	0.0	0.0	0.0	0.0	0.0	2.0	0.0	0.0	0.0	0.0	0.0	3.36603671841e-12	1.0	1
1.0	602.236999512	1.0	0.0	5221.78857422	3.0	0.0	0.0	10.0	0.0	0.0	0.0	0.0	0.0	0.0	0.0	0.0	2.0	0.0	0.0	0.0	0.0	0.0	3.36603671841e-12	0.0	1
1.0	2319.78125	3.0	2.0	9446.33984375	10.0	2.0	72.8399996758	0.0	0.994936048985	0.0	-0.100509814918	12.6432293247	28.6852499039	-60.176700592	74.0390014648	-19.304851532	0.602297911569	2.0	3.3599998951	13.4399998188	1.0	5.80000019073	0.691706472579	1.0	1
1.0	695.755981445	1.0	0.0	299.028015137	1.0	0.0	0.0	10.0	0.0	0.0	0.0	0.0	0.0	0.0	0.0	0.0	2.0	0.0	0.0	0.0	0.0	0.0	3.36603671841e-12	1.0	1
1.0	1670.55700684	3.0	1.0	12799.5810547	12.0	2.0	35.6400001049	2.11413105856	-0.280202686787	-0.924910664558	-0.256956666708	19.6061240723	17.5364233692	-64.0127029419	58.0301971436	-33.8694496155	0.990715170678	0.0	0.0	0.0	0.0	0.0	0.516305153838	1.0	1
1.0	203.315994263	1.0	1.0	6968.86474609	10.0	2.0	29.2000002861	0.0	0.00610239710659	-0.998391151428	0.0563721135259	8.74717135071	28.6671926763	-47.4193000793	85.7082977295	-21.2601509094	0.806821976625	1.0	3.05999994278	5.51999998093	0.0	3.05999994278	0.564793326735	1.0	1
1.0	292.156005859	1.0	0.0	3668.18823242	6.0	0.0	0.0	10.0	0.0	0.0	0.0	0.0	0.0	0.0	0.0	0.0	2.0	0.0	0.0	0.0	0.0	0.0	3.36603671841e-12	0.0	1
1.0	3595.10083008	2.0	2.0	21403.1015625	19.0	3.0	103.100801155	0.0	0.0429979115725	0.985947549343	-0.161426961422	2.14479137604	50.4201619152	-41.8942489624	86.054649353	-34.5169487	0.213837388561	4.0	2.96000003815	33.0599992275	3.0	17.1599998474	0.996248734778	1.0	1
1.0	1970.07641602	4.0	3.0	4653.34716797	11.0	2.0	22.2599992752	0.0	-0.0429139919579	-0.985951066017	0.161427557468	1.79001345464	1.28316803102	-29.004699707	83.8325500488	-54.698348999	0.160633448758	2.0	15.0399999619	27.4799995422	0.0	22.8199996948	0.257270747574	1.0	1
1.0	3362.46435547	6.0	6.0	22109.5839844	18.0	4.0	135.960000753	0.0	-0.0429139919579	-0.985951066017	0.161427557468	1.79001345464	30.0471437885	-29.004699707	83.8325500488	-54.698348999	0.160633448758	8.0	4.71999979019	84.1799993515	4.0	18.9400005341	0.993138968061	1.0	1
1.0	1068.45898438	2.0	2.0	10357.6474609	13.0	3.0	43.3807999343	0.0	-0.998985528946	0.03659581393	-0.0262422058731	1.28316689777	48.5244088238	-64.3901977539	75.6959991455	-24.1634502411	0.847708706665	5.0	2.96000003815	47.9000012875	2.0	7.67999982834	0.446492167784	1.0	1
1.0	560.500976562	1.0	1.0	6912.68847656	13.0	1.0	22.6799998283	0.0	0.042916148901	0.985964119434	-0.161347195506	1.20237750107	23.5156026598	-44.4138031006	83.2213516235	-38.0029983521	0.958148708961	2.0	4.71999979019	2.96000003815	3.0	18.9400005341	0.130837652834	1.0	1
1.0	136.279998779	1.0	1.0	6023.26513672	10.0	1.0	14.6800003052	0.0	-0.998985528946	0.03659581393	-0.0262422058731	1.28316689777	44.9632677931	-64.3901977539	75.6959991455	-24.1634502411	0.847708706665	1.0	10.9200000763	11.0200004578	0.0	10.9200000763	0.213777576739	1.0	1
1.0	1374.11999512	1.0	0.0	3984.55395508	10.0	0.0	0.0	10.0	0.0	0.0	0.0	0.0	0.0	0.0	0.0	0.0	2.0	0.0	0.0	0.0	0.0	0.0	3.36603671841e-12	0.0	1
1.0	6267.97753906	5.0	5.0	17510.9804688	14.0	3.0	79.057199385	0.0	0.999824345112	0.0	0.018742389977	3.15504936515	20.0522077154	-25.6335506439	80.5149002075	-53.8225021362	0.984773035475	10.0	3.0	120.70000124	1.0	3.0	0.99262146393	1.0	1
1.0	2897.59082031	7.0	7.0	16854.0292969	22.0	6.0	91.6371995471	0.0	0.999824345112	0.0	0.018742389977	1.49147090688	24.4148305063	-25.6335506439	80.5149002075	-53.8225021362	0.984773035475	21.0	3.0	262.399999619	5.0	24.7800006866	0.935494378703	1.0	1
1.0	3821.16943359	6.0	6.0	21473.7988281	21.0	5.0	156.580000639	0.0	0.999825954437	0.0	0.0186548233032	1.49147331366	26.9114198597	-27.8170509338	78.5682983398	-53.4747505188	0.930569249008	13.0	8.47999954224	179.913599253	4.0	22.9599990845	0.986510025995	1.0	1
1.0	1262.82910156	2.0	2.0	6874.5234375	14.0	2.0	26.9000000954	0.0	-0.999826073647	0.0	-0.0186512861401	24.2683153655	5.53809216023	-52.9369506836	65.3237991333	-48.9707489014	0.0317062063388	2.0	14.9200000763	29.5000009537	0.0	16.7800006866	0.372319421062	1.0	1
1.0	2043.12890625	4.0	2.0	3418.44042969	12.0	2.0	30.8000001907	1.92449735049	0.277292281389	0.41745147109	0.865357279778	7.49735027973	34.9383493576	-40.0742988586	87.6633453369	-38.6291007996	0.942085114114	0.0	0.0	0.0	0.0	0.0	0.547800871485	1.0	1
1.0	2002.35705566	2.0	1.0	9391.50390625	16.0	1.0	15.0200004578	0.0	-0.736232936382	0.660869598389	-0.145644828677	19.8910447092	1.47276370873	-52.9529495239	66.9746551514	-48.1357498169	0.751125405174	2.0	14.9200000763	28.9600000381	0.0	14.9200000763	0.409540334038	1.0	1
1.0	316.933990479	1.0	0.0	5947.01074219	5.0	0.0	0.0	10.0	0.0	0.0	0.0	0.0	0.0	0.0	0.0	0.0	2.0	0.0	0.0	0.0	0.0	0.0	3.36603671841e-12	0.0	1
1.0	6078.47167969	7.0	5.0	13319.5322266	18.0	8.0	121.880000114	0.0	-0.0265261530876	-0.970082521439	0.24132181704	0.0	14.8773206308	-29.5425987244	85.0740966797	-56.6513519287	0.103513226414	25.0	5.71999979019	256.291200429	7.0	26.8400001526	0.9709928963	1.0	1
1.0	4200.25048828	3.0	2.0	6628.67919922	22.0	2.0	25.3999989033	0.0	0.0265243444592	0.970083475113	-0.241318374872	1.04052843488	34.3406449711	-42.6512985229	86.9198989868	-49.2536506653	0.265018585337	5.0	6.23999977112	29.6959997118	1.0	15.279999733	0.935494569879	1.0	1
1.0	1033.18408203	4.0	0.0	276.31539917	1.0	0.0	0.0	10.0	0.0	0.0	0.0	0.0	0.0	0.0	0.0	0.0	2.0	0.0	0.0	0.0	0.0	0.0	3.36603671841e-12	1.0	1
1.0	1862.32922363	5.0	3.0	7748.79882812	8.0	2.0	45.2415995598	0.0	0.0265261530876	0.970082521439	-0.24132181704	1.04052940603	2.35801121385	-29.5425987244	85.0740966797	-56.6513519287	0.517857395565	5.0	8.43999958038	55.120000124	0.0	25.6800003052	0.793589924535	1.0	1
1.0	4825.70263672	5.0	4.0	12852.8515625	10.0	5.0	73.3216006756	0.0	0.0265261530876	0.970082521439	-0.24132181704	1.04052940603	66.9260274971	-29.5425987244	85.0740966797	-56.6513519287	0.517857395565	12.0	4.92000007629	94.4776018262	4.0	18.5200004578	0.973516160826	1.0	1
1.0	2498.85107422	3.0	3.0	5624.14306641	7.0	4.0	51.7999987602	0.0	-0.993508279324	0.0	-0.113759703934	37.3834309041	21.6942823897	-52.268951416	86.8074035645	-27.853099823	0.501949296296	4.0	9.88000011444	39.3599996567	0.0	17.1200008392	0.20786395545	1.0	1
1.0	4729.21337891	7.0	4.0	7968.12695312	9.0	6.0	44.0800004005	0.0	0.0265243444592	0.970083475113	-0.241318374872	12.2627216787	14.3502938273	-36.1382980347	90.317199707	-47.490650177	0.598098737556	5.0	10.5600004196	44.6400005817	0.0	21.2000007629	0.986743516104	1.0	1
1.0	988.991760254	3.0	2.0	11548.5292969	11.0	3.0	46.5599994659	0.0	0.993508279324	0.0	0.113759703934	9.25082316953	45.413469487	-42.0855484009	87.4245986938	-49.3160018921	0.104394042302	3.0	8.43999958038	22.3999996185	0.0	17.1200008392	0.762413226936	1.0	1
1.0	4773.97705078	5.0	3.0	12294.8984375	8.0	4.0	92.7199990749	0.0	-0.0265206694603	-0.970083117485	0.241320133209	2.38919343019	4.28247040208	-69.5032958984	56.7592010498	-18.5124511719	0.17250550121	9.0	6.23999977112	94.2615990341	1.0	18.5200004578	0.968233104362	1.0	1
1.0	209.897003174	1.0	0.0	4251.8671875	8.0	0.0	0.0	10.0	0.0	0.0	0.0	0.0	0.0	0.0	0.0	0.0	2.0	0.0	0.0	0.0	0.0	0.0	3.36603671841e-12	0.0	1
1.0	4899.7578125	6.0	3.0	10346.1044922	14.0	3.0	82.0168011189	0.0	-0.982106149197	0.129235178232	0.136988371611	37.0628734447	51.094522888	-55.3237991333	73.9420471191	-31.3894500732	0.969146736046	5.0	4.88000011444	60.1000003815	3.0	9.31999969482	0.999105907612	1.0	1
1.0	4665.54931641	7.0	4.0	16121.9990234	21.0	2.0	79.1400005817	0.0	0.982096791267	-0.129213377833	-0.137075766921	1.43296870253	31.2279612509	-26.7338504791	79.9349517822	-53.5163993835	0.945135204756	4.0	7.36000013351	62.1599998474	2.0	22.3400001526	0.970917377132	1.0	1
1.0	6133.38085938	5.0	4.0	13056.7216797	21.0	5.0	141.663200721	0.0	0.982096791267	-0.129213377833	-0.137075766921	1.43296870253	23.6443923436	-26.7338504791	79.9349517822	-53.5163993835	0.945135204756	6.0	4.88000011444	77.5199995041	4.0	17.1599998474	0.996714911942	1.0	1
1.0	2055.03198242	3.0	3.0	4504.55859375	8.0	1.0	16.4800002575	0.0	-0.0849936157465	-0.95344209671	0.289351463318	15.0460396152	10.0813356136	-58.496799469	71.1379547119	-25.4203491211	0.880772505581	1.0	9.31999969482	14.5399999619	1.0	9.31999969482	0.468734335556	1.0	1
1.0	2941.55371094	4.0	3.0	12037.2421875	12.0	3.0	64.878401041	0.0	0.0849857479334	0.953450918198	-0.28932467103	1.75650621196	18.0802605743	-56.0442008972	79.3771972656	-14.4265499115	0.758208018167	3.0	4.88000011444	31.2399997711	3.0	9.31999969482	0.970588063861	1.0	1
1.0	775.809020996	2.0	2.0	13331.2714844	10.0	2.0	44.5399990082	0.0	0.982109487057	-0.129223138094	-0.136975616217	8.35187784643	12.6609374648	-55.2304496765	69.7127532959	-42.4551467896	0.981608039696	1.0	7.36000013351	7.11999988556	0.0	7.36000013351	0.283383917323	1.0	1
1.0	3444.16967773	5.0	3.0	8071.90625	11.0	2.0	42.1568005085	0.0	0.0849857479334	0.953450918198	-0.28932467103	1.75650621196	50.184208745	-56.0442008972	79.3771972656	-14.4265499115	0.758208018167	4.0	4.88000011444	45.5399999619	3.0	8.92000007629	0.980847877641	1.0	1
1.0	118.942001343	1.0	1.0	4361.24316406	8.0	1.0	8.92000007629	0.0	-0.982109606266	0.129116401076	0.137075647712	1.45280581832	38.9473750968	-50.310546875	82.0713043213	-16.21849823	0.75707446181	1.0	13.6800003052	12.8400001526	0.0	13.6800003052	0.0854843568586	1.0	1
1.0	318.656005859	1.0	1.0	4899.91162109	8.0	1.0	8.0	2.68711557522	0.29829916358	0.901891291142	0.312425583601	4.30513624743	0.0	-43.8190498352	71.1531066895	-48.2361526489	0.677704552706	0.0	0.0	0.0	0.0	0.0	-1.0	0.0	1
1.0	4271.90527344	5.0	4.0	10657.890625	23.0	6.0	107.263600342	0.0	0.0411630310118	0.994545757771	-0.0958349108696	1.96272599443	36.0266073388	-33.3429489136	70.4048995972	-53.2150497437	0.898031978508	6.0	0.920000016689	73.4399986267	3.0	15.8599996567	0.996434049939	1.0	1
1.0	2063.45239258	7.0	5.0	7613.89257812	19.0	5.0	93.8800001144	0.0	-0.0411630310118	-0.994545757771	0.0958349108696	14.6598889206	36.2083008737	-33.3429489136	70.4048995972	-53.2150497437	0.898031978508	5.0	4.42000007629	57.5199995041	3.0	15.8599996567	0.312645066725	1.0	1
1.0	4254.76953125	5.0	5.0	15456.4423828	23.0	8.0	123.920000315	0.0	0.0411630310118	0.994545757771	-0.0958349108696	1.96272599443	36.0266073388	-33.3429489136	70.4048995972	-53.2150497437	0.898031978508	10.0	4.98000001907	139.599998951	3.0	18.3999996185	0.966927462582	1.0	1
1.0	374.52130127	2.0	1.0	5626.26660156	12.0	2.0	24.5399999619	1.99960746489	0.246398761868	0.729544997215	0.638006031513	15.3946197495	20.9682953122	-42.4994010925	81.0820999146	-37.9923019409	0.416974288325	0.0	0.0	0.0	0.0	0.0	0.123439245489	1.0	1
1.0	2093.89501953	2.0	2.0	9037.42382812	14.0	5.0	83.1800003052	0.0	0.041161455214	0.99455755949	-0.0957133099437	2.49492909582	28.552569367	-25.0387496948	79.5740509033	-49.5180969238	0.77560009059	3.0	8.92000007629	39.1999998093	2.0	15.8599996567	0.968885827715	1.0	1
1.0	318.656005859	1.0	1.0	5191.94677734	9.0	2.0	10.8599998951	2.09161894796	-0.457999438047	-0.660084605217	-0.595419824123	1.02024468191	7.29471899793	-43.9006500244	63.5624008179	-51.6764526367	0.686624632895	0.0	0.0	0.0	0.0	0.0	0.0354343581079	1.0	1
1.0	578.544006348	3.0	2.0	6795.00439453	11.0	2.0	20.3200004101	2.68711557522	0.29829916358	0.901891291142	0.312425583601	24.6693944077	57.338907125	-43.8190498352	71.1531066895	-48.2361526489	0.677704552706	0.0	0.0	0.0	0.0	0.0	0.0707799451194	1.0	1
1.0	80.2106018066	1.0	1.0	4110.15673828	8.0	1.0	12.8199996948	2.05461184286	-0.0124360155314	0.251147508621	0.967868924141	0.987287681637	42.6257282845	-51.9981498718	87.7933044434	-28.7099990845	0.270849233926	0.0	0.0	0.0	0.0	0.0	-1.0	0.0	1
1.0	6040.30273438	9.0	5.0	15765.2617188	25.0	5.0	100.880000591	0.0	0.999507308006	0.0309924148023	0.00496257236227	5.64552890464	41.0637517344	-60.1431503296	77.0001068115	-10.4955501556	0.354520136637	3.0	5.17999982834	22.8599996567	3.0	21.4799995422	0.998823984248	1.0	1
1.0	914.266967773	5.0	4.0	6864.3125	17.0	4.0	34.9600002766	0.0	0.999507308006	0.0309924148023	0.00496257236227	5.64552890464	34.0779084223	-60.1431503296	77.0001068115	-10.4955501556	0.354520136637	3.0	8.11999988556	48.57999897	1.0	25.8799991608	0.524635420987	1.0	1
1.0	3827.34375	7.0	6.0	19190.0429688	21.0	5.0	175.260000348	0.0	-0.999507129192	-0.030987797305	-0.00502392556518	1.7046716273	38.0798723767	-61.1365013123	76.7266998291	-7.5128698349	0.21578185373	11.0	2.79999995232	149.259999275	5.0	25.8799991608	0.996359760334	1.0	1
1.0	80.2106018066	1.0	1.0	6925.43603516	15.0	2.0	22.0199995041	2.05461184286	-0.0124360155314	0.251147508621	0.967868924141	0.987287681637	29.563533126	-51.9981498718	87.7933044434	-28.7099990845	0.270849233926	0.0	0.0	0.0	0.0	0.0	0.096814799856	1.0	1
1.0	367.821594238	2.0	2.0	10961.2910156	12.0	3.0	60.1199998856	0.0	0.0288073159754	-0.963104605675	0.26758107543	13.8211331091	34.5641630527	-55.5242004395	76.7277526855	-45.4015007019	0.841813146035	0.0	0.0	0.0	1.0	16.3799991608	0.663927466984	1.0	1
1.0	1469.03857422	3.0	0.0	2881.72753906	9.0	0.0	0.0	10.0	0.0	0.0	0.0	0.0	0.0	0.0	0.0	0.0	2.0	0.0	0.0	0.0	0.0	0.0	3.36603671841e-12	1.0	1
1.0	78.6825027466	1.0	0.0	607.676635742	3.0	0.0	0.0	10.0	0.0	0.0	0.0	0.0	0.0	0.0	0.0	0.0	2.0	0.0	0.0	0.0	0.0	0.0	3.36603671841e-12	1.0	1
1.0	789.523010254	1.0	0.0	2610.6965332	3.0	0.0	0.0	10.0	0.0	0.0	0.0	0.0	0.0	0.0	0.0	0.0	2.0	0.0	0.0	0.0	0.0	0.0	3.36603671841e-12	0.0	1
1.0	2411.29492188	4.0	4.0	18027.3125	18.0	6.0	119.90000236	0.0	0.997142195702	0.0	-0.0755478143692	4.81440453703	25.5506507346	-36.5512466431	83.040802002	-49.0478515625	0.0344028894365	14.0	3.38000011444	145.920001388	7.0	26.2399997711	0.970915522732	1.0	1
1.0	2081.11547852	5.0	3.0	8842.46582031	16.0	4.0	37.0599999428	0.0	-0.99713408947	0.0	0.0756542831659	3.2227788475	46.6136357393	-61.801651001	72.5223999023	-11.2131004333	0.744490048789	5.0	3.33999991417	55.0	2.0	23.2399997711	0.250722720113	1.0	1
1.0	3852.24487305	5.0	5.0	12829.3457031	16.0	5.0	108.760000587	0.0	-0.99713408947	0.0	0.0756542831659	3.2227788475	41.8018369862	-61.801651001	72.5223999023	-11.2131004333	0.744490048789	12.0	3.33999991417	107.880001426	6.0	23.2399997711	0.984052139208	1.0	1
1.0	962.694946289	1.0	1.0	9101.16796875	10.0	3.0	27.5999999046	0.0	-0.0130403498188	0.976928591728	-0.213167786598	10.9359846557	32.0323505983	-46.3897514343	63.9828491211	-52.1273994446	0.254013068092	2.0	20.1399993896	39.5	0.0	20.1399993896	0.134589879111	1.0	1
1.0	1400.12988281	2.0	2.0	9395.81445312	9.0	3.0	57.2200016975	0.0	0.997142195702	0.0	-0.0755478143692	4.81440453703	15.5050100645	-36.5512466431	83.040802002	-49.0478515625	0.0344028894365	3.0	15.0600004196	54.5399999619	0.0	20.1399993896	0.356871406189	1.0	1
1.0	962.694946289	1.0	1.0	9327.49511719	9.0	2.0	12.9599995613	2.26113910528	-0.330544292927	0.817244768143	0.472071498632	11.7726308929	32.0662980211	-48.0615997314	66.8014984131	-49.4171981812	0.667118844826	0.0	0.0	0.0	0.0	0.0	0.0876094173947	1.0	1
1.0	98.0784988403	1.0	1.0	4643.54443359	9.0	1.0	7.40000009537	2.4496571515	-0.307692080736	0.584488034248	0.750799119473	2.1837593714	4.01007836526	-56.7310028076	62.0932006836	-52.0844993591	0.0075107497622	0.0	0.0	0.0	0.0	0.0	-1.0	0.0	1
1.0	4389.48291016	7.0	6.0	13660.5537109	15.0	3.0	127.719999313	0.0	-0.0092468559742	0.994012475014	-0.108874686062	1.52827848396	18.2099512673	-29.6733512878	79.4708023071	-48.1198997498	0.369032387376	11.0	4.80000019073	142.179998398	5.0	17.0599994659	0.976444258624	1.0	1
1.0	758.683959961	2.0	0.0	884.539489746	4.0	0.0	0.0	10.0	0.0	0.0	0.0	0.0	0.0	0.0	0.0	0.0	2.0	0.0	0.0	0.0	0.0	0.0	3.36603671841e-12	1.0	1
1.0	4711.67626953	6.0	5.0	11812.2578125	18.0	7.0	171.879999638	0.0	-0.00924685224891	0.994012057781	-0.108878277242	43.8120428232	15.8563657659	-27.7160491943	78.1751022339	-51.3123016357	0.0275856062365	11.0	4.80000019073	146.459997654	4.0	17.0599994659	0.99173207545	1.0	1
1.0	1443.08996582	1.0	0.0	4134.76269531	15.0	0.0	0.0	10.0	0.0	0.0	0.0	0.0	0.0	0.0	0.0	0.0	2.0	0.0	0.0	0.0	0.0	0.0	3.36603671841e-12	1.0	1
1.0	2868.64233398	3.0	2.0	5068.98828125	13.0	2.0	25.5200006962	0.0	-0.994893431664	0.0	0.100930772722	29.2222136361	2.16861815289	-62.0437011719	58.0974998474	-42.4776992798	0.176942738929	1.0	10.2600002289	9.76000022888	0.0	10.2600002289	0.965395046168	1.0	1
1.0	1300.36499023	2.0	0.0	152.037994385	1.0	0.0	0.0	10.0	0.0	0.0	0.0	0.0	0.0	0.0	0.0	0.0	2.0	0.0	0.0	0.0	0.0	0.0	3.36603671841e-12	1.0	1
1.0	770.580993652	2.0	1.0	2475.91699219	9.0	1.0	8.02000045776	0.0	-0.994893431664	0.0	0.100930772722	16.6911076957	2.16861815289	-62.0437011719	58.0974998474	-42.4776992798	0.176942738929	1.0	10.2600002289	9.76000022888	0.0	10.2600002289	0.156896236942	1.0	1
1.0	2760.12866211	6.0	6.0	4362.77294922	11.0	3.0	78.2800002098	0.0	-0.0092468559742	0.994012475014	-0.108874686062	1.52827848396	41.8201422705	-29.6733512878	79.4708023071	-48.1198997498	0.369032387376	4.0	4.80000019073	49.2199997902	1.0	4.80000019073	0.987018401901	1.0	1
1.0	581.195007324	1.0	1.0	5187.77392578	5.0	1.0	4.46040010452	3.40166129309	-0.25127646327	0.323740184307	0.912169098854	14.9440615435	55.3421873433	-53.9926986694	87.2410430908	-29.2140007019	0.954417210914	0.0	0.0	0.0	0.0	0.0	-1.0	0.0	1
1.0	2900.80615234	5.0	4.0	17466.6679688	16.0	4.0	90.259199053	0.0	0.998331785202	0.0337504558265	-0.0468464680016	1.8939650954	57.6885227888	-34.4878501892	79.800994873	-53.2970504761	0.206356600372	5.0	1.0	50.6000014544	0.0	23.3400001526	0.986973011891	1.0	1
1.0	1136.6192627	7.0	1.0	12760.6865234	17.0	1.0	0.0	10.0	0.0	0.0	0.0	0.0	0.0	0.0	0.0	0.0	2.0	1.0	6.13999986649	0.019999999553	1.0	6.13999986649	0.102471214912	1.0	1
1.0	2864.72241211	7.0	5.0	13188.78125	18.0	3.0	82.8203992844	0.0	0.0472570136189	-0.972106933594	0.229727894068	14.7002876785	36.9110649964	-34.9000473022	77.3712005615	-52.7021026611	0.906938522899	7.0	7.55999994278	64.3000012003	2.0	8.0	0.975163078737	1.0	1
1.0	110.307701111	1.0	1.0	7720.56445312	10.0	2.0	11.3600001335	0.0	0.0473567210138	-0.972102344036	0.229726806283	1.91138789184	29.9465561807	-63.7146987915	68.1845016479	-12.151599884	0.150933559132	6.0	7.17999982834	35.9400005341	2.0	7.55999994278	0.0684472575619	1.0	1
1.0	1125.71765137	1.0	0.0	1698.92016602	6.0	0.0	0.0	10.0	0.0	0.0	0.0	0.0	0.0	0.0	0.0	0.0	2.0	0.0	0.0	0.0	0.0	0.0	3.36603671841e-12	1.0	1
1.0	497.428009033	1.0	1.0	3665.94775391	8.0	2.0	16.1199998856	0.0	0.998339354992	0.0336500294507	-0.046756926924	2.63405956477	2.34549640239	-37.5611495972	80.2434539795	-50.0446014404	0.123721225428	1.0	29.7399997711	29.9200000763	0.0	29.7399997711	0.0911522824887	1.0	1
1.0	798.447021484	1.0	0.0	3893.02685547	6.0	0.0	0.0	10.0	0.0	0.0	0.0	0.0	0.0	0.0	0.0	0.0	2.0	0.0	0.0	0.0	0.0	0.0	3.36603671841e-12	0.0	1
1.0	4203.29736328	8.0	6.0	14845.3203125	17.0	4.0	138.286400504	0.0	-0.106025636196	0.937830626965	-0.330503046513	15.3721022841	43.8727658964	-37.9914512634	85.6521453857	-39.1729011536	0.838443254114	4.0	7.23999977112	29.0199999809	2.0	12.2399997711	0.973504808124	1.0	1
1.0	2780.17382812	2.0	1.0	15655.5097656	21.0	2.0	10.2399997711	2.27974776881	0.105902694166	0.98100399971	0.162529110909	1.13476697205	45.3476580005	-45.3867988586	66.2655487061	-50.9042510986	0.776654812031	2.0	24.5200004578	21.6599998474	0.0	26.3199996948	0.634333105516	1.0	1
1.0	4189.09326172	5.0	4.0	21047.7226562	14.0	4.0	151.060001612	0.0	-0.106025636196	0.937830626965	-0.330503046513	1.98728986115	43.8727658964	-37.9914512634	85.6521453857	-39.1729011536	0.838443254114	5.0	7.23999977112	65.0599994659	3.0	21.7600002289	0.972488763775	1.0	1
1.0	1414.14648438	3.0	1.0	2344.56298828	4.0	2.0	17.6000003815	0.0	-0.106009833515	0.937814712524	-0.330553352833	20.1993634297	0.0	-49.2623519897	84.7604980469	-22.4809494019	0.950823696899	1.0	7.36000013351	7.46000003815	0.0	7.36000013351	0.229489479822	1.0	1
1.0	1512.83081055	2.0	2.0	8995.30273438	14.0	5.0	73.2800021172	0.0	0.99353402853	0.113501250744	0.00275351153687	7.24419922921	42.5288276644	-57.1748504639	79.3851928711	-11.8693504333	0.619025103932	2.0	7.23999977112	13.8400001526	0.0	7.53999996185	0.598889314083	1.0	1
1.0	1250.72851562	3.0	2.0	5432.12060547	8.0	3.0	36.5399999619	0.0	-0.106009833515	0.937814712524	-0.330553352833	3.19724273111	17.4223002818	-49.2623519897	84.7604980469	-22.4809494019	0.950823696899	1.0	7.36000013351	7.46000003815	0.0	7.36000013351	0.372227428711	1.0	1
1.0	424.541992188	1.0	0.0	6623.84082031	5.0	0.0	0.0	10.0	0.0	0.0	0.0	0.0	0.0	0.0	0.0	0.0	2.0	0.0	0.0	0.0	0.0	0.0	3.36603671841e-12	0.0	1
1.0	1832.30371094	4.0	1.0	11882.1894531	10.0	1.0	19.7399997711	0.0	0.0588480830193	0.984736979008	-0.163798779249	24.531835181	31.0944845502	-52.4673500061	73.5478057861	-44.9545974731	0.733799783871	1.0	4.15999984741	2.81999993324	1.0	4.15999984741	0.481999678952	1.0	1
1.0	424.541992188	1.0	1.0	8275.37597656	9.0	1.0	19.7399997711	0.0	0.0588480830193	0.984736979008	-0.163798779249	1.78678066493	24.1947728337	-52.4673500061	73.5478057861	-44.9545974731	0.733799783871	1.0	4.15999984741	2.81999993324	1.0	4.15999984741	0.235440357239	1.0	1
1.0	681.494140625	3.0	3.0	4693.33398438	5.0	2.0	50.5799996853	0.0	0.992685258389	-0.0704874172807	-0.0980180874467	1.8035687641	25.4904649397	-59.4401473999	70.8491973877	-21.2712516785	0.250076095411	2.0	4.15999984741	14.7400000095	2.0	9.96000003815	0.891301766959	1.0	1
1.0	151.929107666	1.0	1.0	11423.28125	7.0	1.0	13.1199998856	3.22547668956	0.810575783253	0.387303441763	-0.439275503159	0.0	32.0865090002	-40.098197937	88.2689056396	-39.6752510071	0.0282297316534	0.0	0.0	0.0	0.0	0.0	0.490722147588	1.0	1
1.0	35.510799408	1.0	0.0	4289.26513672	5.0	0.0	0.0	10.0	0.0	0.0	0.0	0.0	0.0	0.0	0.0	0.0	2.0	0.0	0.0	0.0	0.0	0.0	3.36603671841e-12	0.0	2
1.0	331.135009766	2.0	2.0	7273.53027344	9.0	2.0	15.6400003433	0.0	0.99934732914	-0.0346106700599	-0.010345431976	3.06972096004	40.2174271737	-59.7439002991	76.7703018188	-21.368598938	0.750317617868	2.0	3.16000008583	7.50000011921	2.0	5.53999996185	0.498357413057	1.0	2
1.0	187.780700684	2.0	2.0	7514.16308594	10.0	2.0	4.48000001907	3.64963016988	-0.57852178812	0.0731092169881	0.812383890152	6.28395403682	41.0937912525	-43.9525985718	85.4496002197	-43.045501709	0.251946716067	2.0	7.32000017166	19.4999995232	1.0	7.32000017166	0.111593878371	1.0	2
1.0	331.135009766	2.0	2.0	3432.50219727	5.0	2.0	10.0600004196	2.82912532756	0.58759522438	0.795629799366	-0.147326663136	0.0	36.2871666362	-45.4539489746	89.1206054688	-38.2247009277	0.76587005804	1.0	3.16000008583	1.58000004292	1.0	3.16000008583	0.969046785085	1.0	2
1.0	376.747711182	2.0	2.0	12475.546875	10.0	4.0	37.1000008583	0.0	-0.99934732914	0.0346106700599	0.010343731381	3.56777772308	39.7969405699	-35.0130004883	86.6641998291	-50.6441001892	0.251755657824	7.0	3.16000008583	65.8000003099	3.0	7.32000017166	0.452462688995	1.0	2
1.0	145.246994019	1.0	1.0	6329.8203125	7.0	1.0	0.0	10.0	0.0	0.0	0.0	0.0	0.0	0.0	0.0	0.0	2.0	1.0	15.7399997711	12.6400003433	0.0	15.7399997711	0.0131828359616	1.0	2
1.0	1204.86425781	1.0	1.0	5812.60058594	8.0	1.0	12.8800001144	2.30461715332	0.670762717724	0.740369021893	-0.0439440310001	8.96763228598	47.7450019205	-55.2365989685	73.2410507202	-40.7117996216	0.21829236748	0.0	0.0	0.0	0.0	0.0	-1.0	0.0	2
1.0	1215.60925293	2.0	2.0	5707.578125	8.0	3.0	42.9000000954	0.0	0.046189840883	0.993750751019	-0.101616896689	12.5458094359	47.1643430918	-50.9124984741	69.7230987549	-50.2257003784	0.271072747362	2.0	11.2600002289	19.3200006485	0.0	11.2600002289	0.257726160022	1.0	2
1.0	1262.84313965	3.0	3.0	3528.7043457	9.0	2.0	17.3399996758	0.0	0.046189840883	0.993750751019	-0.101616896689	12.5458094359	47.1643430918	-50.9124984741	69.7230987549	-50.2257003784	0.271072747362	2.0	11.2600002289	19.3200006485	0.0	11.2600002289	0.411731924663	1.0	2
1.0	863.514160156	3.0	2.0	716.896240234	3.0	1.0	14.0	0.0	-0.998022794724	0.0332757756114	-0.0533217899501	14.1075201909	3.22449400816	-51.6896514893	68.4705505371	-47.2484512329	0.845685468529	1.0	16.4799995422	19.7399997711	0.0	16.4799995422	0.511129043273	1.0	2
1.0	2491.39819336	3.0	3.0	8353.91894531	13.0	3.0	70.1000008583	0.0	0.0460932999849	0.993754148483	-0.101627215743	1.74231997593	27.5219407459	-34.9668502808	88.5039520264	-38.4109992981	0.757047453454	3.0	13.0399999619	63.9199991226	2.0	23.9599990845	0.334642259051	1.0	2
1.0	602.236999512	1.0	0.0	5221.78857422	3.0	0.0	0.0	10.0	0.0	0.0	0.0	0.0	0.0	0.0	0.0	0.0	2.0	0.0	0.0	0.0	0.0	0.0	3.36603671841e-12	0.0	2
1.0	433.75	2.0	2.0	6448.47558594	9.0	1.0	13.9400005341	0.0	0.994936048985	0.0	-0.100509814918	13.9943657577	3.51352731915	-63.1356010437	60.4724006653	-25.7865486145	0.602093163985	2.0	10.8599996567	26.8199996948	0.0	14.720000267	0.119398222	1.0	2
1.0	1870.59765625	4.0	3.0	14499.3515625	13.0	4.0	102.700400783	0.0	-0.994936048985	0.0	0.100509814918	11.5496304957	37.4247432645	-60.176700592	74.0390014648	-19.304851532	0.602297911569	4.0	3.3599998951	26.8999996185	2.0	15.0200004578	0.507875818081	1.0	2
1.0	1297.99291992	1.0	1.0	9047.28808594	12.0	3.0	46.2800002098	0.0	0.99493509531	0.0	-0.100519500673	10.9865504275	36.472433791	-63.1314506531	63.0271987915	-15.3552494049	0.195036580308	4.0	3.3599998951	30.6599998474	2.0	15.0200004578	0.549030207779	1.0	2
1.0	896.794006348	2.0	2.0	11323.9482422	14.0	5.0	80.840399934	0.0	0.99493509531	0.0	-0.100519500673	3.34860664817	36.472433791	-63.1314506531	63.0271987915	-15.3552494049	0.0563631425423	5.0	7.01999998093	46.3399996758	2.0	7.01999998093	0.464264282566	1.0	2
1.0	1138.64782715	3.0	3.0	6063.50976562	14.0	2.0	33.4599990845	0.0	0.00610239710659	-0.998391151428	0.0563721135259	8.74717135071	41.9004245809	-47.4193000793	85.7082977295	-21.2601509094	0.806821976625	1.0	3.05999994278	5.51999998093	0.0	3.05999994278	0.979269685125	1.0	2
1.0	292.156005859	1.0	0.0	3668.18823242	6.0	0.0	0.0	10.0	0.0	0.0	0.0	0.0	0.0	0.0	0.0	0.0	2.0	0.0	0.0	0.0	0.0	0.0	3.36603671841e-12	0.0	2
1.0	894.683349609	2.0	1.0	6279.52441406	11.0	2.0	49.6599998474	0.0	0.998985528946	-0.0365959256887	0.0262422859669	15.4106617127	24.4025038147	-44.9831008911	85.2068939209	-37.040851593	0.478584587956	3.0	4.71999979019	32.1600008011	2.0	18.9400005341	0.642977171086	1.0	2
1.0	463.981018066	1.0	1.0	9838.77441406	12.0	3.0	48.6800000668	0.0	0.998985528946	-0.0365959256887	0.0262422859669	2.80102494767	24.4025038147	-44.9831008911	85.2068939209	-37.040851593	0.478584587956	2.0	15.3599996567	32.0800008774	0.0	17.5200004578	0.526711889072	1.0	2
1.0	663.833984375	1.0	1.0	2115.93286133	9.0	1.0	8.19999980927	2.57882532954	-0.764630556107	-0.562852621078	-0.31390607357	10.1900736446	6.2497165513	-51.8578491211	83.3105010986	-39.4686012268	0.68859240594	0.0	0.0	0.0	0.0	0.0	0.0657011192554	1.0	2
1.0	560.500976562	1.0	1.0	6692.74804688	12.0	1.0	13.9799995422	2.53659811294	0.593054831028	0.617501735687	0.516698718071	0.0	24.5190620805	-42.4800491333	85.8007049561	-36.4376983643	0.791077338794	0.0	0.0	0.0	0.0	0.0	0.130837652834	1.0	2
1.0	1374.11999512	1.0	0.0	3984.55395508	10.0	0.0	0.0	10.0	0.0	0.0	0.0	0.0	0.0	0.0	0.0	0.0	2.0	0.0	0.0	0.0	0.0	0.0	3.36603671841e-12	0.0	2
1.0	4562.67480469	3.0	2.0	7301.86767578	17.0	2.0	40.2199993134	2.24968441763	0.412889927626	0.150893449783	0.898194372654	2.26362357495	37.0176636963	-59.4431495667	68.9328460693	-21.857049942	0.97567245894	0.0	0.0	0.0	0.0	0.0	0.967818233496	1.0	2
1.0	3987.45727539	3.0	0.0	5046.01171875	10.0	0.0	0.0	10.0	0.0	0.0	0.0	0.0	0.0	0.0	0.0	0.0	2.0	0.0	0.0	0.0	0.0	0.0	3.36603671841e-12	1.0	2
1.0	1131.46508789	2.0	2.0	4155.84277344	11.0	2.0	37.0	1.92449735049	0.277292281389	0.41745147109	0.865357279778	0.0	15.6445004848	-40.0742988586	87.6633453369	-38.6291007996	0.942085114114	0.0	0.0	0.0	0.0	0.0	0.294259321619	1.0	2
1.0	3227.23022461	4.0	2.0	5043.68457031	7.0	2.0	28.5200004578	2.47244411239	-0.525793910027	-0.730586230755	-0.435642689466	18.7414289364	9.41090940445	-54.2041015625	73.9508514404	-39.6505508423	0.550518839053	0.0	0.0	0.0	0.0	0.0	0.878941184887	1.0	2
1.0	4208.13183594	4.0	3.0	10864.3066406	17.0	3.0	44.4599990845	1.92449735049	0.277292281389	0.41745147109	0.865357279778	32.2224294485	39.9132379883	-40.0742988586	87.6633453369	-38.6291007996	0.942085114114	5.0	8.19999980927	67.3999986649	1.0	24.7800006866	0.965811038893	1.0	2
1.0	2787.75683594	2.0	1.0	7816.30957031	15.0	1.0	0.0	10.0	0.0	0.0	0.0	0.0	0.0	0.0	0.0	0.0	2.0	3.0	10.8999996185	50.139998436	1.0	24.7800006866	0.708068775696	1.0	2
1.0	316.933990479	1.0	0.0	5947.01074219	5.0	0.0	0.0	10.0	0.0	0.0	0.0	0.0	0.0	0.0	0.0	0.0	2.0	0.0	0.0	0.0	0.0	0.0	3.36603671841e-12	0.0	2
1.0	5698.43261719	5.0	2.0	8220.34570312	6.0	3.0	46.7999994755	0.0	-0.0265206694603	-0.970083117485	0.241320133209	2.38919343019	4.28247040208	-69.5032958984	56.7592010498	-18.5124511719	0.17250550121	11.0	6.23999977112	77.3144011796	3.0	18.5200004578	0.988672317058	1.0	2
1.0	923.377990723	3.0	2.0	5340.56689453	7.0	4.0	59.8799991608	0.0	-0.993498027325	0.0	-0.113849505782	2.11987663572	28.2269901489	-57.4571533203	80.8490982056	-21.3280487061	0.657042860167	5.0	4.92000007629	47.2399997711	1.0	4.92000007629	0.607735314187	1.0	2
1.0	5645.88134766	5.0	3.0	12487.2431641	10.0	6.0	98.0800001621	0.0	-0.0265206694603	-0.970083117485	0.241320133209	2.38919343019	4.28247040208	-69.5032958984	56.7592010498	-18.5124511719	0.17250550121	14.0	4.92000007629	104.554400235	3.0	18.5200004578	0.982778489516	1.0	2
1.0	1034.58300781	3.0	2.0	6963.42041016	6.0	2.0	47.5615992546	0.0	0.0265261530876	0.970082521439	-0.24132181704	1.04052940603	2.35801121385	-29.5425987244	85.0740966797	-56.6513519287	0.517857395565	3.0	4.92000007629	38.92000103	1.0	4.92000007629	0.488383655588	1.0	2
1.0	4852.33154297	6.0	4.0	8319.25097656	11.0	5.0	65.120000124	0.0	-0.0265206694603	-0.970083117485	0.241320133209	2.38919343019	4.28247040208	-69.5032958984	56.7592010498	-18.5124511719	0.17250550121	15.0	6.23999977112	111.637600958	3.0	18.5200004578	0.988965438432	1.0	2
1.0	423.596984863	1.0	0.0	1049.16186523	4.0	0.0	0.0	10.0	0.0	0.0	0.0	0.0	0.0	0.0	0.0	0.0	2.0	0.0	0.0	0.0	0.0	0.0	3.36603671841e-12	1.0	2
1.0	4647.94335938	5.0	3.0	7864.68554688	9.0	4.0	73.879999876	0.0	-0.0265206694603	-0.970083117485	0.241320133209	2.38919343019	4.28247040208	-69.5032958984	56.7592010498	-18.5124511719	0.17250550121	11.0	6.23999977112	93.1943993866	3.0	18.5200004578	0.99105455264	1.0	2
1.0	895.58996582	1.0	1.0	6601.91894531	13.0	3.0	16.6799998283	2.38221538129	0.637065529823	0.646421909332	-0.419864565134	4.23977740491	38.7141092784	-55.7599487305	83.9637985229	-26.6002502441	0.307634467415	1.0	15.279999733	0.136000007391	1.0	15.279999733	0.282170712732	1.0	2
1.0	209.897003174	1.0	0.0	4251.8671875	8.0	0.0	0.0	10.0	0.0	0.0	0.0	0.0	0.0	0.0	0.0	0.0	2.0	0.0	0.0	0.0	0.0	0.0	3.36603671841e-12	0.0	2
1.0	792.434020996	2.0	2.0	8989.59179688	10.0	3.0	30.3000001907	0.0	-0.982109606266	0.129116401076	0.137075647712	1.45280581832	38.9473750968	-50.310546875	82.0713043213	-16.21849823	0.75707446181	2.0	13.6800003052	26.4000005722	0.0	13.6800003052	0.980629990213	1.0	2
1.0	776.036987305	2.0	1.0	1409.8380127	2.0	1.0	7.63840007782	2.24837944163	-0.832686901093	-0.47515425086	0.284360587597	7.88094257507	7.51334763223	-55.867401123	78.7232055664	-20.4026508331	0.569925834448	0.0	0.0	0.0	0.0	0.0	0.262234121117	1.0	2
1.0	900.014038086	3.0	3.0	5329.49951172	11.0	4.0	50.598400116	0.0	-0.982109606266	0.129116401076	0.137075647712	1.45280581832	30.9378430213	-50.310546875	82.0713043213	-16.21849823	0.75707446181	2.0	7.36000013351	19.9600000381	0.0	13.6800003052	0.60967159153	1.0	2
1.0	821.096008301	2.0	2.0	7683.26269531	12.0	2.0	49.2952003479	0.0	-0.982109606266	0.129116401076	0.137075647712	1.45280581832	38.9473750968	-50.310546875	82.0713043213	-16.21849823	0.75707446181	4.0	8.47999954224	56.220000267	2.0	9.31999969482	0.43695208712	1.0	2
1.0	928.676025391	3.0	3.0	853.00402832	4.0	2.0	26.1999998093	0.0	-0.982109487057	0.129223138094	0.136975616217	12.6609374648	2.49499411486	-55.2304496765	69.7127532959	-42.4551467896	0.981608039696	1.0	7.36000013351	7.11999988556	0.0	7.36000013351	0.977308013351	1.0	2
1.0	866.992004395	2.0	0.0	6127.89746094	9.0	0.0	0.0	10.0	0.0	0.0	0.0	0.0	0.0	0.0	0.0	0.0	2.0	0.0	0.0	0.0	0.0	0.0	3.36603671841e-12	1.0	2
1.0	318.656005859	1.0	1.0	4899.91162109	8.0	1.0	8.0	2.68711557522	0.29829916358	0.901891291142	0.312425583601	4.30513624743	0.0	-43.8190498352	71.1531066895	-48.2361526489	0.677704552706	0.0	0.0	0.0	0.0	0.0	-1.0	0.0	2
1.0	374.52130127	2.0	1.0	4844.04589844	7.0	1.0	13.9399995804	1.99960746489	0.246398761868	0.729544997215	0.638006031513	15.3946197495	10.6647002416	-42.4994010925	81.0820999146	-37.9923019409	0.416974288325	0.0	0.0	0.0	0.0	0.0	0.0487039346827	1.0	2
1.0	465.377990723	2.0	1.0	7013.68896484	10.0	1.0	8.0	2.68711557522	0.29829916358	0.901891291142	0.312425583601	8.82126937676	57.338907125	-43.8190498352	71.1531066895	-48.2361526489	0.677704552706	0.0	0.0	0.0	0.0	0.0	0.0354343581079	1.0	2
1.0	2658.06933594	6.0	5.0	9192.09277344	12.0	3.0	79.8143992424	0.0	0.998190641403	-0.0287155490369	0.052828386426	11.3767389388	0.0	-46.3946990967	61.142250061	-54.3519515991	0.655010057981	5.0	4.98000001907	51.9600000381	4.0	16.1000003815	0.893722732067	1.0	2
1.0	1121.29138184	3.0	3.0	5709.35546875	12.0	5.0	83.0599994659	0.0	0.998193800449	-0.0286155324429	0.0528232119977	1.72296574224	32.9244905063	-34.9449501038	85.5191040039	-42.2333526611	0.470973857025	2.0	8.10000038147	27.4399995804	1.0	8.10000038147	0.969156074856	1.0	2
1.0	80.2106018066	1.0	1.0	4110.15673828	8.0	1.0	12.8199996948	2.05461184286	-0.0124360155314	0.251147508621	0.967868924141	0.987287681637	42.6257282845	-51.9981498718	87.7933044434	-28.7099990845	0.270849233926	0.0	0.0	0.0	0.0	0.0	-1.0	0.0	2
1.0	78.6825027466	1.0	1.0	4188.43359375	10.0	2.0	14.7799999714	0.0	0.999504089355	0.0310958884656	0.00496305525303	2.7901953984	17.2194335131	-57.2877998352	82.2147521973	-22.1242485046	0.815987123233	0.0	0.0	0.0	1.0	6.57999992371	0.0968146557838	1.0	2
1.0	80.2106018066	1.0	1.0	7983.76171875	12.0	2.0	25.0	2.05461184286	-0.0124360155314	0.251147508621	0.967868924141	0.987287681637	29.3756641687	-51.9981498718	87.7933044434	-28.7099990845	0.270849233926	0.0	0.0	0.0	0.0	0.0	0.119398222	1.0	2
1.0	186.110595703	2.0	2.0	6920.61523438	13.0	5.0	38.2000002861	0.0	-0.999507308006	-0.0309924148023	-0.00496257236227	4.33520428571	21.6861413592	-60.1431503296	77.0001068115	-10.4955501556	0.354520136637	1.0	8.11999988556	8.31999969482	0.0	8.11999988556	0.169727924326	1.0	2
1.0	80.2106018066	1.0	1.0	9773.09570312	11.0	2.0	34.3599996567	2.05461184286	-0.0124360155314	0.251147508621	0.967868924141	0.987287681637	45.377122684	-51.9981498718	87.7933044434	-28.7099990845	0.270849233926	0.0	0.0	0.0	0.0	0.0	0.219187558509	1.0	2
1.0	789.523010254	1.0	0.0	2610.6965332	3.0	0.0	0.0	10.0	0.0	0.0	0.0	0.0	0.0	0.0	0.0	0.0	2.0	0.0	0.0	0.0	0.0	0.0	3.36603671841e-12	0.0	2
1.0	1029.10998535	2.0	1.0	6507.76757812	6.0	2.0	30.4000005722	0.0	0.997142195702	0.0	-0.0755478143692	4.81440453703	15.5050100645	-36.5512466431	83.040802002	-49.0478515625	0.0344028894365	1.0	15.0600004196	15.0399999619	0.0	15.0600004196	0.0329259946855	1.0	2
1.0	591.674987793	1.0	1.0	2529.74829102	4.0	1.0	2.59999990463	3.58519170315	-0.747225046158	0.17794303596	0.640305399895	4.63963679951	0.0	-56.8958511353	59.3121986389	-51.1072998047	0.00854542589135	0.0	0.0	0.0	0.0	0.0	0.0219550704382	1.0	2
1.0	1888.82202148	2.0	2.0	3645.25219727	6.0	4.0	84.4400010109	0.0	-0.99713408947	0.0	0.0756542831659	3.2227788475	37.7961063232	-61.801651001	72.5223999023	-11.2131004333	0.744490048789	1.0	20.0400009155	24.1800003052	0.0	20.0400009155	0.524046816642	1.0	2
1.0	98.0784988403	1.0	1.0	4643.54443359	9.0	1.0	7.40000009537	2.4496571515	-0.307692080736	0.584488034248	0.750799119473	2.1837593714	4.01007836526	-56.7310028076	62.0932006836	-52.0844993591	0.0075107497622	0.0	0.0	0.0	0.0	0.0	-1.0	0.0	2
1.0	3647.85961914	4.0	3.0	6988.30517578	15.0	3.0	82.8600000143	0.0	0.00924876984209	-0.994022667408	0.10878124088	29.4540036969	2.14392281466	-62.8608474731	58.3656997681	-45.5615501404	0.0228644044968	4.0	9.15999984741	55.5599985123	2.0	17.0599994659	0.991732045346	1.0	2
1.0	955.678283691	2.0	2.0	879.131713867	4.0	1.0	26.8200004101	0.0	-0.994893431664	0.0	0.100930772722	26.9126699052	2.16861815289	-62.0437011719	58.0974998474	-42.4776992798	0.176942738929	2.0	9.15999984741	19.1599998474	0.0	10.2600002289	0.974662302592	1.0	2
1.0	4100.90429688	5.0	5.0	8193.70214844	14.0	6.0	174.979999542	0.0	-0.0092468559742	0.994012475014	-0.108874686062	1.52827848396	41.8201422705	-29.6733512878	79.4708023071	-48.1198997498	0.369032387376	8.0	4.80000019073	99.5000004768	3.0	12.720000267	0.863720777514	1.0	2
1.0	4277.58154297	5.0	4.0	3644.02612305	11.0	2.0	88.6799994707	0.0	0.00924876984209	-0.994022667408	0.10878124088	28.3972690077	2.14392281466	-62.8608474731	58.3656997681	-45.5615501404	0.0228644044968	2.0	9.15999984741	19.1599998474	0.0	10.2600002289	0.971292780311	1.0	2
1.0	1317.78356934	3.0	1.0	5196.00683594	9.0	1.0	23.8799991608	2.08260888537	-0.453483462334	0.539113104343	0.709725141525	13.7008100937	24.4938207159	-39.1224517822	75.1890487671	-54.5317497253	0.783444868863	0.0	0.0	0.0	0.0	0.0	0.0789369317724	1.0	2
1.0	3686.15551758	4.0	2.0	8552.21289062	13.0	4.0	70.0199998617	0.0	-0.0092468559742	0.994012475014	-0.108874686062	1.52827848396	44.460002298	-29.6733512878	79.4708023071	-48.1198997498	0.369032387376	4.0	5.59999990463	70.3800001144	1.0	12.720000267	0.924471027041	1.0	2
1.0	4395.04101562	5.0	4.0	4595.7734375	12.0	4.0	68.8800008297	0.0	0.994893431664	0.0	-0.100930772722	29.7971801243	5.20529673876	-62.0437011719	58.0974998474	-42.4776992798	0.142419674706	5.0	5.59999990463	59.5399990082	3.0	17.0599994659	0.988187038179	1.0	2
1.0	581.195007324	1.0	1.0	5187.77392578	5.0	1.0	4.46040010452	3.40166129309	-0.25127646327	0.323740184307	0.912169098854	14.9440615435	55.3421873433	-53.9926986694	87.2410430908	-29.2140007019	0.954417210914	0.0	0.0	0.0	0.0	0.0	-1.0	0.0	2
1.0	1078.62304688	2.0	2.0	6989.88085938	6.0	1.0	25.2603993416	0.0	0.998339354992	0.0336500294507	-0.046756926924	2.63405956477	60.8432664651	-37.5611495972	80.2434539795	-50.0446014404	0.123721225428	1.0	29.7399997711	29.9200000763	0.0	29.7399997711	0.283383774796	1.0	2
1.0	1139.07495117	2.0	0.0	1869.71801758	6.0	0.0	0.0	10.0	0.0	0.0	0.0	0.0	0.0	0.0	0.0	0.0	2.0	0.0	0.0	0.0	0.0	0.0	3.36603671841e-12	1.0	2
1.0	581.195007324	1.0	1.0	9127.34277344	11.0	3.0	52.6803994179	0.0	0.998335182667	0.0336497686803	-0.046846460551	14.5983169406	60.4862207488	-54.1374511719	82.835144043	-37.0643501282	0.899489159308	1.0	7.86000013351	14.720000267	0.0	7.86000013351	0.568671044055	1.0	2
1.0	798.447021484	1.0	0.0	3893.02685547	6.0	0.0	0.0	10.0	0.0	0.0	0.0	0.0	0.0	0.0	0.0	0.0	2.0	0.0	0.0	0.0	0.0	0.0	3.36603671841e-12	0.0	2
1.0	1395.0526123	4.0	2.0	4113.984375	10.0	2.0	9.68640000373	0.0	-0.106013186276	0.937814593315	-0.330552488565	0.0	44.5979545109	-54.4383506775	80.2364959717	-12.0491504669	0.925702679544	4.0	7.23999977112	48.0199995041	0.0	25.2399997711	0.9661751661	1.0	2
1.0	322.2137146	4.0	4.0	6279.97558594	11.0	3.0	49.0664014295	0.0	0.106022574008	-0.937803566456	0.330580919981	0.0	6.18926432626	-42.6938514709	67.4739532471	-49.9131507874	0.0759944235708	4.0	7.23999977112	27.1599998474	0.0	7.71999979019	0.251948414153	1.0	2
1.0	292.546203613	2.0	2.0	1641.80493164	6.0	1.0	10.3000001907	0.0	-0.106009833515	0.937814712524	-0.330553352833	3.19724273111	36.8704098628	-49.2623519897	84.7604980469	-22.4809494019	0.950823696899	1.0	7.36000013351	7.46000003815	0.0	7.36000013351	0.534229929116	1.0	2
1.0	1688.63500977	3.0	3.0	11282.3203125	14.0	4.0	94.9400007725	0.0	-0.106009885669	0.937815189362	-0.330551832914	29.1459926176	19.0808401629	-46.7973480225	63.7635993958	-52.6882514954	0.28170944134	2.0	25.2399997711	35.3399991989	0.0	26.3199996948	0.592738224213	1.0	2
1.0	2519.12304688	5.0	3.0	10655.5527344	13.0	4.0	60.0799999237	0.0	-0.106009833515	0.937814712524	-0.330553352833	3.19724273111	43.6193449096	-49.2623519897	84.7604980469	-22.4809494019	0.950823696899	3.0	7.36000013351	29.1199998856	0.0	26.3199996948	0.817481322965	1.0	2
1.0	424.541992188	1.0	0.0	6623.84082031	5.0	0.0	0.0	10.0	0.0	0.0	0.0	0.0	0.0	0.0	0.0	0.0	2.0	0.0	0.0	0.0	0.0	0.0	3.36603671841e-12	0.0	2
1.0	1452.70202637	3.0	3.0	7853.30566406	10.0	2.0	46.2799994946	0.0	0.992685258389	-0.0704874172807	-0.0980180874467	1.8035687641	56.4456138751	-59.4401473999	70.8491973877	-21.2712516785	0.250076095411	2.0	9.52000045776	23.2600002289	2.0	9.96000003815	0.830045038254	1.0	2
1.0	64.0177993774	1.0	1.0	8804.33496094	9.0	2.0	16.4199998379	2.40308131859	-0.480325460434	-0.612328350544	-0.627966105938	3.12727563649	27.9840752917	-51.0650024414	81.0279541016	-36.5613021851	0.653602014878	0.0	0.0	0.0	0.0	0.0	0.0399689469533	1.0	2
1.0	1364.79077148	3.0	0.0	1703.39709473	4.0	0.0	0.0	10.0	0.0	0.0	0.0	0.0	0.0	0.0	0.0	0.0	2.0	0.0	0.0	0.0	0.0	0.0	0.970255102522	1.0	2
1.0	1300.77294922	2.0	2.0	12920.421875	10.0	3.0	36.180000782	0.0	0.992685258389	-0.0704874172807	-0.0980180874467	1.8035687641	56.5466185572	-59.4401473999	70.8491973877	-21.2712516785	0.250076095411	2.0	9.96000003815	29.5799999237	2.0	15.7600002289	0.822801709313	1.0	2
1.0	105.023002625	1.0	1.0	12586.3740234	4.0	1.0	4.36000013351	0.0	0.992685258389	-0.0704874172807	-0.0980180874467	1.8035687641	55.0036891706	-59.4401473999	70.8491973877	-21.2712516785	0.250076095411	1.0	9.96000003815	11.9200000763	2.0	15.7600002289	0.583931892185	1.0	2
1.0	100.108001709	1.0	1.0	4029.21191406	6.0	1.0	20.7399997711	2.49207145397	0.515297710896	0.807662725449	0.286616921425	2.86655858397	15.1317539825	-51.6597976685	79.8957519531	-37.0300979614	0.615766181786	0.0	0.0	0.0	0.0	0.0	-1.0	0.0	3
1.0	613.239013672	1.0	0.0	1790.37695312	5.0	0.0	0.0	10.0	0.0	0.0	0.0	0.0	0.0	0.0	0.0	0.0	2.0	0.0	0.0	0.0	0.0	0.0	3.36603671841e-12	1.0	3
1.0	2599.68701172	8.0	4.0	8918.16015625	14.0	5.0	101.439200193	0.0	-0.0314996913075	0.97603815794	-0.215307354927	3.68134512031	27.2093931909	-28.3381004333	83.4573516846	-48.4814987183	0.748258306124	8.0	3.88000011444	91.9400002956	3.0	17.9799995422	0.967058173879	1.0	3
1.0	1169.27099609	4.0	2.0	6390.97753906	9.0	1.0	24.2199997902	2.49207145397	0.515297710896	0.807662725449	0.286616921425	28.4448149704	45.8883123457	-51.6597976685	79.8957519531	-37.0300979614	0.615766181786	0.0	0.0	0.0	0.0	0.0	0.241656633409	1.0	3
1.0	912.9765625	4.0	4.0	8097.30322266	12.0	3.0	68.5000007153	0.0	-0.999275743961	-0.0343799777329	-0.0163089688867	1.78477969012	31.0948320675	-49.6784973145	84.854598999	-29.6543502808	0.794233068878	1.0	8.31999969482	8.06000041962	1.0	8.31999969482	0.526226038879	1.0	3
1.0	1081.30358887	3.0	2.0	1271.20202637	3.0	2.0	8.27920034528	0.0	0.999275922775	0.0343770906329	0.016305917874	17.7298451376	32.2678862285	-50.9575500488	85.3338012695	-21.3718490601	0.494145012211	1.0	18.7600002289	19.1800003052	0.0	18.7600002289	0.978140374176	1.0	3
1.0	272.740997314	2.0	2.0	9014.20703125	12.0	3.0	46.4799997807	2.49207145397	0.515297710896	0.807662725449	0.286616921425	2.86655858397	23.2797775354	-51.6597976685	79.8957519531	-37.0300979614	0.615766181786	0.0	0.0	0.0	0.0	0.0	0.227954610933	1.0	3
1.0	179.214004517	1.0	0.0	4874.27587891	7.0	0.0	0.0	10.0	0.0	0.0	0.0	0.0	0.0	0.0	0.0	0.0	2.0	0.0	0.0	0.0	0.0	0.0	3.36603671841e-12	0.0	3
1.0	5937.06054688	5.0	4.0	22546.9746094	19.0	7.0	248.569601059	0.0	0.00326731638052	0.994222223759	-0.107291817665	12.7686991715	28.8208667644	-34.8210983276	86.7432556152	-47.5912475586	0.6442202032	10.0	1.05999994278	110.159998894	4.0	21.8199996948	0.990304837643	1.0	3
1.0	253.868011475	2.0	1.0	2219.7199707	1.0	1.0	8.0	3.62523097914	0.718057990074	0.559455156326	0.414008051157	0.0	2.05700759563	-20.2711486816	93.1594543457	-52.2973022461	0.322598897937	0.0	0.0	0.0	0.0	0.0	0.455253960802	1.0	3
1.0	7003.27099609	4.0	3.0	20374.4824219	21.0	8.0	170.480000734	0.0	0.999529957771	0.0	0.0306577067822	3.14130189861	41.1527679826	-62.0270500183	74.7240982056	-12.9399499893	0.990679031558	10.0	1.05999994278	121.739999294	5.0	21.8199996948	0.999574457027	1.0	3
1.0	404.268981934	2.0	1.0	5214.35205078	9.0	1.0	9.43999958038	0.0	0.999529957771	0.0	0.0306577067822	3.23633041075	50.1493141184	-57.4663505554	81.7127990723	-22.4731502533	0.760077237091	0.0	0.0	0.0	1.0	8.85999965668	0.153035631278	1.0	3
1.0	3924.98388672	3.0	1.0	10562.4550781	13.0	4.0	57.9000015259	0.0	0.999532818794	0.0	0.0305630192161	22.9231908511	47.3326578953	-59.4793510437	76.4419021606	-26.4249992371	0.00848393293499	2.0	1.05999994278	10.5600004196	1.0	1.05999994278	0.860903920146	1.0	3
1.0	2974.14306641	3.0	2.0	12983.3095703	14.0	2.0	39.3096003532	0.0	0.999529957771	0.0	0.0306577067822	3.23633041075	44.7998107438	-57.4663505554	81.7127990723	-22.4731502533	0.760077237091	1.0	10.2399997711	10.5600004196	1.0	8.85999965668	0.877635209057	1.0	3
1.0	653.901977539	1.0	0.0	3928.1472168	8.0	0.0	0.0	10.0	0.0	0.0	0.0	0.0	0.0	0.0	0.0	0.0	2.0	0.0	0.0	0.0	0.0	0.0	3.36603671841e-12	0.0	3
1.0	2280.90380859	3.0	2.0	15725.3671875	15.0	2.0	6.0	3.384272518	0.0899654179811	0.749912977219	0.655390560627	4.88349751428	47.4478592811	-48.9855003357	72.4736022949	-38.9184989929	0.552748955608	0.0	0.0	0.0	0.0	0.0	0.253619470877	1.0	3
1.0	162.783996582	1.0	1.0	8383.03125	8.0	3.0	15.6199998856	0.0	0.995689332485	-0.0703902989626	-0.0603980533779	1.61895169295	15.738073868	-46.7698516846	76.9569549561	-34.0939483643	0.708806358655	1.0	22.2399997711	23.2999992371	0.0	22.2399997711	0.0876648876905	1.0	3
1.0	974.494995117	3.0	2.0	8579.22949219	12.0	3.0	16.3199996948	0.0	0.995689332485	-0.0703902989626	-0.0603980533779	3.25325766058	37.3570978049	-46.7698516846	76.9569549561	-34.0939483643	0.708806358655	2.0	11.8999996185	34.9799995422	0.0	22.2399997711	0.0570668287922	1.0	3
1.0	1109.20703125	2.0	2.0	6988.25585938	11.0	4.0	62.2799990177	0.0	0.053623713553	0.956504404545	-0.286746948957	2.40811962044	39.0053203591	-57.9242019653	77.6365966797	-10.6014003754	0.954117105648	2.0	6.48000001907	29.2400007248	0.0	23.7399997711	0.469762096027	1.0	3
1.0	291.32699585	1.0	0.0	4610.72949219	9.0	0.0	0.0	10.0	0.0	0.0	0.0	0.0	0.0	0.0	0.0	0.0	2.0	0.0	0.0	0.0	0.0	0.0	3.36603671841e-12	0.0	3
1.0	1921.58251953	6.0	5.0	5946.21923828	17.0	4.0	40.4008006118	0.0	-0.0335550718009	-0.986689209938	0.159117802978	2.05384204294	48.8618489868	-68.2914505005	57.6268997192	-25.1891498566	0.135683731039	5.0	7.76000022888	48.3000001907	4.0	17.4599990845	0.986973020963	1.0	3
1.0	2004.28503418	2.0	1.0	5396.14648438	17.0	1.0	6.5	0.0	-0.758395433426	-0.639989495277	0.123490028083	0.0	47.07375891	-68.837348938	55.9533500671	-23.4198989868	0.952300993316	1.0	4.92000007629	0.0	0.0	4.92000007629	0.24082902722	1.0	3
1.0	4615.48828125	8.0	7.0	14905.2949219	17.0	3.0	161.520801451	0.0	-0.0335493050516	-0.986688554287	0.159123003483	0.950861730172	29.1456747852	-28.3020515442	82.6822967529	-52.5963516235	0.5595986266	14.0	4.92000007629	151.754799128	6.0	14.6400003433	0.973722085076	1.0	3
1.0	1580.60705566	2.0	0.0	13786.7226562	13.0	0.0	0.0	10.0	0.0	0.0	0.0	0.0	0.0	0.0	0.0	0.0	2.0	0.0	0.0	0.0	0.0	0.0	3.36603671841e-12	1.0	3
1.0	912.610351562	3.0	1.0	253.5	2.0	1.0	5.19999980927	2.20362653502	-0.251585245132	-0.495036810637	-0.831651031971	3.45436944318	18.709985967	-56.3915481567	80.3612518311	-20.9901504517	0.834674237105	0.0	0.0	0.0	0.0	0.0	0.985241272333	1.0	3
1.0	214.105300903	2.0	0.0	1043.45446777	4.0	0.0	0.0	10.0	0.0	0.0	0.0	0.0	0.0	0.0	0.0	0.0	2.0	0.0	0.0	0.0	0.0	0.0	3.36603671841e-12	1.0	3
1.0	1977.72827148	4.0	4.0	3252.82006836	9.0	2.0	89.0400018692	0.0	0.0336555093527	0.986685335636	-0.159120470285	1.46733041038	29.0808369465	-53.6359024048	81.4026031494	-16.0325508118	0.0231397737276	2.0	7.76000022888	24.5200004578	0.0	14.6400003433	0.97488123739	1.0	3
1.0	707.135009766	3.0	0.0	1997.75378418	8.0	0.0	0.0	10.0	0.0	0.0	0.0	0.0	0.0	0.0	0.0	0.0	2.0	0.0	0.0	0.0	0.0	0.0	3.36603671841e-12	1.0	3
1.0	5140.67089844	4.0	2.0	7251.33544922	11.0	2.0	42.4599995613	0.0	0.0336555093527	0.986685335636	-0.159120470285	1.46733041038	46.007220185	-53.6359024048	81.4026031494	-16.0325508118	0.531155574144	4.0	10.1800003052	49.1800003052	4.0	16.4200000763	0.971883614087	1.0	3
1.0	259.148010254	1.0	0.0	6232.99804688	5.0	0.0	0.0	10.0	0.0	0.0	0.0	0.0	0.0	0.0	0.0	0.0	2.0	0.0	0.0	0.0	0.0	0.0	3.36603671841e-12	0.0	3
1.0	2982.10400391	6.0	4.0	12253.0244141	18.0	6.0	61.5400002003	0.0	-0.00770448567346	0.965319037437	-0.260959416628	3.35267953449	57.4673850697	-25.9430007935	77.5610046387	-52.3048019409	0.779920771301	7.0	9.14000034332	83.460000515	5.0	13.3599996567	0.998689815555	1.0	3
1.0	1294.33105469	4.0	1.0	4422.90283203	5.0	2.0	29.7200007439	0.0	0.999437451363	0.0	-0.0335370637476	4.0532768797	35.3566742233	-34.1257019043	86.174697876	-36.4801483154	0.210253101198	3.0	13.3599996567	24.3071994781	3.0	22.0599994659	0.82322701737	1.0	3
1.0	2715.41113281	5.0	3.0	8372.41308594	12.0	2.0	49.4400000572	0.0	-0.00760334171355	0.965346336365	-0.260861366987	0.0	26.7554728362	-29.7124500275	86.5104980469	-42.083152771	0.964086754461	6.0	10.8800001144	65.7344082445	4.0	24.5799999237	0.999806192903	1.0	3
1.0	752.083984375	3.0	2.0	5740.06201172	5.0	2.0	37.9200005531	0.0	0.999437451363	0.0	-0.0335370637476	29.3960354907	0.0	-34.1257019043	86.174697876	-36.4801483154	0.210253101198	2.0	13.3599996567	19.3999996185	4.0	17.8600006104	0.852607459286	1.0	3
1.0	1438.14807129	3.0	3.0	8782.88183594	10.0	3.0	70.0999994278	0.0	-0.00759991863742	0.96531277895	-0.26098549366	2.65864437965	46.6641648919	-54.476852417	78.327255249	-19.3703994751	0.836351909867	7.0	3.18000006676	67.027200222	5.0	22.0599994659	0.999117613297	1.0	3
1.0	2222.76293945	4.0	3.0	13726.3007812	7.0	1.0	115.840000153	0.0	-0.00759991863742	0.96531277895	-0.26098549366	2.65864437965	42.4912777066	-54.476852417	78.327255249	-19.3703994751	0.836351909867	7.0	10.8800001144	68.0072077364	6.0	18.6599998474	0.997838678253	1.0	3
1.0	890.678466797	4.0	0.0	5195.79980469	7.0	0.0	0.0	10.0	0.0	0.0	0.0	0.0	0.0	0.0	0.0	0.0	2.0	0.0	0.0	0.0	0.0	0.0	3.36603671841e-12	1.0	3
1.0	2003.00402832	2.0	1.0	8863.2265625	10.0	3.0	34.3600006104	0.0	0.999437451363	0.0	-0.0335370637476	4.0532768797	26.0692104004	-34.1257019043	86.174697876	-36.4801483154	0.210253101198	4.0	13.3599996567	27.545999527	3.0	22.0599994659	0.793589818174	1.0	3
1.0	1581.5279541	4.0	2.0	6670.73046875	9.0	3.0	26.6999998093	0.0	-0.999440729618	0.0	0.0334396250546	8.32569884557	41.4713485044	-52.0189971924	82.1470031738	-22.2744007111	0.844421841804	1.0	3.18000006676	3.01999998093	3.0	18.6599998474	0.966105196411	1.0	3
