valid	volumeS1	connectedComponentsS1	connectedComponentsS1Rel	volumeS2	connectedComponentsS2	connectedComponentsS2Rel	corticalSize	distanceMin	direction_x	direction_y	direction_z	distanceToExtremity1	distanceToExtremity2	gravityCenter_x	gravityCenter_y	gravityCenter_z	corticalDotProduct	junctions	junctionDepthMin	junctionsSize	plisDePassage	plisDePassageDepthMax	Potential	Class	cycle
1.0	7513.66113281	1.0	1.0	903.49798584	1.0	1.0	36.2200012207	1.71086238888	-0.388891607523	-0.909044086933	0.149673447013	26.4172269058	8.40765101988	-66.1783447266	59.0883026123	-50.9269485474	0.721593071774	0.0	0.0	0.0	0.0	0.0	-1.0	0.0	1
1.0	22141.6699219	21.0	5.0	1088.30578613	4.0	3.0	81.2600011826	0.0	0.99789005518	-0.056048065424	-0.0327735729516	22.4578329166	8.85520929576	-60.123500824	36.532951355	-61.3444519043	0.260202236785	1.0	20.4200000763	19.6200008392	1.0	27.2600002289	0.999999988811	1.0	1
1.0	7585.41357422	19.0	2.0	3149.21923828	7.0	2.0	69.4800014496	1.71086238888	0.388891607523	0.909044086933	-0.149673447013	46.4973587574	18.4210418551	-66.1783447266	59.0883026123	-50.9269485474	0.721593071774	0.0	0.0	0.0	0.0	0.0	0.94454936305	1.0	1
1.0	14332.2470703	19.0	3.0	2279.53515625	6.0	4.0	73.4399995804	0.0	0.99789005518	-0.056048065424	-0.0327735729516	22.4578329166	8.85520929576	-60.123500824	36.532951355	-61.3444519043	0.260202236785	2.0	20.4200000763	40.2200012207	0.0	21.3999996185	0.999283824371	1.0	1
1.0	12475.8535156	12.0	5.0	2200.93823242	5.0	5.0	164.340000629	0.0	0.99789005518	-0.056048065424	-0.0327735729516	24.7825745806	8.85520929576	-60.123500824	36.532951355	-61.3444519043	0.260202236785	5.0	14.8000001907	85.6800003052	0.0	21.3999996185	0.998975018898	1.0	1
1.0	15159.15625	10.0	5.0	1754.90979004	5.0	5.0	186.340000629	0.0	0.99789005518	-0.056048065424	-0.0327735729516	24.7825745806	8.85520929576	-60.123500824	36.532951355	-61.3444519043	0.260202236785	5.0	7.78000020981	78.5200004578	0.0	21.3999996185	0.999781144836	1.0	1
1.0	7636.65576172	2.0	1.0	1364.00488281	2.0	2.0	35.6000003815	0.0	-0.0584629811347	-0.987321615219	0.147574186325	26.9344978334	2.16948181951	-52.1100006104	61.6532974243	-60.8726501465	0.480366674813	1.0	15.8800001144	14.8199996948	0.0	15.8800001144	0.353673719617	1.0	1
1.0	11032.8359375	10.0	2.0	2480.33300781	6.0	4.0	101.13999939	0.0	-0.0584528297186	-0.987324476242	0.147559076548	0.0	24.3422763511	-60.638999939	36.107749939	-61.2607498169	0.64006058028	2.0	20.4200000763	40.9799995422	0.0	21.3999996185	0.998872756045	1.0	1
1.0	5639.03662109	11.0	3.0	1461.68798828	2.0	2.0	70.0800004005	0.0	-0.997895658016	0.0559471212327	0.0327737592161	33.5099986315	20.3370040551	-71.4853973389	58.5804977417	-32.65284729	0.730918058201	2.0	14.8000001907	30.6399993896	0.0	14.8000001907	0.795762294556	1.0	1
1.0	10478.1962891	7.0	3.0	606.055664062	6.0	6.0	98.4600000381	0.0	0.99789005518	-0.056048065424	-0.0327735729516	0.0	8.85520929576	-60.123500824	36.532951355	-61.3444519043	0.260202236785	4.0	7.78000020981	57.1800012589	0.0	25.5	0.985276780571	1.0	1
1.0	3909.4987793	2.0	1.0	699.492004395	1.0	1.0	11.7000000477	2.08995212737	-0.791675925255	-0.609205663204	-0.0460184402764	6.74274174588	0.0	-48.9367523193	60.4231491089	-51.5843963623	0.546352740888	0.0	0.0	0.0	0.0	0.0	-1.0	0.0	1
1.0	16997.2402344	17.0	6.0	4140.2734375	4.0	3.0	87.5599994659	0.0	0.995600402355	-0.0935385897756	0.00550631899387	52.4865913071	1.05303928205	-40.7398986816	57.5072479248	-58.9645004272	0.736280975272	7.0	4.44000005722	85.1400003433	1.0	12.0200004578	0.999999999976	1.0	1
1.0	5464.56201172	6.0	2.0	1804.92797852	2.0	2.0	11.7000000477	2.08995212737	-0.791675925255	-0.609205663204	-0.0460184402764	49.8324738651	0.0	-48.9367523193	60.4231491089	-51.5843963623	0.546352740888	2.0	9.56000041962	14.8000001907	1.0	9.56000041962	0.564493747223	1.0	1
1.0	17942.5546875	13.0	6.0	1626.97192383	6.0	5.0	78.3399999142	0.0	-0.995591461658	0.0936337485909	-0.00551351439208	29.5673230602	0.0	-48.112701416	27.6021003723	-66.3401031494	0.559501441087	2.0	8.42000007629	18.1599998474	3.0	22.7800006866	0.999999998179	1.0	1
1.0	6522.22216797	9.0	2.0	3513.34179688	4.0	2.0	16.2600002289	0.0	0.105033896863	0.992557048798	0.0616312026978	6.96310659428	2.06073371397	-43.4657516479	57.0085983276	-53.554397583	0.420477526529	3.0	11.6000003815	30.6999993324	0.0	16.8400001526	0.998002886623	1.0	1
1.0	8697.06152344	7.0	2.0	3363.37988281	3.0	2.0	26.2800002098	0.0	0.105033896863	0.992557048798	0.0616312026978	6.96310659428	2.06073371397	-43.4657516479	57.0085983276	-53.554397583	0.420477526529	5.0	11.6000003815	52.1599993706	0.0	23.8600006104	0.999566911117	1.0	1
1.0	8040.32470703	7.0	3.0	3963.03100586	3.0	2.0	17.1199998856	0.0	-0.105037935078	-0.992562830448	-0.0615314394236	34.3949696525	14.232048988	-46.8604507446	65.1188964844	-49.4512481689	0.307711155448	5.0	17.5599994659	67.0799999237	0.0	25.0200004578	0.999730541012	1.0	1
1.0	3001.1328125	3.0	1.0	1378.89697266	2.0	1.0	15.3000001907	0.0	0.995600163937	-0.0935352891684	0.00560414744541	0.0	11.311470196	-47.3500976562	65.5768508911	-47.6051483154	0.523346899764	2.0	16.8400001526	40.1199998856	0.0	23.7999992371	0.0131828347697	1.0	1
1.0	7832.86621094	6.0	3.0	1672.12902832	2.0	2.0	30.6999993324	2.16552530695	-0.875771939754	0.276279211044	0.39584505558	27.5541269479	0.992990941611	-48.7165527344	57.4593009949	-52.6742515564	0.433274738414	0.0	0.0	0.0	0.0	0.0	0.998966443917	1.0	1
1.0	4971.23144531	1.0	1.0	202.940994263	1.0	1.0	18.8999996185	0.0	0.999347448349	-0.0346072688699	-0.0103471344337	2.10108612607	5.82337882659	-66.938293457	40.0663986206	-47.4880981445	0.471453734348	1.0	6.57999992371	5.73999977112	1.0	6.57999992371	-1.0	0.0	1
1.0	16518.4453125	17.0	5.0	2584.28076172	4.0	3.0	71.7999999523	0.0	0.999344348907	-0.0346956290305	-0.0103505048901	36.101005018	41.7033198754	-47.0159988403	38.2615509033	-67.4174041748	0.585700311622	0.0	0.0	0.0	1.0	24.4599990845	0.999999998707	1.0	1
1.0	6457.27734375	7.0	2.0	1557.08996582	1.0	1.0	30.9799995422	0.0	-0.999347448349	0.0346072688699	0.0103471344337	34.957718046	2.10108612607	-66.938293457	40.0663986206	-47.4880981445	0.471453734348	1.0	6.57999992371	5.73999977112	2.0	29.1200008392	0.803149224351	1.0	1
1.0	13958.5800781	17.0	5.0	4016.84033203	4.0	4.0	126.179998636	0.0	-0.0334209725261	-0.984704256058	0.170998737216	47.5039605022	18.8693468901	-44.4627532959	61.6847000122	-64.2715988159	0.922258608777	3.0	6.26000022888	22.1399998665	4.0	29.1200008392	0.999996953097	1.0	1
1.0	12156.8105469	9.0	5.0	2074.78662109	3.0	3.0	128.75999999	0.0	-0.999347448349	0.0346072688699	0.0103471344337	22.0726614194	2.10108612607	-66.938293457	40.0663986206	-47.4880981445	0.471453734348	2.0	6.26000022888	10.2199997902	3.0	29.1200008392	0.999649261054	1.0	1
1.0	10970.5019531	13.0	6.0	1633.2076416	2.0	2.0	117.5	0.0	-0.999347448349	0.0346072688699	0.0103471344337	22.0726614194	2.10108612607	-66.938293457	40.0663986206	-47.4880981445	0.471453734348	2.0	6.26000022888	10.2199997902	3.0	29.1200008392	0.999275882914	1.0	1
1.0	5887.54736328	1.0	1.0	202.940994263	1.0	1.0	18.8999996185	0.0	0.999347448349	-0.0346072688699	-0.0103471344337	2.10108612607	5.82337882659	-66.938293457	40.0663986206	-47.4880981445	0.471453734348	1.0	6.57999992371	5.73999977112	1.0	6.57999992371	0.059256497305	1.0	1
1.0	1935.88549805	6.0	1.0	1557.08996582	1.0	1.0	18.8999996185	0.0	-0.999347448349	0.0346072688699	0.0103471344337	9.6522482334	2.10108612607	-66.938293457	40.0663986206	-47.4880981445	0.471453734348	1.0	6.57999992371	5.73999977112	1.0	6.57999992371	0.966541440666	1.0	1
1.0	3649.70288086	2.0	2.0	1743.06994629	1.0	1.0	29.279999733	0.0	-0.046189840883	-0.993750751019	0.101616896689	37.4087963843	2.33389773135	-46.2845993042	60.6250991821	-59.1408004761	0.947875809717	2.0	9.02000045776	38.8400001526	2.0	29.3600006104	-1.0	0.0	1
1.0	13151.1357422	20.0	4.0	2112.33520508	2.0	2.0	71.4599990845	0.0	0.998022973537	-0.0332707054913	0.0533217974007	51.8753790475	1.82322763019	-63.0950508118	29.524848938	-53.8422470093	0.42441534075	4.0	9.02000045776	69.3800001144	2.0	29.3600006104	0.999980907947	1.0	1
1.0	14511.9248047	16.0	3.0	2113.16748047	2.0	1.0	48.4999990463	0.0	-0.046189840883	-0.993750751019	0.101616896689	41.1818632133	2.33389773135	-46.2845993042	60.6250991821	-59.1408004761	0.947875809717	4.0	9.02000045776	88.0799999237	3.0	29.3600006104	0.999985020322	1.0	1
1.0	13177.9960938	19.0	1.0	806.367492676	2.0	1.0	8.84000015259	0.0	-0.998022913933	0.0332723930478	-0.0533217936754	52.4472288222	1.12712925101	-46.9425506592	60.2609481812	-57.6930465698	0.363310457573	1.0	28.1200008392	28.5400009155	0.0	28.1200008392	0.999405770384	1.0	1
1.0	8886.36523438	5.0	2.0	2375.01708984	2.0	1.0	32.8599996567	0.0	-0.046189840883	-0.993750751019	0.101616896689	28.7963868767	2.33389773135	-46.2845993042	60.6250991821	-59.1408004761	0.947875809717	3.0	9.02000045776	68.1000003815	3.0	29.3600006104	0.990912560749	1.0	1
1.0	9787.00683594	10.0	4.0	2497.17797852	1.0	1.0	45.6199998856	0.0	0.0503086484969	-0.0856106728315	-0.995057702065	47.9853959099	1.43318489524	-51.0911483765	68.3904495239	-47.9314498901	0.279495540278	2.0	3.20000004768	13.0800004005	0.0	11.2600002289	0.999677636932	1.0	1
1.0	3633.07299805	5.0	1.0	2375.01708984	2.0	1.0	22.1199998856	0.0	-0.998022913933	0.0332723930478	-0.0533217936754	20.2779182242	11.0389644913	-45.9054489136	51.643447876	-62.5100479126	0.52174490924	1.0	9.02000045776	8.52000045776	1.0	9.02000045776	0.714581684291	1.0	1
1.0	6297.01611328	10.0	4.0	1703.89306641	2.0	2.0	28.4171994925	0.0	0.0503086484969	-0.0856106728315	-0.995057702065	47.9853959099	1.43318489524	-51.0911483765	68.3904495239	-47.9314498901	0.279495540278	4.0	11.2600002289	76.7200012207	0.0	28.1200008392	0.973858532315	1.0	1
1.0	4872.44482422	6.0	3.0	1743.06994629	1.0	1.0	50.6999998093	0.0	-0.046189840883	-0.993750751019	0.101616896689	37.4087963843	2.33389773135	-46.2845993042	60.6250991821	-59.1408004761	0.947875809717	3.0	3.20000004768	42.740000248	2.0	29.3600006104	0.556355501552	1.0	1
1.0	10565.2451172	10.0	4.0	3335.5480957	2.0	2.0	84.8172003031	0.0	-0.998022913933	0.0332723930478	-0.0533217936754	40.5620965912	14.3714203897	-46.9425506592	60.2609481812	-57.6930465698	0.363310457573	6.0	3.20000004768	114.180000782	1.0	29.3600006104	0.995411275879	1.0	1
1.0	6302.47119141	1.0	1.0	207.31199646	1.0	1.0	15.9600000381	2.73710792207	-0.362851947546	0.446397125721	0.817965805531	12.066155179	7.12652536919	-67.3542022705	40.7244491577	-43.8766021729	0.474709416193	0.0	0.0	0.0	0.0	0.0	-1.0	0.0	1
1.0	12447.4863281	16.0	4.0	2087.3840332	6.0	5.0	80.8099998236	0.0	-0.00619621947408	0.998390734196	-0.0563702099025	33.6643224881	3.36319841775	-43.2473526001	40.7635993958	-65.9584503174	0.678699862263	7.0	3.0	75.400001049	4.0	18.6000003815	0.999997453227	1.0	1
1.0	5212.54150391	2.0	2.0	1297.24194336	3.0	3.0	47.418799296	0.0	-0.994935870171	0.0	0.100511498749	44.1915995381	2.70773517369	-46.4976005554	69.5690002441	-49.1421508789	0.886829203084	5.0	7.94000005722	63.6999983788	2.0	13.220000267	0.60606986	1.0	1
1.0	10751.5175781	19.0	2.0	1907.82409668	4.0	2.0	1.51999998093	2.63447721923	-0.661749780178	-0.741830766201	-0.108509749174	63.0380763529	13.0745484108	-66.9394989014	60.5279006958	-14.0722503662	0.0597020610011	3.0	22.2600002289	35.8999996185	0.0	26.6599998474	0.996639094125	1.0	1
1.0	8785.63769531	6.0	1.0	624.464233398	3.0	3.0	53.5199995041	2.10114258609	-0.321720004082	-0.723535835743	-0.610730826855	50.060014894	1.86698545266	-54.4423522949	68.4972000122	-39.2117996216	0.98403959119	0.0	0.0	0.0	0.0	0.0	0.981487285808	1.0	1
1.0	8821.30078125	9.0	5.0	2012.00158691	5.0	4.0	101.109998226	0.0	-0.00619621947408	0.998390734196	-0.0563702099025	32.421115464	3.36319841775	-43.2473526001	40.7635993958	-65.9584503174	0.678699862263	3.0	3.0	23.9200000763	1.0	7.28000020981	0.999255235935	1.0	1
1.0	6704.29638672	2.0	1.0	207.31199646	1.0	1.0	15.9600000381	2.73710792207	-0.362851947546	0.446397125721	0.817965805531	12.066155179	7.12652536919	-67.3542022705	40.7244491577	-43.8766021729	0.474709416193	0.0	0.0	0.0	0.0	0.0	0.25156233795	1.0	1
1.0	8332.63964844	9.0	5.0	2961.9621582	5.0	4.0	85.3287981898	0.0	-0.00619621947408	0.998390734196	-0.0563702099025	32.421115464	3.36319841775	-43.2473526001	40.7635993958	-65.9584503174	0.678699862263	4.0	3.0	46.9199991226	2.0	13.8199996948	0.999788018164	1.0	1
1.0	2322.60620117	4.0	2.0	1219.74633789	2.0	2.0	31.2799992561	0.0	-0.994935870171	0.0	0.100511498749	29.7978861209	2.70773517369	-46.4976005554	69.5690002441	-49.1421508789	0.886829203084	4.0	7.94000005722	65.7199988365	2.0	13.220000267	0.739030754346	1.0	1
1.0	6086.22949219	10.0	3.0	2683.76269531	7.0	7.0	85.4499998093	0.0	-0.00619621947408	0.998390734196	-0.0563702099025	47.1962219749	3.36319841775	-43.2473526001	40.7635993958	-65.9584503174	0.678699862263	7.0	3.0	65.5199999809	3.0	9.15999984741	0.999155535536	1.0	1
1.0	5940.28320312	1.0	1.0	121.338996887	1.0	1.0	17.8400001526	0.0	0.998985528946	-0.0365960374475	0.0262423660606	0.0	2.85444440139	-72.6716003418	50.5989990234	-31.9046497345	0.649412583802	1.0	11.4600000381	12.5200004578	0.0	11.4600000381	-1.0	0.0	1
1.0	14368.0791016	23.0	3.0	2327.22680664	3.0	2.0	54.6440002918	0.0	0.0429155752063	0.985951006413	-0.161427542567	70.6403535674	5.11671638137	-48.3798980713	64.6258468628	-58.4312515259	0.0911300001949	10.0	2.98000001907	81.2655995321	7.0	25.0200004578	0.999598796693	1.0	1
1.0	13361.0039062	17.0	3.0	2165.43676758	2.0	2.0	48.1039998531	0.0	0.998988449574	-0.0365164354444	0.0262423623353	74.2724291843	4.75728046615	-48.8975982666	67.7969512939	-57.6631507874	0.242574317851	8.0	1.20000004768	49.7200007439	5.0	10.8199996948	0.999838160836	1.0	1
1.0	24776.6152344	21.0	1.0	264.454284668	3.0	3.0	36.3200001717	0.0	0.0429944135249	0.98594981432	-0.161413833499	68.4384656272	9.92804238598	-63.259552002	37.8605995178	-54.3269500732	0.128530100192	4.0	9.81999969482	40.8199996948	1.0	17.1599998474	0.999999999999	1.0	1
1.0	4929.67431641	4.0	1.0	359.302001953	2.0	2.0	23.0199999809	0.0	0.998985528946	-0.0365960374475	0.0262423660606	0.0	7.35129557627	-72.6716003418	50.5989990234	-31.9046497345	0.649412583802	4.0	6.96000003815	35.2664005756	3.0	17.1599998474	0.867403724067	1.0	1
1.0	7553.55029297	7.0	3.0	1890.46655273	2.0	1.0	19.0439999104	0.0	0.998988449574	-0.0365164354444	0.0262423623353	40.9065671501	4.75728046615	-48.8975982666	67.7969512939	-57.6631507874	0.242574317851	6.0	1.77999997139	55.0199995041	2.0	17.1599998474	0.999338583273	1.0	1
1.0	9858.99316406	6.0	1.0	121.338996887	1.0	1.0	17.8400001526	0.0	0.998985528946	-0.0365960374475	0.0262423660606	30.221218413	2.85444440139	-72.6716003418	50.5989990234	-31.9046497345	0.649412583802	1.0	11.4600000381	12.5200004578	0.0	11.4600000381	0.991082547811	1.0	1
1.0	10252.1054688	6.0	1.0	980.000305176	4.0	3.0	49.5399999619	0.0	0.998985528946	-0.0365960374475	0.0262423660606	62.4821206411	10.3387472619	-72.6716003418	50.5989990234	-31.9046497345	0.649412583802	5.0	1.20000004768	43.8199996948	2.0	17.1599998474	0.998524593582	1.0	1
1.0	10201.2158203	6.0	1.0	899.483886719	3.0	2.0	49.5399999619	0.0	0.998985528946	-0.0365960374475	0.0262423660606	62.4821206411	10.3387472619	-72.6716003418	50.5989990234	-31.9046497345	0.649412583802	2.0	1.20000004768	12.5200004578	1.0	1.20000004768	0.997895842336	1.0	1
1.0	9136.11230469	8.0	4.0	2558.0847168	2.0	2.0	77.6040010452	0.0	0.998988449574	-0.0365164354444	0.0262423623353	37.4906061756	4.75728046615	-48.8975982666	67.7969512939	-57.6631507874	0.242574317851	7.0	1.77999997139	49.7520006131	4.0	25.0200004578	0.997923320757	1.0	1
1.0	5622.07958984	1.0	1.0	857.479980469	1.0	1.0	16.879999876	2.17595952672	-0.703074097633	0.120977111161	0.700750529766	17.2514877032	0.0	-42.9179534912	63.3190002441	-60.6140518188	0.18087008851	0.0	0.0	0.0	0.0	0.0	-1.0	0.0	1
1.0	20165.0878906	26.0	6.0	2530.76391602	3.0	3.0	104.920001268	0.0	-0.00372789450921	-0.980666875839	0.195649132133	53.0348380295	2.26388197977	-38.0270500183	64.8744049072	-60.2508010864	0.0528211796351	8.0	8.19999980927	113.759999752	1.0	24.7800006866	0.999998594089	1.0	1
1.0	19588.078125	22.0	5.0	3922.36352539	3.0	3.0	82.863601163	0.0	-0.00372825143859	-0.980662763119	0.195669785142	30.2052919412	11.1835944809	-70.1465454102	27.6230506897	-31.284198761	0.570825702944	6.0	10.6199998856	69.7199997902	2.0	11.1199998856	0.999999992336	1.0	1
1.0	10205.1113281	25.0	3.0	1339.13464355	3.0	2.0	19.0600004196	0.0	-0.00372789450921	-0.980666875839	0.195649132133	53.0348380295	2.26388197977	-38.0270500183	64.8744049072	-60.2508010864	0.0528211796351	2.0	14.6800003052	29.8799991608	1.0	24.7800006866	0.966972617432	1.0	1
1.0	5254.21630859	3.0	3.0	1174.74804688	1.0	1.0	41.4399995804	0.0	-0.00382826616988	-0.980681836605	0.195572122931	37.9661272951	1.57826641912	-37.9980010986	66.6300506592	-61.7654495239	0.832365090081	5.0	7.78000020981	44.2199997902	1.0	8.73999977112	0.310230286674	1.0	1
1.0	11357.0566406	14.0	3.0	1513.19604492	2.0	2.0	14.6199998856	0.0	-0.00382817676291	-0.980662822723	0.195667490363	33.7574461877	3.16998241113	-64.4085006714	47.1265487671	-46.7178001404	0.631170323219	4.0	10.8999996185	73.7199983597	0.0	27.8799991608	0.973401018635	1.0	1
1.0	8488.76757812	3.0	1.0	1623.96704102	2.0	1.0	27.4199998379	1.58412119019	-0.4279486835	-0.85178989172	-0.30218192935	39.5108602744	0.0	-44.0454483032	64.6741485596	-58.5759506226	0.7781548011	0.0	0.0	0.0	0.0	0.0	0.872802911194	1.0	1
1.0	12861.2070312	13.0	3.0	1446.32397461	2.0	2.0	83.6000001431	0.0	0.00382817676291	0.980662822723	-0.195667490363	32.8984355518	25.2447318334	-64.4085006714	47.1265487671	-46.7178001404	0.631170323219	2.0	10.3999996185	34.3799991608	0.0	22.9400005341	0.999914788429	1.0	1
1.0	6568.84619141	5.0	2.0	959.173095703	2.0	2.0	47.1599993706	0.0	-0.00382826616988	-0.980681836605	0.195572122931	36.7175802784	1.57826641912	-37.9980010986	66.6300506592	-61.7654495239	0.832365090081	7.0	7.78000020981	76.0599989891	2.0	24.7800006866	0.745346258729	1.0	1
1.0	8678.87792969	13.0	5.0	1131.41296387	2.0	2.0	46.9036011696	0.0	-0.999826014042	0.0	-0.0186530519277	32.8984355518	1.5774492064	-64.9543991089	46.6399002075	-46.6308517456	0.103928494295	8.0	6.71999979019	99.8200001717	3.0	24.7800006866	0.980030897197	1.0	1
1.0	6166.70117188	1.0	1.0	65.1613998413	1.0	1.0	5.48000001907	3.50870344576	-0.869761347771	0.119940504432	0.478674739599	28.5162748586	0.0	-55.5805511475	51.8014984131	-58.7436981201	0.952564337407	0.0	0.0	0.0	0.0	0.0	-1.0	0.0	1
1.0	18219.8417969	25.0	5.0	3375.65063477	4.0	4.0	128.092799425	0.0	-0.0265243202448	-0.970082581043	0.241321831942	60.7013148608	2.0810578915	-59.1819992065	31.6511001587	-61.571647644	0.76646594538	9.0	4.71999979019	78.4767992496	3.0	14.1199998856	0.999999981462	1.0	1
1.0	24451.2480469	18.0	2.0	2954.37524414	4.0	3.0	120.919999599	0.0	-0.026521243155	-0.970105946064	0.241228193045	73.7979703934	25.3713815007	-68.4546051025	27.1693992615	-48.3950996399	0.907549799948	2.0	9.23999977112	20.9600000381	2.0	17.6800003052	1.0	1.0	1
1.0	16283.1992188	23.0	4.0	1266.8314209	2.0	2.0	82.6799993515	0.0	0.0265242271125	0.970082819462	-0.241320967674	54.6940295777	9.91035751231	-49.1365966797	50.5585021973	-61.4381484985	0.952991247216	5.0	6.51999998093	51.7599987984	3.0	21.7600002289	0.999952082962	1.0	1
1.0	2706.67724609	6.0	3.0	1855.42333984	1.0	1.0	46.6799983978	0.0	0.0265279375017	0.970082581043	-0.241321370006	8.52098161484	3.95321006109	-57.8572998047	32.2913017273	-63.4540481567	0.534388194075	2.0	6.51999998093	27.6799988747	0.0	23.1599998474	0.257727320788	1.0	1
1.0	8453.0234375	7.0	3.0	3672.55102539	3.0	3.0	61.4000005722	0.0	-0.0265242271125	-0.970082819462	0.241320967674	27.4049838209	5.68108167032	-49.1365966797	50.5585021973	-61.4381484985	0.952991247216	7.0	15.9200000763	53.5200004578	1.0	15.9200000763	0.982778466069	1.0	1
1.0	10492.7011719	3.0	1.0	2966.67431641	4.0	4.0	43.8800001144	0.0	0.993498206139	0.0	0.1138478145	33.232465711	13.9777600481	-57.8711471558	56.2083015442	-58.2432479858	0.852585616713	0.0	0.0	0.0	1.0	15.5600004196	0.964761850712	1.0	1
1.0	11812.1630859	6.0	5.0	3026.75024414	2.0	2.0	121.35999918	0.0	0.0265243202448	0.970082581043	-0.241321831942	8.30262083667	25.4527578318	-59.1819992065	31.6511001587	-61.571647644	0.76646594538	9.0	6.51999998093	79.9199995995	2.0	15.9200000763	0.993725284462	1.0	1
1.0	10215.9775391	4.0	2.0	3031.2355957	6.0	6.0	107.28000021	0.0	-0.0264289975166	-0.970086097717	0.241318121552	32.4158429889	1.52135266894	-48.8330535889	54.2268981934	-64.2002487183	0.704503609686	10.0	14.0799999237	96.3199996948	2.0	21.7600002289	0.998105381558	1.0	1
1.0	8648.66503906	5.0	1.0	2715.16430664	4.0	2.0	8.52000045776	3.86683335657	-0.505712151527	0.688191473484	0.520238101482	37.7910492623	14.8620107186	-50.0886993408	63.5451507568	-62.9457015991	0.660427006142	3.0	18.9200000763	37.2000007629	0.0	29.2000007629	0.99274957825	1.0	1
1.0	4782.44189453	2.0	1.0	698.006958008	1.0	1.0	3.03999996185	3.17968555047	-0.832688510418	-0.475145190954	0.284371048212	11.6111348812	0.0	-57.9671020508	50.0431518555	-56.2433509827	0.107261198493	0.0	0.0	0.0	0.0	0.0	-1.0	0.0	1
1.0	11405.8964844	18.0	2.0	452.386047363	2.0	1.0	6.88000011444	0.0	0.0849857926369	0.953451454639	-0.289322972298	41.2783723466	2.27663868706	-49.0709991455	44.2131004333	-60.7437515259	0.67346412757	4.0	9.92000007629	38.1999993324	0.0	17.8199996948	0.999991642935	1.0	1
1.0	16973.609375	20.0	4.0	2650.32910156	5.0	5.0	92.6807990074	0.0	-0.982109487057	0.129223138094	0.136975616217	69.3742330497	2.49499411486	-55.2304496765	69.7127532959	-42.4551467896	0.981608039696	6.0	7.36000013351	50.9999997616	5.0	16.4200000763	0.999999999933	1.0	1
1.0	9172.52148438	16.0	1.0	1221.60107422	3.0	2.0	25.2800004482	0.0	0.982119619846	-0.12913069129	-0.136990264058	36.1554641708	15.3431736651	-46.6135025024	48.5499992371	-57.8275527954	0.520325163453	4.0	9.92000007629	41.7399988174	0.0	17.8199996948	0.991347098526	1.0	1
1.0	3747.37402344	4.0	2.0	229.411010742	2.0	2.0	7.36000013351	0.0	-0.0849857032299	-0.953450381756	0.289326369762	3.55380916117	2.48625596424	-73.2124938965	36.8768005371	-34.4197502136	0.958067875293	1.0	17.8199996948	11.3999996185	1.0	9.64000034332	0.164174517903	1.0	1
1.0	7833.90283203	7.0	3.0	3338.98999023	5.0	4.0	68.340000391	0.0	-0.0849857926369	-0.953451454639	0.289322972298	3.64445354274	17.7923493752	-51.2911987305	53.4212989807	-55.3327484131	0.392778630084	7.0	9.92000007629	55.879999876	3.0	16.4200000763	0.998056518039	1.0	1
1.0	4637.66308594	2.0	1.0	842.785949707	2.0	2.0	12.120000124	0.0	0.982119619846	-0.12913069129	-0.136990264058	7.67508779214	2.68860169895	-46.6135025024	48.5499992371	-57.8275527954	0.520325163453	2.0	9.92000007629	18.9200000763	0.0	11.6400003433	0.0911525307482	1.0	1
1.0	9423.48046875	6.0	2.0	2537.11621094	4.0	3.0	53.7399997711	0.0	-0.0849857926369	-0.953451454639	0.289322972298	2.27663868706	27.5932019465	-49.0709991455	44.2131004333	-60.7437515259	0.360925100707	6.0	11.1199998856	42.9400002956	3.0	16.4200000763	0.998974585126	1.0	1
1.0	2773.6340332	2.0	1.0	966.682983398	2.0	2.0	12.120000124	0.0	0.982119619846	-0.12913069129	-0.136990264058	7.67508779214	2.68860169895	-46.6135025024	48.5499992371	-57.8275527954	0.520325163453	2.0	9.92000007629	20.7199993134	0.0	17.8199996948	0.0911525307482	1.0	1
1.0	10778.5566406	5.0	1.0	1837.04309082	3.0	1.0	21.1999998093	0.0	-0.0849857926369	-0.953451454639	0.289322972298	2.27663868706	10.0600801971	-49.0709991455	44.2131004333	-60.7437515259	0.360925100707	6.0	11.1199998856	42.9400002956	3.0	16.4200000763	0.999849530753	1.0	1
1.0	2810.30712891	3.0	0.0	707.364990234	1.0	0.0	0.0	10.0	0.0	0.0	0.0	0.0	0.0	0.0	0.0	0.0	2.0	0.0	0.0	0.0	0.0	0.0	0.000818057656424	0.0	1
1.0	9039.06933594	16.0	5.0	1805.03503418	3.0	3.0	77.1599993706	0.0	-0.0411630310118	-0.994545757771	0.0958349108696	42.4967794313	1.96272599443	-33.3429489136	70.4048995972	-53.2150497437	0.898031978508	6.0	4.98000001907	76.5999994278	2.0	13.6400003433	0.997846728281	1.0	1
1.0	4102.32763672	8.0	1.0	844.82598877	2.0	1.0	3.29999995232	2.62220324529	-0.915685594082	-0.353246450424	0.19166855514	33.2075330636	1.36267874849	-51.2272033691	50.568649292	-57.0396499634	0.397782791164	0.0	0.0	0.0	0.0	0.0	0.0751873353336	1.0	1
1.0	7055.05517578	13.0	3.0	2203.80200195	2.0	1.0	28.1800000668	0.0	0.998193562031	-0.0286156330258	0.0528271347284	24.5848237431	0.0	-43.5048522949	43.9468994141	-62.2757492065	0.326631512786	2.0	13.6400003433	37.8999996185	1.0	13.6400003433	0.991959261645	1.0	1
1.0	10691.3486328	9.0	5.0	1761.53198242	4.0	4.0	120.93999815	0.0	-0.998190224171	0.0287230163813	-0.0528321042657	53.4877441268	1.02024468191	-42.3896026611	64.9916534424	-50.3470497131	0.046660150859	7.0	8.15999984741	115.479998589	4.0	18.3999996185	0.999886309603	1.0	1
1.0	8579.24609375	8.0	5.0	784.429992676	2.0	2.0	34.6799993515	0.0	0.998193562031	-0.0286156330258	0.0528271347284	32.5993394555	0.0	-43.5048522949	43.9468994141	-62.2757492065	0.416692591068	3.0	14.9600000381	52.8599996567	1.0	16.1000003815	0.993260883698	1.0	1
1.0	796.411743164	3.0	0.0	1654.28894043	3.0	0.0	0.0	10.0	0.0	0.0	0.0	0.0	0.0	0.0	0.0	0.0	2.0	0.0	0.0	0.0	0.0	0.0	0.000818057656424	1.0	1
1.0	8741.39550781	8.0	1.0	917.434020996	1.0	1.0	43.0599985123	2.47287077975	0.86886382103	0.235171824694	-0.435625880957	35.0496597727	2.04049010647	-51.7187004089	50.0732498169	-57.7126502991	0.971085924289	0.0	0.0	0.0	0.0	0.0	0.983440742183	1.0	1
1.0	4049.94067383	9.0	3.0	824.770996094	1.0	1.0	35.279999733	0.0	0.0412674434483	0.994542837143	-0.0958203524351	37.9847068646	2.77213861056	-51.1091003418	58.1024475098	-54.2890472412	0.759623380092	5.0	13.6400003433	82.3000001907	2.0	16.1000003815	0.734948582994	1.0	1
1.0	6686.10742188	11.0	6.0	1962.3059082	3.0	3.0	100.319998264	0.0	-0.0411630310118	-0.994545757771	0.0958349108696	39.4474477269	1.96272599443	-33.3429489136	70.4048995972	-53.2150497437	0.898031978508	4.0	4.98000001907	54.6600008011	2.0	16.1000003815	0.990491682322	1.0	1
1.0	5808.04589844	1.0	1.0	912.339355469	1.0	1.0	22.8200001717	0.0	-0.0288053005934	0.963137805462	-0.267461746931	29.148967522	0.985944274834	-53.7015991211	51.6272010803	-55.9370498657	0.0794849257951	2.0	10.1999998093	18.8400001526	2.0	16.1399993896	-1.0	0.0	1
1.0	16051.0380859	27.0	7.0	2802.49267578	5.0	3.0	81.2687997818	0.0	-0.999503552914	-0.0310958735645	-0.0050654434599	75.9692910714	1.73157811025	-69.2453994751	24.3910503387	-35.4531021118	0.59192650453	5.0	8.38000011444	63.0115994215	3.0	16.3799991608	0.999999981494	1.0	1
1.0	23169.5410156	27.0	4.0	2825.98828125	4.0	4.0	91.1800017357	0.0	-0.0288053005934	0.963137805462	-0.267461746931	50.8919118605	0.985944274834	-53.7015991211	51.6272010803	-55.9370498657	0.0794849257951	4.0	10.1999998093	28.4744005352	4.0	21.4799995422	1.0	1.0	1
1.0	16418.2539062	30.0	7.0	4027.11279297	4.0	4.0	111.960000992	0.0	-0.999503552914	-0.0310958735645	-0.0050654434599	51.8729614413	1.96998758378	-37.9062004089	68.1538467407	-58.8452987671	0.576682724085	13.0	3.94000005722	139.460001469	8.0	21.4799995422	0.999999999578	1.0	1
1.0	4057.70947266	6.0	6.0	3069.33081055	1.0	1.0	47.9200003147	0.0	-0.0288045555353	0.96311289072	-0.267551571131	31.2788027503	1.71883800553	-39.5208969116	72.1381988525	-57.0520019531	0.751538940611	12.0	3.94000005722	159.359998226	7.0	21.2000007629	0.637589204887	1.0	1
1.0	10794.2587891	11.0	7.0	4589.72949219	6.0	5.0	152.180000544	0.0	0.999503552914	0.0310958735645	0.0050654434599	47.6820749034	0.0	-37.9062004089	68.1538467407	-58.8452987671	0.408435752646	8.0	3.94000005722	116.579999208	7.0	25.6000003815	0.999997510762	1.0	1
1.0	6904.85400391	4.0	1.0	2158.81933594	2.0	2.0	50.960000515	0.0	-0.0288053005934	0.963137805462	-0.267461746931	29.148967522	3.81441529832	-53.7015991211	51.6272010803	-55.9370498657	0.0794849257951	2.0	10.1999998093	18.8400001526	2.0	16.1399993896	0.795211122397	1.0	1
1.0	8088.046875	11.0	7.0	5008.20214844	7.0	5.0	58.9800007343	0.0	-0.999506950378	-0.0309879109263	-0.00506548024714	46.5710145781	4.0705943266	-41.9737014771	71.5867996216	-56.9325027466	0.0803375935786	6.0	7.40000009537	86.0799987316	4.0	25.6000003815	0.998435476759	1.0	1
1.0	9061.13574219	8.0	2.0	1545.63720703	3.0	3.0	90.560002327	0.0	-0.0288053005934	0.963137805462	-0.267461746931	29.148967522	0.985944274834	-53.7015991211	51.6272010803	-55.9370498657	0.0794849257951	3.0	10.1999998093	29.6199998856	3.0	16.1399993896	0.997135208589	1.0	1
1.0	8906.05664062	7.0	3.0	1402.82727051	3.0	2.0	97.800000906	0.0	-0.0288053005934	0.963137805462	-0.267461746931	42.7621650481	19.7736949614	-53.7015991211	51.6272010803	-55.9370498657	0.0794849257951	2.0	10.1999998093	18.8400001526	2.0	16.1399993896	0.965958420546	1.0	1
1.0	3623.32592773	2.0	1.0	441.756011963	1.0	1.0	12.2199997902	0.0	-0.997134029865	0.0	0.0756550058722	5.51436975205	1.83475209506	-53.2868499756	52.0990982056	-52.2006988525	0.370187664446	2.0	20.7800006866	38.5200004578	1.0	20.7800006866	-1.0	0.0	1
1.0	12574.0068359	19.0	7.0	2500.40380859	5.0	5.0	153.620000482	0.0	0.0130403498188	-0.976928591728	0.213167786598	58.9742312619	10.9359846557	-46.3897514343	63.9828491211	-52.1273994446	0.254013068092	5.0	8.65999984741	83.8600006104	1.0	20.7800006866	0.999994324981	1.0	1
1.0	6425.29394531	14.0	1.0	1429.27099609	2.0	2.0	14.8199996948	0.0	-0.997134029865	0.0	0.0756550058722	55.8860503067	1.83475209506	-53.2868499756	52.0990982056	-52.2006988525	0.370187664446	2.0	20.7800006866	38.5200004578	1.0	20.7800006866	0.184510300348	1.0	1
1.0	9216.82714844	15.0	6.0	3937.73144531	7.0	6.0	89.080000639	0.0	-0.997142493725	0.0	0.0755433663726	54.3309274952	0.0	-41.8255500793	69.6772003174	-60.1245498657	0.715718997229	5.0	8.34000015259	51.5599997044	4.0	49.6399993896	0.989309055735	1.0	1
1.0	2972.15600586	3.0	3.0	1092.92602539	2.0	2.0	43.6800003052	0.0	-0.997142493725	0.0	0.0755433663726	24.0007860704	0.0	-41.8255500793	69.6772003174	-60.1245498657	0.715718997229	7.0	8.34000015259	98.9400014877	3.0	21.3400001526	0.369579169536	1.0	1
1.0	9207.32910156	6.0	3.0	3607.68554688	5.0	5.0	115.940001488	0.0	0.997143089771	0.0	-0.0755355358124	27.2114198458	0.0	-46.5904006958	47.4464988708	-62.8932495117	0.779315710772	5.0	8.34000015259	68.640001297	2.0	22.8600006104	0.998796041855	1.0	1
1.0	1633.85778809	4.0	3.0	1092.92602539	2.0	2.0	43.6800003052	0.0	-0.997142493725	0.0	0.0755433663726	22.3219226998	0.0	-41.8255500793	69.6772003174	-60.1245498657	0.715718997229	7.0	8.34000015259	98.9400014877	3.0	21.3400001526	0.369579169536	1.0	1
1.0	10689.21875	6.0	3.0	1697.71289062	3.0	3.0	113.960000992	0.0	0.997142195702	0.0	-0.0755478143692	23.1378655474	0.0	-50.6820526123	47.9207000732	-54.6835479736	0.0735067707802	3.0	18.1000003815	57.7400016785	1.0	21.3400001526	0.995977413242	1.0	1
1.0	5537.06542969	3.0	1.0	441.756011963	1.0	1.0	12.2199997902	0.0	-0.997134029865	0.0	0.0756550058722	5.51436975205	1.83475209506	-53.2868499756	52.0990982056	-52.2006988525	0.370187664446	2.0	20.7800006866	38.5200004578	1.0	20.7800006866	0.177430584473	1.0	1
1.0	9000.5	8.0	6.0	3057.70117188	4.0	4.0	165.440000534	0.0	-0.997142493725	0.0	0.0755433663726	47.6603684578	0.0	-41.8255500793	69.6772003174	-60.1245498657	0.715718997229	8.0	8.34000015259	132.28000164	3.0	22.8600006104	0.972348150564	1.0	1
1.0	6110.04980469	2.0	1.0	64.4997024536	1.0	1.0	0.0	10.0	0.0	0.0	0.0	0.0	0.0	0.0	0.0	0.0	2.0	2.0	8.73999977112	17.8000000715	1.0	22.7800006866	-1.0	0.0	1
1.0	10842.6796875	20.0	1.0	64.4997024536	1.0	1.0	0.0	10.0	0.0	0.0	0.0	0.0	0.0	0.0	0.0	0.0	2.0	1.0	22.7800006866	15.9200000763	1.0	22.7800006866	0.999318474118	1.0	1
1.0	15930.9033203	19.0	2.0	2049.27075195	3.0	2.0	30.3608002663	0.0	0.00915051903576	-0.994013309479	0.10887517035	41.6760752116	0.0	-48.6921005249	41.3348007202	-62.3708000183	0.466600255304	4.0	8.73999977112	65.0800007582	3.0	25.3600006104	0.999465234909	1.0	1
1.0	12705.6943359	23.0	4.0	2582.20117188	4.0	4.0	66.7200001478	0.0	-0.994902431965	0.0	0.100842297077	54.8900220091	15.324123681	-60.7082977295	69.915397644	-26.6644496918	0.254598624654	6.0	9.15999984741	94.3399991989	4.0	24.1000003815	0.999969311824	1.0	1
1.0	6247.86914062	7.0	1.0	98.0784988403	1.0	1.0	10.1999998093	3.1605141417	-0.867294669151	-0.404840260744	0.28966242075	36.9895821981	6.38243464332	-49.6393508911	59.896648407	-60.4034996033	0.555849825841	0.0	0.0	0.0	0.0	0.0	0.729719028827	1.0	1
1.0	9007.75683594	10.0	2.0	98.0784988403	1.0	1.0	33.0799999237	2.42301254629	-0.919685125351	0.199147388339	0.338407427073	42.8126300434	0.0	-49.5164489746	49.4858016968	-65.5402984619	0.204939692734	0.0	0.0	0.0	0.0	0.0	0.988790432234	1.0	1
1.0	217.801696777	2.0	1.0	300.014007568	1.0	1.0	0.0	10.0	0.0	0.0	0.0	0.0	0.0	0.0	0.0	0.0	2.0	1.0	22.7800006866	15.9200000763	1.0	22.7800006866	0.817624577311	1.0	1
1.0	9010.55371094	12.0	1.0	300.014007568	1.0	1.0	2.21799993515	0.0	0.00915051903576	-0.994013309479	0.10887517035	21.3879904613	2.1685714442	-48.6921005249	41.3348007202	-62.3708000183	0.169485362552	1.0	28.4599990845	27.5200004578	1.0	28.4599990845	0.992155111951	1.0	1
1.0	7375.24707031	9.0	3.0	1841.18249512	2.0	2.0	46.5	0.0	0.994902789593	0.0	-0.100838899612	33.3435862145	2.64391680632	-49.3598022461	39.6442985535	-63.6849517822	0.0194388662434	2.0	19.0599994659	34.7000007629	2.0	22.7800006866	0.995955680014	1.0	1
1.0	5406.6953125	1.0	1.0	185.738006592	1.0	1.0	12.0600004196	0.0	-0.0329141505063	-0.174276873469	-0.984146475792	11.7731747676	3.23763180234	-53.5260467529	59.0229034424	-58.1317977905	0.925524561975	1.0	4.73999977112	4.28000020981	1.0	4.73999977112	-1.0	0.0	1
1.0	16654.1113281	14.0	6.0	3048.61157227	5.0	5.0	162.21999979	0.0	-0.0472530014813	0.972107291222	-0.229727074504	65.0324062433	21.8232659107	-67.6803436279	61.4756011963	-37.9260025024	0.16272328788	5.0	6.09999990463	63.1200003624	1.0	21.1599998474	0.999999987735	1.0	1
1.0	9322.83300781	21.0	3.0	1960.90197754	4.0	3.0	59.5200004578	0.0	0.0329141505063	0.174276873469	0.984146475792	48.4897736749	9.59841426	-53.5260467529	59.0229034424	-58.1317977905	0.925524561975	2.0	4.73999977112	20.3000006676	1.0	4.73999977112	0.99862013075	1.0	1
1.0	18973.7675781	16.0	6.0	2050.92114258	5.0	3.0	99.6000008583	0.0	-0.0329141505063	-0.174276873469	-0.984146475792	51.9991545407	12.7129285321	-53.5260467529	59.0229034424	-58.1317977905	0.925524561975	3.0	4.73999977112	22.1599998474	1.0	4.73999977112	0.999999779154	1.0	1
1.0	9591.47460938	8.0	2.0	185.738006592	1.0	1.0	25.7400007248	0.0	-0.0329141505063	-0.174276873469	-0.984146475792	37.4446356977	3.23763180234	-53.5260467529	59.0229034424	-58.1317977905	0.925524561975	1.0	4.73999977112	4.28000020981	1.0	4.73999977112	0.995920042143	1.0	1
1.0	9295.42382812	8.0	5.0	2672.87695312	4.0	4.0	154.780000448	0.0	-0.998334825039	-0.0336530283093	0.0468510016799	37.1193903177	2.33896411216	-46.813999176	60.7724494934	-61.2382507324	0.478760047529	7.0	4.73999977112	84.1200008392	2.0	17.3799991608	0.998399343339	1.0	1
1.0	2350.47998047	3.0	2.0	289.04800415	1.0	1.0	3.1400001049	0.0	0.0472557507455	-0.972084820271	0.229821681976	25.9276753863	3.25036200943	-45.2538528442	60.0688018799	-62.7504501343	0.801251201986	1.0	17.3799991608	19.6000003815	1.0	17.3799991608	0.549030785711	1.0	1
1.0	7534.50195312	13.0	5.0	1847.18493652	3.0	3.0	87.9599993229	0.0	0.0329141505063	0.174276873469	0.984146475792	31.4131088198	9.59841426	-53.5260467529	59.0229034424	-58.1317977905	0.925524561975	3.0	4.73999977112	18.3000006676	1.0	4.73999977112	0.998901865644	1.0	1
1.0	5779.98828125	4.0	2.0	1114.73999023	2.0	2.0	30.5228003263	0.0	0.998334825039	0.0336530283093	-0.0468510016799	34.2635533815	1.89396206997	-46.813999176	60.7724494934	-61.2382507324	0.188427298367	2.0	17.0599994659	36.9400005341	2.0	17.3799991608	0.682661882115	1.0	1
1.0	6180.62597656	11.0	5.0	1430.73791504	2.0	2.0	61.0599994659	0.0	0.0472557507455	-0.972084820271	0.229821681976	46.4952242049	3.25036200943	-45.2538528442	60.0688018799	-62.7504501343	0.801251201986	2.0	6.09999990463	26.0000004768	1.0	17.3799991608	0.966714702799	1.0	1
1.0	5078.49658203	1.0	1.0	363.385009766	1.0	1.0	8.40000021458	1.89540762541	-0.946245789528	-0.00723648723215	0.323367446661	13.6998685912	0.0	-51.0504989624	56.4363021851	-57.4546508789	0.268555387941	0.0	0.0	0.0	0.0	0.0	-1.0	0.0	1
1.0	12636.8417969	20.0	7.0	4443.09912109	3.0	3.0	104.320001006	0.0	-0.0355090983212	0.291509032249	0.95590877533	61.9602596234	3.48556545041	-42.8090515137	68.53465271	-52.2322006226	0.977718299676	7.0	1.12000000477	96.5199995041	2.0	27.2000007629	0.999996150415	1.0	1
1.0	8268.81347656	9.0	2.0	1316.96508789	2.0	2.0	11.7200001478	1.89540762541	-0.946245789528	-0.00723648723215	0.323367446661	53.9206137845	0.0	-51.0504989624	56.4363021851	-57.4546508789	0.268555387941	0.0	0.0	0.0	0.0	0.0	0.794094312474	1.0	1
1.0	9601.82714844	14.0	5.0	1842.3145752	3.0	1.0	33.7600003481	0.0	-0.0355090983212	0.291509032249	0.95590877533	56.7978483119	3.48556545041	-42.8090515137	68.53465271	-52.2322006226	0.977718299676	5.0	1.12000000477	45.3000003099	3.0	12.2399997711	0.980404934037	1.0	1
1.0	6062.3828125	6.0	3.0	1855.86901855	2.0	2.0	54.0400009155	1.66604023923	-0.300637423992	-0.941432595253	-0.152714774013	14.2538322128	2.69584109001	-59.1831512451	38.253200531	-55.3692474365	0.92924360874	0.0	0.0	0.0	0.0	0.0	0.882640406847	1.0	1
1.0	10435.0537109	5.0	5.0	1767.14001465	3.0	3.0	95.2600005865	0.0	-0.106009885669	0.937815189362	-0.330551832914	47.2325802322	0.0	-46.7973480225	63.7635993958	-52.6882514954	0.262645248336	6.0	9.06000041962	106.779998779	1.0	27.2000007629	0.996096295015	1.0	1
1.0	1606.55529785	3.0	1.0	3369.1574707	4.0	1.0	2.88000011444	3.13286927284	-0.669247746468	-0.221428826451	0.709279000759	47.8025625721	20.3260411686	-44.7405014038	55.8853492737	-63.4800491333	0.800374367733	0.0	0.0	0.0	0.0	0.0	0.930775302597	1.0	1
1.0	9757.02539062	4.0	4.0	2109.64746094	4.0	4.0	113.900000811	0.0	0.106009885669	-0.937815189362	0.330551832914	42.2234091693	1.987374645	-46.7973480225	63.7635993958	-52.6882514954	0.84396733971	3.0	9.06000041962	37.279999733	1.0	27.2000007629	0.998212222721	1.0	1
1.0	2993.22143555	4.0	1.0	1565.21911621	3.0	3.0	23.7400004864	0.0	-0.106022574008	0.937803566456	-0.330580919981	26.5916658302	0.0	-42.6938514709	67.4739532471	-49.9131507874	0.0759944235708	4.0	7.71999979019	51.4799985886	0.0	24.5200004578	0.634333046029	1.0	1
1.0	10055.7001953	7.0	6.0	2068.77099609	3.0	3.0	110.120000482	0.0	0.106009885669	-0.937815189362	0.330551832914	47.9307978442	1.987374645	-46.7973480225	63.7635993958	-52.6882514954	0.262645248336	4.0	18.5400009155	74.4999990463	1.0	27.2000007629	0.994449102899	1.0	1
1.0	5335.14501953	2.0	2.0	259.471984863	1.0	1.0	31.3600006104	1.34721194697	-0.493835508823	0.160499319434	0.854614794254	26.1659863897	0.0	-43.3947525024	56.8943481445	-65.0262527466	0.848823298282	0.0	0.0	0.0	0.0	0.0	-1.0	0.0	1
1.0	20626.1777344	21.0	4.0	3058.66210938	4.0	4.0	148.281919807	0.0	0.992685258389	-0.0704840868711	-0.0980202406645	58.2432966155	12.3441724124	-70.9196472168	19.6767997742	-32.8138504028	0.924951206046	4.0	5.92000007629	42.1200003624	3.0	13.9799995422	0.999999999982	1.0	1
1.0	22035.9570312	19.0	6.0	4013.40527344	5.0	5.0	151.179998875	0.0	0.992685258389	-0.0704840868711	-0.0980202406645	72.240059377	12.3441724124	-70.9196472168	19.6767997742	-32.8138504028	0.924951206046	8.0	3.6400001049	62.2600007057	3.0	13.9799995422	1.0	1.0	1
1.0	2841.87548828	8.0	3.0	2116.39990234	1.0	1.0	41.4600000381	2.30160595762	-0.503574371338	0.697463512421	0.509860277176	30.5161855134	3.75598864214	-53.5881996155	57.6788482666	-60.2823486328	0.583110205161	0.0	0.0	0.0	0.0	0.0	0.230037082201	1.0	1
1.0	7050.19580078	10.0	1.0	3730.63183594	2.0	1.0	16.8799996376	0.0	-0.0588478669524	-0.984737038612	0.163798183203	21.7306094779	47.5827570443	-57.6803512573	33.5691986084	-55.9782028198	0.10310590349	2.0	10.9399995804	32.1600008011	0.0	22.1000003815	0.971565055554	1.0	1
1.0	4545.49755859	3.0	2.0	259.471984863	1.0	1.0	31.3600006104	1.34721194697	-0.493835508823	0.160499319434	0.854614794254	34.4929494808	0.0	-43.3947525024	56.8943481445	-65.0262527466	0.848823298282	0.0	0.0	0.0	0.0	0.0	0.164174659418	1.0	1
1.0	11135.9501953	8.0	2.0	2800.41381836	3.0	3.0	78.7799983025	0.0	-0.992694556713	0.0704811662436	0.0979279503226	48.3542099348	2.36817081238	-40.11095047	75.6520004272	-57.143699646	0.288565689615	2.0	6.44000005722	17.0599999428	2.0	9.52000045776	0.999649568162	1.0	1
1.0	6698.33496094	3.0	2.0	259.471984863	1.0	1.0	31.3600006104	1.34721194697	-0.493835508823	0.160499319434	0.854614794254	28.5501906038	0.0	-43.3947525024	56.8943481445	-65.0262527466	0.848823298282	0.0	0.0	0.0	0.0	0.0	0.329951219751	1.0	1
1.0	10759.7666016	7.0	2.0	3314.79467773	2.0	2.0	51.6999998093	1.01394279255	0.058747317642	0.984727203846	-0.16389362514	23.891655932	25.8905568362	-58.5551986694	36.6814002991	-56.3793487549	0.139056177113	1.0	3.6400001049	0.0	0.0	3.6400001049	0.999365292446	1.0	1
1.0	7513.66113281	1.0	1.0	903.49798584	1.0	1.0	36.2200012207	1.71086238888	-0.388891607523	-0.909044086933	0.149673447013	26.4172269058	8.40765101988	-66.1783447266	59.0883026123	-50.9269485474	0.721593071774	0.0	0.0	0.0	0.0	0.0	-1.0	0.0	2
1.0	8585.90722656	12.0	4.0	2499.05883789	3.0	2.0	64.8000001907	2.03428364679	-0.305069714785	-0.736878693104	-0.603276312351	37.9128504184	23.3718935879	-64.4004516602	72.0263519287	-22.9336013794	0.946216178308	0.0	0.0	0.0	0.0	0.0	0.997806890075	1.0	2
1.0	6674.18261719	10.0	3.0	1710.54858398	4.0	2.0	49.5400004387	0.0	0.997895658016	-0.0559471212327	-0.0327737592161	18.0959952099	33.5099986315	-71.4853973389	58.5804977417	-32.65284729	0.48844724809	2.0	14.8000001907	30.6399993896	0.0	14.8000001907	0.882520432624	1.0	2
1.0	7118.17333984	12.0	4.0	3253.5625	7.0	5.0	88.6600012779	0.0	-0.997895658016	0.0559471212327	0.0327737592161	44.4350052184	20.3370040551	-71.4853973389	58.5804977417	-32.65284729	0.730918058201	1.0	14.8000001907	15.3599996567	0.0	14.8000001907	0.997188057318	1.0	2
1.0	7426.31152344	1.0	1.0	437.380004883	2.0	1.0	24.7000007629	2.01580750578	-0.308576852083	-0.925412297249	-0.219982877374	25.4842935496	5.32286669551	-65.3208465576	58.2893981934	-53.0923500061	0.771585512139	0.0	0.0	0.0	0.0	0.0	0.0839762595043	1.0	2
1.0	9643.64648438	10.0	5.0	1522.50195312	3.0	3.0	94.2800002098	0.0	-0.997895658016	0.0559471212327	0.0327737592161	18.2882036641	20.3370040551	-71.4853973389	58.5804977417	-32.65284729	0.730918058201	1.0	14.8000001907	15.3599996567	0.0	14.8000001907	0.975895030412	1.0	2
1.0	7979.77929688	2.0	2.0	437.380004883	2.0	2.0	52.8200006485	0.0	-0.997889816761	0.0560519471765	0.032773565501	20.9412381321	5.41590149358	-65.5127029419	55.4765510559	-53.4200515747	0.99665127465	3.0	7.78000020981	39.1999998093	0.0	16.8400001526	0.130994613305	1.0	2
1.0	7802.39306641	13.0	3.0	1858.46289062	4.0	3.0	91.7400007248	1.71086238888	0.388891607523	0.909044086933	-0.149673447013	29.1635396806	18.4210418551	-66.1783447266	59.0883026123	-50.9269485474	0.721593071774	0.0	0.0	0.0	0.0	0.0	0.99880481667	1.0	2
1.0	11707.4541016	8.0	4.0	2768.2800293	3.0	3.0	100.679999352	0.0	-0.99789005518	0.056048065424	0.0327735729516	28.3679607871	1.95892817828	-60.123500824	36.532951355	-61.3444519043	0.890562669379	2.0	20.4200000763	40.9799995422	0.0	21.3999996185	0.997901023543	1.0	2
1.0	14538.2802734	10.0	4.0	2219.60766602	3.0	3.0	109.440000534	1.71086238888	-0.388891607523	-0.909044086933	0.149673447013	35.1687026505	8.40765101988	-66.1783447266	59.0883026123	-50.9269485474	0.721593071774	1.0	25.5	13.6400003433	0.0	25.5	0.998005761938	1.0	2
1.0	3909.4987793	2.0	1.0	699.492004395	1.0	1.0	11.7000000477	2.08995212737	-0.791675925255	-0.609205663204	-0.0460184402764	6.74274174588	0.0	-48.9367523193	60.4231491089	-51.5843963623	0.546352740888	0.0	0.0	0.0	0.0	0.0	-1.0	0.0	2
1.0	9602.84765625	8.0	2.0	1553.6706543	2.0	2.0	35.0	0.0	0.105033896863	0.992557048798	0.0616312026978	29.0563450576	0.99299030582	-43.4657516479	57.0085983276	-53.554397583	0.571458512707	7.0	11.6000003815	96.4399995804	0.0	25.0200004578	0.999740989339	1.0	2
1.0	7036.46630859	9.0	3.0	4112.99267578	3.0	2.0	24.5800001621	0.0	-0.105037935078	-0.992562830448	-0.0615314394236	14.0078807409	14.232048988	-46.8604507446	65.1188964844	-49.4512481689	0.307711155448	5.0	16.8400001526	65.4999990463	0.0	25.0200004578	0.995987461125	1.0	2
1.0	4514.67871094	6.0	0.0	262.119018555	1.0	0.0	0.0	10.0	0.0	0.0	0.0	0.0	0.0	0.0	0.0	0.0	2.0	0.0	0.0	0.0	0.0	0.0	0.000818057656424	1.0	2
1.0	4862.77148438	7.0	3.0	2850.07397461	2.0	2.0	17.1199998856	0.0	-0.105037935078	-0.992562830448	-0.0615314394236	34.3949696525	14.232048988	-46.8604507446	65.1188964844	-49.4512481689	0.307711155448	4.0	17.5599994659	58.6800003052	0.0	25.0200004578	0.863049784314	1.0	2
1.0	7254.42675781	8.0	2.0	791.562011719	1.0	1.0	17.6800003052	0.0	-0.105037935078	-0.992562830448	-0.0615314394236	35.5561490163	4.29759789808	-46.8604507446	65.1188964844	-49.4512481689	0.307711155448	6.0	11.6000003815	87.4799985886	0.0	26.0200004578	0.973858400157	1.0	2
1.0	6534.55517578	3.0	1.0	1864.03979492	3.0	2.0	11.7000000477	2.08995212737	-0.791675925255	-0.609205663204	-0.0460184402764	6.74274174588	0.0	-48.9367523193	60.4231491089	-51.5843963623	0.546352740888	2.0	19.7600002289	19.1800003052	0.0	23.8600006104	0.925800968958	1.0	2
1.0	4519.22119141	8.0	2.0	989.774047852	3.0	2.0	19.1600000858	0.0	0.995600163937	-0.0935352891684	0.00560414744541	15.8572832964	2.25886743133	-47.3500976562	65.5768508911	-47.6051483154	0.523346899764	1.0	16.8400001526	15.779999733	0.0	16.8400001526	0.99194633608	1.0	2
1.0	1788.88696289	2.0	1.0	1792.36206055	2.0	1.0	15.3000001907	0.0	0.995600163937	-0.0935352891684	0.00560414744541	0.0	11.311470196	-47.3500976562	65.5768508911	-47.6051483154	0.523346899764	2.0	16.8400001526	40.1199998856	0.0	23.7999992371	0.0131828347697	1.0	2
1.0	8938.80859375	9.0	3.0	1723.71972656	3.0	3.0	30.6999993324	2.16552530695	-0.875771939754	0.276279211044	0.39584505558	27.5541269479	0.992990941611	-48.7165527344	57.4593009949	-52.6742515564	0.433274738414	2.0	25.0200004578	16.7999992371	0.0	25.0200004578	0.998881416438	1.0	2
1.0	4971.23144531	1.0	1.0	202.940994263	1.0	1.0	18.8999996185	0.0	0.999347448349	-0.0346072688699	-0.0103471344337	2.10108612607	5.82337882659	-66.938293457	40.0663986206	-47.4880981445	0.471453734348	1.0	6.57999992371	5.73999977112	1.0	6.57999992371	-1.0	0.0	2
1.0	7499.02929688	6.0	1.0	3700.29003906	3.0	2.0	32.9199995995	0.0	-0.0334209725261	-0.984704256058	0.170998737216	13.3829803425	18.8693468901	-44.4627532959	61.6847000122	-64.2715988159	0.922258608777	0.0	0.0	0.0	1.0	29.1200008392	0.985660160416	1.0	2
1.0	3617.08227539	2.0	2.0	1557.08996582	1.0	1.0	30.9799995422	0.0	-0.999347448349	0.0346072688699	0.0103471344337	9.6522482334	2.10108612607	-66.938293457	40.0663986206	-47.4880981445	0.471453734348	1.0	6.57999992371	5.73999977112	2.0	29.1200008392	0.441916177838	1.0	2
1.0	14403.5322266	8.0	3.0	76.1176986694	1.0	1.0	39.9000005722	1.99021101499	0.831955730915	-0.379193902016	-0.405045241117	50.1326336797	2.38117728486	-44.1385002136	54.9926986694	-64.0236968994	0.356238981026	0.0	0.0	0.0	0.0	0.0	0.999997865636	1.0	2
1.0	6306.19335938	9.0	3.0	3258.7109375	2.0	2.0	55.6800003052	1.75135662084	0.709093272686	-0.477000206709	-0.519285619259	0.0	9.10550817028	-72.3979949951	27.0978507996	-42.43800354	0.380686872536	0.0	0.0	0.0	0.0	0.0	0.979591790327	1.0	2
1.0	9520.92578125	11.0	2.0	1655.56201172	2.0	2.0	41.3199996948	0.0	0.999344348907	-0.0346956290305	-0.0103505048901	27.521225523	0.0	-47.0159988403	38.2615509033	-67.4174041748	0.585700311622	0.0	0.0	0.0	1.0	24.4599990845	0.997366706301	1.0	2
1.0	4753.40039062	9.0	3.0	3212.65185547	3.0	3.0	79.3999996185	0.0	-0.999347448349	0.0346072688699	0.0103471344337	9.6522482334	21.9288374177	-66.938293457	40.0663986206	-47.4880981445	0.471453734348	1.0	6.57999992371	5.73999977112	1.0	6.57999992371	0.985279850069	1.0	2
1.0	5959.21777344	1.0	1.0	202.940994263	1.0	1.0	18.8999996185	0.0	0.999347448349	-0.0346072688699	-0.0103471344337	2.10108612607	5.82337882659	-66.938293457	40.0663986206	-47.4880981445	0.471453734348	1.0	6.57999992371	5.73999977112	1.0	6.57999992371	0.059256497305	1.0	2
1.0	6618.45019531	7.0	1.0	1557.08996582	1.0	1.0	17.6200008392	3.3973224082	-0.55252969265	0.757107555866	0.348567217588	35.0142785948	16.1751040549	-57.5400009155	40.2178001404	-61.2472496033	0.897546106767	0.0	0.0	0.0	0.0	0.0	0.983222867136	1.0	2
1.0	3649.70288086	2.0	2.0	1743.06994629	1.0	1.0	29.279999733	0.0	-0.046189840883	-0.993750751019	0.101616896689	37.4087963843	2.33389773135	-46.2845993042	60.6250991821	-59.1408004761	0.947875809717	2.0	9.02000045776	38.8400001526	2.0	29.3600006104	-1.0	0.0	2
1.0	9193.58789062	11.0	3.0	2530.01293945	2.0	2.0	55.2572001219	0.0	-0.0461943298578	-0.993749916553	0.101623028517	40.5620965912	3.58545650051	-46.4036026001	59.7366485596	-57.6112976074	0.198110749041	5.0	3.20000004768	84.5800004005	1.0	28.1200008392	0.994570049564	1.0	2
1.0	9926.99609375	10.0	2.0	1541.05102539	3.0	3.0	47.5999996662	0.0	0.0503086484969	-0.0856106728315	-0.995057702065	33.3339900978	1.43318489524	-51.0911483765	68.3904495239	-47.9314498901	0.279495540278	5.0	9.02000045776	95.9000015259	2.0	28.1200008392	0.990912566982	1.0	2
1.0	9934.86035156	7.0	1.0	154.996002197	1.0	1.0	1.75999999046	2.73763764963	-0.158859968185	-0.853623688221	-0.496074736118	49.0127751473	3.54559371319	-46.9034004211	56.9207000732	-60.9480514526	0.681548328662	0.0	0.0	0.0	0.0	0.0	0.994395980628	1.0	2
1.0	9965.10351562	8.0	3.0	1743.06994629	1.0	1.0	66.3999996185	0.0	-0.046189840883	-0.993750751019	0.101616896689	49.6068840977	2.33389773135	-46.2845993042	60.6250991821	-59.1408004761	0.947875809717	4.0	3.20000004768	72.0000004768	3.0	29.3600006104	0.989363219616	1.0	2
1.0	8894.79589844	7.0	3.0	1104.78100586	2.0	2.0	34.7171994448	0.0	-0.998025774956	0.0331841483712	-0.053323443979	39.5312414719	0.0	-38.9618988037	48.9056015015	-67.6471557617	0.781385248858	3.0	12.5600004196	51.0	0.0	21.1000003815	0.997508382309	1.0	2
1.0	7187.39746094	10.0	1.0	317.838012695	1.0	1.0	9.17999982834	0.0	0.998022973537	-0.0332707054913	0.0533217974007	17.749393123	1.82322763019	-63.0950508118	29.524848938	-53.8422470093	0.42441534075	2.0	21.1000003815	40.3799991608	0.0	21.1000003815	0.973858475109	1.0	2
1.0	9284.68554688	9.0	2.0	786.942993164	2.0	2.0	48.5599997044	0.0	-0.998025774956	0.0331841483712	-0.053323443979	37.5145686691	0.0	-38.9618988037	48.9056015015	-67.6471557617	0.781385248858	3.0	9.02000045776	40.9200000763	1.0	9.02000045776	0.996282314235	1.0	2
1.0	6302.47119141	1.0	1.0	207.31199646	1.0	1.0	15.9600000381	2.73710792207	-0.362851947546	0.446397125721	0.817965805531	12.066155179	7.12652536919	-67.3542022705	40.7244491577	-43.8766021729	0.474709416193	0.0	0.0	0.0	0.0	0.0	-1.0	0.0	2
1.0	10972.2539062	10.0	5.0	2809.38989258	3.0	3.0	122.37879838	0.0	0.994936227798	0.0	-0.100508131087	37.8887687362	20.8932188808	-56.917098999	52.0936012268	-51.62474823	0.870008670625	8.0	9.15999984741	136.019998312	2.0	13.220000267	0.997558171861	1.0	2
1.0	8873.97851562	5.0	3.0	1723.77258301	4.0	4.0	52.939999938	0.0	0.994935870171	0.0	-0.100511498749	20.3064405568	14.8422168159	-54.4351005554	34.3930015564	-59.9310493469	0.895764996658	3.0	7.28000020981	21.8199996948	3.0	13.8199996948	0.869518718906	1.0	2
1.0	9376.00195312	8.0	3.0	1723.77258301	4.0	4.0	42.5500001907	0.0	-0.00619621947408	0.998390734196	-0.0563702099025	47.1962219749	3.36319841775	-43.2473526001	40.7635993958	-65.9584503174	0.678699862263	2.0	3.0	13.1199998856	2.0	13.8199996948	0.994990756164	1.0	2
1.0	5023.75878906	5.0	3.0	1662.1920166	3.0	2.0	24.2200000286	2.11413105856	-0.280202686787	-0.924910664558	-0.256956666708	39.1706433237	25.9286131647	-64.0127029419	58.0301971436	-33.8694496155	0.990715170678	0.0	0.0	0.0	1.0	13.8199996948	0.863832349678	1.0	2
1.0	6484.34130859	9.0	0.0	207.31199646	1.0	0.0	0.0	10.0	0.0	0.0	0.0	0.0	0.0	0.0	0.0	0.0	2.0	0.0	0.0	0.0	0.0	0.0	0.000818057656424	1.0	2
1.0	6407.09814453	2.0	1.0	207.31199646	1.0	1.0	15.9600000381	2.73710792207	-0.362851947546	0.446397125721	0.817965805531	12.066155179	7.12652536919	-67.3542022705	40.7244491577	-43.8766021729	0.474709416193	0.0	0.0	0.0	0.0	0.0	0.278121106316	1.0	2
1.0	10363.7431641	8.0	2.0	419.009887695	2.0	2.0	35.9099991322	0.0	-0.994935870171	0.0	0.100511498749	29.7539220543	2.51873539484	-60.3633003235	41.8712997437	-52.2038497925	0.322162774343	2.0	3.0	13.1199998856	1.0	7.94000005722	0.983090735364	1.0	2
1.0	6337.859375	7.0	4.0	2675.45703125	2.0	2.0	53.6288000494	0.0	-0.994935870171	0.0	0.100511498749	41.6287510521	15.4955291444	-48.3471984863	57.0171012878	-55.7938499451	0.504880544355	5.0	3.0	64.159999609	0.0	26.6599998474	0.909624190509	1.0	2
1.0	10568.3115234	7.0	3.0	2369.453125	5.0	5.0	93.1388002783	0.0	-0.994935870171	0.0	0.100511498749	47.7868530938	2.70773517369	-46.4976005554	69.5690002441	-49.1421508789	0.886829203084	7.0	7.28000020981	75.3599991798	4.0	13.8199996948	0.994124377114	1.0	2
1.0	5940.28320312	1.0	1.0	121.338996887	1.0	1.0	17.8400001526	0.0	0.998985528946	-0.0365960374475	0.0262423660606	0.0	2.85444440139	-72.6716003418	50.5989990234	-31.9046497345	0.649412583802	1.0	11.4600000381	12.5200004578	0.0	11.4600000381	-1.0	0.0	2
1.0	5536.27099609	9.0	4.0	1384.47485352	3.0	3.0	36.9800009727	0.0	0.998988449574	-0.0365164354444	0.0262423623353	37.4906061756	4.75728046615	-48.8975982666	67.7969512939	-57.6631507874	0.242574317851	2.0	1.77999997139	12.1599998474	2.0	25.0200004578	0.995432015433	1.0	2
1.0	6075.37304688	2.0	1.0	121.338996887	1.0	1.0	17.8400001526	0.0	0.998985528946	-0.0365960374475	0.0262423660606	0.0	2.85444440139	-72.6716003418	50.5989990234	-31.9046497345	0.649412583802	1.0	11.4600000381	12.5200004578	0.0	11.4600000381	0.0787913442487	1.0	2
1.0	7109.23681641	9.0	2.0	1254.3963623	1.0	1.0	65.0400006771	0.0	-0.998985528946	0.0365960374475	-0.0262423660606	30.0963797976	0.0	-72.6716003418	50.5989990234	-31.9046497345	0.649412583802	7.0	5.17999982834	65.2455997895	7.0	25.0200004578	0.996795816903	1.0	2
1.0	121.338996887	1.0	1.0	1701.06933594	1.0	1.0	17.8400001526	0.0	-0.998985528946	0.0365960374475	-0.0262423660606	2.85444440139	0.0	-72.6716003418	50.5989990234	-31.9046497345	0.649412583802	1.0	11.4600000381	12.5200004578	0.0	11.4600000381	0.143748612861	1.0	2
1.0	9185.27734375	7.0	1.0	150.220306396	2.0	2.0	17.2800006866	2.53296659684	-0.01901544258	0.143767490983	0.989428758621	64.6215922711	4.95448217245	-73.6103057861	46.7098999023	-25.431350708	0.835651305553	1.0	22.8199996948	11.2399997711	0.0	22.8199996948	0.999150781887	1.0	2
1.0	11424.2832031	6.0	2.0	200.209594727	2.0	2.0	36.60400033	0.0	0.998988449574	-0.0365164354444	0.0262423623353	51.0384301055	4.75728046615	-48.8975982666	67.7969512939	-57.6631507874	0.242574317851	4.0	1.77999997139	31.0800004005	1.0	1.77999997139	0.999577118505	1.0	2
1.0	8835.56152344	9.0	3.0	864.120483398	4.0	3.0	76.9040000439	0.0	0.998988449574	-0.0365164354444	0.0262423623353	37.4906061756	4.75728046615	-48.8975982666	67.7969512939	-57.6631507874	0.242574317851	6.0	1.20000004768	40.6000008583	2.0	1.77999997139	0.980967532323	1.0	2
1.0	5576.55224609	9.0	1.0	235.572998047	2.0	1.0	13.8199996948	0.0	0.0429944135249	0.98594981432	-0.161413833499	18.6355211227	9.92804238598	-63.259552002	37.8605995178	-54.3269500732	0.128530100192	1.0	9.81999969482	9.52000045776	0.0	9.81999969482	0.94359961314	1.0	2
1.0	10741.0585938	7.0	2.0	953.137268066	3.0	3.0	67.1200003624	0.0	-0.0429124087095	-0.985951125622	0.161427557468	40.2714587772	4.01131572011	-56.2369995117	55.2308502197	-58.3442497253	0.292186698281	8.0	3.55999994278	66.4599995613	4.0	17.1599998474	0.999991508881	1.0	2
1.0	5622.07958984	1.0	1.0	857.479980469	1.0	1.0	16.879999876	2.17595952672	-0.703074097633	0.120977111161	0.700750529766	17.2514877032	0.0	-42.9179534912	63.3190002441	-60.6140518188	0.18087008851	0.0	0.0	0.0	0.0	0.0	-1.0	0.0	2
1.0	12075.8115234	11.0	3.0	1611.49511719	3.0	3.0	66.5200002193	0.0	0.00383203476667	0.980662643909	-0.195668235421	55.473642098	0.992489217254	-37.9376983643	59.053150177	-64.9113006592	0.844888291147	8.0	8.15999984741	120.799999237	0.0	27.8799991608	0.998294867859	1.0	2
1.0	14819.6416016	11.0	4.0	1999.45996094	2.0	2.0	53.4800004959	0.0	-0.00372789450921	-0.980666875839	0.195649132133	53.0348380295	2.26388197977	-38.0270500183	64.8744049072	-60.2508010864	0.0528211796351	5.0	8.19999980927	72.2799987793	1.0	24.7800006866	0.999883075789	1.0	2
1.0	9935.68554688	11.0	4.0	3920.87915039	3.0	2.0	61.7800004482	0.0	-0.00372789450921	-0.980666875839	0.195649132133	20.9360115238	2.26388197977	-38.0270500183	64.8744049072	-60.2508010864	0.0528211796351	11.0	8.19999980927	135.239998817	2.0	24.7800006866	0.997260607385	1.0	2
1.0	5493.53222656	1.0	1.0	857.479980469	1.0	1.0	13.1599998474	2.84947182295	-0.282135128975	0.620590627193	0.731619477272	12.158556651	0.0	-43.4370002747	61.0859527588	-61.9253005981	0.712521818368	0.0	0.0	0.0	0.0	0.0	0.0307520002652	1.0	2
1.0	12748.765625	13.0	5.0	3372.47314453	3.0	3.0	43.1799998283	0.0	-0.00372789450921	-0.980666875839	0.195649132133	53.0348380295	2.26388197977	-38.0270500183	64.8744049072	-60.2508010864	0.455483123282	9.0	8.19999980927	116.839998245	2.0	24.7800006866	0.999779854801	1.0	2
1.0	7988.31494141	5.0	2.0	186.395004272	2.0	2.0	29.3000001907	0.0	0.00372824305668	0.980662465096	-0.195671260357	27.8133817652	2.26376625944	-65.4712524414	47.9089508057	-48.0586013794	0.831394671678	3.0	10.3999996185	33.7200007439	0.0	16.7800006866	0.826735886001	1.0	2
1.0	14722.4658203	10.0	3.0	1846.02697754	1.0	1.0	76.8800008297	1.58412119019	-0.4279486835	-0.85178989172	-0.30218192935	51.5794168543	0.0	-44.0454483032	64.6741485596	-58.5759506226	0.7781548011	0.0	0.0	0.0	0.0	0.0	0.999339696475	1.0	2
1.0	8288.80761719	3.0	1.0	997.662963867	2.0	1.0	16.879999876	2.17595952672	-0.703074097633	0.120977111161	0.700750529766	37.770693671	0.0	-42.9179534912	63.3190002441	-60.6140518188	0.18087008851	0.0	0.0	0.0	0.0	0.0	0.622754897979	1.0	2
1.0	9887.78222656	12.0	3.0	2937.37109375	3.0	2.0	18.2600002289	0.0	0.999826073647	0.0	0.0186512861401	49.917889072	19.3307128825	-52.9369506836	65.3237991333	-48.9707489014	0.0317062063388	1.0	16.7800006866	16.4400005341	0.0	16.7800006866	0.998492134858	1.0	2
1.0	6166.70117188	1.0	1.0	65.1613998413	1.0	1.0	5.48000001907	3.50870344576	-0.869761347771	0.119940504432	0.478674739599	28.5162748586	0.0	-55.5805511475	51.8014984131	-58.7436981201	0.952564337407	0.0	0.0	0.0	0.0	0.0	-1.0	0.0	2
1.0	11487.5537109	6.0	4.0	4002.61035156	3.0	3.0	129.840000153	0.0	0.0265243202448	0.970082581043	-0.241321831942	8.30262083667	25.4527578318	-59.1819992065	31.6511001587	-61.571647644	0.76646594538	9.0	6.51999998093	103.35999918	0.0	26.4799995422	0.999649260676	1.0	2
1.0	5743.82617188	3.0	0.0	578.589355469	2.0	0.0	0.0	10.0	0.0	0.0	0.0	0.0	0.0	0.0	0.0	0.0	2.0	0.0	0.0	0.0	0.0	0.0	0.000818057656424	1.0	2
1.0	8155.8828125	9.0	1.0	2858.7409668	3.0	3.0	29.2800002098	0.0	-0.0265280082822	-0.970083355904	0.241318359971	28.9837797203	5.57915365667	-49.992099762	52.2081985474	-63.8245506287	0.152252736087	6.0	14.0799999237	70.7600002289	1.0	15.5600004196	0.987583926618	1.0	2
1.0	5220.11523438	5.0	4.0	1853.82446289	2.0	2.0	34.1600003242	0.0	0.0265279375017	0.970082581043	-0.241321370006	8.52098161484	20.4644193166	-57.8572998047	32.2913017273	-63.4540481567	0.534388194075	10.0	18.4799995422	100.119999886	1.0	21.7600002289	0.603561670119	1.0	2
1.0	12753.3027344	3.0	1.0	2647.54125977	4.0	4.0	86.5200004578	0.0	-0.0265243202448	-0.970082581043	0.241321831942	9.2131873395	2.0810578915	-59.1819992065	31.6511001587	-61.571647644	0.76646594538	2.0	18.7999992371	36.3199996948	0.0	18.7999992371	0.999605083321	1.0	2
1.0	1953.56237793	5.0	1.0	2531.2043457	4.0	3.0	17.8799996376	0.0	0.993498206139	0.0	0.1138478145	50.5860923524	23.4201224788	-57.8711471558	56.2083015442	-58.2432479858	0.852585616713	0.0	0.0	0.0	1.0	15.5600004196	0.488383884342	1.0	2
1.0	11677.9443359	2.0	1.0	3160.96923828	5.0	5.0	62.3999996185	0.0	-0.0265243202448	-0.970082581043	0.241321831942	9.2131873395	2.0810578915	-59.1819992065	31.6511001587	-61.571647644	0.76646594538	2.0	18.7999992371	36.3199996948	1.0	15.5600004196	0.998485500982	1.0	2
1.0	2324.93823242	5.0	2.0	1855.42333984	1.0	1.0	20.1599998474	0.0	0.0265243202448	0.970082581043	-0.241321831942	8.30262083667	1.80639852051	-59.1819992065	31.6511001587	-61.571647644	0.76646594538	2.0	18.7999992371	41.1199989319	0.0	23.1599998474	0.370425769516	1.0	2
1.0	10775.4208984	6.0	1.0	2822.30004883	2.0	2.0	32.7200007439	0.0	-0.0264289975166	-0.970086097717	0.241318121552	32.4158429889	1.52135266894	-48.8330535889	54.2268981934	-64.2002487183	0.704503609686	6.0	14.0799999237	65.5199995041	0.0	24.4799995422	0.996142776986	1.0	2
1.0	4782.44189453	2.0	1.0	698.006958008	1.0	1.0	3.03999996185	3.17968555047	-0.832688510418	-0.475145190954	0.284371048212	11.6111348812	0.0	-57.9671020508	50.0431518555	-56.2433509827	0.107261198493	0.0	0.0	0.0	0.0	0.0	-1.0	0.0	2
1.0	7181.81298828	5.0	3.0	3120.89501953	5.0	3.0	43.1800003052	0.0	0.0849857032299	0.953450381756	-0.289326369762	6.36814055057	17.2590965182	-73.2124938965	36.8768005371	-34.4197502136	0.958067875293	0.0	0.0	0.0	1.0	9.64000034332	0.987265437348	1.0	2
1.0	2800.046875	4.0	3.0	1557.18395996	3.0	2.0	15.0999999046	0.0	0.0849857032299	0.953450381756	-0.289326369762	6.36814055057	11.0134151674	-73.2124938965	36.8768005371	-34.4197502136	0.958067875293	3.0	17.8199996948	49.3999996185	2.0	18.2199993134	0.799373581466	1.0	2
1.0	7924.90185547	5.0	4.0	745.052978516	4.0	4.0	47.1399998665	0.0	-0.0849857032299	-0.953450381756	0.289326369762	3.55380916117	6.36814055057	-73.2124938965	36.8768005371	-34.4197502136	0.958067875293	5.0	14.0200004578	54.0399999619	3.0	20.5599994659	0.996561549707	1.0	2
1.0	7241.40478516	5.0	2.0	1162.9239502	5.0	3.0	30.5999999046	0.0	-0.0849857926369	-0.953451454639	0.289322972298	12.6944504239	17.7923493752	-51.2911987305	53.4212989807	-55.3327484131	0.392778630084	3.0	14.1599998474	31.3999996185	1.0	14.1599998474	0.975441748355	1.0	2
1.0	7126.66113281	12.0	4.0	2891.45019531	2.0	2.0	106.07999897	0.0	-0.982119619846	0.12913069129	0.136990264058	43.5528912508	15.4521444331	-46.6135025024	48.5499992371	-57.8275527954	0.493421482116	10.0	9.92000007629	93.5800001621	3.0	18.2199993134	0.999229271774	1.0	2
1.0	1936.74304199	4.0	1.0	2327.75390625	3.0	3.0	57.3399996758	0.0	-0.0849857032299	-0.953450381756	0.289326369762	3.55380916117	16.2907349798	-73.2124938965	36.8768005371	-34.4197502136	0.958067875293	0.0	0.0	0.0	1.0	9.64000034332	0.650954244397	1.0	2
1.0	8063.8984375	6.0	3.0	2889.41796875	4.0	3.0	21.2800002098	0.0	0.0849857032299	0.953450381756	-0.289326369762	6.36814055057	17.2590965182	-73.2124938965	36.8768005371	-34.4197502136	0.958067875293	2.0	1.77999997139	8.92000007629	3.0	15.220000267	0.992949946029	1.0	2
1.0	4878.1640625	2.0	1.0	698.006958008	1.0	1.0	3.03999996185	3.17968555047	-0.832688510418	-0.475145190954	0.284371048212	11.6111348812	0.0	-57.9671020508	50.0431518555	-56.2433509827	0.107261198493	0.0	0.0	0.0	0.0	0.0	0.0798103954655	1.0	2
1.0	10493.2851562	7.0	4.0	2338.37890625	3.0	3.0	113.440797806	0.0	-0.982106208801	0.129129424691	0.137087583542	42.3114823761	15.9527700007	-50.6674003601	54.8170013428	-55.8449020386	0.0303698912345	12.0	1.77999997139	129.360000134	5.0	20.5599994659	0.999973501125	1.0	2
1.0	2810.30712891	3.0	0.0	707.364990234	1.0	0.0	0.0	10.0	0.0	0.0	0.0	0.0	0.0	0.0	0.0	0.0	2.0	0.0	0.0	0.0	0.0	0.0	0.000818057656424	0.0	2
1.0	6924.93115234	9.0	3.0	1289.74206543	3.0	2.0	12.9999995232	0.0	-0.998190224171	0.0287230163813	-0.0528321042657	53.4877441268	1.02024468191	-42.3896026611	64.9916534424	-50.3470497131	0.046660150859	2.0	14.9600000381	35.8399991989	0.0	24.0	0.984834496899	1.0	2
1.0	5476.56640625	8.0	1.0	1098.85900879	2.0	1.0	17.9000003338	2.62220324529	-0.915685594082	-0.353246450424	0.19166855514	38.4552956538	1.36267874849	-51.2272033691	50.568649292	-57.0396499634	0.397782791164	0.0	0.0	0.0	0.0	0.0	0.621047785924	1.0	2
1.0	6365.76416016	9.0	3.0	1290.54504395	2.0	2.0	42.879999876	0.0	0.998193562031	-0.0286156330258	0.0528271347284	47.5502066724	0.0	-43.5048522949	43.9468994141	-62.2757492065	0.326631512786	5.0	13.6400003433	80.9600000381	2.0	16.1000003815	0.965754458437	1.0	2
1.0	11548.0595703	8.0	4.0	857.267944336	2.0	2.0	53.5399992466	0.0	0.998193562031	-0.0286156330258	0.0528271347284	32.5993394555	0.0	-43.5048522949	43.9468994141	-62.2757492065	0.326631512786	4.0	13.8400001526	77.6799983978	1.0	18.3999996185	0.999990149372	1.0	2
1.0	3294.88134766	4.0	0.0	707.364990234	1.0	0.0	0.0	10.0	0.0	0.0	0.0	0.0	0.0	0.0	0.0	0.0	2.0	0.0	0.0	0.0	0.0	0.0	0.000818057656424	1.0	2
1.0	6484.67089844	9.0	2.0	196.899002075	1.0	1.0	11.759999752	0.0	0.998190641403	-0.0287155490369	0.052828386426	48.0252171017	0.0	-46.3946990967	61.142250061	-54.3519515991	0.655010057981	1.0	15.8599996567	16.8400001526	2.0	15.8599996567	0.996904742518	1.0	2
1.0	1337.01098633	4.0	1.0	1532.1361084	2.0	1.0	8.07999992371	0.0	-0.0411630310118	-0.994545757771	0.0958349108696	39.011557114	1.96272599443	-33.3429489136	70.4048995972	-53.2150497437	0.898031978508	1.0	4.98000001907	4.69999980927	0.0	4.98000001907	0.296565247398	1.0	2
1.0	8779.34765625	10.0	4.0	465.773986816	1.0	1.0	33.3799993992	0.0	0.998193562031	-0.0286156330258	0.0528271347284	47.5502066724	0.0	-43.5048522949	43.9468994141	-62.2757492065	0.326631512786	3.0	13.8400001526	58.6999988556	0.0	24.0	0.988557833188	1.0	2
1.0	5808.04589844	1.0	1.0	912.339355469	1.0	1.0	22.8200001717	0.0	-0.0288053005934	0.963137805462	-0.267461746931	29.148967522	0.985944274834	-53.7015991211	51.6272010803	-55.9370498657	0.0794849257951	2.0	10.1999998093	18.8400001526	2.0	16.1399993896	-1.0	0.0	2
1.0	6965.06640625	12.0	5.0	2445.98803711	4.0	4.0	106.260002136	0.0	-0.0289050340652	0.963109135628	-0.267554372549	43.314731009	2.62677737942	-45.4789505005	42.9943008423	-66.5722045898	0.366969531144	1.0	7.40000009537	7.38000011444	1.0	16.3799991608	0.999085252076	1.0	2
1.0	5589.17626953	5.0	4.0	2587.99023438	5.0	4.0	56.9799997807	0.0	-0.999503552914	-0.0310958735645	-0.0050654434599	31.3710299599	6.05955207365	-37.9062004089	68.1538467407	-58.8452987671	0.576682724085	6.0	8.38000011444	82.9199981689	3.0	16.6000003815	0.94734930847	1.0	2
1.0	11689.5576172	9.0	6.0	3694.42993164	6.0	5.0	143.399999857	0.0	-0.0289050340652	0.963109135628	-0.267554372549	43.314731009	2.62677737942	-45.4789505005	42.9943008423	-66.5722045898	0.366969531144	3.0	7.40000009537	26.220000267	3.0	16.3799991608	0.999948592534	1.0	2
1.0	11121.7421875	10.0	5.0	3784.69580078	7.0	6.0	109.4599998	0.0	-0.999503552914	-0.0310958735645	-0.0050654434599	47.095773455	1.96998758378	-37.9062004089	68.1538467407	-58.8452987671	0.408435752646	3.0	16.1399993896	52.720000267	2.0	16.3799991608	0.999990523751	1.0	2
1.0	13020.9785156	10.0	5.0	2363.01025391	4.0	3.0	114.500001431	0.0	-0.0289050340652	0.963109135628	-0.267554372549	43.314731009	2.62677737942	-45.4789505005	42.9943008423	-66.5722045898	0.366969531144	3.0	7.40000009537	26.220000267	2.0	16.1399993896	0.999957181288	1.0	2
1.0	6904.73193359	5.0	1.0	1402.82727051	3.0	2.0	61.2199997902	0.0	-0.0288053005934	0.963137805462	-0.267461746931	29.148967522	19.7736949614	-53.7015991211	51.6272010803	-55.9370498657	0.0794849257951	2.0	10.1999998093	18.8400001526	2.0	16.1399993896	0.913486876934	1.0	2
1.0	6734.05810547	9.0	2.0	1908.70227051	5.0	2.0	19.759999752	0.0	-0.0289050340652	0.963109135628	-0.267554372549	43.314731009	2.62677737942	-45.4789505005	42.9943008423	-66.5722045898	0.366969531144	2.0	7.40000009537	24.3599996567	0.0	16.9200000763	0.991541777019	1.0	2
1.0	6095.65673828	2.0	1.0	912.339355469	1.0	1.0	22.8200001717	0.0	-0.0288053005934	0.963137805462	-0.267461746931	29.148967522	0.985944274834	-53.7015991211	51.6272010803	-55.9370498657	0.0794849257951	2.0	10.1999998093	18.8400001526	2.0	16.1399993896	0.355161409688	1.0	2
1.0	8692.04980469	14.0	6.0	2672.60473633	5.0	4.0	113.480000734	0.0	-0.999506950378	-0.0309879109263	-0.00506548024714	46.5710145781	4.0705943266	-41.9737014771	71.5867996216	-56.9325027466	0.0803375935786	3.0	7.40000009537	41.3199996948	1.0	11.3599996567	0.997473124737	1.0	2
1.0	3623.32592773	2.0	1.0	441.756011963	1.0	1.0	12.2199997902	0.0	-0.997134029865	0.0	0.0756550058722	5.51436975205	1.83475209506	-53.2868499756	52.0990982056	-52.2006988525	0.370187664446	2.0	20.7800006866	38.5200004578	1.0	20.7800006866	-1.0	0.0	2
1.0	8150.66357422	6.0	2.0	1132.82971191	3.0	2.0	44.8400001526	2.37480524168	-0.779819011688	0.258680701256	0.570058405399	6.80459742131	4.82648819994	-66.0814056396	36.5891494751	-51.0318984985	0.932685682977	0.0	0.0	0.0	0.0	0.0	0.979143381993	1.0	2
1.0	3382.56787109	3.0	2.0	371.019989014	1.0	1.0	26.2800006866	0.0	-0.997142493725	0.0	0.0755433663726	24.1119762788	0.0	-41.8255500793	69.6772003174	-60.1245498657	0.715718997229	4.0	8.34000015259	57.0000009537	1.0	17.5799999237	0.589602584277	1.0	2
1.0	8996.82910156	7.0	5.0	1114.46887207	3.0	3.0	87.5400006771	0.0	-0.997142493725	0.0	0.0755433663726	47.3490542772	0.0	-41.8255500793	69.6772003174	-60.1245498657	0.715718997229	6.0	8.34000015259	91.1600008011	3.0	21.3400001526	0.997188057081	1.0	2
1.0	8854.33007812	4.0	1.0	2831.99560547	5.0	3.0	59.5999999046	0.0	-0.997142195702	0.0	0.0755478143692	49.1584206792	9.6866272901	-50.6820526123	47.9207000732	-54.6835479736	0.0735067707802	3.0	18.1000003815	55.8800010681	1.0	20.7800006866	0.979143409107	1.0	2
1.0	2277.453125	3.0	2.0	684.421081543	2.0	2.0	7.03999996185	0.0	0.997134029865	0.0	-0.0756550058722	6.02989409673	1.85593601162	-53.2868499756	52.0990982056	-52.2006988525	0.370187664446	4.0	13.1599998474	61.1200008392	3.0	21.3400001526	0.802376682096	1.0	2
1.0	9331.84863281	6.0	4.0	3578.65576172	4.0	3.0	109.140001059	0.0	-0.997142493725	0.0	0.0755433663726	28.2680125916	0.0	-41.8255500793	69.6772003174	-60.1245498657	0.715718997229	4.0	8.34000015259	65.720000267	3.0	26.2399997711	0.995028521868	1.0	2
1.0	3319.32080078	5.0	2.0	2482.87304688	2.0	2.0	33.7599999905	0.0	0.997134625912	0.0	-0.0756471604109	14.352931198	23.2105642999	-54.1894989014	51.1925010681	-51.9335021973	0.637090903772	2.0	20.7800006866	38.5200004578	1.0	20.7800006866	0.690580952336	1.0	2
1.0	8740.90820312	8.0	5.0	3165.9296875	5.0	4.0	136.840001822	0.0	0.997143089771	0.0	-0.0755355358124	27.2114198458	0.0	-46.5904006958	47.4464988708	-62.8932495117	0.779315710772	3.0	20.1399993896	60.4800014496	4.0	26.2399997711	0.99710463844	1.0	2
1.0	6110.04980469	2.0	1.0	64.4997024536	1.0	1.0	0.0	10.0	0.0	0.0	0.0	0.0	0.0	0.0	0.0	0.0	2.0	2.0	8.73999977112	17.8000000715	1.0	22.7800006866	-1.0	0.0	2
1.0	8398.89746094	6.0	2.0	98.0784988403	1.0	1.0	28.3399996758	2.42301254629	-0.919685125351	0.199147388339	0.338407427073	42.8126300434	0.0	-49.5164489746	49.4858016968	-65.5402984619	0.204939692734	0.0	0.0	0.0	0.0	0.0	0.999158495595	1.0	2
1.0	10294.6738281	9.0	1.0	64.4997024536	1.0	1.0	0.0	10.0	0.0	0.0	0.0	0.0	0.0	0.0	0.0	0.0	2.0	2.0	8.73999977112	17.8000000715	1.0	22.7800006866	0.996757866035	1.0	2
1.0	11813.4287109	11.0	4.0	809.899658203	1.0	1.0	40.1588001251	0.0	0.994902431965	0.0	-0.100842297077	30.7961173586	1.55195497163	-57.8397979736	44.1943016052	-58.6221504211	0.629599205113	4.0	8.73999977112	72.6000012159	4.0	28.4599990845	0.99998150254	1.0	2
1.0	12634.6875	9.0	1.0	64.4997024536	1.0	1.0	0.0	10.0	0.0	0.0	0.0	0.0	0.0	0.0	0.0	0.0	2.0	2.0	8.73999977112	17.8000000715	1.0	22.7800006866	0.999900007808	1.0	2
1.0	8920.13574219	9.0	2.0	1062.20373535	2.0	2.0	18.0999999046	0.0	-0.994902431965	0.0	0.100842297077	31.1809660999	2.21932330847	-57.8397979736	44.1943016052	-58.6221504211	0.629599205113	1.0	22.7800006866	15.9200000763	2.0	22.7800006866	0.992398509525	1.0	2
1.0	2874.45410156	3.0	0.0	64.4997024536	1.0	0.0	0.0	10.0	0.0	0.0	0.0	0.0	0.0	0.0	0.0	0.0	2.0	0.0	0.0	0.0	0.0	0.0	0.000818057656424	1.0	2
1.0	7430.26367188	9.0	1.0	64.4997024536	1.0	1.0	0.0	10.0	0.0	0.0	0.0	0.0	0.0	0.0	0.0	0.0	2.0	2.0	8.73999977112	17.8000000715	1.0	22.7800006866	0.971292750055	1.0	2
1.0	6649.64257812	4.0	1.0	64.4997024536	1.0	1.0	0.0	10.0	0.0	0.0	0.0	0.0	0.0	0.0	0.0	0.0	2.0	2.0	8.73999977112	17.8000000715	1.0	22.7800006866	0.0841754421323	1.0	2
1.0	5406.6953125	1.0	1.0	185.738006592	1.0	1.0	12.0600004196	0.0	-0.0329141505063	-0.174276873469	-0.984146475792	11.7731747676	3.23763180234	-53.5260467529	59.0229034424	-58.1317977905	0.925524561975	1.0	4.73999977112	4.28000020981	1.0	4.73999977112	-1.0	0.0	2
1.0	10330.7392578	8.0	4.0	2137.22094727	3.0	3.0	88.4999997616	0.0	-0.998334825039	-0.0336530283093	0.0468510016799	37.1193903177	2.33896411216	-46.813999176	60.7724494934	-61.2382507324	0.478760047529	5.0	5.30000019073	73.4400005341	1.0	17.3799991608	0.996101955857	1.0	2
1.0	7459.80761719	5.0	1.0	1431.72595215	2.0	2.0	13.5200004578	0.0	-0.0329141505063	-0.174276873469	-0.984146475792	28.4504587768	3.23763180234	-53.5260467529	59.0229034424	-58.1317977905	0.925524561975	1.0	4.73999977112	4.28000020981	1.0	4.73999977112	0.842077095971	1.0	2
1.0	9933.66796875	8.0	4.0	2431.2409668	3.0	3.0	128.682799459	0.0	-0.998334825039	-0.0336530283093	0.0468510016799	37.1193903177	2.33896411216	-46.813999176	60.7724494934	-61.2382507324	0.478760047529	3.0	6.09999990463	47.9599995613	1.0	17.0599994659	0.999489119981	1.0	2
1.0	2041.44604492	2.0	2.0	416.447021484	2.0	2.0	12.0600004196	0.0	0.0329141505063	0.174276873469	0.984146475792	16.8394981191	0.0	-53.5260467529	59.0229034424	-58.1317977905	0.925524561975	2.0	4.73999977112	14.3000006676	1.0	4.73999977112	0.654234305911	1.0	2
1.0	10138.046875	9.0	3.0	2431.2409668	3.0	3.0	75.1627990007	0.0	-0.998334825039	-0.0336530283093	0.0468510016799	37.1193903177	2.33896411216	-46.813999176	60.7724494934	-61.2382507324	0.188427298367	1.0	17.0599994659	17.3400001526	1.0	17.0599994659	0.990522821243	1.0	2
1.0	1989.67785645	2.0	1.0	289.04800415	1.0	1.0	4.80280005932	0.0	0.998334825039	0.0336530283093	-0.0468510016799	7.43813465515	1.89396206997	-46.813999176	60.7724494934	-61.2382507324	0.188427298367	2.0	17.0599994659	36.9400005341	2.0	17.3799991608	0.650954412013	1.0	2
1.0	7376.94628906	12.0	5.0	2777.17504883	4.0	4.0	152.100000381	0.0	-0.998334825039	-0.0336530283093	0.0468510016799	37.1193903177	2.33896411216	-46.813999176	60.7724494934	-61.2382507324	0.478760047529	5.0	4.73999977112	67.7000002861	2.0	17.3799991608	0.998435479771	1.0	2
1.0	3011.30859375	6.0	1.0	289.04800415	1.0	1.0	1.66279995441	0.0	0.998334825039	0.0336530283093	-0.0468510016799	34.2635533815	1.89396206997	-46.813999176	60.7724494934	-61.2382507324	0.188427298367	1.0	17.0599994659	17.3400001526	1.0	17.0599994659	0.799373806108	1.0	2
1.0	6781.75830078	11.0	2.0	1662.43493652	3.0	1.0	27.5199995041	2.31228244892	-0.380462527275	-0.83794605732	-0.391273111105	43.6084743538	27.6899339716	-63.744102478	69.129196167	-38.283203125	0.753814290179	0.0	0.0	0.0	0.0	0.0	0.975989973915	1.0	2
1.0	5078.49658203	1.0	1.0	363.385009766	1.0	1.0	8.40000021458	1.89540762541	-0.946245789528	-0.00723648723215	0.323367446661	13.6998685912	0.0	-51.0504989624	56.4363021851	-57.4546508789	0.268555387941	0.0	0.0	0.0	0.0	0.0	-1.0	0.0	2
1.0	10479.4345703	5.0	4.0	1683.92712402	3.0	3.0	83.8400019407	0.0	-0.0355090983212	0.291509032249	0.95590877533	42.4650039289	3.48556545041	-42.8090515137	68.53465271	-52.2322006226	0.977718299676	5.0	1.12000000477	58.2199993134	1.0	1.12000000477	0.997357958503	1.0	2
1.0	4567.76269531	2.0	2.0	874.119018555	2.0	2.0	21.2600002289	0.0	0.106009885669	-0.937815189362	0.330551832914	22.0536419083	1.987374645	-46.7973480225	63.7635993958	-52.6882514954	0.84396733971	2.0	16.9400005341	26.5199995041	1.0	27.2000007629	0.351508695398	1.0	2
1.0	7171.97705078	8.0	6.0	3648.43652344	5.0	5.0	140.380000114	0.0	-0.0355090983212	0.291509032249	0.95590877533	40.6423112874	3.48556545041	-42.8090515137	68.53465271	-52.2322006226	0.977718299676	7.0	1.12000000477	97.9599990845	2.0	27.2000007629	0.980404935795	1.0	2
1.0	4536.62011719	2.0	1.0	1054.38842773	3.0	3.0	11.0000001192	0.0	0.106013543904	-0.937814474106	0.330552756786	1.13476339457	4.11612695205	-47.9646492004	54.2666015625	-59.8117485046	0.83229782287	2.0	24.5200004578	21.6400003433	1.0	27.2000007629	0.554361290353	1.0	2
1.0	8302.17675781	5.0	4.0	2580.01513672	5.0	4.0	73.4800009727	0.0	-0.0355090983212	0.291509032249	0.95590877533	42.4650039289	3.48556545041	-42.8090515137	68.53465271	-52.2322006226	0.977718299676	6.0	1.12000000477	57.5800000429	2.0	1.22000002861	0.974959855134	1.0	2
1.0	4732.98925781	4.0	3.0	510.734008789	1.0	1.0	15.1000000238	0.0	-0.106013543904	0.937814474106	-0.330552756786	33.545725219	1.13476339457	-47.9646492004	54.2666015625	-59.8117485046	0.83229782287	2.0	16.9400005341	26.5199995041	1.0	27.2000007629	0.300386014559	1.0	2
1.0	6832.42578125	4.0	4.0	1851.47802734	3.0	2.0	51.1999998093	0.0	0.106009885669	-0.937815189362	0.330551832914	41.4218431473	1.987374645	-46.7973480225	63.7635993958	-52.6882514954	0.84396733971	2.0	16.9400005341	26.5199995041	1.0	27.2000007629	0.974483819972	1.0	2
1.0	4027.11401367	3.0	3.0	1414.76806641	2.0	2.0	26.3000003099	0.0	0.106013096869	-0.937813818455	0.33055472374	31.042833056	6.13874126315	-46.5413513184	71.354598999	-47.5347518921	0.0999961305564	2.0	24.5200004578	21.6400003433	2.0	27.2000007629	0.473818997202	1.0	2
1.0	8734.06542969	7.0	5.0	1665.08825684	5.0	4.0	66.060000658	0.0	-0.106022574008	0.937803566456	-0.330580919981	42.4071723813	0.0	-42.6938514709	67.4739532471	-49.9131507874	0.0759944235708	5.0	7.71999979019	75.3999986649	1.0	12.2399997711	0.97196638701	1.0	2
1.0	5335.14501953	2.0	2.0	259.471984863	1.0	1.0	31.3600006104	1.34721194697	-0.493835508823	0.160499319434	0.854614794254	26.1659863897	0.0	-43.3947525024	56.8943481445	-65.0262527466	0.848823298282	0.0	0.0	0.0	0.0	0.0	-1.0	0.0	2
1.0	9355.33496094	7.0	2.0	2540.94189453	2.0	2.0	39.9800000191	0.0	-0.992694556713	0.0704811662436	0.0979279503226	47.4351867553	2.36817081238	-40.11095047	75.6520004272	-57.143699646	0.288565689615	1.0	9.52000045776	11.3400001526	1.0	9.52000045776	0.997069088668	1.0	2
1.0	7957.48193359	4.0	2.0	259.471984863	1.0	1.0	31.3600006104	1.34721194697	-0.493835508823	0.160499319434	0.854614794254	34.4929494808	0.0	-43.3947525024	56.8943481445	-65.0262527466	0.848823298282	0.0	0.0	0.0	0.0	0.0	0.820947722056	1.0	2
1.0	7003.48925781	10.0	3.0	3055.32275391	1.0	1.0	27.1799998283	0.0	0.058747317642	0.984727203846	-0.16389362514	23.891655932	26.1005174598	-58.5551986694	36.6814002991	-56.3793487549	0.965148806109	1.0	22.1000003815	22.0200004578	0.0	22.1000003815	0.975441771141	1.0	2
1.0	9686.29003906	6.0	3.0	2367.16699219	2.0	2.0	19.6400003433	2.30160595762	-0.503574371338	0.697463512421	0.509860277176	29.4400911371	3.75598864214	-53.5881996155	57.6788482666	-60.2823486328	0.583110205161	1.0	3.6400001049	0.0	0.0	3.6400001049	0.937120294397	1.0	2
1.0	9703.77246094	8.0	2.0	2540.94189453	2.0	2.0	37.7399992943	0.0	0.0588395409286	0.984721958637	-0.163892135024	50.9211621071	31.9978444331	-65.09324646	59.9831008911	-42.8957519531	0.45710523086	1.0	6.44000005722	5.71999979019	1.0	6.44000005722	0.998635794977	1.0	2
1.0	12193.3232422	6.0	2.0	3314.79467773	2.0	2.0	72.1000008583	0.0	-0.992685317993	0.0704838335514	0.0980198904872	24.5270189655	25.8905568362	-57.9968490601	37.150100708	-56.515750885	0.232549063435	2.0	3.6400001049	22.7000007629	0.0	22.1000003815	0.999427298854	1.0	2
1.0	7243.03662109	6.0	3.0	3306.08984375	1.0	1.0	69.0999994278	0.0	-0.0588478669524	-0.984737038612	0.163798183203	10.2911849937	30.0224743411	-57.6803512573	33.5691986084	-55.9782028198	0.10310590349	4.0	3.6400001049	54.860001564	0.0	22.1000003815	0.989381798381	1.0	2
1.0	8469.91894531	9.0	2.0	2540.94189453	2.0	1.0	44.7199993134	0.0	0.0588395409286	0.984721958637	-0.163892135024	50.9211621071	31.9978444331	-65.09324646	59.9831008911	-42.8957519531	0.45710523086	1.0	6.44000005722	5.71999979019	1.0	6.44000005722	0.987691899406	1.0	2
1.0	8985.41894531	7.0	2.0	1622.93701172	3.0	3.0	47.8199996948	0.0	0.058747317642	0.984727203846	-0.16389362514	21.2849427736	1.06408456296	-58.5551986694	36.6814002991	-56.3793487549	0.965148806109	3.0	3.6400001049	33.3600006104	1.0	9.52000045776	0.989737754124	1.0	2
1.0	14985.9433594	19.0	8.0	3197.56494141	3.0	2.0	100.804798126	0.0	0.0314097329974	-0.976060628891	0.215218633413	46.137877038	2.50491047966	-37.918548584	69.7864532471	-58.3327484131	0.927267350091	12.0	5.48000001907	135.35959737	2.0	10.3599996567	0.999999737405	1.0	3
1.0	5612.67529297	12.0	3.0	4553.23339844	2.0	1.0	63.235599637	0.0	0.0314097329974	-0.976060628891	0.215218633413	51.8422650053	2.50491047966	-37.918548584	69.7864532471	-58.3327484131	0.927267350091	11.0	5.48000001907	93.3215982467	1.0	5.48000001907	0.887817173042	1.0	3
1.0	9547.14550781	20.0	8.0	5966.33984375	4.0	3.0	118.215599775	0.0	-0.031412679702	0.976040899754	-0.215307593346	83.2821373656	0.0	-72.0972442627	27.3275489807	-25.9636993408	0.829854456401	6.0	3.88000011444	52.4200000763	5.0	16.9799995422	0.999996629031	1.0	3
1.0	8641.68164062	12.0	5.0	881.070617676	5.0	4.0	31.6400003433	0.0	0.999278783798	0.0342910885811	0.0163090731949	9.74332268223	1.3702401565	-70.058303833	25.5362510681	-43.7611503601	0.720852910448	2.0	27.5	13.3600001335	2.0	16.9799995422	0.984063918812	1.0	3
1.0	8379.390625	11.0	7.0	3681.7644043	3.0	2.0	81.3144001961	0.0	-0.0314098149538	0.976059734821	-0.215222612023	23.9425270445	31.5920387967	-57.4205474854	42.3720474243	-55.5784492493	0.331871976961	6.0	5.48000001907	39.46159859	1.0	5.48000001907	0.998568276641	1.0	3
1.0	6944.4453125	3.0	1.0	222.906600952	2.0	2.0	24.1404000521	0.0	-0.0314127318561	0.976040840149	-0.215307950974	45.540981731	1.77954909634	-37.9486503601	70.0545501709	-56.9892997742	0.375681342699	5.0	7.07999992371	43.8000001907	0.0	10.4399995804	0.452812270157	1.0	3
1.0	9611.92773438	10.0	4.0	1706.26428223	4.0	4.0	70.9000000954	0.0	-0.999280273914	-0.0342911407351	-0.0162183046341	4.42731681642	27.9832539955	-71.2772064209	25.4791488647	-38.165397644	0.994954787326	2.0	5.48000001907	17.3999996185	3.0	16.9799995422	0.986067216451	1.0	3
1.0	6907.53808594	2.0	1.0	151.060302734	2.0	2.0	3.48000001907	3.19965617598	-0.0828020051122	-0.936450541019	0.340887367725	1.77954909634	0.0	-69.157951355	31.1537513733	-41.4666519165	0.160169143261	1.0	30.3600006104	12.6999998093	0.0	30.3600006104	0.433389175334	1.0	3
1.0	8398.31933594	8.0	4.0	639.710693359	4.0	4.0	66.1599993706	0.0	-0.0314985066652	0.976057767868	-0.215218752623	14.0295705825	6.03329934678	-59.7780990601	43.0985488892	-51.5851516724	0.193034583574	6.0	5.48000001907	57.359998703	1.0	5.48000001907	0.976403430209	1.0	3
1.0	4219.87792969	1.0	1.0	351.388305664	1.0	1.0	22.4399995804	1.80745402403	0.0108359521255	-0.935309648514	-0.353664249182	23.7839387802	1.82221875597	-64.5327987671	52.894203186	-53.0226974487	0.456186540011	0.0	0.0	0.0	0.0	0.0	-1.0	0.0	3
1.0	22596.4707031	15.0	2.0	1829.30432129	2.0	1.0	75.8800001144	0.0	-0.00326311658137	-0.994234204292	0.107180528343	74.4411824726	12.5591466057	-69.5314025879	58.0231018066	-29.2038002014	0.645704750591	1.0	4.23999977112	3.55999994278	1.0	4.23999977112	0.999999999869	1.0	3
1.0	11927.4716797	25.0	5.0	1924.59106445	2.0	2.0	98.1440004185	0.0	-0.00326311658137	-0.994234204292	0.107180528343	50.803565651	12.5591466057	-69.5314025879	58.0231018066	-29.2038002014	0.645704750591	4.0	4.23999977112	49.4400000572	3.0	17.3400001526	0.999982636883	1.0	3
1.0	19678.1933594	19.0	3.0	1995.92614746	2.0	2.0	55.7240003422	0.0	0.99953275919	0.0	0.0305648054928	36.6014001425	0.0	-48.725151062	41.53099823	-63.9460983276	0.0971064588213	3.0	5.01999998093	36.0600004196	2.0	17.3400001526	0.999998423918	1.0	3
1.0	8995.65332031	3.0	1.0	422.723388672	2.0	2.0	22.4399995804	1.80745402403	0.0108359521255	-0.935309648514	-0.353664249182	23.7839387802	1.82221875597	-64.5327987671	52.894203186	-53.0226974487	0.456186540011	1.0	18.7000007629	14.9200000763	1.0	18.7000007629	0.803460882722	1.0	3
1.0	14551.6484375	8.0	4.0	1849.1730957	4.0	4.0	68.2239989117	0.0	0.00326735060662	0.994232594967	-0.107195578516	38.007678638	1.06660255616	-55.8881988525	53.5337486267	-56.5429000854	0.676909257813	6.0	4.23999977112	66.3600001335	2.0	17.3400001526	0.999833235374	1.0	3
1.0	11458.8662109	7.0	2.0	1664.14831543	1.0	1.0	51.4800004959	0.0	-0.00326311658137	-0.994234204292	0.107180528343	44.111663452	12.5591466057	-69.5314025879	58.0231018066	-29.2038002014	0.645704750591	1.0	4.23999977112	3.55999994278	1.0	4.23999977112	0.998505318511	1.0	3
1.0	12588.5458984	8.0	4.0	1660.89611816	2.0	2.0	95.9800004959	0.0	-0.00326311658137	-0.994234204292	0.107180528343	43.1491125484	12.5591466057	-69.5314025879	58.0231018066	-29.2038002014	0.645704750591	3.0	4.23999977112	26.5400004387	2.0	18.7000007629	0.999155534615	1.0	3
1.0	8790.78417969	5.0	2.0	1917.38146973	3.0	2.0	51.4800004959	0.0	-0.00326311658137	-0.994234204292	0.107180528343	44.111663452	12.5591466057	-69.5314025879	58.0231018066	-29.2038002014	0.645704750591	4.0	4.23999977112	34.9800000191	1.0	4.23999977112	0.928211557923	1.0	3
1.0	4157.58789062	5.0	2.0	533.848083496	2.0	2.0	8.57999992371	3.26021467239	-0.386659771204	-0.783367931843	-0.486650705338	33.1726563653	0.0	-64.8016967773	61.0680999756	-44.251701355	0.865760004527	1.0	20.1800003052	10.4600000381	0.0	20.1800003052	0.977308073578	1.0	3
1.0	4588.44628906	1.0	0.0	442.154998779	1.0	0.0	0.0	10.0	0.0	0.0	0.0	0.0	0.0	0.0	0.0	0.0	2.0	0.0	0.0	0.0	0.0	0.0	0.000818057656424	0.0	3
1.0	8976.69140625	24.0	2.0	1453.8079834	4.0	3.0	15.1400003433	0.0	-0.995689332485	0.0703902989626	0.0603980533779	58.6489052715	24.5307909271	-60.350151062	64.8170471191	-28.1369495392	0.904203591949	2.0	8.68000030518	15.8000001907	1.0	8.68000030518	0.999436285288	1.0	3
1.0	7554.42773438	14.0	1.0	1257.2109375	3.0	1.0	3.16000008583	0.0	0.995684325695	-0.0703828930855	-0.060489486903	54.2943778219	2.68232142507	-48.2005500793	66.1283493042	-45.9696006775	0.305829854236	1.0	23.7399997711	23.6200008392	0.0	23.7399997711	0.969709363944	1.0	3
1.0	15670.2646484	25.0	3.0	1022.06298828	3.0	2.0	26.7200005054	0.0	-0.995684325695	0.0703828930855	0.060489486903	56.155046294	2.41768518457	-48.2005500793	66.1283493042	-45.9696006775	0.670939564123	5.0	8.68000030518	62.9600009918	1.0	8.68000030518	0.999993680635	1.0	3
1.0	9176.82324219	6.0	3.0	1239.95800781	2.0	2.0	52.1400003433	0.0	-0.995684325695	0.0703828930855	0.060489486903	42.5897806778	2.41768518457	-48.2005500793	66.1283493042	-45.9696006775	0.670939564123	4.0	8.68000030518	56.5800008774	2.0	10.8000001907	0.973169311385	1.0	3
1.0	10190.7763672	8.0	2.0	791.418029785	1.0	1.0	45.7400004864	0.0	-0.0535316541791	-0.956509411335	0.286747545004	43.2791103204	1.62785556099	-46.5288467407	65.803604126	-44.7443008423	0.435864477649	2.0	23.7399997711	51.7200012207	0.0	28.2800006866	0.993120719296	1.0	3
1.0	7044.65234375	4.0	2.0	797.802978516	2.0	2.0	33.7599999905	0.0	0.0535315982997	0.956508398056	-0.286750793457	13.0914591495	2.41757512142	-56.5868530273	38.4631004333	-53.5735015869	0.194246667088	3.0	10.8000001907	47.9000005722	1.0	10.8000001907	0.878941053647	1.0	3
1.0	10445.2783203	8.0	2.0	791.418029785	1.0	1.0	45.7400004864	0.0	-0.0535316541791	-0.956509411335	0.286747545004	43.2791103204	1.62785556099	-46.5288467407	65.803604126	-44.7443008423	0.435864477649	3.0	23.7399997711	65.1600008011	0.0	28.2800006866	0.998410544789	1.0	3
1.0	2460.85498047	3.0	1.0	791.418029785	1.0	1.0	11.5399999619	0.0	-0.0535316541791	-0.956509411335	0.286747545004	42.0319534904	1.62785556099	-46.5288467407	65.803604126	-44.7443008423	0.435864477649	1.0	28.2800006866	28.1000003815	0.0	28.2800006866	0.100731211013	1.0	3
1.0	8864.19921875	8.0	3.0	1096.05700684	2.0	2.0	48.060000658	0.0	-0.995684325695	0.0703828930855	0.060489486903	42.5897806778	2.41768518457	-48.2005500793	66.1283493042	-45.9696006775	0.670939564123	3.0	7.44000005722	28.7600002289	1.0	8.68000030518	0.979502755887	1.0	3
1.0	5336.97851562	3.0	0.0	72.6387023926	1.0	0.0	0.0	10.0	0.0	0.0	0.0	0.0	0.0	0.0	0.0	0.0	2.0	0.0	0.0	0.0	0.0	0.0	0.000818057656424	0.0	3
1.0	11971.2626953	25.0	5.0	3667.96826172	6.0	5.0	106.980000019	0.0	-0.999265551567	0.0309861991554	0.0225434023887	34.45772978	16.7077443888	-49.3680000305	42.8578491211	-64.9464492798	0.602224652243	12.0	4.92000007629	157.534802437	3.0	12.5799999237	0.999995002443	1.0	3
1.0	16555.0195312	24.0	5.0	3386.43115234	5.0	4.0	84.2800002098	0.0	-0.999265551567	0.0309861991554	0.0225434023887	34.45772978	1.04236865023	-49.3680000305	42.8578491211	-64.9464492798	0.50977956044	13.0	4.92000007629	151.394801617	2.0	12.5799999237	0.999995977672	1.0	3
1.0	14384.4951172	17.0	5.0	4838.52246094	4.0	2.0	84.5600010753	0.0	-0.999265491962	0.0309880264103	0.022543400526	19.9447103926	41.1847261452	-42.6851997375	29.501750946	-70.4182510376	0.120184986013	11.0	4.92000007629	135.314801693	3.0	14.8999996185	0.999999828239	1.0	3
1.0	12141.0322266	10.0	3.0	853.35168457	3.0	3.0	57.0199995041	0.0	0.0335464775562	0.986672461033	-0.159223407507	39.5898015051	13.3112015711	-59.9539489746	46.8493995667	-54.8937988281	0.817783360728	6.0	4.92000007629	61.4800000191	2.0	7.44000005722	0.998783001516	1.0	3
1.0	13233.7783203	10.0	3.0	2551.765625	3.0	3.0	74.9999992847	0.0	-0.999265551567	0.0309861991554	0.0225434023887	24.552467404	1.04236865023	-49.3680000305	42.8578491211	-64.9464492798	0.50977956044	7.0	4.92000007629	74.4800009727	2.0	7.44000005722	0.999881627914	1.0	3
1.0	4755.33251953	9.0	1.0	1866.25	1.0	1.0	0.0	10.0	0.0	0.0	0.0	0.0	0.0	0.0	0.0	0.0	2.0	2.0	10.5	19.0400009155	0.0	25.6399993896	0.644321242385	1.0	3
1.0	10324.8574219	8.0	3.0	2696.73681641	2.0	2.0	72.5599989891	0.0	-0.999265551567	0.0309861991554	0.0225434023887	25.0950261816	1.04236865023	-49.3680000305	42.8578491211	-64.9464492798	0.50977956044	5.0	4.92000007629	38.8399991989	1.0	4.92000007629	0.994124381277	1.0	3
1.0	4438.29589844	4.0	1.0	952.72857666	1.0	1.0	31.4999990463	1.02097501874	-0.999265551567	0.0309826526791	0.0225471444428	42.0373268618	0.0	-39.895401001	68.4850463867	-57.4297485352	0.145710699531	0.0	0.0	0.0	0.0	0.0	0.450713849345	1.0	3
1.0	8274.7734375	8.0	3.0	952.72857666	1.0	1.0	34.5199999809	0.0	0.999265551567	-0.0309861991554	-0.0225434023887	41.4767909164	2.06007936285	-49.3680000305	42.8578491211	-64.9464492798	0.50977956044	5.0	5.5	44.6599993706	0.0	23.6399993896	0.971565042054	1.0	3
1.0	3796.45751953	1.0	1.0	780.237976074	1.0	1.0	23.0	1.64404376636	0.388873159885	0.815966248512	0.427757799625	2.1740036514	14.2728476438	-54.2209472656	50.2324523926	-62.7393035889	0.500040254057	0.0	0.0	0.0	0.0	0.0	-1.0	0.0	3
1.0	20589.2617188	16.0	4.0	2081.31738281	2.0	2.0	100.304398656	0.0	0.00759998057038	-0.96531277895	0.260985642672	49.1460635609	3.98838475711	-34.3677520752	68.6114501953	-62.1183013916	0.902113413211	6.0	11.3400001526	67.9800000191	0.0	24.5599994659	1.0	1.0	3
1.0	8482.53027344	16.0	3.0	1719.25354004	3.0	2.0	49.2443996668	0.0	0.00759998057038	-0.96531277895	0.260985642672	46.5773255828	3.98838475711	-34.3677520752	68.6114501953	-62.1183013916	0.902113413211	11.0	8.30000019073	122.860000134	0.0	24.7000007629	0.781064941533	1.0	3
1.0	16779.1289062	17.0	2.0	1190.63989258	3.0	3.0	74.039999485	0.0	-0.999440729618	0.0	0.0334397517145	65.5632316536	22.9467187187	-68.841003418	40.9464988708	-40.9617996216	0.593932592866	2.0	12.7399997711	30.3800001144	0.0	14.5799999237	0.999999999821	1.0	3
1.0	6713.20166016	3.0	2.0	1039.38598633	2.0	2.0	58.3199996948	0.0	-0.00760412914678	0.965339004993	-0.260888367891	36.3268558358	1.39935984184	-40.4777488708	63.6251525879	-62.3527526855	0.510547970211	1.0	4.92000007629	4.19999980927	0.0	4.92000007629	0.590839494942	1.0	3
1.0	8791.09082031	7.0	4.0	939.428039551	4.0	4.0	67.1600003242	0.0	-0.999440848827	0.0	0.0334358774126	45.5286863716	2.03353906202	-45.1294021606	53.7644996643	-64.8934020996	0.824728126337	6.0	12.3199996948	63.8799996376	1.0	19.5	0.999330934219	1.0	3
1.0	3796.45751953	1.0	1.0	1039.38598633	2.0	2.0	39.5	0.0	-0.00760412914678	0.965339004993	-0.260888367891	22.0445414051	1.39935984184	-40.4777488708	63.6251525879	-62.3527526855	0.510547970211	1.0	4.92000007629	4.19999980927	0.0	4.92000007629	0.288226320215	1.0	3
1.0	6961.26416016	6.0	2.0	1015.91442871	3.0	3.0	43.4999995232	0.0	0.999440729618	0.0	-0.0334394983947	12.064562391	3.45642083677	-69.8993988037	39.6679992676	-42.368598938	0.071371053712	7.0	14.5799999237	55.0200004578	0.0	30.0200004578	0.997598561293	1.0	3
1.0	8975.22363281	4.0	2.0	947.806945801	2.0	1.0	46.2399997711	1.64404376636	0.388873159885	0.815966248512	0.427757799625	36.4762165549	1.92050767236	-54.2209472656	50.2324523926	-62.7393035889	0.500040254057	0.0	0.0	0.0	0.0	0.0	0.99842444721	1.0	3
1.0	5694.2578125	8.0	3.0	1228.23852539	4.0	4.0	48.7399997711	0.0	-0.999440848827	0.0	0.0334358774126	38.1999341208	2.03353906202	-45.1294021606	53.7644996643	-64.8934020996	0.824728126337	8.0	11.9399995804	73.2000002861	1.0	19.5	0.997751579943	1.0	3
