valid	volumeS1	connectedComponentsS1	connectedComponentsS1Rel	volumeS2	connectedComponentsS2	connectedComponentsS2Rel	corticalSize	distanceMin	direction_x	direction_y	direction_z	distanceToExtremity1	distanceToExtremity2	gravityCenter_x	gravityCenter_y	gravityCenter_z	corticalDotProduct	junctions	junctionDepthMin	junctionsSize	plisDePassage	plisDePassageDepthMax	Potential	Class	cycle
1.0	4813.97363281	1.0	0.0	1228.76000977	1.0	0.0	0.0	10.0	0.0	0.0	0.0	0.0	0.0	0.0	0.0	0.0	2.0	0.0	0.0	0.0	0.0	0.0	0.000818057656424	0.0	1
1.0	10822.3935547	7.0	1.0	3482.3815918	9.0	3.0	48.8000006676	0.0	0.997895658016	-0.0559471212327	-0.0327737592161	27.0338348983	35.3588095605	-71.4853973389	58.5804977417	-32.65284729	0.238498398305	2.0	14.8000001907	31.6199998856	0.0	16.8400001526	0.997208542791	1.0	1
1.0	4834.91796875	1.0	1.0	1681.27319336	4.0	1.0	17.6399993896	0.0	0.0584528110921	0.987324178219	-0.147561103106	33.6052727931	41.5412401415	-77.0301971436	33.482749939	-18.2447509766	0.284302472016	2.0	13.8199996948	25.9399995804	2.0	21.4799995422	0.480278670509	1.0	1
1.0	7885.18115234	5.0	2.0	2047.94458008	7.0	3.0	59.6599998474	0.0	0.997895658016	-0.0559471212327	-0.0327737592161	22.1561000771	22.0266132924	-71.4853973389	58.5804977417	-32.65284729	0.48844724809	4.0	8.5	46.4199995995	2.0	13.8199996948	0.965177103042	1.0	1
1.0	8011.31835938	5.0	2.0	2456.87182617	4.0	2.0	38.7199997902	0.0	-0.997895658016	0.0559471212327	0.0327737592161	26.6961761246	28.5937786284	-71.4853973389	58.5804977417	-32.65284729	0.730918058201	1.0	14.8000001907	15.3599996567	0.0	14.8000001907	0.974460009786	1.0	1
1.0	9270.44433594	5.0	2.0	2975.99487305	7.0	5.0	52.3000006676	0.0	-0.997889816761	0.0560519471765	0.032773565501	0.0	18.7582020988	-65.5127029419	55.4765510559	-53.4200515747	0.99665127465	5.0	7.78000020981	58.0799994469	1.0	21.4799995422	0.998666216282	1.0	1
1.0	8349.34472656	5.0	3.0	1688.61865234	4.0	2.0	16.9400000572	0.0	-0.997895658016	0.0559471212327	0.0327737592161	26.6961761246	28.5937786284	-71.4853973389	58.5804977417	-32.65284729	0.730918058201	1.0	14.8000001907	15.3599996567	0.0	14.8000001907	0.953937518279	1.0	1
1.0	8242.68164062	3.0	2.0	3688.76098633	7.0	4.0	66.0600008965	0.0	-0.997895658016	0.0559471212327	0.0327737592161	8.01252749273	28.5937786284	-71.4853973389	58.5804977417	-32.65284729	0.238498398305	4.0	8.5	70.3400001526	2.0	29.0400009155	0.991532070164	1.0	1
1.0	5161.359375	2.0	1.0	1685.10595703	4.0	3.0	15.5599994659	2.44608662695	0.0504739843309	0.281165093184	0.958331108093	19.3440743052	14.9865848144	-76.3395004272	51.132850647	-31.3582000732	0.468052336774	1.0	29.0400009155	29.1599998474	1.0	29.0400009155	0.579970345727	1.0	1
1.0	9375.49804688	5.0	3.0	3022.79614258	7.0	5.0	116.820001364	0.0	0.0584528110921	0.987324178219	-0.147561103106	47.8854019404	23.6838273964	-77.0301971436	33.482749939	-18.2447509766	0.284302472016	4.0	8.5	60.2999997139	3.0	29.0400009155	0.996648958986	1.0	1
1.0	4420.61523438	1.0	1.0	1064.03942871	1.0	1.0	0.0	3.89187614209	0.146012067795	0.746525526047	0.649137973785	24.651653504	9.6803343953	-71.4111022949	49.5887985229	-20.5821495056	0.99932519788	0.0	0.0	0.0	0.0	0.0	-1.0	0.0	1
1.0	6137.13476562	4.0	2.0	4819.20410156	5.0	3.0	27.1400001049	0.0	-0.105048105121	-0.992555141449	-0.0616372898221	0.0	27.669893718	-71.0286560059	38.1493530273	-22.1863994598	0.879863756281	7.0	9.56000041962	55.3011994883	4.0	18.0	0.996142781263	1.0	1
1.0	7448.75634766	5.0	2.0	6200.17138672	4.0	1.0	23.5799999237	3.33715440768	0.00725557236001	0.974743783474	0.223208352923	4.68946538002	38.9381534639	-64.5039978027	43.67029953	-46.397102356	0.907603793395	2.0	9.56000041962	14.8000001907	1.0	9.56000041962	0.999943124978	1.0	1
1.0	8391.87792969	4.0	1.0	2918.2253418	3.0	2.0	19.8800001144	3.36496656064	-0.176075026393	0.146913304925	0.973351955414	42.113562961	8.05657805856	-74.9053497314	32.2676506042	-6.17466592789	0.51618740337	0.0	0.0	0.0	0.0	0.0	0.985471236128	1.0	1
1.0	3020.82910156	1.0	1.0	3114.68408203	2.0	1.0	22.6399993896	0.0	0.105048105121	0.992555141449	0.0616372898221	1.9857742265	8.51926638682	-71.3765563965	35.0245513916	-18.7332000732	0.397202563348	4.0	9.56000041962	43.3951997757	4.0	18.6800003052	0.765159628021	1.0	1
1.0	8551.74609375	2.0	2.0	5795.90576172	4.0	3.0	46.5600001812	0.0	-0.105048105121	-0.992555141449	-0.0616372898221	29.3504149645	27.669893718	-71.0286560059	38.1493530273	-22.1863994598	0.879863756281	5.0	9.56000041962	45.6551990509	5.0	18.0	0.999999997751	1.0	1
1.0	8532.97363281	3.0	1.0	3487.55810547	3.0	2.0	38.4799995422	2.3049772436	0.0948071330786	0.91166216135	0.399854570627	2.10287498508	33.5368101317	-63.8989486694	54.4764022827	-43.9084014893	0.931191013047	1.0	11.5600004196	12.3199996948	1.0	11.5600004196	0.999961195372	1.0	1
1.0	3341.43725586	1.0	0.0	2366.77514648	2.0	0.0	0.0	10.0	0.0	0.0	0.0	0.0	0.0	0.0	0.0	0.0	2.0	0.0	0.0	0.0	0.0	0.0	0.000818057656424	1.0	1
1.0	3894.84594727	1.0	1.0	1939.62597656	2.0	1.0	0.0	10.0	0.0	0.0	0.0	0.0	0.0	0.0	0.0	0.0	2.0	2.0	9.56000041962	6.11520004272	2.0	18.0	0.987086249131	1.0	1
1.0	5975.31542969	5.0	2.0	3930.34619141	5.0	3.0	76.8199996948	0.0	0.995591640472	-0.093631953001	0.00550808152184	35.4556465023	21.8614455691	-69.8737030029	34.2997970581	-16.9365997314	0.787261283596	3.0	9.56000041962	29.0	1.0	9.56000041962	0.996618394475	1.0	1
1.0	4821.01513672	1.0	1.0	1659.36401367	1.0	1.0	30.9599990845	2.20454306991	0.0347117297351	0.793858110905	0.60711145401	1.78383930623	16.093405793	-67.6751480103	62.9225997925	-35.1374015808	0.158795024988	0.0	0.0	0.0	0.0	0.0	-1.0	0.0	1
1.0	10085.7685547	6.0	0.0	3079.38671875	5.0	0.0	0.0	10.0	0.0	0.0	0.0	0.0	0.0	0.0	0.0	0.0	2.0	0.0	0.0	0.0	0.0	0.0	0.000818057656424	1.0	1
1.0	5432.12988281	3.0	0.0	201.99899292	2.0	0.0	0.0	10.0	0.0	0.0	0.0	0.0	0.0	0.0	0.0	0.0	2.0	0.0	0.0	0.0	0.0	0.0	0.000818057656424	1.0	1
1.0	12586.5644531	7.0	2.0	4761.50439453	5.0	1.0	35.4399991035	2.20454306991	0.0347117297351	0.793858110905	0.60711145401	1.78383930623	33.0923981848	-67.6751480103	62.9225997925	-35.1374015808	0.158795024988	0.0	0.0	0.0	0.0	0.0	0.999922979577	1.0	1
1.0	4842.90576172	1.0	1.0	1659.36401367	1.0	1.0	30.9599990845	2.20454306991	0.0347117297351	0.793858110905	0.60711145401	1.78383930623	16.093405793	-67.6751480103	62.9225997925	-35.1374015808	0.158795024988	0.0	0.0	0.0	0.0	0.0	0.276092803628	1.0	1
1.0	10442.6552734	3.0	2.0	4528.40283203	4.0	3.0	35.4399991035	2.20454306991	0.0347117297351	0.793858110905	0.60711145401	1.78383930623	32.8142676965	-67.6751480103	62.9225997925	-35.1374015808	0.158795024988	5.0	14.8199996948	68.3799991608	2.0	32.5800018311	0.997598555008	1.0	1
1.0	4821.01513672	1.0	0.0	42.6440010071	1.0	0.0	0.0	10.0	0.0	0.0	0.0	0.0	0.0	0.0	0.0	0.0	2.0	0.0	0.0	0.0	0.0	0.0	0.000818057656424	1.0	1
1.0	9723.12792969	3.0	2.0	4299.54101562	3.0	2.0	35.4399991035	2.20454306991	0.0347117297351	0.793858110905	0.60711145401	1.78383930623	32.8142676965	-67.6751480103	62.9225997925	-35.1374015808	0.158795024988	2.0	14.8199996948	23.8799991608	1.0	15.1599998474	0.999930688831	1.0	1
1.0	6580.21044922	2.0	1.0	1659.36401367	1.0	1.0	30.9599990845	2.20454306991	0.0347117297351	0.793858110905	0.60711145401	1.78383930623	16.093405793	-67.6751480103	62.9225997925	-35.1374015808	0.158795024988	0.0	0.0	0.0	0.0	0.0	0.948109803135	1.0	1
1.0	8331.93164062	2.0	1.0	2682.82104492	3.0	1.0	0.0	10.0	0.0	0.0	0.0	0.0	0.0	0.0	0.0	0.0	2.0	2.0	14.8199996948	23.8799991608	1.0	15.1599998474	0.998202612293	1.0	1
1.0	3908.37207031	1.0	1.0	1989.22180176	1.0	1.0	37.3399996758	1.73895086185	-0.0321431159973	0.415519177914	0.909016311169	14.0372003767	21.0901385642	-72.8554992676	34.7879486084	-26.0293006897	0.526052717384	0.0	0.0	0.0	0.0	0.0	-1.0	0.0	1
1.0	10531.7724609	7.0	1.0	3900.05664062	4.0	1.0	16.4599990845	2.22145667665	0.00887579936534	0.869335174561	0.494143247604	21.2582181832	28.8771979073	-70.832901001	49.0439987183	-31.747051239	0.775900657073	0.0	0.0	0.0	0.0	0.0	0.997202297797	1.0	1
1.0	1577.79199219	2.0	1.0	1989.22180176	1.0	1.0	3.51999998093	3.78724170471	0.050901658833	0.978397905827	-0.200366139412	3.08005078555	10.4959255431	-75.622253418	36.2887992859	-15.505449295	0.693039452	0.0	0.0	0.0	0.0	0.0	0.32524367434	1.0	1
1.0	6164.58300781	11.0	3.0	4129.59667969	6.0	2.0	13.6000003815	0.0	0.0461861081421	0.993751108646	-0.101615056396	31.5180772049	18.459488709	-72.6957015991	43.245300293	-22.5783004761	0.0340871468161	5.0	6.55999994278	31.6115998626	0.0	38.4399986267	0.967143483926	1.0	1
1.0	9795.45507812	2.0	1.0	3507.00976562	4.0	2.0	46.259999752	1.73895086185	-0.0321431159973	0.415519177914	0.909016311169	14.0372003767	34.0790721252	-72.8554992676	34.7879486084	-26.0293006897	0.526052717384	0.0	0.0	0.0	0.0	0.0	0.852607500301	1.0	1
1.0	10988.4863281	3.0	2.0	4052.25830078	6.0	4.0	59.8400001526	0.0	0.0461861081421	0.993751108646	-0.101615056396	11.3913614515	38.7922320439	-72.6957015991	43.245300293	-22.5783004761	0.0340871468161	7.0	6.55999994278	35.4404001236	2.0	33.8199996948	0.996791828608	1.0	1
1.0	10640.296875	2.0	1.0	3563.56201172	4.0	2.0	37.3399996758	1.73895086185	-0.0321431159973	0.415519177914	0.909016311169	14.0372003767	31.4826066717	-72.8554992676	34.7879486084	-26.0293006897	0.526052717384	5.0	30.0599994659	17.5803999901	1.0	33.8199996948	0.948243149549	1.0	1
1.0	5681.78955078	1.0	1.0	1016.94281006	5.0	1.0	17.3600006104	1.73895086185	-0.0321431159973	0.415519177914	0.909016311169	14.0372003767	31.4826066717	-72.8554992676	34.7879486084	-26.0293006897	0.526052717384	0.0	0.0	0.0	0.0	0.0	0.978997529352	1.0	1
1.0	6141.15478516	3.0	2.0	3193.3684082	3.0	2.0	54.6800003052	0.0	0.0461935810745	0.993750572205	-0.101616881788	27.6660289193	6.8201870415	-72.6329956055	25.3752994537	-16.3784999847	0.107789669214	2.0	12.6999998093	24.6800003052	1.0	12.6999998093	0.899823145617	1.0	1
1.0	11044.1708984	3.0	2.0	3741.67553711	5.0	3.0	63.6000003815	0.0	0.0461935810745	0.993750572205	-0.101616881788	27.6660289193	21.6888447862	-72.6329956055	25.3752994537	-16.3784999847	0.107789669214	2.0	12.6999998093	24.6800003052	1.0	12.6999998093	0.993839682307	1.0	1
1.0	4408.12548828	1.0	1.0	1280.54003906	1.0	1.0	4.01999998093	2.95350474989	0.159254103899	0.947805762291	0.27622872591	1.50113213249	19.9832484492	-71.6660995483	45.8910522461	-31.6473999023	0.78722094689	0.0	0.0	0.0	0.0	0.0	-1.0	0.0	1
1.0	8562.96679688	6.0	2.0	4113.22167969	8.0	6.0	44.2599996328	0.0	0.994936227798	0.0	-0.100508131087	3.69357859562	29.8180211273	-56.917098999	52.0936012268	-51.62474823	0.870008670625	8.0	9.15999984741	105.78000021	2.0	18.6800003052	0.996318010307	1.0	1
1.0	8949.86132812	4.0	2.0	3559.23608398	3.0	2.0	42.5600007772	0.0	0.994936227798	0.0	-0.100508131087	3.69357859562	20.901471552	-56.917098999	52.0936012268	-51.62474823	0.870008670625	3.0	9.15999984741	62.6799983978	2.0	13.8199996948	0.951837922025	1.0	1
1.0	11443.2890625	9.0	4.0	6430.50390625	8.0	7.0	66.6199991703	0.0	-0.00609926180914	0.998390972614	-0.0563759468496	4.5982304968	30.1030902317	-58.4255981445	51.6612472534	-49.9365501404	0.622579712635	11.0	9.15999984741	75.6408013552	3.0	34.2599983215	0.999888200572	1.0	1
1.0	4977.57128906	5.0	1.0	1842.10791016	4.0	4.0	25.9799995422	0.0	-0.00609549600631	0.9983907938	-0.0563795827329	45.958008431	12.3745909342	-73.3218002319	23.0206489563	-10.5297498703	0.420963859371	3.0	10.5399999619	58.7000007629	0.0	34.6399993896	0.843731192408	1.0	1
1.0	9452.63183594	6.0	4.0	4781.16308594	7.0	3.0	51.1599988937	0.0	0.994936227798	0.0	-0.100508131087	3.69357859562	11.678253064	-56.917098999	52.0936012268	-51.62474823	0.870008670625	4.0	9.15999984741	64.6999988556	3.0	18.6800003052	0.999957667711	1.0	1
1.0	6550.72509766	6.0	1.0	2955.9362793	6.0	5.0	11.5399999619	3.0804464039	0.100293569267	0.368253082037	0.924300253391	46.0663805492	5.04700010206	-72.6313476562	16.2178001404	-4.166639328	0.306409417085	6.0	17.1599998474	82.4608010501	0.0	34.6399993896	0.969578051553	1.0	1
1.0	7353.55664062	5.0	1.0	2860.27807617	6.0	1.0	15.9600000381	2.73710792207	-0.362851947546	0.446397125721	0.817965805531	18.1328592272	28.4472680692	-67.3542022705	40.7244491577	-43.8766021729	0.474709416193	0.0	0.0	0.0	0.0	0.0	0.997501799468	1.0	1
1.0	11661.4931641	4.0	2.0	4948.59912109	6.0	5.0	88.3800013065	0.0	0.994936227798	0.0	-0.100508131087	3.69357859562	11.678253064	-56.917098999	52.0936012268	-51.62474823	0.870008670625	10.0	9.15999984741	143.26079981	4.0	34.2599983215	0.999983412512	1.0	1
1.0	9266.92675781	7.0	4.0	3231.86035156	5.0	4.0	37.5200002193	0.0	0.994936227798	0.0	-0.100508131087	3.69357859562	11.678253064	-56.917098999	52.0936012268	-51.62474823	0.870008670625	3.0	9.15999984741	64.6999988556	2.0	15.9799995422	0.999042495602	1.0	1
1.0	8726.51757812	6.0	3.0	2545.16430664	4.0	3.0	49.2800006866	0.0	-0.998985528946	0.0365960374475	-0.0262423660606	26.9698327133	41.2155501742	-72.6716003418	50.5989990234	-31.9046497345	0.649412583802	3.0	11.4600000381	31.7800002098	1.0	23.9200000763	0.999484862466	1.0	1
1.0	3614.17358398	2.0	0.0	155.268005371	1.0	0.0	0.0	10.0	0.0	0.0	0.0	0.0	0.0	0.0	0.0	0.0	2.0	0.0	0.0	0.0	0.0	0.0	0.000818057656424	1.0	1
1.0	8510.09765625	4.0	1.0	5913.95507812	8.0	5.0	26.5799999237	3.11390593614	-0.0857736766338	0.982808530331	-0.163493782282	22.8744697106	33.7486383488	-72.3205490112	35.2475509644	-20.2676506042	0.849563654925	2.0	32.1599998474	41.1399993896	2.0	34.7200012207	0.999948488294	1.0	1
1.0	10165.9677734	5.0	3.0	3864.83911133	2.0	2.0	95.5800004005	0.0	-0.998985528946	0.0365960374475	-0.0262423660606	26.9698327133	34.1124171891	-72.6716003418	50.5989990234	-31.9046497345	0.649412583802	1.0	11.4600000381	12.5200004578	0.0	11.4600000381	0.999972968081	1.0	1
1.0	6584.20166016	2.0	1.0	611.916015625	3.0	3.0	19.8400001526	0.0	0.0430017188191	0.985960483551	-0.161346852779	44.4070728801	0.0	-73.226852417	28.7500495911	-19.2166004181	0.570325524647	2.0	20.3999996185	42.3799991608	2.0	32.1599998474	0.975627033417	1.0	1
1.0	5672.41650391	2.0	1.0	1689.86791992	2.0	2.0	43.3200001717	2.13940885204	-0.0385615341365	-0.397110968828	0.916960120201	4.00831132649	22.6398316791	-74.291847229	39.2549972534	-9.91300964355	0.720993845875	0.0	0.0	0.0	0.0	0.0	0.876850342404	1.0	1
1.0	8236.84863281	3.0	1.0	1206.4239502	2.0	2.0	34.3800005913	2.22587730171	0.0367541722953	0.994349896908	0.0995864346623	0.0	8.31250611389	-60.1885490417	51.4950485229	-55.8586006165	0.709183894084	2.0	23.9200000763	20.5399999619	1.0	23.9200000763	0.994138265403	1.0	1
1.0	8724.11425781	5.0	3.0	1056.98596191	1.0	1.0	51.6600012779	2.22587730171	0.0367541722953	0.994349896908	0.0995864346623	0.0	8.31250611389	-60.1885490417	51.4950485229	-55.8586006165	0.709183894084	0.0	0.0	0.0	0.0	0.0	0.995122093138	1.0	1
1.0	6740.26513672	4.0	3.0	1568.52905273	2.0	2.0	72.240000248	0.0	-0.998985528946	0.0365960374475	-0.0262423660606	26.9698327133	34.1124171891	-72.6716003418	50.5989990234	-31.9046497345	0.649412583802	1.0	11.4600000381	12.5200004578	0.0	11.4600000381	0.969213268175	1.0	1
1.0	3303.62524414	1.0	1.0	1058.11767578	1.0	1.0	8.98360009491	0.0	0.00372824585065	0.980663180351	-0.195667564869	4.24107371639	8.45285259417	-69.0607452393	38.7113494873	-31.1473999023	0.933703703263	0.0	0.0	0.0	1.0	9.22000026703	-1.0	0.0	1
1.0	1078.19750977	5.0	0.0	1289.44702148	3.0	0.0	0.0	10.0	0.0	0.0	0.0	0.0	0.0	0.0	0.0	0.0	2.0	0.0	0.0	0.0	0.0	0.0	0.000818057656424	1.0	1
1.0	15924.75	6.0	4.0	2900.44189453	10.0	10.0	138.703600124	0.0	0.999826014042	0.0	0.0186547394842	1.84601682374	30.4679061198	-59.9335021973	65.4401016235	-24.6635513306	0.276167964192	18.0	8.47999954224	190.759999752	3.0	10.1199998856	0.992875472058	1.0	1
1.0	16301.4355469	5.0	3.0	3125.42333984	10.0	9.0	107.447600603	0.0	0.999826014042	0.0	0.0186547394842	1.84601682374	30.131064797	-59.9335021973	65.4401016235	-24.6635513306	0.276167964192	26.0	5.21999979019	247.501198053	3.0	11.1199998856	0.988965413237	1.0	1
1.0	8474.00683594	3.0	1.0	286.531005859	1.0	1.0	0.0	10.0	0.0	0.0	0.0	0.0	0.0	0.0	0.0	0.0	2.0	3.0	14.7399997711	30.1200006008	0.0	16.1000003815	0.559985731773	1.0	1
1.0	13281.9472656	3.0	3.0	1333.75427246	5.0	5.0	83.7199985981	0.0	0.999824225903	0.0	0.0187475364655	36.3509322327	0.0	-70.9017028809	24.9615001678	-20.2838001251	0.0614734365675	18.0	5.21999979019	187.75999701	3.0	11.1199998856	0.974530035403	1.0	1
1.0	8473.73339844	7.0	6.0	2494.88330078	4.0	4.0	102.819999456	0.0	0.999825656414	0.0	0.0186732020229	49.5125235446	8.41572924642	-72.2965011597	20.6305007935	-4.30288982391	0.215087341438	14.0	5.21999979019	158.640000463	1.0	11.1199998856	0.678414898031	1.0	1
1.0	11929.5302734	2.0	2.0	1444.72094727	6.0	6.0	91.6636001617	0.0	0.999825656414	0.0	0.0186732020229	49.5125235446	8.41572924642	-72.2965011597	20.6305007935	-4.30288982391	0.215087341438	19.0	10.3999996185	170.341197848	2.0	11.1199998856	0.967818282227	1.0	1
1.0	2426.1628418	1.0	1.0	2132.75756836	3.0	2.0	0.0	10.0	0.0	0.0	0.0	0.0	0.0	0.0	0.0	0.0	2.0	2.0	27.2800006866	22.3800001144	0.0	30.9200000763	0.513075010947	1.0	1
1.0	12973.3867188	3.0	3.0	1481.49365234	4.0	4.0	41.7999987602	0.0	0.999824225903	0.0	0.0187475364655	36.3509322327	0.0	-70.9017028809	24.9615001678	-20.2838001251	0.0614734365675	17.0	5.21999979019	158.88919735	1.0	10.1199998856	0.969709430979	1.0	1
1.0	5528.82470703	1.0	1.0	1190.75488281	1.0	1.0	10.720000267	3.48387710367	0.0568405278027	0.853972911835	-0.517203509808	25.3090538977	10.5050238393	-70.3588485718	54.1751022339	-31.0692501068	0.822034246894	0.0	0.0	0.0	0.0	0.0	-1.0	0.0	1
1.0	8477.69433594	11.0	2.0	5595.59716797	5.0	1.0	19.9600000381	1.53558460113	0.491555035114	0.856139302254	-0.159371048212	2.1165037789	16.4838450134	-61.6519470215	53.9183998108	-54.3539009094	0.640594159454	4.0	18.4799995422	18.3600006104	0.0	25.6000003815	0.998757075075	1.0	1
1.0	5037.51171875	2.0	2.0	1682.06774902	2.0	2.0	36.1599998474	0.0	-0.993508338928	0.0	-0.113759316504	27.832190179	3.0777992775	-72.0008544922	39.8098983765	-31.3843994141	0.60763882606	10.0	9.03999996185	83.1039999723	3.0	16.3600006104	0.559985313227	1.0	1
1.0	10916.4541016	7.0	2.0	2809.49316406	5.0	3.0	31.7199993134	1.45482986688	-0.612826764584	0.174432307482	0.770724833012	35.7958512773	27.1527837187	-74.4708557129	30.7369003296	-19.0813484192	0.255601678972	2.0	9.23999977112	15.279999733	2.0	17.6800003052	0.999734070653	1.0	1
1.0	2363.27880859	4.0	2.0	1146.30383301	1.0	1.0	18.7600002289	3.0768831333	0.0058305230923	0.998575031757	-0.0530464798212	28.6537133757	13.693344713	-72.2492980957	32.3259506226	-34.2097015381	0.991322964935	0.0	0.0	0.0	0.0	0.0	0.970992783094	1.0	1
1.0	10740.0820312	3.0	2.0	2708.15527344	5.0	4.0	87.8399994373	0.0	-0.993508338928	0.0	-0.113759316504	16.5485519964	29.6508269341	-67.4197540283	56.5023994446	-42.5557022095	0.687242911887	7.0	9.03999996185	91.2400007248	2.0	28.2399997711	0.999992332642	1.0	1
1.0	5280.15283203	1.0	1.0	1505.99682617	2.0	1.0	16.2919998467	0.0	0.0265279840678	0.970082521439	-0.241321802139	21.4449870513	0.0	-72.4010009766	37.926700592	-32.8286514282	0.147131344559	4.0	13.9200000763	47.7248004675	1.0	22.0400009155	0.717792094818	1.0	1
1.0	8357.45898438	6.0	3.0	5073.94335938	4.0	2.0	60.6800005436	0.0	-0.993498265743	0.0	-0.11384742707	0.0	28.8762707529	-66.2882537842	57.5117988586	-42.6803512573	2.0	7.0	9.56000041962	60.8416000605	0.0	21.4799995422	0.984889545084	1.0	1
1.0	4993.17626953	8.0	1.0	3220.37402344	3.0	2.0	24.7728004456	0.0	0.0265261754394	0.970055103302	-0.241432189941	0.0	31.0838311542	-63.7907028198	67.0261535645	-29.8083992004	0.993185140781	4.0	3.68000006676	30.9200000763	2.0	4.71999979019	0.990193937796	1.0	1
1.0	6575.83300781	3.0	2.0	1525.27172852	2.0	2.0	39.0799999237	0.0	-0.993508338928	0.0	-0.113759316504	9.81702698914	22.0821230516	-72.0008544922	39.8098983765	-31.3843994141	0.60763882606	4.0	13.9200000763	32.1072002649	2.0	16.3600006104	0.969046940787	1.0	1
1.0	4470.37939453	1.0	1.0	1004.02398682	1.0	1.0	15.3399996758	2.74472771606	0.0273841507733	0.941910982132	0.334744393826	12.6604496462	0.0	-75.564453125	37.9302520752	-25.8729000092	0.304925049423	0.0	0.0	0.0	0.0	0.0	-1.0	0.0	1
1.0	7491.41894531	6.0	2.0	2166.41186523	6.0	2.0	14.043200016	0.0	-0.0848822295666	-0.953459024429	0.289328277111	3.97052958017	26.3300099554	-68.7313537598	56.6714019775	-27.1097488403	0.41877050583	4.0	9.64000034332	48.4400002956	3.0	11.9200000763	0.998011633298	1.0	1
1.0	4556.50244141	1.0	1.0	1004.02398682	1.0	1.0	15.3399996758	2.74472771606	0.0273841507733	0.941910982132	0.334744393826	12.6604496462	0.0	-75.564453125	37.9302520752	-25.8729000092	0.304925049423	0.0	0.0	0.0	0.0	0.0	0.335032620211	1.0	1
1.0	8160.640625	6.0	3.0	3138.21142578	9.0	5.0	33.8431999683	0.0	0.0849857479334	0.953450918198	-0.28932467103	1.02134324832	39.525832363	-66.7207946777	58.9585990906	-29.6575508118	0.893610613393	10.0	9.64000034332	122.699999809	5.0	14.720000267	0.99881048257	1.0	1
1.0	11942.984375	4.0	3.0	2825.25512695	6.0	4.0	107.319999218	0.0	-0.982122719288	0.129118621349	0.136979356408	42.0669314276	35.4394596184	-73.6480560303	33.3087005615	-30.2496490479	0.921432315332	5.0	9.64000034332	51.4799995422	3.0	13.2399997711	0.999994886925	1.0	1
1.0	8414.3984375	2.0	2.0	1608.52612305	4.0	2.0	39.6231997013	0.0	0.0849857479334	0.953450918198	-0.28932467103	33.247877239	22.1734479238	-73.8984985352	30.1697998047	-17.0365486145	0.00350559456598	3.0	10.2399997711	48.1000003815	3.0	14.720000267	0.999957667656	1.0	1
1.0	6506.828125	3.0	2.0	1600.72790527	2.0	1.0	61.3999991417	2.43144197074	0.316266536713	0.928295612335	0.195557534695	14.9252577271	21.1098065212	-66.1338500977	54.6643486023	-40.792049408	0.891448037502	0.0	0.0	0.0	0.0	0.0	0.793101385388	1.0	1
1.0	12347.9980469	4.0	3.0	2668.48046875	5.0	3.0	93.16320014	0.0	-0.982109189034	0.129118740559	0.137076124549	53.702788771	22.1400203127	-74.3487548828	30.7215995789	-17.115398407	0.673750325417	6.0	9.64000034332	74.8399991989	3.0	14.720000267	0.99999500244	1.0	1
1.0	2099.47021484	5.0	0.0	1164.64807129	3.0	0.0	0.0	10.0	0.0	0.0	0.0	0.0	0.0	0.0	0.0	0.0	2.0	0.0	0.0	0.0	0.0	0.0	0.000818057656424	1.0	1
1.0	6980.86865234	1.0	1.0	1414.82421875	6.0	3.0	23.2232000828	0.0	0.982122719288	-0.129118621349	-0.136979356408	9.8104021858	35.5212833643	-73.6480560303	33.3087005615	-30.2496490479	0.701182915402	4.0	9.64000034332	38.9599997997	1.0	10.2399997711	0.995479168539	1.0	1
1.0	3772.95092773	1.0	0.0	1045.85205078	1.0	0.0	0.0	10.0	0.0	0.0	0.0	0.0	0.0	0.0	0.0	0.0	2.0	0.0	0.0	0.0	0.0	0.0	0.000818057656424	0.0	1
1.0	10324.0390625	9.0	4.0	3807.91992188	4.0	3.0	119.759998083	0.0	0.0411587543786	0.994547128677	-0.0958228558302	31.1925051136	41.2121127672	-68.4144439697	41.4504470825	-29.8144493103	0.662071904253	3.0	1.01999998093	17.1999998093	2.0	8.15999984741	0.998958319044	1.0	1
1.0	9577.59765625	8.0	2.0	4016.11474609	6.0	4.0	65.0	0.0	0.998190462589	-0.028719175607	0.0528300479054	25.3144921789	9.93493806915	-67.2659988403	45.3758468628	-20.382850647	0.959559441694	4.0	8.15999984741	51.2199993134	2.0	18.3799991608	0.999589094036	1.0	1
1.0	9023.67773438	8.0	4.0	2119.00610352	5.0	3.0	36.220000267	0.0	-0.0411587543786	-0.994547128677	0.0958228558302	15.6417594253	5.00559594831	-68.4144439697	41.4504470825	-29.8144493103	0.662071904253	3.0	8.15999984741	30.779999733	1.0	8.15999984741	0.997958119798	1.0	1
1.0	941.704956055	3.0	3.0	1000.51177979	4.0	2.0	10.8399999142	2.62220324529	0.915685594082	0.353246450424	-0.19166855514	1.36267874849	10.4010251067	-51.2272033691	50.568649292	-57.0396499634	0.397782791164	1.0	13.8400001526	6.17999982834	0.0	13.8400001526	0.0354343581079	1.0	1
1.0	8813.94238281	4.0	4.0	2088.51293945	3.0	3.0	71.0999982357	2.10544055361	-0.509841561317	-0.778714179993	0.365603357553	20.2728443769	17.5959636654	-63.2446517944	57.4694976807	-38.8001480103	0.758147974854	5.0	13.8400001526	65.4800000191	1.0	33.2200012207	0.967781057016	1.0	1
1.0	128.417999268	1.0	0.0	69.3598022461	1.0	0.0	0.0	10.0	0.0	0.0	0.0	0.0	0.0	0.0	0.0	0.0	2.0	0.0	0.0	0.0	0.0	0.0	0.000818057656424	1.0	1
1.0	8446.48828125	3.0	3.0	1351.20581055	5.0	3.0	26.2599999905	0.0	0.0412762314081	0.994552850723	-0.0957124531269	47.8439752699	1.71924584196	-72.6188964844	26.9323501587	-18.83659935	0.715244991002	5.0	1.01999998093	32.4000000954	2.0	24.0400009155	0.993720677543	1.0	1
1.0	1043.56591797	3.0	1.0	69.3598022461	1.0	1.0	0.0	10.0	0.0	0.0	0.0	0.0	0.0	0.0	0.0	0.0	2.0	1.0	22.2399997711	8.53999996185	0.0	22.2399997711	0.445092825397	1.0	1
1.0	8318.0703125	2.0	1.0	2431.72998047	4.0	2.0	50.1799981594	0.0	0.0411587543786	0.994547128677	-0.0958228558302	31.1925051136	10.2437054919	-68.4144439697	41.4504470825	-29.8144493103	0.662071904253	1.0	8.15999984741	7.5	1.0	8.15999984741	0.990821304605	1.0	1
1.0	5481.59667969	1.0	1.0	1736.31896973	1.0	1.0	6.82000017166	3.23807038103	0.164432510734	0.844070672989	-0.510398507118	38.268331466	6.3913243702	-73.5087432861	47.3836975098	-17.0652999878	0.571778484432	0.0	0.0	0.0	0.0	0.0	-1.0	0.0	1
1.0	7911.96240234	12.0	2.0	1382.23974609	6.0	2.0	0.0	10.0	0.0	0.0	0.0	0.0	0.0	0.0	0.0	0.0	2.0	2.0	12.3400001526	6.65999984741	0.0	12.6199998856	0.999908982179	1.0	1
1.0	6345.84619141	4.0	1.0	2761.16308594	3.0	2.0	6.82000017166	3.23807038103	0.164432510734	0.844070672989	-0.510398507118	44.2397824148	6.3913243702	-73.5087432861	47.3836975098	-17.0652999878	0.571778484432	0.0	0.0	0.0	0.0	0.0	0.553008814434	1.0	1
1.0	427.645996094	1.0	0.0	2144.2800293	2.0	0.0	0.0	10.0	0.0	0.0	0.0	0.0	0.0	0.0	0.0	0.0	2.0	0.0	0.0	0.0	0.0	0.0	0.000818057656424	1.0	1
1.0	7670.52392578	4.0	4.0	3221.94189453	3.0	3.0	147.660003185	0.0	-0.0288091804832	0.963138222694	-0.267459928989	49.2079447354	5.97885856715	-69.8493041992	25.2929992676	-18.189250946	0.603183053317	4.0	6.48000001907	49.5391985178	2.0	31.1000003815	0.99934316741	1.0	1
1.0	6090.98388672	3.0	2.0	3444.22509766	2.0	2.0	41.220000267	0.0	-0.0288091804832	0.963138222694	-0.267459928989	40.8720875247	5.97885856715	-69.8493041992	25.2929992676	-18.189250946	0.603183053317	4.0	6.48000001907	49.5391985178	2.0	31.1000003815	0.996714919574	1.0	1
1.0	5820.63378906	2.0	1.0	3750.36621094	3.0	3.0	21.9000005722	0.0	-0.0289117712528	0.963102042675	-0.267578989267	14.4991656691	0.985875908864	-70.0199508667	30.9903488159	-19.7718009949	0.872526877968	3.0	6.48000001907	52.7339977026	1.0	31.1000003815	0.910605249955	1.0	1
1.0	11476.9228516	3.0	2.0	3293.42285156	5.0	4.0	89.7000012398	0.0	-0.0288091804832	0.963138222694	-0.267459928989	49.2079447354	5.97885856715	-69.8493041992	25.2929992676	-18.189250946	0.603183053317	7.0	3.94000005722	36.1879996061	2.0	24.3999996185	0.999999389452	1.0	1
1.0	5481.59667969	1.0	0.0	1581.93408203	1.0	0.0	0.0	10.0	0.0	0.0	0.0	0.0	0.0	0.0	0.0	0.0	2.0	0.0	0.0	0.0	0.0	0.0	0.000818057656424	1.0	1
1.0	10818.7822266	2.0	2.0	2858.28198242	5.0	4.0	74.4600009918	0.0	-0.999506771564	-0.0309935808182	-0.00506545975804	34.9628439069	1.73161049516	-68.5080032349	30.2080993652	-20.9944000244	0.0693687720608	9.0	3.3599998951	64.4687987566	4.0	16.9799995422	0.999997950221	1.0	1
1.0	3677.83959961	1.0	1.0	1594.97094727	1.0	1.0	36.9399986267	3.33016518398	-0.203158155084	0.63986068964	0.741151213646	19.5447248143	3.69020275051	-75.6352996826	29.7958984375	-12.0024499893	0.87338146372	0.0	0.0	0.0	0.0	0.0	-1.0	0.0	1
1.0	4888.79638672	6.0	2.0	4475.42626953	7.0	3.0	27.4999992847	0.0	-0.997134625912	0.0	0.0756471604109	1.56051732102	14.8492842865	-54.1894989014	51.1925010681	-51.9335021973	0.637090903772	2.0	20.7800006866	40.3800010681	2.0	21.3400001526	0.978839099824	1.0	1
1.0	9877.90234375	6.0	4.0	5544.15966797	8.0	5.0	106.496798873	0.0	-0.997134625912	0.0	0.0756471604109	5.52892757291	15.607071996	-54.1894989014	51.1925010681	-51.9335021973	0.637090903772	5.0	6.80000019073	61.7600007057	5.0	21.3400001526	0.995640862129	1.0	1
1.0	153.828994751	1.0	0.0	1028.76538086	2.0	0.0	0.0	10.0	0.0	0.0	0.0	0.0	0.0	0.0	0.0	0.0	2.0	0.0	0.0	0.0	0.0	0.0	0.000818057656424	1.0	1
1.0	6787.18994141	3.0	3.0	2570.25292969	3.0	2.0	75.57999897	1.4397083403	0.429626911879	0.874694943428	-0.224342241883	0.0	11.5096402543	-51.4694519043	53.0055999756	-52.5372009277	0.213587993447	0.0	0.0	0.0	0.0	0.0	0.986893218418	1.0	1
1.0	3857.22753906	1.0	1.0	1594.97094727	1.0	1.0	36.9399986267	3.33016518398	-0.203158155084	0.63986068964	0.741151213646	19.5447248143	3.69020275051	-75.6352996826	29.7958984375	-12.0024499893	0.87338146372	0.0	0.0	0.0	0.0	0.0	0.00365974878492	1.0	1
1.0	8584.48339844	2.0	2.0	4136.44677734	7.0	5.0	107.656799078	0.0	0.997134804726	0.0	-0.0756454095244	50.8725559333	36.6528212852	-74.1090011597	23.252199173	-17.0863990784	0.0384743345227	3.0	5.90000009537	13.4399999976	3.0	6.82000017166	0.992184549775	1.0	1
1.0	249.177093506	2.0	0.0	1438.22937012	3.0	0.0	0.0	10.0	0.0	0.0	0.0	0.0	0.0	0.0	0.0	0.0	2.0	0.0	0.0	0.0	0.0	0.0	0.000818057656424	1.0	1
1.0	8656.50976562	3.0	3.0	2468.91064453	5.0	4.0	81.5567985773	0.0	0.997134804726	0.0	-0.0756454095244	50.8725559333	36.6528212852	-74.1090011597	23.252199173	-17.0863990784	0.0384743345227	3.0	5.90000009537	13.4399999976	3.0	6.82000017166	0.997870097965	1.0	1
1.0	4211.60302734	1.0	1.0	1443.08996582	1.0	1.0	35.7799987793	2.90965809495	0.12129470706	0.985199451447	-0.121118076146	4.88955537636	19.2665012463	-72.6594543457	40.6262969971	-36.3348007202	0.190872499421	0.0	0.0	0.0	0.0	0.0	-1.0	0.0	1
1.0	9426.91699219	4.0	2.0	5435.73144531	9.0	4.0	93.4999992847	0.0	0.994893431664	0.0	-0.100930772722	4.3580626514	42.1358038006	-61.1903991699	65.2388000488	-32.3731994629	0.123471663698	4.0	7.17999982834	39.5199995041	2.0	18.7800006866	0.981079875235	1.0	1
1.0	6545.41162109	1.0	1.0	2694.64550781	6.0	3.0	55.6399993896	0.0	-0.00915775541216	0.994012892246	-0.108878366649	21.1410111593	42.3224915549	-72.9221954346	31.9869003296	-19.6686000824	0.049861313249	2.0	18.7800006866	37.7199993134	2.0	19.2800006866	0.822801481367	1.0	1
1.0	10694.4990234	6.0	4.0	4399.46923828	8.0	5.0	71.3000006676	0.0	0.994893431664	0.0	-0.100930772722	4.3580626514	42.1358038006	-61.1903991699	65.2388000488	-32.3731994629	0.123471663698	5.0	7.17999982834	55.4399995804	4.0	22.7800006866	0.996546438394	1.0	1
1.0	9659.75	2.0	1.0	1906.68908691	3.0	1.0	35.7799987793	2.90965809495	0.12129470706	0.985199451447	-0.121118076146	4.88955537636	19.2665012463	-72.6594543457	40.6262969971	-36.3348007202	0.190872499421	0.0	0.0	0.0	0.0	0.0	0.997401142098	1.0	1
1.0	6066.2890625	4.0	1.0	1138.82116699	5.0	3.0	21.620000124	2.11794715006	0.297700494528	0.753701806068	0.58592492342	39.9453454541	28.6350823594	-69.3282012939	61.1797485352	-23.2572498322	0.600276205674	0.0	0.0	0.0	0.0	0.0	0.976688496033	1.0	1
1.0	4663.09179688	6.0	2.0	98.0784988403	1.0	1.0	11.6199998856	2.89278417828	0.224671363831	0.841898679733	-0.490641832352	38.4497631265	2.9069276261	-55.2437515259	47.7168998718	-60.8430023193	0.96553822544	0.0	0.0	0.0	0.0	0.0	0.801268898305	1.0	1
1.0	9804.765625	3.0	2.0	2382.86352539	3.0	3.0	72.8199987411	0.0	0.994893431664	0.0	-0.100930772722	4.3580626514	18.2013967982	-61.1903991699	65.2388000488	-32.3731994629	0.123471663698	1.0	7.17999982834	7.11999988556	1.0	7.17999982834	0.999538627297	1.0	1
1.0	9032.09179688	3.0	1.0	1450.6661377	3.0	3.0	51.8999998569	0.0	0.994902431965	0.0	-0.100842297077	2.21932330847	9.93055826407	-57.8397979736	44.1943016052	-58.6221504211	0.629599205113	0.0	0.0	0.0	1.0	18.1399993896	0.98558488438	1.0	1
1.0	5251.54052734	1.0	1.0	1245.98791504	1.0	1.0	23.4199995995	2.47334595714	-0.36762341857	0.866707026958	0.3371527493	13.8220368303	25.1895072621	-70.4082489014	46.762298584	-40.7912483215	0.0560503418596	0.0	0.0	0.0	0.0	0.0	-1.0	0.0	1
1.0	6975.0390625	6.0	2.0	2060.16186523	10.0	2.0	7.23999977112	2.98137893878	0.18382024765	0.675067484379	-0.714488685131	24.2460418206	36.2934465652	-72.3496551514	46.4131011963	-36.5845985413	0.778944214235	3.0	11.8599996567	32.5799994469	0.0	21.0799999237	0.993850465874	1.0	1
1.0	7299.08691406	2.0	1.0	2398.23217773	6.0	2.0	16.5919998884	0.0	-0.998338937759	-0.0336567647755	0.0467612892389	23.4578640339	31.596228617	-72.5433044434	41.5012512207	-32.977897644	0.658244249461	4.0	15.3800001144	69.099998951	1.0	26.9200000763	0.973122751008	1.0	1
1.0	11512.4003906	4.0	1.0	4186.87402344	9.0	3.0	31.6519998312	0.0	0.998338937759	0.0336567647755	-0.0467612892389	5.99559677452	44.0507957912	-72.5433044434	41.5012512207	-32.977897644	0.555566123496	8.0	11.8599996567	117.179999828	3.0	31.2999992371	0.999998979017	1.0	1
1.0	7608.95898438	1.0	1.0	1245.98791504	1.0	1.0	23.4199995995	2.47334595714	-0.36762341857	0.866707026958	0.3371527493	13.8220368303	25.1895072621	-70.4082489014	46.762298584	-40.7912483215	0.0560503418596	0.0	0.0	0.0	0.0	0.0	0.859417723047	1.0	1
1.0	7319.55859375	1.0	1.0	518.040893555	4.0	3.0	32.9600000381	2.47334595714	-0.36762341857	0.866707026958	0.3371527493	13.8220368303	0.0	-70.4082489014	46.762298584	-40.7912483215	0.0560503418596	3.0	22.6399993896	28.5799994469	2.0	31.2999992371	0.996897036881	1.0	1
1.0	7759.81298828	1.0	1.0	1816.0736084	4.0	2.0	23.4199995995	2.47334595714	-0.36762341857	0.866707026958	0.3371527493	13.8220368303	33.2320797728	-70.4082489014	46.762298584	-40.7912483215	0.0560503418596	4.0	24.8199996948	26.8399996758	1.0	31.2999992371	0.975717351021	1.0	1
1.0	6439.52978516	3.0	2.0	1717.67895508	3.0	2.0	49.1600003242	0.0	-0.0472530014813	0.972107291222	-0.229727074504	3.41082549069	25.6680335355	-67.6803436279	61.4756011963	-37.9260025024	0.16272328788	1.0	6.09999990463	6.40000009537	0.0	6.09999990463	0.993490085446	1.0	1
1.0	4457.72607422	4.0	0.0	977.775024414	3.0	0.0	0.0	10.0	0.0	0.0	0.0	0.0	0.0	0.0	0.0	0.0	2.0	0.0	0.0	0.0	0.0	0.0	0.000818057656424	1.0	1
1.0	8479.15234375	1.0	1.0	1637.26403809	4.0	1.0	1.97200000286	0.0	0.998338937759	0.0336567647755	-0.0467612892389	2.3389963963	29.9021188322	-72.5433044434	41.5012512207	-32.977897644	0.555566123496	2.0	25.8400001526	49.7600002289	2.0	26.9200000763	0.999506329994	1.0	1
1.0	649.655761719	4.0	1.0	878.510009766	1.0	1.0	13.3199996948	2.28645577282	0.169898435473	0.430198341608	-0.886602461338	5.83736131471	0.0	-73.15599823	30.8036994934	-18.354598999	0.376164084018	0.0	0.0	0.0	0.0	0.0	-1.0	0.0	1
1.0	12025.78125	6.0	3.0	4139.32617188	8.0	7.0	86.2400007248	0.0	-0.993542850018	-0.113424226642	-0.00275293295272	26.1637542578	27.9475993886	-73.9443969727	47.6186485291	-15.803850174	0.90247038499	9.0	20.1599998474	120.280799814	0.0	32.5200004578	0.977637320894	1.0	1
1.0	1123.2109375	3.0	1.0	167.992004395	2.0	1.0	0.0	10.0	0.0	0.0	0.0	0.0	0.0	0.0	0.0	0.0	2.0	1.0	24.0799999237	6.98000001907	0.0	24.0799999237	0.975885866756	1.0	1
1.0	5267.90234375	6.0	2.0	523.033996582	2.0	2.0	56.8599991798	0.0	0.106016278267	-0.937841951847	0.330473870039	23.0573031727	13.574959615	-70.6089477539	43.4780006409	-28.489200592	0.771253142311	1.0	9.06000041962	10.3599996567	0.0	9.06000041962	0.69291313593	1.0	1
1.0	7383.59863281	2.0	2.0	1787.76708984	2.0	2.0	47.6400003433	0.0	-0.993542850018	-0.113424226642	-0.00275293295272	0.0	2.04076333668	-73.9443969727	47.6186485291	-15.803850174	0.270059668932	1.0	31.3600006104	31.2600002289	0.0	31.3600006104	0.534229661204	1.0	1
1.0	7282.79199219	2.0	1.0	1241.8951416	2.0	2.0	41.9400005341	2.28645577282	0.169898435473	0.430198341608	-0.886602461338	18.0061143709	0.0	-73.15599823	30.8036994934	-18.354598999	0.376164084018	0.0	0.0	0.0	0.0	0.0	0.534229661204	1.0	1
1.0	4398.17626953	1.0	1.0	2519.73852539	1.0	1.0	25.2599992752	2.09013635601	-0.127042010427	0.81139755249	0.570521116257	20.0961089276	17.7223210137	-71.9927978516	35.2992515564	-23.2010993958	0.73262440979	0.0	0.0	0.0	0.0	0.0	-1.0	0.0	1
1.0	11865.4980469	7.0	2.0	3857.68530273	5.0	3.0	100.539999008	0.0	0.0588395409286	0.984721958637	-0.163892135024	4.41478863305	20.8825306314	-65.09324646	59.9831008911	-42.8957519531	0.45710523086	3.0	6.44000005722	44.4000000954	1.0	6.44000005722	0.976526006712	1.0	1
1.0	939.78894043	3.0	1.0	583.377990723	2.0	1.0	1.48000001907	3.81965965512	0.0511241033673	0.554904341698	0.830341815948	7.00641071846	2.54042708295	-71.6971511841	46.4009017944	-28.7555999756	0.604449120613	0.0	0.0	0.0	0.0	0.0	0.455254115786	1.0	1
1.0	3804.84423828	6.0	2.0	773.311584473	3.0	1.0	13.6000003815	3.80441853475	-0.256826013327	0.815036356449	0.519380569458	2.09578952164	1.02809285423	-68.6175994873	37.4642486572	-44.9042510986	0.914007360055	1.0	20.0200004578	17.0400009155	0.0	20.0200004578	0.971242981341	1.0	1
1.0	697.076599121	2.0	2.0	2256.90087891	2.0	2.0	0.0819199979305	0.0	0.0587510168552	0.984726965427	-0.163893595338	4.02372087728	9.62128268515	-68.9004974365	53.0461006165	-21.8812503815	0.282834783174	2.0	19.0200004578	37.0800018311	0.0	20.0200004578	0.130645200814	1.0	1
1.0	10726.9873047	4.0	2.0	2569.6003418	3.0	2.0	50.8399987221	0.0	0.0588395409286	0.984721958637	-0.163892135024	4.41478863305	20.8825306314	-65.09324646	59.9831008911	-42.8957519531	0.45710523086	1.0	6.44000005722	5.71999979019	1.0	6.44000005722	0.985407678452	1.0	1
1.0	5391.47558594	1.0	1.0	2519.73852539	1.0	1.0	25.2599992752	2.09013635601	-0.127042010427	0.81139755249	0.570521116257	20.0961089276	17.7223210137	-71.9927978516	35.2992515564	-23.2010993958	0.73262440979	0.0	0.0	0.0	0.0	0.0	0.267545822574	1.0	1
1.0	10276.0615234	5.0	3.0	3341.22924805	4.0	3.0	134.599998474	0.0	0.0588395409286	0.984721958637	-0.163892135024	4.41478863305	20.8825306314	-65.09324646	59.9831008911	-42.8957519531	0.45710523086	4.0	5.92000007629	49.0599999428	2.0	6.44000005722	0.992536987946	1.0	1
1.0	8985.68945312	4.0	1.0	917.933105469	4.0	2.0	45.6599988937	2.09013635601	-0.127042010427	0.81139755249	0.570521116257	30.8897392231	19.9295413871	-71.9927978516	35.2992515564	-23.2010993958	0.73262440979	0.0	0.0	0.0	0.0	0.0	0.975717339583	1.0	1
1.0	8216.95605469	4.0	1.0	145.320495605	2.0	1.0	20.3999996185	2.39988540535	-0.252003014088	0.66603499651	0.702062606812	48.0252110897	0.0	-74.7819976807	19.4659996033	-12.1189498901	0.103801230306	0.0	0.0	0.0	0.0	0.0	0.979961220487	1.0	1
1.0	4813.97363281	1.0	0.0	1228.76000977	1.0	0.0	0.0	10.0	0.0	0.0	0.0	0.0	0.0	0.0	0.0	0.0	2.0	0.0	0.0	0.0	0.0	0.0	0.000818057656424	0.0	2
1.0	8445.72167969	5.0	3.0	3870.72607422	7.0	4.0	53.9800002575	0.0	0.997889816761	-0.0560519471765	-0.032773565501	5.41590149358	17.9450719672	-65.5127029419	55.4765510559	-53.4200515747	0.99665127465	4.0	7.78000020981	62.7599992752	3.0	29.0400009155	0.993766198736	1.0	2
1.0	5392.28173828	3.0	2.0	1497.19873047	3.0	1.0	22.5999994278	0.0	0.997895658016	-0.0559471212327	-0.0327737592161	22.1561000771	20.503199044	-71.4853973389	58.5804977417	-32.65284729	0.48844724809	1.0	14.8000001907	15.279999733	0.0	14.8000001907	0.575092444486	1.0	2
1.0	9320.50976562	5.0	2.0	3077.78491211	7.0	5.0	48.8000006676	0.0	0.997895658016	-0.0559471212327	-0.0327737592161	27.0338348983	28.745001863	-71.4853973389	58.5804977417	-32.65284729	0.238498398305	5.0	14.5600004196	79.5799994469	2.0	29.0400009155	0.997854480032	1.0	2
1.0	4732.12744141	1.0	1.0	1310.60632324	2.0	1.0	20.6200008392	0.0	0.0584608800709	0.98732405901	-0.147558391094	12.0083713863	27.15050472	-76.1633987427	42.6703491211	-39.1115493774	0.623107694792	1.0	8.5	9.56000041962	1.0	8.5	0.274572047616	1.0	2
1.0	8617.8359375	5.0	2.0	2375.95703125	6.0	3.0	19.2800002098	0.0	-0.997895658016	0.0559471212327	0.0327737592161	1.99393544671	28.5937786284	-71.4853973389	58.5804977417	-32.65284729	0.48844724809	4.0	14.8000001907	71.3799991608	2.0	29.0400009155	0.994162464953	1.0	2
1.0	6618.20019531	3.0	1.0	1469.62109375	4.0	1.0	16.2799994946	2.6975322042	-0.198855057359	0.841596186161	0.50216782093	41.1464458141	6.08931227478	-77.6351013184	19.4204998016	-9.40864944458	0.46469925457	0.0	0.0	0.0	0.0	0.0	0.879241153876	1.0	2
1.0	9174.67285156	5.0	2.0	3223.62060547	6.0	3.0	51.6999998093	0.0	0.997895658016	-0.0559471212327	-0.0327737592161	27.0338348983	28.745001863	-71.4853973389	58.5804977417	-32.65284729	0.48844724809	3.0	14.8000001907	60.6999998093	1.0	29.0400009155	0.979739152406	1.0	2
1.0	6963.77294922	2.0	1.0	2367.08447266	4.0	1.0	20.6200008392	0.0	0.0584608800709	0.98732405901	-0.147558391094	12.0083713863	35.9101851497	-76.1633987427	42.6703491211	-39.1115493774	0.623107694792	1.0	8.5	9.56000041962	1.0	8.5	0.848742918968	1.0	2
1.0	8897.03027344	3.0	1.0	2052.96899414	3.0	2.0	38.640001297	1.71086238888	0.388891607523	0.909044086933	-0.149673447013	8.40765101988	18.4210418551	-66.1783447266	59.0883026123	-50.9269485474	0.721593071774	0.0	0.0	0.0	0.0	0.0	0.992891444204	1.0	2
1.0	4420.61523438	1.0	1.0	1064.03942871	1.0	1.0	0.0	3.89187614209	0.146012067795	0.746525526047	0.649137973785	24.651653504	9.6803343953	-71.4111022949	49.5887985229	-20.5821495056	0.99932519788	0.0	0.0	0.0	0.0	0.0	-1.0	0.0	2
1.0	2986.1640625	6.0	2.0	4525.91503906	3.0	1.0	23.5799999237	3.33715440768	0.00725557236001	0.974743783474	0.223208352923	4.68946538002	26.4074662247	-64.5039978027	43.67029953	-46.397102356	0.907603793395	3.0	9.56000041962	14.9060001895	1.0	9.56000041962	0.99420111075	1.0	2
1.0	4742.64208984	1.0	1.0	1491.28515625	2.0	2.0	0.0	3.89187614209	0.146012067795	0.746525526047	0.649137973785	24.651653504	9.6803343953	-71.4111022949	49.5887985229	-20.5821495056	0.99932519788	1.0	11.5600004196	12.3199996948	1.0	11.5600004196	0.30625405314	1.0	2
1.0	7705.80224609	1.0	1.0	3925.39697266	4.0	3.0	58.3599996567	2.3049772436	0.0948071330786	0.91166216135	0.399854570627	2.10287498508	33.5368101317	-63.8989486694	54.4764022827	-43.9084014893	0.931191013047	1.0	11.5600004196	12.3199996948	1.0	11.5600004196	0.999951446979	1.0	2
1.0	7854.27148438	1.0	1.0	4764.53662109	2.0	1.0	58.3599996567	2.3049772436	0.0948071330786	0.91166216135	0.399854570627	2.10287498508	33.5368101317	-63.8989486694	54.4764022827	-43.9084014893	0.931191013047	0.0	0.0	0.0	0.0	0.0	0.999912126494	1.0	2
1.0	9489.48535156	2.0	2.0	4971.77685547	3.0	2.0	85.9799995422	0.0	0.995591640472	-0.093631953001	0.00550808152184	35.4556465023	21.8614455691	-69.8737030029	34.2997970581	-16.9365997314	0.787261283596	6.0	9.56000041962	46.3459997699	4.0	14.8999996185	0.999994699329	1.0	2
1.0	6166.98583984	1.0	1.0	1214.00146484	2.0	1.0	0.0	3.89187614209	0.146012067795	0.746525526047	0.649137973785	24.651653504	9.6803343953	-71.4111022949	49.5887985229	-20.5821495056	0.99932519788	0.0	0.0	0.0	0.0	0.0	0.923894132718	1.0	2
1.0	7098.85791016	3.0	1.0	4396.02246094	2.0	1.0	58.3599996567	2.3049772436	0.0948071330786	0.91166216135	0.399854570627	2.10287498508	33.5368101317	-63.8989486694	54.4764022827	-43.9084014893	0.931191013047	0.0	0.0	0.0	0.0	0.0	0.99703545645	1.0	2
1.0	4435.41503906	1.0	1.0	3579.62646484	3.0	2.0	21.9999997616	0.0	0.105048105121	0.992555141449	0.0616372898221	1.9857742265	23.5840357691	-71.3765563965	35.0245513916	-18.7332000732	0.397202563348	6.0	9.56000041962	49.8811998889	4.0	18.0	0.996833775494	1.0	2
1.0	1316.59204102	2.0	0.0	2625.30639648	3.0	0.0	0.0	10.0	0.0	0.0	0.0	0.0	0.0	0.0	0.0	0.0	2.0	0.0	0.0	0.0	0.0	0.0	0.000818057656424	1.0	2
1.0	4821.01513672	1.0	1.0	1659.36401367	1.0	1.0	30.9599990845	2.20454306991	0.0347117297351	0.793858110905	0.60711145401	1.78383930623	16.093405793	-67.6751480103	62.9225997925	-35.1374015808	0.158795024988	0.0	0.0	0.0	0.0	0.0	-1.0	0.0	2
1.0	8211.41992188	3.0	2.0	1930.86999512	2.0	2.0	35.4399991035	2.20454306991	0.0347117297351	0.793858110905	0.60711145401	1.78383930623	16.093405793	-67.6751480103	62.9225997925	-35.1374015808	0.158795024988	2.0	32.5800018311	34.1400003433	1.0	32.5800018311	0.980117579831	1.0	2
1.0	6676.95361328	1.0	1.0	1659.36401367	1.0	1.0	30.9599990845	2.20454306991	0.0347117297351	0.793858110905	0.60711145401	1.78383930623	16.093405793	-67.6751480103	62.9225997925	-35.1374015808	0.158795024988	0.0	0.0	0.0	0.0	0.0	0.67722753574	1.0	2
1.0	9997.7734375	3.0	2.0	4431.14990234	3.0	2.0	35.4399991035	2.20454306991	0.0347117297351	0.793858110905	0.60711145401	1.78383930623	32.8142676965	-67.6751480103	62.9225997925	-35.1374015808	0.158795024988	3.0	32.5800018311	44.5	1.0	32.5800018311	0.999854983258	1.0	2
1.0	6391.29589844	2.0	1.0	1659.36401367	1.0	1.0	30.9599990845	2.20454306991	0.0347117297351	0.793858110905	0.60711145401	1.78383930623	16.093405793	-67.6751480103	62.9225997925	-35.1374015808	0.158795024988	0.0	0.0	0.0	0.0	0.0	0.956666011869	1.0	2
1.0	9699.86328125	3.0	2.0	1659.36401367	1.0	1.0	35.4399991035	2.20454306991	0.0347117297351	0.793858110905	0.60711145401	1.78383930623	16.093405793	-67.6751480103	62.9225997925	-35.1374015808	0.158795024988	0.0	0.0	0.0	0.0	0.0	0.999719671929	1.0	2
1.0	5961.5390625	1.0	1.0	1659.36401367	1.0	1.0	30.9599990845	2.20454306991	0.0347117297351	0.793858110905	0.60711145401	1.78383930623	16.093405793	-67.6751480103	62.9225997925	-35.1374015808	0.158795024988	0.0	0.0	0.0	0.0	0.0	0.483348209234	1.0	2
1.0	9504.96289062	2.0	1.0	2771.78613281	2.0	1.0	0.0	10.0	0.0	0.0	0.0	0.0	0.0	0.0	0.0	0.0	2.0	3.0	32.5800018311	44.5	1.0	32.5800018311	0.999436284207	1.0	2
1.0	9651.56738281	3.0	2.0	4299.54101562	3.0	2.0	35.4399991035	2.20454306991	0.0347117297351	0.793858110905	0.60711145401	1.78383930623	32.8142676965	-67.6751480103	62.9225997925	-35.1374015808	0.158795024988	2.0	14.8199996948	23.8799991608	1.0	15.1599998474	0.999858756737	1.0	2
1.0	9108.96777344	3.0	2.0	1659.36401367	1.0	1.0	35.4399991035	2.20454306991	0.0347117297351	0.793858110905	0.60711145401	1.78383930623	16.093405793	-67.6751480103	62.9225997925	-35.1374015808	0.158795024988	0.0	0.0	0.0	0.0	0.0	0.999492696171	1.0	2
1.0	3908.37207031	1.0	1.0	1989.22180176	1.0	1.0	37.3399996758	1.73895086185	-0.0321431159973	0.415519177914	0.909016311169	14.0372003767	21.0901385642	-72.8554992676	34.7879486084	-26.0293006897	0.526052717384	0.0	0.0	0.0	0.0	0.0	-1.0	0.0	2
1.0	10807.2919922	4.0	2.0	3704.74047852	4.0	2.0	54.6800003052	0.0	0.0461935810745	0.993750572205	-0.101616881788	27.6660289193	6.8201870415	-72.6329956055	25.3752994537	-16.3784999847	0.107789669214	2.0	12.6999998093	24.6800003052	1.0	12.6999998093	0.997894866366	1.0	2
1.0	4692.875	1.0	1.0	3142.65869141	2.0	1.0	37.3399996758	1.73895086185	-0.0321431159973	0.415519177914	0.909016311169	14.0372003767	21.0901385642	-72.8554992676	34.7879486084	-26.0293006897	0.526052717384	0.0	0.0	0.0	0.0	0.0	0.462884773488	1.0	2
1.0	10253.6132812	3.0	2.0	3998.27587891	6.0	4.0	59.8400001526	0.0	0.0461861081421	0.993751108646	-0.101615056396	11.3913614515	38.7922320439	-72.6957015991	43.245300293	-22.5783004761	0.0340871468161	6.0	6.55999994278	25.4004001617	2.0	33.8199996948	0.977406424383	1.0	2
1.0	5977.57861328	3.0	2.0	1935.23950195	1.0	1.0	37.3399996758	1.73895086185	-0.0321431159973	0.415519177914	0.909016311169	14.0372003767	21.0901385642	-72.8554992676	34.7879486084	-26.0293006897	0.526052717384	1.0	21.9200000763	12.9600000381	0.0	21.9200000763	0.207863952598	1.0	2
1.0	10907.0185547	4.0	2.0	3200.71948242	3.0	1.0	37.3399996758	1.73895086185	-0.0321431159973	0.415519177914	0.909016311169	14.0372003767	31.4826066717	-72.8554992676	34.7879486084	-26.0293006897	0.526052717384	1.0	21.9200000763	12.9600000381	0.0	21.9200000763	0.999353474243	1.0	2
1.0	210.933807373	3.0	3.0	1882.97998047	1.0	1.0	17.1200003624	0.0	0.0461861081421	0.993751108646	-0.101615056396	3.66723680745	15.8976005368	-72.6957015991	43.245300293	-22.5783004761	0.0340871468161	2.0	6.55999994278	19.0999999046	0.0	21.9200000763	0.167165730441	1.0	2
1.0	9938.08789062	4.0	3.0	3670.85986328	5.0	4.0	59.8400001526	0.0	0.0461861081421	0.993751108646	-0.101615056396	11.3913614515	38.7922320439	-72.6957015991	43.245300293	-22.5783004761	0.0340871468161	7.0	6.55999994278	48.2104001641	2.0	33.8199996948	0.994512624324	1.0	2
1.0	9831.13378906	2.0	1.0	3962.890625	4.0	2.0	37.3399996758	1.73895086185	-0.0321431159973	0.415519177914	0.909016311169	14.0372003767	31.4826066717	-72.8554992676	34.7879486084	-26.0293006897	0.526052717384	3.0	30.0599994659	5.25880002975	1.0	33.8199996948	0.987018442936	1.0	2
1.0	10279.5068359	2.0	1.0	3061.76171875	5.0	3.0	46.259999752	1.73895086185	-0.0321431159973	0.415519177914	0.909016311169	14.0372003767	34.0790721252	-72.8554992676	34.7879486084	-26.0293006897	0.526052717384	5.0	30.0599994659	17.5803999901	1.0	33.8199996948	0.998982663571	1.0	2
1.0	4408.12548828	1.0	1.0	1280.54003906	1.0	1.0	4.01999998093	2.95350474989	0.159254103899	0.947805762291	0.27622872591	1.50113213249	19.9832484492	-71.6660995483	45.8910522461	-31.6473999023	0.78722094689	0.0	0.0	0.0	0.0	0.0	-1.0	0.0	2
1.0	7906.35839844	7.0	3.0	3023.33886719	5.0	4.0	26.7000005245	0.0	0.994936227798	0.0	-0.100508131087	3.69357859562	11.678253064	-56.917098999	52.0936012268	-51.62474823	0.870008670625	6.0	24.3799991608	105.747999832	2.0	34.2599983215	0.999433805224	1.0	2
1.0	8195.48144531	4.0	2.0	2271.6550293	4.0	3.0	18.4400005341	2.7532762605	-0.0404853336513	0.0494952984154	0.997953474522	53.8748423744	1.86700587209	-75.2242507935	23.9407997131	-2.07914495468	0.366003110919	2.0	25.1599998474	38.1599998474	0.0	25.8799991608	0.989620437178	1.0	2
1.0	8364.75585938	5.0	2.0	1218.12304688	4.0	2.0	49.42000103	0.0	0.994936227798	0.0	-0.100508131087	3.69357859562	11.678253064	-56.917098999	52.0936012268	-51.62474823	0.870008670625	2.0	24.3799991608	55.5399990082	0.0	25.8799991608	0.994057064878	1.0	2
1.0	7213.96191406	3.0	1.0	3736.04101562	4.0	4.0	54.2000010014	1.80229021182	0.337685376406	0.937169492245	-0.0876467451453	1.50113213249	23.8184930363	-71.8122558594	43.2791976929	-32.9945526123	0.659228977443	4.0	17.1599998474	46.520800516	1.0	29.9799995422	0.988761020134	1.0	2
1.0	8987.15039062	8.0	4.0	4004.421875	3.0	2.0	52.9999990463	0.0	-0.00609926180914	0.998390972614	-0.0563759468496	4.5982304968	17.1340492507	-58.4255981445	51.6612472534	-49.9365501404	0.622579712635	2.0	9.15999984741	37.5599994659	2.0	15.9799995422	0.999649568321	1.0	2
1.0	3087.49487305	4.0	1.0	362.859985352	2.0	1.0	3.33999991417	2.69701687648	0.092357441783	-0.516738176346	0.851147353649	43.616760062	4.64876365737	-74.7349014282	21.8738498688	-2.76606988907	0.798353000174	0.0	0.0	0.0	0.0	0.0	0.335032615978	1.0	2
1.0	5189.40429688	4.0	0.0	3262.5637207	7.0	0.0	0.0	10.0	0.0	0.0	0.0	0.0	0.0	0.0	0.0	0.0	2.0	0.0	0.0	0.0	0.0	0.0	0.000818057656424	1.0	2
1.0	10716.2978516	4.0	2.0	4757.20214844	6.0	5.0	88.3800013065	0.0	0.994936227798	0.0	-0.100508131087	3.69357859562	11.678253064	-56.917098999	52.0936012268	-51.62474823	0.870008670625	8.0	9.15999984741	114.792800188	4.0	34.2599983215	0.999788018374	1.0	2
1.0	11821.8964844	4.0	2.0	3235.21728516	7.0	6.0	69.9400007725	0.0	0.994936227798	0.0	-0.100508131087	3.69357859562	11.678253064	-56.917098999	52.0936012268	-51.62474823	0.870008670625	7.0	9.15999984741	108.979999542	3.0	18.6800003052	0.999996370748	1.0	2
1.0	7838.55664062	4.0	3.0	4135.61621094	3.0	3.0	56.460000515	0.0	0.0429126508534	0.985955119133	-0.161403164268	40.6527868254	2.8049060937	-74.1636962891	16.9220504761	-0.382717490196	0.995665046967	2.0	16.5599994659	31.2399997711	2.0	23.9200000763	0.993138954392	1.0	2
1.0	9274.49121094	4.0	4.0	3704.57299805	4.0	4.0	82.0400009155	0.0	0.0429126136005	0.985954999924	-0.16140383482	43.1295509063	1.7900765998	-73.0982055664	13.5043506622	1.50177502632	0.971381775237	4.0	11.4600000381	38.6600003242	2.0	23.9200000763	0.999924554529	1.0	2
1.0	6494.97119141	4.0	3.0	4269.37304688	4.0	4.0	68.8200011253	0.0	0.0429126508534	0.985955119133	-0.161403164268	41.7274459084	2.8049060937	-74.1636962891	16.9220504761	-0.382717490196	0.995665046967	5.0	16.5599994659	64.3599991798	3.0	32.1599998474	0.996097980655	1.0	2
1.0	9246.91699219	3.0	2.0	3471.51196289	3.0	3.0	70.8800001144	0.0	0.0429126136005	0.985954999924	-0.16140383482	36.6510860423	1.7900765998	-73.0982055664	13.5043506622	1.50177502632	0.971381775237	3.0	23.9200000763	20.5799998045	2.0	23.9200000763	0.999691620302	1.0	2
1.0	9971.96386719	4.0	2.0	4339.07714844	5.0	5.0	63.0200004578	0.0	0.0429126508534	0.985955119133	-0.161403164268	40.6527868254	2.8049060937	-74.1636962891	16.9220504761	-0.382717490196	0.995665046967	5.0	16.5599994659	58.7999991179	3.0	32.1599998474	0.999971506959	1.0	2
1.0	4852.97998047	3.0	1.0	2296.31005859	1.0	1.0	13.9200000763	2.63966857925	0.0156280733645	0.786467194557	0.617434263229	0.0	22.5177086132	-73.434753418	54.837600708	-19.6128997803	0.603333218864	0.0	0.0	0.0	0.0	0.0	0.772466730339	1.0	2
1.0	6831.31933594	3.0	1.0	1111.04101562	3.0	3.0	32.0799999237	0.0	0.0430017188191	0.985960483551	-0.161346852779	23.5622460471	23.3841507491	-73.226852417	28.7500495911	-19.2166004181	0.570325524647	1.0	20.3999996185	21.7399997711	1.0	20.3999996185	0.989147155456	1.0	2
1.0	7232.49658203	4.0	1.0	270.777008057	2.0	2.0	7.76000022888	3.5526891436	0.133722662926	0.979509174824	0.150598719716	10.9445086193	0.0	-73.2272949219	37.4660987854	-30.4047012329	0.961332059436	4.0	23.9200000763	27.4599999189	1.0	23.9200000763	0.993048415177	1.0	2
1.0	4741.83056641	6.0	3.0	2032.69702148	3.0	2.0	43.5200004578	0.0	0.0429126136005	0.985954999924	-0.16140383482	43.1295509063	1.7900765998	-73.0982055664	13.5043506622	1.50177502632	0.971381775237	0.0	0.0	0.0	1.0	18.3400001526	0.96672582882	1.0	2
1.0	3303.62524414	1.0	1.0	1058.11767578	1.0	1.0	8.98360009491	0.0	0.00372824585065	0.980663180351	-0.195667564869	4.24107371639	8.45285259417	-69.0607452393	38.7113494873	-31.1473999023	0.933703703263	0.0	0.0	0.0	1.0	9.22000026703	-1.0	0.0	2
1.0	5649.60253906	4.0	2.0	558.676208496	4.0	3.0	12.7000000477	0.0	-0.999825954437	0.0	-0.0186548046768	18.578788168	1.84595205892	-67.4551010132	43.4730987549	-29.7381515503	0.233528437187	5.0	10.9200000763	57.9599995613	1.0	11.1199998856	0.977248820544	1.0	2
1.0	8016.27050781	3.0	3.0	1464.41503906	3.0	2.0	35.5600004196	0.0	-0.999826014042	0.0	-0.0186530519277	3.16998241113	2.94582328852	-64.9543991089	46.6399002075	-46.6308517456	0.103928494295	10.0	10.8000001907	98.4204005003	0.0	40.7000007629	0.710253804077	1.0	2
1.0	12742.7109375	4.0	4.0	2359.38793945	5.0	5.0	79.7036001235	0.0	0.00382817536592	0.980662465096	-0.195669338107	29.1655283317	1.14256834179	-70.1427993774	28.5963497162	-31.4784011841	0.621592900755	18.0	5.21999979019	186.319999337	3.0	11.1199998856	0.989889171048	1.0	2
1.0	3303.62524414	1.0	1.0	988.54699707	1.0	1.0	8.90000009537	1.22127803844	-0.0119340997189	0.780570983887	0.624953210354	0.0	5.92811450883	-67.9902038574	42.8909988403	-30.2143516541	0.0512294001748	0.0	0.0	0.0	0.0	0.0	0.113763078512	1.0	2
1.0	5123.24267578	2.0	2.0	2260.49536133	3.0	3.0	38.4635996372	0.0	0.999824225903	0.0	0.0187475364655	36.5631343678	0.0	-70.9017028809	24.9615001678	-20.2838001251	0.0614734365675	11.0	5.21999979019	89.6091995239	1.0	9.22000026703	0.156896283452	1.0	2
1.0	13208.8691406	3.0	3.0	1559.28027344	5.0	5.0	67.6600000858	0.0	0.999825656414	0.0	0.0186732020229	49.5125235446	8.41572924642	-72.2965011597	20.6305007935	-4.30288982391	0.215087341438	21.0	10.1199998856	204.540398955	1.0	10.1199998856	0.974750108897	1.0	2
1.0	4292.17236328	2.0	2.0	69.5707015991	1.0	1.0	3.1235999614	0.0	0.00372824585065	0.980663180351	-0.195667564869	20.0709619001	0.0	-69.0607452393	38.7113494873	-31.1473999023	0.933703703263	1.0	11.1199998856	10.9200000763	2.0	11.1199998856	0.0701969533369	1.0	2
1.0	5528.82470703	1.0	1.0	1190.75488281	1.0	1.0	10.720000267	3.48387710367	0.0568405278027	0.853972911835	-0.517203509808	25.3090538977	10.5050238393	-70.3588485718	54.1751022339	-31.0692501068	0.822034246894	0.0	0.0	0.0	0.0	0.0	-1.0	0.0	2
1.0	11408.5166016	3.0	2.0	3524.4909668	4.0	2.0	53.2000000477	0.0	-0.993498265743	0.0	-0.11384742707	0.0	28.8762707529	-66.2882537842	57.5117988586	-42.6803512573	2.0	8.0	9.56000041962	64.1039999723	3.0	17.6800003052	0.999999589255	1.0	2
1.0	8193.83203125	1.0	1.0	4000.66870117	3.0	3.0	71.0799992085	0.0	-0.0265279840678	-0.970082521439	0.241321802139	26.42954745	30.1087466666	-72.4010009766	37.926700592	-32.8286514282	0.147131344559	4.0	13.9200000763	43.4768002033	1.0	13.9200000763	0.999389897501	1.0	2
1.0	6413.36035156	3.0	1.0	2439.48388672	3.0	1.0	0.0	10.0	0.0	0.0	0.0	0.0	0.0	0.0	0.0	0.0	2.0	2.0	16.3600006104	9.502399683	1.0	16.3600006104	0.984690526389	1.0	2
1.0	4899.05957031	1.0	1.0	1820.52001953	2.0	2.0	31.0399999619	0.0	-0.993508338928	0.0	-0.113759316504	9.81702698914	3.0777992775	-72.0008544922	39.8098983765	-31.3843994141	0.60763882606	4.0	13.9200000763	43.4768002033	1.0	13.9200000763	0.420452680591	1.0	2
1.0	8864.82226562	2.0	1.0	1507.68896484	1.0	1.0	10.720000267	3.48387710367	0.0568405278027	0.853972911835	-0.517203509808	25.3090538977	10.5050238393	-70.3588485718	54.1751022339	-31.0692501068	0.822034246894	0.0	0.0	0.0	0.0	0.0	0.99081664899	1.0	2
1.0	4779.14111328	2.0	1.0	546.537780762	2.0	1.0	0.0	10.0	0.0	0.0	0.0	0.0	0.0	0.0	0.0	0.0	2.0	3.0	16.3600006104	21.502399683	1.0	16.3600006104	0.131077665051	1.0	2
1.0	6012.04052734	6.0	4.0	4048.86352539	5.0	3.0	16.6800003052	0.0	-0.993498265743	0.0	-0.11384742707	0.0	28.8762707529	-66.2882537842	57.5117988586	-42.6803512573	2.0	6.0	9.56000041962	53.5647996664	1.0	17.6800003052	0.990936338871	1.0	2
1.0	5793.37988281	1.0	1.0	1190.75488281	1.0	1.0	10.720000267	3.48387710367	0.0568405278027	0.853972911835	-0.517203509808	25.3090538977	10.5050238393	-70.3588485718	54.1751022339	-31.0692501068	0.822034246894	0.0	0.0	0.0	0.0	0.0	0.353239688808	1.0	2
1.0	9349.08984375	3.0	1.0	2020.79760742	3.0	3.0	22.3600006104	3.01582153945	-0.227570742369	0.202931150794	0.952381491661	25.3771970612	14.359086676	-72.8426055908	49.9154510498	-23.7258491516	0.183662492717	2.0	11.279999733	20.4799995422	1.0	11.279999733	0.997150252768	1.0	2
1.0	4470.37939453	1.0	1.0	1004.02398682	1.0	1.0	15.3399996758	2.74472771606	0.0273841507733	0.941910982132	0.334744393826	12.6604496462	0.0	-75.564453125	37.9302520752	-25.8729000092	0.304925049423	0.0	0.0	0.0	0.0	0.0	-1.0	0.0	2
1.0	8820.15722656	2.0	1.0	3098.84912109	5.0	3.0	61.4631993771	0.0	0.0849857479334	0.953450918198	-0.28932467103	43.5732066694	18.3154048778	-73.8984985352	30.1697998047	-17.0365486145	0.00350559456598	7.0	9.64000034332	68.1400001049	3.0	13.2399997711	0.998876491611	1.0	2
1.0	7332.31542969	2.0	1.0	3249.79492188	5.0	3.0	47.0	1.50885384924	-0.357408702374	0.912477493286	-0.19910775125	5.37043824051	40.7269613109	-72.7622528076	36.3250007629	-34.3408508301	0.645166451043	0.0	0.0	0.0	0.0	0.0	0.984202315285	1.0	2
1.0	11648.1005859	3.0	3.0	2949.82226562	6.0	4.0	90.6399989128	0.0	0.0849857479334	0.953450918198	-0.28932467103	40.3582422107	31.8673462064	-66.7207946777	58.9585990906	-29.6575508118	0.893610613393	2.0	15.1999998093	13.5199995041	2.0	10.8800001144	0.999997878728	1.0	2
1.0	4633.59814453	2.0	2.0	840.804992676	2.0	2.0	27.919999361	0.0	0.0849857479334	0.953450918198	-0.28932467103	1.02134324832	20.6627984365	-66.7207946777	58.9585990906	-29.6575508118	0.893610613393	1.0	11.9200000763	13.8800001144	2.0	11.9200000763	0.45525430668	1.0	2
1.0	8597.21191406	3.0	1.0	2281.32421875	5.0	3.0	36.3199996948	1.75680960974	-0.1745416224	0.284733563662	0.942582607269	50.0217395208	12.5245799608	-76.0335540771	25.6627998352	-9.22850990295	0.648222975769	2.0	15.1999998093	13.5199995041	0.0	17.1599998474	0.987551381782	1.0	2
1.0	2075.0769043	5.0	0.0	102.317001343	1.0	0.0	0.0	10.0	0.0	0.0	0.0	0.0	0.0	0.0	0.0	0.0	2.0	0.0	0.0	0.0	0.0	0.0	0.000818057656424	1.0	2
1.0	10197.1787109	2.0	1.0	2000.20703125	5.0	3.0	57.07999897	1.75680960974	-0.1745416224	0.284733563662	0.942582607269	51.3224725251	12.5245799608	-76.0335540771	25.6627998352	-9.22850990295	0.648222975769	0.0	0.0	0.0	0.0	0.0	0.999751250766	1.0	2
1.0	5162.69189453	1.0	1.0	1069.7199707	2.0	2.0	36.3199996948	1.75680960974	-0.1745416224	0.284733563662	0.942582607269	30.9914534124	12.5245799608	-76.0335540771	25.6627998352	-9.22850990295	0.648222975769	0.0	0.0	0.0	0.0	0.0	0.345136955557	1.0	2
1.0	6442.31738281	2.0	2.0	1624.18017578	5.0	3.0	69.4199995995	0.0	0.982109189034	-0.129118740559	-0.137076124549	32.415928565	22.1734479238	-74.3487548828	30.7215995789	-17.115398407	0.673750325417	4.0	10.2399997711	42.7399995327	2.0	14.720000267	0.989501801093	1.0	2
1.0	3772.95092773	1.0	0.0	1045.85205078	1.0	0.0	0.0	10.0	0.0	0.0	0.0	0.0	0.0	0.0	0.0	0.0	2.0	0.0	0.0	0.0	0.0	0.0	0.000818057656424	0.0	2
1.0	4202.20703125	4.0	2.0	2212.44384766	5.0	3.0	16.9200000167	0.954496741084	0.0412678718567	0.994553208351	-0.0957124903798	26.3395824259	9.02268346748	-70.9554977417	19.7390499115	-16.6513004303	0.825503429899	1.0	22.2399997711	8.53999996185	0.0	22.2399997711	0.990150258604	1.0	2
1.0	3625.12915039	2.0	2.0	1193.67382812	3.0	3.0	11.7539997101	0.0	0.0412678718567	0.994553208351	-0.0957124903798	27.9640718979	9.02268346748	-70.9554977417	19.7390499115	-16.6513004303	0.334819204282	3.0	18.7000007629	46.92000103	2.0	24.0400009155	0.58730039485	1.0	2
1.0	7965.16943359	3.0	3.0	2599.43261719	5.0	4.0	56.6940001845	0.0	0.0412678718567	0.994553208351	-0.0957124903798	27.9640718979	9.02268346748	-70.9554977417	19.7390499115	-16.6513004303	0.334819204282	9.0	8.15999984741	115.100000858	4.0	33.2200012207	0.998958317157	1.0	2
1.0	6773.54248047	2.0	2.0	1491.20605469	3.0	2.0	35.2599983215	2.47287077975	0.86886382103	0.235171824694	-0.435625880957	1.36267874849	2.04049010647	-51.7187004089	50.0732498169	-57.7126502991	0.971085924289	2.0	24.0400009155	27.5399999619	1.0	33.2200012207	0.950692107889	1.0	2
1.0	6952.47167969	2.0	1.0	623.590820312	3.0	1.0	0.0	10.0	0.0	0.0	0.0	0.0	0.0	0.0	0.0	0.0	2.0	2.0	22.2399997711	18.6000003815	1.0	24.0400009155	0.986354050069	1.0	2
1.0	3334.41064453	7.0	4.0	2255.00195312	4.0	4.0	92.4399983287	0.0	0.998190581799	-0.0287154391408	0.0528300516307	36.9955360785	27.8692892079	-67.1555023193	46.1679496765	-21.8495483398	0.309437001863	6.0	13.8400001526	76.4999995232	1.0	18.3999996185	0.936699674241	1.0	2
1.0	8077.28027344	3.0	3.0	2487.09887695	5.0	5.0	64.6339997649	0.0	0.0412678718567	0.994553208351	-0.0957124903798	46.9083277304	9.02268346748	-70.9554977417	19.7390499115	-16.6513004303	0.334819204282	9.0	13.8400001526	126.580000401	4.0	33.2200012207	0.982696966091	1.0	2
1.0	9411.79589844	2.0	2.0	2090.23291016	2.0	2.0	78.8999984264	2.10544055361	-0.509841561317	-0.778714179993	0.365603357553	20.2728443769	17.5959636654	-63.2446517944	57.4694976807	-38.8001480103	0.758147974854	0.0	0.0	0.0	0.0	0.0	0.997688701505	1.0	2
1.0	7557.38134766	3.0	3.0	2251.52392578	4.0	4.0	99.7739979625	0.0	0.0412678718567	0.994553208351	-0.0957124903798	52.8988221176	9.02268346748	-70.9554977417	19.7390499115	-16.6513004303	0.334819204282	8.0	13.8400001526	107.600000858	3.0	33.2200012207	0.995472210701	1.0	2
1.0	5481.59667969	1.0	1.0	1736.31896973	1.0	1.0	6.82000017166	3.23807038103	0.164432510734	0.844070672989	-0.510398507118	38.268331466	6.3913243702	-73.5087432861	47.3836975098	-17.0652999878	0.571778484432	0.0	0.0	0.0	0.0	0.0	-1.0	0.0	2
1.0	7147.88037109	8.0	3.0	3666.80004883	4.0	2.0	37.9800000191	0.0	-0.0124326832592	0.25115185976	0.967867851257	33.0336763325	14.204191955	-70.8218536377	26.2887992859	-27.9699497223	0.935743074349	2.0	3.3599998951	10.6000003815	1.0	3.3599998951	0.999788018264	1.0	2
1.0	956.053833008	3.0	0.0	1161.5	3.0	0.0	0.0	10.0	0.0	0.0	0.0	0.0	0.0	0.0	0.0	0.0	2.0	0.0	0.0	0.0	0.0	0.0	0.000818057656424	1.0	2
1.0	8477.82226562	10.0	5.0	3232.56005859	4.0	3.0	58.92000103	0.0	0.0289117712528	-0.963102042675	0.267578989267	44.107808323	9.4812989362	-70.0199508667	30.9903488159	-19.7718009949	0.872526877968	7.0	3.3599998951	55.4739990234	1.0	3.3599998951	0.999792806844	1.0	2
1.0	5122.31103516	1.0	0.0	453.390991211	1.0	0.0	0.0	10.0	0.0	0.0	0.0	0.0	0.0	0.0	0.0	0.0	2.0	0.0	0.0	0.0	0.0	0.0	0.000818057656424	1.0	2
1.0	9784.2890625	4.0	2.0	3956.97900391	7.0	5.0	102.960002422	0.0	-0.0289020165801	0.963135480881	-0.267459720373	38.4954727328	0.987280056003	-69.9805450439	29.4445991516	-17.8823509216	0.157974960625	9.0	3.3599998951	78.6399997473	4.0	16.1200008392	0.999921545428	1.0	2
1.0	9290.14648438	3.0	1.0	3029.02783203	3.0	3.0	42.0600018501	2.87555208296	0.208252564073	0.939482867718	0.272034555674	4.66002736182	30.7110084701	-68.5605010986	51.565700531	-46.631401062	0.864829287115	2.0	16.9799995422	8.64879953861	1.0	16.9799995422	0.994190947559	1.0	2
1.0	11442.6972656	4.0	2.0	2154.40405273	3.0	2.0	50.7000012398	2.39189253969	0.14149209857	0.958770573139	0.24645267427	19.5690914394	24.9535138835	-66.4523468018	61.8892478943	-38.5146026611	0.93442335675	5.0	12.6199998856	28.8887997866	1.0	16.9799995422	0.999989497478	1.0	2
1.0	7078.78808594	1.0	1.0	1736.31896973	1.0	1.0	6.82000017166	3.23807038103	0.164432510734	0.844070672989	-0.510398507118	38.268331466	6.3913243702	-73.5087432861	47.3836975098	-17.0652999878	0.571778484432	0.0	0.0	0.0	0.0	0.0	0.831813605987	1.0	2
1.0	6927.68652344	9.0	1.0	1641.57397461	4.0	1.0	8.69999980927	0.0	-0.0124326832592	0.25115185976	0.967867851257	33.0336763325	8.71098604066	-70.8218536377	26.2887992859	-27.9699497223	0.935743074349	1.0	3.3599998951	2.38000011444	1.0	3.3599998951	0.986212404425	1.0	2
1.0	3677.83959961	1.0	1.0	1594.97094727	1.0	1.0	36.9399986267	3.33016518398	-0.203158155084	0.63986068964	0.741151213646	19.5447248143	3.69020275051	-75.6352996826	29.7958984375	-12.0024499893	0.87338146372	0.0	0.0	0.0	0.0	0.0	-1.0	0.0	2
1.0	8855.63476562	1.0	1.0	4780.09912109	7.0	4.0	97.139998436	0.0	0.997134149075	0.0	-0.0756535679102	26.9863079863	39.763231902	-73.8098449707	32.7496986389	-27.1945991516	0.150829427589	1.0	8.31999969482	8.85999965668	1.0	8.31999969482	0.998489609776	1.0	2
1.0	3815.97705078	1.0	1.0	1594.97094727	1.0	1.0	36.9399986267	3.33016518398	-0.203158155084	0.63986068964	0.741151213646	19.5447248143	3.69020275051	-75.6352996826	29.7958984375	-12.0024499893	0.87338146372	0.0	0.0	0.0	0.0	0.0	0.00365974878492	1.0	2
1.0	7134.0390625	1.0	1.0	4825.09033203	8.0	5.0	101.436798334	0.0	0.997134149075	0.0	-0.0756535679102	26.9863079863	39.763231902	-73.8098449707	32.7496986389	-27.1945991516	0.150829427589	4.0	5.90000009537	22.2999996543	4.0	8.31999969482	0.991953281659	1.0	2
1.0	5728.83154297	3.0	1.0	3160.71484375	3.0	2.0	17.6800003052	1.4397083403	0.429626911879	0.874694943428	-0.224342241883	0.0	11.5096402543	-51.4694519043	53.0055999756	-52.5372009277	0.213587993447	0.0	0.0	0.0	0.0	0.0	0.646085939363	1.0	2
1.0	9338.640625	2.0	2.0	4297.09277344	5.0	4.0	105.199999213	1.4397083403	0.429626911879	0.874694943428	-0.224342241883	0.0	11.5096402543	-51.4694519043	53.0055999756	-52.5372009277	0.213587993447	0.0	0.0	0.0	0.0	0.0	0.999348805659	1.0	2
1.0	9483.95605469	4.0	3.0	4151.77832031	3.0	2.0	75.57999897	1.4397083403	0.429626911879	0.874694943428	-0.224342241883	0.0	11.5096402543	-51.4694519043	53.0055999756	-52.5372009277	0.213587993447	0.0	0.0	0.0	0.0	0.0	0.998554457971	1.0	2
1.0	8151.60009766	2.0	2.0	3432.85571289	6.0	4.0	42.4367997646	0.0	0.997134804726	0.0	-0.0756454095244	50.8725559333	36.6528212852	-74.1090011597	23.252199173	-17.0863990784	0.0384743345227	3.0	5.90000009537	13.4399999976	3.0	6.82000017166	0.990484938403	1.0	2
1.0	5210.27050781	4.0	3.0	2663.01831055	5.0	3.0	44.1999998093	2.55937683702	-0.261706143618	0.914665341377	0.308053910732	27.8209510148	36.7301191634	-69.1344451904	32.785949707	-48.3659515381	0.94596256771	0.0	0.0	0.0	0.0	0.0	0.991153553999	1.0	2
1.0	8415.17675781	4.0	4.0	4238.02001953	5.0	4.0	107.876798511	0.0	0.997134804726	0.0	-0.0756454095244	50.8725559333	36.6528212852	-74.1090011597	23.252199173	-17.0863990784	0.0384743345227	4.0	5.90000009537	22.2999996543	4.0	8.31999969482	0.976751162385	1.0	2
1.0	4211.60302734	1.0	1.0	1443.08996582	1.0	1.0	35.7799987793	2.90965809495	0.12129470706	0.985199451447	-0.121118076146	4.88955537636	19.2665012463	-72.6594543457	40.6262969971	-36.3348007202	0.190872499421	0.0	0.0	0.0	0.0	0.0	-1.0	0.0	2
1.0	9754.20117188	3.0	3.0	1423.69055176	4.0	3.0	65.560000658	0.0	-0.994893431664	0.0	0.100930772722	5.20529673876	25.7233881853	-62.0437011719	58.0974998474	-42.4776992798	0.142419674706	2.0	9.15999984741	27.7600002289	1.0	19.2800006866	0.998857587913	1.0	2
1.0	868.930053711	1.0	0.0	158.722000122	1.0	0.0	0.0	10.0	0.0	0.0	0.0	0.0	0.0	0.0	0.0	0.0	2.0	0.0	0.0	0.0	0.0	0.0	0.000818057656424	1.0	2
1.0	5813.66796875	4.0	1.0	1098.49560547	4.0	2.0	7.53999996185	0.0	0.994893431664	0.0	-0.100930772722	4.3580626514	36.5042512707	-61.1903991699	65.2388000488	-32.3731994629	0.123471663698	1.0	7.17999982834	7.11999988556	1.0	7.17999982834	0.983484001451	1.0	2
1.0	4042.97680664	4.0	0.0	2748.3840332	3.0	0.0	0.0	10.0	0.0	0.0	0.0	0.0	0.0	0.0	0.0	0.0	2.0	0.0	0.0	0.0	0.0	0.0	0.000818057656424	1.0	2
1.0	4375.796875	3.0	0.0	2907.10595703	4.0	0.0	0.0	10.0	0.0	0.0	0.0	0.0	0.0	0.0	0.0	0.0	2.0	0.0	0.0	0.0	0.0	0.0	0.000818057656424	1.0	2
1.0	4893.01269531	2.0	2.0	604.107971191	2.0	2.0	30.9800004959	0.0	0.994902431965	0.0	-0.100842297077	2.21932330847	9.93055826407	-57.8397979736	44.1943016052	-58.6221504211	0.629599205113	1.0	19.2800006866	21.4200000763	2.0	19.2800006866	0.450363203358	1.0	2
1.0	7480.82226562	3.0	2.0	308.637573242	3.0	3.0	31.0400009155	0.0	0.994893431664	0.0	-0.100930772722	16.63969737	5.20529673876	-62.0437011719	58.0974998474	-42.4776992798	0.142419674706	3.0	9.15999984741	44.0599994659	2.0	19.2800006866	0.990719739181	1.0	2
1.0	8318.7578125	2.0	2.0	1316.80566406	3.0	2.0	33.2400000095	2.11794715006	0.297700494528	0.753701806068	0.58592492342	39.9453454541	5.29492647465	-69.3282012939	61.1797485352	-23.2572498322	0.600276205674	1.0	18.7800006866	16.2999992371	1.0	18.7800006866	0.993369216883	1.0	2
1.0	5251.54052734	1.0	1.0	1245.98791504	1.0	1.0	23.4199995995	2.47334595714	-0.36762341857	0.866707026958	0.3371527493	13.8220368303	25.1895072621	-70.4082489014	46.762298584	-40.7912483215	0.0560503418596	0.0	0.0	0.0	0.0	0.0	-1.0	0.0	2
1.0	7408.29199219	2.0	1.0	2196.16479492	5.0	3.0	28.5200004578	0.0	0.998338937759	0.0336567647755	-0.0467612892389	23.6461466497	29.9021188322	-72.5433044434	41.5012512207	-32.977897644	0.658244249461	6.0	7.82000017166	81.0200004578	3.0	31.2999992371	0.98712005241	1.0	2
1.0	4785.05664062	3.0	0.0	2001.43212891	6.0	0.0	0.0	10.0	0.0	0.0	0.0	0.0	0.0	0.0	0.0	0.0	2.0	0.0	0.0	0.0	0.0	0.0	0.000818057656424	1.0	2
1.0	4882.34375	5.0	2.0	2133.44189453	4.0	2.0	41.3800001144	2.47334595714	0.36762341857	-0.866707026958	-0.3371527493	14.8359950561	35.7481183776	-70.4082489014	46.762298584	-40.7912483215	0.0560503418596	0.0	0.0	0.0	0.0	0.0	0.999584069483	1.0	2
1.0	5833.56298828	3.0	1.0	1914.35998535	3.0	1.0	12.0399999619	2.47334595714	-0.36762341857	0.866707026958	0.3371527493	13.8220368303	33.2320797728	-70.4082489014	46.762298584	-40.7912483215	0.0560503418596	0.0	0.0	0.0	0.0	0.0	0.981063391754	1.0	2
1.0	10394.0527344	2.0	2.0	1995.79992676	3.0	2.0	49.1600003242	0.0	-0.0472530014813	0.972107291222	-0.229727074504	3.41082549069	31.5356455761	-67.6803436279	61.4756011963	-37.9260025024	0.16272328788	1.0	6.09999990463	6.40000009537	0.0	6.09999990463	0.999717942675	1.0	2
1.0	459.364013672	3.0	1.0	2185.43896484	2.0	2.0	39.4399995804	0.0	-0.0472530014813	0.972107291222	-0.229727074504	3.41082549069	21.8232659107	-67.6803436279	61.4756011963	-37.9260025024	0.16272328788	1.0	6.09999990463	6.40000009537	0.0	6.09999990463	0.972818161483	1.0	2
1.0	5309.43945312	1.0	1.0	1245.98791504	1.0	1.0	23.4199995995	2.47334595714	-0.36762341857	0.866707026958	0.3371527493	13.8220368303	25.1895072621	-70.4082489014	46.762298584	-40.7912483215	0.0560503418596	0.0	0.0	0.0	0.0	0.0	0.169727928957	1.0	2
1.0	10873.7490234	2.0	2.0	2167.63500977	5.0	3.0	49.1600003242	0.0	-0.0472530014813	0.972107291222	-0.229727074504	3.41082549069	31.5356455761	-67.6803436279	61.4756011963	-37.9260025024	0.16272328788	3.0	6.09999990463	22.4199995995	1.0	22.6399993896	0.999996532876	1.0	2
1.0	649.655761719	4.0	1.0	878.510009766	1.0	1.0	13.3199996948	2.28645577282	0.169898435473	0.430198341608	-0.886602461338	5.83736131471	0.0	-73.15599823	30.8036994934	-18.354598999	0.376164084018	0.0	0.0	0.0	0.0	0.0	-1.0	0.0	2
1.0	265.791595459	3.0	0.0	878.510009766	1.0	0.0	0.0	10.0	0.0	0.0	0.0	0.0	0.0	0.0	0.0	0.0	2.0	0.0	0.0	0.0	0.0	0.0	0.000818057656424	1.0	2
1.0	1529.79125977	5.0	2.0	2079.14160156	4.0	2.0	32.5399997234	0.0	-0.993542850018	-0.113424226642	-0.00275293295272	1.59849446212	17.1695373536	-71.7198944092	48.2099494934	-26.2906494141	0.898049737438	0.0	0.0	0.0	1.0	21.7600002289	0.132726477071	1.0	2
1.0	8771.91699219	2.0	2.0	2079.14160156	4.0	3.0	61.1600005627	0.0	-0.993542850018	-0.113424226642	-0.00275293295272	1.59849446212	17.1695373536	-71.7198944092	48.2099494934	-26.2906494141	0.898049737438	0.0	0.0	0.0	1.0	21.7600002289	0.619868502721	1.0	2
1.0	3817.6550293	5.0	3.0	1262.37426758	3.0	2.0	26.8400001526	3.06196667445	0.309618711472	-0.579869508743	-0.753583133221	39.3320612654	14.4066091383	-75.5865478516	37.0183486938	-8.94580459595	0.625997476343	1.0	20.1599998474	6.48000001907	0.0	20.1599998474	0.0238374843979	1.0	2
1.0	4398.17626953	1.0	1.0	2519.73852539	1.0	1.0	25.2599992752	2.09013635601	-0.127042010427	0.81139755249	0.570521116257	20.0961089276	17.7223210137	-71.9927978516	35.2992515564	-23.2010993958	0.73262440979	0.0	0.0	0.0	0.0	0.0	-1.0	0.0	2
1.0	10129.2998047	4.0	1.0	810.413696289	6.0	3.0	44.1799988747	2.09013635601	-0.127042010427	0.81139755249	0.570521116257	30.8897392231	19.9295413871	-71.9927978516	35.2992515564	-23.2010993958	0.73262440979	2.0	12.6999998093	18.8200006485	1.0	12.6999998093	0.982703257401	1.0	2
1.0	6080.81152344	4.0	2.0	3147.06640625	2.0	2.0	20.0619195402	0.0	0.0587510168552	0.984726965427	-0.163893595338	4.02372087728	9.62128268515	-68.9004974365	53.0461006165	-21.8812503815	0.282834783174	2.0	16.8199996948	30.6800012589	0.0	19.0200004578	0.894771695668	1.0	2
1.0	10620.1826172	5.0	3.0	2970.75830078	4.0	3.0	64.07999897	0.0	0.0588395409286	0.984721958637	-0.163892135024	4.41478863305	20.8825306314	-65.09324646	59.9831008911	-42.8957519531	0.45710523086	4.0	5.92000007629	46.5800004005	2.0	6.44000005722	0.996897029819	1.0	2
1.0	294.721618652	1.0	1.0	651.473022461	2.0	2.0	23.7799992561	2.09013635601	0.127042010427	-0.81139755249	-0.570521116257	0.0	2.31038312477	-71.9927978516	35.2992515564	-23.2010993958	0.73262440979	1.0	6.73999977112	4.65999984741	0.0	6.73999977112	0.520483077694	1.0	2
1.0	9278.90527344	5.0	3.0	4018.29833984	4.0	3.0	44.3200001717	0.0	0.0588469207287	0.984721183777	-0.163893863559	39.9367804923	27.2037571921	-71.3154525757	48.1342010498	-20.8303489685	0.869356634008	3.0	3.6400001049	23.8199996948	1.0	5.92000007629	0.97401665183	1.0	2
1.0	6300.01904297	3.0	1.0	3034.33300781	3.0	2.0	45.6599988937	2.09013635601	-0.127042010427	0.81139755249	0.570521116257	20.0961089276	21.9148316033	-71.9927978516	35.2992515564	-23.2010993958	0.73262440979	0.0	0.0	0.0	0.0	0.0	0.595113466359	1.0	2
1.0	10867.4882812	4.0	2.0	3034.33300781	3.0	2.0	74.6199979782	0.0	0.0588395409286	0.984721958637	-0.163892135024	4.41478863305	20.8825306314	-65.09324646	59.9831008911	-42.8957519531	0.45710523086	1.0	6.44000005722	5.71999979019	1.0	6.44000005722	0.975441726032	1.0	2
1.0	2773.04223633	5.0	3.0	4064.99951172	4.0	2.0	54.4399991035	1.01394279255	0.058747317642	0.984727203846	-0.16389362514	1.06408418905	26.1005174598	-58.5551986694	36.6814002991	-56.3793487549	0.139056177113	2.0	3.6400001049	8.18000030518	1.0	12.6999998093	0.374966114589	1.0	2
1.0	9164.7265625	5.0	3.0	2368.02001953	3.0	3.0	49.359998703	0.0	0.0588395409286	0.984721958637	-0.163892135024	4.41478863305	20.8825306314	-65.09324646	59.9831008911	-42.8957519531	0.45710523086	3.0	6.44000005722	24.5400004387	2.0	12.6999998093	0.974881210543	1.0	2
1.0	4587.54589844	1.0	1.0	1718.18395996	1.0	1.0	23.7399997711	3.38467137667	0.164629787207	0.982287406921	-0.0894900783896	0.0	20.886053347	-67.4400024414	57.9189529419	-30.4715003967	0.39660510424	0.0	0.0	0.0	0.0	0.0	-1.0	0.0	3
1.0	8502.06347656	3.0	1.0	2436.17626953	6.0	4.0	45.0399999619	2.79889976479	-0.182490184903	0.828088521957	0.530062973499	29.1783513521	9.13658662626	-74.9011993408	17.6275501251	-5.65888977051	0.329016101698	4.0	23.7399997711	56.9648015276	1.0	29.2600002289	0.994626860363	1.0	3
1.0	4375.56933594	1.0	1.0	1838.94226074	3.0	3.0	40.8400001526	2.79889976479	-0.182490184903	0.828088521957	0.530062973499	28.4804851769	9.13658662626	-74.9011993408	17.6275501251	-5.65888977051	0.329016101698	4.0	26.0599994659	18.2229197903	2.0	31.5	0.313008307473	1.0	3
1.0	6141.22949219	6.0	4.0	3372.15087891	6.0	2.0	39.6199994087	0.0	-0.031412679702	0.976040899754	-0.215307593346	36.4122343907	35.179491393	-72.0972442627	27.3275489807	-25.9636993408	0.829854456401	8.0	5.48000001907	65.0288010687	3.0	42.2799987793	0.999943274749	1.0	3
1.0	6618.91357422	3.0	3.0	2294.68603516	4.0	3.0	94.4600000381	0.0	0.0314126238227	-0.976041018963	0.215307235718	4.78488044068	35.5858877764	-69.3284454346	47.0771484375	-30.2383003235	0.972042731322	10.0	12.5600004196	89.7217217667	8.0	42.2799987793	0.997074223934	1.0	3
1.0	8119.87548828	2.0	1.0	744.072387695	5.0	3.0	4.19999980927	4.43434331666	0.419882446527	-0.0524681359529	-0.906060576439	3.15087811021	32.4888249476	-65.2931518555	50.1106491089	-41.3316993713	0.554512131271	6.0	15.3400001526	52.3336008415	2.0	33.0200004578	0.999559620758	1.0	3
1.0	5619.89794922	3.0	2.0	1766.54382324	2.0	2.0	54.9800004959	2.79889976479	-0.182490184903	0.828088521957	0.530062973499	28.4804851769	9.13658662626	-74.9011993408	17.6275501251	-5.65888977051	0.329016101698	0.0	0.0	0.0	0.0	0.0	0.833296775345	1.0	3
1.0	9083.00488281	3.0	1.0	2237.02807617	6.0	4.0	36.0200004578	0.0	-0.0314126238227	0.976041018963	-0.215307235718	0.0	34.8111640732	-69.3284454346	47.0771484375	-30.2383003235	0.972042731322	10.0	13.3800001144	82.9088011831	3.0	33.0200004578	0.999922708063	1.0	3
1.0	2800.19580078	2.0	1.0	1718.18395996	1.0	1.0	23.7399997711	3.38467137667	0.164629787207	0.982287406921	-0.0894900783896	0.0	20.886053347	-67.4400024414	57.9189529419	-30.4715003967	0.39660510424	0.0	0.0	0.0	0.0	0.0	0.105948386439	1.0	3
1.0	8206.62207031	2.0	1.0	2204.31298828	6.0	5.0	73.0999994278	2.79889976479	-0.182490184903	0.828088521957	0.530062973499	32.8828784203	9.13658662626	-74.9011993408	17.6275501251	-5.65888977051	0.329016101698	5.0	23.7399997711	52.7448012605	2.0	29.2600002289	0.983910347556	1.0	3
1.0	3844.34594727	1.0	1.0	1312.76000977	1.0	1.0	19.8400001526	2.88025864367	0.147531330585	0.773409426212	-0.616500079632	0.0	17.4417543633	-73.182144165	47.9494514465	-31.9441986084	0.00848404040201	0.0	0.0	0.0	0.0	0.0	-1.0	0.0	3
1.0	7454.625	6.0	1.0	3569.50708008	6.0	2.0	19.8400001526	2.88025864367	0.147531330585	0.773409426212	-0.616500079632	0.0	38.4774570372	-73.182144165	47.9494514465	-31.9441986084	0.00848404040201	4.0	30.3199996948	46.5999994278	1.0	30.7000007629	0.978064286819	1.0	3
1.0	2089.82299805	2.0	1.0	441.077209473	3.0	2.0	37.3600006104	0.0	0.00326311658137	0.994234204292	-0.107180528343	12.5591466057	17.3035632387	-69.5314025879	58.0231018066	-29.2038002014	0.645704750591	1.0	4.23999977112	3.55999994278	1.0	4.23999977112	0.842077292946	1.0	3
1.0	8426.8359375	5.0	1.0	1530.38598633	7.0	2.0	16.8999996185	0.0	0.00327086821198	0.994223177433	-0.107282526791	28.229989916	48.5218104455	-74.9327011108	36.5968017578	-27.0562515259	0.951376852579	4.0	12.6800003052	49.9399995804	2.0	30.7000007629	0.96853388171	1.0	3
1.0	7187.98291016	6.0	2.0	1224.76501465	5.0	5.0	100.040000439	0.0	-0.00327124493197	-0.994232594967	0.107195578516	0.0	19.5882200288	-66.8162994385	41.5415496826	-48.1511001587	0.162442423467	4.0	4.23999977112	49.0200009346	1.0	4.23999977112	0.968885790909	1.0	3
1.0	9074.14746094	4.0	1.0	179.214004517	1.0	1.0	17.5200004578	0.0	0.00326311658137	0.994234204292	-0.107180528343	24.715682592	0.0	-69.5314025879	58.0231018066	-29.2038002014	0.645704750591	1.0	4.23999977112	3.55999994278	1.0	4.23999977112	0.982703269421	1.0	3
1.0	5646.63525391	1.0	0.0	320.414001465	1.0	0.0	0.0	10.0	0.0	0.0	0.0	0.0	0.0	0.0	0.0	0.0	2.0	0.0	0.0	0.0	0.0	0.0	0.000818057656424	1.0	3
1.0	8800.03613281	2.0	2.0	2449.97998047	3.0	2.0	35.9200000763	0.0	0.00327090430073	0.994234204292	-0.107180528343	0.0	24.8536122662	-70.0756988525	36.8057022095	-46.2533035278	0.992222755452	4.0	8.68000030518	46.0799999237	1.0	30.7000007629	0.996359760247	1.0	3
1.0	6954.53369141	2.0	1.0	2051.95507812	2.0	1.0	19.8400001526	2.88025864367	0.147531330585	0.773409426212	-0.616500079632	0.0	17.9306171624	-73.182144165	47.9494514465	-31.9441986084	0.00848404040201	0.0	0.0	0.0	0.0	0.0	0.963993085917	1.0	3
1.0	6548.98144531	2.0	2.0	1633.17407227	1.0	1.0	36.2199993134	0.0	0.00327124493197	0.994232594967	-0.107195578516	12.7831907293	0.0	-66.8162994385	41.5415496826	-48.1511001587	0.162442423467	1.0	13.4200000763	13.3599996567	0.0	13.4200000763	0.964792221562	1.0	3
1.0	4551.77539062	1.0	1.0	2634.47412109	1.0	1.0	30.819999814	0.0	-0.742862582207	-0.623178720474	0.244547381997	34.8233463155	15.7914682017	-74.1651000977	39.9011497498	-9.52897453308	0.0527908880263	1.0	1.08000004292	0.0	0.0	1.08000004292	-1.0	0.0	3
1.0	10763.9707031	8.0	3.0	5466.66845703	5.0	3.0	101.159999132	0.0	-0.995684087276	0.0703864023089	0.0604894720018	0.0	17.3074901267	-60.6301498413	44.5229492188	-46.1724014282	0.663983193895	4.0	1.08000004292	53.6800012589	1.0	10.2600002289	0.98277846206	1.0	3
1.0	8423.72265625	6.0	1.0	5729.46337891	5.0	2.0	60.7000008821	0.0	-0.742862582207	-0.623178720474	0.244547381997	0.0	28.2025980727	-74.1651000977	39.9011497498	-9.52897453308	0.0527908880263	1.0	1.08000004292	0.0	0.0	1.08000004292	0.908017997078	1.0	3
1.0	8202.640625	3.0	1.0	3655.6171875	4.0	1.0	30.819999814	0.0	-0.742862582207	-0.623178720474	0.244547381997	47.3837296059	28.2025980727	-74.1651000977	39.9011497498	-9.52897453308	0.0527908880263	1.0	1.08000004292	0.0	0.0	1.08000004292	0.823933890776	1.0	3
1.0	9076.49511719	3.0	1.0	4731.38134766	4.0	2.0	60.7000008821	0.0	-0.742862582207	-0.623178720474	0.244547381997	47.3837296059	28.2025980727	-74.1651000977	39.9011497498	-9.52897453308	0.0527908880263	1.0	1.08000004292	0.0	0.0	1.08000004292	0.966685915803	1.0	3
1.0	2054.828125	1.0	1.0	3545.25708008	2.0	2.0	32.9400005341	0.0	-0.995689511299	0.0703876689076	0.0603980645537	2.43024929733	12.661380362	-70.6472473145	16.0342502594	-12.8961496353	0.939087693634	3.0	9.81999969482	25.6000008583	0.0	14.5	0.224619166782	1.0	3
1.0	6167.70605469	4.0	1.0	1741.0480957	4.0	1.0	0.0	10.0	0.0	0.0	0.0	0.0	0.0	0.0	0.0	0.0	2.0	1.0	25.7999992371	19.6800003052	0.0	25.7999992371	0.978960959194	1.0	3
1.0	5707.43652344	3.0	2.0	3102.33520508	3.0	2.0	52.1400005817	0.0	-0.742862582207	-0.623178720474	0.244547381997	34.8233463155	15.7914682017	-74.1651000977	39.9011497498	-9.52897453308	0.0527908880263	3.0	1.08000004292	46.9800014496	1.0	10.2600002289	0.42406432842	1.0	3
1.0	4502.50488281	2.0	2.0	1959.46289062	1.0	1.0	16.9600000381	3.00435354328	0.155801430345	0.973243772984	0.16888590157	25.4350187863	4.52354884363	-71.0983505249	48.8857498169	-19.2525997162	0.127785464217	0.0	0.0	0.0	0.0	0.0	-1.0	0.0	3
1.0	8624.99121094	10.0	2.0	3651.78295898	5.0	3.0	26.5599994659	0.0	0.99926251173	-0.0310849137604	-0.0225433316082	13.2445423285	28.2993845752	-63.089099884	55.3054008484	-45.7622489929	0.869718942145	4.0	7.44000005722	42.0199999809	1.0	7.44000005722	0.988632603589	1.0	3
1.0	1600.59094238	1.0	1.0	2496.71289062	2.0	2.0	13.9600000381	3.32741642962	-0.300560235977	-0.788048624992	0.537254989147	6.11258089194	23.8948998969	-69.1347503662	48.6370010376	-24.4673500061	0.15275021086	0.0	0.0	0.0	0.0	0.0	0.846991423819	1.0	3
1.0	8628.59082031	7.0	4.0	4041.27124023	6.0	4.0	61.8007996082	0.0	0.99926251173	-0.0310833118856	-0.0225434992462	37.3339852531	20.0163227731	-73.1017990112	23.4961013794	-19.5839500427	0.0432294367925	3.0	8.57999992371	33.6000003815	2.0	18.0	0.965185278241	1.0	3
1.0	4502.50488281	2.0	1.0	1346.5859375	2.0	1.0	3.0	3.00435354328	0.155801430345	0.973243772984	0.16888590157	25.4350187863	4.52354884363	-71.0983505249	48.8857498169	-19.2525997162	0.127785464217	0.0	0.0	0.0	0.0	0.0	0.158610489817	1.0	3
1.0	5462.46826172	8.0	3.0	3346.93017578	6.0	5.0	67.3999988437	0.0	-0.758395433426	-0.639989495277	0.123490028083	2.43813965221	34.8025152806	-68.837348938	55.9533500671	-23.4198989868	0.952300993316	9.0	3.11999988556	63.060000658	5.0	14.8999996185	0.985241283021	1.0	3
1.0	4702.79589844	8.0	5.0	4174.53613281	5.0	5.0	71.7564157397	0.0	-0.999265491962	0.0309871118516	0.0225452296436	25.4616471886	3.05628558889	-71.2783966064	11.9813499451	-11.8443498611	0.0340281930652	12.0	3.11999988556	114.993201613	4.0	14.8999996185	0.950200216851	1.0	3
1.0	10799.0429688	4.0	3.0	4185.50488281	1.0	1.0	62.1007995605	2.12647129062	0.703637719154	0.559717178345	-0.437733530998	3.22703894998	30.3133421313	-62.5637016296	45.3338012695	-52.3501014709	0.728510061949	0.0	0.0	0.0	0.0	0.0	0.992277760867	1.0	3
1.0	1600.58374023	4.0	3.0	2544.74316406	3.0	3.0	25.2936000824	0.0	-0.0335471220315	-0.986689388752	0.159118160605	2.43806538383	16.4401781001	-73.6134490967	24.7328987122	-21.253950119	0.876280742515	4.0	8.57999992371	53.7800006866	0.0	34.4599990845	0.941813049168	1.0	3
1.0	7698.28320312	4.0	3.0	5745.35107422	3.0	1.0	41.9700000286	0.0	0.0335471108556	0.986689090729	-0.159120112658	49.2249930645	4.47418262793	-71.8538513184	11.341799736	-13.2118501663	0.899929306664	6.0	3.11999988556	45.512401104	1.0	14.7600002289	0.97488122438	1.0	3
1.0	6788.94970703	6.0	2.0	5215.71337891	4.0	3.0	107.39600027	0.0	-0.00770721072331	0.965312242508	-0.260984420776	1.39922010464	14.5067631196	-58.460899353	51.1271514893	-51.2164993286	0.775139059186	6.0	12.3199996948	82.1999998093	0.0	18.0599994659	0.999195369358	1.0	3
1.0	11021.9101562	5.0	2.0	3742.8269043	6.0	2.0	93.5400009155	0.0	0.00770721072331	-0.965312242508	0.260984420776	1.01676965856	12.7595146633	-58.460899353	51.1271514893	-51.2164993286	0.858688768421	2.0	11.9399995804	22.6199998856	0.0	12.3199996948	0.999162920951	1.0	3
1.0	11199.9550781	7.0	2.0	1047.01123047	6.0	2.0	36.3400001526	0.0	0.00770721072331	-0.965312242508	0.260984420776	1.01676965856	12.7595146633	-58.460899353	51.1271514893	-51.2164993286	0.858688768421	4.0	11.9399995804	40.0799996853	0.0	14.5799999237	0.9989247727	1.0	3
1.0	5015.70117188	6.0	3.0	4989.81054688	3.0	3.0	57.6828000247	0.0	-0.00770721072331	0.965312242508	-0.260984420776	1.39922010464	14.5067631196	-58.460899353	51.1271514893	-51.2164993286	0.775139059186	7.0	12.3199996948	93.3192018606	0.0	37.5999984741	0.996749319314	1.0	3
1.0	3521.72314453	1.0	1.0	2128.73803711	1.0	1.0	12.4799995422	0.0	-0.00760337105021	0.965346038342	-0.260862350464	3.27042988108	12.8145351706	-70.9265441895	23.1263999939	-25.3412494659	0.969183911475	1.0	33.0	33.9799995422	0.0	33.0	0.163319226584	1.0	3
1.0	8412.48730469	4.0	4.0	5020.41894531	3.0	3.0	115.605199967	0.0	-0.00770721072331	0.965312242508	-0.260984420776	1.39922010464	14.5067631196	-58.460899353	51.1271514893	-51.2164993286	0.775139059186	10.0	12.3199996948	170.339999914	0.0	42.4399986267	0.999726965446	1.0	3
1.0	9719.02441406	1.0	1.0	3237.76586914	4.0	4.0	26.2652005292	0.0	-0.00770641257986	0.965319573879	-0.260957419872	22.0363209486	20.6820407773	-69.9856033325	39.2360992432	-27.9435997009	0.0737430616643	5.0	13.3400001526	43.6191994287	0.0	35.8400001526	0.999700574269	1.0	3
1.0	6574.84423828	4.0	2.0	3708.72680664	3.0	3.0	79.0360001363	0.0	-0.00770721072331	0.965312242508	-0.260984420776	1.39922010464	14.5067631196	-58.460899353	51.1271514893	-51.2164993286	0.775139059186	6.0	12.3199996948	77.0599992275	0.0	14.7399997711	0.975184586809	1.0	3
