valid	volumeS1	connectedComponentsS1	connectedComponentsS1Rel	volumeS2	connectedComponentsS2	connectedComponentsS2Rel	corticalSize	distanceMin	direction_x	direction_y	direction_z	distanceToExtremity1	distanceToExtremity2	gravityCenter_x	gravityCenter_y	gravityCenter_z	corticalDotProduct	junctions	junctionDepthMin	junctionsSize	plisDePassage	plisDePassageDepthMax	Potential	Class	cycle
1.0	4813.97363281	1.0	1.0	4479.50146484	1.0	1.0	0.0	10.0	0.0	0.0	0.0	0.0	0.0	0.0	0.0	0.0	2.0	5.0	12.6199998856	139.479999781	5.0	43.7799987793	-1.0	0.0	1
1.0	8421.64355469	6.0	1.0	6222.92480469	12.0	5.0	2.25999999046	0.0	-0.0583500824869	-0.987312138081	0.147681996226	12.9783831663	19.8673849619	-63.8521499634	-24.6744003296	-11.7308998108	0.145459007954	16.0	8.89999961853	144.6147995	2.0	21.4799995422	0.979293996357	1.0	1
1.0	5280.09179688	2.0	1.0	6628.10400391	8.0	2.0	0.0	10.0	0.0	0.0	0.0	0.0	0.0	0.0	0.0	0.0	2.0	6.0	12.6199998856	168.639999628	6.0	43.7799987793	0.37901995438	1.0	1
1.0	9565.24316406	5.0	2.0	9183.20214844	11.0	7.0	23.0400002003	0.0	0.0583549067378	0.987321317196	-0.147618666291	1.77763970068	28.3230565164	-60.2171478271	-18.9528007507	-2.23245000839	0.717280933707	41.0	5.51999998093	342.922400713	6.0	29.0400009155	0.997588224702	1.0	1
1.0	8488.64648438	5.0	1.0	2307.52294922	2.0	2.0	9.76000022888	0.0	0.0583549067378	0.987321317196	-0.147618666291	1.77763970068	3.46214351967	-60.2171478271	-18.9528007507	-2.23245000839	0.717280933707	19.0	12.0399999619	132.3780002	4.0	29.0400009155	0.806253513473	1.0	1
1.0	8155.45947266	6.0	2.0	5052.91894531	2.0	2.0	9.76000022888	0.0	0.0583549067378	0.987321317196	-0.147618666291	1.77763970068	12.4900032657	-60.2171478271	-18.9528007507	-2.23245000839	0.717280933707	29.0	11.279999733	317.304803491	5.0	43.7799987793	0.999304482785	1.0	1
1.0	6259.00390625	3.0	2.0	5910.5703125	1.0	1.0	9.76000022888	0.0	0.0583549067378	0.987321317196	-0.147618666291	1.77763970068	0.0	-60.2171478271	-18.9528007507	-2.23245000839	0.717280933707	10.0	12.6199998856	185.502799809	6.0	43.7799987793	0.615242960772	1.0	1
1.0	9223.45019531	5.0	2.0	2987.41113281	2.0	2.0	9.76000022888	0.0	0.0583549067378	0.987321317196	-0.147618666291	1.77763970068	0.0	-60.2171478271	-18.9528007507	-2.23245000839	0.717280933707	29.0	11.279999733	312.60240382	4.0	43.7799987793	0.998251714849	1.0	1
1.0	1338.2833252	4.0	2.0	4686.6875	1.0	1.0	0.0	10.0	0.0	0.0	0.0	0.0	0.0	0.0	0.0	0.0	2.0	24.0	12.3999996185	207.128401339	0.0	40.5999984741	0.878407809403	1.0	1
1.0	8067.37597656	3.0	1.0	2026.32250977	5.0	5.0	0.0	10.0	0.0	0.0	0.0	0.0	0.0	0.0	0.0	0.0	2.0	17.0	13.6000003815	298.031202435	2.0	42.5	0.985169438864	1.0	1
1.0	4420.61523438	1.0	1.0	5034.56787109	1.0	1.0	0.0	10.0	0.0	0.0	0.0	0.0	0.0	0.0	0.0	0.0	2.0	22.0	14.1400003433	190.414799735	20.0	39.0	-1.0	0.0	1
1.0	6719.33203125	4.0	3.0	8786.36035156	6.0	2.0	32.3400001526	0.0	0.995600402355	-0.0935389325023	0.00550724426284	2.7841335764	13.8003821867	-46.9858016968	-28.1201496124	12.3472995758	0.681103274833	35.0	6.38000011444	355.280000731	24.0	39.0	0.984077808296	1.0	1
1.0	5215.93017578	2.0	1.0	8673.95605469	8.0	1.0	10.6199998856	0.0	0.995600402355	-0.0935389325023	0.00550724426284	2.7841335764	17.6173251622	-46.9858016968	-28.1201496124	12.3472995758	0.681103274833	25.0	6.38000011444	202.074800059	23.0	39.0	0.805476638612	1.0	1
1.0	2760.66308594	6.0	2.0	9429.13769531	6.0	1.0	12.7600002289	0.0	0.105033688247	0.992557048798	0.0616318024695	3.65772221213	5.6337616688	-57.1699523926	-29.9604988098	-2.46951007843	0.518520030254	11.0	7.44000005722	71.5147996396	7.0	27.3799991608	0.999730541689	1.0	1
1.0	6409.48242188	4.0	2.0	6153.33789062	1.0	1.0	10.6199998856	0.0	-0.105048164725	-0.992555737495	-0.0616279616952	18.9370657911	2.06076762981	-54.6561508179	-26.2154502869	-2.21308517456	0.689413591604	32.0	7.44000005722	290.91999869	23.0	39.0	0.958311364096	1.0	1
1.0	1312.74487305	4.0	1.0	2437.14331055	2.0	1.0	0.0	10.0	0.0	0.0	0.0	0.0	0.0	0.0	0.0	0.0	2.0	4.0	13.5200004578	35.860000968	3.0	19.3400001526	0.999045017772	1.0	1
1.0	4346.17431641	1.0	1.0	5109.00927734	2.0	2.0	0.0	10.0	0.0	0.0	0.0	0.0	0.0	0.0	0.0	0.0	2.0	26.0	9.56000041962	217.660800077	22.0	39.0	0.207863861351	1.0	1
1.0	2476.4909668	4.0	1.0	2478.39404297	3.0	2.0	32.3400001526	0.0	0.995600402355	-0.0935389325023	0.00550724426284	2.7841335764	13.8003821867	-46.9858016968	-28.1201496124	12.3472995758	0.681103274833	3.0	11.8199996948	65.4599990845	1.0	13.5200004578	0.996996172766	1.0	1
1.0	7360.08447266	1.0	1.0	3410.09448242	1.0	1.0	0.0	10.0	0.0	0.0	0.0	0.0	0.0	0.0	0.0	0.0	2.0	44.0	7.44000005722	335.146799013	31.0	38.7599983215	0.86304983891	1.0	1
1.0	3769.5546875	2.0	2.0	3327.60180664	3.0	3.0	23.8000001907	0.0	-0.105033688247	-0.992557048798	-0.0616318024695	5.6337616688	3.65772221213	-57.1699523926	-29.9604988098	-2.46951007843	0.518520030254	16.0	6.76000022888	155.949599329	11.0	29.4200000763	0.979323749071	1.0	1
1.0	4821.01513672	1.0	1.0	4013.50463867	1.0	1.0	0.0	10.0	0.0	0.0	0.0	0.0	0.0	0.0	0.0	0.0	2.0	12.0	7.67999982834	183.039600611	10.0	45.5800018311	-1.0	0.0	1
1.0	8547.74902344	3.0	1.0	5757.85546875	9.0	4.0	0.0	10.0	0.0	0.0	0.0	0.0	0.0	0.0	0.0	0.0	2.0	22.0	3.20000004768	225.083597243	6.0	45.5800018311	0.998820883437	1.0	1
1.0	3926.46240234	9.0	4.0	8101.125	14.0	4.0	0.0	10.0	0.0	0.0	0.0	0.0	0.0	0.0	0.0	0.0	2.0	25.0	3.5	239.541598797	1.0	17.2199993134	0.677227858417	1.0	1
1.0	1671.13989258	4.0	1.0	5962.17724609	13.0	2.0	0.0	10.0	0.0	0.0	0.0	0.0	0.0	0.0	0.0	0.0	2.0	7.0	3.5	67.0215992928	1.0	12.3000001907	0.969840273394	1.0	1
1.0	2708.85717773	2.0	1.0	203.304992676	1.0	1.0	0.0	10.0	0.0	0.0	0.0	0.0	0.0	0.0	0.0	0.0	2.0	1.0	8.96000003815	10.7399997711	0.0	8.96000003815	0.0329450879691	1.0	1
1.0	7125.78027344	3.0	1.0	5273.40625	4.0	4.0	18.3399994373	0.0	0.0334207415581	0.984700858593	-0.171018391848	3.56769864028	20.4354836239	-56.7609481812	-18.7700004578	0.554271996021	0.492355404701	25.0	3.20000004768	256.583200634	8.0	45.5800018311	0.993725303118	1.0	1
1.0	7180.54443359	3.0	2.0	3313.19238281	2.0	2.0	0.0	10.0	0.0	0.0	0.0	0.0	0.0	0.0	0.0	0.0	2.0	28.0	6.19999980927	300.703201115	8.0	45.5800018311	0.835566022217	1.0	1
1.0	1745.95703125	4.0	3.0	2418.02416992	3.0	2.0	0.0	10.0	0.0	0.0	0.0	0.0	0.0	0.0	0.0	0.0	2.0	9.0	13.4200000763	89.5407989025	0.0	36.4199981689	0.977930329268	1.0	1
1.0	5044.71533203	2.0	1.0	7057.32617188	3.0	3.0	43.8399989605	0.0	0.0334207415581	0.984700858593	-0.171018391848	3.56769864028	20.2718027687	-56.7609481812	-18.7700004578	0.554271996021	0.492355404701	18.0	3.81999993324	229.582399786	13.0	45.5800018311	0.803149291206	1.0	1
1.0	6981.79492188	2.0	1.0	2465.14746094	4.0	4.0	18.9399995804	0.0	-0.735089302063	-0.665916323662	0.127276167274	0.0	15.6220846586	-55.067150116	-20.1081008911	6.1901102066	0.150316065922	7.0	6.19999980927	74.7544006705	2.0	45.5800018311	0.997780998116	1.0	1
1.0	3908.37207031	1.0	1.0	5474.66357422	1.0	1.0	0.0	10.0	0.0	0.0	0.0	0.0	0.0	0.0	0.0	0.0	2.0	14.0	2.24000000954	119.451079823	4.0	43.4399986267	-1.0	0.0	1
1.0	7828.6875	8.0	1.0	9074.4765625	11.0	3.0	43.423199676	0.0	-0.0461942739785	-0.993748664856	0.101635321975	1.43317659221	25.6565325135	-54.0427017212	-25.1574497223	-1.50966501236	0.952066002136	38.0	5.98000001907	300.151199281	13.0	43.4399986267	0.998105384758	1.0	1
1.0	5668.56640625	8.0	2.0	12005.3847656	12.0	2.0	14.9600000381	0.0	-0.0461897589266	-0.993748962879	0.101634174585	1.82329924605	26.0573349365	-52.8740005493	-20.9048995972	0.988980472088	0.797008167818	18.0	2.24000000954	132.719879903	5.0	43.4399986267	0.832759110998	1.0	1
1.0	7851.04882812	3.0	1.0	6288.43457031	10.0	2.0	0.0	10.0	0.0	0.0	0.0	0.0	0.0	0.0	0.0	0.0	2.0	22.0	2.24000000954	159.494001508	8.0	33.8199996948	0.984810237304	1.0	1
1.0	5430.04199219	3.0	1.0	4187.91162109	1.0	1.0	0.0	10.0	0.0	0.0	0.0	0.0	0.0	0.0	0.0	0.0	2.0	24.0	2.24000000954	200.964677818	3.0	43.4399986267	0.0474255002009	1.0	1
1.0	8833.26855469	5.0	2.0	2779.41259766	2.0	2.0	34.7600002289	0.0	0.998026907444	-0.0331811457872	0.0533038191497	16.9784281737	13.6383288503	-56.759349823	-24.6809997559	-3.13770008087	0.308481623743	20.0	2.24000000954	169.439998507	11.0	12.5200004578	0.995362730862	1.0	1
1.0	3418.5456543	2.0	1.0	733.77331543	2.0	2.0	0.0	10.0	0.0	0.0	0.0	0.0	0.0	0.0	0.0	0.0	2.0	11.0	15.9399995804	104.70359996	0.0	41.9799995422	0.762413436583	1.0	1
1.0	6299.46435547	5.0	1.0	5119.73242188	1.0	1.0	7.5632000193	0.0	-0.0461942739785	-0.993748664856	0.101635321975	1.43317659221	18.9276749551	-54.0427017212	-25.1574497223	-1.50966501236	0.952066002136	31.0	5.17999982834	283.277999759	9.0	33.8199996948	0.993228358086	1.0	1
1.0	6352.41748047	3.0	1.0	2204.0390625	4.0	4.0	3.90000009537	0.0	-0.0461942739785	-0.993748664856	0.101635321975	1.43317659221	12.5515943577	-54.0427017212	-25.1574497223	-1.50966501236	0.952066002136	17.0	7.96000003815	151.524799861	6.0	43.4399986267	0.931075062386	1.0	1
1.0	9546.39453125	4.0	1.0	3873.15649414	2.0	2.0	44.4799995422	0.0	0.0461898446083	0.993750810623	-0.101615972817	1.82330769973	17.3299538816	-47.9890975952	-25.2889003754	11.7891998291	0.515674622167	38.0	2.24000000954	345.677200198	11.0	41.9799995422	0.999045016046	1.0	1
1.0	4408.12548828	1.0	1.0	4244.71630859	1.0	1.0	0.0	10.0	0.0	0.0	0.0	0.0	0.0	0.0	0.0	0.0	2.0	13.0	5.69999980927	108.695599541	8.0	39.0400009155	-1.0	0.0	1
1.0	7270.48779297	9.0	3.0	3793.03173828	10.0	4.0	3.96000003815	0.0	-0.0060992334038	0.99838912487	-0.05640828982	10.6985414278	0.0	-60.4680023193	-15.8780498505	3.99309492111	0.774208638793	27.0	5.69999980927	207.923200682	10.0	39.0400009155	0.999465234058	1.0	1
1.0	6079.57324219	5.0	1.0	4768.17822266	4.0	2.0	11.7800004482	1.36636746473	-0.510926783085	0.0401943176985	0.858684003353	27.312603204	0.0	-67.1105499268	0.677230477333	-0.0590879917145	0.501721531157	13.0	5.69999980927	108.695599541	8.0	39.0400009155	0.700539573115	1.0	1
1.0	7272.13818359	9.0	4.0	9120.95117188	10.0	1.0	9.92000007629	0.0	-0.00610300246626	0.9983907938	-0.0563786439598	2.75286774896	26.5153269912	-57.3908996582	-21.5911483765	11.563949585	0.0359155430474	23.0	8.61999988556	219.535600424	9.0	28.9400005341	0.982105521341	1.0	1
1.0	5847.48828125	3.0	1.0	7514.94335938	1.0	1.0	5.90000009537	0.0	0.99493598938	0.0	-0.100510656834	2.88826322357	3.38944332045	-56.8362007141	-21.0837993622	11.4789505005	0.85702494701	22.0	5.69999980927	191.094849393	12.0	39.0400009155	0.756649398262	1.0	1
1.0	4653.3828125	6.0	1.0	1176.00292969	5.0	1.0	0.0	10.0	0.0	0.0	0.0	0.0	0.0	0.0	0.0	0.0	2.0	1.0	5.90000009537	3.6400001049	1.0	5.90000009537	0.997501800872	1.0	1
1.0	4816.44140625	2.0	2.0	2718.95825195	3.0	3.0	3.96000003815	0.0	-0.0060992334038	0.99838912487	-0.05640828982	2.7077588932	0.0	-60.4680023193	-15.8780498505	3.99309492111	0.774208638793	26.0	5.69999980927	238.827199653	9.0	33.1599998474	0.545027321996	1.0	1
1.0	4680.09814453	5.0	1.0	4086.52026367	3.0	3.0	0.0	10.0	0.0	0.0	0.0	0.0	0.0	0.0	0.0	0.0	2.0	27.0	4.38000011444	262.885998935	9.0	36.9000015259	0.988104185713	1.0	1
1.0	4814.89404297	8.0	1.0	516.392883301	4.0	1.0	0.0	10.0	0.0	0.0	0.0	0.0	0.0	0.0	0.0	0.0	2.0	1.0	34.6399993896	25.8999996185	0.0	34.6399993896	0.983281241086	1.0	1
1.0	5674.33837891	7.0	2.0	1940.06286621	6.0	3.0	5.13999986649	0.0	-0.994936048985	0.0	0.100510232151	1.01633657286	19.1224220261	-59.7453994751	-16.3104000092	5.45586013794	0.81194207681	7.0	5.90000009537	55.3079985827	3.0	28.9400005341	0.996012038433	1.0	1
1.0	4155.44677734	1.0	1.0	4734.81542969	1.0	1.0	0.0	10.0	0.0	0.0	0.0	0.0	0.0	0.0	0.0	0.0	2.0	8.0	3.90000009537	123.034801431	7.0	36.3199996948	-1.0	0.0	1
1.0	4383.66455078	13.0	4.0	10937.1054688	11.0	6.0	34.8000006676	0.0	0.0429157800972	0.985954880714	-0.161403715611	1.79007859699	27.1794883818	-60.21900177	-12.36784935	-5.68413496017	0.249285296452	9.0	4.80000019073	107.595600419	3.0	22.1599998474	0.998272430093	1.0	1
1.0	7338.46582031	6.0	2.0	11187.7324219	9.0	3.0	87.5508016348	0.0	-0.0429156087339	-0.985951006413	0.161427661777	3.5742589609	43.3247577307	-55.9646987915	-16.5271492004	17.1944503784	0.972526498723	16.0	4.67999982834	172.375502415	12.0	20.9599990845	0.99913954042	1.0	1
1.0	4558.04736328	10.0	2.0	1394.13195801	4.0	2.0	20.0800008774	0.0	0.0429943539202	0.985951900482	-0.161400943995	28.7819547851	5.24966933748	-67.4424514771	0.235702499747	3.79984498024	0.15582220159	3.0	11.1599998474	40.1399993896	1.0	11.1599998474	0.979419831739	1.0	1
1.0	2690.6784668	8.0	2.0	3533.44189453	5.0	2.0	9.06000041962	0.0	-0.0429182834923	-0.985955238342	0.161401405931	1.79007706161	37.2727219859	-67.3908004761	1.42122042179	3.60577487946	0.362983522917	2.0	21.0599994659	35.0799999237	1.0	25.9400005341	0.998543871757	1.0	1
1.0	3044.16918945	5.0	3.0	3722.93481445	5.0	5.0	11.0200004578	0.0	-0.0429943539202	-0.985951900482	0.161400943995	2.70441510974	36.6866206139	-67.4424514771	0.235702499747	3.79984498024	0.15582220159	10.0	3.90000009537	105.585200004	2.0	6.46000003815	0.978319605238	1.0	1
1.0	2313.47583008	6.0	3.0	4100.97265625	3.0	3.0	0.0	10.0	0.0	0.0	0.0	0.0	0.0	0.0	0.0	0.0	2.0	5.0	7.28000020981	55.1199998856	5.0	22.1599998474	0.994992355404	1.0	1
1.0	5421.515625	3.0	3.0	2700.6171875	3.0	3.0	0.0	10.0	0.0	0.0	0.0	0.0	0.0	0.0	0.0	0.0	2.0	12.0	3.90000009537	119.4547996	9.0	36.3199996948	0.875320104715	1.0	1
1.0	10574.8564453	7.0	3.0	4499.87402344	4.0	4.0	16.8908003569	0.0	-0.0429157800972	-0.985954880714	0.161403715611	26.7346344029	20.2169752474	-61.4909973145	-13.6922492981	-6.792345047	0.0566029401714	23.0	4.80000019073	230.90440052	13.0	32.1599998474	0.99961936472	1.0	1
1.0	3303.62524414	1.0	1.0	6678.05322266	1.0	1.0	0.0	10.0	0.0	0.0	0.0	0.0	0.0	0.0	0.0	0.0	2.0	23.0	5.19999980927	155.312007663	0.0	34.3600006104	-1.0	0.0	1
1.0	11484.9423828	6.0	4.0	12466.6748047	7.0	2.0	75.1599998474	0.0	0.999826014042	0.0	0.0186547394842	2.45768215726	8.10457738463	-56.4423980713	-19.5221996307	20.3143501282	0.675529755141	46.0	3.33999991417	335.319209273	1.0	11.8800001144	0.981535582793	1.0	1
1.0	4929.453125	6.0	3.0	11013.0224609	9.0	3.0	39.5399999619	0.0	-0.003827808192	-0.980668306351	0.195640012622	28.0839704441	23.2756779655	-56.479598999	-15.4496002197	-6.12498521805	0.713246377917	23.0	4.71999979019	167.357207385	0.0	34.3600006104	0.77499516546	1.0	1
1.0	6504.99365234	6.0	3.0	12352.7001953	7.0	2.0	46.2000002861	0.0	-0.00372825213708	-0.980662941933	0.19566886127	1.57744735763	23.4090274797	-44.851650238	-28.5404510498	11.8474006653	0.410138390652	37.0	3.33999991417	226.286007506	2.0	16.7800006866	0.965215345169	1.0	1
1.0	2670.99169922	3.0	1.0	6947.08886719	1.0	1.0	0.0	10.0	0.0	0.0	0.0	0.0	0.0	0.0	0.0	0.0	2.0	9.0	15.2399997711	59.672000289	0.0	27.6599998474	0.322096551873	1.0	1
1.0	11688.0595703	4.0	4.0	6991.25439453	1.0	1.0	95.3304009438	0.0	-0.00372825213708	-0.980662941933	0.19566886127	1.57744735763	16.9194773062	-44.851650238	-28.5404510498	11.8474006653	0.410138390652	72.0	4.38000011444	547.006695178	0.0	40.7000007629	0.971980877735	1.0	1
1.0	3630.86938477	2.0	2.0	5788.60107422	2.0	2.0	0.0	10.0	0.0	0.0	0.0	0.0	0.0	0.0	0.0	0.0	2.0	38.0	4.71999979019	281.070800334	0.0	32.9799995422	0.0483022311109	1.0	1
1.0	13421.3574219	2.0	2.0	4422.75439453	3.0	3.0	27.6800003052	0.0	-0.003827808192	-0.980668306351	0.195640012622	23.7516790878	23.2756779655	-56.479598999	-15.4496002197	-6.12498521805	0.713246377917	57.0	4.38000011444	404.467951819	0.0	40.7000007629	0.978591830845	1.0	1
1.0	3936.81323242	4.0	3.0	6451.87646484	1.0	1.0	3.09999990463	1.21358147203	0.736266851425	-0.660833358765	0.145637705922	2.50948587418	2.28516163852	-55.9393005371	-16.4229507446	-5.92063999176	0.315031877421	20.0	9.81999969482	193.731598258	0.0	34.3600006104	0.20786352716	1.0	1
1.0	5528.82470703	1.0	1.0	4263.0234375	1.0	1.0	0.0	10.0	0.0	0.0	0.0	0.0	0.0	0.0	0.0	0.0	2.0	19.0	6.51999998093	244.44239771	19.0	30.2800006866	-1.0	0.0	1
1.0	9390.70214844	6.0	3.0	11070.9589844	9.0	6.0	76.5599997044	0.0	0.0265243332833	0.970082998276	-0.241320103407	4.24201927943	33.1914734176	-46.4872970581	-25.8152999878	16.1605491638	0.201045461882	39.0	4.15999984741	408.242397662	24.0	30.2800006866	0.997866955923	1.0	1
1.0	6248.41796875	5.0	1.0	6701.79589844	5.0	1.0	0.0	10.0	0.0	0.0	0.0	0.0	0.0	0.0	0.0	0.0	2.0	20.0	6.51999998093	251.962397691	20.0	30.2800006866	0.730334244582	1.0	1
1.0	10195.3144531	8.0	3.0	6587.96582031	10.0	6.0	20.4399998188	0.0	-0.0265243127942	-0.97008317709	0.241319462657	28.3684140404	29.2556548089	-61.2518005371	-12.2490005493	-2.05743002892	0.816471156758	21.0	4.44000005722	204.947200656	10.0	30.2800006866	0.991399933723	1.0	1
1.0	5744.90966797	1.0	1.0	4046.93847656	1.0	1.0	0.0	10.0	0.0	0.0	0.0	0.0	0.0	0.0	0.0	0.0	2.0	23.0	6.51999998093	266.322398301	20.0	30.2800006866	0.0131828311941	1.0	1
1.0	10130.6318359	4.0	1.0	4514.30810547	1.0	1.0	12.8400001526	0.0	0.0265243742615	0.970085442066	-0.24131038785	13.0586984021	0.0	-61.7209014893	-14.5389003754	2.21126508713	0.914220517256	34.0	4.44000005722	344.799998999	18.0	22.7600002289	0.999700574103	1.0	1
1.0	7627.68261719	5.0	2.0	6374.96289062	1.0	1.0	6.84000015259	0.0	0.0265243742615	0.970085442066	-0.24131038785	13.0586984021	0.0	-61.7209014893	-14.5389003754	2.21126508713	0.679115719359	27.0	4.44000005722	330.359997749	14.0	30.2800006866	0.920945188337	1.0	1
1.0	7584.49169922	4.0	1.0	1035.23730469	4.0	4.0	0.0	10.0	0.0	0.0	0.0	0.0	0.0	0.0	0.0	0.0	2.0	10.0	6.59999990463	103.199999332	6.0	27.2399997711	0.991399923035	1.0	1
1.0	5271.75390625	2.0	2.0	3866.76074219	1.0	1.0	6.51999998093	0.0	-0.0265243127942	-0.97008317709	0.241319462657	0.0	2.11990881028	-61.2518005371	-12.2490005493	-2.05743002892	0.816471156758	17.0	5.48000001907	237.879998684	15.0	30.2800006866	0.318152053335	1.0	1
1.0	8686.28613281	4.0	1.0	2943.01074219	4.0	4.0	22.7999997139	0.0	-0.0265243742615	-0.970085442066	0.24131038785	13.4943262504	4.79542057695	-61.7209014893	-14.5389003754	2.21126508713	0.914220517256	28.0	5.48000001907	285.187200189	15.0	30.2800006866	0.999975213349	1.0	1
1.0	4470.37939453	1.0	1.0	4983.56835938	1.0	1.0	0.0	10.0	0.0	0.0	0.0	0.0	0.0	0.0	0.0	0.0	2.0	15.0	13.2399997711	140.446382491	14.0	28.5200004578	-1.0	0.0	1
1.0	4050.91552734	8.0	2.0	2481.66430664	12.0	1.0	0.0	10.0	0.0	0.0	0.0	0.0	0.0	0.0	0.0	0.0	2.0	3.0	14.279999733	30.3400001526	1.0	18.3600006104	0.998782998843	1.0	1
1.0	1390.953125	7.0	5.0	2431.09106445	3.0	1.0	0.0	10.0	0.0	0.0	0.0	0.0	0.0	0.0	0.0	0.0	2.0	8.0	16.1800003052	77.7023510933	2.0	29.3600006104	0.932062154454	1.0	1
1.0	9530.08789062	6.0	2.0	9711.87109375	9.0	3.0	17.8915997744	0.0	0.982114672661	-0.129118964076	-0.137036517262	5.357069359	30.6626028647	-60.1601486206	-15.6052999496	4.42708015442	0.349015811159	35.0	8.39999961853	323.976399286	13.0	29.3600006104	0.999770368352	1.0	1
1.0	7868.83691406	4.0	1.0	5686.67236328	1.0	1.0	18.7399997711	0.0	0.982114672661	-0.129118964076	-0.137036517262	17.8973355013	0.0	-60.1601486206	-15.6052999496	4.42708015442	0.349015811159	24.0	8.39999961853	226.966382233	16.0	28.5200004578	0.953422941717	1.0	1
1.0	10677.890625	5.0	2.0	4727.93554688	5.0	5.0	15.6999998093	0.0	0.982115030289	-0.129117116332	-0.13703610003	2.46585401731	17.6833254551	-58.1348495483	-17.4379997253	6.12829017639	0.643454641269	47.0	8.39999961853	456.063998891	16.0	33.8600006104	0.995729663453	1.0	1
1.0	4575.89306641	1.0	1.0	4983.56835938	1.0	1.0	0.0	10.0	0.0	0.0	0.0	0.0	0.0	0.0	0.0	0.0	2.0	15.0	13.2399997711	140.446382491	14.0	28.5200004578	0.246203237743	1.0	1
1.0	5557.69677734	2.0	1.0	1018.72912598	5.0	5.0	2.03999996185	3.99764933657	0.15439337492	0.257757604122	0.953794419765	1.43307878522	8.70724222537	-61.0835990906	-11.8727550507	13.4830846786	0.961208840448	13.0	11.1199998856	78.0000002384	5.0	27.1599998474	0.96888580084	1.0	1
1.0	8726.92871094	3.0	1.0	3197.53417969	1.0	1.0	0.0	10.0	0.0	0.0	0.0	0.0	0.0	0.0	0.0	0.0	2.0	28.0	11.8800001144	211.241532216	16.0	31.7600002289	0.940508061397	1.0	1
1.0	4534.23681641	2.0	1.0	2244.27099609	3.0	3.0	0.0	10.0	0.0	0.0	0.0	0.0	0.0	0.0	0.0	0.0	2.0	10.0	8.39999961853	92.9667987078	5.0	27.7600002289	0.989013517674	1.0	1
1.0	3772.95092773	1.0	1.0	4243.50976562	1.0	1.0	0.0	10.0	0.0	0.0	0.0	0.0	0.0	0.0	0.0	0.0	2.0	10.0	9.11999988556	121.184799664	6.0	39.3800010681	-1.0	0.0	1
1.0	5633.66015625	12.0	5.0	5944.42822266	10.0	5.0	41.7523998022	0.0	-0.998195648193	0.0287175625563	-0.0527333021164	1.71924574788	33.559977834	-47.2478027344	-22.7016487122	16.5979003906	0.652275653746	30.0	2.27999997139	200.594801042	17.0	11.6199998856	0.999736164985	1.0	1
1.0	3002.33300781	15.0	5.0	6386.20556641	8.0	2.0	6.17999982834	0.0	0.998193800449	-0.0286201890558	0.0528207607567	20.8112863248	27.4306925818	-60.4006996155	-14.3712997437	1.17630505562	0.991234267856	22.0	2.27999997139	133.581599593	12.0	30.6599998474	0.840536472168	1.0	1
1.0	5876.14160156	14.0	6.0	7363.43896484	15.0	9.0	7.55999982357	0.0	0.998193800449	-0.0286201890558	0.0528207607567	20.8112863248	27.4306925818	-60.4006996155	-14.3712997437	1.17630505562	0.991234267856	48.0	2.27999997139	294.359999038	26.0	35.9399986267	0.968060865251	1.0	1
1.0	4364.05957031	3.0	3.0	5942.68505859	2.0	2.0	24.0599998236	0.0	0.0411629453301	0.994547128677	-0.0958207696676	0.911069169087	28.8570062905	-42.754447937	-21.246049881	19.4684505463	0.895241835258	27.0	4.32000017166	253.075998418	12.0	39.3800010681	0.607249801243	1.0	1
1.0	5963.59326172	1.0	1.0	2982.55908203	2.0	2.0	8.11999988556	3.379925983	0.0479258038104	0.315209627151	0.947811186314	29.3920556265	0.911072242586	-65.5759506226	-6.85948514938	7.14964008331	0.860211601521	6.0	4.32000017166	74.9479990639	3.0	10.779999733	0.9923064375	1.0	1
1.0	3980.73388672	1.0	1.0	4329.85107422	2.0	2.0	0.0	10.0	0.0	0.0	0.0	0.0	0.0	0.0	0.0	0.0	2.0	12.0	9.11999988556	148.724799626	7.0	39.3800010681	0.629146349799	1.0	1
1.0	7176.22949219	3.0	2.0	4402.72949219	3.0	3.0	18.6323999166	0.0	-0.998195648193	0.0287175625563	-0.0527333021164	1.71924574788	25.8223870194	-47.2478027344	-22.7016487122	16.5979003906	0.652275653746	24.0	1.36000001431	215.565197822	11.0	35.9399986267	0.998392295456	1.0	1
1.0	7375.99267578	3.0	2.0	3978.13989258	3.0	3.0	18.9599999189	0.0	-0.998195648193	0.0287175625563	-0.0527333021164	1.71924574788	25.8223870194	-47.2478027344	-22.7016487122	16.5979003906	0.652275653746	31.0	1.36000001431	229.312800463	18.0	33.2200012207	0.974771952873	1.0	1
1.0	7706.22851562	1.0	1.0	3358.20629883	4.0	4.0	1.05239999294	0.0	-0.0411592796445	-0.994557619095	0.0957131162286	4.21987778886	4.11901632839	-48.7588500977	-24.1309509277	15.2685003281	0.30971097183	41.0	1.36000001431	308.66239937	24.0	39.3800010681	0.995706179762	1.0	1
1.0	5481.59667969	1.0	1.0	4309.84521484	1.0	1.0	0.0	10.0	0.0	0.0	0.0	0.0	0.0	0.0	0.0	0.0	2.0	18.0	1.96000003815	85.7723673731	13.0	28.8799991608	-1.0	0.0	1
1.0	9785.6015625	9.0	3.0	4492.41552734	12.0	4.0	8.47999954224	0.0	0.0288076400757	-0.96311545372	0.267542004585	5.81313410069	30.6622018549	-55.7321014404	-18.7171497345	2.97102999687	0.95760201809	31.0	1.96000003815	236.414561063	13.0	23.9599990845	0.995825939556	1.0	1
1.0	7393.984375	5.0	2.0	7309.18847656	12.0	2.0	11.3400001526	0.0	0.0289054382592	-0.963122546673	0.267505884171	0.987287929007	8.91208790524	-58.1586532593	-34.0912017822	-8.85999488831	0.817101135252	37.0	1.96000003815	204.839406908	18.0	28.8799991608	0.77778787588	1.0	1
1.0	11511.3730469	8.0	4.0	13980.8408203	9.0	6.0	66.7944008112	0.0	0.0289054382592	-0.963122546673	0.267505884171	0.987287929007	8.91208790524	-58.1586532593	-34.0912017822	-8.85999488831	0.817101135252	66.0	1.96000003815	509.571428567	30.0	28.8799991608	0.99999842391	1.0	1
1.0	7923.26806641	5.0	1.0	4201.11083984	5.0	5.0	4.87439990044	0.0	0.0289053600281	-0.963119924068	0.267515331507	1.71877385779	10.5046877384	-55.6752471924	-20.6163005829	3.4985499382	0.0400097647696	26.0	3.11999988556	204.709617376	11.0	28.8799991608	0.995321880864	1.0	1
1.0	11661.9267578	6.0	4.0	4428.20214844	4.0	4.0	60.2144005299	0.0	0.999506890774	0.0309955179691	0.00502380356193	1.99357163421	28.5282049607	-55.0690994263	-23.4388999939	-1.55105996132	0.142581560918	27.0	1.96000003815	151.019219205	11.0	23.5599994659	0.999923317476	1.0	1
1.0	5570.40478516	1.0	1.0	4221.03759766	1.0	1.0	0.0	10.0	0.0	0.0	0.0	0.0	0.0	0.0	0.0	0.0	2.0	20.0	1.96000003815	94.8107678294	12.0	28.8799991608	0.0911522824887	1.0	1
1.0	9521.625	4.0	1.0	7210.59228516	3.0	3.0	21.9800003767	0.0	0.0289053656161	-0.963120162487	0.267514556646	0.985962356866	10.3671934542	-54.5790481567	-23.5450000763	-0.0547693483531	0.140922177108	39.0	1.96000003815	296.663586989	20.0	28.8799991608	0.999379627988	1.0	1
1.0	7058.5390625	3.0	2.0	5624.79394531	2.0	2.0	13.3543994427	0.0	0.0288076400757	-0.96311545372	0.267542004585	6.51177134485	6.74362349363	-55.7321014404	-18.7171497345	2.97102999687	0.95760201809	26.0	2.38000011444	155.380393846	13.0	28.0799999237	0.293855883777	1.0	1
1.0	5196.83056641	6.0	3.0	3259.95800781	2.0	2.0	5.42000007629	0.0	0.0289028137922	-0.963133394718	0.267467111349	27.986888435	14.8647626869	-64.0838470459	-1.84848499298	-13.5030498505	0.927362469999	12.0	1.96000003815	65.6843992621	6.0	17.3600006104	0.994512594557	1.0	1
1.0	3677.83959961	1.0	1.0	4147.75683594	1.0	1.0	0.0	10.0	0.0	0.0	0.0	0.0	0.0	0.0	0.0	0.0	2.0	15.0	16.1399993896	117.460845053	9.0	40.8800010681	-1.0	0.0	1
1.0	8475.26171875	6.0	1.0	9294.55664062	8.0	2.0	9.72000026703	0.0	0.0130402920768	-0.976926326752	0.213178142905	1.7989790206	20.2387782892	-58.623249054	-23.3137512207	3.15257501602	0.430072269423	40.0	10.1400003433	322.908371612	23.0	40.8800010681	0.99765772028	1.0	1
1.0	3811.53442383	2.0	2.0	3553.19677734	2.0	1.0	0.0	10.0	0.0	0.0	0.0	0.0	0.0	0.0	0.0	0.0	2.0	13.0	13.6800003052	116.160028934	7.0	40.8800010681	0.304742813968	1.0	1
1.0	8373.19433594	5.0	1.0	10404.2734375	8.0	2.0	9.72000026703	0.0	0.0130402920768	-0.976926326752	0.213178142905	1.7989790206	20.2387782892	-58.623249054	-23.3137512207	3.15257501602	0.430072269423	33.0	9.03999996185	288.143943563	16.0	40.8800010681	0.998326759316	1.0	1
1.0	5516.65234375	3.0	2.0	4877.08789062	1.0	1.0	9.72000026703	0.0	0.0130402920768	-0.976926326752	0.213178142905	19.4960265418	0.927910168549	-58.623249054	-23.3137512207	3.15257501602	0.430072269423	24.0	10.1400003433	202.791245073	13.0	40.8800010681	0.619771412249	1.0	1
1.0	826.940917969	3.0	1.0	2064.09716797	2.0	2.0	0.0	10.0	0.0	0.0	0.0	0.0	0.0	0.0	0.0	0.0	2.0	8.0	16.0400009155	59.6199982166	6.0	29.5400009155	0.999808157037	1.0	1
1.0	4709.18310547	2.0	2.0	2144.11694336	1.0	1.0	0.0	10.0	0.0	0.0	0.0	0.0	0.0	0.0	0.0	0.0	2.0	19.0	16.1399993896	160.96002841	12.0	40.8800010681	0.555167250834	1.0	1
1.0	6100.48583984	3.0	1.0	5872.74755859	1.0	1.0	19.3600001335	0.0	0.0130402920768	-0.976926326752	0.213178142905	1.7989790206	19.2848459665	-58.623249054	-23.3137512207	3.15257501602	0.430072269423	38.0	10.1400003433	297.808045328	25.0	40.0800018311	0.988417836461	1.0	1
1.0	4479.56738281	3.0	2.0	5635.79882812	1.0	1.0	9.72000026703	0.0	0.0130402920768	-0.976926326752	0.213178142905	1.7989790206	0.927910168549	-58.623249054	-23.3137512207	3.15257501602	0.430072269423	20.0	10.1400003433	154.880845368	11.0	40.8800010681	0.513346822472	1.0	1
1.0	403.419799805	2.0	2.0	1316.50390625	4.0	3.0	0.0	10.0	0.0	0.0	0.0	0.0	0.0	0.0	0.0	0.0	2.0	5.0	13.8999996185	45.4799997807	2.0	14.2399997711	0.987361244954	1.0	1
1.0	4211.60302734	1.0	1.0	4331.05566406	1.0	1.0	0.0	10.0	0.0	0.0	0.0	0.0	0.0	0.0	0.0	0.0	2.0	11.0	5.78000020981	159.680001259	8.0	39.5999984741	-1.0	0.0	1
1.0	7750.64013672	7.0	2.0	8430.65527344	8.0	2.0	37.0799994469	0.0	-0.00915051717311	0.994013130665	-0.108876973391	8.24214422321	0.0	-60.5806007385	-31.9914989471	-18.5591011047	0.027615744758	22.0	1.89999997616	336.540002465	11.0	39.5999984741	0.98185440225	1.0	1
1.0	1807.37927246	6.0	1.0	4684.12255859	8.0	2.0	0.0	10.0	0.0	0.0	0.0	0.0	0.0	0.0	0.0	0.0	2.0	4.0	16.9200000763	77.8200025558	0.0	19.5200004578	0.938392315032	1.0	1
1.0	9882.75390625	6.0	2.0	3472.09521484	12.0	4.0	17.8199999332	0.0	0.994901061058	0.0	-0.100855655968	26.6467315896	23.95433507	-61.8075027466	-13.1436004639	-0.125484347343	0.302172014929	10.0	1.89999997616	126.67999804	3.0	26.0799999237	0.998023827559	1.0	1
1.0	5038.28857422	1.0	1.0	2229.76977539	3.0	2.0	0.0	10.0	0.0	0.0	0.0	0.0	0.0	0.0	0.0	0.0	2.0	16.0	4.36000013351	203.719200611	12.0	39.5999984741	0.262642832285	1.0	1
1.0	7854.78564453	2.0	1.0	3199.34570312	2.0	2.0	17.3599996567	0.0	0.994901061058	0.0	-0.100855655968	1.92292667635	26.910620494	-61.8075027466	-13.1436004639	-0.125484347343	0.908025204963	15.0	4.36000013351	246.380000591	6.0	39.2200012207	0.979856361183	1.0	1
1.0	694.088989258	2.0	1.0	6026.20068359	2.0	1.0	0.0	10.0	0.0	0.0	0.0	0.0	0.0	0.0	0.0	0.0	2.0	4.0	17.3199996948	30.4000000954	3.0	23.3400001526	0.963176052445	1.0	1
1.0	5526.74560547	3.0	2.0	861.690551758	3.0	2.0	5.15999984741	0.0	0.00915051903576	-0.994015097618	0.108858801425	1.89270523273	3.05662351873	-55.9668998718	-22.289100647	9.70374011993	0.504840191559	5.0	9.97999954224	26.4599995613	4.0	25.7999992371	0.987287683088	1.0	1
1.0	7566.88232422	2.0	2.0	1879.5748291	2.0	2.0	0.0	10.0	0.0	0.0	0.0	0.0	0.0	0.0	0.0	0.0	2.0	22.0	5.46000003815	225.359998465	7.0	23.3400001526	0.814098280933	1.0	1
1.0	7181.88427734	1.0	1.0	4086.37646484	3.0	3.0	14.1799995899	0.0	0.994901061058	0.0	-0.100855655968	1.92292667635	23.95433507	-61.8075027466	-13.1436004639	-0.125484347343	0.302172014929	19.0	6.98000001907	164.158798218	6.0	23.3400001526	0.989800390975	1.0	1
1.0	5251.54052734	1.0	1.0	3629.99731445	1.0	1.0	0.0	10.0	0.0	0.0	0.0	0.0	0.0	0.0	0.0	0.0	2.0	20.0	3.16000008583	119.463831973	19.0	35.4399986267	-1.0	0.0	1
1.0	1062.40344238	5.0	2.0	4360.69580078	9.0	2.0	14.2199997902	0.0	-0.0472563840449	0.972095906734	-0.229774564505	10.6762670558	16.4432242788	-48.9639511108	-21.0416984558	3.67707490921	0.560679840362	4.0	5.44000005722	27.220000267	2.0	30.2999992371	0.986824287625	1.0	1
1.0	8364.60546875	3.0	1.0	4568.23730469	6.0	2.0	10.3000001907	0.0	0.998335659504	0.0336924940348	-0.046805690974	2.63399420272	37.7797694364	-64.1856994629	-5.19022989273	-2.74689483643	0.833232959794	37.0	2.51999998093	295.063600495	20.0	35.4399986267	0.989853745577	1.0	1
1.0	3704.91674805	9.0	3.0	8602.37792969	8.0	1.0	20.7399997711	0.0	-0.0472563840449	0.972095906734	-0.229774564505	10.6762670558	16.4432242788	-48.9639511108	-21.0416984558	3.67707490921	0.560679840362	16.0	3.8599998951	128.871599436	6.0	17.7999992371	0.997667132912	1.0	1
1.0	5616.65039062	2.0	2.0	2858.41235352	2.0	2.0	0.0	10.0	0.0	0.0	0.0	0.0	0.0	0.0	0.0	0.0	2.0	26.0	3.16000008583	150.907198787	15.0	30.8799991608	0.482000429367	1.0	1
1.0	1265.80615234	5.0	2.0	859.867919922	2.0	2.0	0.0	10.0	0.0	0.0	0.0	0.0	0.0	0.0	0.0	0.0	2.0	3.0	9.30000019073	7.9143999964	2.0	11.4799995422	0.998399339587	1.0	1
1.0	5356.88525391	2.0	2.0	3412.734375	1.0	1.0	0.0	10.0	0.0	0.0	0.0	0.0	0.0	0.0	0.0	0.0	2.0	30.0	2.51999998093	180.043832612	19.0	35.4399986267	0.0798104949634	1.0	1
1.0	7473.74316406	3.0	2.0	2626.56958008	3.0	3.0	2.46000003815	0.0	0.998336434364	0.0336548797786	-0.0468155629933	17.5007784458	0.0	-56.3652000427	-17.3418502808	-5.01309967041	0.375036440713	37.0	3.16000008583	279.948232245	15.0	34.0999984741	0.993920107045	1.0	1
1.0	5366.11523438	2.0	2.0	4239.31738281	2.0	2.0	10.3000001907	0.0	0.998335659504	0.0336924940348	-0.046805690974	2.63399420272	1.98492095988	-64.1856994629	-5.19022989273	-2.74689483643	0.833232959794	40.0	2.51999998093	278.327432004	17.0	35.4399986267	0.141859340969	1.0	1
1.0	8448.56738281	2.0	1.0	2928.1953125	4.0	4.0	13.6200002432	0.0	0.998335659504	0.0336924940348	-0.046805690974	14.9968617023	1.98492095988	-64.1856994629	-5.19022989273	-2.74689483643	0.833232959794	51.0	3.16000008583	424.726000071	26.0	34.0999984741	0.980847896636	1.0	1
1.0	649.655761719	4.0	2.0	2318.14819336	2.0	2.0	0.0	10.0	0.0	0.0	0.0	0.0	0.0	0.0	0.0	0.0	2.0	2.0	14.8199996948	15.7199995518	0.0	32.5200004578	-1.0	0.0	1
1.0	10002.015625	9.0	4.0	7229.72851562	11.0	7.0	36.7399992943	0.0	0.106022663414	-0.937809348106	0.330564379692	2.69590087855	23.7603707841	-57.6868515015	-20.7907485962	-1.70566999912	0.594091891895	27.0	7.26000022888	265.233598866	6.0	22.6399993896	0.99371874502	1.0	1
1.0	9909.62988281	11.0	4.0	7827.03320312	11.0	6.0	11.1475999355	0.0	0.993543028831	0.113422557712	0.00275293341838	9.17200000253	29.8464055751	-61.0275001526	-15.9924497604	-17.7822494507	0.842812837168	30.0	1.22000002861	272.729601368	3.0	22.6399993896	0.946066447689	1.0	1
1.0	10967.3007812	8.0	4.0	6196.45556641	10.0	4.0	35.8199999332	0.0	0.106013685465	-0.937819063663	0.330539792776	1.70181315016	28.63701588	-58.9693489075	-19.4972000122	-0.912878036499	0.710707145873	31.0	8.69999980927	294.457599238	6.0	22.6399993896	0.992687099924	1.0	1
1.0	6307.90771484	1.0	1.0	1291.96765137	4.0	4.0	14.1400003433	0.0	0.106013685465	-0.937819063663	0.330539792776	1.70181315016	2.26942777262	-58.9693489075	-19.4972000122	-0.912878036499	0.710707145873	11.0	8.69999980927	129.540000916	0.0	38.6399993896	0.458894521174	1.0	1
1.0	8529.07714844	3.0	2.0	1819.70727539	3.0	3.0	8.40759992599	0.0	0.993543028831	0.113422557712	0.00275293341838	9.17200000253	1.59841758695	-61.0275001526	-15.9924497604	-17.7822494507	0.842812837168	16.0	10.5600004196	147.982798412	0.0	36.1399993896	0.570657627652	1.0	1
1.0	7351.30273438	2.0	1.0	4501.09814453	2.0	2.0	0.0	10.0	0.0	0.0	0.0	0.0	0.0	0.0	0.0	0.0	2.0	19.0	10.5799999237	172.896401271	1.0	18.0799999237	0.595822046739	1.0	1
1.0	4398.17626953	1.0	1.0	5096.50585938	1.0	1.0	0.0	10.0	0.0	0.0	0.0	0.0	0.0	0.0	0.0	0.0	2.0	14.0	3.29999995232	125.488800032	0.0	42.9399986267	-1.0	0.0	1
1.0	7708.75830078	5.0	1.0	8999.671875	10.0	3.0	64.3199989796	0.0	-0.0587473884225	-0.984730243683	0.16387526691	26.5000015075	23.1193551447	-56.2302017212	-18.4435005188	-1.35579001904	0.666898237764	26.0	3.1400001049	215.048799736	2.0	8.35999965668	0.997069079318	1.0	1
1.0	5092.52197266	6.0	2.0	5225.72851562	2.0	1.0	10.6999995708	0.0	-0.0587473884225	-0.984730243683	0.163875386119	0.0	5.81035863398	-53.9187011719	-20.1856994629	1.66621994972	0.680169748852	19.0	3.29999995232	173.107201084	0.0	42.9399986267	0.125025927445	1.0	1
1.0	8562.84082031	8.0	2.0	6836.98779297	8.0	3.0	26.7199997902	0.0	0.0588435269892	0.984724640846	-0.163874447346	28.6626139774	22.3942827941	-54.793548584	-17.073600769	1.26505994797	0.0511683524133	37.0	3.29999995232	295.106800927	2.0	12.6999998093	0.965958382092	1.0	1
1.0	8940.86425781	3.0	1.0	3468.94238281	3.0	3.0	12.4199995995	0.0	-0.0588528141379	-0.9847214818	0.163889870048	3.72449017756	1.48335821702	-55.0959510803	-22.1354484558	2.10745000839	0.357603593621	40.0	3.29999995232	334.508401303	1.0	16.4400005341	0.477601916722	1.0	1
1.0	10648.7099609	5.0	1.0	3409.97924805	3.0	3.0	12.4199995995	0.0	-0.0588528141379	-0.9847214818	0.163889870048	3.72449017756	1.48335821702	-55.0959510803	-22.1354484558	2.10745000839	0.357603593621	42.0	3.29999995232	323.730002671	1.0	16.4400005341	0.98712002434	1.0	1
1.0	2859.15380859	6.0	1.0	390.169921875	3.0	2.0	0.0	10.0	0.0	0.0	0.0	0.0	0.0	0.0	0.0	0.0	2.0	7.0	19.5200004578	55.7799994946	0.0	39.2400016785	0.0911525804001	1.0	1
1.0	9475.04101562	6.0	2.0	4146.25439453	2.0	2.0	13.9999995232	0.0	-0.0587473884225	-0.984730243683	0.163875386119	0.0	5.81035863398	-53.9187011719	-20.1856994629	1.66621994972	0.680169748852	41.0	3.29999995232	374.428400902	2.0	16.4400005341	0.968885727374	1.0	1
1.0	5667.05908203	6.0	2.0	2760.65112305	3.0	2.0	0.0	10.0	0.0	0.0	0.0	0.0	0.0	0.0	0.0	0.0	2.0	9.0	4.19999980927	80.9400000572	1.0	16.4400005341	0.637589359118	1.0	1
1.0	8445.19921875	5.0	2.0	4316.80664062	5.0	5.0	35.5799996853	0.0	-0.0587473884225	-0.984730243683	0.163875386119	0.0	27.123809012	-53.9187011719	-20.1856994629	1.66621994972	0.680169748852	30.0	3.1400001049	225.669202117	3.0	16.4400005341	0.974016640212	1.0	1
1.0	4813.97363281	1.0	1.0	4479.50146484	1.0	1.0	0.0	10.0	0.0	0.0	0.0	0.0	0.0	0.0	0.0	0.0	2.0	5.0	12.6199998856	139.479999781	5.0	43.7799987793	-1.0	0.0	2
1.0	8145.47753906	6.0	1.0	699.989868164	4.0	3.0	0.0	10.0	0.0	0.0	0.0	0.0	0.0	0.0	0.0	0.0	2.0	9.0	13.6000003815	69.9096007347	2.0	21.4799995422	0.981291795477	1.0	2
1.0	6147.71484375	6.0	3.0	6933.32421875	2.0	2.0	9.76000022888	0.0	0.0583549067378	0.987321317196	-0.147618666291	1.77763970068	12.4900032657	-60.2171478271	-18.9528007507	-2.23245000839	0.717280933707	17.0	12.0399999619	247.692799807	8.0	43.7799987793	0.867076064252	1.0	2
1.0	2706.12573242	5.0	1.0	5314.76318359	4.0	3.0	0.0	10.0	0.0	0.0	0.0	0.0	0.0	0.0	0.0	0.0	2.0	26.0	12.3999996185	260.451602221	0.0	42.1399993896	0.973900307334	1.0	2
1.0	4759.32714844	8.0	2.0	2126.10351562	2.0	2.0	0.0	10.0	0.0	0.0	0.0	0.0	0.0	0.0	0.0	0.0	2.0	15.0	12.0399999619	83.4819999337	0.0	20.2000007629	0.544958800829	1.0	2
1.0	7500.2109375	6.0	3.0	4250.93554688	2.0	2.0	9.76000022888	0.0	0.0583549067378	0.987321317196	-0.147618666291	1.77763970068	12.4900032657	-60.2171478271	-18.9528007507	-2.23245000839	0.717280933707	23.0	12.3999996185	272.39280051	4.0	42.5	0.973711181255	1.0	2
1.0	6671.18798828	6.0	2.0	3704.74633789	3.0	3.0	9.76000022888	0.0	0.0583549067378	0.987321317196	-0.147618666291	1.77763970068	0.0	-60.2171478271	-18.9528007507	-2.23245000839	0.717280933707	8.0	11.279999733	144.776001155	4.0	43.7799987793	0.980601203833	1.0	2
1.0	150.955993652	1.0	1.0	2757.05883789	2.0	1.0	0.0	10.0	0.0	0.0	0.0	0.0	0.0	0.0	0.0	0.0	2.0	2.0	34.4399986267	26.6200003624	0.0	37.2799987793	0.90256124354	1.0	2
1.0	7528.23291016	5.0	2.0	3417.32104492	5.0	5.0	9.76000022888	0.0	0.0583549067378	0.987321317196	-0.147618666291	1.77763970068	3.46214351967	-60.2171478271	-18.9528007507	-2.23245000839	0.717280933707	22.0	12.6199998856	189.975999534	7.0	29.0400009155	0.991088881791	1.0	2
1.0	4420.61523438	1.0	1.0	5034.56787109	1.0	1.0	0.0	10.0	0.0	0.0	0.0	0.0	0.0	0.0	0.0	0.0	2.0	22.0	14.1400003433	190.414799735	20.0	39.0	-1.0	0.0	2
1.0	7303.60107422	1.0	1.0	6514.98095703	3.0	3.0	33.0599994659	0.0	0.995600402355	-0.0935389325023	0.00550724426284	2.7841335764	20.2870539249	-46.9858016968	-28.1201496124	12.3472995758	0.681103274833	50.0	3.31999993324	400.866800115	28.0	37.7200012207	0.981854400042	1.0	2
1.0	5167.3359375	4.0	3.0	2979.45825195	2.0	2.0	11.0399999619	0.0	0.995600163937	-0.0935403779149	0.00552680762485	8.20330179433	1.05303407438	-53.8022003174	-22.9835510254	1.64085006714	0.589729006815	13.0	6.76000022888	85.469201196	6.0	34.0600013733	0.999884098585	1.0	2
1.0	1833.28613281	5.0	3.0	3540.97045898	1.0	1.0	23.3800001144	0.0	0.995600402355	-0.0935389325023	0.00550724426284	2.7841335764	18.6440605769	-46.9858016968	-28.1201496124	12.3472995758	0.681103274833	10.0	21.8400001526	115.481599808	4.0	37.7200012207	0.989800372249	1.0	2
1.0	2146.62695312	4.0	2.0	4437.56152344	1.0	1.0	0.0	10.0	0.0	0.0	0.0	0.0	0.0	0.0	0.0	0.0	2.0	9.0	26.0	75.1400003433	3.0	34.8600006104	0.983868209202	1.0	2
1.0	4774.44677734	2.0	1.0	6732.25	2.0	2.0	2.07999992371	0.0	0.995600163937	-0.0935403779149	0.00552680762485	4.32785333142	12.4846088018	-53.8022003174	-22.9835510254	1.64085006714	0.589729006815	26.0	6.76000022888	221.07999948	15.0	39.0	0.999032347802	1.0	2
1.0	7246.16113281	2.0	1.0	1351.80712891	3.0	3.0	0.0	10.0	0.0	0.0	0.0	0.0	0.0	0.0	0.0	0.0	2.0	15.0	9.56000041962	161.95840174	6.0	37.4399986267	0.92389410322	1.0	2
1.0	3100.78027344	4.0	2.0	1720.13037109	4.0	2.0	10.6199998856	0.0	0.995600402355	-0.0935389325023	0.00550724426284	2.7841335764	18.6440605769	-46.9858016968	-28.1201496124	12.3472995758	0.681103274833	6.0	11.8199996948	52.0044007003	4.0	38.7599983215	0.998938849721	1.0	2
1.0	8130.70605469	2.0	1.0	4467.13964844	3.0	3.0	15.5599994659	0.0	0.995591342449	-0.0936340764165	0.00552677875385	5.34394263752	15.9387102524	-55.4820022583	-18.8442993164	1.87400007248	0.212047323623	31.0	3.31999993324	191.950801503	19.0	34.8600006104	0.905676383785	1.0	2
1.0	3522.77539062	7.0	3.0	2824.07983398	4.0	2.0	0.0	10.0	0.0	0.0	0.0	0.0	0.0	0.0	0.0	0.0	2.0	5.0	14.7399997711	55.8460002467	1.0	21.8400001526	0.998178792013	1.0	2
1.0	4821.01513672	1.0	1.0	4013.50463867	1.0	1.0	0.0	10.0	0.0	0.0	0.0	0.0	0.0	0.0	0.0	0.0	2.0	12.0	7.67999982834	183.039600611	10.0	45.5800018311	-1.0	0.0	2
1.0	9934.93164062	3.0	1.0	2028.32397461	5.0	5.0	57.6599993706	0.0	0.999344646931	-0.034697342664	-0.0103109544143	2.10115142114	22.9393559294	-56.2271003723	-20.122051239	2.59024000168	0.203799074017	19.0	1.77999997139	216.320000172	7.0	45.5800018311	0.999872893923	1.0	2
1.0	5106.11669922	2.0	2.0	3551.02978516	1.0	1.0	0.0	10.0	0.0	0.0	0.0	0.0	0.0	0.0	0.0	0.0	2.0	17.0	6.51999998093	233.460000992	7.0	45.5800018311	0.0854838551048	1.0	2
1.0	6802.14794922	1.0	1.0	212.527999878	1.0	1.0	0.0	10.0	0.0	0.0	0.0	0.0	0.0	0.0	0.0	0.0	2.0	3.0	3.5	27.6900000572	0.0	11.0799999237	0.983440781493	1.0	2
1.0	5293.25927734	2.0	2.0	2515.13549805	1.0	1.0	0.0	10.0	0.0	0.0	0.0	0.0	0.0	0.0	0.0	0.0	2.0	15.0	7.67999982834	181.840000868	8.0	45.5800018311	0.595112408514	1.0	2
1.0	8284.53613281	2.0	1.0	4390.63427734	3.0	3.0	30.9799993038	0.0	0.999344646931	-0.034697342664	-0.0103109544143	2.10115142114	17.1037196695	-56.2271003723	-20.122051239	2.59024000168	0.074018320377	21.0	3.81999993324	245.500001311	8.0	32.5800018311	0.999105907226	1.0	2
1.0	5488.33789062	1.0	1.0	2374.64257812	1.0	1.0	0.0	10.0	0.0	0.0	0.0	0.0	0.0	0.0	0.0	0.0	2.0	12.0	8.96000003815	135.239599943	9.0	26.6399993896	0.687789154812	1.0	2
1.0	6411.47753906	2.0	1.0	2898.99584961	3.0	3.0	39.9599990845	0.0	-0.0334177836776	-0.984703600407	0.171003267169	2.10718827827	18.1850952743	-56.6792526245	-15.8064498901	-1.77070999146	0.375141790265	15.0	3.20000004768	139.879999757	5.0	18.3199996948	0.979591784259	1.0	2
1.0	5562.41210938	2.0	1.0	4653.94140625	2.0	2.0	16.5599994659	2.36255365947	-0.191752940416	-0.0275545921177	0.981056332588	12.3462045853	22.7302181803	-62.6292495728	-11.287399292	3.88118505478	0.250008214541	20.0	3.5	270.43320179	9.0	45.5800018311	0.341648323579	1.0	2
1.0	7636.57373047	3.0	2.0	3735.86572266	3.0	3.0	23.4199995995	0.0	-0.735089302063	-0.665916323662	0.127276167274	3.06970558465	31.2312863228	-55.067150116	-20.1081008911	6.1901102066	0.150316065922	23.0	3.5	293.970800519	9.0	43.6199989319	0.978498491759	1.0	2
1.0	3908.37207031	1.0	1.0	5474.66357422	1.0	1.0	0.0	10.0	0.0	0.0	0.0	0.0	0.0	0.0	0.0	0.0	2.0	14.0	2.24000000954	119.451079823	4.0	43.4399986267	-1.0	0.0	2
1.0	8097.00390625	4.0	1.0	4838.86083984	3.0	3.0	14.9600000381	0.0	-0.0461897589266	-0.993748962879	0.101634174585	1.82329924605	23.4008257425	-52.8740005493	-20.9048995972	0.988980472088	0.797008167818	29.0	2.24000000954	235.19000335	5.0	43.4399986267	0.97007436528	1.0	2
1.0	5132.05126953	1.0	1.0	6144.14208984	1.0	1.0	0.0	10.0	0.0	0.0	0.0	0.0	0.0	0.0	0.0	0.0	2.0	12.0	2.24000000954	97.3310794607	3.0	43.4399986267	0.624902040084	1.0	2
1.0	8763.41894531	4.0	1.0	4319.49755859	2.0	2.0	20.4400000572	0.0	-0.0461942739785	-0.993748664856	0.101635321975	16.5111939982	18.9276749551	-54.0427017212	-25.1574497223	-1.50966501236	0.952066002136	34.0	5.17999982834	279.941075191	11.0	43.4399986267	0.992634387861	1.0	2
1.0	4513.84912109	1.0	1.0	4869.18701172	1.0	1.0	0.0	10.0	0.0	0.0	0.0	0.0	0.0	0.0	0.0	0.0	2.0	16.0	2.24000000954	130.391077496	3.0	43.4399986267	0.167166231035	1.0	2
1.0	6725.30224609	3.0	1.0	6332.55371094	1.0	1.0	22.4400000572	0.0	-0.0461942739785	-0.993748664856	0.101635321975	1.43317659221	18.9276749551	-54.0427017212	-25.1574497223	-1.50966501236	0.952066002136	24.0	4.05999994278	229.734680183	6.0	43.4399986267	0.972462439403	1.0	2
1.0	6355.11767578	5.0	2.0	6070.54248047	1.0	1.0	5.84000015259	1.0087170349	0.0461897961795	0.993749797344	-0.101625710726	16.6867998235	2.8616222845	-56.054397583	-23.3057003021	-4.68887519836	0.741329129181	20.0	2.24000000954	143.762680091	7.0	43.4399986267	0.940862166753	1.0	2
1.0	9383.3359375	4.0	1.0	2707.34082031	3.0	3.0	9.50320007652	0.0	0.998023927212	-0.0332707352936	0.0533036589622	19.2376133486	19.7734800576	-52.046749115	-21.9200515747	-4.63368988037	0.299989213256	26.0	2.24000000954	193.212802142	5.0	33.8199996948	0.990719743255	1.0	2
1.0	4387.42626953	1.0	1.0	4995.60986328	1.0	1.0	0.0	10.0	0.0	0.0	0.0	0.0	0.0	0.0	0.0	0.0	2.0	19.0	2.24000000954	148.122679241	3.0	43.4399986267	0.0158189808662	1.0	2
1.0	10859.1445312	4.0	1.0	2665.10009766	4.0	4.0	30.8399996758	0.0	0.0461898446083	0.993750810623	-0.101615972817	1.82330769973	32.8807644278	-47.9890975952	-25.2889003754	11.7891998291	0.515674622167	37.0	4.15999984741	324.195997626	13.0	43.4399986267	0.99973054252	1.0	2
1.0	4408.12548828	1.0	1.0	4244.71630859	1.0	1.0	0.0	10.0	0.0	0.0	0.0	0.0	0.0	0.0	0.0	0.0	2.0	13.0	5.69999980927	108.695599541	8.0	39.0400009155	-1.0	0.0	2
1.0	2154.91503906	2.0	1.0	754.0390625	2.0	1.0	0.0	10.0	0.0	0.0	0.0	0.0	0.0	0.0	0.0	0.0	2.0	1.0	39.0400009155	14.8199996948	1.0	39.0400009155	0.992189380131	1.0	2
1.0	1978.12744141	1.0	1.0	942.636962891	4.0	2.0	0.0	10.0	0.0	0.0	0.0	0.0	0.0	0.0	0.0	0.0	2.0	3.0	5.90000009537	3.6400001049	1.0	5.90000009537	0.978310755243	1.0	2
1.0	4522.80957031	8.0	2.0	4323.21875	4.0	3.0	0.0	10.0	0.0	0.0	0.0	0.0	0.0	0.0	0.0	0.0	2.0	12.0	5.90000009537	115.279999614	3.0	28.9400005341	0.999549443928	1.0	2
1.0	7147.23339844	5.0	1.0	7574.6171875	1.0	1.0	5.90000009537	0.0	0.99493598938	0.0	-0.100510656834	2.88826322357	3.38944332045	-56.8362007141	-21.0837993622	11.4789505005	0.85702494701	26.0	5.69999980927	250.067650363	13.0	39.0400009155	0.939844930446	1.0	2
1.0	9063.54296875	5.0	2.0	6473.5859375	2.0	2.0	21.7000005245	0.0	-0.00610300246626	0.9983907938	-0.0563786439598	2.75286774896	26.3736406002	-57.3908996582	-21.5911483765	11.563949585	0.0359155430474	28.0	5.69999980927	269.430000111	13.0	39.0400009155	0.999074744855	1.0	2
1.0	8498.48925781	3.0	1.0	5500.28320312	2.0	2.0	5.90000009537	0.0	0.99493598938	0.0	-0.100510656834	2.88826322357	1.51364432973	-56.8362007141	-21.0837993622	11.4789505005	0.85702494701	22.0	5.69999980927	186.122400373	10.0	39.0400009155	0.950752044292	1.0	2
1.0	7759.02832031	8.0	3.0	6639.43457031	1.0	1.0	9.15999984741	0.0	-0.994936048985	0.0	0.100510232151	9.59570680043	1.81847438018	-59.7453994751	-16.3104000092	5.45586013794	0.81194207681	25.0	7.92000007629	238.153599426	14.0	39.0400009155	0.994574787905	1.0	2
1.0	4836.24755859	12.0	5.0	4840.38867188	2.0	2.0	2.1400001049	2.05369665818	0.270385235548	-0.962355136871	0.0276463013142	22.7139000753	0.0	-68.157699585	2.74420118332	0.684194505215	0.881876523596	14.0	4.38000011444	82.565600127	8.0	14.6800003052	0.923312830487	1.0	2
1.0	9807.80957031	5.0	1.0	6404.95214844	4.0	4.0	5.90000009537	0.0	0.99493598938	0.0	-0.100510656834	2.88826322357	3.38944332045	-56.8362007141	-21.0837993622	11.4789505005	0.85702494701	50.0	5.69999980927	478.621248186	19.0	39.0400009155	0.999288493947	1.0	2
1.0	4155.44677734	1.0	1.0	4734.81542969	1.0	1.0	0.0	10.0	0.0	0.0	0.0	0.0	0.0	0.0	0.0	0.0	2.0	8.0	3.90000009537	123.034801431	7.0	36.3199996948	-1.0	0.0	2
1.0	3683.47314453	8.0	1.0	2275.48022461	4.0	1.0	0.0	10.0	0.0	0.0	0.0	0.0	0.0	0.0	0.0	0.0	2.0	2.0	17.3600006104	22.2600007057	2.0	25.3600006104	0.99848528025	1.0	2
1.0	1735.57983398	6.0	1.0	2802.43188477	2.0	1.0	0.0	10.0	0.0	0.0	0.0	0.0	0.0	0.0	0.0	0.0	2.0	1.0	14.279999733	6.0	1.0	14.279999733	0.99743727381	1.0	2
1.0	7333.55761719	6.0	2.0	7741.17138672	2.0	2.0	51.550801158	0.0	-0.0429157800972	-0.985954880714	0.161403715611	26.7346344029	20.2169752474	-61.4909973145	-13.6922492981	-6.792345047	0.0566029401714	15.0	3.90000009537	196.194800682	8.0	36.3199996948	0.996578264014	1.0	2
1.0	5723.95458984	5.0	1.0	4242.88867188	1.0	1.0	0.0	10.0	0.0	0.0	0.0	0.0	0.0	0.0	0.0	0.0	2.0	10.0	4.80000019073	166.70000124	6.0	36.3199996948	0.545464290616	1.0	2
1.0	6372.54150391	6.0	3.0	6727.984375	2.0	2.0	52.0108007193	0.0	0.998986363411	-0.0365959554911	0.0262105446309	3.95423225008	30.8496881316	-54.0615005493	-23.9596004486	4.15095996857	0.692307814797	20.0	5.17999982834	218.475501366	15.0	34.9399986267	0.983936024168	1.0	2
1.0	6821.04833984	5.0	2.0	6428.80078125	4.0	4.0	33.9708009958	0.0	-0.0429157800972	-0.985954880714	0.161403715611	18.9488838158	21.963111372	-60.21900177	-12.36784935	-5.68413496017	0.249285296452	24.0	3.90000009537	319.645200677	19.0	36.3199996948	0.999355756105	1.0	2
1.0	7688.29101562	6.0	1.0	5683.96386719	1.0	1.0	28.3708003759	0.0	0.998986363411	-0.0365959554911	0.0262105446309	3.95423225008	30.8496881316	-54.0615005493	-23.9596004486	4.15095996857	0.692307814797	26.0	3.90000009537	283.325901389	14.0	36.3199996948	0.996622933856	1.0	2
1.0	7325.88085938	1.0	1.0	2212.02587891	4.0	4.0	0.0	10.0	0.0	0.0	0.0	0.0	0.0	0.0	0.0	0.0	2.0	23.0	6.80000019073	271.360000797	11.0	32.1599998474	0.986966025177	1.0	2
1.0	3852.83227539	11.0	2.0	3240.41015625	2.0	2.0	9.02000045776	3.6744660022	-0.177778199315	-0.393300145864	-0.902058720589	3.5742589609	30.3122332293	-57.13904953	-18.5895004272	11.0077600479	0.994321021402	1.0	26.2399997711	5.59999990463	0.0	26.2399997711	0.982399716772	1.0	2
1.0	3303.62524414	1.0	1.0	6678.05322266	1.0	1.0	0.0	10.0	0.0	0.0	0.0	0.0	0.0	0.0	0.0	0.0	2.0	23.0	5.19999980927	155.312007663	0.0	34.3600006104	-1.0	0.0	2
1.0	11621.3681641	2.0	1.0	6715.00537109	1.0	1.0	38.5904011726	0.0	-0.00372825213708	-0.980662941933	0.19566886127	1.57744735763	16.9194773062	-44.851650238	-28.5404510498	11.8474006653	0.410138390652	65.0	3.33999991417	464.711263091	0.0	40.7000007629	0.972935700684	1.0	2
1.0	10393.7841797	2.0	2.0	8271.80078125	2.0	2.0	72.4104018211	0.0	-0.00372825213708	-0.980662941933	0.19566886127	1.57744735763	16.9194773062	-44.851650238	-28.5404510498	11.8474006653	0.410138390652	39.0	4.38000011444	260.120806945	0.0	34.3600006104	0.990064475008	1.0	2
1.0	11902.5107422	2.0	2.0	6669.93359375	3.0	3.0	72.4104018211	0.0	-0.00372825213708	-0.980662941933	0.19566886127	1.57744735763	16.9194773062	-44.851650238	-28.5404510498	11.8474006653	0.410138390652	52.0	4.38000011444	450.554807025	0.0	40.7000007629	0.970992872139	1.0	2
1.0	5085.80419922	3.0	2.0	2072.15429688	2.0	2.0	0.0	10.0	0.0	0.0	0.0	0.0	0.0	0.0	0.0	0.0	2.0	21.0	5.19999980927	119.919208312	0.0	39.0999984741	0.0963795984477	1.0	2
1.0	14151.4277344	2.0	1.0	3808.54589844	4.0	4.0	38.5904011726	0.0	-0.00372825213708	-0.980662941933	0.19566886127	1.57744735763	16.9194773062	-44.851650238	-28.5404510498	11.8474006653	0.410138390652	45.0	3.33999991417	330.111087877	0.0	39.0999984741	0.994226466365	1.0	2
1.0	10753.3691406	6.0	3.0	5111.87109375	1.0	1.0	37.0799999237	0.0	0.999825656414	0.0	0.0186732020229	30.9081521727	2.50977658303	-64.6177978516	1.96524000168	-7.42306995392	0.916276793783	38.0	3.33999991417	208.181151699	0.0	36.9000015259	0.778481367837	1.0	2
1.0	11338.6191406	2.0	2.0	7175.04345703	2.0	2.0	66.9600009918	0.0	-0.003827808192	-0.980668306351	0.195640012622	23.7516790878	23.2756779655	-56.479598999	-15.4496002197	-6.12498521805	0.713246377917	37.0	4.71999979019	249.283561778	0.0	39.0400009155	0.974750121706	1.0	2
1.0	4800.10742188	3.0	2.0	7576.51806641	1.0	1.0	0.0	10.0	0.0	0.0	0.0	0.0	0.0	0.0	0.0	0.0	2.0	40.0	4.71999979019	263.312807989	0.0	39.0400009155	0.190984995323	1.0	2
1.0	13176.5048828	3.0	2.0	3697.44775391	5.0	5.0	0.0	10.0	0.0	0.0	0.0	0.0	0.0	0.0	0.0	0.0	2.0	51.0	4.71999979019	394.756864366	0.0	40.7000007629	0.984077799502	1.0	2
1.0	5528.82470703	1.0	1.0	4263.0234375	1.0	1.0	0.0	10.0	0.0	0.0	0.0	0.0	0.0	0.0	0.0	0.0	2.0	19.0	6.51999998093	244.44239771	19.0	30.2800006866	-1.0	0.0	2
1.0	7163.6953125	5.0	2.0	3452.53369141	5.0	5.0	10.1599998474	0.0	0.0265243742615	0.970085442066	-0.24131038785	13.0586984021	13.4943262504	-61.7209014893	-14.5389003754	2.21126508713	0.914220517256	20.0	6.51999998093	249.162398931	10.0	30.2800006866	0.996706250686	1.0	2
1.0	3375.11425781	4.0	1.0	3216.38696289	1.0	1.0	0.0	10.0	0.0	0.0	0.0	0.0	0.0	0.0	0.0	0.0	2.0	8.0	4.44000005722	71.7624002658	6.0	18.0	0.999226560636	1.0	2
1.0	7246.52832031	3.0	1.0	5549.07763672	2.0	2.0	21.279999733	0.0	-0.0265243742615	-0.970085442066	0.24131038785	13.4943262504	4.36696300533	-61.7209014893	-14.5389003754	2.21126508713	0.679115719359	26.0	6.51999998093	354.482397672	21.0	30.2800006866	0.993642264305	1.0	2
1.0	5666.11083984	1.0	1.0	4125.73730469	1.0	1.0	0.0	10.0	0.0	0.0	0.0	0.0	0.0	0.0	0.0	0.0	2.0	23.0	6.51999998093	266.882397767	18.0	30.2800006866	0.207863667452	1.0	2
1.0	892.195007324	4.0	2.0	1475.40625	3.0	2.0	6.51999998093	0.0	-0.0265243127942	-0.97008317709	0.241319462657	0.0	2.11990881028	-61.2518005371	-12.2490005493	-2.05743002892	0.816471156758	4.0	14.8800001144	43.1200008392	2.0	16.0	0.977640805037	1.0	2
1.0	3866.34326172	3.0	2.0	298.671783447	2.0	2.0	0.0	10.0	0.0	0.0	0.0	0.0	0.0	0.0	0.0	0.0	2.0	4.0	9.47999954224	42.1599998474	0.0	20.3600006104	0.662697589349	1.0	2
1.0	8580.83203125	4.0	1.0	6326.87304688	1.0	1.0	5.36000013351	0.0	0.993505239487	0.0	0.113786391914	4.36697050165	2.80899355126	-57.319152832	-20.3616008759	7.92776489258	0.360335820332	27.0	4.44000005722	336.362396833	20.0	30.2800006866	0.997468687906	1.0	2
1.0	7433.79296875	1.0	1.0	2141.96948242	3.0	3.0	0.0	10.0	0.0	0.0	0.0	0.0	0.0	0.0	0.0	0.0	2.0	27.0	5.48000001907	285.587198138	13.0	22.7600002289	0.144011976955	1.0	2
1.0	7099.77539062	3.0	1.0	7507.734375	2.0	2.0	14.4399995804	0.0	-0.0265279151499	-0.970080852509	0.241328388453	17.1238592678	25.5850902112	-62.410900116	-14.2677993774	-1.6816649437	0.826563580646	31.0	6.23999977112	396.519996643	22.0	30.2800006866	0.983440744943	1.0	2
1.0	4470.37939453	1.0	1.0	4983.56835938	1.0	1.0	0.0	10.0	0.0	0.0	0.0	0.0	0.0	0.0	0.0	0.0	2.0	15.0	13.2399997711	140.446382491	14.0	28.5200004578	-1.0	0.0	2
1.0	9935.1171875	5.0	2.0	2862.23583984	8.0	8.0	2.03999996185	3.99764933657	0.15439337492	0.257757604122	0.953794419765	6.91487315927	13.2990571924	-61.0835990906	-11.8727550507	13.4830846786	0.961208840448	28.0	11.1199998856	208.830384088	11.0	33.8600006104	0.999704754276	1.0	2
1.0	6951.27929688	3.0	2.0	4483.39453125	3.0	3.0	0.0	10.0	0.0	0.0	0.0	0.0	0.0	0.0	0.0	0.0	2.0	40.0	13.2399997711	345.861130414	14.0	31.7600002289	0.0798081354398	1.0	2
1.0	7167.94433594	8.0	3.0	3062.46630859	4.0	3.0	13.6599998474	0.0	0.982115030289	-0.129117116332	-0.13703610003	2.46585401731	17.6833254551	-58.1348495483	-17.4379997253	6.12829017639	0.643454641269	17.0	10.0	145.914351001	3.0	21.8400001526	0.993340153616	1.0	2
1.0	8491.34863281	4.0	1.0	5641.68212891	2.0	2.0	22.2199997902	0.0	-0.982115030289	0.129117116332	0.13703610003	14.4818020928	17.6526930425	-58.1348495483	-17.4379997253	6.12829017639	0.45123278244	33.0	8.39999961853	288.379182944	15.0	28.5200004578	0.990081841395	1.0	2
1.0	4011.20947266	6.0	4.0	4275.328125	1.0	1.0	18.7399997711	0.0	0.982114672661	-0.129118964076	-0.137036517262	17.8973355013	0.0	-60.1601486206	-15.6052999496	4.42708015442	0.349015811159	35.0	10.0	320.789549589	6.0	31.7600002289	0.993340141177	1.0	2
1.0	7187.61425781	1.0	1.0	1369.92224121	6.0	6.0	0.0	10.0	0.0	0.0	0.0	0.0	0.0	0.0	0.0	0.0	2.0	24.0	10.2399997711	210.179148016	11.0	33.8600006104	0.490724144075	1.0	2
1.0	10039.9667969	4.0	1.0	5602.27441406	2.0	2.0	41.3200001717	0.0	0.982109308243	-0.129118263721	-0.137075617909	11.3300687129	16.4104354429	-57.5487518311	-17.2882995605	10.5809001923	0.669803628893	43.0	8.39999961853	326.665982645	14.0	29.3600006104	0.999967820241	1.0	2
1.0	4311.82958984	2.0	2.0	4132.02734375	2.0	2.0	0.0	10.0	0.0	0.0	0.0	0.0	0.0	0.0	0.0	0.0	2.0	16.0	13.2399997711	148.784398166	12.0	28.5200004578	0.25156233795	1.0	2
1.0	9409.70214844	4.0	2.0	4906.39892578	4.0	4.0	41.3200001717	0.0	0.982109308243	-0.129118263721	-0.137075617909	11.3300687129	16.4104354429	-57.5487518311	-17.2882995605	10.5809001923	0.669803628893	39.0	8.39999961853	368.087580153	17.0	33.8600006104	0.998620132334	1.0	2
1.0	3772.95092773	1.0	1.0	4243.50976562	1.0	1.0	0.0	10.0	0.0	0.0	0.0	0.0	0.0	0.0	0.0	0.0	2.0	10.0	9.11999988556	121.184799664	6.0	39.3800010681	-1.0	0.0	2
1.0	5281.62011719	2.0	1.0	5683.51464844	3.0	3.0	3.41999995708	3.379925983	0.0479258038104	0.315209627151	0.947811186314	7.59001486356	0.911072242586	-65.5759506226	-6.85948514938	7.14964008331	0.860211601521	31.0	2.27999997139	247.144000202	16.0	39.3800010681	0.96692737063	1.0	2
1.0	210.232208252	2.0	1.0	428.290985107	1.0	1.0	0.0	10.0	0.0	0.0	0.0	0.0	0.0	0.0	0.0	0.0	2.0	2.0	19.3199996948	19.9399995804	0.0	23.3600006104	0.970984481686	1.0	2
1.0	7173.45654297	1.0	1.0	1234.49780273	4.0	4.0	9.38000011444	0.0	-0.998190760612	0.028719291091	-0.0528245940804	3.44602201842	1.38606994356	-61.2334976196	-11.7377500534	-0.518813967705	0.89393590718	18.0	6.36000013351	133.403599866	14.0	39.3800010681	0.821352786482	1.0	2
1.0	5259.70654297	2.0	1.0	3052.94018555	4.0	4.0	12.5199999809	0.0	0.0411629453301	0.994547128677	-0.0958207696676	0.911069169087	25.8340339527	-42.754447937	-21.246049881	19.4684505463	0.895241835258	22.0	2.27999997139	175.856000796	13.0	39.3800010681	0.973412533548	1.0	2
1.0	4787.07080078	2.0	1.0	5201.84667969	2.0	2.0	3.41999995708	3.379925983	0.0479258038104	0.315209627151	0.947811186314	7.59001486356	0.911072242586	-65.5759506226	-6.85948514938	7.14964008331	0.860211601521	11.0	9.11999988556	122.204799645	7.0	39.3800010681	0.689157742292	1.0	2
1.0	5840.24414062	3.0	2.0	4669.95507812	3.0	3.0	6.17999982834	0.0	0.998193800449	-0.0286201890558	0.0528207607567	2.77213739738	0.0	-60.4006996155	-14.3712997437	1.17630505562	0.991234267856	30.0	4.21999979019	277.909600526	16.0	39.3800010681	0.982998393592	1.0	2
1.0	4344.50195312	1.0	1.0	5215.96972656	2.0	2.0	3.41999995708	3.379925983	0.0479258038104	0.315209627151	0.947811186314	7.59001486356	0.911072242586	-65.5759506226	-6.85948514938	7.14964008331	0.860211601521	10.0	9.11999988556	121.184799664	6.0	39.3800010681	0.516546710815	1.0	2
1.0	1562.56140137	4.0	1.0	563.594848633	2.0	1.0	0.0	10.0	0.0	0.0	0.0	0.0	0.0	0.0	0.0	0.0	2.0	1.0	22.2399997711	8.53999996185	0.0	22.2399997711	0.96634594332	1.0	2
1.0	5481.59667969	1.0	1.0	4309.84521484	1.0	1.0	0.0	10.0	0.0	0.0	0.0	0.0	0.0	0.0	0.0	0.0	2.0	18.0	1.96000003815	85.7723673731	13.0	28.8799991608	-1.0	0.0	2
1.0	9578.546875	4.0	2.0	5212.85009766	6.0	6.0	55.0344010592	0.0	0.0289053656161	-0.963120162487	0.267514556646	0.0	30.1790330625	-54.5790481567	-23.5450000763	-0.0547693483531	0.140922177108	42.0	1.96000003815	356.908821896	20.0	28.0799999237	0.999813052158	1.0	2
1.0	6125.62695312	1.0	1.0	4933.44091797	3.0	3.0	9.68000030518	0.0	0.0289053656161	-0.963120162487	0.267514556646	0.0	10.3671934542	-54.5790481567	-23.5450000763	-0.0547693483531	0.140922177108	26.0	1.96000003815	178.532367483	15.0	28.8799991608	0.706311825149	1.0	2
1.0	11014.7382812	5.0	2.0	3976.20898438	3.0	3.0	30.8143999577	0.0	0.999506890774	0.0309955179691	0.00502380356193	1.99357163421	11.2415310122	-55.0690994263	-23.4388999939	-1.55105996132	0.142581560918	32.0	1.96000003815	218.329620227	12.0	23.9599990845	0.989013500221	1.0	2
1.0	225.948806763	2.0	0.0	948.750915527	4.0	0.0	0.0	10.0	0.0	0.0	0.0	0.0	0.0	0.0	0.0	0.0	2.0	0.0	0.0	0.0	0.0	0.0	0.498763688422	1.0	2
1.0	11128.765625	4.0	1.0	3731.5246582	3.0	3.0	20.9799995422	0.0	0.0288076400757	-0.96311545372	0.267542004585	0.987287922537	30.8483461015	-55.7321014404	-18.7171497345	2.97102999687	0.95760201809	19.0	1.96000003815	101.026819244	8.0	23.5599994659	0.982105515252	1.0	2
1.0	1185.4342041	4.0	2.0	1164.97412109	2.0	1.0	0.0	10.0	0.0	0.0	0.0	0.0	0.0	0.0	0.0	0.0	2.0	5.0	2.38000011444	31.5599997044	0.0	26.0799999237	0.983655932719	1.0	2
1.0	2276.31005859	4.0	2.0	1042.59082031	3.0	2.0	0.0	10.0	0.0	0.0	0.0	0.0	0.0	0.0	0.0	0.0	2.0	5.0	1.96000003815	27.1799989939	1.0	11.4799995422	0.995680713639	1.0	2
1.0	7142.73583984	3.0	2.0	5377.13183594	2.0	2.0	19.0600004196	0.0	0.0289028137922	-0.963133394718	0.267467111349	26.4160404923	14.8647626869	-64.0838470459	-1.84848499298	-13.5030498505	0.927362469999	21.0	1.96000003815	99.2223677188	16.0	28.8799991608	0.9371203397	1.0	2
1.0	4558.25683594	2.0	2.0	1374.73974609	6.0	6.0	9.39439988136	0.0	-0.0288100410253	0.963136255741	-0.267466962337	28.1380264726	3.54933208309	-64.2326049805	2.65656518936	-11.8342494965	0.512651470287	14.0	3.11999988556	90.8075995296	8.0	21.5799999237	0.99656155501	1.0	2
1.0	3677.83959961	1.0	1.0	4147.75683594	1.0	1.0	0.0	10.0	0.0	0.0	0.0	0.0	0.0	0.0	0.0	0.0	2.0	15.0	16.1399993896	117.460845053	9.0	40.8800010681	-1.0	0.0	2
1.0	6824.77636719	3.0	1.0	3801.65844727	3.0	3.0	15.2800002098	0.0	0.0130402920768	-0.976926326752	0.213178142905	1.7989790206	19.2848459665	-58.623249054	-23.3137512207	3.15257501602	0.430072269423	41.0	10.1400003433	318.30495134	27.0	40.8800010681	0.982975395611	1.0	2
1.0	3902.4440918	1.0	1.0	3518.17382812	1.0	1.0	0.0	10.0	0.0	0.0	0.0	0.0	0.0	0.0	0.0	0.0	2.0	11.0	16.1399993896	97.7836151719	7.0	40.8800010681	0.163216489305	1.0	2
1.0	1428.84680176	6.0	2.0	3924.65234375	5.0	3.0	0.0	10.0	0.0	0.0	0.0	0.0	0.0	0.0	0.0	0.0	2.0	7.0	13.8400001526	74.4199991226	2.0	29.9400005341	0.972546982008	1.0	2
1.0	4240.74365234	3.0	1.0	5581.48681641	1.0	1.0	5.55999994278	0.0	0.0131471920758	-0.976927220821	0.21316742897	3.40198719389	18.0237553088	-58.7294006348	-22.6833496094	1.42175006866	0.131767467055	17.0	10.1400003433	136.660844862	11.0	40.8800010681	0.37273432052	1.0	2
1.0	8196.33496094	3.0	1.0	3376.39013672	1.0	1.0	9.72000026703	0.0	0.0130402920768	-0.976926326752	0.213178142905	19.4960265418	17.5911228299	-58.623249054	-23.3137512207	3.15257501602	0.430072269423	30.0	10.1400003433	234.277229428	17.0	29.9400005341	0.981957995856	1.0	2
1.0	1932.56530762	5.0	2.0	3332.80981445	1.0	1.0	0.0	10.0	0.0	0.0	0.0	0.0	0.0	0.0	0.0	0.0	2.0	13.0	16.1399993896	100.582326844	9.0	38.8199996948	0.877568906536	1.0	2
1.0	8291.95214844	2.0	1.0	3384.20336914	2.0	2.0	9.72000026703	0.0	0.0130402920768	-0.976926326752	0.213178142905	19.4960265418	0.927910168549	-58.623249054	-23.3137512207	3.15257501602	0.430072269423	35.0	10.1400003433	298.842078283	18.0	40.8800010681	0.995858136888	1.0	2
1.0	5082.01708984	2.0	1.0	453.771362305	4.0	4.0	0.0	10.0	0.0	0.0	0.0	0.0	0.0	0.0	0.0	0.0	2.0	8.0	15.3400001526	61.4599995613	5.0	27.7800006866	0.988162221299	1.0	2
1.0	8167.32617188	3.0	1.0	3626.52294922	1.0	1.0	9.72000026703	0.0	0.0130402920768	-0.976926326752	0.213178142905	19.4960265418	0.927910168549	-58.623249054	-23.3137512207	3.15257501602	0.430072269423	40.0	10.1400003433	351.684460178	21.0	40.8800010681	0.982600717401	1.0	2
1.0	4211.60302734	1.0	1.0	4331.05566406	1.0	1.0	0.0	10.0	0.0	0.0	0.0	0.0	0.0	0.0	0.0	0.0	2.0	11.0	5.78000020981	159.680001259	8.0	39.5999984741	-1.0	0.0	2
1.0	7384.19091797	3.0	1.0	2714.890625	2.0	2.0	10.4399995804	0.0	0.994901061058	0.0	-0.100855655968	1.92292667635	2.37137440895	-61.8075027466	-13.1436004639	-0.125484347343	0.908025204963	10.0	8.89999961853	122.360001087	7.0	39.2200012207	0.99032177222	1.0	2
1.0	4733.01416016	1.0	1.0	4331.05566406	1.0	1.0	0.0	10.0	0.0	0.0	0.0	0.0	0.0	0.0	0.0	0.0	2.0	12.0	5.78000020981	182.820000648	8.0	39.5999984741	0.026361090704	1.0	2
1.0	7285.06103516	4.0	2.0	5075.95117188	4.0	4.0	7.17839980125	0.0	0.00915051903576	-0.994015097618	0.108858801425	1.89270523273	13.8151867716	-55.9668998718	-22.289100647	9.70374011993	0.504840191559	16.0	1.89999997616	176.698798299	6.0	33.5400009155	0.990621770217	1.0	2
1.0	4576.17480469	1.0	1.0	4331.05566406	1.0	1.0	0.0	10.0	0.0	0.0	0.0	0.0	0.0	0.0	0.0	0.0	2.0	13.0	5.78000020981	169.97880125	8.0	39.5999984741	0.320519969901	1.0	2
1.0	1227.21911621	3.0	2.0	2398.94677734	2.0	2.0	2.01839995384	0.0	0.994900584221	0.0	-0.100860163569	1.89270523273	2.21198565668	-55.4197006226	-21.7677993774	9.59069061279	0.383294688137	3.0	9.57999992371	61.4200019836	1.0	31.4599990845	0.978997465733	1.0	2
1.0	5209.30712891	2.0	1.0	4331.05566406	1.0	1.0	0.0	10.0	0.0	0.0	0.0	0.0	0.0	0.0	0.0	0.0	2.0	11.0	5.78000020981	159.680001259	8.0	39.5999984741	0.291848786289	1.0	2
1.0	6807.99023438	3.0	2.0	3609.12133789	5.0	5.0	10.4399995804	0.0	0.994901061058	0.0	-0.100855655968	1.92292667635	2.37137440895	-61.8075027466	-13.1436004639	-0.125484347343	0.908025204963	27.0	8.89999961853	295.259198189	12.0	39.5999984741	0.99944219922	1.0	2
1.0	4328.82226562	1.0	1.0	3132.70922852	2.0	1.0	0.0	10.0	0.0	0.0	0.0	0.0	0.0	0.0	0.0	0.0	2.0	13.0	4.36000013351	152.000000954	10.0	39.5999984741	0.471130651106	1.0	2
1.0	2639.66552734	4.0	2.0	2456.18603516	4.0	1.0	0.0	10.0	0.0	0.0	0.0	0.0	0.0	0.0	0.0	0.0	2.0	4.0	9.64000034332	35.5999996662	1.0	17.5400009155	0.995781765913	1.0	2
1.0	5251.54052734	1.0	1.0	3629.99731445	1.0	1.0	0.0	10.0	0.0	0.0	0.0	0.0	0.0	0.0	0.0	0.0	2.0	20.0	3.16000008583	119.463831973	19.0	35.4399986267	-1.0	0.0	2
1.0	6285.92675781	3.0	3.0	3270.88964844	4.0	4.0	0.0	10.0	0.0	0.0	0.0	0.0	0.0	0.0	0.0	0.0	2.0	26.0	3.16000008583	205.821031418	14.0	34.0999984741	0.997167704471	1.0	2
1.0	5886.4609375	1.0	1.0	1873.95397949	2.0	2.0	0.0	10.0	0.0	0.0	0.0	0.0	0.0	0.0	0.0	0.0	2.0	15.0	3.8599998951	117.766631809	13.0	35.4399986267	0.815280298575	1.0	2
1.0	8212.18261719	3.0	2.0	3618.49731445	2.0	2.0	18.4200000763	0.0	0.998335659504	0.0336924940348	-0.046805690974	15.6488279136	1.98492095988	-64.1856994629	-5.19022989273	-2.74689483643	0.833232959794	49.0	3.16000008583	399.008631435	28.0	35.4399986267	0.99940733372	1.0	2
1.0	5307.10351562	3.0	3.0	1928.53100586	3.0	3.0	10.3000001907	0.0	0.998335659504	0.0336924940348	-0.046805690974	2.63399420272	1.98492095988	-64.1856994629	-5.19022989273	-2.74689483643	0.833232959794	17.0	3.16000008583	162.300632429	11.0	34.0999984741	0.709162999066	1.0	2
1.0	8270.45019531	3.0	2.0	2417.81591797	4.0	4.0	10.3000001907	0.0	0.998335659504	0.0336924940348	-0.046805690974	2.63399420272	10.6549491559	-64.1856994629	-5.19022989273	-2.74689483643	0.833232959794	35.0	3.8599998951	207.463833299	24.0	31.2999992371	0.998266177649	1.0	2
1.0	7637.88183594	2.0	1.0	3725.02539062	2.0	2.0	0.0	10.0	0.0	0.0	0.0	0.0	0.0	0.0	0.0	0.0	2.0	33.0	3.16000008583	230.678230834	23.0	35.4399986267	0.979269689332	1.0	2
1.0	1910.89477539	6.0	2.0	2065.3671875	3.0	2.0	0.0	10.0	0.0	0.0	0.0	0.0	0.0	0.0	0.0	0.0	2.0	4.0	11.9600000381	30.3999991417	2.0	19.2000007629	0.985735034635	1.0	2
1.0	6285.29150391	3.0	2.0	3772.3425293	1.0	1.0	8.97999989986	0.0	0.0472525507212	-0.972096085548	0.229774609208	3.31973089982	3.28700863737	-53.4865493774	-16.6356010437	1.18371498585	0.256243551343	30.0	3.16000008583	222.172231746	19.0	34.0999984741	0.856401513837	1.0	2
1.0	1412.48303223	5.0	1.0	963.316040039	2.0	2.0	1.0	0.0	-0.998336434364	-0.0336548797786	0.0468155629933	17.0814200983	9.61233605592	-56.3652000427	-17.3418502808	-5.01309967041	0.375036440713	3.0	11.9600000381	30.2599992752	2.0	12.3400001526	0.975163042362	1.0	2
1.0	649.655761719	4.0	2.0	2318.14819336	2.0	2.0	0.0	10.0	0.0	0.0	0.0	0.0	0.0	0.0	0.0	0.0	2.0	2.0	14.8199996948	15.7199995518	0.0	32.5200004578	-1.0	0.0	2
1.0	4744.76757812	4.0	3.0	2978.15161133	4.0	3.0	27.0799999237	0.0	0.106022663414	-0.937809348106	0.330564379692	23.4189916765	14.4683057327	-57.6868515015	-20.7907485962	-1.70566999912	0.594091891895	14.0	8.69999980927	112.56399928	4.0	29.8600006104	0.723774106272	1.0	2
1.0	7600.1484375	2.0	1.0	4540.50488281	2.0	2.0	28.9275999069	0.0	0.106013685465	-0.937819063663	0.330539792776	1.70181315016	24.4053514316	-58.9693489075	-19.4972000122	-0.912878036499	0.710707145873	23.0	8.69999980927	216.850801721	4.0	18.0799999237	0.882640515231	1.0	2
1.0	9182.55566406	2.0	1.0	1206.50036621	6.0	6.0	0.0	10.0	0.0	0.0	0.0	0.0	0.0	0.0	0.0	0.0	2.0	21.0	19.9799995422	207.729596511	0.0	38.6399993896	0.534229661204	1.0	2
1.0	7938.69433594	2.0	1.0	245.523193359	3.0	3.0	0.0	10.0	0.0	0.0	0.0	0.0	0.0	0.0	0.0	0.0	2.0	5.0	20.1599998474	58.5199999809	0.0	30.5599994659	0.583379823667	1.0	2
1.0	4398.17626953	1.0	1.0	5096.50585938	1.0	1.0	0.0	10.0	0.0	0.0	0.0	0.0	0.0	0.0	0.0	0.0	2.0	14.0	3.29999995232	125.488800032	0.0	42.9399986267	-1.0	0.0	2
1.0	7561.45751953	6.0	3.0	6384.56298828	2.0	2.0	13.9999995232	0.0	-0.0587473884225	-0.984730243683	0.163875386119	0.0	5.81035863398	-53.9187011719	-20.1856994629	1.66621994972	0.680169748852	30.0	3.29999995232	299.948402673	2.0	12.6999998093	0.986367939865	1.0	2
1.0	10239.7421875	4.0	1.0	2946.7487793	3.0	3.0	26.3799993992	0.0	-0.0588528141379	-0.9847214818	0.163889870048	3.72449017756	27.5600970397	-55.0959510803	-22.1354484558	2.10745000839	0.357603593621	24.0	3.1400001049	180.939201159	2.0	16.4400005341	0.973721982688	1.0	2
1.0	6393.96435547	5.0	2.0	3538.62963867	4.0	4.0	8.89999961853	0.0	-0.0587473884225	-0.984730243683	0.163875386119	0.0	3.75606415157	-53.9187011719	-20.1856994629	1.66621994972	0.680169748852	28.0	7.46000003815	257.514800504	0.0	43.4199981689	0.768598460453	1.0	2
1.0	8385.3203125	4.0	1.0	4873.27636719	2.0	2.0	25.1399998665	0.0	-0.0588528141379	-0.9847214818	0.163889870048	3.72449017756	26.9765874565	-55.0959510803	-22.1354484558	2.10745000839	0.357603593621	26.0	3.29999995232	222.213199764	0.0	41.5400009155	0.989013521842	1.0	2
1.0	6221.62011719	4.0	2.0	3192.08105469	1.0	1.0	0.0	10.0	0.0	0.0	0.0	0.0	0.0	0.0	0.0	0.0	2.0	20.0	8.31999969482	202.803601338	0.0	42.9399986267	0.595113569526	1.0	2
1.0	9825.97851562	5.0	1.0	4318.94873047	3.0	3.0	12.4199995995	0.0	-0.0588528141379	-0.9847214818	0.163889870048	3.72449017756	1.48335821702	-55.0959510803	-22.1354484558	2.10745000839	0.357603593621	41.0	3.29999995232	313.309601603	1.0	12.6999998093	0.984902660237	1.0	2
1.0	7208.328125	5.0	1.0	6116.24755859	2.0	2.0	12.720000267	2.30031302437	-0.285725861788	0.533620119095	0.795996427536	18.8961348654	7.8441903401	-64.5421524048	-6.38160991669	2.87741541862	0.341959144146	21.0	3.29999995232	176.448799355	0.0	42.9399986267	0.963993012575	1.0	2
1.0	4587.54589844	1.0	1.0	4605.92675781	1.0	1.0	0.0	10.0	0.0	0.0	0.0	0.0	0.0	0.0	0.0	0.0	2.0	19.0	8.39999961853	118.452273398	13.0	42.2799987793	-1.0	0.0	3
1.0	7516.59619141	2.0	1.0	5533.12451172	8.0	4.0	10.8199996948	0.0	0.0314129889011	-0.976049542427	0.215268492699	10.6218971978	19.979362895	-65.8323516846	-0.354156494141	-0.0876577496529	0.963758184116	27.0	5.23999977112	218.303863897	17.0	31.7199993134	0.987220859585	1.0	3
1.0	7696.04980469	2.0	1.0	1730.57824707	5.0	3.0	0.0	10.0	0.0	0.0	0.0	0.0	0.0	0.0	0.0	0.0	2.0	29.0	2.88000011444	192.036250318	15.0	40.1800003052	0.839112074569	1.0	3
1.0	7955.88916016	5.0	2.0	9649.69726562	4.0	3.0	43.6399993896	0.0	0.0314132720232	-0.976050019264	0.215266317129	2.26883898693	15.4196537026	-64.3827514648	-10.1315555573	2.09577488899	0.950658132624	41.0	5.84000015259	344.64444483	25.0	42.2799987793	0.999351765526	1.0	3
1.0	5365.58984375	2.0	1.0	8285.05761719	2.0	2.0	11.6999998093	0.0	0.0314132720232	-0.976050019264	0.215266317129	2.26883898693	24.6331345164	-64.3827514648	-10.1315555573	2.09577488899	0.950658132624	25.0	5.84000015259	156.533873945	16.0	42.2799987793	0.592553207936	1.0	3
1.0	8826.41210938	3.0	1.0	5700.56103516	4.0	4.0	17.0599994659	0.0	0.0314061641693	-0.976050615311	0.215264499187	10.8069420819	5.68625215477	-66.3690490723	-14.2678499222	-6.86388492584	0.794788026797	44.0	2.88000011444	376.842159472	24.0	40.1800003052	0.999903461423	1.0	3
1.0	5652.56445312	3.0	1.0	3682.07763672	1.0	1.0	0.0	10.0	0.0	0.0	0.0	0.0	0.0	0.0	0.0	0.0	2.0	25.0	5.23999977112	147.361462011	14.0	42.2799987793	0.0627593044124	1.0	3
1.0	8220.63183594	4.0	1.0	2746.52514648	4.0	4.0	15.9399995804	0.0	0.0314129889011	-0.976049542427	0.215268492699	10.6218971978	1.11746271857	-65.8323516846	-0.354156494141	-0.0876577496529	0.963758184116	32.0	8.39999961853	233.053322731	18.0	42.2799987793	0.978348335379	1.0	3
1.0	5943.62451172	3.0	1.0	8879.58984375	2.0	2.0	32.8199996948	0.0	0.0314132720232	-0.976050019264	0.215266317129	2.26883898693	15.4196537026	-64.3827514648	-10.1315555573	2.09577488899	0.950658132624	28.0	5.84000015259	173.258273884	17.0	42.2799987793	0.936204035932	1.0	3
1.0	8873.28710938	3.0	1.0	6053.515625	3.0	3.0	34.4599990845	0.0	-0.0314061641693	0.976050615311	-0.215264499187	11.0727039062	0.0	-66.3690490723	-14.2678499222	-6.86388492584	0.794788026797	53.0	3.8599998951	355.507524726	29.0	37.8199996948	0.998609175602	1.0	3
1.0	3844.34594727	1.0	1.0	4174.84814453	1.0	1.0	0.0	10.0	0.0	0.0	0.0	0.0	0.0	0.0	0.0	0.0	2.0	6.0	22.6000003815	89.3021701104	6.0	44.3400001526	-1.0	0.0	3
1.0	10228.5595703	5.0	2.0	6289.77050781	11.0	5.0	19.1199998856	1.71892116735	-0.0305271670222	0.0905338078737	0.995425403118	19.1215183515	34.6132244529	-60.9400024414	-11.2861499786	3.81065988541	0.741344166166	21.0	10.1199998856	190.792032727	7.0	32.2999992371	0.998726126745	1.0	3
1.0	5231.69384766	3.0	1.0	6643.14453125	2.0	1.0	6.26000022888	0.0	-0.00326733733527	-0.994228601456	0.107232630253	2.9546836777	3.26686543903	-58.6388015747	-15.2299499512	-1.63870000839	0.840409211224	8.0	13.3599996567	94.850969953	8.0	44.3400001526	0.602442971413	1.0	3
1.0	1524.42687988	6.0	3.0	5058.95507812	8.0	1.0	0.0	10.0	0.0	0.0	0.0	0.0	0.0	0.0	0.0	0.0	2.0	13.0	14.1999998093	125.054400072	3.0	32.2999992371	0.974881249336	1.0	3
1.0	7396.30859375	3.0	1.0	4450.49121094	2.0	1.0	13.3000001907	0.0	-0.00326733733527	-0.994228601456	0.107232630253	28.2864816223	3.26686543903	-58.6388015747	-15.2299499512	-1.63870000839	0.840409211224	7.0	9.22000026703	49.5660003126	5.0	26.8799991608	0.998810481017	1.0	3
1.0	4967.71142578	2.0	2.0	4654.93652344	2.0	2.0	25.0799999237	0.0	-0.00326733733527	-0.994228601456	0.107232630253	24.5982589612	3.26686543903	-58.6388015747	-15.2299499512	-1.63870000839	0.840409211224	8.0	9.22000026703	99.7488015592	6.0	44.3400001526	0.97430809417	1.0	3
1.0	5488.51904297	3.0	1.0	6769.44433594	2.0	2.0	17.8000001907	0.0	-0.00326733733527	-0.994228601456	0.107232630253	2.9546836777	3.26686543903	-58.6388015747	-15.2299499512	-1.63870000839	0.840409211224	12.0	13.3599996567	128.710970563	8.0	44.3400001526	0.828259993242	1.0	3
1.0	6900.43066406	3.0	1.0	2784.03491211	3.0	3.0	11.5399999619	1.71892116735	-0.0305271670222	0.0905338078737	0.995425403118	32.8043667582	1.4481721361	-60.9400024414	-11.2861499786	3.81065988541	0.741344166166	6.0	10.1199998856	78.1599988937	4.0	32.2999992371	0.990944295903	1.0	3
1.0	7639.74560547	3.0	1.0	5135.63964844	2.0	2.0	11.5399999619	1.71892116735	-0.0305271670222	0.0905338078737	0.995425403118	32.8043667582	1.4481721361	-60.9400024414	-11.2861499786	3.81065988541	0.741344166166	9.0	22.6000003815	155.182169271	9.0	44.3400001526	0.965574001651	1.0	3
1.0	7865.68359375	2.0	1.0	2254.58349609	3.0	3.0	17.8000001907	0.0	-0.00326733733527	-0.994228601456	0.107232630253	2.9546836777	9.35813770619	-58.6388015747	-15.2299499512	-1.63870000839	0.840409211224	14.0	13.3599996567	118.042569039	5.0	44.3400001526	0.994256740105	1.0	3
1.0	4551.77539062	1.0	1.0	3454.078125	1.0	1.0	0.0	10.0	0.0	0.0	0.0	0.0	0.0	0.0	0.0	0.0	2.0	19.0	11.279999733	134.123200975	0.0	41.7200012207	-1.0	0.0	3
1.0	7811.49023438	5.0	2.0	6834.59423828	13.0	2.0	50.8000001907	0.0	0.0535315349698	0.956509053707	-0.286748677492	1.61895362944	33.0818163492	-55.0910491943	-20.0363006592	11.6726999283	0.349129102449	28.0	11.279999733	229.187598892	5.0	25.3799991608	0.990150988739	1.0	3
1.0	7067.18896484	7.0	3.0	7246.81494141	13.0	5.0	34.1400003433	0.0	0.995688378811	-0.0703882202506	-0.0604163073003	0.0	20.801359392	-56.7166519165	-28.3765487671	2.87561988831	0.309514533704	31.0	11.279999733	228.807447296	3.0	25.3799991608	0.829497618907	1.0	3
1.0	8740.76074219	7.0	2.0	7328.61474609	12.0	4.0	30.5600004196	0.0	0.995688378811	-0.0703882202506	-0.0604163073003	0.0	11.9307816273	-56.7166519165	-28.3765487671	2.87561988831	0.309514533704	37.0	9.81999969482	323.484248471	4.0	25.3799991608	0.967818267996	1.0	3
1.0	5956.1875	4.0	1.0	3588.94189453	2.0	2.0	10.0599999428	0.0	0.0535315349698	0.956509053707	-0.286748677492	1.61895362944	14.6097683518	-55.0910491943	-20.0363006592	11.6726999283	0.684174416414	19.0	11.4799995422	165.628001414	5.0	24.5200004578	0.895731496842	1.0	3
1.0	7455.328125	5.0	1.0	3218.11474609	5.0	5.0	10.0599999428	0.0	0.0535315349698	0.956509053707	-0.286748677492	1.61895362944	14.6097683518	-55.0910491943	-20.0363006592	11.6726999283	0.684174416414	28.0	9.18000030518	225.85944755	5.0	24.5200004578	0.978404887393	1.0	3
1.0	5859.89550781	2.0	1.0	2104.99707031	1.0	1.0	0.0	10.0	0.0	0.0	0.0	0.0	0.0	0.0	0.0	0.0	2.0	23.0	11.4799995422	185.600000739	3.0	24.5200004578	0.479973245793	1.0	3
1.0	8445.14160156	4.0	1.0	3954.54101562	2.0	2.0	10.0599999428	0.0	0.0535315349698	0.956509053707	-0.286748677492	1.61895362944	14.6097683518	-55.0910491943	-20.0363006592	11.6726999283	0.684174416414	38.0	9.18000030518	308.089048255	7.0	24.5200004578	0.995522560209	1.0	3
1.0	5269.71191406	2.0	1.0	5649.00683594	2.0	2.0	15.1599998474	0.0	0.0535315349698	0.956509053707	-0.286748677492	1.61895362944	12.5166647899	-55.0910491943	-20.0363006592	11.6726999283	0.684174416414	26.0	9.18000030518	263.512801223	6.0	25.3799991608	0.91399474391	1.0	3
1.0	4854.82714844	3.0	2.0	3697.64257812	4.0	4.0	1.22000002861	0.0	0.0535315349698	0.956509053707	-0.286748677492	1.61895362944	0.0	-55.0910491943	-20.0363006592	11.6726999283	0.684174416414	14.0	9.18000030518	186.103203297	1.0	19.8999996185	0.968642578327	1.0	3
1.0	4502.50488281	2.0	1.0	5259.97167969	1.0	1.0	0.0	10.0	0.0	0.0	0.0	0.0	0.0	0.0	0.0	0.0	2.0	20.0	10.3199996948	161.598401904	1.0	10.3199996948	-1.0	0.0	3
1.0	6415.8671875	9.0	1.0	6697.00244141	6.0	1.0	0.0	10.0	0.0	0.0	0.0	0.0	0.0	0.0	0.0	0.0	2.0	14.0	9.0	89.8092001081	4.0	26.5	0.994449745119	1.0	3
1.0	7476.42431641	10.0	3.0	9933.0234375	7.0	3.0	20.1800000668	0.0	-0.999262273312	0.0310830771923	0.0225547645241	1.79982870345	29.2225535838	-58.5373001099	-20.5345993042	6.3911447525	0.880082562498	15.0	7.61999988556	135.660802126	1.0	7.61999988556	0.979502824497	1.0	3
1.0	7574.21533203	10.0	4.0	7626.23291016	12.0	4.0	28.1199998856	0.0	0.999262273312	-0.0310830771923	-0.0225547645241	29.2225535838	19.1811527165	-58.5373001099	-20.5345993042	6.3911447525	0.443221158323	11.0	8.69999980927	70.7440004945	6.0	20.8799991608	0.996639105933	1.0	3
1.0	2752.66503906	3.0	2.0	5259.97167969	1.0	1.0	0.0	10.0	0.0	0.0	0.0	0.0	0.0	0.0	0.0	0.0	2.0	8.0	12.8800001144	79.1200017929	0.0	40.9199981689	0.0114253031408	1.0	3
1.0	9741.48339844	6.0	2.0	5643.30859375	2.0	2.0	41.1199998856	0.0	-0.999262273312	0.0310830771923	0.0225547645241	1.79982870345	29.2225535838	-58.5373001099	-20.5345993042	6.3911447525	0.880082562498	50.0	6.11999988556	386.15280075	16.0	36.4799995422	0.999813052033	1.0	3
1.0	107.482002258	1.0	1.0	2819.59399414	3.0	1.0	0.0	10.0	0.0	0.0	0.0	0.0	0.0	0.0	0.0	0.0	2.0	2.0	17.8799991608	0.178000003099	1.0	17.8799991608	0.262234405307	1.0	3
1.0	8345.75390625	5.0	2.0	6651.78662109	3.0	3.0	39.4400002956	0.0	0.0335470587015	0.986687541008	-0.159129887819	20.678516667	20.793168683	-60.3800506592	-23.0130996704	-2.07583498955	0.876696600655	38.0	7.03999996185	291.008172505	11.0	36.4799995422	0.990944293538	1.0	3
1.0	4705.58154297	3.0	1.0	5107.93994141	1.0	1.0	0.0	10.0	0.0	0.0	0.0	0.0	0.0	0.0	0.0	0.0	2.0	22.0	10.3199996948	181.610001445	1.0	10.3199996948	0.108120704679	1.0	3
1.0	6563.32275391	8.0	3.0	5302.57714844	2.0	2.0	0.0	10.0	0.0	0.0	0.0	0.0	0.0	0.0	0.0	0.0	2.0	26.0	10.6999998093	201.435367867	11.0	34.1199989319	0.980847898535	1.0	3
1.0	5650.46142578	1.0	1.0	5672.57177734	1.0	1.0	0.0	10.0	0.0	0.0	0.0	0.0	0.0	0.0	0.0	0.0	2.0	20.0	19.5799999237	197.303200945	18.0	34.5400009155	-1.0	0.0	3
1.0	9757.77636719	7.0	4.0	8232.53417969	12.0	4.0	33.5	0.0	-0.00760319083929	0.965325176716	-0.260939717293	4.74067947712	15.5803224551	-60.0658493042	-18.9062995911	-1.81429004669	0.482112137612	47.0	5.05999994278	398.682914328	25.0	43.8800010681	0.999943124821	1.0	3
1.0	7949.50146484	1.0	1.0	2230.40405273	3.0	2.0	0.0	10.0	0.0	0.0	0.0	0.0	0.0	0.0	0.0	0.0	2.0	25.0	16.9400005341	180.898400426	12.0	43.8800010681	0.773233795893	1.0	3
1.0	9456.26855469	7.0	4.0	9960.98144531	14.0	5.0	13.6999998093	0.0	0.999440431595	0.0	-0.0334488674998	5.04881298242	28.1133644663	-65.4347991943	-7.06401014328	5.88996505737	0.167528266106	57.0	7.26000022888	398.973168749	27.0	41.9000015259	0.999922979503	1.0	3
1.0	6607.12011719	1.0	1.0	5672.57177734	1.0	1.0	0.0	10.0	0.0	0.0	0.0	0.0	0.0	0.0	0.0	0.0	2.0	24.0	16.9400005341	242.628113594	19.0	34.5400009155	0.232948601199	1.0	3
1.0	6799.15283203	3.0	2.0	2161.56860352	2.0	2.0	0.0	10.0	0.0	0.0	0.0	0.0	0.0	0.0	0.0	0.0	2.0	10.0	15.6999998093	67.0635991842	3.0	40.4799995422	0.999615357722	1.0	3
1.0	4441.61767578	3.0	1.0	444.569091797	2.0	1.0	8.85999965668	1.8991813929	-0.254263758659	0.194932922721	0.947286188602	5.12597606616	0.960248591756	-66.6710510254	-5.68937015533	-1.59321594238	0.67517110937	0.0	0.0	0.0	0.0	0.0	0.98088121564	1.0	3
1.0	2795.00537109	6.0	2.0	342.682403564	3.0	2.0	0.0	10.0	0.0	0.0	0.0	0.0	0.0	0.0	0.0	0.0	2.0	2.0	28.8799991608	14.720000267	1.0	33.9000015259	0.998505317845	1.0	3
1.0	5205.46386719	5.0	2.0	2004.41101074	3.0	3.0	5.15999984741	2.00435521857	0.481247961521	-0.175012722611	-0.858935952187	11.6522954207	2.0261919608	-66.1703033447	-4.76242494583	-1.86079192162	0.831570853873	17.0	19.5799999237	155.327601641	10.0	40.0400009155	0.98386824142	1.0	3
1.0	7671.63964844	4.0	3.0	5624.95849609	4.0	4.0	21.3479998112	0.0	-0.999440312386	0.0	0.0334523804486	14.0746837395	11.9551126868	-58.3526496887	-22.9498996735	4.5869550705	0.282235558731	43.0	5.86000013351	296.299966764	22.0	43.8800010681	0.999032344507	1.0	3
