valid	volumeS1	connectedComponentsS1	connectedComponentsS1Rel	volumeS2	connectedComponentsS2	connectedComponentsS2Rel	corticalSize	distanceMin	direction_x	direction_y	direction_z	distanceToExtremity1	distanceToExtremity2	gravityCenter_x	gravityCenter_y	gravityCenter_z	corticalDotProduct	junctions	junctionDepthMin	junctionsSize	plisDePassage	plisDePassageDepthMax	Potential	Class	cycle
1.0	1987.03686523	2.0	1.0	804.364196777	1.0	1.0	44.7000002861	2.86669318904	-0.799970567226	0.597510874271	-0.0550260283053	2.75058545659	6.72504891527	-40.6738510132	33.0316505432	26.78099823	0.981845742489	0.0	0.0	0.0	0.0	0.0	-1.0	0.0	1
1.0	7962.29394531	21.0	5.0	4117.68603516	4.0	4.0	145.320000172	0.0	-0.0583533346653	-0.987327873707	0.147575750947	56.6404787318	2.34084228776	-31.5999488831	64.6259994507	17.2663497925	0.877981388872	2.0	9.14000034332	14.6800003052	0.0	42.4399986267	0.985383375479	1.0	1
1.0	5655.33056641	7.0	3.0	1668.92126465	3.0	1.0	59.259999752	0.0	-0.0583533346653	-0.987327873707	0.147575750947	32.1462370339	37.1744836528	-31.5999488831	64.6259994507	17.2663497925	0.877981388872	1.0	9.14000034332	8.18000030518	0.0	9.14000034332	0.680887894426	1.0	1
1.0	8218.37109375	16.0	2.0	3583.04638672	4.0	4.0	138.600000381	2.32646724386	0.871690869331	-0.421065092087	-0.250717490911	2.62182878152	34.7468986552	-53.5006027222	33.0008010864	25.0644989014	0.958569403111	0.0	0.0	0.0	0.0	0.0	0.998500622628	1.0	1
1.0	3217.48535156	5.0	4.0	819.246032715	2.0	2.0	99.9200005531	0.0	-0.0584601834416	-0.987306654453	0.147675305605	9.02309663142	1.77758545201	-42.3526992798	8.68370437622	37.9231987	0.602801963285	3.0	7.26000022888	22.960000515	0.0	9.14000034332	0.572637648824	1.0	1
1.0	6482.29980469	7.0	4.0	3445.00097656	3.0	3.0	204.260000229	0.0	-0.0584601834416	-0.987306654453	0.147675305605	9.02309663142	28.2242922849	-42.3526992798	8.68370437622	37.9231987	0.602801963285	1.0	8.65999984741	9.0	0.0	8.65999984741	0.995100599476	1.0	1
1.0	969.223022461	3.0	1.0	804.364196777	1.0	1.0	5.01999998093	4.41780490723	-0.543880820274	-0.786864340305	0.291613042355	2.96292069117	0.0	-36.3234519958	49.3922996521	22.6977005005	0.962229917421	0.0	0.0	0.0	0.0	0.0	0.406868344378	1.0	1
1.0	7783.35644531	9.0	6.0	2831.58691406	3.0	3.0	143.679999352	0.0	-0.0583533346653	-0.987327873707	0.147575750947	49.8540604789	2.34084228776	-31.5999488831	64.6259994507	17.2663497925	0.877981388872	2.0	7.26000022888	13.960000515	0.0	9.14000034332	0.989615950512	1.0	1
1.0	1396.71325684	3.0	2.0	712.215209961	2.0	2.0	48.6000003815	0.0	-0.0583551675081	-0.987327814102	0.147575125098	29.9944490257	1.83374179294	-22.5111503601	56.7693023682	10.5563497543	0.709834644398	1.0	8.81999969482	7.55999994278	0.0	8.81999969482	0.457439823674	1.0	1
1.0	6313.55712891	9.0	3.0	3417.6730957	3.0	2.0	76.6399996281	0.0	-0.0584601834416	-0.987306654453	0.147675305605	21.8851056107	20.593764511	-42.3526992798	8.68370437622	37.9231987	0.602801963285	1.0	8.65999984741	9.0	0.0	8.65999984741	0.970064403361	1.0	1
1.0	4703.14257812	1.0	1.0	1221.08654785	1.0	1.0	63.0199995041	1.45122707668	-0.995595932007	0.0935863405466	-0.00550811551511	4.51778649778	13.4069250794	-37.2264022827	10.3992500305	43.9831008911	0.264280432921	0.0	0.0	0.0	0.0	0.0	-1.0	0.0	1
1.0	18421.9804688	19.0	6.0	4393.25683594	11.0	9.0	172.299999475	0.0	0.104946188629	0.992565751076	0.0616399422288	2.78351957261	28.2340086044	-34.2024002075	8.79346466064	40.271900177	0.502708278427	24.0	6.19999980927	268.979997993	2.0	16.3999996185	0.999999999758	1.0	1
1.0	17197.6875	19.0	3.0	3307.70703125	6.0	4.0	95.2351999283	0.0	-0.9955919981	0.0936283618212	-0.00550808338448	68.4681002185	5.92726433388	-57.7895011902	70.1813049316	23.6833992004	0.931428570327	1.0	10.6999998093	0.0211999993771	1.0	15.8999996185	0.999999995652	1.0	1
1.0	15164.7089844	19.0	6.0	2991.88525391	11.0	8.0	43.1199996471	0.0	0.104946188629	0.992565751076	0.0616399422288	2.78351957261	28.2340086044	-34.2024002075	8.79346466064	40.271900177	0.502708278427	12.0	6.19999980927	119.159998775	2.0	16.3999996185	0.999999915568	1.0	1
1.0	4613.39746094	4.0	2.0	709.725952148	3.0	3.0	25.220000267	0.0	0.104935109615	0.992567420006	0.0616318508983	22.0478783803	12.3986214422	-46.4750976562	22.4057006836	30.0200996399	0.792495818264	4.0	9.80000019073	45.3599996567	0.0	23.0	0.887630750023	1.0	1
1.0	7482.51367188	7.0	3.0	2287.38793945	3.0	3.0	117.679999352	0.0	-0.995591640472	0.093631953001	-0.00550808152184	60.0218017417	0.992881565921	-58.8964996338	50.0355987549	29.7389984131	0.984395372181	2.0	18.5599994659	38.4600009918	0.0	21.8999996185	0.979323762512	1.0	1
1.0	9411.68066406	8.0	4.0	3793.02416992	4.0	4.0	163.679999352	0.0	0.995591640472	-0.093631953001	0.00550808152184	60.646859948	24.3634259161	-58.8964996338	50.0355987549	29.7389984131	0.984395372181	2.0	17.6800003052	34.2399997711	0.0	18.5599994659	0.999389898588	1.0	1
1.0	4362.30175781	10.0	5.0	3041.15307617	5.0	2.0	62.279999733	0.0	-0.995591640472	0.093631953001	-0.00550808152184	60.0218017417	24.8477878326	-58.8964996338	50.0355987549	29.7389984131	0.223041991813	2.0	17.6800003052	38.1800003052	0.0	21.8999996185	0.967818332542	1.0	1
1.0	5058.79833984	2.0	2.0	2427.07128906	7.0	6.0	37.8799991608	0.0	-0.105044305325	-0.992555558681	-0.0616373158991	15.7410979906	34.2087931904	-46.0006484985	17.1271495819	35.175201416	0.984599910911	6.0	10.3199996948	62.1799986362	0.0	16.9400005341	0.947439367304	1.0	1
1.0	7976.7578125	10.0	4.0	2610.41113281	6.0	4.0	46.2199993134	0.0	-0.995591640472	0.093631953001	-0.00550808152184	48.6196801968	0.992881565921	-58.8964996338	50.0355987549	29.7389984131	0.984395372181	5.0	18.5599994659	68.2000007629	0.0	22.4200000763	0.999421228074	1.0	1
1.0	3287.96899414	1.0	1.0	778.337524414	1.0	1.0	17.3400001526	0.0	0.999348282814	-0.0346090011299	-0.0102569758892	0.0	16.5830989899	-42.9217987061	30.820098877	27.9557495117	0.926886418101	2.0	5.57999992371	21.4400005341	1.0	11.8999996185	-1.0	0.0	1
1.0	10681.8076172	15.0	4.0	1493.08447266	5.0	4.0	49.643199563	0.0	-0.0334179028869	-0.984707057476	0.170983031392	13.203236541	18.4507917516	-57.559753418	10.9988498688	37.057800293	0.975601254626	6.0	1.77999997139	54.0200004578	2.0	10.4200000763	0.999983310095	1.0	1
1.0	4717.94335938	6.0	4.0	1266.90100098	1.0	1.0	26.5999994278	0.0	0.0334178879857	0.984706640244	-0.170985549688	45.1618098071	2.10714774323	-22.6291503906	53.1125488281	14.7124004364	0.683082280079	2.0	11.8999996185	14.2800006866	2.0	18.2600002289	0.848967021067	1.0	1
1.0	10997.5605469	14.0	7.0	2906.43164062	6.0	6.0	153.279999495	0.0	-0.0334178954363	-0.984706819057	0.170984715223	53.6454352086	24.682391596	-54.6967468262	62.849647522	26.2242012024	0.999566801752	8.0	5.57999992371	69.3087999523	1.0	11.8999996185	0.999983310072	1.0	1
1.0	5214.16699219	7.0	5.0	1795.20092773	3.0	3.0	59.8599998951	0.0	-0.999348282814	0.0346090011299	0.0102569758892	35.4982114959	33.5893164019	-42.9217987061	30.820098877	27.9557495117	0.926886418101	3.0	5.57999992371	26.2000007629	1.0	11.8999996185	0.96191646441	1.0	1
1.0	7021.65087891	10.0	8.0	2979.56835938	5.0	5.0	143.563199878	0.0	0.0334178879857	0.984706640244	-0.170985549688	58.3681930859	2.10714774323	-22.6291503906	53.1125488281	14.7124004364	0.683082280079	9.0	8.03999996185	64.3400001526	5.0	25.2000007629	0.999978274823	1.0	1
1.0	5121.01855469	10.0	6.0	1647.05224609	5.0	4.0	118.279999733	0.0	-0.999348342419	0.0346071831882	0.0102586429566	55.6429067887	0.0	-48.848197937	53.3945007324	27.7656497955	0.737291756308	6.0	5.57999992371	58.6800003052	5.0	14.8999996185	0.999594533523	1.0	1
1.0	7773.81005859	10.0	5.0	1564.42895508	5.0	2.0	67.9820013046	0.0	0.999348342419	-0.0346073023975	-0.0102569768205	51.2866383474	0.0	-71.2117004395	24.670999527	25.8606491089	0.495747363912	2.0	8.53999996185	15.1200003624	1.0	10.4200000763	0.999998129257	1.0	1
1.0	7559.09082031	11.0	5.0	1640.10546875	3.0	3.0	56.3600001335	0.0	-0.0334179028869	-0.984707057476	0.170983031392	13.203236541	29.6945543599	-57.559753418	10.9988498688	37.057800293	0.975601254626	5.0	5.57999992371	41.1400008202	4.0	24.7600002289	0.998789400667	1.0	1
1.0	7736.75634766	11.0	6.0	1269.85693359	5.0	5.0	132.862000465	0.0	0.999348342419	-0.0346073023975	-0.0102569768205	35.3957687497	0.0	-71.2117004395	24.670999527	25.8606491089	0.495747363912	4.0	5.57999992371	39.2800002098	2.0	14.0200004578	0.999986835869	1.0	1
1.0	2413.43652344	2.0	2.0	1138.3605957	1.0	1.0	43.5199990273	2.13024647375	-0.712582528591	0.693212330341	-0.108087144792	1.01756085161	17.136158256	-41.6142501831	31.2308998108	30.7191505432	0.849961024823	0.0	0.0	0.0	0.0	0.0	-1.0	0.0	1
1.0	14070.5634766	22.0	6.0	1929.68884277	7.0	7.0	135.939999104	0.0	0.0461943224072	0.993749678135	-0.101624883711	61.2504244041	6.91274855648	-38.2788009644	63.2860488892	24.6478004456	0.893775228801	14.0	3.51999998093	101.420000553	4.0	13.8400001526	0.999999998277	1.0	1
1.0	16253.0683594	18.0	4.0	1833.7479248	4.0	2.0	86.5800004005	0.0	0.998023033142	-0.0332690142095	0.053321801126	36.1791300287	13.4910414792	-43.5334510803	36.7443504333	28.6040496826	0.74349201154	2.0	1.44000005722	1.44000005722	2.0	16.0799999237	0.999999995951	1.0	1
1.0	12016.3574219	24.0	5.0	1896.38342285	6.0	6.0	82.3400006294	0.0	-0.0461925491691	-0.993749976158	0.101622857153	3.08005026611	24.215122658	-28.9444999695	5.85212993622	38.3338012695	0.88481909332	9.0	1.44000005722	49.5599995852	4.0	23.7399997711	0.999777128705	1.0	1
1.0	2581.89672852	3.0	2.0	1138.3605957	1.0	1.0	43.5199990273	2.13024647375	-0.712582528591	0.693212330341	-0.108087144792	1.01756085161	17.136158256	-41.6142501831	31.2308998108	30.7191505432	0.849961024823	0.0	0.0	0.0	0.0	0.0	0.187595598214	1.0	1
1.0	6500.34765625	7.0	4.0	1080.69995117	4.0	4.0	123.739998341	0.0	0.0461943224072	0.993749678135	-0.101624883711	48.5067647121	6.91274855648	-38.2788009644	63.2860488892	24.6478004456	0.893775228801	1.0	3.51999998093	3.90000009537	2.0	13.8400001526	0.999652939053	1.0	1
1.0	4665.72460938	8.0	3.0	1828.97961426	4.0	3.0	69.2399997711	0.0	0.998023033142	-0.0332690142095	0.053321801126	36.1791300287	13.4910414792	-43.5334510803	36.7443504333	28.6040496826	0.74349201154	1.0	1.44000005722	0.0	3.0	17.5599994659	0.934499526283	1.0	1
1.0	6060.37792969	8.0	6.0	2093.68188477	6.0	6.0	167.07999897	0.0	0.0461943224072	0.993749678135	-0.101624883711	37.6837794534	6.91274855648	-38.2788009644	63.2860488892	24.6478004456	0.893775228801	4.0	1.44000005722	12.7600002289	5.0	17.5599994659	0.9881870448	1.0	1
1.0	1764.02441406	2.0	1.0	558.222961426	2.0	2.0	31.0199995041	0.0	-0.998023033142	0.0332690142095	-0.053321801126	32.2151078725	14.7306543995	-28.6436500549	33.6216506958	22.4614505768	0.374270060741	0.0	0.0	0.0	2.0	17.5599994659	0.787659023785	1.0	1
1.0	5272.07275391	5.0	4.0	1575.25537109	5.0	4.0	57.0600008965	0.0	0.998023033142	-0.0332690142095	0.053321801126	36.1791300287	24.8093529231	-43.5334510803	36.7443504333	28.6040496826	0.74349201154	1.0	1.44000005722	0.0	1.0	1.44000005722	0.995553855383	1.0	1
1.0	4547.35351562	1.0	1.0	2083.72802734	1.0	1.0	31.2799999714	0.0	-0.994935333729	0.0	0.100516974926	18.094754143	4.73649913509	-35.5970497131	7.96468019485	40.9181518555	0.835662731214	1.0	6.65999984741	7.59999990463	1.0	6.65999984741	-1.0	0.0	1
1.0	16083.390625	13.0	4.0	4897.58789062	6.0	6.0	194.840001106	0.0	0.00609860988334	-0.998385608196	0.0564712509513	59.6418115418	1.01644197009	-47.5477981567	69.9197998047	29.5205001831	0.599634269504	10.0	1.5	80.2448593378	3.0	6.65999984741	0.999999442782	1.0	1
1.0	21465.8808594	12.0	4.0	4990.14550781	8.0	6.0	204.739999056	0.0	0.00609860988334	-0.998385608196	0.0564712509513	57.6994590947	1.01644197009	-47.5477981567	69.9197998047	29.5205001831	0.599634269504	11.0	1.5	85.4048596621	4.0	11.2600002289	0.999999999999	1.0	1
1.0	26497.375	14.0	5.0	3025.18383789	9.0	7.0	196.120000362	0.0	0.00610303645954	-0.998390734196	0.0563798993826	65.3226392222	1.51303273193	-60.4701004028	67.0648498535	14.3670501709	0.429168827958	13.0	6.48000001907	138.339199066	4.0	22.4400005341	1.0	1.0	1
1.0	11881.9667969	8.0	3.0	2730.55932617	4.0	4.0	147.900000334	0.0	0.994935333729	0.0	-0.100516974926	4.73649913509	18.094754143	-35.5970497131	7.96468019485	40.9181518555	0.835662731214	4.0	4.01999998093	28.340400219	2.0	6.65999984741	0.999895607719	1.0	1
1.0	9648.56738281	8.0	6.0	4923.00439453	7.0	3.0	148.879999876	0.0	-0.994935870171	0.0	0.100511498749	10.2499495323	11.5837914513	-25.0468997955	4.13091993332	44.604549408	0.593101562212	7.0	1.5	49.0195997953	3.0	9.47999954224	0.994697028307	1.0	1
1.0	6169.25341797	9.0	2.0	1067.27416992	3.0	3.0	77.6999998093	0.0	-0.00610300246626	0.998390734196	-0.0563795790076	35.255665768	7.58916194791	-49.1506996155	20.3485488892	35.5357513428	0.330151134448	3.0	6.48000001907	28.7391991615	1.0	6.65999984741	0.888928640213	1.0	1
1.0	8544.35742188	6.0	2.0	3134.75439453	4.0	3.0	118.859997511	0.0	-0.994935154915	0.0	0.100518658757	65.0505913931	4.26465937044	-57.2177505493	70.8414993286	18.356048584	0.766893978847	3.0	6.48000001907	36.2791996002	2.0	21.3199996948	0.994057075558	1.0	1
1.0	11412.3330078	5.0	2.0	3570.36645508	3.0	2.0	99.5599997044	0.0	0.00609923852608	-0.99839091301	0.0563776046038	62.746065364	3.57319242372	-48.8126983643	67.8153533936	28.2573509216	0.35361082757	3.0	4.5	12.5680000782	2.0	6.65999984741	0.999174603491	1.0	1
1.0	12400.4453125	6.0	2.0	4660.2109375	5.0	4.0	138.999999762	0.0	-0.994935154915	0.0	0.100518658757	65.0505913931	4.26465937044	-57.2177505493	70.8414993286	18.356048584	0.766893978847	6.0	4.01999998093	35.6840598583	3.0	21.3199996948	0.999901403956	1.0	1
1.0	2382.40698242	1.0	1.0	1349.51220703	1.0	1.0	33.4199995995	3.0846134484	-0.619276702404	0.588782131672	-0.519453525543	4.75737025712	14.5937039989	-41.0174484253	11.2571249008	36.9825515747	0.906546099616	0.0	0.0	0.0	0.0	0.0	-1.0	0.0	1
1.0	15772.6074219	23.0	10.0	3074.14501953	5.0	4.0	128.63999939	0.0	-0.0429158248007	-0.985966324806	0.161334052682	53.9630628329	37.2918075316	-65.443901062	33.8865013123	26.912399292	0.843296278887	5.0	4.32000017166	52.6200013161	1.0	9.53999996185	0.999999999982	1.0	1
1.0	2833.69213867	4.0	1.0	1145.76391602	1.0	1.0	8.27999973297	3.94580788099	-0.952560603619	0.287268519402	0.100524075329	19.6097717764	19.300764353	-38.2116012573	30.8812999725	30.5583496094	0.883866814611	0.0	0.0	0.0	0.0	0.0	0.305722595988	1.0	1
1.0	15424.7285156	18.0	7.0	4204.015625	6.0	4.0	173.560000181	0.0	0.0429136566818	0.985951304436	-0.16142629087	9.21389964831	24.6524117582	-29.2074012756	9.36172485352	35.5825500488	0.793643744395	10.0	1.27999997139	86.8400001526	8.0	14.6599998474	0.99999999979	1.0	1
1.0	2402.19750977	4.0	4.0	1795.92089844	2.0	2.0	51.120000124	0.0	-0.0429139919579	-0.985951066017	0.161427557468	24.9482903646	2.71126793439	-23.2915992737	52.6142501831	16.8792495728	0.849326325148	3.0	6.5	23.759999752	1.0	8.64000034332	0.317603704582	1.0	1
1.0	4932.921875	9.0	4.0	2198.28662109	5.0	5.0	128.119999886	0.0	0.0429187975824	0.98595058918	-0.161429315805	38.6882700028	28.6817791139	-65.4710998535	32.5165481567	25.8368492126	0.756986156716	2.0	9.53999996185	17.0	1.0	9.53999996185	0.991426242233	1.0	1
1.0	4864.92675781	8.0	5.0	1945.49633789	3.0	3.0	146.139998913	0.0	-0.0429157093167	-0.985950946808	0.161428049207	25.5624968883	2.70437750875	-58.3096008301	58.2912521362	29.5424499512	0.689701490156	6.0	3.55999994278	43.4599995613	4.0	14.6599998474	0.943599430519	1.0	1
1.0	5341.83496094	10.0	9.0	2965.83203125	6.0	6.0	195.759999275	0.0	-0.0429155640304	-0.985950767994	0.161429092288	50.3911757184	3.69648311154	-36.7931976318	62.7057495117	24.0488510132	0.852135020598	9.0	1.27999997139	55.4600000381	7.0	14.6199998856	0.999831644483	1.0	1
1.0	1888.89697266	3.0	1.0	203.748306274	2.0	1.0	3.40000009537	3.63881851368	-0.955452263355	-0.206299379468	0.21107237041	8.09121170987	2.97416838039	-37.6380500793	15.4239997864	33.113899231	0.823039804006	0.0	0.0	0.0	0.0	0.0	0.34686670463	1.0	1
1.0	5508.02929688	9.0	3.0	1302.62194824	4.0	3.0	55.6800003052	0.0	0.0429136566818	0.985951304436	-0.16142629087	9.21389964831	1.7338169431	-29.2074012756	9.36172485352	35.5825500488	0.793643744395	1.0	9.52000045776	9.5	1.0	11.6999998093	0.995248508562	1.0	1
1.0	2136.16503906	1.0	0.0	1134.51000977	1.0	0.0	0.0	10.0	0.0	0.0	0.0	0.0	0.0	0.0	0.0	0.0	2.0	0.0	0.0	0.0	0.0	0.0	0.481181050881	0.0	1
1.0	11740.6025391	25.0	9.0	1405.7722168	7.0	3.0	115.279999137	0.0	0.999825954437	0.0	0.0186548046768	33.1197030764	1.08818679844	-64.0085983276	63.5539016724	17.5700492859	0.105356308474	2.0	3.24000000954	8.98000001907	1.0	14.9600000381	0.999996788113	1.0	1
1.0	1764.71606445	1.0	1.0	1505.95898438	2.0	1.0	14.5200004578	0.0	0.00372824515216	0.980663001537	-0.195668488741	0.0	0.0	-23.1216506958	45.1844482422	13.8460006714	0.866400255763	0.0	0.0	0.0	1.0	17.3199996948	0.286210279871	1.0	1
1.0	12381.3203125	26.0	6.0	991.731567383	5.0	4.0	118.579999685	0.0	0.00372824515216	0.980663001537	-0.195668488741	51.3548040452	20.0782858456	-23.1216506958	45.1844482422	13.8460006714	0.866400255763	1.0	11.3999996185	11.5200004578	2.0	17.3199996948	0.999830874112	1.0	1
1.0	6407.24414062	9.0	2.0	1309.21496582	2.0	1.0	43.0600004196	3.93514932371	-0.838425040245	0.478168308735	-0.261531174183	21.5703143796	3.82059606146	-43.0163497925	28.3050994873	29.6563491821	0.288641017739	0.0	0.0	0.0	0.0	0.0	0.990236729913	1.0	1
1.0	2351.50073242	6.0	1.0	410.773010254	2.0	2.0	38.0	3.67964668008	0.807370245457	0.560975909233	-0.182918801904	4.11637296999	14.3029563367	-36.670249939	12.8089256287	39.2741508484	0.925236633382	0.0	0.0	0.0	0.0	0.0	0.96491362266	1.0	1
1.0	4341.96630859	8.0	3.0	1288.27099609	3.0	2.0	70.4999990463	2.53282455639	-0.499159574509	0.699076116085	-0.511988520622	16.1656955164	20.9093683072	-32.7548980713	20.413848877	33.7525482178	0.332810144066	0.0	0.0	0.0	0.0	0.0	0.729307392208	1.0	1
1.0	5048.00341797	11.0	0.0	257.863891602	2.0	0.0	0.0	10.0	0.0	0.0	0.0	0.0	0.0	0.0	0.0	0.0	2.0	0.0	0.0	0.0	0.0	0.0	0.481181050881	1.0	1
1.0	4774.46728516	4.0	4.0	557.973999023	2.0	2.0	80.780000329	0.0	-0.00372824445367	-0.980662822723	0.195669412613	36.7915301737	6.69790412256	-23.1097507477	54.1351470947	13.2245998383	0.954004163625	0.0	0.0	0.0	2.0	17.3199996948	0.984077789466	1.0	1
1.0	5318.18798828	11.0	1.0	493.931884766	3.0	1.0	18.3999996185	2.53282455639	0.499159574509	-0.699076116085	0.511988520622	37.4109048258	16.1656955164	-32.7548980713	20.413848877	33.7525482178	0.332810144066	0.0	0.0	0.0	0.0	0.0	0.992685803178	1.0	1
1.0	4447.47167969	1.0	1.0	858.554016113	1.0	1.0	59.4800014496	0.0	0.993508279324	0.0	0.113759703934	37.6504086148	0.0	-33.9167480469	51.426700592	18.7444992065	0.977984674505	1.0	4.48000001907	4.15999984741	1.0	4.48000001907	-1.0	0.0	1
1.0	13800.3925781	18.0	4.0	2348.25048828	9.0	8.0	79.7600018978	0.0	0.993508219719	0.0	0.113760091364	60.4965895896	3.07787355985	-56.932849884	64.9179992676	14.5827999115	0.775461895058	8.0	5.40000009537	59.5976009369	1.0	12.6000003815	0.999999776026	1.0	1
1.0	6996.56494141	11.0	1.0	995.305053711	1.0	1.0	76.4400010109	0.0	-0.993498206139	0.0	-0.1138478145	53.3050274542	4.18096427155	-31.5710506439	63.9085998535	17.7418498993	0.637496638386	2.0	3.92000007629	6.51999974251	2.0	4.48000001907	0.717792380876	1.0	1
1.0	13430.0634766	17.0	8.0	4416.16699219	6.0	5.0	251.480002403	0.0	0.993508219719	0.0	0.113760091364	60.6515582011	3.07787355985	-56.932849884	64.9179992676	14.5827999115	0.775461895058	11.0	1.79999995232	88.2800018787	4.0	20.6800003052	0.999999917765	1.0	1
1.0	6782.47412109	7.0	6.0	3046.21777344	3.0	3.0	129.799999237	0.0	-0.993504226208	0.0	-0.113795287907	48.8684867702	0.0	-20.6149501801	56.6467018127	9.58905982971	0.999810988332	9.0	3.92000007629	87.0776007175	3.0	20.1599998474	0.993888049016	1.0	1
1.0	8115.02246094	11.0	1.0	871.673095703	3.0	3.0	30.4800007343	1.88266300858	-0.0311476513743	0.958502352238	0.283377915621	50.4691670714	3.6677125059	-30.0256004333	56.1535491943	18.9359016418	0.970985865818	1.0	20.2800006866	10.6000003815	0.0	20.2800006866	0.992358488519	1.0	1
1.0	2924.18896484	4.0	1.0	140.205993652	1.0	1.0	17.1200008392	0.0	-0.993508279324	0.0	-0.113759703934	9.46065167392	3.90667317067	-31.1294498444	6.74213981628	34.0651016235	0.523551784358	1.0	8.60000038147	7.84000015259	0.0	8.60000038147	0.894420896187	1.0	1
1.0	9709.50976562	8.0	4.0	1433.57800293	3.0	3.0	27.759999752	0.0	-0.0265280082822	-0.970083355904	0.241318359971	43.1967799344	22.4039649751	-51.5928001404	60.4738006592	21.9323501587	0.889134064223	1.0	17.6399993896	16.7199993134	0.0	17.6399993896	0.999801015829	1.0	1
1.0	5636.56152344	2.0	1.0	969.75604248	2.0	2.0	62.7200014591	0.0	0.993508279324	0.0	0.113759703934	37.6504086148	0.0	-33.9167480469	51.426700592	18.7444992065	0.977984674505	1.0	4.48000001907	4.15999984741	1.0	4.48000001907	0.420453175193	1.0	1
1.0	6993.38134766	8.0	5.0	3215.83496094	6.0	4.0	96.7600021362	0.0	-0.993508279324	0.0	-0.113759703934	13.4450040845	22.3042924989	-31.1294498444	6.74213981628	34.0651016235	0.523551784358	3.0	8.60000038147	16.4400005341	0.0	27.0	0.992257423642	1.0	1
1.0	3288.03466797	1.0	1.0	840.429016113	2.0	1.0	22.7599992752	2.03685047117	-0.930957555771	0.359892189503	0.0616090595722	2.67859187088	12.2969014796	-39.9907531738	18.0482501984	44.8315010071	0.672519385494	0.0	0.0	0.0	0.0	0.0	-1.0	0.0	1
1.0	17938.3320312	24.0	10.0	2559.98217773	10.0	8.0	148.680000067	0.0	0.0849857479334	0.953450918198	-0.28932467103	62.3665804549	10.9584485667	-60.0849990845	58.4327011108	22.9794502258	0.437892975847	17.0	8.23999977112	152.239999533	1.0	8.76000022888	1.0	1.0	1
1.0	16437.2363281	20.0	5.0	2762.80322266	13.0	10.0	122.259999037	0.0	-0.0849937722087	-0.953441917896	0.289351969957	30.4301150883	45.0362452849	-67.1186065674	23.8415489197	26.5114517212	0.397517672465	13.0	8.5	109.839999199	2.0	10.3999996185	0.999999994969	1.0	1
1.0	17710.9042969	25.0	7.0	2724.53491211	7.0	6.0	156.139999628	0.0	0.982109487057	-0.129116639495	-0.137075915933	60.7091390195	4.73391521932	-19.5724487305	40.967300415	17.751701355	0.254241913644	14.0	8.39999961853	113.419999599	4.0	13.5	0.999999999998	1.0	1
1.0	3592.29150391	2.0	1.0	840.429016113	2.0	1.0	22.7599992752	2.03685047117	-0.930957555771	0.359892189503	0.0616090595722	27.2265855996	12.2969014796	-39.9907531738	18.0482501984	44.8315010071	0.672519385494	0.0	0.0	0.0	0.0	0.0	0.224619702759	1.0	1
1.0	7339.21435547	13.0	6.0	1237.15734863	4.0	4.0	118.099998951	0.0	0.982109487057	-0.129116639495	-0.137075915933	51.5989067944	4.73391521932	-19.5724487305	40.967300415	17.751701355	0.254241913644	3.0	8.39999961853	18.779999733	2.0	13.5	0.999873228473	1.0	1
1.0	4809.16796875	6.0	3.0	840.429016113	2.0	2.0	51.0399999619	2.03685047117	-0.930957555771	0.359892189503	0.0616090595722	36.6520124827	12.2969014796	-39.9907531738	18.0482501984	44.8315010071	0.672519385494	0.0	0.0	0.0	0.0	0.0	0.464264989537	1.0	1
1.0	6433.28564453	10.0	3.0	1486.2355957	4.0	4.0	122.320000648	0.0	0.0848975479603	0.953450143337	-0.28935316205	58.4763521754	29.1419395154	-57.8746490479	41.0394515991	33.7236480713	0.910742629989	1.0	8.5	7.92000007629	1.0	8.5	0.998572045711	1.0	1
1.0	3622.02441406	2.0	2.0	506.439025879	2.0	2.0	42.5999994278	0.0	-0.0849937275052	-0.953441381454	0.289353698492	21.8698854433	13.6954839319	-33.9917984009	19.7613487244	34.0754508972	0.56329129549	1.0	8.39999961853	8.46000003815	1.0	8.39999961853	0.319731142916	1.0	1
1.0	4442.86083984	12.0	4.0	1670.78686523	3.0	2.0	52.0800004005	1.58957859237	0.0200676135719	-0.622549712658	0.782322943211	58.537657923	36.3751542175	-67.0498504639	23.5419006348	27.3520507812	0.324616329371	0.0	0.0	0.0	0.0	0.0	0.992787565017	1.0	1
1.0	3010.19580078	1.0	1.0	1628.49023438	1.0	1.0	24.6799993515	3.21247563334	-0.764005362988	0.637260556221	-0.100969441235	3.0838884619	10.967361206	-36.2841491699	34.3415489197	31.0557994843	0.662949924479	0.0	0.0	0.0	0.0	0.0	-1.0	0.0	1
1.0	20273.2382812	27.0	9.0	3967.03735352	7.0	6.0	308.639998913	0.0	-0.0411612838507	-0.99455755949	0.0957129076123	56.8864730394	3.21699220883	-22.429851532	56.5235519409	17.0188007355	0.800361751215	8.0	3.29999995232	71.5399999619	7.0	18.2800006866	0.999999999994	1.0	1
1.0	16168.5214844	26.0	10.0	4398.30957031	7.0	7.0	210.480001926	0.0	0.998193323612	-0.0286184120923	0.0528303980827	57.2057666684	1.02024151878	-36.1136016846	65.9819946289	20.9800491333	0.211410092237	10.0	6.84000015259	103.10000062	8.0	15.1000003815	0.999999966989	1.0	1
1.0	6638.06103516	13.0	3.0	1205.06408691	6.0	2.0	25.1400001049	0.0	0.998193323612	-0.0286184120923	0.0528303980827	56.4971144986	1.36259688401	-36.1136016846	65.9819946289	20.9800491333	0.959112516428	1.0	8.30000019073	8.57999992371	1.0	8.30000019073	0.992507525887	1.0	1
1.0	7968.99267578	9.0	5.0	3573.80053711	6.0	6.0	223.760000467	0.0	0.0412721149623	0.994553029537	-0.0957126244903	1.36269013561	12.5242739842	-41.5800018311	-8.37965011597	43.3591995239	0.478220797176	5.0	3.29999995232	35.6199997663	5.0	23.3199996948	0.999300785036	1.0	1
1.0	8760.42578125	10.0	8.0	2905.53125	7.0	7.0	198.358397961	0.0	0.0412721149623	0.994553029537	-0.0957126244903	1.36269013561	12.5242739842	-41.5800018311	-8.37965011597	43.3591995239	0.478220797176	3.0	9.43999958038	25.8800002337	4.0	23.3199996948	0.999902209081	1.0	1
1.0	6013.82421875	5.0	2.0	1628.49023438	1.0	1.0	49.8999996185	0.0	0.998190522194	-0.028719285503	0.0528283789754	8.85886838038	12.0035932343	-37.3538970947	11.2271499634	44.4306488037	0.280011577732	2.0	8.02000045776	24.5600004196	0.0	8.02000045776	0.948958313859	1.0	1
1.0	8697.98046875	10.0	5.0	3147.59936523	8.0	8.0	141.880001068	0.0	-0.998193323612	0.0286184120923	-0.0528303980827	54.0606484882	0.0	-36.1136016846	65.9819946289	20.9800491333	0.431133208072	5.0	3.29999995232	39.7600001097	5.0	23.3199996948	0.999752033011	1.0	1
1.0	4052.38793945	3.0	1.0	3236.60253906	3.0	1.0	24.6799993515	3.21247563334	-0.764005362988	0.637260556221	-0.100969441235	3.0838884619	24.8998437912	-36.2841491699	34.3415489197	31.0557994843	0.662949924479	0.0	0.0	0.0	0.0	0.0	0.441532767356	1.0	1
1.0	8193.27734375	11.0	5.0	1246.67468262	5.0	4.0	120.878399849	0.0	0.0412721149623	0.994553029537	-0.0957126244903	1.36269013561	12.5242739842	-41.5800018311	-8.37965011597	43.3591995239	0.478220797176	3.0	7.73999977112	32.3000001907	1.0	14.1000003815	0.999038136243	1.0	1
1.0	4122.74609375	1.0	1.0	1306.14343262	2.0	1.0	31.9600000381	1.18130437938	-0.727511286736	0.658500254154	-0.192625969648	2.62573079582	0.0	-37.6009979248	11.8266506195	40.0125007629	0.547510295875	0.0	0.0	0.0	0.0	0.0	-1.0	0.0	1
1.0	16338.1337891	23.0	9.0	4512.36572266	10.0	6.0	186.039999485	0.0	-0.0288039892912	0.963113307953	-0.267550170422	9.98775377675	33.7311078432	-30.1189994812	10.0466899872	36.2276992798	0.756273185827	11.0	3.38000011444	68.0199999474	3.0	10.7600002289	1.0	1.0	1
1.0	8409.40625	13.0	3.0	1072.32434082	3.0	3.0	66.6879999638	0.0	0.0289086289704	-0.963128268719	0.267485111952	53.847537428	2.96638726087	-61.5566482544	37.8268508911	25.17345047	0.91094604654	2.0	12.6000003815	24.8800001144	2.0	12.6000003815	0.988761013313	1.0	1
1.0	17248.3867188	21.0	5.0	2112.93603516	8.0	6.0	154.819999695	0.0	0.0288053154945	-0.963138341904	0.267459958792	64.7195021463	2.20495854834	-48.4306030273	60.8025016785	21.9003486633	0.715642637804	6.0	4.84000015259	57.4600002766	4.0	13.0	0.999999999976	1.0	1
1.0	3065.73828125	8.0	7.0	2215.12036133	4.0	4.0	83.019998312	0.0	0.0289058275521	-0.963135540485	0.267459183931	47.4371317293	2.20495877432	-27.3467502594	50.7793006897	16.2067489624	0.770084299032	4.0	8.64000034332	43.1999998093	5.0	17.5200004578	0.993850467102	1.0	1
1.0	1670.7734375	3.0	1.0	1932.11303711	1.0	1.0	31.9600000381	1.18130437938	0.727521240711	-0.658509254456	0.192557528615	15.1730221882	3.27886505835	-38.6053009033	12.1494503021	41.3694496155	0.819538322109	0.0	0.0	0.0	0.0	0.0	0.98040949649	1.0	1
1.0	2875.79174805	8.0	5.0	1955.3560791	3.0	2.0	78.2999982834	0.0	0.0289058275521	-0.963135540485	0.267459183931	47.4371317293	2.20495877432	-27.3467502594	50.7793006897	16.2067489624	0.770084299032	2.0	9.46000003815	21.4399995804	3.0	17.5200004578	0.998810479316	1.0	1
1.0	464.380981445	3.0	1.0	849.132019043	2.0	1.0	19.1400003433	1.18130437938	0.727511286736	-0.658500254154	0.192625969648	35.8563638286	15.7296043576	-37.6009979248	11.8266506195	40.0125007629	0.547510295875	0.0	0.0	0.0	0.0	0.0	0.995374899798	1.0	1
1.0	4695.87060547	4.0	3.0	1467.81652832	3.0	3.0	54.0079989433	0.0	0.0289019625634	-0.963135659695	0.267459213734	24.7072819776	2.20546151662	-65.269744873	30.3505992889	24.2760505676	0.828259507766	1.0	13.6000003815	13.3000001907	1.0	15.8000001907	0.990840746784	1.0	1
1.0	7764.68310547	8.0	5.0	3661.98193359	4.0	3.0	155.859999657	0.0	0.0288045406342	-0.963112413883	0.26755335927	34.5521528172	17.4369788782	-47.9755020142	45.6094017029	26.1204986572	0.428863341179	1.0	3.38000011444	2.79999995232	2.0	17.5200004578	0.999998561593	1.0	1
1.0	3103.28393555	2.0	1.0	758.50970459	1.0	1.0	23.8199996948	3.34381517008	-0.655859172344	0.754381835461	0.027510445565	1.78549919353	16.6689505337	-39.4187507629	33.8628501892	31.5803985596	0.980523634399	0.0	0.0	0.0	0.0	0.0	-1.0	0.0	1
1.0	12193.7919922	15.0	6.0	3021.20239258	9.0	6.0	185.739999235	0.0	0.0130402976647	-0.976928770542	0.213166937232	51.876616485	19.1368057343	-27.2564506531	56.4659500122	20.1007995605	0.852189707341	1.0	25.8199996948	2.03999996185	4.0	25.8199996948	0.999994156404	1.0	1
1.0	13931.6416016	21.0	9.0	2986.55200195	12.0	9.0	237.240000725	0.0	-0.711412012577	0.695829749107	-0.0985590592027	0.0	42.8345718466	-41.2037963867	14.609749794	39.9382019043	0.677398847054	8.0	5.19999980927	32.3068001885	5.0	25.8199996948	0.999999454568	1.0	1
1.0	11775.9589844	17.0	5.0	3354.22558594	9.0	7.0	111.759999752	0.0	-0.0130404019728	0.976928412914	-0.213168635964	72.7903557358	18.4799806175	-57.4587516785	64.9007492065	22.14220047	0.0177131300541	3.0	9.5	18.7600002289	2.0	26.0799999237	0.999999604751	1.0	1
1.0	5536.66308594	7.0	3.0	828.156982422	4.0	3.0	70.5599994659	0.0	0.997142195702	0.0	-0.0755478143692	38.0459771609	1.99861057354	-41.9497528076	70.3608016968	27.7728500366	0.422498015936	4.0	2.96000003815	14.1683999449	0.0	6.98000001907	0.915860028501	1.0	1
1.0	8405.01953125	8.0	4.0	3714.60546875	7.0	6.0	179.57999897	0.0	0.997142195702	0.0	-0.0755478143692	47.2401359523	1.99861057354	-41.9497528076	70.3608016968	27.7728500366	0.422498015936	5.0	2.96000003815	24.5199999809	3.0	17.0200004578	0.997946559923	1.0	1
1.0	9126.56152344	9.0	5.0	2763.09643555	7.0	7.0	203.920000792	0.0	0.0130402976647	-0.976928770542	0.213166937232	46.9062656309	2.07165581251	-40.5594482422	69.0010528564	27.9654998779	0.992792772382	5.0	5.19999980927	24.3484001309	1.0	9.96000003815	0.994651993232	1.0	1
1.0	8847.39648438	8.0	5.0	2793.11523438	6.0	5.0	204.25999999	0.0	0.997142195702	0.0	-0.0755478143692	47.2401359523	1.99861057354	-41.9497528076	70.3608016968	27.7728500366	0.422498015936	6.0	2.96000003815	22.5684000403	3.0	9.96000003815	0.999251681756	1.0	1
1.0	2109.39135742	4.0	0.0	154.398300171	2.0	0.0	0.0	10.0	0.0	0.0	0.0	0.0	0.0	0.0	0.0	0.0	2.0	0.0	0.0	0.0	0.0	0.0	0.481181050881	1.0	1
1.0	8934.79003906	11.0	6.0	1509.44750977	4.0	4.0	171.920000017	0.0	0.997142195702	0.0	-0.0755478143692	47.2401359523	1.99861057354	-41.9497528076	70.3608016968	27.7728500366	0.422498015936	3.0	2.96000003815	10.9200000763	3.0	9.39999961853	0.995766368175	1.0	1
1.0	2726.47485352	1.0	1.0	1265.27392578	1.0	1.0	32.6999998093	1.48726597396	-0.435901731253	-0.414111733437	0.799062669277	0.0	14.2792231464	-44.4110031128	19.7971992493	34.4703521729	0.735624539713	0.0	0.0	0.0	0.0	0.0	-1.0	0.0	1
1.0	12903.9052734	20.0	6.0	1644.4564209	6.0	5.0	73.0599994659	2.60175705374	-0.685128808022	-0.653485119343	-0.321800798178	67.1702474495	2.90697287314	-60.8119506836	60.9470481873	18.2555503845	0.0371244968418	4.0	13.1000003815	24.4800002575	1.0	13.1000003815	0.999998574172	1.0	1
1.0	4223.35107422	3.0	1.0	1265.27392578	1.0	1.0	32.6999998093	1.48726597396	-0.435901731253	-0.414111733437	0.799062669277	0.0	14.2792231464	-44.4110031128	19.7971992493	34.4703521729	0.735624539713	0.0	0.0	0.0	0.0	0.0	0.475223959282	1.0	1
1.0	11076.3984375	19.0	5.0	2777.61108398	7.0	5.0	152.019999027	0.0	0.994902431965	0.0	-0.100842297077	44.0125820874	25.9339351589	-46.2212982178	32.2602996826	26.2189502716	0.133646975425	3.0	10.6400003433	22.2399996519	1.0	15.0200004578	0.999978784323	1.0	1
1.0	2219.91699219	3.0	3.0	1289.67004395	1.0	1.0	54.0600004196	0.0	0.00915233325213	-0.994012892246	0.108878768981	34.0385931092	2.37133155571	-26.2746009827	55.4657974243	18.496799469	0.963111926784	1.0	1.55999994278	1.03999996185	1.0	16.5200004578	0.567182998482	1.0	1
1.0	8956.53613281	10.0	7.0	2458.70117188	4.0	4.0	182.320797443	0.0	-0.994902431965	0.0	0.100842297077	45.3405740012	17.8026637251	-46.2212982178	32.2602996826	26.2189502716	0.133646975425	2.0	10.6400003433	20.0399999619	1.0	17.9200000763	0.994955493355	1.0	1
1.0	8345.05761719	14.0	9.0	1976.55212402	5.0	4.0	131.600799322	0.0	0.00924879964441	-0.994022250175	0.108785226941	42.7758961498	4.96534844883	-25.2814502716	53.2540969849	17.071849823	0.659484000784	6.0	1.55999994278	39.2199991941	0.0	22.5400009155	0.999974349046	1.0	1
1.0	7184.15722656	10.0	4.0	2351.79125977	6.0	5.0	135.000000238	0.0	-0.994902431965	0.0	0.100842297077	29.0495600296	25.1397552595	-46.2212982178	32.2602996826	26.2189502716	0.133646975425	2.0	10.6400003433	20.3599996567	0.0	10.6400003433	0.992072264658	1.0	1
1.0	5094.54589844	5.0	3.0	2306.02392578	3.0	2.0	111.419999123	0.0	0.00915050692856	-0.994012951851	0.108878672123	1.92298938391	25.9785930296	-46.888999939	10.6035995483	38.0897979736	0.369519148038	2.0	9.80000019073	20.6599998474	0.0	10.3000001907	0.930369541861	1.0	1
1.0	8012.22998047	10.0	6.0	2041.31298828	3.0	3.0	142.780000925	0.0	0.00915233325213	-0.994012892246	0.108878768981	41.2112333839	2.37133155571	-26.2746009827	55.4657974243	18.496799469	0.963111926784	1.0	1.55999994278	1.03999996185	1.0	16.5200004578	0.985433152717	1.0	1
1.0	3862.81030273	1.0	1.0	438.089996338	2.0	1.0	2.96000003815	3.33859254478	-0.936612069607	-0.0692975744605	0.343446701765	2.18226858419	13.1118869648	-39.8807983398	19.3680000305	30.9383506775	0.955913136544	0.0	0.0	0.0	0.0	0.0	-1.0	0.0	1
1.0	11898.6933594	19.0	9.0	1838.49389648	5.0	5.0	138.960000038	0.0	0.0472576729953	-0.972082495689	0.229831025004	1.90680343593	3.66232890358	-51.8336486816	4.7424697876	36.506652832	0.712475851153	11.0	7.76000022888	97.460000515	1.0	20.9200000763	0.999998368957	1.0	1
1.0	5119.66650391	9.0	3.0	2046.23999023	4.0	3.0	52.5599989891	0.0	0.047253832221	-0.972084879875	0.229821711779	40.9303680595	7.57496220418	-21.5148506165	50.7851028442	16.2624492645	0.173210866252	0.0	0.0	0.0	1.0	21.2000007629	0.859417922481	1.0	1
1.0	10990.6542969	21.0	8.0	1817.05651855	5.0	5.0	117.959998488	0.0	-0.0472576729953	0.972082495689	-0.229831025004	28.4524666789	1.90680343593	-51.8336486816	4.7424697876	36.506652832	0.712475851153	5.0	5.01999998093	46.080000639	5.0	16.6200008392	0.999999989184	1.0	1
1.0	4192.296875	2.0	1.0	438.089996338	2.0	1.0	2.96000003815	3.33859254478	-0.936612069607	-0.0692975744605	0.343446701765	2.18226858419	13.1118869648	-39.8807983398	19.3680000305	30.9383506775	0.955913136544	0.0	0.0	0.0	0.0	0.0	0.418280333226	1.0	1
1.0	2460.56030273	8.0	5.0	2119.48388672	3.0	2.0	106.540000677	0.0	0.0472534149885	-0.972083210945	0.229829028249	20.3175689744	1.91131260572	-34.0126495361	10.4486150742	36.0740509033	0.928305679467	3.0	5.86000013351	13.6652003974	3.0	10.8800001144	0.967086676809	1.0	1
1.0	2693.97607422	3.0	1.0	1332.99401855	2.0	2.0	21.6999998093	2.86708555118	-0.80335432291	0.108355693519	-0.585560262203	32.0697220883	16.0380367412	-56.6033477783	38.0573501587	29.5638008118	0.856987187169	0.0	0.0	0.0	0.0	0.0	0.700539679959	1.0	1
1.0	5847.04443359	7.0	2.0	318.619995117	1.0	1.0	29.1399993896	0.0	0.0472558401525	-0.972084701061	0.22982211411	38.2753822106	12.9071209991	-57.6079483032	11.7322998047	31.8270492554	0.794762058964	1.0	7.42000007629	7.61999988556	0.0	7.42000007629	0.983469629964	1.0	1
1.0	3324.95117188	1.0	0.0	438.089996338	2.0	0.0	0.0	10.0	0.0	0.0	0.0	0.0	0.0	0.0	0.0	0.0	2.0	0.0	0.0	0.0	0.0	0.0	0.481181050881	1.0	1
1.0	7537.43554688	11.0	6.0	1082.26794434	4.0	4.0	152.559999704	0.0	-0.0472519174218	0.972084999084	-0.22982172668	57.475184883	1.06075989503	-37.3754501343	56.4470977783	23.6256504059	0.782514607996	4.0	5.86000013351	24.6252004355	4.0	19.2800006866	0.999999099603	1.0	1
1.0	3767.67993164	1.0	1.0	1380.57592773	2.0	1.0	76.4399983883	2.18852231796	-0.123978093266	-0.989943504333	0.0681271627545	37.1221656858	0.0	-29.3223991394	52.9757995605	23.7855491638	0.628334531047	0.0	0.0	0.0	0.0	0.0	-1.0	0.0	1
1.0	13006.1181641	22.0	3.0	2342.24658203	3.0	2.0	34.6356012523	0.0	0.106011882424	-0.93781465292	0.330552816391	53.8949188806	12.3994526529	-23.1365509033	43.598197937	16.2842502594	0.203856433487	2.0	10.2399997711	22.7800006866	1.0	11.8199996948	0.999999999059	1.0	1
1.0	7951.16308594	14.0	3.0	2534.3046875	6.0	4.0	126.499998331	0.0	0.993542850018	0.113424226642	0.00275462702848	13.5079492895	28.9949316964	-71.5944061279	36.1040496826	23.317150116	0.434340038434	2.0	7.0	13.3400001526	1.0	7.0	0.884729950434	1.0	1
1.0	11795.6806641	21.0	3.0	3604.30249023	5.0	3.0	153.139998674	0.0	0.993543982506	0.113414302468	0.00275438604876	43.4688559333	28.6418454277	-33.0303497314	15.7145500183	32.0431518555	0.741662792985	1.0	7.51999998093	6.78000020981	0.0	7.51999998093	0.999901465425	1.0	1
1.0	4886.63183594	4.0	2.0	1994.53588867	3.0	2.0	89.9599988461	2.18852231796	-0.123978093266	-0.989943504333	0.0681271627545	52.4542221281	0.0	-29.3223991394	52.9757995605	23.7855491638	0.628334531047	0.0	0.0	0.0	0.0	0.0	0.758137335636	1.0	1
1.0	5205.46533203	7.0	3.0	448.12701416	2.0	2.0	31.6000006199	0.0	-0.993544399738	-0.113410763443	-0.00275268848054	45.5293489602	1.2249816771	-20.9427490234	59.1326522827	17.4614486694	0.8853970446	2.0	10.6000003815	20.7036005259	1.0	13.279999733	0.974242528438	1.0	1
1.0	3245.21411133	4.0	2.0	2105.10791016	3.0	1.0	24.3755995929	0.0	0.106021843851	-0.937803804874	0.330580323935	34.9871177938	2.77503439325	-31.3741493225	66.0425491333	22.3979492188	0.32613290095	5.0	10.6000003815	55.0199996233	3.0	14.1999998093	0.777691376862	1.0	1
1.0	6402.73046875	4.0	3.0	721.20300293	2.0	2.0	34.7999994755	0.0	-0.993544399738	-0.113410763443	-0.00275268848054	45.5293489602	1.2249816771	-20.9427490234	59.1326522827	17.4614486694	0.8853970446	4.0	10.6000003815	29.943600297	2.0	17.0400009155	0.990814923572	1.0	1
1.0	4737.24560547	7.0	5.0	2610.5859375	2.0	2.0	138.995599478	0.0	-0.993544399738	-0.113410763443	-0.00275268848054	38.0308785822	15.2946041204	-20.9427490234	59.1326522827	17.4614486694	0.8853970446	4.0	10.2399997711	24.4400006533	2.0	13.279999733	0.985383512851	1.0	1
1.0	3576.62475586	8.0	5.0	4476.80224609	3.0	3.0	133.415602893	0.0	0.106013216078	-0.937814891338	0.330551713705	67.9971603059	1.66414476498	-62.7731513977	63.1740989685	20.7651500702	0.371071014522	5.0	10.6000003815	41.0435997248	4.0	18.2600002289	0.97633596941	1.0	1
1.0	3072.3659668	1.0	1.0	1194.14196777	1.0	1.0	31.5600004196	2.39979579375	-0.342089444399	0.867440700531	-0.361277490854	1.02810161956	18.9895488748	-39.7292480469	22.9118003845	35.9363021851	0.507474400811	0.0	0.0	0.0	0.0	0.0	-1.0	0.0	1
1.0	15710.3837891	14.0	6.0	5257.27783203	5.0	5.0	145.460000515	0.0	-0.0588451959193	-0.984721541405	0.163892373443	12.2103753692	40.2780495868	-28.2893486023	22.7747993469	32.4506530762	0.731318189095	6.0	10.3400001526	75.5799994469	0.0	41.5400009155	0.99999997949	1.0	1
1.0	3562.42919922	12.0	4.0	2407.30395508	5.0	4.0	13.5599999428	0.0	-0.992685317993	0.0704838335514	0.0980198904872	62.7607428272	28.9046493746	-49.1593475342	47.8144989014	35.242149353	0.346178792777	2.0	13.0799999237	23.3400001526	0.0	35.4399986267	0.900323612658	1.0	1
1.0	10947.2451172	16.0	8.0	6270.60644531	7.0	6.0	162.320400953	0.0	-0.0588469021022	-0.984720885754	0.163895666599	67.5988216945	3.25754469452	-49.4543495178	54.2162017822	32.7523498535	0.632274200292	13.0	10.3400001526	164.639997482	0.0	41.5400009155	0.999999436381	1.0	1
1.0	8277.67089844	8.0	3.0	2741.70507812	4.0	3.0	73.939999342	0.0	-0.992694556713	0.0704844966531	0.0979258045554	48.8556787703	6.36059828504	-20.8798503876	48.6137008667	17.0121994019	0.0940293195579	2.0	15.0799999237	30.720000267	0.0	15.3800001144	0.999477312983	1.0	1
1.0	6807.16796875	8.0	4.0	1792.66601562	3.0	3.0	70.3399999142	0.0	0.992685317993	-0.0704838335514	-0.0980198904872	27.1212917491	27.1115896881	-49.1593475342	47.8144989014	35.242149353	0.608835112704	1.0	13.0799999237	12.1999998093	0.0	13.0799999237	0.984202252882	1.0	1
1.0	2113.52270508	5.0	3.0	4281.125	5.0	2.0	60.0199995041	0.0	-0.992685735226	0.0704829692841	0.0980163440108	1.78669385795	28.7630696271	-41.6913528442	8.08943939209	43.7679519653	0.258844213582	3.0	1.48000001907	30.1400003433	1.0	1.48000001907	0.803460641876	1.0	1
1.0	9493.5546875	7.0	6.0	4213.06884766	6.0	5.0	191.600000143	0.0	-0.992685317993	0.0704838335514	0.0980198904872	52.1708410804	15.8096906959	-49.1593475342	47.8144989014	35.242149353	0.608835112704	7.0	1.48000001907	68.220000267	1.0	1.48000001907	0.999500657644	1.0	1
1.0	1877.58288574	4.0	2.0	402.09197998	2.0	2.0	16.9600000381	0.0	-0.0587472096086	-0.984727263451	0.163893327117	1.78670923318	9.77268073252	-52.2213973999	30.5738983154	33.8380508423	0.900522436449	2.0	9.80000019073	24.9600000381	0.0	15.3800001144	0.899235977081	1.0	1
1.0	6512.30566406	6.0	4.0	2445.27319336	3.0	3.0	64.4399998188	1.66535884885	-0.682276368141	0.497086554766	0.536100625992	40.1627228056	16.9487355078	-13.6119995117	38.3255004883	17.1072998047	0.956176691172	0.0	0.0	0.0	0.0	0.0	0.993263833416	1.0	1
1.0	1987.03686523	2.0	1.0	804.364196777	1.0	1.0	44.7000002861	2.86669318904	-0.799970567226	0.597510874271	-0.0550260283053	2.75058545659	6.72504891527	-40.6738510132	33.0316505432	26.78099823	0.981845742489	0.0	0.0	0.0	0.0	0.0	-1.0	0.0	2
1.0	7461.86523438	9.0	3.0	1769.28515625	3.0	2.0	110.560001373	2.32646724386	0.871690869331	-0.421065092087	-0.250717490911	42.9496315078	13.7427353966	-53.5006027222	33.0008010864	25.0644989014	0.958569403111	0.0	0.0	0.0	0.0	0.0	0.973328661122	1.0	2
1.0	2216.10302734	5.0	1.0	1228.62219238	2.0	2.0	58.240000248	2.86669318904	-0.799970567226	0.597510874271	-0.0550260283053	2.75058545659	6.72504891527	-40.6738510132	33.0316505432	26.78099823	0.981845742489	0.0	0.0	0.0	0.0	0.0	0.148934359663	1.0	2
1.0	3603.30883789	6.0	2.0	4558.64453125	6.0	3.0	28.5199997425	0.0	-0.0584622845054	-0.987305700779	0.147680625319	61.8354410422	1.98384748246	-55.8047027588	68.1966018677	20.732000351	0.65777392503	1.0	22.1000003815	22.7999992371	0.0	22.1000003815	0.967360965765	1.0	2
1.0	1976.46313477	3.0	1.0	1025.62719727	2.0	1.0	3.57999992371	4.84518312972	-0.953903675079	-0.0288253612816	0.298725366592	4.04807111061	9.74044120543	-43.0378990173	60.214050293	21.3818016052	0.994668081587	0.0	0.0	0.0	0.0	0.0	0.630913906758	1.0	2
1.0	6184.54443359	10.0	5.0	2702.76342773	6.0	6.0	205.860000134	0.0	0.0584601834416	0.987306654453	-0.147675305605	1.77758545201	29.0277365573	-42.3526992798	8.68370437622	37.9231987	0.602801963285	3.0	7.26000022888	37.5799994469	0.0	22.1000003815	0.972744580445	1.0	2
1.0	3052.11303711	5.0	2.0	2813.4609375	3.0	2.0	74.3399996758	0.0	-0.0584601834416	-0.987306654453	0.147675305605	9.02309663142	28.2242922849	-42.3526992798	8.68370437622	37.9231987	0.602801963285	1.0	8.65999984741	9.0	0.0	8.65999984741	0.646086287992	1.0	2
1.0	6377.59277344	6.0	5.0	3912.22241211	5.0	4.0	150.100000381	0.0	-0.0583551675081	-0.987327814102	0.147575125098	51.8556797656	38.1843979169	-22.5111503601	56.7693023682	10.5563497543	0.709834644398	1.0	8.81999969482	7.55999994278	0.0	8.81999969482	0.966648427487	1.0	2
1.0	6908.11181641	8.0	5.0	4496.29492188	5.0	5.0	255.860000372	0.0	0.0584601834416	0.987306654453	-0.147675305605	1.77758545201	29.0277365573	-42.3526992798	8.68370437622	37.9231987	0.602801963285	3.0	8.65999984741	39.9799995422	0.0	22.1000003815	0.965177157496	1.0	2
1.0	4703.14257812	1.0	1.0	1221.08654785	1.0	1.0	63.0199995041	1.45122707668	-0.995595932007	0.0935863405466	-0.00550811551511	4.51778649778	13.4069250794	-37.2264022827	10.3992500305	43.9831008911	0.264280432921	0.0	0.0	0.0	0.0	0.0	-1.0	0.0	2
1.0	9532.75195312	11.0	4.0	2441.375	5.0	5.0	102.340000629	0.0	-0.10504809767	-0.99255502224	-0.0616392046213	27.9672153893	0.992892380258	-44.8702507019	27.403049469	26.695098877	0.532968232522	8.0	7.15999984741	94.1599993706	0.0	21.2399997711	0.999982406426	1.0	2
1.0	8582.73046875	7.0	4.0	2956.30224609	4.0	4.0	119.559998989	0.0	-0.995591640472	0.093631953001	-0.00550808152184	60.0218017417	2.08637000536	-58.8964996338	50.0355987549	29.7389984131	0.984395372181	2.0	12.0399999619	28.1999998093	0.0	18.5599994659	0.993029761738	1.0	2
1.0	9620.859375	6.0	2.0	2505.57910156	5.0	3.0	79.9199991226	0.0	0.995591640472	-0.093631953001	0.00550808152184	50.2034158623	1.4387000078	-58.8964996338	50.0355987549	29.7389984131	0.223041991813	1.0	21.8999996185	21.2000007629	0.0	21.8999996185	0.998896059611	1.0	2
1.0	5257.95605469	3.0	3.0	1026.40515137	3.0	3.0	96.0999984741	0.0	-0.995591104031	0.0936319082975	-0.00560226477683	33.704914235	18.2816587418	-48.9104003906	34.2525024414	27.0666503906	0.164479635977	6.0	8.03999996185	57.0800008774	1.0	8.03999996185	0.83950166822	1.0	2
1.0	6725.796875	9.0	3.0	1565.72302246	7.0	5.0	27.240000248	0.0	0.104946188629	0.992565751076	0.0616399422288	27.0662076957	31.6245080146	-34.2024002075	8.79346466064	40.271900177	0.502708278427	5.0	10.3199996948	49.9799995422	0.0	20.2399997711	0.97905220554	1.0	2
1.0	2115.05419922	5.0	3.0	1842.73449707	4.0	2.0	31.379999876	0.0	0.105044305325	0.992555558681	0.0616373158991	30.0241089851	11.865306679	-46.0006484985	17.1271495819	35.175201416	0.984599910911	1.0	10.8000001907	9.92000007629	0.0	10.8000001907	0.92389423378	1.0	2
1.0	6601.47070312	5.0	4.0	2742.82714844	6.0	4.0	98.8599991798	0.0	0.104935109615	0.992567420006	0.0616318508983	36.7064304819	24.6788949735	-46.4750976562	22.4057006836	30.0200996399	0.792495818264	6.0	9.80000019073	81.639998436	0.0	21.2399997711	0.980881183608	1.0	2
1.0	4991.81542969	3.0	2.0	1221.08654785	1.0	1.0	82.1999998093	1.45122707668	-0.995595932007	0.0935863405466	-0.00550811551511	4.51778649778	13.4069250794	-37.2264022827	10.3992500305	43.9831008911	0.264280432921	0.0	0.0	0.0	0.0	0.0	0.483348223851	1.0	2
1.0	2189.90429688	7.0	0.0	685.447631836	1.0	0.0	0.0	10.0	0.0	0.0	0.0	0.0	0.0	0.0	0.0	0.0	2.0	0.0	0.0	0.0	0.0	0.0	0.481181050881	1.0	2
1.0	3287.96899414	1.0	1.0	778.337524414	1.0	1.0	17.3400001526	0.0	0.999348282814	-0.0346090011299	-0.0102569758892	0.0	16.5830989899	-42.9217987061	30.820098877	27.9557495117	0.926886418101	2.0	5.57999992371	21.4400005341	1.0	11.8999996185	-1.0	0.0	2
1.0	8765.00976562	14.0	10.0	2093.12524414	5.0	5.0	131.901999235	0.0	0.0334178879857	0.984706640244	-0.170985549688	58.3681930859	2.10714774323	-22.6291503906	53.1125488281	14.7124004364	0.683082280079	9.0	1.77999997139	57.3400011063	4.0	25.2000007629	0.999976174506	1.0	2
1.0	6918.41064453	9.0	5.0	2623.49829102	4.0	4.0	95.0399999619	0.0	0.0334178879857	0.984706640244	-0.170985549688	50.0585453264	2.10714774323	-22.6291503906	53.1125488281	14.7124004364	0.683082280079	2.0	10.6999998093	13.6800003052	2.0	18.2600002289	0.999997628226	1.0	2
1.0	2037.59912109	5.0	0.0	155.462005615	1.0	0.0	0.0	10.0	0.0	0.0	0.0	0.0	0.0	0.0	0.0	0.0	2.0	0.0	0.0	0.0	0.0	0.0	0.481181050881	1.0	2
1.0	306.856506348	3.0	1.0	1266.90100098	1.0	1.0	0.0	10.0	0.0	0.0	0.0	0.0	0.0	0.0	0.0	0.0	2.0	1.0	11.8999996185	9.52000045776	1.0	11.8999996185	0.974196367462	1.0	2
1.0	6802.57910156	12.0	7.0	1348.30053711	4.0	4.0	127.905200839	0.0	-0.999348342419	0.0346071831882	0.0102586429566	55.6429067887	0.0	-48.848197937	53.3945007324	27.7656497955	0.737291756308	8.0	6.57999992371	73.1200003624	4.0	14.0200004578	0.999615357716	1.0	2
1.0	4372.87207031	3.0	1.0	609.348510742	1.0	1.0	1.70319998264	0.0	-0.999344289303	0.0346972085536	0.0103470673785	37.5092905016	13.8373199379	-47.5063018799	28.5027503967	26.621099472	0.956141751907	3.0	8.03999996185	29.5400009155	3.0	11.8999996185	0.347457366135	1.0	2
1.0	8695.03613281	12.0	3.0	659.925598145	3.0	1.0	24.3620004654	0.0	0.999348342419	-0.0346073023975	-0.0102569768205	51.2866383474	0.0	-71.2117004395	24.670999527	25.8606491089	0.495747363912	2.0	8.53999996185	15.1200003624	1.0	10.4200000763	0.999996187646	1.0	2
1.0	3701.02612305	3.0	1.0	778.337524414	1.0	1.0	17.3400001526	0.0	0.999348282814	-0.0346090011299	-0.0102569758892	25.4364109265	16.5830989899	-42.9217987061	30.820098877	27.9557495117	0.926886418101	2.0	5.57999992371	21.4400005341	1.0	11.8999996185	0.156896236942	1.0	2
1.0	9645.2578125	9.0	3.0	1457.26708984	4.0	4.0	56.9399995804	0.0	-0.999348342419	0.0346071831882	0.0102586429566	55.6429067887	0.0	-48.848197937	53.3945007324	27.7656497955	0.737291756308	5.0	5.57999992371	42.3200006485	3.0	25.2000007629	0.999987008244	1.0	2
1.0	2413.43652344	2.0	2.0	1138.3605957	1.0	1.0	43.5199990273	2.13024647375	-0.712582528591	0.693212330341	-0.108087144792	1.01756085161	17.136158256	-41.6142501831	31.2308998108	30.7191505432	0.849961024823	0.0	0.0	0.0	0.0	0.0	-1.0	0.0	2
1.0	6302.04199219	9.0	6.0	1852.01806641	4.0	4.0	164.740398884	0.0	0.0461943224072	0.993749678135	-0.101624883711	37.6837794534	6.91274855648	-38.2788009644	63.2860488892	24.6478004456	0.893775228801	4.0	1.44000005722	24.539999485	3.0	17.5599994659	0.999360252456	1.0	2
1.0	1471.68762207	4.0	2.0	380.766540527	2.0	2.0	46.7803983688	0.0	-0.99802595377	0.0331811159849	-0.0533219575882	29.7684254182	2.86636645589	-31.2036495209	32.0424003601	26.8264503479	0.986915665186	3.0	8.06000041962	27.7999992371	1.0	8.06000041962	0.131077372148	1.0	2
1.0	5952.77783203	7.0	3.0	938.122314453	5.0	4.0	96.7599987984	0.0	-0.998025894165	0.0331819616258	-0.0533219575882	22.5704327239	29.6242908355	-49.4742507935	14.2513008118	37.8727493286	0.00431953599514	2.0	9.11999988556	22.1399993896	0.0	10.3000001907	0.993438567123	1.0	2
1.0	2478.11791992	3.0	1.0	211.31300354	1.0	1.0	13.1999998093	0.0	-0.998025894165	0.0331819616258	-0.0533219575882	6.22992909145	1.77278911221	-49.4742507935	14.2513008118	37.8727493286	0.00431953599514	1.0	9.11999988556	11.1999998093	0.0	9.11999988556	0.655989895299	1.0	2
1.0	6288.078125	7.0	6.0	1759.59387207	4.0	4.0	122.680000305	0.0	0.998023033142	-0.0332690142095	0.053321801126	36.4988486602	13.4910414792	-43.5334510803	36.7443504333	28.6040496826	0.74349201154	3.0	1.44000005722	8.86000013351	3.0	16.0799999237	0.983483985381	1.0	2
1.0	1293.26623535	4.0	2.0	453.451019287	2.0	2.0	23.5599999428	0.0	0.99802595377	-0.0331811159849	0.0533219575882	29.0499783069	2.48036963078	-31.2036495209	32.0424003601	26.8264503479	0.986915665186	1.0	8.06000041962	7.42000007629	1.0	8.06000041962	0.976197591478	1.0	2
1.0	6607.9375	9.0	6.0	1073.79907227	5.0	5.0	145.679998875	0.0	-0.998025894165	0.0331819616258	-0.0533219575882	2.6712597705	29.6242908355	-49.4742507935	14.2513008118	37.8727493286	0.00431953599514	5.0	3.51999998093	34.8999996185	4.0	16.0799999237	0.997757496427	1.0	2
1.0	2308.66455078	2.0	2.0	1243.13256836	2.0	2.0	37.3799996376	0.0	-0.99802595377	0.0331811159849	-0.0533219575882	2.48036963078	13.9759707686	-31.2036495209	32.0424003601	26.8264503479	0.986915665186	1.0	8.06000041962	7.42000007629	1.0	8.06000041962	0.00527344106791	1.0	2
1.0	3440.26586914	6.0	3.0	989.357971191	5.0	4.0	32.6199994087	2.87483214842	0.932655036449	-0.261558383703	0.248478978872	21.9381319712	11.9156306233	-44.7601509094	57.9920501709	25.599199295	0.891178553199	1.0	16.0799999237	1.44000005722	1.0	16.0799999237	0.99128631864	1.0	2
1.0	4547.35351562	1.0	1.0	2083.72802734	1.0	1.0	31.2799999714	0.0	-0.994935333729	0.0	0.100516974926	18.094754143	4.73649913509	-35.5970497131	7.96468019485	40.9181518555	0.835662731214	1.0	6.65999984741	7.59999990463	1.0	6.65999984741	-1.0	0.0	2
1.0	14147.9638672	7.0	3.0	3103.13818359	6.0	6.0	244.000000715	0.0	-0.994935154915	0.0	0.100518658757	65.0505913931	4.26465937044	-57.2177505493	70.8414993286	18.356048584	0.766893978847	8.0	1.5	54.9132596254	7.0	21.3199996948	0.999998528339	1.0	2
1.0	3769.1262207	4.0	4.0	2889.92895508	4.0	4.0	152.960001469	0.0	0.00610300246626	-0.998390734196	0.0563795790076	4.26062896901	35.9750188061	-49.1506996155	20.3485488892	35.5357513428	0.330151134448	7.0	5.40000009537	69.2848596573	3.0	11.2600002289	0.986824269276	1.0	2
1.0	12444.9619141	5.0	2.0	3064.86743164	5.0	3.0	112.579998493	0.0	-0.994935154915	0.0	0.100518658757	56.0613652035	4.26465937044	-57.2177505493	70.8414993286	18.356048584	0.766893978847	1.0	8.46000003815	7.40000009537	1.0	21.3199996948	0.999983971455	1.0	2
1.0	11377.0976562	5.0	2.0	4115.78125	3.0	2.0	65.6800000668	0.0	0.00609860988334	-0.998385608196	0.0564712509513	61.1903362447	1.01644197009	-47.5477981567	69.9197998047	29.5205001831	0.599634269504	3.0	4.5	16.4848599434	2.0	6.65999984741	0.998522283992	1.0	2
1.0	12495.0849609	8.0	5.0	4756.01953125	5.0	5.0	196.000000715	0.0	-0.994935154915	0.0	0.100518658757	65.0505913931	4.26465937044	-57.2177505493	70.8414993286	18.356048584	0.766893978847	7.0	4.5	42.6071994305	3.0	21.3199996948	0.999884302269	1.0	2
1.0	6968.85302734	5.0	2.0	272.403106689	3.0	2.0	7.36000013351	3.01298351919	-0.733194708824	-0.67067027092	0.112369537354	41.447927627	2.46164898911	-18.4075012207	44.5337982178	17.4488506317	0.474220613425	0.0	0.0	0.0	0.0	0.0	0.999903631443	1.0	2
1.0	7447.45166016	8.0	2.0	1947.23217773	3.0	1.0	38.8800010681	0.0	0.994935154915	0.0	-0.100518658757	47.9739128595	31.7663208453	-41.1043510437	46.1488990784	31.7382507324	0.53540871872	2.0	4.01999998093	7.36040019989	1.0	5.26000022888	0.970917367703	1.0	2
1.0	4547.35351562	1.0	1.0	2150.84643555	2.0	2.0	38.5199997425	0.0	-0.994935333729	0.0	0.100516974926	18.094754143	17.5069401336	-35.5970497131	7.96468019485	40.9181518555	0.835662731214	1.0	6.65999984741	7.59999990463	1.0	6.65999984741	0.0911522824887	1.0	2
1.0	12104.3466797	6.0	4.0	4535.08642578	7.0	7.0	205.179999828	0.0	-0.994935154915	0.0	0.100518658757	56.5465648022	4.26465937044	-57.2177505493	70.8414993286	18.356048584	0.766893978847	8.0	4.5	62.0040593147	4.0	21.3199996948	0.999911038438	1.0	2
1.0	2382.40698242	1.0	1.0	1349.51220703	1.0	1.0	33.4199995995	3.0846134484	-0.619276702404	0.588782131672	-0.519453525543	4.75737025712	14.5937039989	-41.0174484253	11.2571249008	36.9825515747	0.906546099616	0.0	0.0	0.0	0.0	0.0	-1.0	0.0	2
1.0	5693.86279297	11.0	10.0	3849.72875977	7.0	7.0	227.139998436	0.0	-0.0429155640304	-0.985950767994	0.161429092288	46.3677865157	3.69648311154	-36.7931976318	62.7057495117	24.0488510132	0.852135020598	10.0	1.27999997139	72.3200006485	6.0	11.6999998093	0.999598797543	1.0	2
1.0	2688.61206055	5.0	1.0	55.5493011475	1.0	1.0	0.0	10.0	0.0	0.0	0.0	0.0	0.0	0.0	0.0	0.0	2.0	1.0	14.8999996185	10.0200004578	0.0	14.8999996185	0.840772477732	1.0	2
1.0	5580.59179688	7.0	5.0	4377.42431641	6.0	5.0	150.419998407	0.0	-0.0429162830114	-0.98596405983	0.161347702146	22.952630076	33.2008664676	-47.8024978638	42.6536483765	33.6288986206	0.721763911145	5.0	3.55999994278	41.3800005913	5.0	13.8800001144	0.987630237274	1.0	2
1.0	2977.96166992	2.0	2.0	753.957275391	2.0	2.0	45.7399992943	0.0	-0.0429162830114	-0.98596405983	0.161347702146	37.3602785278	2.70555780539	-47.8024978638	42.6536483765	33.6288986206	0.721763911145	1.0	14.8999996185	10.0200004578	1.0	11.6999998093	0.335238106133	1.0	2
1.0	4239.95898438	11.0	9.0	3442.4453125	6.0	5.0	135.319999218	0.0	0.0429140254855	0.985951066017	-0.161427676678	15.2029988198	2.74689761379	-29.0797996521	11.5482501984	33.9247512817	0.516761569684	5.0	1.27999997139	41.3599996567	6.0	14.6599998474	0.98169744475	1.0	2
1.0	3496.69775391	5.0	2.0	1112.23400879	3.0	1.0	21.5599999428	0.0	-0.0429139919579	-0.985951066017	0.161427557468	43.4052752456	2.71126793439	-23.2915992737	52.6142501831	16.8792495728	0.849326325148	3.0	3.55999994278	18.1999998093	2.0	7.90000009537	0.790391099045	1.0	2
1.0	6024.87988281	7.0	4.0	3288.61425781	9.0	9.0	212.07999897	0.0	-0.0429136566818	-0.985951304436	0.16142629087	14.1069331071	23.5388635971	-29.2074012756	9.36172485352	35.5825500488	0.793643744395	6.0	3.55999994278	44.720000267	4.0	14.6199998856	0.99991835622	1.0	2
1.0	5276.24511719	5.0	3.0	2567.96313477	5.0	3.0	92.6999993324	0.0	-0.0429157093167	-0.985950946808	0.161428049207	55.6956973675	21.8282389428	-58.3096008301	58.2912521362	29.5424499512	0.689701490156	2.0	13.8800001144	23.0599994659	2.0	14.6599998474	0.943599512323	1.0	2
1.0	5224.22167969	11.0	5.0	1092.56237793	6.0	4.0	53.8799996376	0.0	-0.0429979003966	-0.98594725132	0.161428511143	47.4076349346	2.16805215758	-33.3687515259	55.4558486938	25.3112487793	0.642971474985	4.0	3.55999994278	21.7000002861	2.0	3.55999994278	0.996345974339	1.0	2
1.0	2136.16503906	1.0	0.0	1134.51000977	1.0	0.0	0.0	10.0	0.0	0.0	0.0	0.0	0.0	0.0	0.0	0.0	2.0	0.0	0.0	0.0	0.0	0.0	0.481181050881	0.0	2
1.0	4859.12695312	5.0	4.0	1112.48730469	3.0	3.0	109.039999604	0.0	-0.00372824445367	-0.980662822723	0.195669412613	41.0609147196	2.26142238485	-23.1097507477	54.1351470947	13.2245998383	0.954004163625	0.0	0.0	0.0	1.0	14.9600000381	0.97821631279	1.0	2
1.0	2663.77929688	6.0	3.0	1898.90625	6.0	2.0	36.3999999762	0.0	0.00372632336803	0.980663001537	-0.195668488741	18.9732489053	5.37760890405	-20.9091491699	48.8867492676	11.9836006165	0.389023206721	1.0	9.73999977112	10.7399997711	1.0	17.3199996948	0.889480582517	1.0	2
1.0	7911.21923828	9.0	5.0	630.881591797	5.0	5.0	174.640000105	2.77164033501	-0.991918087006	-0.126699149609	0.00676908995956	38.7393033874	2.51769440145	-28.0587501526	63.6587524414	15.8907003403	0.879542269916	0.0	0.0	0.0	0.0	0.0	0.989251016765	1.0	2
1.0	2377.17602539	2.0	0.0	1134.51000977	1.0	0.0	0.0	10.0	0.0	0.0	0.0	0.0	0.0	0.0	0.0	0.0	2.0	0.0	0.0	0.0	0.0	0.0	0.481181050881	1.0	2
1.0	4923.3984375	10.0	4.0	894.010009766	4.0	3.0	82.4599990845	2.53282455639	0.499159574509	-0.699076116085	0.511988520622	39.7866399654	33.3776410337	-32.7548980713	20.413848877	33.7525482178	0.332810144066	0.0	0.0	0.0	0.0	0.0	0.994276832159	1.0	2
1.0	3641.95678711	9.0	2.0	745.998046875	1.0	1.0	24.5599994659	0.0	-0.00372824445367	-0.980662822723	0.195669412613	41.0609147196	2.26142238485	-23.1097507477	54.1351470947	13.2245998383	0.954004163625	0.0	0.0	0.0	1.0	14.9600000381	0.885752038959	1.0	2
1.0	5536.07763672	7.0	6.0	1713.97998047	6.0	5.0	136.320000172	2.24042848712	0.43916490674	-0.851693630219	-0.285923391581	44.0886359948	46.8100960806	-20.9393005371	52.6752510071	13.5564994812	0.617630720542	0.0	0.0	0.0	0.0	0.0	0.975822579677	1.0	2
1.0	5250.50732422	7.0	2.0	1229.48669434	2.0	2.0	67.9400002956	2.77164033501	-0.991918087006	-0.126699149609	0.00676908995956	35.4827769708	2.51769440145	-28.0587501526	63.6587524414	15.8907003403	0.879542269916	0.0	0.0	0.0	0.0	0.0	0.978960925344	1.0	2
1.0	7238.17382812	8.0	6.0	945.629638672	6.0	6.0	148.180000305	2.77164033501	-0.991918087006	-0.126699149609	0.00676908995956	38.7393033874	32.727404461	-28.0587501526	63.6587524414	15.8907003403	0.879542269916	0.0	0.0	0.0	0.0	0.0	0.999781780169	1.0	2
1.0	4447.47167969	1.0	1.0	858.554016113	1.0	1.0	59.4800014496	0.0	0.993508279324	0.0	0.113759703934	37.6504086148	0.0	-33.9167480469	51.426700592	18.7444992065	0.977984674505	1.0	4.48000001907	4.15999984741	1.0	4.48000001907	-1.0	0.0	2
1.0	5451.50683594	3.0	3.0	2209.87475586	3.0	2.0	70.4800000191	0.0	-0.0265261642635	-0.970082998276	0.241320088506	51.2585465943	12.4849417835	-28.5490989685	51.1930999756	15.6724500656	0.981549771444	3.0	8.60000038147	30.3200006485	1.0	20.6800003052	0.969046779527	1.0	2
1.0	1382.75610352	2.0	1.0	2090.51416016	1.0	1.0	59.4800014496	0.0	-0.993508279324	0.0	-0.113759703934	29.3325125194	16.9708198645	-33.9167480469	51.426700592	18.7444992065	0.977984674505	1.0	4.48000001907	4.15999984741	1.0	4.48000001907	0.920944975082	1.0	2
1.0	4388.77636719	7.0	6.0	2298.48901367	3.0	3.0	136.520001411	0.0	-0.993508279324	0.0	-0.113759703934	42.1378628954	10.3614243684	-33.9167480469	51.426700592	18.7444992065	0.977984674505	7.0	4.48000001907	57.7975997925	2.0	20.1599998474	0.985471222115	1.0	2
1.0	6156.96923828	3.0	2.0	969.75604248	2.0	2.0	98.6400005817	0.0	0.993508279324	0.0	0.113759703934	37.6504086148	0.0	-33.9167480469	51.426700592	18.7444992065	0.977984674505	3.0	1.79999995232	4.2375998497	2.0	4.48000001907	0.647650195021	1.0	2
1.0	6584.23144531	6.0	1.0	897.784790039	5.0	1.0	3.48000001907	2.07243819601	-0.738929033279	-0.555972635746	-0.380628824234	56.6745664536	0.0	-62.6868476868	49.4194488525	26.255399704	0.821564563917	0.0	0.0	0.0	0.0	0.0	0.995362725849	1.0	2
1.0	1152.15197754	1.0	0.0	68.9822006226	1.0	0.0	0.0	10.0	0.0	0.0	0.0	0.0	0.0	0.0	0.0	0.0	2.0	0.0	0.0	0.0	0.0	0.0	0.481181050881	1.0	2
1.0	9911.25	5.0	2.0	1969.59362793	5.0	5.0	97.519998312	0.0	-0.993504226208	0.0	-0.113795287907	40.3843459473	0.0	-20.6149501801	56.6467018127	9.58905982971	0.999810988332	7.0	1.79999995232	75.92000103	3.0	20.6800003052	0.99867243946	1.0	2
1.0	2722.22119141	2.0	2.0	1725.25	1.0	1.0	33.1599998474	0.0	-0.0265243332833	-0.970082998276	0.241320103407	18.3754893664	2.1198968387	-46.7632980347	20.3689994812	28.8419494629	0.188664955989	2.0	8.60000038147	21.1600003242	1.0	20.6800003052	0.214161171963	1.0	2
1.0	8388.34765625	8.0	2.0	494.859008789	2.0	2.0	36.1599991322	0.0	-0.993498146534	0.0	-0.113848201931	54.6596251695	13.9898422528	-56.1049499512	51.6227989197	27.3906497955	0.987473388089	1.0	1.79999995232	0.0	1.0	1.79999995232	0.99889606009	1.0	2
1.0	3288.03466797	1.0	1.0	840.429016113	2.0	1.0	22.7599992752	2.03685047117	-0.930957555771	0.359892189503	0.0616090595722	2.67859187088	12.2969014796	-39.9907531738	18.0482501984	44.8315010071	0.672519385494	0.0	0.0	0.0	0.0	0.0	-1.0	0.0	2
1.0	5386.25195312	10.0	5.0	2707.31176758	4.0	4.0	102.020000458	0.0	-0.0848869532347	-0.953431963921	0.28941604495	56.008402927	4.49361511837	-48.0494499207	70.6920013428	24.9842987061	0.218805376357	1.0	19.2399997711	17.8999996185	0.0	19.2399997711	0.996677213244	1.0	2
1.0	4423.93505859	4.0	2.0	246.518188477	2.0	2.0	41.6799993515	0.0	0.982109487057	-0.129116639495	-0.137075915933	47.4317264233	4.73391521932	-19.5724487305	40.967300415	17.751701355	0.254241913644	2.0	8.39999961853	16.7399997711	1.0	8.39999961853	0.623829407988	1.0	2
1.0	7900.42382812	13.0	8.0	2776.35302734	6.0	6.0	283.079999924	0.0	-0.0848869532347	-0.953431963921	0.28941604495	56.008402927	4.49361511837	-48.0494499207	70.6920013428	24.9842987061	0.218805376357	6.0	8.39999961853	52.8199996948	3.0	13.5	0.999986183818	1.0	2
1.0	3011.10693359	1.0	1.0	549.574279785	2.0	1.0	17.9200000763	0.0	0.982109487057	-0.129116639495	-0.137075915933	40.7077221584	4.73391521932	-19.5724487305	40.967300415	17.751701355	0.254241913644	1.0	9.34000015259	8.27999973297	0.0	9.34000015259	0.495047479176	1.0	2
1.0	5378.18847656	11.0	3.0	1523.68188477	3.0	2.0	46.599998951	1.58957859237	0.0200676135719	-0.622549712658	0.782322943211	58.537657923	36.3751542175	-67.0498504639	23.5419006348	27.3520507812	0.324616329371	0.0	0.0	0.0	0.0	0.0	0.998034209656	1.0	2
1.0	8120.51171875	10.0	5.0	2064.12841797	5.0	5.0	146.319999218	0.0	0.982109487057	-0.129116639495	-0.137075915933	48.6788065834	4.73391521932	-19.5724487305	40.967300415	17.751701355	0.254241913644	2.0	8.5	16.1999998093	1.0	8.5	0.99976506175	1.0	2
1.0	3747.87670898	7.0	4.0	360.079589844	3.0	2.0	59.6399993896	0.0	-0.0849937275052	-0.953441381454	0.289353698492	46.8274851876	29.0437312844	-33.9917984009	19.7613487244	34.0754508972	0.56329129549	2.0	8.39999961853	10.5	2.0	13.5	0.981063383257	1.0	2
1.0	3754.01953125	3.0	2.0	259.416595459	2.0	2.0	29.0199995041	0.0	-0.0849937275052	-0.953441381454	0.289353698492	22.0412106733	1.02124741682	-33.9917984009	19.7613487244	34.0754508972	0.56329129549	1.0	8.39999961853	8.46000003815	1.0	8.39999961853	0.866703739903	1.0	2
1.0	8421.9375	10.0	5.0	2095.06225586	6.0	5.0	121.480000019	0.0	0.982109487057	-0.129116639495	-0.137075915933	48.6788065834	4.73391521932	-19.5724487305	40.967300415	17.751701355	0.254241913644	2.0	8.5	16.1999998093	1.0	8.5	0.999813051751	1.0	2
1.0	3010.19580078	1.0	1.0	1628.49023438	1.0	1.0	24.6799993515	3.21247563334	-0.764005362988	0.637260556221	-0.100969441235	3.0838884619	10.967361206	-36.2841491699	34.3415489197	31.0557994843	0.662949924479	0.0	0.0	0.0	0.0	0.0	-1.0	0.0	2
1.0	5014.36230469	6.0	4.0	2705.14233398	6.0	6.0	171.380000114	0.0	0.998190522194	-0.028719285503	0.0528283789754	1.72304236257	21.3366797375	-37.3538970947	11.2271499634	44.4306488037	0.820060452938	7.0	3.29999995232	65.9400002956	3.0	18.2800006866	0.974326655518	1.0	2
1.0	5305.04541016	5.0	1.0	2242.45605469	4.0	2.0	52.779999733	2.78041724264	-0.311780452728	-0.915355920792	0.25478720665	29.2415096691	3.47241861635	-34.2403488159	52.4883995056	24.49284935	0.529191108903	0.0	0.0	0.0	0.0	0.0	0.977088413486	1.0	2
1.0	6925.05517578	7.0	4.0	1846.89831543	8.0	7.0	144.480000257	0.0	0.998193323612	-0.0286184120923	0.0528303980827	54.7076632397	7.40831458776	-36.1136016846	65.9819946289	20.9800491333	0.211410092237	7.0	3.29999995232	54.9400007725	4.0	12.1199998856	0.997141698568	1.0	2
1.0	2068.47460938	2.0	1.0	2048.69238281	1.0	1.0	33.9200005531	1.74951710169	0.998192489147	-0.0286522842944	0.0528285056353	0.0	28.6120071144	-51.1452484131	32.5001487732	30.4924507141	0.767745002941	0.0	0.0	0.0	0.0	0.0	0.45919341291	1.0	2
1.0	9792.90136719	11.0	8.0	2602.0456543	6.0	6.0	249.420000315	0.0	0.0412721149623	0.994553029537	-0.0957126244903	1.36269013561	12.5242739842	-41.5800018311	-8.37965011597	43.3591995239	0.478220797176	6.0	3.29999995232	49.0600003004	5.0	23.3199996948	0.999756388294	1.0	2
1.0	5665.29150391	9.0	7.0	2823.35180664	5.0	5.0	162.198399782	0.0	-0.998190522194	0.028719285503	-0.0528283789754	2.46945973489	23.7753511204	-37.3538970947	11.2271499634	44.4306488037	0.280011577732	4.0	3.29999995232	30.580000639	2.0	12.1199998856	0.979011196087	1.0	2
1.0	291.350402832	2.0	1.0	1111.18994141	1.0	1.0	16.8400001526	3.07965421693	0.982038199902	0.151324465871	-0.1127025038	7.97984104541	11.2444464872	-28.6079502106	47.4552001953	21.0871505737	0.117113759078	0.0	0.0	0.0	0.0	0.0	0.967781130025	1.0	2
1.0	3791.46777344	5.0	5.0	1131.43334961	1.0	1.0	78.2999989986	0.0	-0.998190522194	0.028719285503	-0.0528283789754	21.3366797375	1.72304236257	-37.3538970947	11.2271499634	44.4306488037	0.820060452938	4.0	4.98000001907	43.1599998474	0.0	13.0	0.590195558711	1.0	2
1.0	5863.12988281	9.0	6.0	4524.10644531	6.0	6.0	115.638399601	0.0	-0.998193323612	0.0286184120923	-0.0528303980827	51.2247032601	0.0	-36.1136016846	65.9819946289	20.9800491333	0.431133208072	4.0	7.73999977112	25.1200004816	5.0	23.3199996948	0.965754330518	1.0	2
1.0	4122.74609375	1.0	1.0	1306.14343262	2.0	1.0	31.9600000381	1.18130437938	-0.727511286736	0.658500254154	-0.192625969648	2.62573079582	0.0	-37.6009979248	11.8266506195	40.0125007629	0.547510295875	0.0	0.0	0.0	0.0	0.0	-1.0	0.0	2
1.0	4742.51416016	7.0	2.0	1333.92553711	4.0	2.0	21.1800000668	0.0	-0.0289086289704	0.963128268719	-0.267485111952	50.2216651597	23.1462719888	-61.5566482544	37.8268508911	25.17345047	0.91094604654	0.0	0.0	0.0	1.0	10.7600002289	0.999414065468	1.0	2
1.0	8422.046875	6.0	1.0	1637.68579102	4.0	4.0	108.999999762	0.0	-0.0288045406342	0.963112413883	-0.26755335927	54.2220754454	14.764297643	-47.9755020142	45.6094017029	26.1204986572	0.428863341179	1.0	3.38000011444	2.79999995232	0.0	3.38000011444	0.99419095242	1.0	2
1.0	6750.40722656	6.0	5.0	2391.87329102	4.0	3.0	104.040000439	0.0	0.0289058275521	-0.963135540485	0.267459183931	47.1500331536	2.20495877432	-27.3467502594	50.7793006897	16.2067489624	0.770084299032	3.0	4.84000015259	26.7799999714	4.0	17.5200004578	0.998962812948	1.0	2
1.0	5415.33007812	10.0	5.0	821.31652832	4.0	4.0	76.4799985886	0.0	-0.028804525733	0.963111877441	-0.267555147409	31.4081436199	2.98221589906	-39.3918991089	23.3076992035	29.5027999878	0.505593427702	4.0	4.84000015259	29.4199998379	4.0	15.8000001907	0.991444970517	1.0	2
1.0	3766.93115234	8.0	5.0	1206.80310059	3.0	3.0	109.919999599	0.0	-0.999506294727	-0.0310243554413	-0.00496499799192	0.985931094671	23.6776368313	-31.3027000427	-1.05144500732	46.5906524658	0.837782085556	3.0	1.39999997616	15.6199994087	3.0	15.8000001907	0.994256744692	1.0	2
1.0	6607.85400391	6.0	2.0	1589.19702148	3.0	3.0	86.6399998665	0.0	0.999503612518	0.0310949087143	0.0050615798682	28.8999912005	27.4634308019	-49.5465011597	15.6215496063	34.4165000916	0.633097224783	1.0	4.84000015259	3.70000004768	0.0	4.84000015259	0.894771813559	1.0	2
1.0	7315.48828125	10.0	6.0	3444.00854492	4.0	4.0	184.707999945	0.0	-0.999506294727	-0.0310243554413	-0.00496499799192	0.985931094671	23.6776368313	-31.3027000427	-1.05144500732	46.5906524658	0.837782085556	6.0	1.39999997616	45.259999752	4.0	13.8400001526	0.999960472518	1.0	2
1.0	5802.63720703	9.0	2.0	642.820678711	3.0	3.0	29.2999994755	0.0	0.0289019625634	-0.963135659695	0.267459213734	35.9473387502	10.3921504599	-65.269744873	30.3505992889	24.2760505676	0.432952824716	1.0	12.6000003815	11.5799999237	1.0	12.6000003815	0.914427670553	1.0	2
1.0	2559.60205078	5.0	3.0	2062.98901367	3.0	3.0	40.6799988747	0.0	0.0289058275521	-0.963135540485	0.267459183931	34.3227988676	2.20495877432	-27.3467502594	50.7793006897	16.2067489624	0.770084299032	1.0	13.8400001526	13.220000267	3.0	17.5200004578	0.994757118856	1.0	2
1.0	3103.28393555	2.0	1.0	758.50970459	1.0	1.0	23.8199996948	3.34381517008	-0.655859172344	0.754381835461	0.027510445565	1.78549919353	16.6689505337	-39.4187507629	33.8628501892	31.5803985596	0.980523634399	0.0	0.0	0.0	0.0	0.0	-1.0	0.0	2
1.0	9052.81738281	11.0	6.0	2124.68212891	4.0	4.0	174.039999425	0.0	0.997142791748	0.0	-0.0755396708846	54.0471034754	8.05062988201	-45.5239028931	64.0151977539	29.4349498749	0.837893238599	3.0	5.19999980927	8.90840007365	0.0	22.9200000763	0.990690627334	1.0	2
1.0	2064.69628906	6.0	2.0	613.671691895	1.0	1.0	35.4799995422	3.11897092966	0.449284255505	0.810297489166	-0.376246809959	7.1751488773	1.78556426734	-38.1032028198	6.23484516144	45.5407485962	0.860189973871	0.0	0.0	0.0	0.0	0.0	0.709245043602	1.0	2
1.0	8207.14550781	12.0	7.0	2072.49536133	5.0	5.0	125.999999523	0.0	0.997142791748	0.0	-0.0755396708846	54.617551737	8.05062988201	-45.5239028931	64.0151977539	29.4349498749	0.837893238599	2.0	2.96000003815	3.98840011656	3.0	9.96000003815	0.999752148316	1.0	2
1.0	4941.55810547	9.0	6.0	1663.87011719	4.0	4.0	71.0799999237	0.0	0.0130402976647	-0.976928770542	0.213166937232	46.2634635551	2.07165581251	-40.5594482422	69.0010528564	27.9654998779	0.992792772382	4.0	6.98000001907	22.680000186	1.0	17.0200004578	0.802376541337	1.0	2
1.0	8493.24609375	10.0	5.0	2051.90917969	6.0	6.0	183.419999123	0.0	0.0130402976647	-0.976928770542	0.213166937232	46.9062656309	2.07165581251	-40.5594482422	69.0010528564	27.9654998779	0.992792772382	4.0	6.71999979019	22.680000186	0.0	22.9200000763	0.998714107714	1.0	2
1.0	3614.03295898	3.0	1.0	758.50970459	1.0	1.0	23.8199996948	3.34381517008	-0.655859172344	0.754381835461	0.027510445565	1.78549919353	16.6689505337	-39.4187507629	33.8628501892	31.5803985596	0.980523634399	0.0	0.0	0.0	0.0	0.0	0.433980823447	1.0	2
1.0	11225.7226562	9.0	5.0	1540.08850098	5.0	5.0	239.480001628	0.0	0.997142195702	0.0	-0.0755478143692	47.2401359523	1.99861057354	-41.9497528076	70.3608016968	27.7728500366	0.422498015936	6.0	2.96000003815	24.5884000212	2.0	9.96000003815	0.99904033112	1.0	2
1.0	5784.29443359	8.0	3.0	2103.37353516	3.0	2.0	69.1000013351	2.8929033528	-0.642058193684	0.71591848135	0.274266302586	2.9949046735	19.6764902514	-36.580947876	-1.33250498772	47.8846511841	0.264684316742	0.0	0.0	0.0	0.0	0.0	0.831532231186	1.0	2
1.0	8130.97265625	9.0	5.0	1799.82592773	3.0	3.0	69.2199997902	0.0	0.0130402976647	-0.976928770542	0.213166937232	46.2634635551	2.07165581251	-40.5594482422	69.0010528564	27.9654998779	0.992792772382	1.0	9.06000041962	7.5	1.0	9.96000003815	0.984167511417	1.0	2
1.0	2726.47485352	1.0	1.0	1265.27392578	1.0	1.0	32.6999998093	1.48726597396	-0.435901731253	-0.414111733437	0.799062669277	0.0	14.2792231464	-44.4110031128	19.7971992493	34.4703521729	0.735624539713	0.0	0.0	0.0	0.0	0.0	-1.0	0.0	2
1.0	7068.20214844	11.0	7.0	2511.21899414	5.0	5.0	153.680000305	0.0	0.00915050692856	-0.994012951851	0.108878672123	1.92298938391	32.0440355318	-46.888999939	10.6035995483	38.0897979736	0.369519148038	4.0	1.55999994278	31.0999994278	2.0	17.9200000763	0.999436286131	1.0	2
1.0	2328.92382812	3.0	2.0	1120.08496094	1.0	1.0	22.6007995605	0.0	0.00924506783485	-0.994012057781	0.108878672123	13.6343783369	18.8321166405	-47.8628501892	30.6963996887	26.5580997467	0.391129945743	2.0	10.6400003433	20.0399999619	0.0	10.6400003433	0.099861094094	1.0	2
1.0	8367.74414062	8.0	5.0	950.447998047	2.0	2.0	81.0599994659	0.0	0.00915050692856	-0.994012951851	0.108878672123	27.3338251683	21.3069890596	-46.888999939	10.6035995483	38.0897979736	0.369519148038	2.0	9.80000019073	20.6599998474	0.0	10.3000001907	0.999476394626	1.0	2
1.0	4881.54980469	4.0	3.0	899.483032227	3.0	3.0	64.700799942	0.0	-0.00915050692856	0.994012951851	-0.108878672123	2.21193474189	6.85935722129	-46.888999939	10.6035995483	38.0897979736	0.369519148038	3.0	7.57999992371	26.8999996185	1.0	17.9200000763	0.737029438979	1.0	2
1.0	6554.85107422	7.0	6.0	1718.61218262	5.0	4.0	137.399998665	0.0	0.00915050692856	-0.994012951851	0.108878672123	1.92298938391	25.9785930296	-46.888999939	10.6035995483	38.0897979736	0.369519148038	6.0	9.80000019073	44.7799994946	1.0	15.0200004578	0.98603072077	1.0	2
1.0	1269.06799316	3.0	3.0	1537.41894531	2.0	1.0	21.3600006104	0.0	0.00915233325213	-0.994012892246	0.108878768981	23.7389573676	2.37133155571	-26.2746009827	55.4657974243	18.496799469	0.963111926784	2.0	1.55999994278	2.91999995708	1.0	16.5200004578	0.893627045313	1.0	2
1.0	7857.72265625	7.0	5.0	2866.49707031	6.0	5.0	129.699998379	0.0	0.994902431965	0.0	-0.100842297077	42.163518793	25.9339351589	-46.2212982178	32.2602996826	26.2189502716	0.133646975425	3.0	10.6400003433	22.2399996519	1.0	15.0200004578	0.999543466554	1.0	2
1.0	7273.12402344	5.0	1.0	2830.57397461	4.0	1.0	32.6999998093	1.48726597396	-0.435901731253	-0.414111733437	0.799062669277	34.2536298293	37.5863445896	-44.4110031128	19.7971992493	34.4703521729	0.735624539713	0.0	0.0	0.0	0.0	0.0	0.979856335629	1.0	2
1.0	9066.39550781	10.0	6.0	1439.26806641	4.0	3.0	139.379999399	0.0	0.00915230065584	-0.994012951851	0.1088783741	43.7538793648	2.37500752286	-27.2146987915	37.7416000366	20.5496997833	0.626040591622	3.0	9.80000019073	22.5399998426	2.0	17.9200000763	0.99954825495	1.0	2
1.0	3862.81030273	1.0	1.0	438.089996338	2.0	1.0	2.96000003815	3.33859254478	-0.936612069607	-0.0692975744605	0.343446701765	2.18226858419	13.1118869648	-39.8807983398	19.3680000305	30.9383506775	0.955913136544	0.0	0.0	0.0	0.0	0.0	-1.0	0.0	2
1.0	7455.2734375	7.0	6.0	2046.6932373	7.0	6.0	169.18000102	0.0	0.998339056969	0.0336565226316	-0.0467591583729	36.3557872778	8.72499879029	-65.6660995483	56.1228485107	19.9441986084	0.85124918565	1.0	12.5600004196	13.220000267	2.0	19.2800006866	0.999792806595	1.0	2
1.0	438.089996338	2.0	1.0	851.603027344	2.0	1.0	2.96000003815	3.33859254478	0.936612069607	0.0692975744605	-0.343446701765	13.1118869648	2.18226858419	-39.8807983398	19.3680000305	30.9383506775	0.955913136544	0.0	0.0	0.0	0.0	0.0	0.979502794219	1.0	2
1.0	5123.99462891	12.0	6.0	1369.67199707	1.0	1.0	87.479998827	0.0	-0.0472569465637	0.972107470036	-0.229725643992	31.154022708	2.81198205413	-34.6844482422	20.2365989685	28.9103012085	0.985359406063	3.0	5.86000013351	14.025200054	4.0	21.2000007629	0.997001439909	1.0	2
1.0	9549.27929688	8.0	7.0	1292.89099121	6.0	6.0	176.820000172	0.0	-0.0473602153361	0.972074091434	-0.229845613241	71.5168207421	1.57669812926	-60.0943984985	62.8652496338	19.7405509949	0.410679988994	6.0	5.86000013351	51.0252010077	4.0	11.2399997711	0.999989376738	1.0	2
1.0	8619.66992188	11.0	7.0	1556.69299316	2.0	2.0	157.199999571	0.0	0.0472576729953	-0.972082495689	0.229831025004	28.9008325043	3.66232890358	-51.8336486816	4.7424697876	36.506652832	0.712475851153	2.0	8.53999996185	17.7399997711	2.0	21.2000007629	0.999995170851	1.0	2
1.0	5434.01660156	9.0	4.0	574.54498291	3.0	3.0	60.7800006866	0.0	-0.998331487179	-0.033750012517	0.0468526408076	45.2654564136	30.7578286506	-35.9510993958	32.6934967041	22.7530517578	0.195184821426	2.0	5.86000013351	4.36520020664	2.0	6.17999982834	0.793101194333	1.0	2
1.0	8233.92285156	8.0	7.0	1772.80407715	5.0	5.0	157.660001278	0.0	-0.998334646225	-0.0336565598845	0.0468527041376	57.2542128509	1.57679767879	-20.8162002563	48.6658477783	18.3594512939	0.837215080805	4.0	5.86000013351	44.0400013924	3.0	19.2800006866	0.998997739121	1.0	2
1.0	3824.39282227	4.0	2.0	273.929992676	1.0	1.0	29.4599990845	0.0	0.998334646225	0.0336565598845	-0.0468527041376	50.7105147214	1.90685735494	-20.8162002563	48.6658477783	18.3594512939	0.837215080805	0.0	0.0	0.0	2.0	21.2000007629	0.853325965806	1.0	2
1.0	6134.01367188	10.0	3.0	457.190002441	3.0	2.0	85.8000011444	1.20638714737	-0.759914517403	0.638359129429	-0.122586853802	45.6710031426	4.84384855754	-37.6654510498	52.8450012207	26.1143989563	0.318148208682	0.0	0.0	0.0	0.0	0.0	0.999533736366	1.0	2
1.0	3767.67993164	1.0	1.0	1380.57592773	2.0	1.0	76.4399983883	2.18852231796	-0.123978093266	-0.989943504333	0.0681271627545	37.1221656858	0.0	-29.3223991394	52.9757995605	23.7855491638	0.628334531047	0.0	0.0	0.0	0.0	0.0	-1.0	0.0	2
1.0	4174.1171875	6.0	3.0	2176.67504883	3.0	3.0	105.800001383	0.0	0.993542850018	0.113424040377	0.0027529282961	52.0359822799	6.39446403613	-26.0983009338	54.5945510864	20.1172485352	0.411700293884	2.0	7.42000007629	28.3000006676	0.0	15.6199998856	0.995706521222	1.0	2
1.0	5870.45556641	4.0	2.0	2604.43701172	4.0	3.0	112.759998083	0.0	0.993543982506	0.113414302468	0.00275438604876	43.4688559333	28.6418454277	-33.0303497314	15.7145500183	32.0431518555	0.741662792985	1.0	7.51999998093	6.78000020981	0.0	7.51999998093	0.954379536274	1.0	2
1.0	5202.49902344	7.0	4.0	2907.22705078	3.0	3.0	129.675602406	0.0	0.106011882424	-0.93781465292	0.330552816391	48.1462185684	12.4719710637	-23.1365509033	43.598197937	16.2842502594	0.203856433487	4.0	7.42000007629	40.740000248	3.0	19.0200004578	0.984529419626	1.0	2
1.0	4466.00390625	6.0	3.0	1996.62597656	1.0	1.0	82.8199982643	0.0	0.106021843851	-0.937803804874	0.330580323935	43.712399745	2.77503439325	-31.3741493225	66.0425491333	22.3979492188	0.32613290095	1.0	14.1999998093	15.279999733	1.0	14.1999998093	0.712224701144	1.0	2
1.0	6407.39648438	5.0	2.0	2433.99487305	4.0	3.0	112.759998083	0.0	0.993543982506	0.113414302468	0.00275438604876	43.4688559333	28.6418454277	-33.0303497314	15.7145500183	32.0431518555	0.741662792985	1.0	7.51999998093	6.78000020981	0.0	7.51999998093	0.983313137114	1.0	2
1.0	3007.53051758	8.0	2.0	1223.86108398	2.0	2.0	46.5800015926	2.19733018568	0.520101547241	-0.460411608219	0.719385504723	53.4281431823	0.0	-72.9972000122	23.5398006439	23.7348003387	0.456019969388	0.0	0.0	0.0	0.0	0.0	0.979457818993	1.0	2
1.0	3526.00805664	3.0	2.0	1996.62597656	1.0	1.0	79.1399981976	0.0	0.106021843851	-0.937803804874	0.330580323935	27.9843353539	2.77503439325	-31.3741493225	66.0425491333	22.3979492188	0.32613290095	1.0	14.1999998093	15.279999733	1.0	14.1999998093	0.977211600964	1.0	2
1.0	4616.05175781	2.0	2.0	1380.57592773	2.0	1.0	100.119998693	0.0	0.99354326725	0.113420501351	0.00275292480364	27.950265297	24.2970108974	-50.1428985596	36.7590484619	25.2971496582	0.764313087046	1.0	7.42000007629	7.86000013351	0.0	7.42000007629	0.197636221724	1.0	2
1.0	4221.98535156	7.0	5.0	3191.7722168	3.0	3.0	75.1556017101	0.0	0.106013216078	-0.937814891338	0.330551713705	67.9971603059	1.66414476498	-62.7731513977	63.1740989685	20.7651500702	0.371071014522	3.0	11.8199996948	27.9200000763	3.0	18.2600002289	0.982669904978	1.0	2
1.0	3072.3659668	1.0	1.0	1194.14196777	1.0	1.0	31.5600004196	2.39979579375	-0.342089444399	0.867440700531	-0.361277490854	1.02810161956	18.9895488748	-39.7292480469	22.9118003845	35.9363021851	0.507474400811	0.0	0.0	0.0	0.0	0.0	-1.0	0.0	2
1.0	6884.39697266	7.0	5.0	3965.72802734	6.0	5.0	115.100000381	0.0	-0.0588451959193	-0.984721541405	0.163892373443	12.2103753692	33.7684964557	-28.2893486023	22.7747993469	32.4506530762	0.731318189095	3.0	5.21999979019	27.3199996948	0.0	13.0799999237	0.999238024071	1.0	2
1.0	981.017028809	3.0	0.0	402.09197998	2.0	0.0	0.0	10.0	0.0	0.0	0.0	0.0	0.0	0.0	0.0	0.0	2.0	0.0	0.0	0.0	0.0	0.0	0.481181050881	1.0	2
1.0	3406.21166992	6.0	4.0	2168.60107422	4.0	3.0	75.4800002575	0.0	-0.992685735226	0.0704829692841	0.0980163440108	1.78669385795	28.7630696271	-41.6913528442	8.08943939209	43.7679519653	0.258844213582	3.0	1.48000001907	30.720000267	1.0	1.48000001907	0.969918476018	1.0	2
1.0	1450.75695801	3.0	2.0	904.898010254	1.0	1.0	49.8400011063	0.0	-0.0588479749858	-0.984736979008	0.163798481226	0.0	20.0639783984	-49.6572494507	20.2251014709	35.2099990845	0.847983833223	1.0	11.3199996948	10.1199998856	0.0	11.3199996948	0.583931687924	1.0	2
1.0	6335.97460938	6.0	1.0	2334.5390625	3.0	2.0	19.9800000191	2.11580722762	0.146202817559	-0.969653666019	-0.1959502846	18.9895458455	31.4366967315	-34.2804489136	34.2166976929	33.5296020508	0.724595733061	0.0	0.0	0.0	0.0	0.0	0.991147967037	1.0	2
1.0	2973.68920898	2.0	2.0	1125.43005371	1.0	1.0	44.4000005722	0.0	-0.0587472096086	-0.984727263451	0.163893327117	18.08561124	18.3657460602	-52.2213973999	30.5738983154	33.8380508423	0.900522436449	1.0	9.80000019073	9.27999973297	0.0	9.80000019073	0.186323190735	1.0	2
1.0	6776.37158203	9.0	5.0	2663.60400391	5.0	4.0	88.2000014782	0.0	-0.0587472096086	-0.984727263451	0.163893327117	18.08561124	20.5666284943	-52.2213973999	30.5738983154	33.8380508423	0.900522436449	3.0	5.21999979019	26.0999994278	0.0	13.0799999237	0.989137667911	1.0	2
1.0	6735.71386719	7.0	4.0	2978.44995117	3.0	3.0	81.240000248	0.0	-0.992694556713	0.0704844966531	0.0979258045554	48.8556787703	6.36059828504	-20.8798503876	48.6137008667	17.0121994019	0.946930470807	4.0	1.48000001907	40.2600002289	1.0	1.48000001907	0.988104165527	1.0	2
1.0	3059.53515625	6.0	4.0	2916.62695312	3.0	2.0	59.5800004005	0.0	-0.0588479749858	-0.984736979008	0.163798481226	0.0	42.9559089939	-49.6572494507	20.2251014709	35.2099990845	0.847983833223	3.0	11.3199996948	40.2600002289	0.0	15.0799999237	0.985072900112	1.0	2
1.0	3570.5144043	2.0	1.0	991.802978516	1.0	1.0	23.9800000191	0.0	-0.999277293682	-0.034378349781	-0.0162182021886	1.37022457066	18.361517265	-40.6195983887	26.8884010315	32.4084014893	0.917708500759	1.0	8.68000030518	8.02000045776	0.0	8.68000030518	-1.0	0.0	3
1.0	11304.1601562	12.0	3.0	2993.78857422	8.0	4.0	21.419999361	0.0	-0.99928021431	-0.0342927016318	-0.0162199307233	64.0230238156	31.946380061	-63.9337997437	47.3871498108	24.5414009094	0.545040794084	15.0	3.8599998951	114.819751115	0.0	22.9599990845	0.999874669091	1.0	3
1.0	12788.3320312	19.0	7.0	3035.99267578	6.0	6.0	59.0399992466	0.0	-0.0314132794738	0.976059556007	-0.215222939849	23.8256982304	34.3430922435	-39.7443504333	15.9917497635	37.6302490234	0.84981573628	9.0	4.69999980927	69.7819898129	3.0	17.1599998474	0.999994533722	1.0	3
1.0	16774.0449219	11.0	4.0	3287.84814453	6.0	6.0	239.340001702	0.0	-0.0219685398042	0.19565948844	0.980425775051	60.7912915245	9.70334471571	-52.6429519653	66.4722518921	21.3175010681	0.79906523235	6.0	11.8999996185	60.0199995041	2.0	12.5799999237	0.999999949243	1.0	3
1.0	6013.65429688	3.0	1.0	991.802978516	1.0	1.0	23.9800000191	0.0	-0.999277293682	-0.034378349781	-0.0162182021886	28.047943012	18.361517265	-40.6195983887	26.8884010315	32.4084014893	0.917708500759	1.0	8.68000030518	8.02000045776	0.0	8.68000030518	0.355929349104	1.0	3
1.0	12129.1357422	8.0	2.0	1599.82568359	5.0	4.0	131.520000935	0.0	-0.0314132794738	0.976059556007	-0.215222939849	23.8256982304	20.352418696	-39.7443504333	15.9917497635	37.6302490234	0.600861380518	3.0	4.69999980927	33.0000009537	2.0	11.8999996185	0.999542261718	1.0	3
1.0	3759.2253418	3.0	2.0	803.09197998	1.0	1.0	42.5599999428	0.0	0.0314132794738	-0.976059556007	0.215222939849	16.4806335788	2.11346145003	-39.7443504333	15.9917497635	37.6302490234	0.600861380518	2.0	8.68000030518	18.5400009155	1.0	11.8999996185	0.291044448128	1.0	3
1.0	7806.95996094	4.0	2.0	1819.96044922	5.0	5.0	150.300001264	0.0	0.0314132794738	-0.976059556007	0.215222939849	16.4806335788	23.8256982304	-39.7443504333	15.9917497635	37.6302490234	0.84981573628	3.0	4.69999980927	32.6800003052	2.0	11.9399995804	0.998279827183	1.0	3
1.0	3382.74584961	7.0	3.0	1524.27575684	4.0	4.0	116.060000896	0.0	-0.0314132794738	0.976059556007	-0.215222939849	19.3760370337	19.6984692707	-39.7443504333	15.9917497635	37.6302490234	0.600861380518	2.0	4.69999980927	21.0800008774	2.0	11.8999996185	0.813058039811	1.0	3
1.0	10250.3769531	8.0	3.0	3431.78710938	4.0	4.0	135.44000113	0.0	0.0314132794738	-0.976059556007	0.215222939849	16.4806335788	25.7734841224	-39.7443504333	15.9917497635	37.6302490234	0.600861380518	3.0	8.68000030518	30.4600009918	1.0	11.8999996185	0.998886321041	1.0	3
1.0	2974.01708984	1.0	1.0	780.997009277	1.0	1.0	0.0	4.00068754009	-0.939137876034	-0.287531912327	0.188003778458	0.0	8.00898965504	-41.426902771	25.8295497894	28.6434516907	0.700961560685	0.0	0.0	0.0	0.0	0.0	-1.0	0.0	3
1.0	17001.7148438	20.0	8.0	4233.50537109	7.0	6.0	137.319998741	0.0	0.0032670230139	0.994234144688	-0.107180938125	62.92728456	17.5749566099	-46.6220016479	66.7342987061	24.0683994293	0.187178553373	9.0	11.6400003433	125.15999794	3.0	33.7400016785	0.999999997687	1.0	3
1.0	8720.63476562	16.0	5.0	3153.06689453	5.0	5.0	40.2800002098	0.0	-0.0032670230139	-0.994234144688	0.107180938125	59.5822233658	17.7677864939	-46.6220016479	66.7342987061	24.0683994293	0.458786606777	8.0	11.6400003433	85.3799986839	0.0	47.9399986267	0.999564622868	1.0	3
1.0	11044.2373047	17.0	3.0	1178.6484375	3.0	3.0	31.4600000381	0.0	0.0032673520036	0.994233012199	-0.107191734016	35.0947774254	0.979548900346	-50.0586013794	22.2014503479	31.7434997559	0.64886055175	3.0	9.52000045776	34.1000003815	1.0	13.6199998856	0.999985371566	1.0	3
1.0	3263.96826172	3.0	1.0	2999.34179688	4.0	2.0	62.279999733	3.40998537525	-0.64315700531	0.765309333801	0.0255071837455	8.8307461242	7.87793448035	-32.2525520325	39.2638511658	25.2446994781	0.881601332433	0.0	0.0	0.0	0.0	0.0	0.751722461876	1.0	3
1.0	7551.66894531	10.0	4.0	2831.35375977	4.0	4.0	86.5600004196	0.0	-0.00326738366857	-0.99423289299	0.107192769647	25.1219292703	8.61522621979	-23.5387001038	9.80795478821	36.8667984009	0.901882033352	3.0	8.57999992371	36.1200008392	0.0	13.1599998474	0.997355115165	1.0	3
1.0	6909.56201172	8.0	4.0	2747.75683594	4.0	4.0	145.220000267	2.06550483296	0.999530673027	0.0	0.0306345093995	47.1149054149	27.4763182181	-48.8620986938	34.1078987122	27.5219497681	0.143644251168	0.0	0.0	0.0	0.0	0.0	0.985735034567	1.0	3
1.0	8293.74804688	6.0	3.0	3066.94580078	5.0	5.0	83.5515997112	0.0	0.0032670230139	0.994234144688	-0.107180938125	33.1730298773	8.79201000557	-46.6220016479	66.7342987061	24.0683994293	0.786483571269	3.0	9.52000045776	41.8600006104	0.0	15.9799995422	0.999687398627	1.0	3
1.0	5244.08837891	2.0	1.0	92.7888031006	1.0	1.0	28.9400005341	3.12826474361	-0.984155774117	0.174983769655	0.0286018885672	9.69667583306	0.0	-41.271697998	24.6710014343	36.586151123	0.927857956118	0.0	0.0	0.0	0.0	0.0	-1.0	0.0	3
1.0	25156.9199219	16.0	6.0	4989.01367188	10.0	9.0	277.180000305	0.0	-0.0535279177129	-0.956509649754	0.286747425795	81.7306657052	16.1872270241	-70.2055511475	54.6735992432	13.6336994171	0.915230069615	13.0	2.16000008583	108.999999285	3.0	16.5	1.0	1.0	3
1.0	12044.3544922	18.0	7.0	3333.60888672	8.0	7.0	126.840001106	0.0	-0.0535279177129	-0.956509649754	0.286747425795	47.4933887054	2.6600730801	-70.2055511475	54.6735992432	13.6336994171	0.915230069615	5.0	2.16000008583	32.5	3.0	16.5	0.999395234698	1.0	3
1.0	15623.2011719	23.0	9.0	2309.85546875	8.0	8.0	101.839999199	0.0	0.995689570904	-0.0703867897391	-0.060398068279	76.8665911275	19.7111904402	-71.002746582	50.0883483887	15.0523500443	0.989043277257	6.0	5.28000020981	60.1599998474	1.0	5.40000009537	0.999956306991	1.0	3
1.0	6975.99072266	1.0	1.0	497.90802002	3.0	3.0	58.6124010086	0.0	0.995689511299	-0.0703876689076	-0.0603980645537	4.17470633585	14.0570866591	-35.2735481262	14.7570495605	40.2894515991	0.169094092926	2.0	12.3199996948	25.5599994659	2.0	13.0399999619	0.987086256197	1.0	3
1.0	13499.2929688	4.0	4.0	2221.38085938	4.0	4.0	100.60000062	0.0	-0.995689511299	0.0703876689076	0.0603980645537	14.0570866591	29.7597857613	-35.2735481262	14.7570495605	40.2894515991	0.713269476566	3.0	8.34000015259	33.9799995422	2.0	16.5	0.999984781387	1.0	3
1.0	3795.09082031	2.0	2.0	1233.88500977	1.0	1.0	44.1800003052	0.0	-0.995689570904	0.0703867897391	0.060398068279	33.3549651415	0.0	-28.8822498322	36.0702514648	29.6791496277	0.425610527944	1.0	8.34000015259	7.11999988556	1.0	16.5	0.253619162465	1.0	3
1.0	12558.2392578	3.0	1.0	1699.22998047	4.0	2.0	11.0912001133	0.0	-0.995689511299	0.0703876689076	0.0603980645537	14.0570866591	29.7597857613	-35.2735481262	14.7570495605	40.2894515991	0.169094092926	1.0	12.3199996948	12.0799999237	1.0	12.3199996948	0.999995592692	1.0	3
1.0	2057.94555664	2.0	0.0	829.13104248	1.0	0.0	0.0	10.0	0.0	0.0	0.0	0.0	0.0	0.0	0.0	0.0	2.0	0.0	0.0	0.0	0.0	0.0	0.481181050881	1.0	3
1.0	9956.17871094	6.0	3.0	2461.06103516	5.0	5.0	121.612401247	0.0	0.0707715004683	0.250217229128	0.965599656105	46.7704631795	12.1394458424	-41.3496513367	47.9351005554	34.1548500061	0.140945529172	4.0	5.59999990463	38.0399999619	4.0	16.5	0.999589154669	1.0	3
1.0	2653.8449707	2.0	1.0	1093.71630859	1.0	1.0	39.640001297	2.44563286483	-0.857798993587	0.0894480794668	0.506142199039	2.08483394217	4.96298425709	-35.7584991455	9.37502002716	42.5717506409	0.802289596286	0.0	0.0	0.0	0.0	0.0	-1.0	0.0	3
1.0	8145.19189453	20.0	5.0	3701.08007812	9.0	6.0	158.160002053	0.0	-0.0335464254022	-0.986689984798	0.159114852548	4.95785148313	30.3388288583	-46.7182502747	9.99719047546	41.2881507874	0.702413544244	5.0	4.73999977112	40.8800010681	0.0	9.96000003815	0.998056517947	1.0	3
1.0	3719.03271484	9.0	3.0	1540.8671875	4.0	3.0	88.6600008011	0.0	-0.0335525237024	-0.986688196659	0.159124746919	2.64684627464	29.6925608369	-32.1424484253	10.2958202362	39.3527488708	0.85307503674	0.0	0.0	0.0	1.0	12.9600000381	0.868118221669	1.0	3
1.0	13673.5126953	25.0	8.0	2399.65625	7.0	7.0	78.8399990797	0.0	-0.999265432358	0.0309898536652	0.0225433986634	73.0234124831	1.72323609117	-71.3262939453	46.1688499451	22.7933502197	0.866045483164	8.0	9.0	57.3400009871	2.0	14.9600000381	0.999999995905	1.0	3
1.0	4695.81738281	7.0	3.0	1795.78234863	2.0	1.0	58.3400001526	0.0	0.0335464254022	0.986689984798	-0.159114852548	10.5539631619	4.95785148313	-46.7182502747	9.99719047546	41.2881507874	0.702413544244	3.0	1.46000003815	19.0200006962	0.0	9.77999973297	0.947349374227	1.0	3
1.0	7557.00048828	9.0	6.0	2195.44995117	6.0	6.0	209.720000207	0.0	-0.0335490480065	-0.986689090729	0.159119784832	35.3040918902	2.01070155762	-26.3463516235	66.6548995972	16.7834510803	0.557153797478	6.0	1.46000003815	32.7600004077	1.0	12.9600000381	0.999938982064	1.0	3
1.0	1773.01635742	3.0	3.0	1544.73303223	3.0	3.0	91.0000007153	0.0	0.0335464254022	0.986689984798	-0.159114852548	10.5539631619	4.95785148313	-46.7182502747	9.99719047546	41.2881507874	0.702413544244	2.0	7.32000017166	17.4400005341	1.0	16.7600002289	0.720338823631	1.0	3
1.0	6228.80371094	8.0	3.0	1260.42797852	3.0	2.0	97.7000007629	0.0	0.0335471779108	0.986689031124	-0.159120425582	43.996863686	19.8031179255	-56.2182502747	42.9758987427	27.3466491699	0.993520080842	1.0	9.96000003815	10.3000001907	0.0	9.96000003815	0.977308002439	1.0	3
1.0	1474.26293945	3.0	1.0	174.186798096	2.0	1.0	0.0	0.0	-0.0335511192679	-0.986688971519	0.159120082855	23.412976797	3.33950409962	-50.3514480591	31.5234985352	29.0213508606	0.714668176547	1.0	1.46000003815	0.959999978542	0.0	1.46000003815	0.872278443451	1.0	3
1.0	6320.09375	8.0	4.0	2738.52709961	6.0	4.0	136.060001016	0.0	-0.999265432358	0.0309898536652	0.0225433986634	57.3166480684	1.72323609117	-71.3262939453	46.1688499451	22.7933502197	0.866045483164	3.0	1.46000003815	18.0800008178	1.0	14.9600000381	0.97678957342	1.0	3
1.0	3506.39111328	1.0	1.0	1167.3651123	1.0	1.0	53.5200003982	3.1959036954	-0.994193077087	-0.09075550735	0.0578235797584	4.03927324931	13.3321127998	-37.4713516235	7.62228965759	40.3195991516	0.823011759054	0.0	0.0	0.0	0.0	0.0	-1.0	0.0	3
1.0	19500.375	20.0	11.0	3906.95092773	12.0	10.0	221.139998674	0.0	0.00760389491916	-0.965313255787	0.260983645916	69.2019105673	2.0016137248	-48.9649505615	73.9149475098	29.9190998077	0.151918607832	17.0	3.44000005722	148.719998598	7.0	30.4200000763	1.0	1.0	3
1.0	4164.00732422	9.0	4.0	374.796081543	2.0	2.0	74.3000010848	0.0	0.00770689314231	-0.965315163136	0.260973662138	2.17206963979	14.4833080356	-44.6342010498	7.2707400322	38.8663024902	0.920139294731	2.0	3.70000004768	12.1199998856	2.0	10.9600000381	0.827429982269	1.0	3
1.0	12300.3662109	21.0	9.0	4900.73046875	7.0	7.0	249.859997988	0.0	0.00760389491916	-0.965313255787	0.260983645916	69.2019105673	2.0016137248	-48.9649505615	73.9149475098	29.9190998077	0.151918607832	14.0	3.44000005722	159.899998426	10.0	23.3600006104	0.99999978753	1.0	3
1.0	7563.11621094	13.0	8.0	1551.08654785	8.0	7.0	129.960000038	0.0	-0.999440610409	0.0	0.0334430113435	0.0	9.5493214628	-33.7074508667	-11.9555997849	47.2791976929	0.85380930735	7.0	3.44000005722	51.0599992275	3.0	21.3400001526	0.999751032156	1.0	3
1.0	7262.93652344	7.0	4.0	2718.2331543	4.0	3.0	89.699998796	0.0	0.00770720653236	-0.965311765671	0.26098626852	39.3229126312	0.960206858528	-62.2981987	56.3990478516	26.164100647	0.485415422958	3.0	9.06000041962	29.1599998474	0.0	11.2399997711	0.97821631071	1.0	3
1.0	2258.6875	5.0	4.0	4275.44970703	8.0	5.0	89.6399993896	0.0	-0.999440729618	0.0	0.0334396250546	36.3427545839	2.79693432724	-36.4331970215	62.4241981506	23.6681995392	0.913401089962	6.0	8.88000011444	55.8199994564	4.0	15.5399999619	0.983222831736	1.0	3
1.0	7681.21386719	7.0	3.0	2446.93579102	6.0	5.0	122.880000055	0.0	0.999440789223	0.0	-0.0334377512336	11.2445266806	43.3836750142	-63.743598938	13.3920001984	28.9086990356	0.617007682156	5.0	5.15999984741	38.6799991131	0.0	12.8199996948	0.997074225947	1.0	3
1.0	7951.83691406	9.0	4.0	2611.20288086	7.0	6.0	175.619999886	0.0	0.999440729618	0.0	-0.0334396250546	37.3210343593	19.5530704045	-44.3975982666	54.7848014832	29.5781002045	0.909769198544	6.0	3.70000004768	37.4799993038	2.0	10.9600000381	0.998544187598	1.0	3
1.0	2172.56518555	4.0	4.0	3219.85693359	4.0	4.0	105.400001943	0.0	-0.999440729618	0.0	0.0334396883845	10.2709652418	9.32401452582	-28.2872009277	53.7300987244	23.9598999023	0.889035527529	4.0	10.6800003052	52.2399988174	1.0	17.3999996185	0.96984023083	1.0	3
