valid	volumeS1	connectedComponentsS1	connectedComponentsS1Rel	volumeS2	connectedComponentsS2	connectedComponentsS2Rel	corticalSize	distanceMin	direction_x	direction_y	direction_z	distanceToExtremity1	distanceToExtremity2	gravityCenter_x	gravityCenter_y	gravityCenter_z	corticalDotProduct	junctions	junctionDepthMin	junctionsSize	plisDePassage	plisDePassageDepthMax	Potential	Class	cycle
1.0	630.145019531	1.0	1.0	4479.50146484	1.0	1.0	0.0	10.0	0.0	0.0	0.0	0.0	0.0	0.0	0.0	0.0	2.0	2.0	18.5799999237	7.89479976892	0.0	18.5799999237	-1.0	0.0	1
1.0	2120.31103516	3.0	3.0	3791.05957031	9.0	2.0	9.39999985695	3.61865995358	0.184952095151	-0.866753160954	0.463175654411	0.0	14.2340240365	-63.5833473206	-30.5528488159	-7.13121986389	0.564303646325	2.0	26.2800006866	76.2000017166	0.0	42.1399993896	0.0548414182932	1.0	1
1.0	3106.23071289	5.0	2.0	4878.75830078	1.0	1.0	0.0	0.0	0.058462601155	0.987315177917	-0.147617176175	12.0721391131	1.48145067754	-60.3863983154	-20.9575996399	-3.4291100502	0.0643649741846	16.0	5.51999998093	125.926000774	0.0	30.6800003052	0.436946304502	1.0	1
1.0	3532.58007812	3.0	2.0	3716.33325195	2.0	2.0	6.09999990463	0.0	-0.058462601155	-0.987315177917	0.147617176175	3.2637797094	10.7842582968	-60.3863983154	-20.9575996399	-3.4291100502	0.0643649741846	20.0	5.51999998093	229.626802087	0.0	42.1399993896	0.036581319316	1.0	1
1.0	2706.03491211	3.0	2.0	3375.58618164	1.0	1.0	0.0	10.0	0.0	0.0	0.0	0.0	0.0	0.0	0.0	0.0	2.0	17.0	12.8999996185	207.026402771	0.0	42.1399993896	0.0657808745565	1.0	1
1.0	827.421020508	1.0	0.0	5034.56787109	1.0	0.0	0.0	10.0	0.0	0.0	0.0	0.0	0.0	0.0	0.0	0.0	2.0	0.0	0.0	0.0	0.0	0.0	1.3370440656e-11	0.0	1
1.0	3061.1640625	2.0	1.0	4315.68261719	5.0	2.0	0.0	10.0	0.0	0.0	0.0	0.0	0.0	0.0	0.0	0.0	2.0	22.0	14.1599998474	180.822399944	9.0	37.7200012207	0.603561552656	1.0	1
1.0	1714.17907715	2.0	2.0	2114.09814453	4.0	3.0	0.0	10.0	0.0	0.0	0.0	0.0	0.0	0.0	0.0	0.0	2.0	6.0	1.44000005722	60.321600914	4.0	37.7200012207	0.59935431969	1.0	1
1.0	1175.25708008	3.0	2.0	5010.38574219	2.0	2.0	0.0	10.0	0.0	0.0	0.0	0.0	0.0	0.0	0.0	0.0	2.0	5.0	1.44000005722	37.1200003624	4.0	29.2999992371	0.420452943593	1.0	1
1.0	633.918029785	1.0	1.0	1871.71716309	2.0	2.0	0.0	10.0	0.0	0.0	0.0	0.0	0.0	0.0	0.0	0.0	2.0	5.0	22.2199993134	47.2999997139	3.0	34.8600006104	0.773233877383	1.0	1
1.0	565.70501709	1.0	0.0	4013.50463867	1.0	0.0	0.0	10.0	0.0	0.0	0.0	0.0	0.0	0.0	0.0	0.0	2.0	0.0	0.0	0.0	0.0	0.0	1.3370440656e-11	0.0	1
1.0	3324.74560547	1.0	1.0	10549.9785156	13.0	1.0	10.5399999619	0.0	0.999344646931	-0.034697342664	-0.0103109544143	2.10115142114	17.1037196695	-56.2271003723	-20.122051239	2.59024000168	0.074018320377	9.0	3.81999993324	76.7227998376	0.0	23.5400009155	0.677227750965	1.0	1
1.0	1513.13110352	1.0	1.0	5875.98193359	1.0	1.0	2.09999990463	0.0	-0.0334177836776	-0.984703600407	0.171003267169	2.10718827827	2.20828303848	-56.6792526245	-15.8064498901	-1.77070999146	0.436437637542	1.0	7.59999990463	7.73999977112	1.0	7.59999990463	0.282170797214	1.0	1
1.0	1380.73706055	1.0	1.0	3401.77758789	1.0	1.0	0.0	10.0	0.0	0.0	0.0	0.0	0.0	0.0	0.0	0.0	2.0	6.0	7.67999982834	57.539999485	2.0	17.2399997711	0.124593318709	1.0	1
1.0	2783.80883789	2.0	1.0	3538.96435547	3.0	2.0	1.77999997139	0.0	0.0334207415581	0.984700858593	-0.171018391848	3.56769864028	20.4354836239	-56.7609481812	-18.7700004578	0.554271996021	0.492355404701	13.0	3.20000004768	135.602800548	1.0	17.2199993134	0.137550428165	1.0	1
1.0	644.507019043	1.0	1.0	5474.66357422	1.0	1.0	7.36000013351	1.31998105375	0.0144060309976	-0.650779306889	-0.759130239487	3.81079422616	2.03501902298	-58.0800514221	-19.2475509644	-5.93574523926	0.575120912964	0.0	0.0	0.0	0.0	0.0	-1.0	0.0	1
1.0	333.480010986	1.0	1.0	1788.61669922	11.0	1.0	0.0	10.0	0.0	0.0	0.0	0.0	0.0	0.0	0.0	0.0	2.0	1.0	17.7999992371	9.02000045776	0.0	17.7999992371	0.649940382516	1.0	1
1.0	810.354003906	2.0	2.0	5573.98388672	1.0	1.0	7.36000013351	1.31998105375	0.0144060309976	-0.650779306889	-0.759130239487	3.81079422616	2.03501902298	-58.0800514221	-19.2475509644	-5.93574523926	0.575120912964	5.0	6.23999977112	60.2999992371	1.0	6.23999977112	0.00527340113391	1.0	1
1.0	4626.82910156	2.0	1.0	1768.64160156	2.0	2.0	0.0	10.0	0.0	0.0	0.0	0.0	0.0	0.0	0.0	0.0	2.0	10.0	6.23999977112	54.7315991223	8.0	16.3999996185	0.737029822058	1.0	1
1.0	3796.68945312	2.0	1.0	1949.9675293	3.0	2.0	3.90000009537	0.0	-0.0461942739785	-0.993748664856	0.101635321975	8.56855575659	12.5515943577	-54.0427017212	-25.1574497223	-1.50966501236	0.952066002136	5.0	7.15999984741	59.0319993198	2.0	7.96000003815	0.766794312668	1.0	1
1.0	3773.13623047	1.0	1.0	383.018005371	2.0	2.0	5.92320015281	0.0	-0.998023927212	0.0332707352936	-0.0533036589622	8.17588153578	2.85524264063	-52.046749115	-21.9200515747	-4.63368988037	0.299989213256	5.0	5.98000001907	48.3964004517	1.0	5.98000001907	0.988062543751	1.0	1
1.0	5349.39941406	3.0	3.0	4945.07470703	13.0	4.0	5.13999986649	0.0	-0.994936048985	0.0	0.100510232151	1.01633657286	18.6748672198	-59.7453994751	-16.3104000092	5.45586013794	0.81194207681	20.0	4.38000011444	172.497202516	11.0	34.2599983215	0.985072905834	1.0	1
1.0	3323.1784668	4.0	3.0	8302.30273438	8.0	2.0	5.13999986649	0.0	-0.994936048985	0.0	0.100510232151	1.01633657286	26.0302868722	-59.7453994751	-16.3104000092	5.45586013794	0.81194207681	13.0	8.89999961853	146.960002422	5.0	32.0400009155	0.694674360549	1.0	1
1.0	5095.92675781	5.0	3.0	11521.3310547	9.0	1.0	5.13999986649	0.0	-0.994936048985	0.0	0.100510232151	1.01633657286	26.0302868722	-59.7453994751	-16.3104000092	5.45586013794	0.81194207681	23.0	4.38000011444	224.200001478	11.0	39.0400009155	0.96595839007	1.0	1
1.0	2862.18408203	1.0	1.0	3825.32763672	2.0	2.0	0.0	10.0	0.0	0.0	0.0	0.0	0.0	0.0	0.0	0.0	2.0	24.0	6.40000009537	224.259999394	10.0	39.0400009155	0.90661965542	1.0	1
1.0	1070.7800293	1.0	1.0	3957.12011719	1.0	1.0	0.0	10.0	0.0	0.0	0.0	0.0	0.0	0.0	0.0	0.0	2.0	8.0	4.38000011444	77.1971994638	8.0	39.0400009155	0.775521043361	1.0	1
1.0	2911.29394531	1.0	1.0	513.930969238	1.0	1.0	0.0	10.0	0.0	0.0	0.0	0.0	0.0	0.0	0.0	0.0	2.0	2.0	18.1000003815	14.6800003052	0.0	21.3400001526	0.997324766807	1.0	1
1.0	2060.45605469	1.0	1.0	2117.05395508	3.0	3.0	0.0	10.0	0.0	0.0	0.0	0.0	0.0	0.0	0.0	0.0	2.0	17.0	4.38000011444	152.537199974	11.0	36.9000015259	0.89813709038	1.0	1
1.0	5228.81347656	4.0	2.0	8363.02246094	11.0	4.0	21.1000003815	2.01136767833	0.263368755579	-0.844783425331	0.465808838606	29.5818171465	9.26983745086	-63.4388504028	-24.0439491272	-20.0834503174	0.864510604529	14.0	3.90000009537	117.285199098	11.0	24.8400001526	0.991082550785	1.0	1
1.0	1459.9630127	2.0	1.0	7605.60986328	8.0	1.0	0.0	10.0	0.0	0.0	0.0	0.0	0.0	0.0	0.0	0.0	2.0	2.0	6.46000003815	22.0355999991	2.0	22.1599998474	0.0131584404367	1.0	1
1.0	4172.03759766	4.0	2.0	3854.40307617	13.0	4.0	4.15999984741	3.41435202063	0.0923582985997	0.240207493305	0.966317951679	7.8473731384	16.9094842629	-57.8008499146	-19.8444499969	10.5507097244	0.97615905628	7.0	5.61999988556	56.240000248	5.0	25.9400005341	0.991864082236	1.0	1
1.0	153.695999146	1.0	1.0	4581.11962891	1.0	1.0	0.0	10.0	0.0	0.0	0.0	0.0	0.0	0.0	0.0	0.0	2.0	1.0	24.1200008392	15.2600002289	2.0	25.9400005341	0.43589451484	1.0	1
1.0	2961.83886719	1.0	1.0	4270.69091797	3.0	3.0	27.1000003815	0.0	-0.0429157800972	-0.985954880714	0.161403715611	0.0	21.963111372	-60.21900177	-12.36784935	-5.68413496017	0.249285296452	19.0	5.61999988556	183.110002331	11.0	27.8999996185	0.964041404082	1.0	1
1.0	1822.5567627	1.0	1.0	2284.31982422	4.0	4.0	0.0	10.0	0.0	0.0	0.0	0.0	0.0	0.0	0.0	0.0	2.0	14.0	3.90000009537	146.60959971	4.0	24.1200008392	0.895199438082	1.0	1
1.0	1364.27600098	2.0	2.0	5724.18164062	1.0	1.0	27.1000003815	0.0	-0.0429157800972	-0.985954880714	0.161403715611	0.0	21.963111372	-60.21900177	-12.36784935	-5.68413496017	0.249285296452	17.0	7.38000011444	199.05520153	16.0	25.9400005341	0.984350039027	1.0	1
1.0	1031.12365723	3.0	2.0	1843.1739502	2.0	1.0	17.8000001907	0.0	0.998986363411	-0.0365959554911	0.0262105446309	3.95423225008	11.4883615591	-54.0615005493	-23.9596004486	4.15095996857	0.692307814797	3.0	8.22000026703	39.860001564	2.0	25.3600006104	0.782866991887	1.0	1
1.0	620.040161133	1.0	0.0	335.950012207	2.0	0.0	0.0	10.0	0.0	0.0	0.0	0.0	0.0	0.0	0.0	0.0	2.0	0.0	0.0	0.0	0.0	0.0	1.3370440656e-11	1.0	1
1.0	1987.64746094	3.0	2.0	9244.13769531	10.0	1.0	17.7800006866	0.0	0.999824285507	0.0	0.0187467932701	2.66278352568	16.5602032691	-56.9361000061	-21.7574996948	-10.698600769	0.180201220195	10.0	4.01999998093	97.8167992458	1.0	4.01999998093	0.357079867099	1.0	1
1.0	3027.40087891	1.0	1.0	4110.64013672	1.0	1.0	0.0	10.0	0.0	0.0	0.0	0.0	0.0	0.0	0.0	0.0	2.0	13.0	4.38000011444	106.879999638	0.0	36.9000015259	0.156896526467	1.0	1
1.0	3180.28613281	1.0	1.0	6175.93896484	2.0	1.0	11.6599998474	0.0	0.003827808192	0.980668306351	-0.195640012622	2.50948587418	20.9615203303	-56.479598999	-15.4496002197	-6.12498521805	0.146328653336	35.0	3.33999991417	207.846408564	0.0	36.9000015259	0.0789370792632	1.0	1
1.0	1336.85095215	3.0	3.0	8553.5234375	1.0	1.0	11.6599998474	0.0	0.003827808192	0.980668306351	-0.195640012622	2.50948587418	20.9615203303	-56.479598999	-15.4496002197	-6.12498521805	0.146328653336	26.0	3.33999991417	179.638799658	0.0	35.0400009155	0.0789370792632	1.0	1
1.0	793.112976074	1.0	0.0	4263.0234375	1.0	0.0	0.0	10.0	0.0	0.0	0.0	0.0	0.0	0.0	0.0	0.0	2.0	0.0	0.0	0.0	0.0	0.0	1.3370440656e-11	0.0	1
1.0	4671.8515625	2.0	1.0	10025.4921875	11.0	2.0	16.0399999619	0.0	0.0265243742615	0.970085442066	-0.24131038785	4.79542057695	29.410571886	-61.7209014893	-14.5389003754	2.21126508713	0.914220517256	7.0	6.51999998093	67.6424013339	7.0	18.0	0.983222879293	1.0	1
1.0	1819.56005859	1.0	0.0	310.207000732	1.0	0.0	0.0	10.0	0.0	0.0	0.0	0.0	0.0	0.0	0.0	0.0	2.0	0.0	0.0	0.0	0.0	0.0	1.3370440656e-11	1.0	1
1.0	5601.54199219	3.0	3.0	7589.31933594	10.0	3.0	66.6399998665	0.0	0.0265243742615	0.970085442066	-0.24131038785	4.36696300533	29.410571886	-61.7209014893	-14.5389003754	2.21126508713	0.679115719359	8.0	4.71999979019	64.3199996948	3.0	14.8800001144	0.968233006236	1.0	1
1.0	4173.93115234	3.0	3.0	5767.81982422	3.0	3.0	46.0799994469	0.0	-0.993508279324	0.0	-0.113759703934	22.9555658966	0.0	-62.4522476196	-18.9312000275	-26.7311000824	0.860820260162	20.0	4.71999979019	161.362398501	10.0	22.7600002289	0.971737034655	1.0	1
1.0	3927.45898438	3.0	0.0	99.8602981567	1.0	0.0	0.0	10.0	0.0	0.0	0.0	0.0	0.0	0.0	0.0	0.0	2.0	0.0	0.0	0.0	0.0	0.0	1.3370440656e-11	1.0	1
1.0	1815.5970459	2.0	2.0	4397.078125	4.0	2.0	28.5199995041	1.02006370701	0.026524335146	0.970083117485	-0.241319671273	9.74647624133	23.5980693118	-63.3216018677	-14.6368999481	-3.56579995155	0.967926656087	4.0	5.48000001907	45.5599994659	0.0	11.1999998093	0.026361090704	1.0	1
1.0	216.085006714	1.0	1.0	2176.84619141	3.0	1.0	0.0	10.0	0.0	0.0	0.0	0.0	0.0	0.0	0.0	0.0	2.0	2.0	14.0	14.6400003433	1.0	14.0	0.436596266634	1.0	1
1.0	3647.64916992	2.0	1.0	6198.76806641	1.0	1.0	10.0399999619	0.0	-0.0265279151499	-0.970080852509	0.241328388453	9.12472634647	5.59391311865	-62.410900116	-14.2677993774	-1.6816649437	0.826563580646	13.0	6.51999998093	126.682399388	10.0	18.6399993896	0.980375447311	1.0	1
1.0	293.381011963	1.0	0.0	4983.56835938	1.0	0.0	0.0	10.0	0.0	0.0	0.0	0.0	0.0	0.0	0.0	0.0	2.0	0.0	0.0	0.0	0.0	0.0	1.3370440656e-11	0.0	1
1.0	4905.57177734	3.0	1.0	10154.9648438	10.0	2.0	19.1999998093	0.0	0.982115030289	-0.129117116332	-0.13703610003	2.46585401731	31.3403030503	-58.1348495483	-17.4379997253	6.12829017639	0.643454641269	18.0	10.0	174.282351017	8.0	31.7600002289	0.974016672619	1.0	1
1.0	2919.55566406	5.0	3.0	9519.5390625	13.0	2.0	19.3515998125	0.0	0.982115030289	-0.129117116332	-0.13703610003	2.46585401731	31.4535522281	-58.1348495483	-17.4379997253	6.12829017639	0.643454641269	11.0	10.0	114.579999685	3.0	16.1800003052	0.817187037025	1.0	1
1.0	5062.55371094	3.0	1.0	8212.14453125	13.0	3.0	19.1999998093	0.0	0.982115030289	-0.129117116332	-0.13703610003	2.46585401731	31.3403030503	-58.1348495483	-17.4379997253	6.12829017639	0.643454641269	20.0	10.0	165.289549351	5.0	31.7600002289	0.980186639263	1.0	1
1.0	448.599517822	1.0	0.0	279.397003174	1.0	0.0	0.0	10.0	0.0	0.0	0.0	0.0	0.0	0.0	0.0	0.0	2.0	0.0	0.0	0.0	0.0	0.0	1.3370440656e-11	1.0	1
1.0	3436.82641602	3.0	1.0	3346.49389648	1.0	1.0	0.0	10.0	0.0	0.0	0.0	0.0	0.0	0.0	0.0	0.0	2.0	14.0	11.4600000381	129.127199888	3.0	31.7600002289	0.717579197799	1.0	1
1.0	1041.63696289	2.0	1.0	4983.56835938	1.0	1.0	0.0	10.0	0.0	0.0	0.0	0.0	0.0	0.0	0.0	0.0	2.0	2.0	11.8800001144	24.6999995708	0.0	28.8400001526	0.0684473073953	1.0	1
1.0	5441.11572266	2.0	2.0	6640.37060547	13.0	2.0	21.2943994999	0.0	0.998193800449	-0.0286201890558	0.0528207607567	16.9915582463	28.4440257982	-60.4006996155	-14.3712997437	1.17630505562	0.603375376367	21.0	1.36000001431	89.6444000006	12.0	16.6599998474	0.981273798585	1.0	1
1.0	40.3571014404	1.0	1.0	4203.15283203	1.0	1.0	0.0	10.0	0.0	0.0	0.0	0.0	0.0	0.0	0.0	0.0	2.0	5.0	1.36000001431	22.9400005341	1.0	4.34000015259	0.0531239403639	1.0	1
1.0	389.614013672	1.0	1.0	840.304626465	4.0	1.0	0.0	10.0	0.0	0.0	0.0	0.0	0.0	0.0	0.0	0.0	2.0	1.0	9.11999988556	0.0847999975085	0.0	9.11999988556	0.598791038139	1.0	1
1.0	153.697998047	1.0	1.0	3919.40942383	1.0	1.0	0.0	10.0	0.0	0.0	0.0	0.0	0.0	0.0	0.0	0.0	2.0	4.0	12.720000267	36.3931997865	1.0	28.2399997711	0.153858884733	1.0	1
1.0	736.302978516	2.0	2.0	653.499755859	3.0	2.0	0.0	10.0	0.0	0.0	0.0	0.0	0.0	0.0	0.0	0.0	2.0	7.0	8.97999954224	44.7304003462	4.0	16.6599998474	0.77489263873	1.0	1
1.0	282.511993408	1.0	0.0	4309.84521484	1.0	0.0	0.0	10.0	0.0	0.0	0.0	0.0	0.0	0.0	0.0	0.0	2.0	0.0	0.0	0.0	0.0	0.0	1.3370440656e-11	0.0	1
1.0	3888.34399414	6.0	6.0	16114.7607422	11.0	6.0	24.934399724	0.0	0.0289053600281	-0.963119924068	0.267515331507	0.985959644441	25.6456592154	-55.6752471924	-20.6163005829	3.4985499382	0.0400097647696	32.0	1.96000003815	268.418401152	10.0	22.9799995422	0.997640357843	1.0	1
1.0	2391.88085938	4.0	3.0	8658.20507812	14.0	4.0	20.6400003433	0.0	0.0289053656161	-0.963120162487	0.267514556646	5.20837126727	13.436376735	-54.5790481567	-23.5450000763	-0.0547693483531	0.140922177108	9.0	5.65999984741	88.4284000397	1.0	13.3000001907	0.97430807603	1.0	1
1.0	3429.98266602	5.0	3.0	10813.7294922	13.0	4.0	13.3343999386	0.0	0.0289053656161	-0.963120162487	0.267514556646	5.20837126727	21.051191753	-54.5790481567	-23.5450000763	-0.0547693483531	0.140922177108	24.0	1.96000003815	188.594806074	11.0	21.5799999237	0.986973014236	1.0	1
1.0	2320.9309082	2.0	1.0	1803.99304199	2.0	2.0	0.0	10.0	0.0	0.0	0.0	0.0	0.0	0.0	0.0	0.0	2.0	10.0	4.67999982834	68.6360061005	3.0	20.3199996948	0.801426538639	1.0	1
1.0	1102.45300293	2.0	1.0	3489.90405273	1.0	1.0	0.0	10.0	0.0	0.0	0.0	0.0	0.0	0.0	0.0	0.0	2.0	8.0	4.67999982834	59.4008061722	5.0	21.2000007629	0.644321197764	1.0	1
1.0	725.070922852	4.0	4.0	4749.94384766	1.0	1.0	0.0	3.13994746705	0.0288461986929	-0.963118970394	0.267525285482	1.73160181643	1.71877421601	-59.7023010254	-16.6870002747	-6.40732479095	0.458148256118	22.0	7.90000009537	142.993201002	8.0	21.5799999237	0.524635954925	1.0	1
1.0	177.487503052	1.0	0.0	4147.75683594	1.0	0.0	0.0	10.0	0.0	0.0	0.0	0.0	0.0	0.0	0.0	0.0	2.0	0.0	0.0	0.0	0.0	0.0	1.3370440656e-11	0.0	1
1.0	1376.51147461	3.0	1.0	6246.86669922	7.0	1.0	0.0	10.0	0.0	0.0	0.0	0.0	0.0	0.0	0.0	0.0	2.0	5.0	10.5600004196	54.1888001263	2.0	13.8999996185	0.198611865633	1.0	1
1.0	177.487503052	1.0	1.0	6253.00292969	1.0	1.0	18.7800006866	0.0	0.0130403209478	-0.976928472519	0.213168337941	3.59791706291	4.07930519037	-63.3042488098	-27.257850647	-13.2355003357	0.769932572805	2.0	8.65999984741	18.9399995804	0.0	15.3000001907	0.130994421157	1.0	1
1.0	3451.81591797	2.0	1.0	1802.77282715	3.0	3.0	0.0	10.0	0.0	0.0	0.0	0.0	0.0	0.0	0.0	0.0	2.0	11.0	10.5600004196	80.0799993277	4.0	16.6200008392	0.927413111816	1.0	1
1.0	405.581512451	3.0	3.0	6564.12744141	2.0	2.0	38.2000007629	0.0	0.0130403209478	-0.976928472519	0.213168337941	3.59791706291	22.2497907684	-63.3042488098	-27.257850647	-13.2355003357	0.769932572805	15.0	8.65999984741	87.9823274165	7.0	25.0599994659	0.526696643839	1.0	1
1.0	1854.34289551	2.0	2.0	8840.35351562	9.0	2.0	42.8599991798	0.0	0.00915051717311	-0.994013130665	0.108876973391	29.5355977334	12.4636874529	-60.5806007385	-31.9914989471	-18.5591011047	0.027615744758	1.0	10.3000001907	10.279999733	0.0	10.3000001907	0.329951211253	1.0	1
1.0	220.505004883	1.0	1.0	2504.62524414	3.0	2.0	0.0	10.0	0.0	0.0	0.0	0.0	0.0	0.0	0.0	0.0	2.0	5.0	4.36000013351	30.8200001717	4.0	17.3199996948	0.26754573182	1.0	1
1.0	822.627319336	2.0	2.0	5312.29589844	2.0	1.0	6.92000007629	0.0	-0.00924870744348	0.994014143944	-0.108859151602	2.79471332318	27.7539613545	-62.4848480225	-13.7915000916	-1.55379998684	0.541458622062	5.0	9.64000034332	55.239998579	2.0	17.5400009155	0.282170339691	1.0	1
1.0	425.502319336	2.0	2.0	7344.11865234	1.0	1.0	0.0	10.0	0.0	0.0	0.0	0.0	0.0	0.0	0.0	0.0	2.0	11.0	4.36000013351	80.9391989708	8.0	17.5400009155	0.0474253479562	1.0	1
1.0	649.382995605	1.0	0.0	3629.99731445	1.0	0.0	0.0	10.0	0.0	0.0	0.0	0.0	0.0	0.0	0.0	0.0	2.0	0.0	0.0	0.0	0.0	0.0	1.3370440656e-11	0.0	1
1.0	3312.27832031	8.0	5.0	8907.38574219	9.0	3.0	76.2691988945	0.0	-0.998337209225	-0.0336517542601	0.0468017756939	1.9113717528	28.4675579854	-49.2723503113	-22.9218482971	7.37548494339	0.929803898635	17.0	4.86000013351	155.393200248	11.0	23.6399993896	0.987551326037	1.0	1
1.0	2836.08300781	6.0	3.0	12963.3652344	7.0	2.0	69.4199992418	0.0	-0.0472563840449	0.972095906734	-0.229774564505	3.96299983835	28.5027948467	-48.9639511108	-21.0416984558	3.67707490921	0.560679840362	7.0	5.44000005722	73.720000267	2.0	7.84000015259	0.928211449674	1.0	1
1.0	4415.96240234	6.0	3.0	10555.3212891	6.0	1.0	73.7091993093	0.0	-0.0472563840449	0.972095906734	-0.229774564505	3.96299983835	11.5019392053	-48.9639511108	-21.0416984558	3.67707490921	0.560679840362	30.0	3.16000008583	168.020800278	18.0	19.2000007629	0.994124374237	1.0	1
1.0	3020.69580078	5.0	3.0	4887.7421875	1.0	1.0	39.829199791	0.0	0.998331546783	0.033749114722	-0.0468526445329	18.7289743952	0.0	-62.1445007324	-11.5916004181	-11.0163497925	0.484907892611	22.0	3.16000008583	108.263600901	20.0	23.6399993896	0.90032345866	1.0	1
1.0	1460.5859375	4.0	2.0	3233.484375	2.0	1.0	0.0	10.0	0.0	0.0	0.0	0.0	0.0	0.0	0.0	0.0	2.0	8.0	2.51999998093	37.5200002193	4.0	19.2000007629	0.982105496225	1.0	1
1.0	1784.75292969	3.0	0.0	2389.08398438	1.0	0.0	0.0	10.0	0.0	0.0	0.0	0.0	0.0	0.0	0.0	0.0	2.0	0.0	0.0	0.0	0.0	0.0	1.3370440656e-11	1.0	1
1.0	2223.34399414	4.0	2.0	1981.35461426	2.0	2.0	7.11999988556	1.94174922009	-0.283527672291	-0.667019367218	-0.688982784748	15.9769929014	2.25402441095	-56.3552017212	-14.8626499176	-2.36572504044	0.980400345518	9.0	2.51999998093	41.4199990034	5.0	19.2000007629	0.978064257853	1.0	1
1.0	1134.24194336	3.0	2.0	1303.87548828	2.0	2.0	0.0	10.0	0.0	0.0	0.0	0.0	0.0	0.0	0.0	0.0	2.0	4.0	11.5799999237	32.2544003874	1.0	11.5799999237	0.536945096403	1.0	1
1.0	4400.00878906	3.0	1.0	3245.30639648	2.0	2.0	20.4399995804	0.0	0.998336434364	0.0336565561593	-0.0468149445951	19.9678326248	5.65634004879	-56.46900177	-17.8915500641	-8.1165599823	0.22706819559	27.0	2.51999998093	164.324798808	12.0	23.6399993896	0.990944273464	1.0	1
1.0	557.869995117	1.0	0.0	2318.14819336	2.0	0.0	0.0	10.0	0.0	0.0	0.0	0.0	0.0	0.0	0.0	0.0	2.0	0.0	0.0	0.0	0.0	0.0	1.3370440656e-11	0.0	1
1.0	2630.05688477	2.0	1.0	1478.54321289	9.0	2.0	2.74000000954	4.21864917776	0.142827674747	-0.70957005024	0.690007686615	15.3758431291	16.6498260496	-60.9865493774	-26.4046993256	-12.8635749817	0.677586043048	2.0	9.85999965668	17.1399993896	0.0	14.8199996948	0.128039196141	1.0	1
1.0	4288.86669922	1.0	1.0	1872.0637207	2.0	1.0	0.0	10.0	0.0	0.0	0.0	0.0	0.0	0.0	0.0	0.0	2.0	4.0	9.85999965668	47.9799985886	0.0	19.9799995422	0.648366285831	1.0	1
1.0	3076.02148438	2.0	2.0	4769.70019531	2.0	1.0	18.167599678	0.0	-0.993543028831	-0.113422557712	-0.00275293341838	13.0374348366	9.17200000253	-61.0275001526	-15.9924497604	-17.7822494507	0.842812837168	8.0	9.85999965668	77.4851986468	1.0	10.5600004196	0.48483691084	1.0	1
1.0	2572.14697266	3.0	2.0	3388.00268555	3.0	2.0	13.4399995804	0.0	0.993543028831	0.113422557712	0.00275293341838	11.3559901285	9.37747498961	-61.0275001526	-15.9924497604	-17.7822494507	0.831668672207	8.0	11.9399995804	113.37319994	0.0	28.2600002289	0.326185847493	1.0	1
1.0	512.506958008	1.0	1.0	5096.50585938	1.0	1.0	0.0	10.0	0.0	0.0	0.0	0.0	0.0	0.0	0.0	0.0	2.0	2.0	5.98000001907	10.9799995422	0.0	11.9799995422	-1.0	0.0	1
1.0	991.24597168	3.0	2.0	6396.61865234	8.0	2.0	13.1199998856	0.0	-0.0587443336844	-0.984743058681	0.163799181581	20.9303511318	7.6492581197	-64.1175003052	-34.6211013794	-14.3905000687	0.513356165019	2.0	5.98000001907	10.9799995422	1.0	5.07999992371	0.413555329225	1.0	1
1.0	3377.34130859	3.0	1.0	5024.59277344	1.0	1.0	3.51999998093	0.0	-0.0588528141379	-0.9847214818	0.163889870048	5.14041723379	1.48335821702	-55.0959510803	-22.1354484558	2.10745000839	0.357603593621	13.0	4.19999980927	117.081999898	0.0	42.5600013733	0.389599774104	1.0	1
1.0	2057.10400391	5.0	3.0	5252.94042969	2.0	1.0	3.29999995232	0.0	0.992688179016	-0.0704840421677	-0.0979906022549	7.62926367769	2.09232206273	-56.134147644	-23.2530002594	-2.09656500816	0.959056954813	9.0	5.98000001907	85.1199989319	1.0	17.3799991608	0.394434507395	1.0	1
1.0	2720.59619141	3.0	3.0	6060.93017578	1.0	1.0	33.9399991035	2.05974510468	0.191959604621	-0.972172796726	0.134281799197	17.8299366036	0.0	-65.8773040771	-12.3040504456	-22.2609500885	0.804288083528	16.0	10.720000267	176.001997828	0.0	42.5600013733	0.0342639326353	1.0	1
1.0	630.145019531	1.0	1.0	4479.50146484	1.0	1.0	0.0	10.0	0.0	0.0	0.0	0.0	0.0	0.0	0.0	0.0	2.0	2.0	18.5799999237	7.89479976892	0.0	18.5799999237	-1.0	0.0	2
1.0	2401.49169922	2.0	2.0	2628.13134766	3.0	3.0	29.6799995899	0.0	-0.0584567375481	-0.987324297428	0.147558435798	18.243003094	3.08895022545	-63.5756988525	-20.8591499329	-10.8049497604	0.894019757923	6.0	5.51999998093	87.2780019939	0.0	42.1399993896	0.134589941732	1.0	2
1.0	1394.23181152	2.0	1.0	3603.90087891	2.0	2.0	0.0	10.0	0.0	0.0	0.0	0.0	0.0	0.0	0.0	0.0	2.0	9.0	13.0200004578	64.874799788	0.0	28.2399997711	0.0657808745565	1.0	2
1.0	2467.69018555	6.0	2.0	6023.47753906	1.0	1.0	0.0	10.0	0.0	0.0	0.0	0.0	0.0	0.0	0.0	0.0	2.0	10.0	12.3999996185	42.8588000536	0.0	20.2000007629	0.466077989624	1.0	2
1.0	4659.52587891	3.0	1.0	2731.19970703	3.0	3.0	23.3199996948	1.3156975443	-0.0668378546834	-0.635163426399	-0.769480407238	16.3682809733	3.12252890423	-62.6207504272	-21.7221488953	-9.96799468994	0.623821697431	15.0	11.279999733	169.49480319	0.0	42.1399993896	0.428020608438	1.0	2
1.0	827.421020508	1.0	0.0	5034.56787109	1.0	0.0	0.0	10.0	0.0	0.0	0.0	0.0	0.0	0.0	0.0	0.0	2.0	0.0	0.0	0.0	0.0	0.0	1.3370440656e-11	0.0	2
1.0	3573.3671875	2.0	1.0	3425.58691406	2.0	2.0	0.0	10.0	0.0	0.0	0.0	0.0	0.0	0.0	0.0	0.0	2.0	21.0	14.3400001526	189.220799997	11.0	37.7200012207	0.932979430074	1.0	2
1.0	827.421020508	1.0	1.0	4908.89697266	1.0	1.0	2.07999992371	2.41918993357	0.448336452246	-0.892504274845	-0.049300160259	3.17135270729	5.95504772144	-56.7558517456	-21.0414009094	-1.92165505886	0.878714807743	0.0	0.0	0.0	0.0	0.0	0.0131828359616	1.0	2
1.0	2734.95410156	4.0	2.0	4234.78515625	1.0	1.0	0.0	10.0	0.0	0.0	0.0	0.0	0.0	0.0	0.0	0.0	2.0	18.0	14.3400001526	143.164800569	6.0	34.8600006104	0.762413440577	1.0	2
1.0	2500.80712891	3.0	3.0	5443.2265625	2.0	2.0	7.94000005722	0.0	0.105048164725	0.992555737495	0.0616279616952	6.88839625346	8.25507254478	-54.6561508179	-26.2154502869	-2.21308517456	0.689413591604	17.0	1.44000005722	178.078000069	7.0	37.7200012207	0.662697224313	1.0	2
1.0	565.70501709	1.0	0.0	4013.50463867	1.0	0.0	0.0	10.0	0.0	0.0	0.0	0.0	0.0	0.0	0.0	0.0	2.0	0.0	0.0	0.0	0.0	0.0	1.3370440656e-11	0.0	2
1.0	985.355407715	3.0	3.0	5664.18505859	1.0	1.0	15.4600002766	0.0	0.0334207415581	0.984700858593	-0.171018391848	3.56769864028	20.4354836239	-56.7609481812	-18.7700004578	0.554271996021	0.492355404701	15.0	1.77999997139	93.7943997979	1.0	1.77999997139	0.318152236014	1.0	2
1.0	1788.87133789	3.0	3.0	5285.91796875	1.0	1.0	20.4000003338	0.0	-0.735089302063	-0.665916323662	0.127276167274	0.0	25.9666730546	-55.067150116	-20.1081008911	6.1901102066	0.150316065922	12.0	1.77999997139	93.9816000462	2.0	7.59999990463	0.473180358186	1.0	2
1.0	3627.71801758	3.0	3.0	4348.23779297	3.0	3.0	43.2600007057	0.0	-0.735089302063	-0.665916323662	0.127276167274	0.0	26.4122030073	-55.067150116	-20.1081008911	6.1901102066	0.150316065922	25.0	1.77999997139	218.794401228	5.0	17.2399997711	0.57340995173	1.0	2
1.0	2275.3347168	2.0	2.0	4656.99609375	3.0	2.0	14.5600004196	0.0	-0.0334173999727	-0.984704196453	0.170999854803	2.1072013057	1.10408809483	-64.7093505859	-16.0440998077	-17.8940010071	0.650748414855	13.0	3.20000004768	94.5600017309	1.0	17.2199993134	0.195216060507	1.0	2
1.0	644.507019043	1.0	1.0	5474.66357422	1.0	1.0	7.36000013351	1.31998105375	0.0144060309976	-0.650779306889	-0.759130239487	3.81079422616	2.03501902298	-58.0800514221	-19.2475509644	-5.93574523926	0.575120912964	0.0	0.0	0.0	0.0	0.0	-1.0	0.0	2
1.0	2002.23095703	3.0	2.0	6976.35546875	1.0	1.0	27.1600003242	0.0	0.998026907444	-0.0331811457872	0.0533038191497	5.43517462289	13.6383288503	-56.759349823	-24.6809997559	-3.13770008087	0.308481623743	4.0	5.17999982834	19.2200003862	4.0	6.13999986649	0.722236506923	1.0	2
1.0	2902.13378906	1.0	1.0	1190.0612793	3.0	2.0	5.84000015259	1.0087170349	-0.0461897961795	-0.993749797344	0.101625710726	2.8616222845	16.6867998235	-56.054397583	-23.3057003021	-4.68887519836	0.741329129181	6.0	5.17999982834	31.0235997736	3.0	5.98000001907	0.658984273484	1.0	2
1.0	2002.23095703	3.0	2.0	7389.99414062	1.0	1.0	27.1600003242	0.0	0.998026907444	-0.0331811457872	0.0533038191497	5.43517462289	13.6383288503	-56.759349823	-24.6809997559	-3.13770008087	0.308481623743	4.0	5.17999982834	19.2200003862	4.0	6.13999986649	0.722236506923	1.0	2
1.0	2451.37695312	2.0	2.0	3667.79418945	1.0	1.0	7.36000013351	1.31998105375	0.0144060309976	-0.650779306889	-0.759130239487	9.89736880213	2.03501902298	-58.0800514221	-19.2475509644	-5.93574523926	0.575120912964	12.0	9.18000030518	131.582800329	1.0	9.18000030518	0.0894091098296	1.0	2
1.0	1558.68603516	1.0	1.0	4918.02490234	3.0	3.0	0.0	10.0	0.0	0.0	0.0	0.0	0.0	0.0	0.0	0.0	2.0	9.0	13.6000003815	71.7600005865	5.0	39.0400009155	0.974016730828	1.0	2
1.0	88.7798995972	1.0	1.0	5067.04003906	1.0	1.0	0.0	10.0	0.0	0.0	0.0	0.0	0.0	0.0	0.0	0.0	2.0	5.0	4.38000011444	29.1200002432	2.0	7.92000007629	0.230036973816	1.0	2
1.0	218.563995361	1.0	1.0	5760.46484375	1.0	1.0	0.0	10.0	0.0	0.0	0.0	0.0	0.0	0.0	0.0	0.0	2.0	7.0	12.1599998474	85.4400000572	1.0	28.9400005341	0.272841687646	1.0	2
1.0	3785.87890625	1.0	1.0	2835.09741211	2.0	2.0	0.0	10.0	0.0	0.0	0.0	0.0	0.0	0.0	0.0	0.0	2.0	16.0	6.40000009537	146.748400778	4.0	36.9000015259	0.700539730953	1.0	2
1.0	1797.73291016	2.0	2.0	4516.82226562	2.0	2.0	0.0	10.0	0.0	0.0	0.0	0.0	0.0	0.0	0.0	0.0	2.0	17.0	6.40000009537	132.008399695	5.0	34.2599983215	0.969578087124	1.0	2
1.0	1132.46496582	2.0	2.0	6470.10546875	1.0	1.0	5.13999986649	0.0	-0.994936048985	0.0	0.100510232151	1.01633657286	1.81847438018	-59.7453994751	-16.3104000092	5.45586013794	0.81194207681	8.0	8.89999961853	80.9428001642	3.0	32.0400009155	0.045671306581	1.0	2
1.0	3576.1640625	1.0	1.0	1843.1739502	2.0	1.0	17.8000001907	0.0	0.998986363411	-0.0365959554911	0.0262105446309	3.95423225008	11.4883615591	-54.0615005493	-23.9596004486	4.15095996857	0.692307814797	6.0	8.22000026703	78.1752023697	3.0	25.3600006104	0.998339239393	1.0	2
1.0	1621.75415039	1.0	1.0	3892.84472656	2.0	2.0	0.0	10.0	0.0	0.0	0.0	0.0	0.0	0.0	0.0	0.0	2.0	14.0	3.90000009537	159.745199613	8.0	24.1200008392	0.961144566847	1.0	2
1.0	1948.63012695	2.0	1.0	2265.36669922	2.0	2.0	0.0	10.0	0.0	0.0	0.0	0.0	0.0	0.0	0.0	0.0	2.0	12.0	6.46000003815	135.259999752	3.0	15.779999733	0.976252546194	1.0	2
1.0	344.894989014	1.0	1.0	4389.92041016	1.0	1.0	0.0	10.0	0.0	0.0	0.0	0.0	0.0	0.0	0.0	0.0	2.0	2.0	15.1199998856	30.5999994278	1.0	23.7800006866	0.311675414539	1.0	2
1.0	2280.01977539	1.0	1.0	2898.80126953	3.0	3.0	9.30000019073	0.0	0.0429157800972	0.985954880714	-0.161403715611	1.79007859699	0.0	-60.21900177	-12.36784935	-5.68413496017	0.249285296452	13.0	5.17999982834	127.626301289	6.0	25.3600006104	0.987630228144	1.0	2
1.0	1298.47912598	1.0	1.0	4273.46630859	2.0	2.0	0.0	10.0	0.0	0.0	0.0	0.0	0.0	0.0	0.0	0.0	2.0	13.0	4.80000019073	144.259999275	6.0	22.1599998474	0.707252534375	1.0	2
1.0	2013.52172852	1.0	1.0	1571.21496582	2.0	1.0	0.0	10.0	0.0	0.0	0.0	0.0	0.0	0.0	0.0	0.0	2.0	5.0	6.46000003815	36.5651000068	5.0	27.8999996185	0.995778070406	1.0	2
1.0	364.697998047	1.0	1.0	5188.21875	1.0	1.0	6.5	0.0	-0.0429126471281	-0.985954999924	0.161404058337	4.20326710136	2.40477386873	-52.2229995728	-26.1752510071	1.95180499554	0.771482816522	5.0	8.22000026703	28.6807003021	4.0	12.3000001907	0.0328860861443	1.0	2
1.0	344.894989014	1.0	0.0	110.462997437	1.0	0.0	0.0	10.0	0.0	0.0	0.0	0.0	0.0	0.0	0.0	0.0	2.0	0.0	0.0	0.0	0.0	0.0	1.3370440656e-11	1.0	2
1.0	1480.97607422	2.0	2.0	7450.65087891	2.0	1.0	11.6599998474	0.0	0.003827808192	0.980668306351	-0.195640012622	2.50948587418	20.9615203303	-56.479598999	-15.4496002197	-6.12498521805	0.146328653336	27.0	3.33999991417	155.269208741	0.0	35.0400009155	0.0263610412665	1.0	2
1.0	2603.7109375	3.0	2.0	2264.1340332	4.0	2.0	0.0	10.0	0.0	0.0	0.0	0.0	0.0	0.0	0.0	0.0	2.0	7.0	11.1999998093	81.2531989813	0.0	32.9799995422	0.0087888236796	1.0	2
1.0	3195.99804688	1.0	1.0	4062.62426758	2.0	1.0	7.07999992371	0.0	0.003827808192	0.980668306351	-0.195640012622	2.50948587418	0.0	-56.479598999	-15.4496002197	-6.12498521805	0.146328653336	29.0	4.71999979019	222.868400224	0.0	35.0400009155	0.0701969557094	1.0	2
1.0	1753.85900879	1.0	1.0	3918.40332031	4.0	3.0	0.0	10.0	0.0	0.0	0.0	0.0	0.0	0.0	0.0	0.0	2.0	14.0	4.38000011444	109.465199232	0.0	26.8199996948	0.0789370792632	1.0	2
1.0	793.112976074	1.0	0.0	4263.0234375	1.0	0.0	0.0	10.0	0.0	0.0	0.0	0.0	0.0	0.0	0.0	0.0	2.0	0.0	0.0	0.0	0.0	0.0	1.3370440656e-11	0.0	2
1.0	3460.40722656	3.0	3.0	2505.3215332	6.0	2.0	41.6799998283	0.0	-0.993508279324	0.0	-0.113759703934	22.9555658966	0.0	-62.4522476196	-18.9312000275	-26.7311000824	0.860820260162	6.0	8.31999969482	84.6399993896	4.0	22.7600002289	0.980375435335	1.0	2
1.0	2637.23901367	3.0	3.0	2350.85888672	4.0	3.0	41.5999994278	0.0	-0.993508279324	0.0	-0.113759703934	22.9555658966	0.0	-62.4522476196	-18.9312000275	-26.7311000824	0.860820260162	5.0	8.84000015259	52.759999752	2.0	14.8800001144	0.889021068583	1.0	2
1.0	1663.03710938	2.0	2.0	4144.02587891	4.0	2.0	4.48000001907	0.0	0.0265243332833	0.970082998276	-0.241320103407	2.92312703743	0.0	-63.0179977417	-19.4358997345	-26.6687507629	0.159222025412	4.0	4.71999979019	41.6399993896	3.0	22.7600002289	0.998002899055	1.0	2
1.0	2607.86206055	1.0	1.0	845.130981445	2.0	1.0	0.0	10.0	0.0	0.0	0.0	0.0	0.0	0.0	0.0	0.0	2.0	3.0	15.4399995804	12.5199995041	0.0	22.1200008392	0.980375462762	1.0	2
1.0	3770.9362793	3.0	3.0	2807.97875977	4.0	2.0	46.0799994469	0.0	-0.993508279324	0.0	-0.113759703934	22.9555658966	0.0	-62.4522476196	-18.9312000275	-26.7311000824	0.860820260162	10.0	5.48000001907	92.602398511	5.0	14.8800001144	0.969446121283	1.0	2
1.0	1217.68896484	1.0	1.0	4263.0234375	1.0	1.0	0.0	10.0	0.0	0.0	0.0	0.0	0.0	0.0	0.0	0.0	2.0	4.0	6.51999998093	29.6823998652	4.0	13.5200004578	0.0329470718401	1.0	2
1.0	1502.34204102	2.0	2.0	1344.2869873	2.0	1.0	28.5199995041	0.0	0.0265279151499	0.970080852509	-0.241328388453	7.77463584217	9.12472634647	-62.410900116	-14.2677993774	-1.6816649437	0.826563580646	1.0	10.2399997711	17.4400005341	1.0	10.2399997711	0.998544194141	1.0	2
1.0	2299.41796875	2.0	1.0	2205.58300781	2.0	2.0	0.0	10.0	0.0	0.0	0.0	0.0	0.0	0.0	0.0	0.0	2.0	6.0	6.23999977112	29.120000124	3.0	22.7600002289	0.415011441589	1.0	2
1.0	3659.61523438	3.0	1.0	1515.67797852	2.0	2.0	6.51999998093	0.0	-0.0265243127942	-0.97008317709	0.241319462657	0.0	6.54286528999	-61.2518005371	-12.2490005493	-2.05743002892	0.816471156758	8.0	4.44000005722	104.800000668	3.0	14.8800001144	0.985846652582	1.0	2
1.0	293.381011963	1.0	0.0	4983.56835938	1.0	0.0	0.0	10.0	0.0	0.0	0.0	0.0	0.0	0.0	0.0	0.0	2.0	0.0	0.0	0.0	0.0	0.0	1.3370440656e-11	0.0	2
1.0	1432.60095215	1.0	0.0	4983.56835938	1.0	0.0	0.0	10.0	0.0	0.0	0.0	0.0	0.0	0.0	0.0	0.0	2.0	0.0	0.0	0.0	0.0	0.0	1.3370440656e-11	1.0	2
1.0	1793.3145752	6.0	4.0	3254.15893555	2.0	1.0	3.5	0.0	0.982115030289	-0.129117116332	-0.13703610003	2.46585401731	0.0	-58.1348495483	-17.4379997253	6.12829017639	0.643454641269	9.0	10.0	91.159999609	2.0	33.8600006104	0.973122815365	1.0	2
1.0	1432.60095215	1.0	0.0	5249.40283203	1.0	0.0	0.0	10.0	0.0	0.0	0.0	0.0	0.0	0.0	0.0	0.0	2.0	0.0	0.0	0.0	0.0	0.0	1.3370440656e-11	1.0	2
1.0	1816.22558594	2.0	1.0	4947.59082031	1.0	1.0	10.1599998474	0.0	0.982114672661	-0.129118964076	-0.137036517262	5.357069359	19.983596429	-60.1601486206	-15.6052999496	4.42708015442	0.349015811159	10.0	13.7399997711	99.6400010586	5.0	33.8600006104	0.606070018385	1.0	2
1.0	2317.99853516	4.0	2.0	7099.82421875	1.0	1.0	13.6599998474	0.0	0.982115030289	-0.129117116332	-0.13703610003	2.46585401731	17.6833254551	-58.1348495483	-17.4379997253	6.12829017639	0.643454641269	7.0	10.0	75.159999609	0.0	28.8400001526	0.490722455297	1.0	2
1.0	763.896118164	2.0	2.0	4120.41455078	1.0	1.0	0.0	10.0	0.0	0.0	0.0	0.0	0.0	0.0	0.0	0.0	2.0	19.0	1.36000001431	114.623600371	7.0	30.1200008392	0.535771489911	1.0	2
1.0	626.025634766	1.0	1.0	3617.48486328	1.0	1.0	0.0	10.0	0.0	0.0	0.0	0.0	0.0	0.0	0.0	0.0	2.0	12.0	1.36000001431	91.5599999428	8.0	30.1200008392	0.623762692483	1.0	2
1.0	1683.31311035	1.0	1.0	2437.03222656	3.0	1.0	0.0	10.0	0.0	0.0	0.0	0.0	0.0	0.0	0.0	0.0	2.0	3.0	12.5	16.4400000572	0.0	12.720000267	0.352053204954	1.0	2
1.0	1521.57958984	1.0	1.0	2152.39208984	3.0	3.0	0.0	10.0	0.0	0.0	0.0	0.0	0.0	0.0	0.0	0.0	2.0	12.0	2.27999997139	60.5291998088	5.0	11.1800003052	0.607249991063	1.0	2
1.0	282.511993408	1.0	0.0	4309.84521484	1.0	0.0	0.0	10.0	0.0	0.0	0.0	0.0	0.0	0.0	0.0	0.0	2.0	0.0	0.0	0.0	0.0	0.0	1.3370440656e-11	0.0	2
1.0	1333.41772461	2.0	2.0	3005.32861328	6.0	4.0	0.0	10.0	0.0	0.0	0.0	0.0	0.0	0.0	0.0	0.0	2.0	12.0	4.67999982834	77.7616059766	3.0	14.6800003052	0.803460944413	1.0	2
1.0	1015.33001709	4.0	4.0	3556.05786133	3.0	2.0	6.73999977112	0.0	-0.0124380672351	0.251080602407	0.967886269093	11.2631444023	2.98221568336	-60.8685493469	-10.8435497284	-7.31387519836	0.958971771786	19.0	1.96000003815	106.498400003	8.0	21.5799999237	0.464265146642	1.0	2
1.0	1313.85595703	2.0	1.0	3045.83666992	2.0	2.0	0.0	10.0	0.0	0.0	0.0	0.0	0.0	0.0	0.0	0.0	2.0	15.0	4.67999982834	91.3892063782	6.0	19.0	0.436951807418	1.0	2
1.0	2874.33129883	2.0	2.0	3656.38623047	4.0	4.0	8.13999974728	0.0	-0.0124380672351	0.251080602407	0.967886269093	11.2631444023	2.98221568336	-60.8685493469	-10.8435497284	-7.31387519836	0.958971771786	16.0	3.11999988556	154.060001612	6.0	20.3199996948	0.97973327645	1.0	2
1.0	2571.1237793	4.0	4.0	4569.33496094	3.0	3.0	8.494399786	0.0	-0.0124380672351	0.251080602407	0.967886269093	16.5460870521	2.98221568336	-60.8685493469	-10.8435497284	-7.31387519836	0.958971771786	24.0	1.96000003815	188.465206622	8.0	21.5799999237	0.817187088507	1.0	2
1.0	177.487503052	1.0	0.0	4147.75683594	1.0	0.0	0.0	10.0	0.0	0.0	0.0	0.0	0.0	0.0	0.0	0.0	2.0	0.0	0.0	0.0	0.0	0.0	1.3370440656e-11	0.0	2
1.0	825.495544434	3.0	1.0	4909.78369141	1.0	1.0	0.0	10.0	0.0	0.0	0.0	0.0	0.0	0.0	0.0	0.0	2.0	3.0	14.2399997711	22.2600004673	1.0	14.2399997711	0.145353657494	1.0	2
1.0	2577.46289062	1.0	1.0	3157.61230469	3.0	2.0	0.0	10.0	0.0	0.0	0.0	0.0	0.0	0.0	0.0	0.0	2.0	11.0	13.8400001526	99.4287998974	4.0	29.5200004578	0.75812720509	1.0	2
1.0	421.015625	3.0	2.0	4494.63867188	1.0	1.0	0.0	10.0	0.0	0.0	0.0	0.0	0.0	0.0	0.0	0.0	2.0	10.0	16.1399993896	72.3399994373	4.0	24.0400009155	0.1596519913	1.0	2
1.0	2445.77709961	3.0	3.0	1048.9609375	2.0	2.0	19.4200000763	2.48225504317	0.259025990963	-0.722951710224	-0.640504777431	14.1392461686	4.80654241786	-66.0924987793	-20.3208503723	-13.7444496155	0.966353654651	3.0	24.0400009155	23.6999998093	2.0	29.5200004578	0.816259851627	1.0	2
1.0	507.700012207	1.0	1.0	3586.14257812	2.0	1.0	0.0	10.0	0.0	0.0	0.0	0.0	0.0	0.0	0.0	0.0	2.0	0.0	0.0	0.0	1.0	26.0799999237	0.458731081693	1.0	2
1.0	140.725006104	1.0	1.0	764.993591309	3.0	1.0	0.0	10.0	0.0	0.0	0.0	0.0	0.0	0.0	0.0	0.0	2.0	1.0	1.89999997616	1.10000002384	0.0	1.89999997616	0.227954615453	1.0	2
1.0	859.388305664	3.0	3.0	6680.90039062	1.0	1.0	0.0	10.0	0.0	0.0	0.0	0.0	0.0	0.0	0.0	0.0	2.0	16.0	1.89999997616	169.258398175	3.0	17.5400009155	0.146592245183	1.0	2
1.0	2093.71606445	1.0	1.0	2591.45092773	3.0	1.0	0.0	10.0	0.0	0.0	0.0	0.0	0.0	0.0	0.0	0.0	2.0	4.0	6.98000001907	66.9599990845	0.0	27.2800006866	0.362436479061	1.0	2
1.0	649.382995605	1.0	0.0	3629.99731445	1.0	0.0	0.0	10.0	0.0	0.0	0.0	0.0	0.0	0.0	0.0	0.0	2.0	0.0	0.0	0.0	0.0	0.0	1.3370440656e-11	0.0	2
1.0	3187.91137695	5.0	3.0	3751.44995117	1.0	1.0	43.4491994381	0.0	0.998336434364	0.0336565561593	-0.0468149445951	19.9678326248	5.65634004879	-56.46900177	-17.8915500641	-8.1165599823	0.22706819559	26.0	3.8599998951	151.689999878	14.0	23.6399993896	0.965958360552	1.0	2
1.0	1472.45300293	3.0	1.0	3808.30932617	1.0	1.0	0.0	10.0	0.0	0.0	0.0	0.0	0.0	0.0	0.0	0.0	2.0	2.0	12.8599996567	25.1599988937	0.0	24.0	0.0513707413098	1.0	2
1.0	762.36340332	3.0	2.0	3224.03540039	2.0	2.0	14.989199996	0.0	-0.998336911201	-0.0336547754705	0.0468059778214	11.1835461799	2.63399965558	-53.9876022339	-15.8962497711	2.64625501633	0.957733073105	13.0	3.8599998951	118.999998927	4.0	11.9600000381	0.965958340766	1.0	2
1.0	3669.77539062	3.0	2.0	2554.15673828	3.0	3.0	21.8999996185	0.0	-0.0472563840449	0.972095906734	-0.229774564505	1.98498886718	13.4398604756	-53.481552124	-15.3959999084	2.50740480423	0.202024169787	24.0	2.51999998093	144.423999891	7.0	17.7999992371	0.928211483667	1.0	2
1.0	745.276000977	2.0	0.0	342.017700195	2.0	0.0	0.0	10.0	0.0	0.0	0.0	0.0	0.0	0.0	0.0	0.0	2.0	0.0	0.0	0.0	0.0	0.0	1.3370440656e-11	1.0	2
1.0	1067.9050293	3.0	2.0	3211.4753418	1.0	1.0	0.0	10.0	0.0	0.0	0.0	0.0	0.0	0.0	0.0	0.0	2.0	11.0	2.51999998093	88.800000906	2.0	19.2000007629	0.180802805414	1.0	2
1.0	3320.47485352	5.0	3.0	4084.47436523	1.0	1.0	15.489199996	0.0	-0.998336911201	-0.0336547754705	0.0468059778214	11.1835461799	16.7512541289	-53.9876022339	-15.8962497711	2.64625501633	0.957733073105	30.0	2.51999998093	199.432799354	13.0	19.2000007629	0.966338614018	1.0	2
1.0	2812.30786133	4.0	3.0	4596.53027344	1.0	1.0	23.6091998816	0.0	-0.998336911201	-0.0336547754705	0.0468059778214	11.1835461799	16.7512541289	-53.9876022339	-15.8962497711	2.64625501633	0.957733073105	17.0	4.86000013351	134.388798609	11.0	23.6399993896	0.94676042629	1.0	2
1.0	557.869995117	1.0	0.0	2318.14819336	2.0	0.0	0.0	10.0	0.0	0.0	0.0	0.0	0.0	0.0	0.0	0.0	2.0	0.0	0.0	0.0	0.0	0.0	1.3370440656e-11	0.0	2
1.0	2102.33300781	2.0	2.0	1868.6171875	3.0	1.0	0.0	10.0	0.0	0.0	0.0	0.0	0.0	0.0	0.0	0.0	2.0	3.0	10.5600004196	0.42800001055	3.0	29.8600006104	0.40061770361	1.0	2
1.0	3649.27734375	2.0	2.0	2624.4777832	4.0	1.0	12.5275999308	0.0	0.993543028831	0.113422557712	0.00275293341838	11.3559901285	1.59841758695	-61.0275001526	-15.9924497604	-17.7822494507	0.842812837168	9.0	7.61999988556	71.5827997997	3.0	29.8600006104	0.697838137669	1.0	2
1.0	1953.81945801	3.0	1.0	2419.60839844	2.0	1.0	0.0	10.0	0.0	0.0	0.0	0.0	0.0	0.0	0.0	0.0	2.0	2.0	14.8199996948	25.3599996567	0.0	19.9799995422	0.211342781705	1.0	2
1.0	1919.56713867	4.0	2.0	2136.77392578	2.0	1.0	0.0	10.0	0.0	0.0	0.0	0.0	0.0	0.0	0.0	0.0	2.0	5.0	10.8800001144	39.0935999826	2.0	18.4400005341	0.104521065341	1.0	2
1.0	512.506958008	1.0	1.0	5096.50585938	1.0	1.0	0.0	10.0	0.0	0.0	0.0	0.0	0.0	0.0	0.0	0.0	2.0	2.0	5.98000001907	10.9799995422	0.0	11.9799995422	-1.0	0.0	2
1.0	714.770996094	2.0	2.0	5243.89990234	1.0	1.0	23.7199993134	1.58636063066	-0.111580394208	-0.890537679195	-0.441013038158	5.30398654026	18.5237458298	-57.617099762	-20.2115497589	-3.16899013519	0.645782162939	6.0	7.46000003815	56.1199998856	0.0	28.1599998474	0.119398266653	1.0	2
1.0	510.855010986	2.0	1.0	2914.38696289	3.0	1.0	3.51999998093	0.0	-0.0588528141379	-0.9847214818	0.163889870048	3.72449017756	6.88878902035	-55.0959510803	-22.1354484558	2.10745000839	0.357603593621	4.0	7.46000003815	43.5999994278	0.0	16.1800003052	0.272841539797	1.0	2
1.0	2206.07226562	1.0	1.0	4189.1953125	2.0	2.0	3.51999998093	0.0	-0.0588528141379	-0.9847214818	0.163889870048	3.72449017756	1.48335821702	-55.0959510803	-22.1354484558	2.10745000839	0.357603593621	7.0	7.46000003815	65.4820002317	0.0	42.5600013733	0.0399689469533	1.0	2
1.0	3050.49511719	3.0	2.0	3135.26489258	4.0	4.0	30.5399992466	0.0	-0.992688179016	0.0704840421677	0.0979906022549	2.09232206273	18.6621440674	-56.134147644	-23.2530002594	-2.09656500816	0.959056954813	7.0	4.19999980927	78.4975986481	1.0	17.3799991608	0.512103153007	1.0	2
1.0	832.87902832	1.0	0.0	4605.92675781	1.0	0.0	0.0	10.0	0.0	0.0	0.0	0.0	0.0	0.0	0.0	0.0	2.0	0.0	0.0	0.0	0.0	0.0	1.3370440656e-11	0.0	3
1.0	4612.74121094	2.0	1.0	11649.609375	4.0	1.0	16.9399994612	0.0	-0.0314061641693	0.976050615311	-0.215264499187	2.5987826195	0.0	-66.3690490723	-14.2678499222	-6.86388492584	0.794788026797	25.0	4.05999994278	171.167999517	19.0	31.4400005341	0.967369870613	1.0	3
1.0	4699.37255859	3.0	2.0	4648.20068359	7.0	2.0	0.0	10.0	0.0	0.0	0.0	0.0	0.0	0.0	0.0	0.0	2.0	12.0	5.23999977112	75.4491992742	8.0	30.1200008392	0.840536152292	1.0	3
1.0	2372.26025391	5.0	2.0	7033.45556641	6.0	1.0	21.1199998856	0.0	-0.999276518822	-0.0343753173947	-0.016271200031	2.83476001941	13.887589135	-63.7331542969	-12.0163002014	1.12242996693	0.611992636189	13.0	10.1800003052	104.283240042	11.0	30.1200008392	0.992825366985	1.0	3
1.0	1860.87841797	3.0	2.0	3577.92700195	1.0	1.0	0.0	10.0	0.0	0.0	0.0	0.0	0.0	0.0	0.0	0.0	2.0	6.0	12.9399995804	65.6399999857	8.0	31.7199993134	0.659977228916	1.0	3
1.0	4227.01904297	2.0	1.0	131.100997925	1.0	1.0	0.0	10.0	0.0	0.0	0.0	0.0	0.0	0.0	0.0	0.0	2.0	2.0	12.6400003433	34.640001297	2.0	13.279999733	0.999689042978	1.0	3
1.0	2041.69897461	1.0	1.0	5792.44628906	1.0	1.0	0.0	10.0	0.0	0.0	0.0	0.0	0.0	0.0	0.0	0.0	2.0	1.0	12.0	1.77999997139	1.0	12.0	0.425504545177	1.0	3
1.0	2437.28735352	1.0	1.0	993.230957031	2.0	2.0	0.0	10.0	0.0	0.0	0.0	0.0	0.0	0.0	0.0	0.0	2.0	9.0	12.6400003433	72.6975905225	7.0	19.8799991608	0.986592182354	1.0	3
1.0	1266.83300781	2.0	1.0	5097.25878906	1.0	1.0	14.1199998856	0.0	0.0314061008394	-0.976048648357	0.215273454785	2.97951093854	15.501433998	-65.2755508423	-12.3156499863	-8.66993999481	0.922850190633	4.0	4.05999994278	20.0800004005	3.0	12.6400003433	0.409539994227	1.0	3
1.0	3149.30004883	1.0	1.0	767.344482422	2.0	2.0	0.0	10.0	0.0	0.0	0.0	0.0	0.0	0.0	0.0	0.0	2.0	5.0	5.23999977112	39.0199999809	3.0	30.1200008392	0.996203203474	1.0	3
1.0	669.817016602	1.0	0.0	4174.84814453	1.0	0.0	0.0	10.0	0.0	0.0	0.0	0.0	0.0	0.0	0.0	0.0	2.0	0.0	0.0	0.0	0.0	0.0	1.3370440656e-11	0.0	3
1.0	4232.19335938	3.0	1.0	4846.96044922	9.0	2.0	0.0	10.0	0.0	0.0	0.0	0.0	0.0	0.0	0.0	0.0	2.0	6.0	12.6199998856	38.8399996758	1.0	12.6199998856	0.583931951892	1.0	3
1.0	1437.56420898	2.0	0.0	4546.27929688	1.0	0.0	0.0	10.0	0.0	0.0	0.0	0.0	0.0	0.0	0.0	0.0	2.0	0.0	0.0	0.0	0.0	0.0	1.3370440656e-11	1.0	3
1.0	2557.84204102	2.0	1.0	5411.24609375	1.0	1.0	7.03999996185	0.0	0.999530792236	0.0	0.0306300148368	3.65128144982	4.98309332286	-60.1976509094	-16.8246002197	-3.00073504448	0.575769804598	2.0	9.22000026703	19.6599998474	1.0	10.1199998856	0.714797000919	1.0	3
1.0	1258.17980957	4.0	3.0	4324.77099609	1.0	1.0	10.0	2.23228580998	0.198430925608	0.835464894772	0.512468159199	0.0	7.73177530814	-56.0396003723	-21.426700592	0.596311509609	0.0358889056022	6.0	13.3000001907	63.2400007248	0.0	35.0200004578	0.158610587434	1.0	3
1.0	675.29901123	1.0	0.0	3454.078125	1.0	0.0	0.0	10.0	0.0	0.0	0.0	0.0	0.0	0.0	0.0	0.0	2.0	0.0	0.0	0.0	0.0	0.0	1.3370440656e-11	0.0	3
1.0	1353.4510498	2.0	2.0	7945.48242188	7.0	1.0	23.7800009251	2.07279284186	-0.0535794384778	-0.956509172916	0.286739319563	1.92218435494	15.8165921065	-59.3209991455	-25.4071998596	0.945638477802	0.938557726989	3.0	20.0200004578	17.3899998665	0.0	27.0	0.493387304076	1.0	3
1.0	1876.03344727	3.0	3.0	4978.3125	3.0	3.0	7.48000025749	0.0	-0.995688378811	0.0703882202506	0.0604163073003	1.92211845858	0.0	-56.7166519165	-28.3765487671	2.87561988831	0.80977467822	5.0	12.3199996948	58.5400006771	1.0	12.3199996948	0.18674725108	1.0	3
1.0	1498.48608398	2.0	2.0	5338.61767578	2.0	2.0	20.6200008392	2.07279284186	-0.0535794384778	-0.956509172916	0.286739319563	1.92218435494	15.8165921065	-59.3209991455	-25.4071998596	0.945638477802	0.938557726989	3.0	14.6999998093	24.2832005024	1.0	14.6999998093	0.452463158751	1.0	3
1.0	574.263000488	1.0	0.0	5259.97167969	1.0	0.0	0.0	10.0	0.0	0.0	0.0	0.0	0.0	0.0	0.0	0.0	2.0	0.0	0.0	0.0	0.0	0.0	1.3370440656e-11	0.0	3
1.0	4976.48779297	3.0	2.0	9254.94726562	8.0	3.0	33.0199995041	0.0	-0.0335470587015	-0.986687541008	0.159129887819	3.11430445992	20.678516667	-60.3800506592	-23.0130996704	-2.07583498955	0.876696600655	21.0	8.52000045776	148.50656826	14.0	34.1199989319	0.965185251	1.0	3
1.0	1607.78710938	1.0	1.0	3558.73974609	2.0	2.0	0.0	10.0	0.0	0.0	0.0	0.0	0.0	0.0	0.0	0.0	2.0	18.0	7.03999996185	121.145768862	9.0	31.7800006866	0.731153604447	1.0	3
1.0	3970.77758789	2.0	2.0	6526.36279297	10.0	3.0	21.4400005341	0.0	-0.0335471220315	-0.986689388752	0.159118160605	24.6628734875	1.90172911894	-62.9738502502	-24.6228981018	-22.5482501984	0.680161073553	18.0	7.03999996185	108.391599804	6.0	31.7800006866	0.964792234262	1.0	3
1.0	1099.94506836	1.0	0.0	6067.66357422	1.0	0.0	0.0	10.0	0.0	0.0	0.0	0.0	0.0	0.0	0.0	0.0	2.0	0.0	0.0	0.0	0.0	0.0	1.3370440656e-11	1.0	3
1.0	1863.33190918	3.0	3.0	1799.36547852	2.0	2.0	0.0	10.0	0.0	0.0	0.0	0.0	0.0	0.0	0.0	0.0	2.0	3.0	17.1200008392	31.9600000381	2.0	34.1199989319	0.984022164547	1.0	3
1.0	1285.59887695	1.0	1.0	2799.14111328	6.0	3.0	0.0	10.0	0.0	0.0	0.0	0.0	0.0	0.0	0.0	0.0	2.0	8.0	6.11999988556	66.9200005531	5.0	25.3199996948	0.984022174977	1.0	3
1.0	681.744995117	2.0	2.0	4804.70898438	1.0	1.0	22.7399997711	0.0	-0.0335470587015	-0.986687541008	0.159129887819	3.11430445992	10.7805318833	-60.3800506592	-23.0130996704	-2.07583498955	0.876696600655	5.0	8.80000019073	33.1800003052	4.0	17.8799991608	0.640967809008	1.0	3
1.0	3720.41918945	2.0	2.0	4014.60253906	1.0	1.0	21.4400005341	0.0	-0.0335471220315	-0.986689388752	0.159118160605	19.7662743612	12.9498919969	-62.9738502502	-24.6228981018	-22.5482501984	0.680161073553	12.0	9.0	116.537999183	7.0	34.1199989319	0.969233821619	1.0	3
1.0	633.549987793	1.0	1.0	5672.57177734	1.0	1.0	0.0	10.0	0.0	0.0	0.0	0.0	0.0	0.0	0.0	0.0	2.0	4.0	15.3800001144	18.1423995048	4.0	21.8600006104	-1.0	0.0	3
1.0	3569.10522461	3.0	3.0	10036.0146484	10.0	1.0	45.6399998665	0.0	-0.00770727172494	0.965319871902	-0.260956197977	2.02619907449	2.26331943523	-61.1278991699	-32.9382476807	-3.34638500214	0.443884609117	12.0	5.05999994278	80.8649106435	8.0	21.8600006104	0.999479148664	1.0	3
1.0	4521.34814453	2.0	2.0	10333.4179688	14.0	3.0	36.8880002499	0.0	0.00770727172494	-0.965319871902	0.260956197977	14.2904256711	2.02619907449	-61.1278991699	-32.9382476807	-3.34638500214	0.443884609117	23.0	5.05999994278	191.321600094	11.0	22.8799991608	0.999458141264	1.0	3
1.0	3571.07788086	2.0	2.0	4747.50488281	16.0	3.0	22.4599990845	2.19117319428	0.00764339091256	-0.965322732925	0.260947614908	5.69538619311	17.2521145732	-64.3085479736	-16.2531490326	-7.75465011597	0.973804366428	10.0	15.3800001144	64.2224003226	4.0	22.6800003052	0.988062561404	1.0	3
1.0	223.333999634	1.0	1.0	1291.7869873	3.0	1.0	0.0	10.0	0.0	0.0	0.0	0.0	0.0	0.0	0.0	0.0	2.0	1.0	24.7800006866	7.38000011444	0.0	24.7800006866	0.324064504719	1.0	3
1.0	4073.34399414	1.0	1.0	4322.53613281	1.0	1.0	10.779999733	0.979925514281	0.00770726706833	-0.965319275856	0.260958343744	3.59892632759	3.67191413193	-57.9546012878	-22.262550354	0.811352014542	0.713461441443	27.0	5.86000013351	181.650513012	15.0	40.0400009155	0.981615817167	1.0	3
1.0	1399.23803711	1.0	1.0	4049.99902344	1.0	1.0	0.0	10.0	0.0	0.0	0.0	0.0	0.0	0.0	0.0	0.0	2.0	14.0	16.9400005341	83.1792008355	6.0	40.4799995422	0.522721906151	1.0	3
1.0	2850.61791992	1.0	1.0	1146.67053223	4.0	3.0	0.0	10.0	0.0	0.0	0.0	0.0	0.0	0.0	0.0	0.0	2.0	9.0	16.9400005341	42.1041112952	4.0	18.5599994659	0.96521533979	1.0	3
1.0	3274.85668945	2.0	2.0	5720.90869141	1.0	1.0	16.6200003624	0.0	-0.00760319083929	0.965325176716	-0.260939717293	6.79005916509	7.28992450685	-60.0658493042	-18.9062995911	-1.81429004669	0.482112137612	15.0	5.05999994278	84.904910665	11.0	40.4799995422	0.871223670434	1.0	3
1.0	788.401000977	2.0	2.0	1682.63330078	5.0	2.0	0.0	10.0	0.0	0.0	0.0	0.0	0.0	0.0	0.0	0.0	2.0	3.0	15.3800001144	21.1399993896	3.0	33.5	0.97281816583	1.0	3
