valid	volumeS1	connectedComponentsS1	connectedComponentsS1Rel	volumeS2	connectedComponentsS2	connectedComponentsS2Rel	corticalSize	distanceMin	direction_x	direction_y	direction_z	distanceToExtremity1	distanceToExtremity2	gravityCenter_x	gravityCenter_y	gravityCenter_z	corticalDotProduct	junctions	junctionDepthMin	junctionsSize	plisDePassage	plisDePassageDepthMax	Potential	Class	cycle
1.0	5744.42919922	12.0	3.0	581.913085938	2.0	2.0	96.1000008583	0.0	-0.997889995575	0.0560491830111	0.032771948725	39.7164301029	28.7610918259	-3.76692485809	48.8539505005	-44.492149353	0.200299636232	2.0	13.1999998093	25.7000007629	1.0	13.1999998093	0.97572012931	1.0	1
1.0	6275.44775391	13.0	4.0	219.131103516	4.0	4.0	86.2200007439	0.0	-0.997889995575	0.0560491979122	0.0327719561756	37.4851514216	0.0	-3.72183489799	50.4701499939	-46.2301483154	0.721137338174	2.0	4.28000020981	17.3200001717	2.0	13.3599996567	0.999081549477	1.0	1
1.0	6077.99267578	13.0	5.0	528.59942627	3.0	3.0	138.660001278	0.0	0.997889995575	-0.0560491979122	-0.0327719561756	37.1688609271	26.4058468154	-3.72183489799	50.4701499939	-46.2301483154	0.721137338174	2.0	13.1999998093	26.0600004196	1.0	13.3599996567	0.998456104442	1.0	1
1.0	3519.89257812	4.0	1.0	461.186004639	1.0	1.0	30.6200008392	2.87780475637	0.181399747729	0.547893941402	0.816643357277	19.9162899064	11.8054141876	-3.94511985779	55.6721496582	-62.7199020386	0.931684698024	0.0	0.0	0.0	0.0	0.0	0.917032059166	1.0	1
1.0	2632.16210938	1.0	1.0	55.0350990295	1.0	1.0	21.5799999237	0.0	0.997895598412	-0.0559494011104	-0.0327728129923	30.3085219868	1.77428902116	-5.21732521057	35.4654006958	-61.9434509277	0.481535351027	1.0	4.28000020981	4.32000017166	1.0	4.28000020981	0.337561475835	1.0	1
1.0	3736.3605957	6.0	2.0	461.186004639	1.0	1.0	41.2800006866	2.87780475637	0.181399747729	0.547893941402	0.816643357277	18.4492495341	11.8054141876	-3.94511985779	55.6721496582	-62.7199020386	0.931684698024	0.0	0.0	0.0	0.0	0.0	0.986308823666	1.0	1
1.0	4130.71972656	9.0	3.0	406.366210938	2.0	2.0	68.3400006294	0.0	0.995600402355	-0.0935386791825	0.00550632411614	43.4154298168	2.31945573586	-5.66254997253	39.0225524902	-54.2234992981	0.165878215076	3.0	12.779999733	40.4599990845	1.0	15.279999733	0.994124384859	1.0	1
1.0	3863.61547852	11.0	4.0	1126.81225586	2.0	2.0	95.5167989731	0.0	-0.104987487197	-0.992567718029	-0.0615381784737	26.9387727458	1.9858670935	-5.06278991699	59.5420532227	-56.6145477295	0.507465703421	5.0	3.55999994278	41.9799993038	5.0	19.9799995422	0.980117564859	1.0	1
1.0	4543.31005859	5.0	1.0	238.397003174	1.0	1.0	24.4767999649	0.0	-0.995600402355	0.0935386791825	-0.00550632411614	37.8310724414	1.05303282745	-5.66254997253	39.0225524902	-54.2234992981	0.396049068605	2.0	3.55999994278	6.6400001049	2.0	3.55999994278	0.996482213287	1.0	1
1.0	1370.24853516	3.0	2.0	1032.97399902	1.0	1.0	30.0600004196	0.0	-0.104987487197	-0.992567718029	-0.0615381784737	18.9557588122	1.9858670935	-5.06278991699	59.5420532227	-56.6145477295	0.507465703421	2.0	15.279999733	30.0999994278	3.0	19.9799995422	0.765159546238	1.0	1
1.0	4033.52197266	5.0	4.0	540.411987305	2.0	2.0	83.6200003624	0.0	-0.995591282845	0.0936356261373	-0.00550989573821	34.3012489041	2.08636792134	-2.79146003723	56.8922996521	-36.689201355	0.0595233362465	4.0	7.80000019073	46.2199993134	3.0	15.279999733	0.977347474158	1.0	1
1.0	3284.40820312	8.0	5.0	1469.35070801	3.0	3.0	93.8367996216	0.0	0.105046629906	0.992555558681	0.0616337098181	12.8490994327	0.992888040911	-18.4014511108	73.1687469482	-65.0538024902	0.782141091455	6.0	3.55999994278	51.0199992657	5.0	19.9799995422	0.986212406514	1.0	1
1.0	1341.48632812	4.0	1.0	320.838012695	1.0	1.0	0.0	10.0	0.0	0.0	0.0	0.0	0.0	0.0	0.0	0.0	2.0	1.0	12.779999733	10.6999998093	0.0	12.779999733	0.788657650241	1.0	1
1.0	3186.10986328	9.0	4.0	1431.91455078	2.0	2.0	66.8168001175	0.0	-0.995591282845	0.0936356261373	-0.00550989573821	34.3012489041	2.08636792134	-2.79146003723	56.8922996521	-36.689201355	0.0595233362465	5.0	3.55999994278	54.2199993134	4.0	19.9799995422	0.997150256575	1.0	1
1.0	7739.60498047	12.0	2.0	184.229003906	1.0	1.0	48.3599991798	2.36091714947	-0.17877818644	0.362525701523	0.91466575861	34.9698594216	11.8275573259	-2.44058990479	59.5886497498	-61.8784484863	0.995236110998	0.0	0.0	0.0	0.0	0.0	0.999887114557	1.0	1
1.0	5101.45410156	14.0	6.0	727.431762695	3.0	3.0	104.079997778	0.0	0.998022913933	-0.0332696847618	0.0533228777349	35.0155207231	7.73428859161	-1.09204101562	64.6402435303	-45.7638473511	0.991990156341	2.0	5.44000005722	17.539999485	1.0	12.6999998093	0.996988258327	1.0	1
1.0	6933.67236328	13.0	2.0	194.664703369	2.0	2.0	24.1399998665	0.0	-0.998022913933	0.0332699231803	-0.0533232577145	41.9416672188	2.85528482322	-1.70930504799	58.0530509949	-39.3355484009	0.618598160915	4.0	10.4799995422	34.6343998909	0.0	12.1400003433	0.99934662173	1.0	1
1.0	7063.88867188	14.0	8.0	1287.0480957	3.0	3.0	128.17999959	0.0	-0.998022913933	0.0332699231803	-0.0533232577145	27.3536824763	2.85528482322	-1.70930504799	58.0530509949	-39.3355484009	0.618598160915	8.0	9.35999965668	99.6999998093	0.0	14.8199996948	0.998312743614	1.0	1
1.0	2362.26147461	9.0	5.0	871.485046387	2.0	2.0	67.1000006199	0.0	0.0461889058352	0.993750751019	-0.10161690414	24.7179897963	12.9479310959	2.11652994156	23.739200592	-62.9636993408	0.520501130121	1.0	9.35999965668	10.8000001907	1.0	12.6999998093	0.976688586037	1.0	1
1.0	3091.90185547	9.0	7.0	1130.46203613	3.0	3.0	139.035199165	0.0	-0.0461869947612	-0.993751227856	0.101613201201	23.0246627458	5.88514370217	0.778594970703	20.8659000397	-61.2874984741	0.471312023219	6.0	9.35999965668	77.3000011444	1.0	12.3199996948	0.986176267092	1.0	1
1.0	1650.81225586	9.0	5.0	1530.48205566	2.0	2.0	52.5000011921	0.0	0.0461934134364	0.993750333786	-0.101619325578	49.3309288124	1.12710886404	-7.05484008789	58.7676506042	-75.7406005859	0.319573252964	2.0	9.35999965668	27.5000009537	1.0	12.3199996948	0.878941309619	1.0	1
1.0	2203.54516602	3.0	1.0	221.294998169	1.0	1.0	23.2999992371	0.0	-0.998025894165	0.0331817269325	-0.0533229410648	27.4969636261	0.0	-1.94117999077	52.2052001953	-60.373550415	0.474055776771	2.0	14.5200004578	30.279999733	0.0	14.8199996948	0.389600109805	1.0	1
1.0	2632.91870117	11.0	9.0	1881.54699707	2.0	2.0	162.399998903	0.0	-0.0461869947612	-0.993751227856	0.101613201201	23.0246627458	5.88514370217	0.778594970703	20.8659000397	-61.2874984741	0.471312023219	8.0	9.35999965668	101.320000648	1.0	12.3199996948	0.979644959201	1.0	1
1.0	3050.25805664	2.0	1.0	126.040000916	1.0	1.0	28.8800003529	2.7533524626	-0.376362681389	-0.575008511543	-0.726440906525	9.9775929926	2.7077355799	-5.50392007828	74.2673492432	-61.1073532104	0.870257829734	0.0	0.0	0.0	0.0	0.0	-1.0	0.0	1
1.0	4132.29199219	8.0	3.0	380.641998291	3.0	3.0	90.020001173	0.0	0.994935631752	0.0	-0.100514218211	57.5550816844	5.20447212022	-5.62210512161	58.7071990967	-46.6069488525	0.479557966703	5.0	6.30000019073	44.8799996376	2.0	7.42000007629	0.969578071838	1.0	1
1.0	3916.59521484	6.0	1.0	126.040000916	1.0	1.0	17.7799999714	2.7533524626	-0.376362681389	-0.575008511543	-0.726440906525	56.3044817941	2.7077355799	-5.50392007828	74.2673492432	-61.1073532104	0.870257829734	0.0	0.0	0.0	0.0	0.0	0.805476475958	1.0	1
1.0	5460.70214844	10.0	3.0	238.144012451	2.0	2.0	43.5000002384	0.0	-0.00610943278298	0.998391032219	-0.0563739798963	58.2833168738	4.64879913029	-3.80879497528	62.3338012695	-45.4861526489	0.177458017361	4.0	3.3599998951	33.3799993992	1.0	6.30000019073	0.995374899049	1.0	1
1.0	3634.03027344	6.0	3.0	345.958007812	2.0	2.0	44.080000639	0.0	-0.994935512543	0.0	0.100515156984	40.6304767561	1.88027993146	-7.85736989975	29.6947002411	-56.8128509521	0.197385116325	3.0	3.3599998951	23.0399997234	2.0	10.8800001144	0.811413146364	1.0	1
1.0	4136.91162109	6.0	3.0	380.641998291	3.0	3.0	90.020001173	0.0	0.994935631752	0.0	-0.100514218211	26.0831634236	5.20447212022	-5.62210512161	58.7071990967	-46.6069488525	0.479557966703	5.0	6.30000019073	44.8799996376	2.0	7.42000007629	0.986824291183	1.0	1
1.0	3321.22973633	6.0	3.0	250.968002319	2.0	2.0	34.5200009346	0.0	0.994935631752	0.0	-0.100514218211	27.5272007261	7.58100054207	-5.62210512161	58.7071990967	-46.6069488525	0.479557966703	2.0	10.8400001526	22.5999994278	0.0	12.220000267	0.986367948258	1.0	1
1.0	2544.34204102	4.0	3.0	271.985015869	1.0	1.0	34.1800000668	0.0	-0.00610943278298	0.998391032219	-0.0563739798963	24.9448146021	4.64879913029	-3.80879497528	62.3338012695	-45.4861526489	0.177458017361	3.0	6.30000019073	30.3799996376	1.0	6.30000019073	0.158610782667	1.0	1
1.0	4261.83984375	5.0	2.0	255.713989258	2.0	2.0	75.400001049	0.0	-0.00612037396058	0.998390853405	-0.056375939399	33.4815818337	14.0819795029	-5.34529018402	48.3919525146	-59.6455497742	0.98477484069	2.0	7.11999988556	15.2600002289	1.0	7.42000007629	0.965573960673	1.0	1
1.0	5742.45751953	8.0	5.0	571.49597168	3.0	3.0	106.640000582	0.0	-0.998985469341	0.0365966446698	-0.0262433495373	37.4641496605	0.0	-3.59783506393	13.4267997742	-59.5035514832	0.104210021992	7.0	4.63999986649	58.3695998192	3.0	11.9200000763	0.999957155177	1.0	1
1.0	3044.64038086	1.0	1.0	289.141998291	2.0	2.0	22.9200000763	0.0	0.998985469341	-0.0365966446698	0.0262433495373	0.0	11.4850472992	-3.59783506393	13.4267997742	-59.5035514832	0.104210021992	1.0	7.78000020981	6.96000003815	1.0	11.4600000381	0.352641331803	1.0	1
1.0	4722.00830078	7.0	4.0	654.848999023	2.0	2.0	82.9000008106	0.0	-0.998985469341	0.0365966446698	-0.0262433495373	37.4641496605	0.0	-3.59783506393	13.4267997742	-59.5035514832	0.104210021992	7.0	5.5	59.009598732	2.0	11.9200000763	0.972246799244	1.0	1
1.0	2566.7175293	1.0	1.0	293.804992676	1.0	1.0	12.1000003815	0.0	-0.0429477058351	-0.985949635506	0.16142757237	1.24599421716	2.70441157981	-2.47934007645	27.7753486633	-56.6405487061	0.882974555321	0.0	0.0	0.0	1.0	11.6000003815	0.269516619713	1.0	1
1.0	573.109985352	2.0	2.0	975.616027832	3.0	2.0	56.3799996376	0.0	-0.0429477058351	-0.985949635506	0.16142757237	1.24599421716	14.9194495243	-2.47934007645	27.7753486633	-56.6405487061	0.882974555321	1.0	16.5	17.1800003052	2.0	11.6000003815	0.993902922484	1.0	1
1.0	2419.61962891	1.0	1.0	147.098007202	1.0	1.0	21.2399997711	0.0	0.998985409737	-0.0365979894996	0.0262437649071	18.6689769321	1.77487921389	-3.86159515381	67.604095459	-63.2235488892	0.26918472815	4.0	1.77999997139	11.4119997174	0.0	7.84000015259	0.244941217406	1.0	1
1.0	805.511108398	4.0	4.0	1905.83007812	2.0	2.0	51.8799993992	0.0	0.998985469341	-0.0365966446698	0.0262433495373	0.0	2.16915613857	-3.59783506393	13.4267997742	-59.5035514832	0.104210021992	2.0	7.78000020981	26.279999733	0.0	16.5	0.971517076907	1.0	1
1.0	3178.77490234	1.0	1.0	61.910900116	1.0	1.0	42.7399988174	2.39016110775	0.0188994668424	-0.167113929987	-0.985756456852	24.4743910778	2.3189725193	5.4358549118	46.7726516724	-56.4088516235	0.365529770481	0.0	0.0	0.0	0.0	0.0	-1.0	0.0	1
1.0	7712.62792969	19.0	12.0	2387.77905273	3.0	3.0	236.379999876	0.0	-0.999826014042	0.0	-0.0186524968594	38.8776287815	1.53504318602	3.50257492065	58.4919013977	-40.729347229	0.508837154453	7.0	11.9799995422	104.759999275	0.0	15.720000267	0.999903631535	1.0	1
1.0	8969.72265625	14.0	4.0	105.528305054	2.0	2.0	78.2599987984	0.0	-0.00374795799144	-0.980663001537	0.195668295026	21.2071400368	2.26360722598	6.45983982086	67.9666519165	-53.048500061	0.0889570164105	1.0	6.88000011444	6.30000019073	0.0	6.88000011444	0.999646164562	1.0	1
1.0	7573.2109375	18.0	10.0	2065.7199707	2.0	2.0	138.399999261	0.0	0.00374795799144	0.980663001537	-0.195668295026	32.1885364886	1.47276077309	6.45983982086	67.9666519165	-53.048500061	0.652039194606	4.0	7.26000022888	46.240000248	2.0	13.8599996567	0.999875656453	1.0	1
1.0	2245.50927734	4.0	2.0	313.37600708	2.0	1.0	11.0199999809	2.26376013464	-0.00785042718053	-0.912383556366	0.409260988235	24.412948823	13.4411011264	6.4557352066	63.977897644	-52.8348503113	0.641771567968	0.0	0.0	0.0	0.0	0.0	0.67603650068	1.0	1
1.0	3907.00244141	8.0	8.0	2298.72851562	3.0	3.0	139.959999204	0.0	0.999826014042	0.0	0.0186524912715	45.8610035523	13.9875028777	1.61472499371	28.7756996155	-55.8002471924	0.842595911522	2.0	11.9799995422	14.4399995804	2.0	13.8599996567	0.983075964541	1.0	1
1.0	3293.5625	2.0	1.0	61.910900116	1.0	1.0	42.7399988174	2.39016110775	0.0188994668424	-0.167113929987	-0.985756456852	24.4743910778	2.3189725193	5.4358549118	46.7726516724	-56.4088516235	0.365529770481	0.0	0.0	0.0	0.0	0.0	0.109423607204	1.0	1
1.0	3727.17382812	11.0	11.0	2584.9296875	2.0	2.0	186.140000463	0.0	-0.999826014042	0.0	-0.0186524968594	37.5827756562	1.53504318602	3.50257492065	58.4919013977	-40.729347229	0.508837154453	3.0	6.19999980927	23.2199997902	3.0	13.8599996567	0.980203873316	1.0	1
1.0	3025.39453125	1.0	1.0	173.811904907	2.0	2.0	60.9799985886	0.0	0.999826073647	0.0	0.0186493266374	1.08819956407	0.992496382858	4.07974529266	63.4516983032	-70.8287506104	0.354412536236	2.0	13.4799995422	34.3799991608	0.0	15.720000267	0.139705302828	1.0	1
1.0	5270.1953125	5.0	4.0	924.139892578	7.0	7.0	175.659998417	0.0	-0.999826014042	0.0	-0.0186524968594	37.5827756562	1.53504318602	3.50257492065	58.4919013977	-40.729347229	0.508837154453	6.0	12.5	94.5800008774	1.0	13.8599996567	0.990064462162	1.0	1
1.0	8191.75683594	13.0	3.0	431.24899292	1.0	1.0	42.1599993706	0.0	0.99350810051	0.0	0.113761425018	36.32407462	3.61281027057	0.938477993011	56.6754989624	-44.1340026855	0.0979690680429	2.0	17.6800003052	41.4800014496	1.0	18.3199996948	0.999999313137	1.0	1
1.0	4333.69384766	10.0	2.0	126.970001221	1.0	1.0	30.9599990845	2.71506171141	0.400580883026	-0.771507501602	0.494278371334	44.3494451555	2.04885264763	-2.11100101471	34.9763031006	-77.4100036621	0.0132037227168	0.0	0.0	0.0	0.0	0.0	0.988522796757	1.0	1
1.0	3000.19042969	7.0	3.0	222.585800171	2.0	1.0	49.8799991608	2.71506171141	0.400580883026	-0.771507501602	0.494278371334	50.2857412698	2.04885264763	-2.11100101471	34.9763031006	-77.4100036621	0.0132037227168	0.0	0.0	0.0	0.0	0.0	0.988965431983	1.0	1
1.0	5437.40966797	8.0	3.0	126.970001221	1.0	1.0	69.4799995422	2.71506171141	0.400580883026	-0.771507501602	0.494278371334	50.2857412698	2.04885264763	-2.11100101471	34.9763031006	-77.4100036621	0.0132037227168	0.0	0.0	0.0	0.0	0.0	0.99006448096	1.0	1
1.0	4123.86816406	4.0	1.0	126.970001221	1.0	1.0	27.6800003052	2.90767429685	-0.310097455978	-0.532824277878	-0.787361323833	44.6260679659	0.0	0.151959955692	34.3101005554	-57.3185005188	0.722338079203	0.0	0.0	0.0	0.0	0.0	0.976749228031	1.0	1
1.0	5150.82617188	7.0	2.0	40.0129013062	1.0	1.0	54.3199996948	2.78809611357	-0.191708683968	-0.449655354023	-0.872386276722	18.5271789936	1.11109265629	-0.0550155043602	17.1877994537	-60.520450592	0.486748904533	0.0	0.0	0.0	0.0	0.0	0.999285362557	1.0	1
1.0	3820.00878906	4.0	3.0	996.002990723	2.0	2.0	106.079998016	1.53558460113	0.491550624371	0.856141805649	-0.159371212125	36.5847186136	17.7583378541	-0.0274199843407	39.4177017212	-45.5158996582	0.359118324636	0.0	0.0	0.0	0.0	0.0	0.992844197766	1.0	1
1.0	4156.74414062	12.0	8.0	204.035995483	2.0	2.0	92.6000008583	1.84751456042	0.0105529557914	0.746147274971	-0.665697276592	42.8882038958	10.1640220461	-2.17565011978	53.6277999878	-38.8054008484	0.792752481422	0.0	0.0	0.0	0.0	0.0	0.995374908709	1.0	1
1.0	1698.8659668	2.0	2.0	251.12600708	1.0	1.0	26.5600001812	0.0	0.982109367847	-0.129217714071	-0.136981710792	8.17043743136	1.00525617635	-6.30564975739	54.667350769	-68.2696533203	0.689412176089	3.0	9.31999969482	30.3600006104	0.0	10.7600002289	0.309436159878	1.0	1
1.0	3106.41796875	11.0	8.0	1727.49023438	5.0	5.0	169.980000257	0.0	0.982109069824	-0.129119068384	-0.137076586485	46.9925388513	14.3796687302	-2.04059004784	59.1809997559	-47.3263015747	0.624141048462	5.0	7.51999998093	54.7399992943	1.0	7.76000022888	0.986212388559	1.0	1
1.0	2379.06591797	5.0	5.0	346.553405762	3.0	3.0	84.6600012779	0.0	-0.982108712196	0.129120334983	0.137077942491	11.7011108957	14.9208420975	-4.61926460266	50.0227012634	-50.3673019409	0.951798030423	1.0	7.51999998093	6.51999998093	0.0	7.51999998093	0.944340177428	1.0	1
1.0	2659.45239258	8.0	7.0	1070.6920166	3.0	3.0	94.5000009537	0.0	0.084966853261	0.953451812267	-0.289327383041	19.5090847444	2.27655498234	-5.32981014252	31.6634979248	-49.5596504211	0.997666783795	5.0	7.51999998093	57.539999485	0.0	17.4799995422	0.965958400442	1.0	1
1.0	1457.64099121	6.0	5.0	879.141967773	2.0	2.0	50.6000008583	1.79245918696	-0.47391423583	-0.495776772499	-0.727743566036	37.8741208917	16.3807398524	-4.07322978973	47.0839500427	-51.1520004272	0.256741718235	0.0	0.0	0.0	0.0	0.0	0.158610196967	1.0	1
1.0	4850.86621094	7.0	2.0	427.12701416	2.0	2.0	68.8600006104	0.0	0.998193323612	-0.0286212600768	0.0528306216002	34.5392285176	9.98287689506	-1.43509495258	58.0616989136	-74.1056518555	0.768939143493	1.0	13.1999998093	13.1999998093	1.0	13.1999998093	0.974101068027	1.0	1
1.0	4789.44775391	8.0	2.0	239.514007568	1.0	1.0	50.5400009155	2.36738248217	0.0453643910587	-0.243020489812	-0.96895980835	40.2061769299	0.911069653873	0.941208481789	29.0576000214	-53.0071487427	0.336255280601	0.0	0.0	0.0	0.0	0.0	0.971734959247	1.0	1
1.0	2781.00073242	3.0	1.0	80.8308029175	1.0	1.0	20.4400005341	2.89864445279	0.130926251411	0.899949908257	0.415870696306	24.7037355385	0.0	2.44467997551	52.0915489197	-55.8950004578	0.0170862635507	0.0	0.0	0.0	0.0	0.0	0.612813951766	1.0	1
1.0	3164.83349609	5.0	2.0	462.744018555	3.0	3.0	56.1199998856	0.0	0.998193323612	-0.0286212600768	0.0528306216002	0.0	9.98287689506	-1.43509495258	58.0616989136	-74.1056518555	0.768939143493	2.0	13.1999998093	20.7399997711	2.0	14.1800003052	0.938309185998	1.0	1
1.0	877.601623535	3.0	1.0	543.574829102	4.0	1.0	1.94000005722	0.0	-0.998193442822	0.0286214314401	-0.0528271980584	1.02026720014	0.0	0.0506630092859	59.4615020752	-44.8882522583	0.0803597385023	1.0	8.5	9.31999969482	0.0	8.5	0.965754402262	1.0	1
1.0	3704.50952148	6.0	1.0	187.613006592	1.0	1.0	18.3199996948	0.0	0.998193323612	-0.0286212600768	0.0528306216002	0.0	1.64670936258	-1.43509495258	58.0616989136	-74.1056518555	0.768939143493	1.0	13.1999998093	13.1999998093	1.0	13.1999998093	0.968613153687	1.0	1
1.0	2160.67602539	1.0	1.0	88.3001022339	1.0	1.0	28.8600006104	1.40353839961	-0.47761246562	-0.676987528801	-0.559976994991	22.2416489866	0.0	-7.71895503998	51.1079025269	-63.1969528198	0.121863278846	0.0	0.0	0.0	0.0	0.0	-1.0	0.0	1
1.0	4291.84960938	7.0	2.0	88.3001022339	1.0	1.0	44.4600009918	1.40353839961	-0.47761246562	-0.676987528801	-0.559976994991	22.2416489866	0.0	-7.71895503998	51.1079025269	-63.1969528198	0.121863278846	0.0	0.0	0.0	0.0	0.0	0.987265412972	1.0	1
1.0	2402.9140625	2.0	1.0	88.3001022339	1.0	1.0	28.8600006104	1.40353839961	-0.47761246562	-0.676987528801	-0.559976994991	22.2416489866	0.0	-7.71895503998	51.1079025269	-63.1969528198	0.121863278846	0.0	0.0	0.0	0.0	0.0	0.141859252193	1.0	1
1.0	5020.11279297	5.0	2.0	663.666137695	2.0	2.0	61.5599994659	0.0	-0.999503552914	-0.0310955867171	-0.00506539689377	25.9120523979	1.96996259602	-6.75075531006	50.9510498047	-58.0296020508	0.928729524257	2.0	10.6000003815	29.8000001907	2.0	15.6599998474	0.99568067825	1.0	1
1.0	2731.92211914	3.0	1.0	304.300109863	2.0	2.0	49.0000009537	1.40353839961	-0.47761246562	-0.676987528801	-0.559976994991	22.2416489866	14.8523339097	-7.71895503998	51.1079025269	-63.1969528198	0.121863278846	0.0	0.0	0.0	0.0	0.0	0.697618498953	1.0	1
1.0	4333.52539062	6.0	1.0	88.3001022339	1.0	1.0	28.8600006104	1.40353839961	-0.47761246562	-0.676987528801	-0.559976994991	24.6529573891	0.0	-7.71895503998	51.1079025269	-63.1969528198	0.121863278846	0.0	0.0	0.0	0.0	0.0	0.978795584552	1.0	1
1.0	2619.14599609	1.0	1.0	88.3001022339	1.0	1.0	28.8600006104	1.40353839961	-0.47761246562	-0.676987528801	-0.559976994991	22.2416489866	0.0	-7.71895503998	51.1079025269	-63.1969528198	0.121863278846	0.0	0.0	0.0	0.0	0.0	0.246203703593	1.0	1
1.0	4620.45068359	7.0	2.0	259.845001221	1.0	1.0	24.3600006104	0.0	0.999503552914	0.0310955867171	0.00506539689377	25.8176297796	2.20490419795	-6.75075531006	50.9510498047	-58.0296020508	0.928729524257	2.0	10.6000003815	20.6400003433	1.0	10.6000003815	0.987691907514	1.0	1
1.0	304.300109863	2.0	2.0	835.21105957	1.0	1.0	30.6600008011	1.40353839961	0.47761246562	0.676987528801	0.559976994991	14.8523339097	22.2416489866	-7.71895503998	51.1079025269	-63.1969528198	0.121863278846	0.0	0.0	0.0	0.0	0.0	0.41827988277	1.0	1
1.0	4055.04370117	6.0	3.0	1139.51123047	3.0	3.0	88.6199998856	0.0	-0.0288548097014	0.963111519814	-0.267551183701	26.8861415571	18.4581951019	-6.24312496185	50.4916000366	-57.8952026367	0.0736796111789	2.0	11.8199996948	31.2000007629	1.0	15.6599998474	0.972818142944	1.0	1
1.0	1607.61999512	1.0	1.0	41.3398017883	1.0	1.0	26.5200004578	2.18124509007	-0.251535326242	-0.174110323191	-0.9520586133	25.6679656632	3.05936059091	-5.6873998642	31.4652004242	-55.2878990173	0.960858116592	0.0	0.0	0.0	0.0	0.0	-1.0	0.0	1
1.0	6452.87011719	6.0	3.0	341.010803223	2.0	2.0	99.9199995995	0.0	-0.0130708143115	0.976933121681	-0.213145017624	23.0207298106	0.0	-6.38282489777	23.699798584	-59.1352005005	0.228920221973	1.0	2.74000000954	2.03999996185	1.0	2.74000000954	0.983462595941	1.0	1
1.0	1333.90026855	5.0	0.0	41.3398017883	1.0	0.0	0.0	10.0	0.0	0.0	0.0	0.0	0.0	0.0	0.0	0.0	2.0	0.0	0.0	0.0	0.0	0.0	8.28628704774e-07	1.0	1
1.0	7113.29589844	7.0	4.0	341.010803223	2.0	2.0	107.43999958	0.0	-0.0130708143115	0.976933121681	-0.213145017624	23.0207298106	0.0	-6.38282489777	23.699798584	-59.1352005005	0.228920221973	2.0	2.74000000954	14.779999733	1.0	2.74000000954	0.991835113293	1.0	1
1.0	148.63999939	1.0	0.0	41.3398017883	1.0	0.0	0.0	10.0	0.0	0.0	0.0	0.0	0.0	0.0	0.0	0.0	2.0	0.0	0.0	0.0	0.0	0.0	8.28628704774e-07	1.0	1
1.0	2184.91503906	1.0	1.0	40.4936981201	1.0	1.0	23.8400001526	1.02414841749	0.00918030366302	-0.994013786316	0.1088681072	25.193822635	0.0	-2.82544517517	47.1804504395	-59.8235015869	0.30778553912	0.0	0.0	0.0	0.0	0.0	-1.0	0.0	1
1.0	6738.04443359	13.0	5.0	286.924194336	3.0	3.0	117.700000048	0.0	0.994902431965	0.0	-0.100842297077	43.4403480136	3.44903102582	-3.85953998566	45.1763000488	-39.1063499451	0.148654069602	3.0	8.10000038147	32.5400009155	1.0	11.1199998856	0.999888886124	1.0	1
1.0	3227.02490234	10.0	2.0	993.330200195	3.0	2.0	30.1199998856	0.0	-0.00919071212411	0.994012594223	-0.108878336847	42.4635558916	1.55205122331	-3.24004983902	43.6427001953	-51.5481033325	0.893197056729	1.0	11.1199998856	11.5200004578	0.0	11.1199998856	0.98543315875	1.0	1
1.0	5242.00488281	12.0	3.0	121.84400177	1.0	1.0	33.8800005913	0.0	-0.00919097289443	0.994012534618	-0.108878724277	44.9476171152	0.0	-5.2118396759	23.8635997772	-61.7118988037	0.02521603715	1.0	7.82000017166	7.42000007629	1.0	7.82000017166	0.9909125543	1.0	1
1.0	40.4936981201	1.0	1.0	121.84400177	1.0	1.0	12.3800001144	3.08864040549	-0.148576676846	-0.914121389389	-0.377236068249	0.0	6.62363611098	-3.59198522568	34.8741989136	-62.3079490662	0.41581388773	0.0	0.0	0.0	0.0	0.0	0.0946379438895	1.0	1
1.0	3183.94799805	3.0	1.0	246.430511475	2.0	2.0	52.8599996567	0.0	-0.00919097289443	0.994012534618	-0.108878724277	41.0617300277	15.6608638411	-4.33440971375	42.6000976562	-51.3219985962	0.12141503204	2.0	11.1199998856	24.3600006104	1.0	11.1199998856	0.965751899661	1.0	1
1.0	1519.00256348	2.0	2.0	1074.68054199	3.0	2.0	43.6600003242	0.0	-0.00919071212411	0.994012594223	-0.108878336847	15.7963170455	22.3249560095	-3.24004983902	43.6427001953	-51.5481033325	0.893197056729	2.0	11.1199998856	30.1200008392	1.0	17.8199996948	0.570748643236	1.0	1
1.0	4093.44140625	12.0	3.0	440.802429199	2.0	2.0	46.9400012493	0.0	-0.0472742058337	0.972083985806	-0.229821488261	28.9322797163	2.24716642739	-2.80253982544	56.6270980835	-40.9102478027	0.127984587776	5.0	1.05999994278	28.2400007248	0.0	11.8000001907	0.988104211651	1.0	1
1.0	3434.50146484	5.0	3.0	224.06918335	2.0	2.0	50.6399989128	0.0	-0.0472742058337	0.972083985806	-0.229821488261	28.9322797163	9.98512807635	-2.80253982544	56.6270980835	-40.9102478027	0.411781152756	2.0	3.57999992371	2.57959998026	0.0	10.3400001526	0.714796851668	1.0	1
1.0	7304.12548828	10.0	4.0	257.571411133	2.0	2.0	68.2468014136	0.0	0.0472551360726	-0.972107887268	0.229724273086	38.4128908	1.90677566321	-15.003950119	59.8712005615	-76.8322982788	0.193295741552	7.0	1.05999994278	46.5400009155	0.0	11.8000001907	0.999808731742	1.0	1
1.0	4356.71484375	5.0	1.0	174.707992554	1.0	1.0	3.48000001907	3.08414811031	0.144075378776	0.177112460136	0.973587930202	33.710115732	3.66239757829	-2.41525506973	52.8588485718	-48.1236000061	0.978633105433	0.0	0.0	0.0	0.0	0.0	0.939844986367	1.0	1
1.0	4496.29980469	5.0	2.0	49.3611984253	1.0	1.0	47.3999996185	0.0	-0.0329210981727	-0.174276828766	-0.984146237373	38.0044033627	2.90007408857	-3.68937492371	36.2724990845	-56.2664031982	0.477651396241	1.0	3.57999992371	2.51999998093	0.0	3.57999992371	0.99262149008	1.0	1
1.0	4605.69677734	6.0	4.0	157.150604248	3.0	3.0	94.9068005458	0.0	0.0472551360726	-0.972107887268	0.229724273086	16.5841475555	1.90677566321	-15.003950119	59.8712005615	-76.8322982788	0.193295741552	4.0	1.05999994278	20.8200001717	0.0	9.56000041962	0.998769027447	1.0	1
1.0	3593.21777344	4.0	3.0	444.672973633	2.0	2.0	47.1468004361	0.0	-0.0472548753023	0.972106337547	-0.229730695486	16.0816455221	0.992485825261	-16.011051178	60.1102981567	-75.2308959961	0.276652471353	6.0	6.44000005722	70.0999979973	1.0	6.44000005722	0.910604920518	1.0	1
1.0	4590.32568359	6.0	2.0	57.1394004822	1.0	1.0	23.7000001669	0.0	-0.0472689084709	0.972078740597	-0.229844778776	34.9743295468	4.88951346601	-2.03996515274	58.7326507568	-46.2992477417	0.917180036432	1.0	1.05999994278	0.0	0.0	1.05999994278	0.997965729685	1.0	1
1.0	2511.19213867	1.0	1.0	243.063995361	1.0	1.0	30.279999733	2.4162181131	-0.0868183299899	-0.934480547905	-0.34526604414	25.4849905753	0.0	-0.890382528305	53.8845977783	-60.9226493835	0.855737776704	0.0	0.0	0.0	0.0	0.0	-1.0	0.0	1
1.0	6258.02978516	11.0	3.0	243.063995361	1.0	1.0	64.7800002098	2.4162181131	-0.0868183299899	-0.934480547905	-0.34526604414	35.4170965326	0.0	-0.890382528305	53.8845977783	-60.9226493835	0.855737776704	0.0	0.0	0.0	0.0	0.0	0.999828685637	1.0	1
1.0	3945.45336914	13.0	0.0	43.4156990051	1.0	0.0	0.0	10.0	0.0	0.0	0.0	0.0	0.0	0.0	0.0	0.0	2.0	0.0	0.0	0.0	0.0	0.0	8.28628704774e-07	1.0	1
1.0	4752.94970703	8.0	3.0	135.250595093	2.0	2.0	9.5600001812	3.59906939028	-0.429431319237	-0.0509293079376	-0.901662349701	37.0020076534	1.7017698843	-4.40381526947	35.2949523926	-75.360244751	0.38755732284	1.0	19.2600002289	12.8400001526	0.0	19.2600002289	0.989308889317	1.0	1
1.0	2972.87207031	2.0	1.0	243.063995361	1.0	1.0	30.279999733	2.4162181131	-0.0868183299899	-0.934480547905	-0.34526604414	25.4849905753	0.0	-0.890382528305	53.8845977783	-60.9226493835	0.855737776704	0.0	0.0	0.0	0.0	0.0	0.104520871973	1.0	1
1.0	4128.33496094	8.0	4.0	131.330001831	1.0	1.0	64.8600001335	0.0	0.106019966304	-0.937814176083	0.330551475286	38.5976037292	5.07226935204	-0.628017008305	36.6557998657	-60.7579498291	0.0800102828747	1.0	6.98000001907	6.76000022888	0.0	6.98000001907	0.978055177277	1.0	1
1.0	3011.33227539	4.0	2.0	155.149703979	2.0	2.0	39.7199993134	0.0	-0.106019966304	0.937814176083	-0.330551475286	33.2107089728	1.1259186083	-0.628017008305	36.6557998657	-60.7579498291	0.0800102828747	2.0	6.98000001907	19.6000003815	0.0	19.2600002289	0.651121623711	1.0	1
1.0	4756.87011719	9.0	4.0	131.330001831	1.0	1.0	64.8600001335	0.0	0.106019966304	-0.937814176083	0.330551475286	38.5976037292	5.07226935204	-0.628017008305	36.6557998657	-60.7579498291	0.0800102828747	1.0	6.98000001907	6.76000022888	0.0	6.98000001907	0.976995737914	1.0	1
1.0	2532.76928711	1.0	1.0	106.106002808	1.0	1.0	32.3999996185	2.44551217236	0.0696606487036	-0.157192885876	-0.985108017921	26.8040659294	6.69949496173	-3.02352499962	39.4688491821	-55.441947937	0.99774284057	0.0	0.0	0.0	0.0	0.0	-1.0	0.0	1
1.0	6211.31640625	14.0	3.0	116.026000977	1.0	1.0	36.1199994087	0.0	-0.992694854736	0.0704839378595	0.0979232415557	22.7588065792	1.80357099647	-4.66308498383	60.3740005493	-55.6051025391	0.364457234502	2.0	9.96000003815	22.3199996948	0.0	12.1199998856	0.998588258567	1.0	1
1.0	827.019287109	3.0	1.0	106.106002808	1.0	1.0	5.07999992371	2.89877555912	0.0490997619927	-0.998501062393	-0.02418230474	7.61919584984	0.0	-3.35211992264	55.4174499512	-60.2034988403	0.163983585371	0.0	0.0	0.0	0.0	0.0	0.309436399183	1.0	1
1.0	1078.99304199	6.0	0.0	106.106002808	1.0	0.0	0.0	10.0	0.0	0.0	0.0	0.0	0.0	0.0	0.0	0.0	2.0	0.0	0.0	0.0	0.0	0.0	8.28628704774e-07	1.0	1
1.0	3150.78417969	10.0	4.0	171.964294434	2.0	2.0	47.4199995995	0.0	-0.992694854736	0.0704839378595	0.0979232415557	22.7588065792	6.26490266743	-4.66308498383	60.3740005493	-55.6051025391	0.364457234502	1.0	9.96000003815	10.5	0.0	9.96000003815	0.988238552224	1.0	1
1.0	4661.20605469	5.0	3.0	357.140014648	3.0	3.0	86.1600005627	2.44551217236	0.0696606487036	-0.157192885876	-0.985108017921	42.8189122024	12.6936889348	-3.02352499962	39.4688491821	-55.441947937	0.99774284057	0.0	0.0	0.0	0.0	0.0	0.98084787348	1.0	1
1.0	4373.30566406	6.0	3.0	209.671005249	2.0	2.0	64.5399990082	2.0865856978	0.0922932997346	0.979779601097	0.177521497011	36.3172026301	16.5776145636	-2.78094482422	32.8885993958	-64.1601486206	0.048924109033	0.0	0.0	0.0	0.0	0.0	0.98636798609	1.0	1
1.0	579.984924316	3.0	1.0	171.964294434	2.0	1.0	6.61999988556	3.04456558737	-0.174267724156	-0.41323313117	0.893794775009	9.37175561974	0.0	-2.96441507339	68.3260040283	-60.8105506897	0.218316550551	0.0	0.0	0.0	0.0	0.0	0.751722943003	1.0	1
1.0	4927.68994141	7.0	4.0	147.468994141	1.0	1.0	60.9400002956	2.0865856978	-0.0922932997346	-0.979779601097	-0.177521497011	40.2517129069	6.80936557505	-2.78094482422	32.8885993958	-64.1601486206	0.048924109033	0.0	0.0	0.0	0.0	0.0	0.998100385915	1.0	1
1.0	2926.26000977	4.0	2.0	55.0350990295	1.0	1.0	35.6800003052	0.0	0.997895598412	-0.0559494011104	-0.0327728129923	30.3085219868	1.77428902116	-5.21732521057	35.4654006958	-61.9434509277	0.481535351027	1.0	4.28000020981	4.32000017166	1.0	4.28000020981	0.764283632772	1.0	2
1.0	3684.8449707	7.0	2.0	461.186004639	1.0	1.0	41.2800006866	2.87780475637	0.181399747729	0.547893941402	0.816643357277	18.4492495341	11.8054141876	-3.94511985779	55.6721496582	-62.7199020386	0.931684698024	0.0	0.0	0.0	0.0	0.0	0.981018516923	1.0	2
1.0	3033.0	4.0	1.0	43.3689002991	1.0	1.0	20.6800003052	2.0438346122	0.731716930866	0.0536239929497	0.679495990276	35.9656995288	0.91682423255	-2.84475016594	38.1375999451	-54.9416007996	0.737357790861	0.0	0.0	0.0	0.0	0.0	0.633111683631	1.0	2
1.0	3595.45068359	4.0	3.0	528.59942627	3.0	3.0	108.900001526	1.95024610825	0.313351750374	0.937594413757	-0.150756210089	39.7325300724	0.0	-3.60524988174	16.4188499451	-65.2023010254	0.237260857146	0.0	0.0	0.0	0.0	0.0	0.964925701471	1.0	2
1.0	3576.71166992	5.0	2.0	504.554901123	2.0	2.0	61.9600009918	2.0438346122	0.731716930866	0.0536239929497	0.679495990276	35.9656995288	9.86248401812	-2.84475016594	38.1375999451	-54.9416007996	0.737357790861	0.0	0.0	0.0	0.0	0.0	0.971538270364	1.0	2
1.0	4099.14257812	6.0	2.0	98.4039993286	2.0	2.0	56.3600006104	0.0	0.997895598412	-0.0559494011104	-0.0327728129923	35.6420987294	9.00105753671	-5.21732521057	35.4654006958	-61.9434509277	0.481535351027	1.0	4.28000020981	4.32000017166	1.0	4.28000020981	0.979293920215	1.0	2
1.0	2766.81591797	7.0	3.0	1137.32519531	2.0	1.0	38.759999752	0.0	-0.104987487197	-0.992567718029	-0.0615381784737	24.590315372	1.9858670935	-5.06278991699	59.5420532227	-56.6145477295	0.507465703421	2.0	7.80000019073	24.6399993896	2.0	15.279999733	0.998757077323	1.0	2
1.0	2826.29443359	2.0	1.0	238.397003174	1.0	1.0	24.4767999649	0.0	-0.995600402355	0.0935386791825	-0.00550632411614	27.0447238582	1.05303282745	-5.66254997253	39.0225524902	-54.2234992981	0.396049068605	2.0	3.55999994278	6.6400001049	2.0	3.55999994278	0.541619952734	1.0	2
1.0	3979.35449219	8.0	4.0	813.400024414	1.0	1.0	59.259999752	0.0	0.105007261038	0.992559432983	0.061637558043	40.7915373728	0.0	-4.70434999466	43.2399520874	-50.3084030151	0.989123576876	3.0	7.80000019073	38.7599992752	4.0	19.9799995422	0.984488952785	1.0	2
1.0	2810.13305664	7.0	4.0	457.971008301	2.0	2.0	53.1599993706	0.0	-0.995591282845	0.0936356261373	-0.00550989573821	34.3012489041	2.08636792134	-2.79146003723	56.8922996521	-36.689201355	0.0595233362465	3.0	3.55999994278	23.2999999523	3.0	10.5	0.854397496718	1.0	2
1.0	3303.37084961	8.0	6.0	1439.34020996	2.0	2.0	99.4800000191	0.0	-0.995591282845	0.0936356261373	-0.00550989573821	34.3012489041	2.08636792134	-2.79146003723	56.8922996521	-36.689201355	0.0595233362465	5.0	3.55999994278	53.2399995327	4.0	19.9799995422	0.99329916067	1.0	2
1.0	1209.70507812	3.0	2.0	973.943481445	2.0	2.0	38.4600000381	0.0	-0.104987487197	-0.992567718029	-0.0615381784737	18.9557588122	1.9858670935	-5.06278991699	59.5420532227	-56.6145477295	0.507465703421	3.0	12.779999733	40.4599990845	2.0	19.9799995422	0.727243828369	1.0	2
1.0	4081.36376953	5.0	2.0	335.112701416	2.0	2.0	47.7768001556	0.0	0.105046629906	0.992555558681	0.0616337098181	2.10337465757	0.992888040911	-18.4014511108	73.1687469482	-65.0538024902	0.782141091455	3.0	3.55999994278	17.5399997234	2.0	3.55999994278	0.998029025897	1.0	2
1.0	4524.43359375	6.0	2.0	96.7156982422	1.0	1.0	27.3199996948	2.20487192573	-0.272765308619	-0.553302407265	-0.787055015564	9.09425979073	0.0	-10.1741695404	76.1194458008	-59.3100509644	0.420913980408	0.0	0.0	0.0	0.0	0.0	0.992556600848	1.0	2
1.0	2512.62475586	5.0	4.0	793.486999512	2.0	2.0	63.8751990795	0.0	0.0461934134364	0.993750333786	-0.101619325578	27.06727964	1.12710886404	-7.05484008789	58.7676506042	-75.7406005859	0.319573252964	3.0	9.35999965668	36.7800006866	1.0	12.3199996948	0.977169610996	1.0	2
1.0	3310.84375	4.0	3.0	120.400001526	1.0	1.0	45.4400005341	0.0	0.0461869947612	0.993751227856	-0.101613201201	32.8132438027	1.12710444104	0.778594970703	20.8659000397	-61.2874984741	0.471312023219	2.0	9.35999965668	19.6000003815	0.0	9.35999965668	0.81051092714	1.0	2
1.0	4394.06542969	8.0	3.0	120.400001526	1.0	1.0	45.4400005341	0.0	0.0461869947612	0.993751227856	-0.101613201201	22.0419029079	1.12710444104	0.778594970703	20.8659000397	-61.2874984741	0.471312023219	2.0	9.35999965668	19.6000003815	0.0	9.35999965668	0.991903940336	1.0	2
1.0	2596.09277344	9.0	5.0	1469.85205078	1.0	1.0	63.5751988888	0.0	0.998025894165	-0.0331817269325	0.0533229410648	27.249798916	9.60766493004	-1.94117999077	52.2052001953	-60.373550415	0.304441728605	2.0	14.5200004578	29.7399997711	0.0	14.9399995804	0.969127137333	1.0	2
1.0	3768.04370117	8.0	3.0	325.809997559	2.0	2.0	56.0751988888	0.0	-0.0461869947612	-0.993751227856	0.101613201201	23.0246627458	5.88514370217	0.778594970703	20.8659000397	-61.2874984741	0.492460304872	4.0	9.35999965668	50.3599996567	0.0	14.8199996948	0.981276559405	1.0	2
1.0	628.750976562	3.0	3.0	1323.27697754	2.0	2.0	47.8351991177	0.0	-0.0461869947612	-0.993751227856	0.101613201201	1.12710444104	5.88514370217	0.778594970703	20.8659000397	-61.2874984741	0.492460304872	5.0	10.4799995422	65.0399990082	1.0	12.6999998093	0.748841771027	1.0	2
1.0	3886.12353516	9.0	6.0	628.342041016	3.0	3.0	126.735198736	0.0	-0.0461869947612	-0.993751227856	0.101613201201	23.0246627458	5.88514370217	0.778594970703	20.8659000397	-61.2874984741	0.492460304872	6.0	9.35999965668	78.3199996948	1.0	12.6999998093	0.977406431733	1.0	2
1.0	2937.25610352	3.0	0.0	285.713012695	1.0	0.0	0.0	10.0	0.0	0.0	0.0	0.0	0.0	0.0	0.0	0.0	2.0	0.0	0.0	0.0	0.0	0.0	8.28628704774e-07	1.0	2
1.0	1186.06176758	6.0	3.0	2102.84204102	2.0	2.0	43.3600008488	0.0	-0.0461869947612	-0.993751227856	0.101613201201	33.045713923	5.88514370217	0.778594970703	20.8659000397	-61.2874984741	0.471312023219	3.0	9.35999965668	30.8600006104	0.0	11.6800003052	0.974662311121	1.0	2
1.0	3050.25805664	2.0	1.0	126.040000916	1.0	1.0	28.8800003529	2.7533524626	-0.376362681389	-0.575008511543	-0.726440906525	9.9775929926	2.7077355799	-5.50392007828	74.2673492432	-61.1073532104	0.870257829734	0.0	0.0	0.0	0.0	0.0	-1.0	0.0	2
1.0	4076.04614258	6.0	4.0	401.6590271	2.0	2.0	58.1400003433	0.0	-0.994935870171	0.0	0.100511744618	32.4954382643	0.0	-5.90618038177	48.8992996216	-59.6178512573	0.173921238195	5.0	6.30000019073	45.6399998665	2.0	7.42000007629	0.974881238573	1.0	2
1.0	2904.31323242	4.0	3.0	271.985015869	1.0	1.0	34.1800000668	0.0	-0.00610943278298	0.998391032219	-0.0563739798963	24.9448146021	4.64879913029	-3.80879497528	62.3338012695	-45.4861526489	0.177458017361	3.0	6.30000019073	30.3799996376	1.0	6.30000019073	0.158610782667	1.0	2
1.0	3432.58374023	6.0	3.0	619.054992676	4.0	4.0	58.0000004768	0.0	-0.994935512543	0.0	0.100515156984	40.6304767561	1.88027993146	-7.85736989975	29.6947002411	-56.8128509521	0.197385116325	5.0	3.3599998951	43.7599990368	2.0	10.8800001144	0.989853718381	1.0	2
1.0	3307.14501953	3.0	2.0	358.782012939	2.0	2.0	39.3600006104	0.0	0.994935870171	0.0	-0.100511744618	31.1254159908	16.9361713109	-7.18968963623	49.8390007019	-61.052947998	0.0151028235957	2.0	7.42000007629	19.279999733	2.0	10.8800001144	0.784468306622	1.0	2
1.0	3310.5090332	4.0	2.0	239.256011963	2.0	2.0	56.1000003815	0.0	-0.994935512543	0.0	0.100515156984	31.6498811756	1.88027993146	-7.85736989975	29.6947002411	-56.8128509521	0.197385116325	1.0	3.3599998951	3.75999999046	0.0	3.3599998951	0.967454486194	1.0	2
1.0	4045.55566406	5.0	2.0	471.998016357	3.0	3.0	68.2400007248	0.0	-0.994935512543	0.0	0.100515156984	40.6304767561	1.88027993146	-7.85736989975	29.6947002411	-56.8128509521	0.197385116325	3.0	3.3599998951	23.0399997234	2.0	10.8800001144	0.943090045194	1.0	2
1.0	4113.12109375	5.0	2.0	358.782012939	2.0	2.0	39.3600006104	0.0	0.994935870171	0.0	-0.100511744618	31.1254159908	16.9361713109	-7.18968963623	49.8390007019	-61.052947998	0.0151028235957	2.0	7.42000007629	19.279999733	2.0	10.8800001144	0.977050253989	1.0	2
1.0	3095.90893555	2.0	1.0	126.040000916	1.0	1.0	28.8800003529	2.7533524626	-0.376362681389	-0.575008511543	-0.726440906525	9.9775929926	2.7077355799	-5.50392007828	74.2673492432	-61.1073532104	0.870257829734	0.0	0.0	0.0	0.0	0.0	0.169727972952	1.0	2
1.0	3427.08959961	7.0	3.0	255.713989258	2.0	2.0	66.0200009346	0.0	-0.00612037396058	0.998390853405	-0.056375939399	33.4815818337	14.0819795029	-5.34529018402	48.3919525146	-59.6455497742	0.98477484069	2.0	7.11999988556	15.2600002289	1.0	7.42000007629	0.975163038736	1.0	2
1.0	3851.84960938	6.0	6.0	900.41998291	3.0	3.0	145.619999409	0.0	-0.998985469341	0.0365966446698	-0.0262433495373	37.4641496605	0.0	-3.59783506393	13.4267997742	-59.5035514832	0.104210021992	10.0	2.48000001907	90.0927996486	3.0	11.9200000763	0.989288282756	1.0	2
1.0	2584.10766602	7.0	3.0	331.216003418	1.0	1.0	46.3999998569	0.0	0.689931631088	-0.711894989014	0.131148412824	27.6617327119	8.48505373633	-1.95740008354	58.5428504944	-53.8908996582	0.826066662452	6.0	2.48000001907	25.595199585	0.0	7.84000015259	0.980967460141	1.0	2
1.0	4193.24853516	4.0	1.0	171.177993774	1.0	1.0	0.0	10.0	0.0	0.0	0.0	0.0	0.0	0.0	0.0	0.0	2.0	4.0	7.36000013351	25.7923999429	0.0	15.4600000381	0.986085792462	1.0	2
1.0	4248.71386719	5.0	3.0	184.117996216	1.0	1.0	31.2200005054	0.0	0.689931631088	-0.711894989014	0.131148412824	20.3940279957	1.72933094753	-1.95740008354	58.5428504944	-53.8908996582	0.826066662452	5.0	2.48000001907	32.3431992382	0.0	7.36000013351	0.887075731815	1.0	2
1.0	1104.1315918	4.0	3.0	1905.83007812	2.0	2.0	38.5	0.0	0.998985469341	-0.0365966446698	0.0262433495373	0.0	2.16915613857	-3.59783506393	13.4267997742	-59.5035514832	0.104210021992	6.0	2.48000001907	18.7992003113	0.0	13.7600002289	0.96881162152	1.0	2
1.0	3968.90283203	6.0	5.0	1132.48291016	2.0	2.0	118.719999313	0.0	0.998985469341	-0.0365966446698	0.0262433495373	37.6069069821	2.16915613857	-3.59783506393	13.4267997742	-59.5035514832	0.738683948763	12.0	1.77999997139	90.8771987557	2.0	11.9200000763	0.990097486458	1.0	2
1.0	3178.77490234	1.0	1.0	61.910900116	1.0	1.0	42.7399988174	2.39016110775	0.0188994668424	-0.167113929987	-0.985756456852	24.4743910778	2.3189725193	5.4358549118	46.7726516724	-56.4088516235	0.365529770481	0.0	0.0	0.0	0.0	0.0	-1.0	0.0	2
1.0	4296.18554688	9.0	8.0	2015.91760254	3.0	3.0	161.41999948	0.0	0.999825954437	0.0	0.018656000495	48.3604120595	2.28514986036	1.6653649807	30.3404006958	-58.4412498474	0.0472324950377	4.0	11.9799995422	45.5	1.0	13.8599996567	0.988269313491	1.0	2
1.0	5955.11181641	7.0	3.0	260.498901367	2.0	2.0	92.9599981308	0.0	-0.999826014042	0.0	-0.0186524968594	37.5827756562	1.53504318602	3.50257492065	58.4919013977	-40.729347229	0.508837154453	1.0	14.6400003433	14.9600000381	0.0	14.6400003433	0.989800364495	1.0	2
1.0	4140.99121094	8.0	6.0	1704.55566406	3.0	3.0	124.91999948	0.0	0.999826073647	0.0	0.0186493266374	13.9584819902	18.4679928982	4.07974529266	63.4516983032	-70.8287506104	0.152358423211	5.0	11.9799995422	66.1400003433	1.0	13.8599996567	0.975184617164	1.0	2
1.0	3862.93896484	4.0	3.0	476.140014648	1.0	1.0	48.7600007057	0.0	0.999826073647	0.0	0.0186493266374	12.0447534929	1.53509507168	4.07974529266	63.4516983032	-70.8287506104	0.354412536236	2.0	14.9399995804	36.1800003052	0.0	15.720000267	0.0876646227139	1.0	2
1.0	5241.35058594	9.0	7.0	734.079101562	5.0	5.0	167.859999657	0.0	-0.999826014042	0.0	-0.0186524912715	38.8196717278	1.53509356937	3.54874515533	53.0526008606	-43.1373519897	0.171108487655	4.0	6.19999980927	48.4000000954	1.0	6.19999980927	0.992875464637	1.0	2
1.0	833.91217041	2.0	0.0	627.802001953	2.0	0.0	0.0	10.0	0.0	0.0	0.0	0.0	0.0	0.0	0.0	0.0	2.0	0.0	0.0	0.0	0.0	0.0	8.28628704774e-07	1.0	2
1.0	5108.52880859	11.0	4.0	676.456420898	5.0	5.0	89.8800001144	0.0	-0.999826014042	0.0	-0.0186524968594	37.5827756562	1.53504318602	3.50257492065	58.4919013977	-40.729347229	0.508837154453	7.0	6.19999980927	96.8999991417	2.0	13.8599996567	0.994570030766	1.0	2
1.0	3303.90087891	12.0	5.0	559.518432617	3.0	3.0	53.0399999619	0.0	-0.999826014042	0.0	-0.0186524912715	38.8196717278	1.53509356937	3.54874515533	53.0526008606	-43.1373519897	0.171108487655	2.0	6.19999980927	22.1199994087	1.0	6.19999980927	0.871752144846	1.0	2
1.0	4368.35400391	12.0	11.0	1828.96142578	1.0	1.0	144.039998651	0.0	0.999826073647	0.0	0.0186493266374	17.0987286991	0.992496382858	4.07974529266	63.4516983032	-70.8287506104	0.152358423211	5.0	11.9799995422	63.1199998856	2.0	13.8599996567	0.994474006641	1.0	2
1.0	3922.22412109	5.0	3.0	598.231933594	3.0	3.0	108.519998789	0.0	0.99350810051	0.0	0.113761425018	40.0009296917	3.61281027057	0.938477993011	56.6754989624	-44.1340026855	0.0979690680429	1.0	18.3199996948	19.1200008392	1.0	18.3199996948	0.998080265471	1.0	2
1.0	2625.60668945	9.0	2.0	964.648803711	2.0	1.0	29.2399997711	1.02006370701	-0.0265346486121	-0.97008317709	0.241318315268	53.8644057463	1.80639383969	3.68439483643	62.5732002258	-64.0332489014	0.391183830488	0.0	0.0	0.0	0.0	0.0	0.971737065779	1.0	2
1.0	4540.25683594	6.0	4.0	1131.63171387	4.0	4.0	152.119997978	0.0	0.0265134442598	0.970082879066	-0.241321891546	43.4072008539	18.2886156107	-0.703552007675	45.5115013123	-54.6196517944	0.386288179516	1.0	10.3599996567	11.0799999237	0.0	10.3599996567	0.999610255017	1.0	2
1.0	4308.95800781	6.0	3.0	126.970001221	1.0	1.0	69.4799995422	2.71506171141	0.400580883026	-0.771507501602	0.494278371334	36.6595975462	2.04885264763	-2.11100101471	34.9763031006	-77.4100036621	0.0132037227168	0.0	0.0	0.0	0.0	0.0	0.994981964619	1.0	2
1.0	4311.53564453	6.0	3.0	222.585800171	2.0	2.0	76.6799993515	0.0	0.0265134442598	0.970082879066	-0.241321891546	43.4072008539	10.2235093508	-0.703552007675	45.5115013123	-54.6196517944	0.386288179516	1.0	10.3599996567	11.0799999237	0.0	10.3599996567	0.995112231615	1.0	2
1.0	5046.60986328	6.0	4.0	566.877685547	3.0	3.0	87.3199989796	0.0	0.99350810051	0.0	0.113761425018	32.8749654651	3.61281027057	0.938477993011	56.6754989624	-44.1340026855	0.0979690680429	2.0	10.3599996567	30.2000007629	1.0	18.3199996948	0.99842444761	1.0	2
1.0	784.140014648	1.0	0.0	95.6157989502	1.0	0.0	0.0	10.0	0.0	0.0	0.0	0.0	0.0	0.0	0.0	0.0	2.0	0.0	0.0	0.0	0.0	0.0	8.28628704774e-07	1.0	2
1.0	3750.04833984	9.0	3.0	431.24899292	1.0	1.0	22.0399992466	0.0	0.99350810051	0.0	0.113761425018	32.8749654651	3.61281027057	0.938477993011	56.6754989624	-44.1340026855	0.0979690680429	1.0	18.3199996948	19.1200008392	1.0	18.3199996948	0.9842847222	1.0	2
1.0	2735.95410156	5.0	4.0	731.665161133	5.0	5.0	138.340001106	0.0	0.982108712196	-0.129120334983	-0.137077942491	35.168130312	11.7011108957	-4.61926460266	50.0227012634	-50.3673019409	0.951798030423	4.0	7.51999998093	37.9400000572	0.0	10.3199996948	0.971565079746	1.0	2
1.0	1842.63269043	4.0	3.0	357.526000977	1.0	1.0	34.3600003719	0.0	0.982109367847	-0.129217714071	-0.136981710792	8.17043743136	1.00525617635	-6.30564975739	54.667350769	-68.2696533203	0.689412176089	3.0	9.89999961853	34.220000267	0.0	10.7600002289	0.379865527169	1.0	2
1.0	3599.34472656	5.0	3.0	130.799194336	2.0	2.0	72.900001049	2.25977427647	-0.0849636569619	-0.953443825245	0.28935444355	32.8562192998	9.33768798167	-7.67437505722	31.0648002625	-67.3702011108	0.152911734197	0.0	0.0	0.0	0.0	0.0	0.977815018377	1.0	2
1.0	3154.20458984	5.0	4.0	470.261779785	2.0	2.0	98.7600011826	1.20533811463	-0.154394909739	-0.257771998644	-0.95379024744	25.8226843	25.815938008	-6.17628479004	36.587348938	-53.1257476807	0.16922559087	0.0	0.0	0.0	0.0	0.0	0.88892870324	1.0	2
1.0	3382.86865234	6.0	4.0	347.275390625	2.0	2.0	81.6600015163	0.0	0.0849748700857	0.953442811966	-0.289354681969	35.2467165613	20.489006217	-6.1402797699	47.1290512085	-55.3979492188	0.0475184394541	2.0	9.31999969482	21.6999998093	0.0	10.3199996948	0.977050259831	1.0	2
1.0	3238.14282227	7.0	4.0	300.451416016	2.0	2.0	97.2800014019	0.0	0.982109367847	-0.129217714071	-0.136981710792	27.0471664023	1.00525617635	-6.30564975739	54.667350769	-68.2696533203	0.689412176089	3.0	9.31999969482	30.3600006104	0.0	10.7600002289	0.96957806741	1.0	2
1.0	1329.18591309	3.0	0.0	187.151794434	2.0	0.0	0.0	10.0	0.0	0.0	0.0	0.0	0.0	0.0	0.0	0.0	2.0	0.0	0.0	0.0	0.0	0.0	8.28628704774e-07	1.0	2
1.0	2186.26000977	1.0	1.0	35.6170005798	1.0	1.0	0.0	10.0	0.0	0.0	0.0	0.0	0.0	0.0	0.0	0.0	2.0	1.0	14.1800003052	7.53999996185	1.0	14.1800003052	0.0927863396705	1.0	2
1.0	2160.67602539	1.0	1.0	88.3001022339	1.0	1.0	28.8600006104	1.40353839961	-0.47761246562	-0.676987528801	-0.559976994991	22.2416489866	0.0	-7.71895503998	51.1079025269	-63.1969528198	0.121863278846	0.0	0.0	0.0	0.0	0.0	-1.0	0.0	2
1.0	4014.53515625	6.0	3.0	1139.51123047	3.0	3.0	88.6199998856	0.0	-0.0288548097014	0.963111519814	-0.267551183701	26.8861415571	18.4581951019	-6.24312496185	50.4916000366	-57.8952026367	0.0736796111789	2.0	11.8199996948	31.2000007629	1.0	15.6599998474	0.982703269911	1.0	2
1.0	2379.50805664	2.0	1.0	88.3001022339	1.0	1.0	28.8600006104	1.40353839961	-0.47761246562	-0.676987528801	-0.559976994991	22.2416489866	0.0	-7.71895503998	51.1079025269	-63.1969528198	0.121863278846	0.0	0.0	0.0	0.0	0.0	0.191832020093	1.0	2
1.0	4407.30859375	6.0	2.0	475.845001221	2.0	2.0	36.9800004959	0.0	0.999503552914	0.0310955867171	0.00506539689377	25.8176297796	18.4581951019	-6.75075531006	50.9510498047	-58.0296020508	0.928729524257	2.0	10.6000003815	20.6400003433	1.0	10.6000003815	0.968533875803	1.0	2
1.0	3810.45458984	6.0	3.0	575.366027832	1.0	1.0	23.2800006866	0.0	-0.999503552914	-0.0310955867171	-0.00506539689377	21.1531496742	1.96996259602	-6.75075531006	50.9510498047	-58.0296020508	0.928729524257	2.0	10.6000003815	29.8000001907	2.0	15.6599998474	0.978554537395	1.0	2
1.0	4630.40966797	6.0	2.0	348.145111084	2.0	2.0	57.4800014496	0.0	0.999503552914	0.0310955867171	0.00506539689377	25.8176297796	16.9457758107	-6.75075531006	50.9510498047	-58.0296020508	0.928729524257	2.0	10.6000003815	20.6400003433	1.0	10.6000003815	0.992365160527	1.0	2
1.0	3914.24462891	4.0	2.0	88.3001022339	1.0	1.0	44.4600009918	1.40353839961	-0.47761246562	-0.676987528801	-0.559976994991	22.2416489866	0.0	-7.71895503998	51.1079025269	-63.1969528198	0.121863278846	0.0	0.0	0.0	0.0	0.0	0.978795597156	1.0	2
1.0	4431.78466797	6.0	3.0	304.300109863	2.0	2.0	79.7600011826	1.40353839961	-0.47761246562	-0.676987528801	-0.559976994991	24.6529573891	14.8523339097	-7.71895503998	51.1079025269	-63.1969528198	0.121863278846	0.0	0.0	0.0	0.0	0.0	0.986673881615	1.0	2
1.0	4846.40966797	7.0	3.0	348.145111084	2.0	2.0	68.8200016022	0.0	0.999503552914	0.0310955867171	0.00506539689377	25.8176297796	16.9457758107	-6.75075531006	50.9510498047	-58.0296020508	0.928729524257	2.0	10.6000003815	20.6400003433	1.0	10.6000003815	0.990840711787	1.0	2
1.0	1607.61999512	1.0	1.0	41.3398017883	1.0	1.0	26.5200004578	2.18124509007	-0.251535326242	-0.174110323191	-0.9520586133	25.6679656632	3.05936059091	-5.6873998642	31.4652004242	-55.2878990173	0.960858116592	0.0	0.0	0.0	0.0	0.0	-1.0	0.0	2
1.0	148.63999939	1.0	0.0	41.3398017883	1.0	0.0	0.0	10.0	0.0	0.0	0.0	0.0	0.0	0.0	0.0	0.0	2.0	0.0	0.0	0.0	0.0	0.0	8.28628704774e-07	1.0	2
1.0	1862.05700684	2.0	2.0	41.3398017883	1.0	1.0	41.0600004196	0.0	-0.0130708143115	0.976933121681	-0.213145017624	26.8999598993	0.0	-6.38282489777	23.699798584	-59.1352005005	0.228920221973	1.0	2.74000000954	2.03999996185	1.0	2.74000000954	0.166776409739	1.0	2
1.0	2184.91503906	1.0	1.0	40.4936981201	1.0	1.0	23.8400001526	1.02414841749	0.00918030366302	-0.994013786316	0.1088681072	25.193822635	0.0	-2.82544517517	47.1804504395	-59.8235015869	0.30778553912	0.0	0.0	0.0	0.0	0.0	-1.0	0.0	2
1.0	3325.96484375	5.0	1.0	410.527526855	3.0	3.0	62.1999998093	0.0	-0.00919097289443	0.994012534618	-0.108878724277	41.0617300277	15.6608638411	-4.33440971375	42.6000976562	-51.3219985962	0.12141503204	2.0	11.1199998856	24.3600006104	1.0	11.1199998856	0.990116462763	1.0	2
1.0	2457.20996094	3.0	1.0	40.4936981201	1.0	1.0	23.8400001526	1.02414841749	0.00918030366302	-0.994013786316	0.1088681072	25.193822635	0.0	-2.82544517517	47.1804504395	-59.8235015869	0.30778553912	0.0	0.0	0.0	0.0	0.0	0.207863667452	1.0	2
1.0	3449.83935547	7.0	3.0	286.653015137	2.0	2.0	58.7000012398	0.0	-0.00919097289443	0.994012534618	-0.108878724277	42.0801423421	11.6297770926	-5.2118396759	23.8635997772	-61.7118988037	0.02521603715	3.0	7.82000017166	31.7800006866	2.0	11.1199998856	0.99164476641	1.0	2
1.0	873.049682617	4.0	1.0	1117.64550781	2.0	1.0	14.1000003815	1.02414841749	-0.00918030366302	0.994013786316	-0.1088681072	40.3592391996	23.8675700649	-2.82544517517	47.1804504395	-59.8235015869	0.30778553912	0.0	0.0	0.0	0.0	0.0	0.467017826201	1.0	2
1.0	3654.87084961	6.0	2.0	81.6214981079	1.0	1.0	38.2799992561	1.91020417885	-0.274817228317	0.89187592268	0.35921138525	46.9020729011	3.24873125123	-7.38124990463	58.0796508789	-67.6238479614	0.933327605985	0.0	0.0	0.0	0.0	0.0	0.968150503368	1.0	2
1.0	2641.63916016	4.0	3.0	122.115196228	2.0	2.0	29.6799998283	2.19114805934	-0.0833402350545	0.13809196651	-0.986906766891	40.7229059836	5.2765823179	-3.56546497345	43.3264007568	-55.4014511108	0.994729497151	0.0	0.0	0.0	0.0	0.0	0.969761833098	1.0	2
1.0	3163.62719727	4.0	2.0	243.959197998	3.0	3.0	78.740000248	0.0	-0.00919097289443	0.994012534618	-0.108878724277	20.3820822629	0.0	-5.2118396759	23.8635997772	-61.7118988037	0.02521603715	1.0	7.82000017166	7.42000007629	1.0	7.82000017166	0.915572124345	1.0	2
1.0	3405.21582031	4.0	2.0	183.231002808	1.0	1.0	21.9868001118	0.0	-0.0472548753023	0.972106337547	-0.229730695486	16.0816455221	0.992485825261	-16.011051178	60.1102981567	-75.2308959961	0.276652471353	4.0	9.56000041962	54.3799982071	0.0	17.0200004578	0.595113546429	1.0	2
1.0	4222.46582031	8.0	6.0	719.392211914	3.0	3.0	138.400001049	0.0	0.0472551360726	-0.972107887268	0.229724273086	16.5841475555	1.90677566321	-15.003950119	59.8712005615	-76.8322982788	0.193295741552	7.0	1.05999994278	64.4999980927	1.0	6.44000005722	0.984556435829	1.0	2
1.0	3440.57617188	2.0	2.0	57.1394004822	1.0	1.0	10.6399997473	2.66858010388	0.306818306446	0.570841014385	0.761579334736	28.0952354231	2.6058632294	-3.40043497086	59.5271492004	-52.9125976562	0.700834483786	0.0	0.0	0.0	0.0	0.0	0.860903839919	1.0	2
1.0	4456.34667969	7.0	4.0	485.511169434	2.0	2.0	92.8200001717	0.0	0.0472689084709	-0.972078740597	0.229844778776	34.3842841018	13.0682029792	-2.03996515274	58.7326507568	-46.2992477417	0.917180036432	3.0	1.05999994278	9.57999992371	1.0	6.44000005722	0.998246276168	1.0	2
1.0	2740.10668945	4.0	2.0	50.6500015259	1.0	1.0	23.8068007603	0.0	0.0472551360726	-0.972107887268	0.229724273086	4.36602465911	1.90677566321	-15.003950119	59.8712005615	-76.8322982788	0.193295741552	2.0	9.42000007629	18.3000001907	0.0	9.56000041962	0.545027152724	1.0	2
1.0	4884.71875	6.0	2.0	57.1394004822	1.0	1.0	23.7000001669	0.0	-0.0472689084709	0.972078740597	-0.229844778776	34.9743295468	4.88951346601	-2.03996515274	58.7326507568	-46.2992477417	0.917180036432	1.0	1.05999994278	0.0	0.0	1.05999994278	0.998974587085	1.0	2
1.0	475.072692871	4.0	1.0	183.231002808	1.0	1.0	0.106799997389	0.0	-0.0472548753023	0.972106337547	-0.229730695486	16.4656898667	0.992485825261	-16.011051178	60.1102981567	-75.2308959961	0.276652471353	1.0	9.56000041962	8.88000011444	0.0	9.56000041962	0.540998799982	1.0	2
1.0	4376.74755859	7.0	2.0	50.6500015259	1.0	1.0	23.8068007603	0.0	0.0472551360726	-0.972107887268	0.229724273086	16.5841475555	1.90677566321	-15.003950119	59.8712005615	-76.8322982788	0.193295741552	2.0	9.42000007629	18.3000001907	0.0	9.56000041962	0.980629951064	1.0	2
1.0	2511.19213867	1.0	1.0	243.063995361	1.0	1.0	30.279999733	2.4162181131	-0.0868183299899	-0.934480547905	-0.34526604414	25.4849905753	0.0	-0.890382528305	53.8845977783	-60.9226493835	0.855737776704	0.0	0.0	0.0	0.0	0.0	-1.0	0.0	2
1.0	4733.05078125	9.0	2.0	155.149703979	2.0	2.0	39.7199993134	0.0	-0.106019966304	0.937814176083	-0.330551475286	37.5864207867	1.1259186083	-0.628017008305	36.6557998657	-60.7579498291	0.0800102828747	2.0	6.98000001907	19.6000003815	0.0	19.2600002289	0.984819493949	1.0	2
1.0	2642.5222168	2.0	2.0	111.73400116	1.0	1.0	39.7199993134	0.0	-0.106019966304	0.937814176083	-0.330551475286	33.2107089728	1.1259186083	-0.628017008305	36.6557998657	-60.7579498291	0.0800102828747	1.0	6.98000001907	6.76000022888	0.0	6.98000001907	0.113943516302	1.0	2
1.0	4601.72070312	8.0	3.0	286.479705811	2.0	2.0	64.7800002098	2.4162181131	-0.0868183299899	-0.934480547905	-0.34526604414	24.7231759839	0.0	-0.890382528305	53.8845977783	-60.9226493835	0.855737776704	1.0	19.2600002289	12.8400001526	0.0	19.2600002289	0.987791124705	1.0	2
1.0	2561.09936523	2.0	1.0	243.063995361	1.0	1.0	30.279999733	2.4162181131	-0.0868183299899	-0.934480547905	-0.34526604414	25.4849905753	0.0	-0.890382528305	53.8845977783	-60.9226493835	0.855737776704	0.0	0.0	0.0	0.0	0.0	0.0950794251717	1.0	2
1.0	4598.51220703	7.0	2.0	289.687896729	2.0	2.0	58.3600013256	2.12961033369	0.222385391593	0.261241883039	-0.939306855202	30.3852332768	0.0	0.0439454913139	25.6037998199	-52.3477020264	0.0280934518468	0.0	0.0	0.0	0.0	0.0	0.982832999784	1.0	2
1.0	1645.51696777	7.0	1.0	266.580596924	3.0	2.0	30.4200003147	2.57662180224	-0.110272906721	0.962810635567	0.246648654342	30.750733214	1.63710175154	-0.091728001833	31.8705501556	-57.1261520386	0.929037524444	0.0	0.0	0.0	0.0	0.0	0.462650567956	1.0	2
1.0	4397.37597656	6.0	2.0	243.063995361	1.0	1.0	37.0999999046	2.4162181131	-0.0868183299899	-0.934480547905	-0.34526604414	24.7231759839	0.0	-0.890382528305	53.8845977783	-60.9226493835	0.855737776704	0.0	0.0	0.0	0.0	0.0	0.80442588343	1.0	2
1.0	4537.97070312	8.0	2.0	111.73400116	1.0	1.0	39.7199993134	0.0	-0.106019966304	0.937814176083	-0.330551475286	37.5864207867	1.1259186083	-0.628017008305	36.6557998657	-60.7579498291	0.0800102828747	1.0	6.98000001907	6.76000022888	0.0	6.98000001907	0.970892205724	1.0	2
1.0	2532.76928711	1.0	1.0	106.106002808	1.0	1.0	32.3999996185	2.44551217236	0.0696606487036	-0.157192885876	-0.985108017921	26.8040659294	6.69949496173	-3.02352499962	39.4688491821	-55.441947937	0.99774284057	0.0	0.0	0.0	0.0	0.0	-1.0	0.0	2
1.0	4742.74609375	6.0	5.0	369.601013184	3.0	3.0	114.719999552	0.0	-0.992694854736	0.0704839378595	0.0979232415557	22.7588065792	6.26490266743	-4.66308498383	60.3740005493	-55.6051025391	0.364457234502	2.0	9.96000003815	22.3199996948	0.0	12.1199998856	0.994057056458	1.0	2
1.0	4762.88867188	5.0	4.0	413.078308105	4.0	4.0	109.520000696	0.0	0.108677923679	0.146983936429	0.983150482178	36.1080931907	6.80936681427	-1.98940503597	47.2028503418	-45.5497016907	0.354160804637	1.0	8.39999961853	8.03999996185	0.0	8.39999961853	0.990944277935	1.0	2
1.0	1260.94494629	6.0	4.0	306.972290039	3.0	3.0	40.3200001717	2.0865856978	-0.0922932997346	-0.979779601097	-0.177521497011	30.3381372469	22.0254800659	-2.78094482422	32.8885993958	-64.1601486206	0.048924109033	0.0	0.0	0.0	0.0	0.0	0.399247990999	1.0	2
1.0	4433.39306641	6.0	3.0	209.671005249	2.0	2.0	64.5399990082	2.0865856978	0.0922932997346	0.979779601097	0.177521497011	36.3172026301	16.5776145636	-2.78094482422	32.8885993958	-64.1601486206	0.048924109033	0.0	0.0	0.0	0.0	0.0	0.988761035375	1.0	2
1.0	3905.48657227	4.0	1.0	106.106002808	1.0	1.0	32.3999996185	2.44551217236	0.0696606487036	-0.157192885876	-0.985108017921	42.8189122024	6.69949496173	-3.02352499962	39.4688491821	-55.441947937	0.99774284057	0.0	0.0	0.0	0.0	0.0	0.830044961876	1.0	2
1.0	4850.27050781	6.0	5.0	325.697021484	3.0	3.0	115.539998531	0.0	-0.992694854736	0.0704839378595	0.0979232415557	22.7588065792	6.26490266743	-4.66308498383	60.3740005493	-55.6051025391	0.364457234502	2.0	9.96000003815	22.3199996948	0.0	12.1199998856	0.999116062339	1.0	2
1.0	2871.28442383	2.0	1.0	106.106002808	1.0	1.0	32.3999996185	2.44551217236	0.0696606487036	-0.157192885876	-0.985108017921	41.1695838072	6.69949496173	-3.02352499962	39.4688491821	-55.441947937	0.99774284057	0.0	0.0	0.0	0.0	0.0	0.26754577609	1.0	2
1.0	4246.43017578	4.0	2.0	357.140014648	3.0	3.0	76.0400006771	2.44551217236	0.0696606487036	-0.157192885876	-0.985108017921	42.8189122024	12.6936889348	-3.02352499962	39.4688491821	-55.441947937	0.99774284057	0.0	0.0	0.0	0.0	0.0	0.987968309585	1.0	2
1.0	2038.01611328	1.0	1.0	74.6436004639	1.0	1.0	26.2999992371	3.0910936762	-0.203683510423	-0.633140206337	-0.74675732851	28.5054420371	0.0	-0.752820968628	44.0424995422	-53.1920013428	0.273700314181	0.0	0.0	0.0	0.0	0.0	-1.0	0.0	3
1.0	5662.88134766	9.0	5.0	408.741027832	3.0	3.0	83.6799993515	0.0	-0.999277114868	-0.0343799106777	-0.0162215065211	43.997114825	0.0	-1.41993701458	19.2203998566	-63.1861000061	0.824376017336	1.0	7.48000001907	7.11999988556	0.0	7.48000001907	0.999228595024	1.0	3
1.0	1139.79956055	4.0	1.0	141.736999512	1.0	1.0	8.02000045776	2.79683570195	-0.0314217582345	0.976048886776	-0.215270265937	31.5916576347	1.13443540243	-0.253738492727	57.1245498657	-42.0247497559	0.836167133498	0.0	0.0	0.0	0.0	0.0	0.255263351444	1.0	3
1.0	3546.27880859	11.0	4.0	216.380599976	2.0	2.0	47.0400009155	0.0	0.999277293682	0.0343800038099	0.0162181872874	23.3437861268	1.13442296137	-1.03372848034	71.0615005493	-60.5400009155	0.355729538341	1.0	6.94000005722	6.80000019073	0.0	6.94000005722	0.979943775432	1.0	3
1.0	2973.57910156	2.0	1.0	230.373596191	2.0	1.0	26.2999992371	3.0910936762	-0.203683510423	-0.633140206337	-0.74675732851	39.5519999265	0.0	-0.752820968628	44.0424995422	-53.1920013428	0.273700314181	0.0	0.0	0.0	0.0	0.0	0.338927637528	1.0	3
1.0	4039.43774414	6.0	2.0	372.110595703	3.0	2.0	59.8800001144	0.0	0.999277293682	0.0343800038099	0.0162181872874	23.3437861268	20.4005459022	-1.03372848034	71.0615005493	-60.5400009155	0.355729538341	1.0	6.94000005722	6.80000019073	0.0	6.94000005722	0.975011658427	1.0	3
1.0	4376.22460938	6.0	3.0	408.741027832	3.0	3.0	66.3599991798	0.0	-0.999277114868	-0.0343799106777	-0.0162215065211	43.997114825	0.0	-1.41993701458	19.2203998566	-63.1861000061	0.824376017336	1.0	7.48000001907	7.11999988556	0.0	7.48000001907	0.991301543555	1.0	3
1.0	4667.92529297	7.0	3.0	139.01361084	2.0	2.0	63.1999988556	0.0	-0.999277114868	-0.0343799106777	-0.0162215065211	43.997114825	0.0	-1.41993701458	19.2203998566	-63.1861000061	0.824376017336	1.0	7.48000001907	7.11999988556	0.0	7.48000001907	0.981775202724	1.0	3
1.0	4629.23583984	7.0	2.0	230.373596191	2.0	2.0	55.5199985504	3.0910936762	-0.203683510423	-0.633140206337	-0.74675732851	39.5519999265	0.0	-0.752820968628	44.0424995422	-53.1920013428	0.273700314181	0.0	0.0	0.0	0.0	0.0	0.99232493795	1.0	3
1.0	3600.33789062	1.0	1.0	154.136703491	1.0	1.0	31.0799999237	1.20339521866	-0.738363146782	-0.672553002834	0.0499236136675	25.6396514978	0.0	0.0648040175438	48.664100647	-54.3027496338	0.634342127439	0.0	0.0	0.0	0.0	0.0	-1.0	0.0	3
1.0	7990.33789062	15.0	4.0	553.031005859	2.0	2.0	75.3199989796	0.0	0.999529898167	0.0	0.0306586008519	29.3978804599	1.0665713402	1.85073494911	59.8055992126	-77.7469482422	0.531833155363	4.0	5.55999994278	49.279999733	4.0	15.9799995422	0.999724314238	1.0	3
1.0	3638.98754883	2.0	2.0	115.486999512	1.0	1.0	37.0199999809	0.0	0.00328718847595	0.994232952595	-0.107191726565	39.1638064748	2.05692455329	-1.44735002518	33.6539497375	-57.1878967285	0.95243904175	1.0	7.11999988556	6.61999988556	0.0	7.11999988556	0.0285566844319	1.0	3
1.0	8647.42285156	14.0	5.0	284.377685547	1.0	1.0	96.6199998856	1.20339521866	-0.738363146782	-0.672553002834	0.0499236136675	37.8259121859	0.0	0.0648040175438	48.664100647	-54.3027496338	0.634342127439	0.0	0.0	0.0	0.0	0.0	0.999975256811	1.0	3
1.0	1661.19104004	4.0	1.0	553.031005859	2.0	1.0	7.94000005722	3.15456655194	-0.0864145681262	0.72917932272	-0.678844630718	23.0537792874	0.0	0.446464419365	48.235748291	-31.9486999512	0.97302014266	0.0	0.0	0.0	0.0	0.0	0.746710339157	1.0	3
1.0	1189.27062988	6.0	3.0	490.003997803	3.0	2.0	23.8223998547	0.0	0.999529838562	0.0	0.0306618865579	38.6829854293	5.96489887909	-1.90147995949	29.9776992798	-59.7777481079	0.440853490053	2.0	7.11999988556	13.2999997139	0.0	7.30000019073	0.993108661531	1.0	3
1.0	6637.96533203	9.0	3.0	115.486999512	1.0	1.0	45.2251999378	1.20339521866	-0.738363146782	-0.672553002834	0.0499236136675	32.6671887392	0.0	0.0648040175438	48.664100647	-54.3027496338	0.634342127439	0.0	0.0	0.0	0.0	0.0	0.988371390444	1.0	3
1.0	4898.3359375	3.0	2.0	284.377685547	1.0	1.0	54.8000001907	1.20339521866	-0.738363146782	-0.672553002834	0.0499236136675	26.0703304897	0.0	0.0648040175438	48.664100647	-54.3027496338	0.634342127439	0.0	0.0	0.0	0.0	0.0	0.934998784704	1.0	3
1.0	6521.22021484	10.0	9.0	721.921691895	3.0	3.0	140.805199623	0.0	-0.00328718847595	-0.994232952595	0.107191726565	47.0300632014	7.03863734099	-1.44735002518	33.6539497375	-57.1878967285	0.95243904175	4.0	5.55999994278	40.5999994278	3.0	15.9799995422	0.998889251453	1.0	3
1.0	2668.62329102	14.0	8.0	785.370361328	3.0	3.0	114.800000787	0.0	-0.995689451694	0.0703896507621	0.0603974983096	22.9531135876	1.64554214214	-4.79646492004	66.7725524902	-47.1676483154	0.455306261891	3.0	6.28000020981	27.7999997139	1.0	6.28000020981	0.972462369116	1.0	3
1.0	1477.80627441	7.0	3.0	284.195800781	2.0	2.0	40.2400004864	0.0	-0.0535695403814	-0.956507742405	0.286745965481	20.9754090047	12.5191909271	-6.71101999283	50.8191986084	-51.1622009277	0.958483065926	2.0	7.34000015259	21.7399997711	0.0	8.10000038147	0.712424311655	1.0	3
1.0	4839.40283203	14.0	3.0	244.181396484	1.0	1.0	44.7000002861	0.0	-0.995689690113	0.0703861415386	0.0603975132108	26.2214314504	0.0	-7.61811542511	54.0834503174	-62.1779518127	2.0	4.0	7.34000015259	40.4399995804	0.0	10.8000001907	0.997681423937	1.0	3
1.0	2466.88745117	1.0	1.0	84.6943969727	1.0	1.0	2.83999991417	0.0	-0.995689690113	0.0703861415386	0.0603975132108	23.1459050087	0.0	-7.61811542511	54.0834503174	-62.1779518127	2.0	3.0	8.10000038147	24.0999994278	0.0	10.8000001907	0.0219691136683	1.0	3
1.0	2336.03540039	9.0	3.0	235.455001831	1.0	1.0	33.6200008392	2.94230016168	-0.0711837336421	0.95821082592	-0.277064710855	21.9077776955	11.3169661728	-4.55865478516	25.7115001678	-67.9750061035	0.860342679007	0.0	0.0	0.0	0.0	0.0	0.876926481464	1.0	3
1.0	2029.86035156	4.0	3.0	735.228820801	2.0	2.0	66.9600000381	0.0	0.995689690113	-0.0703861415386	-0.0603975132108	28.6261632758	6.28507058265	-5.49452495575	22.1658496857	-60.5232505798	0.0304601624789	5.0	8.43999958038	47.3600001335	0.0	14.0600004196	0.532237435065	1.0	3
1.0	5881.13525391	11.0	5.0	1023.29101562	3.0	3.0	147.659999847	0.0	0.0335591435432	0.986689031124	-0.1591180861	40.2225694011	1.79982447054	-3.19368505478	27.6175994873	-50.4021492004	0.346657441791	6.0	5.96000003815	64.6999998093	4.0	18.7999992371	0.999913048343	1.0	3
1.0	1139.73791504	4.0	1.0	1143.85498047	1.0	1.0	8.89999961853	0.0	0.0335591435432	0.986689031124	-0.1591180861	38.0776430191	1.79982447054	-3.19368505478	27.6175994873	-50.4021492004	0.346657441791	0.0	0.0	0.0	1.0	18.7999992371	0.230036978332	1.0	3
1.0	4479.82861328	10.0	3.0	1183.32299805	2.0	2.0	78.9199995995	0.0	0.0335591435432	0.986689031124	-0.1591180861	40.2225694011	1.79982447054	-3.19368505478	27.6175994873	-50.4021492004	0.346657441791	3.0	11.1599998474	45.1600008011	3.0	18.7999992371	0.999085251592	1.0	3
1.0	2853.12475586	7.0	4.0	715.883972168	2.0	2.0	47.5799999237	0.0	0.0335591435432	0.986689031124	-0.1591180861	40.2225694011	1.79982447054	-3.19368505478	27.6175994873	-50.4021492004	0.346657441791	2.0	5.96000003815	18.220000267	2.0	18.7999992371	0.994636256732	1.0	3
1.0	1350.32800293	2.0	1.0	1037.03796387	1.0	1.0	19.3400001526	3.25189168603	0.713637828827	0.688341736794	-0.130025699735	20.7036148725	2.16267775165	-17.1963005066	45.9911499023	-78.2220993042	0.217223866852	0.0	0.0	0.0	0.0	0.0	0.507875795081	1.0	3
1.0	3697.84179688	4.0	3.0	808.502990723	2.0	2.0	59.8599996567	0.0	-0.999265551567	0.0309857018292	0.0225430410355	12.6328906285	17.3731374953	-5.85474967957	59.5386505127	-59.9048500061	0.749339452051	2.0	5.96000003815	17.4200000763	1.0	11.5399999619	0.99419092737	1.0	3
1.0	1636.71984863	5.0	2.0	605.633972168	1.0	1.0	19.3599996567	0.0	0.0335591435432	0.986689031124	-0.1591180861	40.2225694011	1.79982447054	-3.19368505478	27.6175994873	-50.4021492004	0.346657441791	1.0	11.1599998474	12.9200000763	2.0	18.7999992371	0.947349408694	1.0	3
1.0	3101.51489258	6.0	2.0	605.633972168	1.0	1.0	29.8999996185	0.0	-0.999265551567	0.0309859998524	0.0225432571024	24.841548832	0.0	-5.40116500854	44.1219482422	-60.417049408	0.820262849845	1.0	11.5399999619	12.1199998856	2.0	18.7999992371	0.972818095128	1.0	3
1.0	3411.80004883	7.0	3.0	446.330993652	2.0	2.0	41.0999994278	0.0	-0.00760194566101	0.965314030647	-0.260980933905	20.5216025639	1.72826575225	-17.5640487671	29.0410499573	-78.7957992554	0.380173154148	4.0	9.30000019073	39.7599992752	0.0	14.0399999619	0.966105179728	1.0	3
1.0	5903.42285156	10.0	2.0	54.9630012512	1.0	1.0	27.9200000763	0.0	0.999440729618	0.0	-0.0334406457841	45.6866602263	1.01673868148	-4.28027534485	41.4902992249	-59.3629989624	0.656119255243	1.0	8.27999973297	8.89999961853	1.0	8.27999973297	0.999692575532	1.0	3
1.0	4475.19970703	11.0	7.0	1437.50268555	4.0	4.0	139.439999104	0.0	0.999440729618	0.0	-0.0334406457841	39.5709322103	1.72816956036	-3.56675505638	50.4714012146	-34.9946975708	0.918061058402	5.0	9.30000019073	63.5999994278	0.0	16.8199996948	0.97674924603	1.0	3
1.0	574.609008789	2.0	2.0	270.631988525	1.0	1.0	30.3600006104	0.0	-0.999440729618	0.0	0.0334403216839	15.6832065464	1.92671850734	-4.21790981293	46.8282012939	-57.2331008911	0.994387960205	2.0	9.30000019073	17.279999733	0.0	9.30000019073	0.276092532727	1.0	3
1.0	461.966003418	1.0	1.0	163.195999146	1.0	1.0	10.5	0.0	-0.0076329279691	0.965320110321	-0.260957539082	3.85343744272	1.39773814307	-4.72233486176	46.3647003174	-57.0907974243	0.66400567156	2.0	9.30000019073	19.8999996185	0.0	11.720000267	0.111593680593	1.0	3
