valid	volumeS1	connectedComponentsS1	connectedComponentsS1Rel	volumeS2	connectedComponentsS2	connectedComponentsS2Rel	corticalSize	distanceMin	direction_x	direction_y	direction_z	distanceToExtremity1	distanceToExtremity2	gravityCenter_x	gravityCenter_y	gravityCenter_z	corticalDotProduct	junctions	junctionDepthMin	junctionsSize	plisDePassage	plisDePassageDepthMax	Potential	Class	cycle
1.0	4813.97363281	1.0	1.0	1126.66101074	1.0	1.0	24.6000003815	3.12196889742	0.232253402472	-0.912576436996	-0.336545050144	1.83375846069	10.4318004201	-73.7073516846	34.2960014343	-52.2161026001	0.521249693414	0.0	0.0	0.0	0.0	0.0	-1.0	0.0	1
1.0	10552.3896484	5.0	5.0	8104.69824219	7.0	5.0	125.280000448	0.0	0.0584528110921	0.987324178219	-0.147561103106	47.8854019404	4.95373091318	-77.0301971436	33.482749939	-18.2447509766	0.284302472016	5.0	7.78000020981	65.1399993896	4.0	21.4799995422	0.997167441685	1.0	1
1.0	8725.58105469	5.0	4.0	4781.95019531	5.0	4.0	76.7799994946	0.0	0.0584608800709	0.98732405901	-0.147558391094	20.0122390646	37.8711873586	-76.1633987427	42.6703491211	-39.1115493774	0.623107694792	3.0	8.5	35.5	3.0	21.4799995422	0.996149926749	1.0	1
1.0	9683.27050781	5.0	4.0	5864.71240234	4.0	2.0	52.9600000381	0.0	0.0584563724697	0.987322926521	-0.147568017244	45.1838308474	2.00631207578	-74.4593963623	6.04696989059	-35.2936515808	0.916793749247	0.0	0.0	0.0	3.0	27.2600002289	0.990758263748	1.0	1
1.0	3585.97314453	5.0	4.0	5682.07714844	6.0	4.0	49.6000010967	0.0	0.997889816761	-0.0560519471765	-0.032773565501	5.41590149358	39.6598627204	-65.5127029419	55.4765510559	-53.4200515747	0.99665127465	2.0	7.78000020981	22.9399995804	1.0	8.19999980927	0.908488828662	1.0	1
1.0	8908.9609375	4.0	4.0	6154.79443359	8.0	6.0	119.500000715	0.0	-0.997889816761	0.0560519471765	0.032773565501	0.0	40.4427908287	-65.5127029419	55.4765510559	-53.4200515747	0.99665127465	5.0	7.78000020981	67.9599995613	3.0	29.0400009155	0.990415420677	1.0	1
1.0	999.696044922	2.0	1.0	5332.38183594	7.0	2.0	16.6999998093	0.0	0.997895658016	-0.0559471212327	-0.0327737592161	22.1561000771	32.2063090425	-71.4853973389	58.5804977417	-32.65284729	0.48844724809	1.0	14.8000001907	15.279999733	0.0	14.8000001907	0.941303586007	1.0	1
1.0	7531.16943359	3.0	1.0	1149.26599121	4.0	1.0	17.7600002289	2.74695106028	0.567854881287	0.810692429543	-0.142543315887	17.872439185	6.25089636827	-73.4326477051	53.1011505127	-36.2624015808	0.460398610303	0.0	0.0	0.0	0.0	0.0	0.96851546259	1.0	1
1.0	4931.68701172	2.0	1.0	1592.77893066	2.0	2.0	42.3600006104	2.74695106028	0.567854881287	0.810692429543	-0.142543315887	17.872439185	6.25089636827	-73.4326477051	53.1011505127	-36.2624015808	0.460398610303	0.0	0.0	0.0	0.0	0.0	0.236954437927	1.0	1
1.0	8565.89453125	4.0	3.0	6953.27441406	6.0	5.0	108.140001297	0.0	0.0584563724697	0.987322926521	-0.147568017244	38.2913783555	2.00631207578	-74.4593963623	6.04696989059	-35.2936515808	0.916793749247	2.0	8.5	38.720000267	3.0	29.0400009155	0.993720547792	1.0	1
1.0	4420.61523438	1.0	1.0	1691.25073242	1.0	1.0	12.2399997711	3.37435921131	0.402446597815	-0.619618535042	-0.673876583576	1.98587238783	10.1356196797	-61.0020980835	46.5415000916	-50.7421035767	0.604694499324	0.0	0.0	0.0	0.0	0.0	-1.0	0.0	1
1.0	5716.10791016	3.0	3.0	4933.32275391	8.0	2.0	15.3999996185	0.0	0.995591640472	-0.093631953001	0.00550808152184	2.86549490871	0.0	-69.8737030029	34.2997970581	-16.9365997314	0.787261283596	8.0	8.85999965668	68.8059993312	3.0	14.8999996185	0.995934328127	1.0	1
1.0	624.453735352	2.0	0.0	1717.17919922	2.0	0.0	0.0	10.0	0.0	0.0	0.0	0.0	0.0	0.0	0.0	0.0	2.0	0.0	0.0	0.0	0.0	0.0	0.000818057656424	1.0	1
1.0	9006.9765625	3.0	1.0	4701.21240234	4.0	1.0	17.3999996185	0.0	-0.104935109615	-0.992567420006	-0.0616318508983	0.0	24.1935136635	-60.4896011353	36.4542007446	-49.5269012451	0.86874453335	1.0	4.44000005722	4.13999986649	0.0	4.44000005722	0.999610254702	1.0	1
1.0	7488.171875	3.0	3.0	3236.60571289	4.0	4.0	70.7599995136	0.0	0.995591461658	-0.0936337485909	0.00550808059052	37.2798311882	21.2513172263	-70.0059967041	22.7112007141	-24.9388008118	0.30101241642	7.0	8.56000041962	75.6799988747	3.0	11.6599998474	0.999712183711	1.0	1
1.0	5766.75195312	2.0	1.0	3661.41186523	3.0	2.0	49.7200000286	0.0	0.105048105121	0.992555141449	0.0616372898221	29.5689388891	13.0444367554	-71.0286560059	38.1493530273	-22.1863994598	0.879863756281	2.0	9.56000041962	27.2199993134	2.0	18.0	0.996791825534	1.0	1
1.0	5759.44628906	2.0	2.0	2859.74780273	3.0	3.0	12.9199998379	0.0	0.105048105121	0.992555141449	0.0616372898221	1.9857742265	4.07797575495	-71.3765563965	35.0245513916	-18.7332000732	0.397202563348	10.0	9.56000041962	90.9011989161	5.0	18.0	0.986743551064	1.0	1
1.0	8515.78027344	2.0	2.0	3029.48193359	6.0	5.0	90.8799989223	0.0	-0.995595395565	0.0935863479972	-0.00560228899121	53.6579420943	3.90149390978	-68.8768005371	3.52215480804	-22.4472503662	0.899730609178	9.0	8.56000041962	94.945998244	5.0	18.6800003052	0.999992230876	1.0	1
1.0	6521.0859375	2.0	2.0	3432.74804688	2.0	2.0	72.3599994183	0.0	0.104938901961	0.992566943169	0.0616337396204	36.1035398589	6.54224614837	-71.4983978271	33.9549026489	-16.9758987427	0.556292126075	9.0	9.56000041962	92.445998244	4.0	18.6800003052	0.999897065172	1.0	1
1.0	3195.5637207	3.0	1.0	449.802124023	2.0	1.0	22.6399993896	0.0	0.105048105121	0.992555141449	0.0616372898221	1.9857742265	8.51926638682	-71.3765563965	35.0245513916	-18.7332000732	0.397202563348	2.0	9.56000041962	29.3599996567	2.0	18.6800003052	0.967398084347	1.0	1
1.0	4821.01513672	1.0	0.0	2234.56445312	1.0	0.0	0.0	10.0	0.0	0.0	0.0	0.0	0.0	0.0	0.0	0.0	2.0	0.0	0.0	0.0	0.0	0.0	0.000818057656424	0.0	1
1.0	9422.828125	2.0	1.0	4412.43359375	8.0	2.0	39.6599998474	0.0	0.0334168747067	0.98468875885	-0.17108874023	27.319377179	45.1998598564	-72.9555511475	37.8787002563	-25.2838497162	0.0547638181462	1.0	1.12000000477	2.20000004768	1.0	1.12000000477	0.995880474679	1.0	1
1.0	4843.53320312	2.0	1.0	728.591491699	3.0	1.0	1.10000002384	0.0	-0.0334212779999	-0.98470646143	0.170986071229	38.8144016575	7.7836630908	-70.2771453857	21.5404510498	-35.1734008789	0.438590226472	1.0	14.0399999619	11.3400001526	0.0	14.0399999619	0.195215865574	1.0	1
1.0	10541.3886719	7.0	1.0	3134.19433594	6.0	1.0	1.10000002384	0.0	-0.0334212779999	-0.98470646143	0.170986071229	38.8144016575	7.7836630908	-70.2771453857	21.5404510498	-35.1734008789	0.438590226472	2.0	14.0399999619	22.6800003052	0.0	14.0399999619	0.997691574636	1.0	1
1.0	8747.19726562	3.0	3.0	7115.18457031	4.0	2.0	50.339999795	0.0	0.0334228165448	0.984705328941	-0.170992210507	41.4906206396	2.10714322117	-68.7454528809	0.0160830020905	-29.6614990234	0.76689712734	5.0	7.98000001907	53.8999996185	2.0	15.1599998474	0.991839890103	1.0	1
1.0	9948.625	3.0	3.0	6207.3515625	5.0	4.0	95.8639993668	0.0	-0.999347567558	0.0346042104065	0.0103445192799	43.5555315276	2.09467190652	-73.9639511108	23.0277004242	-17.2645988464	0.0981885859016	6.0	1.12000000477	66.479998827	3.0	10.2600002289	0.999140562966	1.0	1
1.0	8560.62011719	2.0	2.0	5757.95898438	5.0	3.0	55.2999992371	0.0	-0.999347567558	0.0346042104065	0.0103445192799	43.5555315276	2.09467190652	-73.9639511108	23.0277004242	-17.2645988464	0.0981885859016	4.0	1.12000000477	37.5599997044	2.0	7.98000001907	0.991622783745	1.0	1
1.0	9577.02832031	4.0	0.0	2048.57958984	3.0	0.0	0.0	10.0	0.0	0.0	0.0	0.0	0.0	0.0	0.0	0.0	2.0	0.0	0.0	0.0	0.0	0.0	0.000818057656424	1.0	1
1.0	3818.04541016	3.0	0.0	3428.39355469	5.0	0.0	0.0	10.0	0.0	0.0	0.0	0.0	0.0	0.0	0.0	0.0	2.0	0.0	0.0	0.0	0.0	0.0	0.000818057656424	1.0	1
1.0	10663.9902344	3.0	3.0	7943.5078125	6.0	5.0	104.739999294	0.0	0.0334228165448	0.984705328941	-0.170992210507	41.4906206396	2.10714322117	-68.7454528809	0.0160830020905	-29.6614990234	0.76689712734	5.0	1.12000000477	43.0199987888	4.0	15.1599998474	0.999980958169	1.0	1
1.0	3908.37207031	1.0	1.0	1293.02600098	1.0	1.0	6.38000011444	3.81836349604	0.0876826867461	-0.694072246552	-0.714545667171	15.6134106762	0.0	-69.9398956299	26.8799495697	-33.7118988037	0.790220451402	0.0	0.0	0.0	0.0	0.0	-1.0	0.0	1
1.0	9540.359375	7.0	1.0	7181.18505859	8.0	6.0	102.157200217	0.0	-0.998024463654	0.0332203768194	-0.0533257313073	45.6606583602	3.35254351084	-69.7314987183	4.63835000992	-12.6221504211	0.0631959871342	5.0	11.5799999237	35.9588007927	1.0	33.8199996948	0.982414579988	1.0	1
1.0	7109.265625	7.0	1.0	2449.45117188	3.0	2.0	6.38000011444	3.81836349604	0.0876826867461	-0.694072246552	-0.714545667171	15.6134106762	0.0	-69.9398956299	26.8799495697	-33.7118988037	0.790220451402	2.0	33.8199996948	14.6119999886	1.0	33.8199996948	0.868981907217	1.0	1
1.0	10533.6845703	8.0	2.0	8970.51660156	9.0	6.0	137.499999523	0.0	-0.998024463654	0.0332203768194	-0.0533257313073	45.6606583602	3.35254351084	-69.7314987183	4.63835000992	-12.6221504211	0.0631959871342	11.0	3.20000004768	97.100399971	2.0	33.8199996948	0.99800289362	1.0	1
1.0	6632.43261719	2.0	1.0	2404.14892578	1.0	1.0	36.3372000456	0.0	-0.046193856746	-0.993739664555	0.101723216474	28.5908410722	16.0849885526	-60.2593994141	29.9368495941	-53.7437515259	0.546399776051	2.0	21.1000003815	39.4200000763	0.0	21.1000003815	0.84822868312	1.0	1
1.0	7313.22900391	4.0	1.0	5488.421875	5.0	3.0	78.9599990845	0.0	0.0461943149567	0.993749499321	-0.101626738906	4.1587452352	47.0045163067	-61.9232025146	44.2905502319	-53.8856010437	0.610008451407	1.0	3.20000004768	3.90000009537	0.0	3.20000004768	0.993575089287	1.0	1
1.0	317.838012695	1.0	1.0	1140.5020752	2.0	1.0	11.4799995422	2.7100553369	0.645495474339	-0.224905282259	-0.729899466038	7.38604810701	36.9737663144	-57.4393005371	35.4379997253	-59.9484481812	0.258228009003	0.0	0.0	0.0	0.0	0.0	0.803149508697	1.0	1
1.0	6995.39111328	4.0	1.0	5806.25976562	5.0	2.0	51.0799994469	0.0	0.998022973537	-0.0332707054913	0.0533217974007	3.53851494362	48.5305510578	-63.0950508118	29.524848938	-53.8422470093	0.42441534075	1.0	21.1000003815	20.3999996185	0.0	21.1000003815	0.984968423765	1.0	1
1.0	761.411987305	2.0	1.0	5148.28125	2.0	2.0	25.3772000074	0.0	-0.046193856746	-0.993739664555	0.101723216474	0.0	36.4570141505	-60.2593994141	29.9368495941	-53.7437515259	0.546399776051	2.0	21.1000003815	39.4200000763	0.0	21.1000003815	0.851161110629	1.0	1
1.0	7559.8359375	2.0	1.0	6353.66894531	5.0	4.0	58.0	0.0	-0.998024463654	0.0332203768194	-0.0533257313073	45.6606583602	3.35254351084	-69.7314987183	4.63835000992	-12.6221504211	0.0631959871342	6.0	11.5799999237	29.2604002953	1.0	33.8199996948	0.990321777858	1.0	1
1.0	4408.12548828	1.0	1.0	1199.32995605	1.0	1.0	25.7399997711	0.0	-0.0060954624787	0.998385310173	-0.0564768612385	31.5040242784	1.88027871185	-73.6203994751	18.8117485046	-13.2813997269	0.764780897777	1.0	4.48000001907	4.88000011444	1.0	4.48000001907	-1.0	0.0	1
1.0	8811.66699219	8.0	4.0	7564.07275391	10.0	7.0	124.919999242	0.0	0.994935870171	0.0	-0.100511498749	2.51873539484	52.0972208045	-60.3633003235	41.8712997437	-52.2038497925	0.322162774343	5.0	4.48000001907	39.7000002861	3.0	15.9799995422	0.998343571862	1.0	1
1.0	3144.84790039	2.0	0.0	115.682998657	2.0	0.0	0.0	10.0	0.0	0.0	0.0	0.0	0.0	0.0	0.0	0.0	2.0	0.0	0.0	0.0	0.0	0.0	0.000818057656424	1.0	1
1.0	8364.03613281	4.0	2.0	3880.5625	7.0	2.0	56.8199996948	0.0	-0.0060954624787	0.998385310173	-0.0564768612385	51.4598349264	1.88027871185	-73.6203994751	18.8117485046	-13.2813997269	0.764780897777	3.0	4.48000001907	33.039999485	2.0	15.9799995422	0.970255114818	1.0	1
1.0	4398.578125	3.0	1.0	115.682998657	2.0	2.0	14.4399995804	0.0	-0.00609549600631	0.9983907938	-0.0563795827329	30.602266747	2.46239141803	-73.3218002319	23.0206489563	-10.5297498703	0.420963859371	2.0	10.5399999619	19.2800006866	0.0	25.1599998474	0.663927733631	1.0	1
1.0	10186.984375	3.0	3.0	1885.33886719	4.0	4.0	100.259998918	0.0	0.994935870171	0.0	-0.100511498749	2.51873539484	11.9803738805	-60.3633003235	41.8712997437	-52.2038497925	0.322162774343	1.0	7.94000005722	9.15999984741	1.0	7.94000005722	0.999762362777	1.0	1
1.0	5196.68164062	2.0	1.0	128.101196289	2.0	1.0	14.4399995804	0.0	-0.00609549600631	0.9983907938	-0.0563795827329	30.602266747	5.01581048045	-73.3218002319	23.0206489563	-10.5297498703	0.420963859371	1.0	10.5399999619	9.52000045776	0.0	10.5399999619	0.679599500516	1.0	1
1.0	9308.89453125	6.0	2.0	860.468322754	5.0	3.0	25.4599995613	0.0	0.99493509531	0.0	-0.100519500673	51.2315033277	10.4676373264	-72.1181488037	20.2586994171	-15.0268497467	0.243198655944	1.0	9.02000045776	7.51999998093	1.0	15.9799995422	0.999925049881	1.0	1
1.0	4375.37548828	2.0	2.0	3104.82519531	3.0	2.0	49.0199987888	0.0	-0.0060954624787	0.998385310173	-0.0564768612385	47.2409058365	1.88027871185	-73.6203994751	18.8117485046	-13.2813997269	0.764780897777	3.0	4.48000001907	27.779999733	2.0	7.94000005722	0.495047695162	1.0	1
1.0	7770.21582031	6.0	2.0	977.037109375	4.0	3.0	34.039998889	0.0	0.99493509531	0.0	-0.100519500673	51.2315033277	3.16308525031	-72.1181488037	20.2586994171	-15.0268497467	0.243198655944	1.0	7.94000005722	9.15999984741	2.0	15.9799995422	0.996401043259	1.0	1
1.0	4155.44677734	1.0	1.0	708.440979004	1.0	1.0	18.7800006866	2.691700248	0.346187233925	-0.467150688171	-0.813587486744	1.20239334411	6.69579780256	-72.5186004639	30.4874992371	-44.8474998474	0.824977574902	0.0	0.0	0.0	0.0	0.0	-1.0	0.0	1
1.0	11383.6503906	5.0	3.0	4535.65234375	4.0	3.0	70.7200016975	0.0	0.0429944433272	0.985947847366	-0.161425858736	47.6094953381	19.2850537385	-67.4875488281	6.97108507156	-33.7228507996	0.659418941846	2.0	2.98000001907	12.5199997425	1.0	2.98000001907	0.999995772583	1.0	1
1.0	11394.5185547	6.0	3.0	5821.29101562	5.0	3.0	78.6236019433	0.0	0.0429117381573	0.985951602459	-0.161425039172	45.48074496	18.5683118449	-68.6835021973	6.64771986008	-36.2947502136	0.332543921088	3.0	2.98000001907	25.5400002003	1.0	2.98000001907	0.99999813041	1.0	1
1.0	7055.55859375	4.0	1.0	2155.00146484	5.0	1.0	7.63999986649	0.0	0.689930737019	-0.711906015873	0.131093099713	1.74193523285	34.2780431729	-59.7102508545	47.0462493896	-57.0674514771	0.851780746943	1.0	1.20000004768	0.0	1.0	1.20000004768	0.99348961763	1.0	1
1.0	4276.78564453	2.0	1.0	708.440979004	1.0	1.0	18.7800006866	2.691700248	0.346187233925	-0.467150688171	-0.813587486744	20.6262944424	6.69579780256	-72.5186004639	30.4874992371	-44.8474998474	0.824977574902	0.0	0.0	0.0	0.0	0.0	0.0918548444925	1.0	1
1.0	9189.34472656	5.0	2.0	2031.20288086	2.0	2.0	59.1799998283	0.0	-0.0429188087583	-0.985950827599	0.161427766085	25.4313224329	3.08009419444	-73.0316009521	27.2741508484	-29.373550415	0.0941472176939	1.0	10.9200000763	9.77999973297	1.0	10.9200000763	0.98679458168	1.0	1
1.0	4225.15087891	2.0	1.0	708.440979004	1.0	1.0	18.7800006866	2.691700248	0.346187233925	-0.467150688171	-0.813587486744	28.324295471	6.69579780256	-72.5186004639	30.4874992371	-44.8474998474	0.824977574902	0.0	0.0	0.0	0.0	0.0	0.251116409529	1.0	1
1.0	6589.70849609	4.0	2.0	1692.09204102	4.0	4.0	80.5599999428	0.0	-0.0429188087583	-0.985950827599	0.161427766085	36.3223958338	3.08009419444	-73.0316009521	27.2741508484	-29.373550415	0.0941472176939	4.0	2.98000001907	41.7199995518	3.0	32.1599998474	0.965409193227	1.0	1
1.0	5608.3828125	2.0	1.0	114.23400116	1.0	1.0	13.8199996948	0.0	0.0429944135249	0.98594981432	-0.161413833499	12.2859134115	2.14473255614	-63.259552002	37.8605995178	-54.3269500732	0.128530100192	1.0	9.81999969482	9.52000045776	0.0	9.81999969482	0.441208346631	1.0	1
1.0	10158.2792969	5.0	3.0	3961.39990234	4.0	4.0	104.820001841	0.0	-0.998985528946	0.0365952737629	-0.0262423660606	47.6215636005	0.0	-68.0840988159	7.58663988113	-33.8362503052	0.468391540151	4.0	1.20000004768	40.7600002289	2.0	34.7200012207	0.999957155268	1.0	1
1.0	3303.62524414	1.0	0.0	1278.19995117	1.0	0.0	0.0	10.0	0.0	0.0	0.0	0.0	0.0	0.0	0.0	0.0	2.0	0.0	0.0	0.0	0.0	0.0	0.000818057656424	0.0	1
1.0	9500.47558594	6.0	4.0	9980.66796875	5.0	4.0	86.9400005341	0.0	-0.00372824305668	-0.980662465096	0.195671260357	2.45763415771	51.8234321971	-65.4712524414	47.9089508057	-48.0586013794	0.831394671678	11.0	5.21999979019	105.100000739	0.0	31.4200000763	0.990572437359	1.0	1
1.0	3562.21044922	2.0	2.0	2385.68457031	2.0	1.0	26.7199997902	0.0	-0.00372826005332	-0.980663061142	0.195668309927	7.12441459994	15.5810311422	-70.1167449951	35.4095497131	-32.8376998901	0.810462588499	6.0	5.21999979019	61.1000003815	1.0	9.03999996185	0.341647936094	1.0	1
1.0	15760.6054688	5.0	2.0	6760.73779297	7.0	5.0	66.8599998951	0.0	-0.00372824585065	-0.980663180351	0.195667564869	19.0646935239	58.635576358	-68.1335449219	49.1895523071	-22.7381000519	0.394949840539	9.0	5.21999979019	81.8600012064	1.0	10.1199998856	0.968642619354	1.0	1
1.0	9240.66503906	4.0	3.0	7974.20458984	4.0	3.0	45.2800006866	0.0	0.999826014042	0.0	0.0186530519277	12.8078678627	34.8215972545	-64.9543991089	46.6399002075	-46.6308517456	0.103928494295	3.0	10.8000001907	48.0799999237	0.0	39.0999984741	0.868550599087	1.0	1
1.0	12437.2910156	4.0	4.0	6476.80224609	4.0	3.0	175.699999809	0.0	0.999825656414	0.0	0.0186732020229	49.5125235446	1.49147924587	-72.2965011597	20.6305007935	-4.30288982391	0.215087341438	13.0	5.21999979019	116.180000544	1.0	9.03999996185	0.978777171082	1.0	1
1.0	9871.35742188	2.0	1.0	2367.59130859	5.0	2.0	28.3399996758	0.0	-0.999824225903	0.0	-0.0187475364655	36.2038123837	0.0	-70.9017028809	24.9615001678	-20.2838001251	0.0614734365675	5.0	5.21999979019	55.4200005531	1.0	9.03999996185	0.788657981006	1.0	1
1.0	13026.1445312	2.0	1.0	5601.47460938	3.0	2.0	46.8600001335	0.0	-0.00382817536592	-0.980662465096	0.195669338107	28.1853276412	16.9790578781	-70.1427993774	28.5963497162	-31.4784011841	0.27641920215	5.0	13.9600000381	41.0400000811	0.0	19.0799999237	0.988269342964	1.0	1
1.0	5226.16796875	2.0	1.0	5072.66308594	2.0	1.0	22.5799999237	2.682099883	0.32051551342	-0.159250348806	-0.933760762215	34.5869871273	0.0	-70.2943496704	12.3271007538	-23.5748996735	0.62186124158	0.0	0.0	0.0	0.0	0.0	0.257726901777	1.0	1
1.0	11291.375	3.0	3.0	4566.3359375	7.0	5.0	105.279999018	0.0	0.999824225903	0.0	0.0187475364655	36.3509322327	10.4389604805	-70.9017028809	24.9615001678	-20.2838001251	0.0614734365675	20.0	5.21999979019	181.731999159	2.0	11.1199998856	0.978404890194	1.0	1
1.0	5528.82470703	1.0	1.0	734.843994141	1.0	1.0	16.6800003052	3.0768831333	-0.0058305230923	-0.998575031757	0.0530464798212	19.9113660838	0.0	-72.2492980957	32.3259506226	-34.2097015381	0.991322964935	0.0	0.0	0.0	0.0	0.0	-1.0	0.0	1
1.0	10821.6738281	8.0	3.0	7116.88525391	5.0	5.0	79.5200002193	0.0	-0.0265206452459	-0.97008317709	0.241319909692	53.5068564444	3.50166695291	-71.2971954346	9.21944046021	-12.3613500595	0.3073309307	8.0	8.64000034332	75.3999996185	3.0	15.3599996567	0.998105381628	1.0	1
1.0	2016.53491211	3.0	1.0	323.964996338	1.0	1.0	8.64000034332	3.33757389858	0.327021926641	-0.914957642555	-0.236451163888	9.05065809837	1.52135013793	-69.1307983398	33.779499054	-47.3283500671	0.921228629324	0.0	0.0	0.0	0.0	0.0	0.0854843568586	1.0	1
1.0	3709.67358398	5.0	2.0	6825.23291016	5.0	2.0	13.5999999046	2.87350308798	-0.0701818242669	-0.766310155392	0.638626039028	38.0812452777	0.0	-74.0844497681	24.1642494202	-27.6819992065	0.821400641961	0.0	0.0	0.0	0.0	0.0	0.988522811163	1.0	1
1.0	4673.82714844	4.0	0.0	852.968383789	4.0	0.0	0.0	10.0	0.0	0.0	0.0	0.0	0.0	0.0	0.0	0.0	2.0	0.0	0.0	0.0	0.0	0.0	0.000818057656424	1.0	1
1.0	9702.5234375	4.0	2.0	5211.02099609	3.0	3.0	47.1999993324	0.0	-0.0265206452459	-0.97008317709	0.241319909692	42.5106017092	3.50166695291	-71.2971954346	9.21944046021	-12.3613500595	0.3073309307	2.0	8.64000034332	23.1999998093	2.0	13.1999998093	0.984690541946	1.0	1
1.0	1924.80322266	5.0	1.0	1402.96679688	2.0	1.0	5.48000001907	3.50870344576	0.869761347771	-0.119940504432	-0.478674739599	0.0	10.3325193981	-55.5805511475	51.8014984131	-58.7436981201	0.952564337407	0.0	0.0	0.0	0.0	0.0	0.909167963535	1.0	1
1.0	4114.45214844	2.0	2.0	2105.04418945	4.0	3.0	51.7320003808	0.0	-0.026521243155	-0.970105946064	0.241228193045	10.615086679	22.1455029013	-68.4546051025	27.1693992615	-48.3950996399	0.907549799948	5.0	13.1999998093	68.3824007511	6.0	28.2399997711	0.986030683497	1.0	1
1.0	6875.25976562	1.0	1.0	3154.97387695	2.0	1.0	16.6800003052	3.0768831333	-0.0058305230923	-0.998575031757	0.0530464798212	19.9113660838	14.7383879532	-72.2492980957	32.3259506226	-34.2097015381	0.991322964935	0.0	0.0	0.0	0.0	0.0	0.751148986789	1.0	1
1.0	11159.0605469	4.0	3.0	4801.37060547	3.0	3.0	56.0000002384	0.0	-0.0265279486775	-0.97008305788	0.241319656372	36.7820542721	3.9628443408	-72.9805984497	31.5992012024	-27.5555496216	0.0663311360974	2.0	12.8000001907	26.7199993134	1.0	13.1999998093	0.999995102471	1.0	1
1.0	4470.37939453	1.0	1.0	1547.8190918	1.0	1.0	17.5452003479	2.41496580933	-0.151319295168	-0.963265419006	-0.221860647202	15.5097354094	3.06392366682	-76.1448516846	29.0265007019	-25.5085506439	0.835309232693	0.0	0.0	0.0	0.0	0.0	-1.0	0.0	1
1.0	8815.74414062	6.0	3.0	2096.15527344	4.0	2.0	39.1851997375	2.41496580933	-0.151319295168	-0.963265419006	-0.221860647202	36.4617734895	36.0918101387	-76.1448516846	29.0265007019	-25.5085506439	0.835309232693	4.0	14.0200004578	20.8199994564	1.0	16.4200000763	0.974016615754	1.0	1
1.0	8799.33789062	6.0	3.0	4959.94726562	5.0	3.0	68.6284005642	0.0	0.982122719288	-0.129118621349	-0.136979356408	27.1219605558	39.4935335412	-73.6480560303	33.3087005615	-30.2496490479	0.701182915402	3.0	10.2399997711	32.5200002193	1.0	10.2399997711	0.99834356977	1.0	1
1.0	10870.4052734	5.0	2.0	7342.32763672	6.0	3.0	70.8252000809	0.0	-0.0849881470203	-0.953447639942	0.28933468461	49.9435480019	5.6733883923	-70.1999053955	2.93482494354	-32.8563499451	0.807622334897	6.0	10.2399997711	66.7399995327	1.0	14.720000267	0.999711423287	1.0	1
1.0	4423.42333984	1.0	0.0	91.6990966797	1.0	0.0	0.0	10.0	0.0	0.0	0.0	0.0	0.0	0.0	0.0	0.0	2.0	0.0	0.0	0.0	0.0	0.0	0.000818057656424	1.0	1
1.0	8132.20800781	4.0	3.0	3650.62744141	6.0	4.0	31.220000267	0.0	-0.084987424314	-0.953449606895	0.289328485727	48.0525261585	3.06283974292	-71.0135955811	5.01220035553	-33.3095474243	0.578261640585	7.0	9.64000034332	74.2599990368	3.0	14.720000267	0.997719784886	1.0	1
1.0	5568.39208984	2.0	2.0	358.107208252	1.0	1.0	19.403200388	0.0	-0.982109189034	0.129118740559	0.137076124549	52.7346831459	0.0	-74.3487548828	30.7215995789	-17.115398407	0.673750325417	5.0	10.2399997711	65.0599994659	2.0	14.720000267	0.739030618011	1.0	1
1.0	9523.55371094	2.0	2.0	5502.03417969	5.0	3.0	53.3052000999	0.0	0.0849857032299	0.953450381756	-0.289326369762	24.4054493896	17.2590965182	-73.2124938965	36.8768005371	-34.4197502136	0.958067875293	1.0	15.1999998093	5.03999996185	1.0	9.64000034332	0.999500656889	1.0	1
1.0	5062.87207031	2.0	2.0	1547.8190918	1.0	1.0	39.1851997375	2.41496580933	-0.151319295168	-0.963265419006	-0.221860647202	36.4617734895	3.06392366682	-76.1448516846	29.0265007019	-25.5085506439	0.835309232693	0.0	0.0	0.0	0.0	0.0	0.136256736347	1.0	1
1.0	10292.1455078	4.0	4.0	5801.98291016	5.0	4.0	89.7884008884	0.0	-0.982109189034	0.129118740559	0.137076124549	27.8385228767	0.0	-74.3487548828	30.7215995789	-17.115398407	0.673750325417	10.0	9.64000034332	111.519999266	4.0	16.4200000763	0.999988090867	1.0	1
1.0	3772.95092773	1.0	0.0	1834.39306641	1.0	0.0	0.0	10.0	0.0	0.0	0.0	0.0	0.0	0.0	0.0	0.0	2.0	0.0	0.0	0.0	0.0	0.0	0.000818057656424	0.0	1
1.0	9802.01757812	9.0	3.0	5678.23193359	5.0	3.0	133.83999896	0.0	0.0411587543786	0.994547128677	-0.0958228558302	31.1925051136	10.2437054919	-68.4144439697	41.4504470825	-29.8144493103	0.662071904253	5.0	4.78000020981	38.4200000763	3.0	24.0400009155	0.998502252757	1.0	1
1.0	4359.34375	2.0	1.0	1834.39306641	1.0	1.0	17.9000003338	2.62220324529	0.915685594082	0.353246450424	-0.19166855514	1.36267874849	0.0	-51.2272033691	50.568649292	-57.0396499634	0.397782791164	0.0	0.0	0.0	0.0	0.0	0.312644750508	1.0	1
1.0	8122.08789062	9.0	3.0	4435.17871094	9.0	6.0	91.4492006302	0.0	0.0412678718567	0.994553208351	-0.0957124903798	46.9083277304	9.02268346748	-70.9554977417	19.7390499115	-16.6513004303	0.334819204282	6.0	1.01999998093	66.9600000381	4.0	24.2999992371	0.980433642132	1.0	1
1.0	8663.34472656	3.0	3.0	4215.93798828	3.0	3.0	88.7939984202	0.0	0.0412678718567	0.994553208351	-0.0957124903798	52.8988221176	9.02268346748	-70.9554977417	19.7390499115	-16.6513004303	0.334819204282	6.0	1.01999998093	69.0800004005	2.0	18.7000007629	0.995999474595	1.0	1
1.0	6745.51660156	3.0	3.0	4279.62988281	4.0	3.0	79.5340003371	0.0	0.0412678718567	0.994553208351	-0.0957124903798	36.9182480111	9.02268346748	-70.9554977417	19.7390499115	-16.6513004303	0.334819204282	3.0	4.78000020981	37.9600000381	2.0	18.7000007629	0.964540518646	1.0	1
1.0	3857.22802734	2.0	1.0	2036.3527832	5.0	3.0	25.7740001678	0.0	0.0412678718567	0.994553208351	-0.0957124903798	27.9640718979	9.02268346748	-70.9554977417	19.7390499115	-16.6513004303	0.334819204282	3.0	1.01999998093	29.2400007248	3.0	24.0400009155	0.672520974505	1.0	1
1.0	7449.19335938	3.0	3.0	4023.125	2.0	2.0	63.395198524	0.0	-0.998190462589	0.0287193898112	-0.0528304427862	40.2825178774	2.62500589012	-71.4481048584	18.2805500031	-17.9268493652	0.308744200862	5.0	22.9799995422	75.7600002289	2.0	24.2999992371	0.980261173492	1.0	1
1.0	7218.8359375	3.0	3.0	5077.83984375	5.0	4.0	89.7540004253	0.0	0.0412678718567	0.994553208351	-0.0957124903798	40.4453077059	9.02268346748	-70.9554977417	19.7390499115	-16.6513004303	0.334819204282	5.0	1.01999998093	45.9000005722	4.0	24.0400009155	0.977088434559	1.0	1
1.0	7537.35205078	2.0	2.0	3628.96801758	2.0	2.0	65.2752005458	0.0	-0.998190462589	0.0287193898112	-0.0528304427862	52.535612117	2.62500589012	-71.4481048584	18.2805500031	-17.9268493652	0.308744200862	3.0	4.78000020981	38.8199996948	2.0	24.2999992371	0.994500174231	1.0	1
1.0	5481.59667969	1.0	1.0	549.88079834	1.0	1.0	0.980000019073	3.31440795076	0.113934487104	-0.654594242573	-0.747345507145	30.7697707121	0.0	-70.3535995483	27.3750495911	-29.7249984741	0.948800334397	0.0	0.0	0.0	0.0	0.0	-1.0	0.0	1
1.0	12980.4550781	8.0	4.0	8347.83984375	5.0	4.0	151.101999283	0.0	0.999503672123	0.0310920123011	0.00506544392556	2.2072623613	34.455305188	-58.2592010498	55.1662521362	-55.5205993652	0.592833097161	13.0	3.3599998951	113.866000786	7.0	17.1200008392	0.999999994674	1.0	1
1.0	7464.29980469	6.0	3.0	6781.67431641	4.0	3.0	62.7999994755	0.0	-0.0288091804832	0.963138222694	-0.267459928989	40.3079115808	5.97885856715	-69.8493041992	25.2929992676	-18.189250946	0.603183053317	6.0	3.3599998951	52.2931993008	4.0	24.3999996185	0.999031498597	1.0	1
1.0	2552.48632812	5.0	2.0	1043.81396484	4.0	3.0	45.8400006294	0.0	0.0289117712528	-0.963102042675	0.267578989267	32.9657716811	9.4812989362	-70.0199508667	30.9903488159	-19.7718009949	0.872526877968	3.0	15.720000267	39.5539999008	2.0	17.1200008392	0.992949939095	1.0	1
1.0	12049.2519531	4.0	3.0	3334.33276367	4.0	4.0	107.201999426	0.0	-0.999506771564	-0.0309935808182	-0.00506545975804	43.3397891666	1.73161049516	-68.5080032349	30.2080993652	-20.9944000244	0.0693687720608	14.0	3.3599998951	124.345999852	7.0	17.1200008392	0.999997854364	1.0	1
1.0	7394.38330078	7.0	6.0	5817.42675781	4.0	4.0	147.78000164	0.0	-0.0289086438715	0.963128745556	-0.26748329401	15.5948262964	28.2080610368	-59.2460479736	39.3418502808	-55.5255508423	0.756995619531	8.0	3.3599998951	62.6544002444	3.0	16.6000003815	0.999983600917	1.0	1
1.0	4869.28173828	4.0	1.0	2634.2487793	5.0	4.0	61.6399991512	0.0	-0.999503552914	-0.0310958735645	-0.0050654434599	24.7464585585	3.15564466813	-69.2453994751	24.3910503387	-35.4531021118	0.737052476081	6.0	5.07999992371	46.4000000954	2.0	17.1200008392	0.993490093367	1.0	1
1.0	4192.66601562	2.0	2.0	1707.90600586	1.0	1.0	34.4000000954	0.0	-0.0288091804832	0.963138222694	-0.267459928989	40.8720875247	5.97885856715	-69.8493041992	25.2929992676	-18.189250946	0.603183053317	4.0	6.48000001907	49.5391985178	2.0	31.1000003815	0.967086633279	1.0	1
1.0	10861.4804688	3.0	2.0	2728.7746582	3.0	3.0	63.9731996059	0.0	-0.999506771564	-0.0309935808182	-0.00506545975804	34.9628439069	1.73161049516	-68.5080032349	30.2080993652	-20.9944000244	0.0693687720608	6.0	3.94000005722	74.9399986267	2.0	16.1200008392	0.999433806851	1.0	1
1.0	6652.5546875	3.0	3.0	3938.36108398	4.0	4.0	91.2800002098	0.0	-0.0289117712528	0.963102042675	-0.267578989267	38.5830315996	27.3251466649	-70.0199508667	30.9903488159	-19.7718009949	0.872526877968	5.0	11.5600004196	65.3883981854	2.0	31.1000003815	0.999400528013	1.0	1
1.0	3677.83959961	1.0	0.0	1257.41003418	1.0	0.0	0.0	10.0	0.0	0.0	0.0	0.0	0.0	0.0	0.0	0.0	2.0	0.0	0.0	0.0	0.0	0.0	0.000818057656424	0.0	1
1.0	10584.4726562	7.0	4.0	6376.15917969	6.0	5.0	92.8215994835	0.0	0.997134029865	0.0	-0.0756550058722	1.83475209506	33.2768006443	-53.2868499756	52.0990982056	-52.2006988525	0.370187664446	7.0	2.75999999046	85.9200017452	4.0	21.3400001526	0.999762795984	1.0	1
1.0	4415.85546875	1.0	0.0	2582.93286133	4.0	0.0	0.0	10.0	0.0	0.0	0.0	0.0	0.0	0.0	0.0	0.0	2.0	0.0	0.0	0.0	0.0	0.0	0.000818057656424	1.0	1
1.0	6424.97021484	5.0	3.0	3675.02148438	6.0	1.0	27.5643992648	0.0	-0.997134685516	0.0	0.0756468474865	37.2562498029	30.6221289067	-68.903503418	17.8493003845	-37.1055984497	0.66456736785	2.0	8.65999984741	16.1599998474	0.0	8.65999984741	0.973520524838	1.0	1
1.0	1382.73083496	6.0	3.0	441.756011963	1.0	1.0	19.879999876	0.0	-0.997134625912	0.0	0.0756471604109	5.52892757291	2.90716230173	-54.1894989014	51.1925010681	-51.9335021973	0.637090903772	1.0	20.7800006866	19.2600002289	1.0	20.7800006866	0.209134703783	1.0	1
1.0	8420.10839844	3.0	3.0	5000.09765625	5.0	3.0	96.6047999859	0.0	-0.997142195702	0.0	0.0755478143692	0.0	34.6311735922	-50.6820526123	47.9207000732	-54.6835479736	0.0735067707802	5.0	2.75999999046	47.2800008655	4.0	20.7800006866	0.997605780751	1.0	1
1.0	6441.93896484	2.0	1.0	1343.65136719	3.0	2.0	20.8767998219	0.0	0.997134804726	0.0	-0.0756454095244	34.7135095383	1.78556177868	-74.1090011597	23.252199173	-17.0863990784	0.0384743345227	3.0	6.80000019073	21.3799996376	3.0	8.31999969482	0.888059634085	1.0	1
1.0	4530.28320312	5.0	3.0	1292.34936523	3.0	2.0	26.1199997663	2.82056728068	0.658645987511	0.500316798687	-0.56202185154	10.4763666592	28.9649381356	-68.7827529907	50.3069496155	-42.6295013428	0.427267773353	0.0	0.0	0.0	0.0	0.0	0.966648394647	1.0	1
1.0	4272.66992188	1.0	0.0	1257.41003418	1.0	0.0	0.0	10.0	0.0	0.0	0.0	0.0	0.0	0.0	0.0	0.0	2.0	0.0	0.0	0.0	0.0	0.0	0.000818057656424	1.0	1
1.0	7923.02197266	5.0	4.0	3565.43896484	3.0	3.0	65.8999991417	0.0	0.997134625912	0.0	-0.0756471604109	2.90716230173	37.928845848	-54.1894989014	51.1925010681	-51.9335021973	0.637090903772	4.0	5.90000009537	39.7200002074	3.0	20.7800006866	0.998489608292	1.0	1
1.0	4211.60302734	1.0	1.0	481.829986572	1.0	1.0	11.7399997711	3.22204909645	0.487131237984	-0.651316285133	-0.581799149513	8.64699652821	5.78285835814	-71.3482055664	23.9749507904	-47.1768989563	0.763155781617	0.0	0.0	0.0	0.0	0.0	-1.0	0.0	1
1.0	8161.90332031	8.0	2.0	4404.93896484	5.0	3.0	54.9000008106	0.0	0.994893431664	0.0	-0.100930772722	16.63969737	39.9506917222	-62.0437011719	58.0974998474	-42.4776992798	0.142419674706	2.0	9.15999984741	16.1000003815	1.0	18.1399993896	0.987809577094	1.0	1
1.0	7457.25097656	5.0	3.0	3600.51464844	5.0	3.0	62.4400000572	0.0	0.994901537895	0.0	-0.10085092485	36.4880317503	5.81483601487	-73.2042541504	16.9957008362	-16.4157505035	0.925862973589	1.0	19.2800006866	21.4200000763	3.0	24.4200000763	0.997685491776	1.0	1
1.0	8291.52246094	5.0	3.0	4527.95996094	8.0	4.0	83.7000007629	0.0	0.994901537895	0.0	-0.10085092485	54.6779329082	5.81483601487	-73.2042541504	16.9957008362	-16.4157505035	0.925862973589	4.0	8.73999977112	37.3399990797	2.0	24.4200000763	0.995825941582	1.0	1
1.0	2747.99291992	2.0	0.0	109.589996338	1.0	0.0	0.0	10.0	0.0	0.0	0.0	0.0	0.0	0.0	0.0	0.0	2.0	0.0	0.0	0.0	0.0	0.0	0.000818057656424	1.0	1
1.0	8861.734375	3.0	3.0	2053.12109375	3.0	3.0	42.5799994469	0.0	0.994901537895	0.0	-0.10085092485	51.0612749983	5.81483601487	-73.2042541504	16.9957008362	-16.4157505035	0.925862973589	1.0	18.7800006866	16.2999992371	3.0	24.4200000763	0.999674218332	1.0	1
1.0	7910.27392578	1.0	1.0	2058.38354492	3.0	2.0	64.0800018311	0.0	-0.00915775541216	0.994012892246	-0.108878366649	21.1410111593	6.50590073153	-72.9221954346	31.9869003296	-19.6686000824	0.049861313249	1.0	19.2800006866	21.4200000763	1.0	19.2800006866	0.994848236175	1.0	1
1.0	10014.8164062	3.0	3.0	2019.390625	2.0	2.0	42.5799994469	0.0	0.994901537895	0.0	-0.10085092485	36.4880317503	5.81483601487	-73.2042541504	16.9957008362	-16.4157505035	0.925862973589	0.0	0.0	0.0	2.0	24.4200000763	0.999548254132	1.0	1
1.0	7711.20703125	1.0	1.0	2128.98071289	3.0	3.0	22.6799993515	0.0	0.994901537895	0.0	-0.10085092485	30.1184524462	5.81483601487	-73.2042541504	16.9957008362	-16.4157505035	0.925862973589	1.0	18.7800006866	16.2999992371	2.0	24.4200000763	0.99806503431	1.0	1
1.0	5834.22949219	1.0	1.0	1407.1550293	3.0	3.0	86.7600011826	0.0	0.994901537895	0.0	-0.10085092485	30.1184524462	5.81483601487	-73.2042541504	16.9957008362	-16.4157505035	0.925862973589	1.0	19.2800006866	21.4200000763	2.0	24.4200000763	0.99190396228	1.0	1
1.0	5251.54052734	1.0	1.0	3005.45092773	1.0	1.0	36.9200000763	2.87229875462	0.149307698011	-0.914188027382	-0.376785665751	2.81517871818	17.8165442036	-65.9011001587	39.4883499146	-54.6159515381	0.600364347155	0.0	0.0	0.0	0.0	0.0	-1.0	0.0	1
1.0	1842.30895996	3.0	1.0	1242.73681641	2.0	1.0	10.9200000763	3.16374781421	0.0641205310822	0.99490737915	-0.0777679309249	14.6252775205	10.0195614705	-71.5820999146	36.1663513184	-40.6499023438	0.961088572149	0.0	0.0	0.0	0.0	0.0	0.999335621215	1.0	1
1.0	10559.3105469	4.0	1.0	4963.70117188	4.0	2.0	79.0799999237	0.0	0.0473604239523	-0.972102284431	0.22972612083	38.0150598836	3.78779438722	-69.93409729	11.17029953	-37.1871032715	0.857734013035	1.0	5.03999996185	4.65999984741	2.0	7.48000001907	0.999694460153	1.0	1
1.0	8206.86621094	4.0	3.0	4336.99609375	10.0	4.0	67.5120009184	0.0	0.998338937759	0.0336567647755	-0.0467612892389	2.3389963963	47.6914389707	-72.5433044434	41.5012512207	-32.977897644	0.555566123496	7.0	5.03999996185	84.6799983978	3.0	26.9200000763	0.996932239632	1.0	1
1.0	1224.92236328	3.0	1.0	995.578674316	1.0	1.0	0.0	10.0	0.0	0.0	0.0	0.0	0.0	0.0	0.0	0.0	2.0	1.0	24.8199996948	5.65999984741	0.0	24.8199996948	0.992099974857	1.0	1
1.0	8111.97802734	1.0	1.0	3501.17456055	6.0	5.0	93.0000009537	0.0	-0.99833470583	-0.0336548238993	0.0468527935445	40.1682549011	2.18213732333	-71.3923950195	24.5447502136	-20.8863487244	0.730184773624	6.0	5.03999996185	49.3000001907	3.0	31.2999992371	0.998522285308	1.0	1
1.0	8268.640625	3.0	3.0	5707.125	3.0	2.0	92.1200003624	0.0	-0.99833470583	-0.0336548238993	0.0468527935445	21.8053612265	2.18213732333	-71.3923950195	24.5447502136	-20.8863487244	0.730184773624	7.0	5.03999996185	61.720000267	3.0	11.8599996567	0.999280319456	1.0	1
1.0	900.465942383	2.0	1.0	562.189697266	3.0	1.0	4.82000017166	0.0	0.998334765434	0.0336548238993	-0.0468509979546	2.12153254338	6.39641498789	-68.4138946533	27.7337493896	-49.2887496948	0.756378146686	2.0	11.8599996567	25.1199998856	0.0	21.0799999237	0.987968305992	1.0	1
1.0	7384.25830078	3.0	2.0	3695.4230957	1.0	1.0	36.9200000763	2.22379856891	0.378860890865	0.488581240177	-0.78597253561	44.6565393443	13.9135715786	-68.5915985107	20.4800987244	-47.5535507202	0.323487602949	0.0	0.0	0.0	0.0	0.0	0.966338652523	1.0	1
1.0	5403.01806641	3.0	1.0	4310.02392578	3.0	3.0	27.2200000286	0.0	0.0472520031035	-0.972084879875	0.229822158813	1.0607601126	29.1049459192	-67.1402435303	31.5792007446	-53.4929504395	0.737998996762	3.0	11.8599996567	47.6200008392	4.0	21.1599998474	0.999960018315	1.0	1
1.0	649.655761719	4.0	0.0	679.526977539	1.0	0.0	0.0	10.0	0.0	0.0	0.0	0.0	0.0	0.0	0.0	0.0	2.0	0.0	0.0	0.0	0.0	0.0	0.000818057656424	0.0	1
1.0	1406.81274414	8.0	0.0	196.467300415	3.0	0.0	0.0	10.0	0.0	0.0	0.0	0.0	0.0	0.0	0.0	0.0	2.0	0.0	0.0	0.0	0.0	0.0	0.000818057656424	1.0	1
1.0	4154.47412109	9.0	2.0	2905.58105469	4.0	1.0	29.7999997139	0.0	0.106016278267	-0.937841951847	0.330473870039	24.3899676724	13.574959615	-70.6089477539	43.4780006409	-28.489200592	0.771253142311	1.0	9.06000041962	10.3599996567	0.0	9.06000041962	0.534230171047	1.0	1
1.0	10976.7949219	5.0	3.0	7281.38964844	7.0	5.0	55.2400016785	0.0	-0.993543028831	-0.113422557712	-0.00275462772697	41.1251730101	18.2257180839	-70.3914031982	26.7706489563	-34.3440475464	0.613197950714	5.0	9.06000041962	55.8800001144	1.0	11.5799999237	0.977637292345	1.0	1
1.0	5512.2109375	1.0	1.0	62.3870010376	1.0	1.0	0.0	10.0	0.0	0.0	0.0	0.0	0.0	0.0	0.0	0.0	2.0	2.0	20.1599998474	16.9400000572	0.0	26.3600006104	0.363982536155	1.0	1
1.0	4398.17626953	1.0	1.0	877.541015625	1.0	1.0	13.6000003815	3.80441853475	0.256826013327	-0.815036356449	-0.519380569458	1.02809285423	9.95815269186	-68.6175994873	37.4642486572	-44.9042510986	0.914007360055	0.0	0.0	0.0	0.0	0.0	-1.0	0.0	1
1.0	8986.95410156	6.0	3.0	6837.68164062	7.0	5.0	97.2799992561	0.0	0.0588478669524	0.984737038612	-0.163798183203	3.08430865101	39.0384912386	-57.6803512573	33.5691986084	-55.9782028198	0.10310590349	7.0	3.6400001049	86.9799995422	3.0	12.5600004196	0.972198548879	1.0	1
1.0	7986.87744141	5.0	1.0	2843.78344727	4.0	2.0	33.5799999237	3.41237460734	0.421254783869	0.483516693115	-0.767304360867	0.0	15.5528701844	-67.963104248	47.1900024414	-45.7813491821	0.142403449248	0.0	0.0	0.0	0.0	0.0	0.780034575902	1.0	1
1.0	7710.59033203	7.0	2.0	7384.05566406	9.0	4.0	49.5999994278	0.0	0.992685317993	-0.0704838335514	-0.0980198904872	29.7880788323	37.4832275581	-57.9968490601	37.150100708	-56.515750885	0.232549063435	4.0	3.6400001049	45.7400007248	3.0	12.9200000763	0.984902659451	1.0	1
1.0	5814.66845703	2.0	2.0	2088.47460938	3.0	2.0	25.7600007057	0.0	-0.058747317642	-0.984727203846	0.16389362514	29.7880788323	18.9768347128	-58.5551986694	36.6814002991	-56.3793487549	0.965148806109	4.0	3.6400001049	40.8400011063	1.0	12.6999998093	0.532866963704	1.0	1
1.0	7104.73779297	5.0	4.0	3785.52612305	3.0	3.0	101.919999123	0.0	-0.992686808109	0.0704647004604	0.0980186015368	42.4654154826	1.47159303086	-67.6620483398	3.17883014679	-30.5352516174	0.887084285099	6.0	10.7600002289	84.0599994659	5.0	12.9200000763	0.974308056559	1.0	1
1.0	6211.56152344	1.0	1.0	2952.4519043	3.0	1.0	10.7600002289	0.0	-0.992685556412	0.0704835951328	0.0980177670717	0.0	3.75879116601	-71.5069503784	33.0568008423	-27.3930511475	0.900603042235	2.0	20.0200004578	38.6800003052	0.0	21.5	0.267545911115	1.0	1
1.0	9560.9140625	5.0	3.0	5007.60449219	4.0	4.0	83.9399991035	0.0	-0.992685258389	0.0704840868711	0.0980202406645	38.0907149111	33.1491239261	-70.9196472168	19.6767997742	-32.8138504028	0.924951206046	7.0	3.6400001049	52.4400005341	4.0	13.9799995422	0.98667388414	1.0	1
1.0	1804.51000977	3.0	0.0	865.781616211	2.0	0.0	0.0	10.0	0.0	0.0	0.0	0.0	0.0	0.0	0.0	0.0	2.0	0.0	0.0	0.0	0.0	0.0	0.000818057656424	1.0	1
1.0	9547.48925781	5.0	3.0	5487.39550781	4.0	4.0	76.8199987411	0.0	-0.992685258389	0.0704840868711	0.0980202406645	38.0907149111	33.1491239261	-70.9196472168	19.6767997742	-32.8138504028	0.924951206046	4.0	12.5	59.6800003052	4.0	13.9799995422	0.976789556136	1.0	1
1.0	4813.97363281	1.0	1.0	1126.66101074	1.0	1.0	24.6000003815	3.12196889742	0.232253402472	-0.912576436996	-0.336545050144	1.83375846069	10.4318004201	-73.7073516846	34.2960014343	-52.2161026001	0.521249693414	0.0	0.0	0.0	0.0	0.0	-1.0	0.0	2
1.0	8659.5625	4.0	3.0	6329.47607422	7.0	6.0	90.7000017166	0.0	-0.997889816761	0.0560519471765	0.032773565501	0.0	40.4427908287	-65.5127029419	55.4765510559	-53.4200515747	0.99665127465	4.0	7.78000020981	55.6199994087	3.0	29.0400009155	0.993439549696	1.0	2
1.0	7489.80224609	2.0	1.0	5982.48486328	5.0	3.0	65.4400014877	2.38259316357	-0.0675912797451	-0.99101048708	-0.115453988314	23.5468746437	6.29540139084	-78.2773513794	34.5378494263	-28.0886993408	0.673182114506	0.0	0.0	0.0	0.0	0.0	0.973711159483	1.0	2
1.0	7764.09326172	6.0	5.0	6692.72998047	6.0	5.0	152.760002136	0.0	0.0584563724697	0.987322926521	-0.147568017244	45.1838308474	2.00631207578	-74.4593963623	6.04696989059	-35.2936515808	0.916793749247	3.0	7.78000020981	52.0999994278	3.0	29.0400009155	0.981291822542	1.0	2
1.0	7069.15136719	3.0	3.0	5201.73339844	6.0	5.0	99.42000103	0.0	0.0584563724697	0.987322926521	-0.147568017244	45.1838308474	2.00631207578	-74.4593963623	6.04696989059	-35.2936515808	0.916793749247	3.0	13.8199996948	55.0999994278	4.0	29.0400009155	0.981291801045	1.0	2
1.0	9407.6015625	5.0	4.0	6172.38183594	4.0	3.0	91.3200006485	0.0	0.0584563724697	0.987322926521	-0.147568017244	45.1838308474	2.00631207578	-74.4593963623	6.04696989059	-35.2936515808	0.916793749247	1.0	29.0400009155	29.1599998474	2.0	29.0400009155	0.996930310742	1.0	2
1.0	4706.74755859	2.0	1.0	4799.78076172	5.0	4.0	56.6800012589	0.0	0.0584608800709	0.98732405901	-0.147558391094	12.0083713863	16.3607733142	-76.1633987427	42.6703491211	-39.1115493774	0.623107694792	3.0	8.5	28.3600001335	2.0	21.4799995422	0.555167384844	1.0	2
1.0	8650.69824219	5.0	5.0	6847.43896484	7.0	6.0	136.38000083	0.0	-0.997895658016	0.0559471212327	0.0327737592161	1.99393544671	51.8864536572	-71.4853973389	58.5804977417	-32.65284729	0.48844724809	4.0	13.8199996948	66.0199990273	4.0	29.0400009155	0.998351067159	1.0	2
1.0	6170.06201172	2.0	2.0	5882.94873047	3.0	2.0	56.1600008011	0.0	-0.997895658016	0.0559471212327	0.0327737592161	1.99393544671	51.3792138755	-71.4853973389	58.5804977417	-32.65284729	0.48844724809	1.0	14.8000001907	15.279999733	0.0	14.8000001907	0.756567394866	1.0	2
1.0	8531.25585938	4.0	2.0	4647.99316406	3.0	3.0	40.5800008774	0.0	0.0584563724697	0.987322926521	-0.147568017244	45.1838308474	2.00631207578	-74.4593963623	6.04696989059	-35.2936515808	0.916793749247	0.0	0.0	0.0	1.0	9.56000041962	0.977250445434	1.0	2
1.0	4420.61523438	1.0	1.0	1691.25073242	1.0	1.0	12.2399997711	3.37435921131	0.402446597815	-0.619618535042	-0.673876583576	1.98587238783	10.1356196797	-61.0020980835	46.5415000916	-50.7421035767	0.604694499324	0.0	0.0	0.0	0.0	0.0	-1.0	0.0	2
1.0	6366.81640625	2.0	2.0	4300.40966797	5.0	3.0	55.779999733	0.0	0.104938901961	0.992566943169	0.0616337396204	3.46811812292	6.54224614837	-71.4983978271	33.9549026489	-16.9758987427	0.556292126075	5.0	8.56000041962	56.5751991272	5.0	18.6800003052	0.999994412293	1.0	2
1.0	7463.07080078	2.0	2.0	4494.24658203	5.0	4.0	84.0399990082	0.0	0.105048105121	0.992555141449	0.0616372898221	1.9857742265	33.3191823845	-71.3765563965	35.0245513916	-18.7332000732	0.397202563348	10.0	8.56000041962	105.035198689	6.0	18.6800003052	0.999997184834	1.0	2
1.0	6936.0625	3.0	3.0	4450.24072266	4.0	3.0	63.6199989319	0.0	-0.104935109615	-0.992567420006	-0.0616318508983	0.0	40.4160241403	-60.4896011353	36.4542007446	-49.5269012451	0.86874453335	11.0	4.44000005722	107.735198975	5.0	18.6800003052	0.999986304747	1.0	2
1.0	4547.54296875	1.0	1.0	360.229003906	2.0	1.0	17.2399995327	0.0	-0.995591640472	0.093631953001	-0.00550808152184	35.3088158252	1.05304306942	-69.8737030029	34.2997970581	-16.9365997314	0.787261283596	4.0	9.56000041962	43.4860001132	2.0	18.6800003052	0.852607372374	1.0	2
1.0	4708.29980469	6.0	3.0	3384.88305664	3.0	3.0	13.6800000668	0.0	-0.995595395565	0.0935863479972	-0.00560228899121	22.6876126703	3.90149390978	-68.8768005371	3.52215480804	-22.4472503662	0.899730609178	5.0	9.52000045776	54.039999485	2.0	18.0	0.974196444342	1.0	2
1.0	4934.30078125	3.0	3.0	2062.24487305	2.0	1.0	29.6399993896	0.0	-0.104935109615	-0.992567420006	-0.0616318508983	15.561935032	4.73790503407	-60.4896011353	36.4542007446	-49.5269012451	0.86874453335	3.0	4.44000005722	20.9399991035	0.0	25.0200004578	0.398509096823	1.0	2
1.0	4544.53515625	1.0	1.0	3327.55859375	4.0	3.0	36.1199996471	0.0	-0.105048105121	-0.992555141449	-0.0616372898221	0.0	35.5900150775	-71.0286560059	38.1493530273	-22.1863994598	0.879863756281	6.0	9.56000041962	51.7411995456	4.0	18.0	0.999285360913	1.0	2
1.0	6171.24072266	3.0	3.0	3414.4440918	7.0	4.0	101.339999437	0.0	-0.995595395565	0.0935863479972	-0.00560228899121	39.4949306518	3.90149390978	-68.8768005371	3.52215480804	-22.4472503662	0.899730609178	7.0	8.56000041962	77.7751989365	7.0	18.6800003052	0.999984167461	1.0	2
1.0	5315.8359375	6.0	4.0	3562.71850586	6.0	4.0	40.1199998856	0.0	-0.104935109615	-0.992567420006	-0.0616318508983	0.0	43.6905618718	-60.4896011353	36.4542007446	-49.5269012451	0.86874453335	5.0	4.44000005722	31.8259997889	2.0	11.6599998474	0.99909404951	1.0	2
1.0	4821.01513672	1.0	0.0	2234.56445312	1.0	0.0	0.0	10.0	0.0	0.0	0.0	0.0	0.0	0.0	0.0	0.0	2.0	0.0	0.0	0.0	0.0	0.0	0.000818057656424	0.0	2
1.0	6737.22753906	1.0	1.0	3751.140625	2.0	1.0	6.30000019073	3.10024835145	0.318439483643	-0.701823830605	-0.637212395668	45.5258752259	14.7995589288	-71.1905517578	12.2654895782	-37.1739997864	0.589873972951	0.0	0.0	0.0	0.0	0.0	0.965663027807	1.0	2
1.0	4887.20996094	5.0	3.0	7374.18164062	6.0	4.0	71.1439995766	0.0	-0.999347448349	0.0346072688699	0.0103471344337	5.82337882659	36.1146890116	-66.938293457	40.0663986206	-47.4880981445	0.471453734348	4.0	6.57999992371	45.9999990463	2.0	10.2600002289	0.845243959306	1.0	2
1.0	7659.02490234	3.0	3.0	4562.6640625	4.0	2.0	31.5599999428	0.0	0.0334228165448	0.984705328941	-0.170992210507	42.8760424679	2.10714322117	-68.7454528809	0.0160830020905	-29.6614990234	0.76689712734	2.0	6.57999992371	16.9399995804	1.0	6.57999992371	0.999006507974	1.0	2
1.0	6392.65527344	1.0	0.0	2310.68212891	2.0	0.0	0.0	10.0	0.0	0.0	0.0	0.0	0.0	0.0	0.0	0.0	2.0	0.0	0.0	0.0	0.0	0.0	0.000818057656424	1.0	2
1.0	6651.98535156	2.0	2.0	5113.40283203	3.0	1.0	42.8799996376	0.0	-0.999347567558	0.0346042104065	0.0103445192799	43.5555315276	2.09467190652	-73.9639511108	23.0277004242	-17.2645988464	0.0981885859016	1.0	7.98000001907	10.0799999237	1.0	7.98000001907	0.969446115329	1.0	2
1.0	4821.01513672	1.0	1.0	2558.00439453	1.0	1.0	27.0599994659	0.0	-0.999347567558	0.0346042104065	0.0103445192799	43.5555315276	2.09467190652	-73.9639511108	23.0277004242	-17.2645988464	0.0981885859016	1.0	7.98000001907	10.0799999237	1.0	7.98000001907	0.48838366285	1.0	2
1.0	8603.29003906	2.0	2.0	6222.17382812	3.0	1.0	28.1599994898	0.0	-0.0334212779999	-0.98470646143	0.170986071229	38.8144016575	21.5525470654	-70.2771453857	21.5404510498	-35.1734008789	0.438590226472	4.0	7.98000001907	46.6999998093	1.0	7.98000001907	0.997780989647	1.0	2
1.0	9818.91992188	3.0	3.0	4213.53759766	5.0	3.0	87.6039996147	0.0	-0.999347567558	0.0346042104065	0.0103445192799	43.5555315276	2.09467190652	-73.9639511108	23.0277004242	-17.2645988464	0.0981885859016	4.0	7.98000001907	49.07999897	3.0	15.1599998474	0.999512363959	1.0	2
1.0	3908.37207031	1.0	1.0	1293.02600098	1.0	1.0	6.38000011444	3.81836349604	0.0876826867461	-0.694072246552	-0.714545667171	15.6134106762	0.0	-69.9398956299	26.8799495697	-33.7118988037	0.790220451402	0.0	0.0	0.0	0.0	0.0	-1.0	0.0	2
1.0	2673.94335938	4.0	3.0	5109.45996094	3.0	2.0	22.0799999237	2.49045380467	-0.348076701164	0.866779863834	0.357120841742	6.18354521287	43.7862652875	-67.1057510376	31.4181518555	-51.3554992676	0.920363118307	1.0	43.4399986267	13.4399995804	1.0	43.4399986267	0.993507195423	1.0	2
1.0	10418.0478516	5.0	3.0	5853.80371094	6.0	6.0	152.659998894	0.0	0.0461943149567	0.993749499321	-0.101626738906	4.1587452352	47.0045163067	-61.9232025146	44.2905502319	-53.8856010437	0.610008451407	10.0	3.20000004768	73.9004011154	3.0	33.8199996948	0.999242698984	1.0	2
1.0	762.232543945	3.0	3.0	3249.87719727	3.0	2.0	22.3800005913	0.0	-0.998022973537	0.0332707054913	-0.0533217974007	1.82322763019	3.53851494362	-63.0950508118	29.524848938	-53.8422470093	0.42441534075	2.0	21.1000003815	21.9199995995	1.0	31.2800006866	0.81051070793	1.0	2
1.0	7342.10546875	3.0	2.0	3066.19189453	4.0	4.0	98.7199997902	0.0	-0.998023033142	0.0332707054913	-0.0533201098442	31.3526701812	2.09660370911	-72.1598510742	18.4159507751	-19.9546508789	0.606800982927	8.0	11.8400001526	74.1904001832	3.0	33.8199996948	0.990912559487	1.0	2
1.0	10078.2685547	3.0	2.0	6223.27050781	6.0	5.0	119.417199969	0.0	-0.998024463654	0.0332203768194	-0.0533257313073	45.6606583602	3.35254351084	-69.7314987183	4.63835000992	-12.6221504211	0.0631959871342	8.0	11.5799999237	84.5104008317	1.0	33.8199996948	0.989251035155	1.0	2
1.0	6733.65527344	4.0	4.0	6300.24121094	4.0	3.0	88.859998703	0.0	0.998023033142	-0.0332707054913	0.0533201098442	37.9903320101	10.2781109544	-72.1598510742	18.4159507751	-19.9546508789	0.606800982927	5.0	12.3999996185	59.4720005989	3.0	43.4399986267	0.99336923312	1.0	2
1.0	4672.91064453	1.0	1.0	1293.02600098	1.0	1.0	6.38000011444	3.81836349604	0.0876826867461	-0.694072246552	-0.714545667171	15.6134106762	0.0	-69.9398956299	26.8799495697	-33.7118988037	0.790220451402	0.0	0.0	0.0	0.0	0.0	0.343974892966	1.0	2
1.0	2717.65258789	5.0	4.0	2926.78979492	2.0	2.0	82.0999994278	0.0	0.998023033142	-0.0332707054913	0.0533201098442	15.3087423098	18.3946705222	-72.1598510742	18.4159507751	-19.9546508789	0.606800982927	3.0	12.3999996185	27.7216005325	1.0	41.9799995422	0.992477975358	1.0	2
1.0	4408.12548828	1.0	1.0	1199.32995605	1.0	1.0	25.7399997711	0.0	-0.0060954624787	0.998385310173	-0.0564768612385	31.5040242784	1.88027871185	-73.6203994751	18.8117485046	-13.2813997269	0.764780897777	1.0	4.48000001907	4.88000011444	1.0	4.48000001907	-1.0	0.0	2
1.0	9505.24804688	2.0	1.0	3603.46899414	5.0	4.0	52.2000005245	0.0	-0.0060954624787	0.998385310173	-0.0564768612385	31.5040242784	1.88027871185	-73.6203994751	18.8117485046	-13.2813997269	0.764780897777	3.0	4.48000001907	28.3800001144	1.0	4.48000001907	0.999958624073	1.0	2
1.0	3311.17041016	4.0	1.0	243.040008545	3.0	1.0	0.0	0.0	0.99493509531	0.0	-0.100519500673	40.3468339506	0.0	-72.1181488037	20.2586994171	-15.0268497467	0.243198655944	0.0	0.0	0.0	1.0	15.9799995422	0.299067681481	1.0	2
1.0	10097.5605469	7.0	2.0	918.700927734	4.0	4.0	48.4799984694	0.0	-0.00609549600631	0.9983907938	-0.0563795827329	53.358633723	5.01581048045	-73.3218002319	23.0206489563	-10.5297498703	0.420963859371	3.0	7.94000005722	28.4400005341	1.0	7.94000005722	0.999641469457	1.0	2
1.0	4528.69238281	1.0	1.0	1199.32995605	1.0	1.0	25.7399997711	0.0	-0.0060954624787	0.998385310173	-0.0564768612385	31.5040242784	1.88027871185	-73.6203994751	18.8117485046	-13.2813997269	0.764780897777	1.0	4.48000001907	4.88000011444	1.0	4.48000001907	0.125025873466	1.0	2
1.0	9213.59765625	2.0	2.0	2277.93652344	5.0	3.0	101.179999352	0.0	-0.0060954624787	0.998385310173	-0.0564768612385	51.4598349264	1.88027871185	-73.6203994751	18.8117485046	-13.2813997269	0.764780897777	3.0	4.48000001907	27.779999733	2.0	7.94000005722	0.974881256432	1.0	2
1.0	7864.32080078	2.0	2.0	1199.32995605	1.0	1.0	46.0599994659	0.0	-0.0060954624787	0.998385310173	-0.0564768612385	49.8885979692	1.88027871185	-73.6203994751	18.8117485046	-13.2813997269	0.764780897777	1.0	4.48000001907	4.88000011444	1.0	4.48000001907	0.700539751593	1.0	2
1.0	11629.7001953	4.0	2.0	1184.34912109	5.0	5.0	72.6999996901	0.0	0.99493509531	0.0	-0.100519500673	51.2315033277	3.16308525031	-72.1181488037	20.2586994171	-15.0268497467	0.243198655944	3.0	7.94000005722	32.6599998474	2.0	15.9799995422	0.997135211058	1.0	2
1.0	5149.52880859	2.0	1.0	1459.48205566	3.0	1.0	23.3799996376	2.18364604962	-0.671842634678	0.654164254665	0.347414106131	9.20505759802	28.4531565274	-66.5559005737	26.3307495117	-46.9128990173	0.533942214541	0.0	0.0	0.0	0.0	0.0	0.62730637045	1.0	2
1.0	7735.88085938	6.0	2.0	1126.01293945	5.0	3.0	49.9999989271	0.0	-0.994935870171	0.0	0.100511498749	11.9803738805	23.019487487	-60.3633003235	41.8712997437	-52.2038497925	0.322162774343	1.0	7.94000005722	9.15999984741	1.0	7.94000005722	0.998997740564	1.0	2
1.0	4155.44677734	1.0	1.0	708.440979004	1.0	1.0	18.7800006866	2.691700248	0.346187233925	-0.467150688171	-0.813587486744	1.20239334411	6.69579780256	-72.5186004639	30.4874992371	-44.8474998474	0.824977574902	0.0	0.0	0.0	0.0	0.0	-1.0	0.0	2
1.0	8494.53320312	4.0	2.0	4414.61669922	2.0	2.0	77.1800026894	0.0	0.0429954044521	0.985961258411	-0.161343812943	38.6309680913	19.2667565975	-69.0833511353	22.3681488037	-45.3925018311	0.108711849834	1.0	2.98000001907	1.77999997139	1.0	2.98000001907	0.999104903625	1.0	2
1.0	5440.40527344	2.0	0.0	114.23400116	1.0	0.0	0.0	10.0	0.0	0.0	0.0	0.0	0.0	0.0	0.0	0.0	2.0	0.0	0.0	0.0	0.0	0.0	0.000818057656424	1.0	2
1.0	4851.10742188	6.0	3.0	4093.29077148	3.0	3.0	80.3200013638	0.0	-0.998985528946	0.0365952737629	-0.0262423660606	47.6215636005	0.0	-68.0840988159	7.58663988113	-33.8362503052	0.468391540151	3.0	1.20000004768	12.5199997425	2.0	2.98000001907	0.979949119428	1.0	2
1.0	4737.23583984	3.0	2.0	247.990997314	2.0	2.0	13.8199996948	0.0	0.0429944135249	0.98594981432	-0.161413833499	12.2859134115	2.14473255614	-63.259552002	37.8605995178	-54.3269500732	0.128530100192	2.0	9.81999969482	30.1599998474	1.0	32.1599998474	0.386717467878	1.0	2
1.0	4482.27636719	4.0	1.0	3840.06103516	4.0	3.0	54.3200001717	0.0	0.689930737019	-0.711906015873	0.131093099713	1.74193523285	19.2107605756	-59.7102508545	47.0462493896	-57.0674514771	0.851780746943	2.0	1.20000004768	9.52000045776	1.0	1.20000004768	0.979949133815	1.0	2
1.0	1043.35095215	3.0	1.0	2702.80908203	3.0	1.0	17.2800006866	2.53296659684	0.01901544258	-0.143767490983	-0.989428758621	4.95448217245	39.2934882688	-73.6103057861	46.7098999023	-25.431350708	0.835651305553	0.0	0.0	0.0	0.0	0.0	0.820389459041	1.0	2
1.0	8276.27246094	4.0	2.0	4524.56152344	3.0	3.0	39.1200013161	2.11330550598	0.04561214149	0.713742434978	-0.698921501637	46.8061494997	2.98117410872	-70.1506500244	6.79914474487	-27.2460002899	0.761357106156	1.0	34.7200012207	20.5	1.0	34.7200012207	0.997693046097	1.0	2
1.0	7159.86230469	8.0	3.0	3584.83691406	2.0	2.0	35.5200006962	0.0	-0.998985528946	0.0365952737629	-0.0262423660606	44.065343143	0.0	-68.0840988159	7.58663988113	-33.8362503052	0.468391540151	2.0	11.1000003815	23.2600002289	0.0	11.4600000381	0.992769483302	1.0	2
1.0	6065.22558594	8.0	2.0	4814.14990234	3.0	2.0	30.3199999332	0.0	-0.998985528946	0.0365952737629	-0.0262423660606	44.065343143	0.0	-68.0840988159	7.58663988113	-33.8362503052	0.468391540151	2.0	11.1000003815	23.2600002289	0.0	11.4600000381	0.9970387036	1.0	2
1.0	3303.62524414	1.0	0.0	1278.19995117	1.0	0.0	0.0	10.0	0.0	0.0	0.0	0.0	0.0	0.0	0.0	0.0	2.0	0.0	0.0	0.0	0.0	0.0	0.000818057656424	0.0	2
1.0	1682.04882812	4.0	2.0	2411.80859375	5.0	2.0	10.34359999	0.0	0.00372824585065	0.980663180351	-0.195667564869	20.0709619001	18.1187258561	-69.0607452393	38.7113494873	-31.1473999023	0.933703703263	2.0	11.1199998856	23.3199996948	2.0	11.1199998856	0.592267871908	1.0	2
1.0	12003.6308594	3.0	3.0	8615.77148438	4.0	3.0	137.063600019	0.0	0.00382817536592	0.980662465096	-0.195669338107	29.1655283317	17.9674930562	-70.1427993774	28.5963497162	-31.4784011841	0.621592900755	15.0	5.21999979019	137.700400114	2.0	9.22000026703	0.989977198606	1.0	2
1.0	10430.4980469	3.0	3.0	4773.71679688	7.0	4.0	171.799999714	0.0	0.999825656414	0.0	0.0186732020229	49.5125235446	1.49147924587	-72.2965011597	20.6305007935	-4.30288982391	0.215087341438	17.0	5.21999979019	164.491600156	1.0	9.03999996185	0.881905538503	1.0	2
1.0	4353.03417969	4.0	3.0	1392.66455078	5.0	4.0	45.9036001712	0.0	-0.999826014042	0.0	-0.0186530519277	3.16998241113	2.94582328852	-64.9543991089	46.6399002075	-46.6308517456	0.103928494295	10.0	5.21999979019	74.6408004761	3.0	11.1199998856	0.974530035853	1.0	2
1.0	4597.60058594	4.0	3.0	2691.41894531	4.0	2.0	7.18000006676	0.0	0.999826014042	0.0	0.018654672429	5.76991457195	2.66388926764	-67.5415039062	44.2368011475	-25.2329483032	0.155198939283	4.0	12.8800001144	40.6999998093	0.0	39.0999984741	0.383619575963	1.0	2
1.0	14183.2871094	2.0	2.0	6117.59033203	5.0	4.0	118.499999523	0.0	0.999825656414	0.0	0.0186732020229	49.5125235446	1.49147924587	-72.2965011597	20.6305007935	-4.30288982391	0.215087341438	9.0	10.8000001907	58.8811997175	0.0	39.0999984741	0.985660156716	1.0	2
1.0	3342.90234375	1.0	1.0	1572.16296387	2.0	1.0	19.9199995995	0.0	-0.999824225903	0.0	-0.0187475364655	20.368628186	0.0	-70.9017028809	24.9615001678	-20.2838001251	0.0614734365675	4.0	5.21999979019	46.7600007057	0.0	14.7399997711	0.165456909472	1.0	2
1.0	12312.7958984	3.0	3.0	7310.42919922	4.0	3.0	114.280000687	0.0	0.999825656414	0.0	0.0186732020229	49.5125235446	1.49147924587	-72.2965011597	20.6305007935	-4.30288982391	0.215087341438	10.0	11.1199998856	95.6115996838	1.0	11.1199998856	0.978026134376	1.0	2
1.0	5528.82470703	1.0	1.0	734.843994141	1.0	1.0	16.6800003052	3.0768831333	-0.0058305230923	-0.998575031757	0.0530464798212	19.9113660838	0.0	-72.2492980957	32.3259506226	-34.2097015381	0.991322964935	0.0	0.0	0.0	0.0	0.0	-1.0	0.0	2
1.0	4696.828125	4.0	3.0	761.496276855	3.0	1.0	11.0000002384	2.69883122402	0.0265248417854	0.970083236694	-0.241319179535	27.3790861006	29.8945644621	-72.5113983154	33.8890991211	-31.8242492676	0.786697918693	1.0	21.0799999237	1.67680001259	0.0	21.0799999237	0.987583947579	1.0	2
1.0	9381.20800781	5.0	4.0	5286.17871094	4.0	4.0	130.480000496	0.0	-0.0265279486775	-0.97008305788	0.241319656372	36.7820542721	3.9628443408	-72.9805984497	31.5992012024	-27.5555496216	0.0663311360974	10.0	10.0799999237	110.307200074	4.0	28.2399997711	0.999984781426	1.0	2
1.0	11010.515625	3.0	2.0	4680.86572266	3.0	3.0	44.1999993324	0.0	-0.993508219719	0.0	-0.113760091364	34.8240859603	11.8718710946	-71.5593490601	26.220500946	-35.4020004272	0.851002994653	1.0	16.3600006104	16.2399997711	0.0	16.3600006104	0.999995166619	1.0	2
1.0	11325.65625	1.0	1.0	3263.14819336	3.0	3.0	72.2400007248	0.0	0.026521243155	0.970105946064	-0.241228193045	17.7225147947	25.1162714046	-68.4546051025	27.1693992615	-48.3950996399	0.907549799948	0.0	0.0	0.0	1.0	14.1199998856	0.999946046555	1.0	2
1.0	5961.28369141	5.0	2.0	4696.77246094	5.0	3.0	42.6399998665	0.0	0.993508219719	0.0	0.113760091364	41.5524909158	12.733783209	-71.5593490601	26.220500946	-35.4020004272	0.851002994653	1.0	16.3600006104	16.2399997711	0.0	16.3600006104	0.98603068859	1.0	2
1.0	5693.42773438	1.0	1.0	323.964996338	1.0	1.0	8.64000034332	3.33757389858	0.327021926641	-0.914957642555	-0.236451163888	9.05065809837	1.52135013793	-69.1307983398	33.779499054	-47.3283500671	0.921228629324	0.0	0.0	0.0	0.0	0.0	0.370425358108	1.0	2
1.0	8642.43554688	1.0	1.0	3731.43188477	5.0	3.0	63.4800007343	0.0	-0.0265206452459	-0.97008317709	0.241319909692	42.2808076571	3.50166695291	-71.2971954346	9.21944046021	-12.3613500595	0.3073309307	2.0	8.64000034332	23.1999998093	2.0	13.1999998093	0.999635112903	1.0	2
1.0	4284.48486328	6.0	1.0	1986.44213867	3.0	1.0	5.48000001907	3.50870344576	0.869761347771	-0.119940504432	-0.478674739599	0.0	10.3325193981	-55.5805511475	51.8014984131	-58.7436981201	0.952564337407	0.0	0.0	0.0	0.0	0.0	0.938706481583	1.0	2
1.0	10416.2509766	3.0	2.0	1249.87524414	3.0	2.0	48.9200000763	0.0	-0.993508338928	0.0	-0.113759316504	27.9311448121	3.0777992775	-72.0008544922	39.8098983765	-31.3843994141	0.60763882606	5.0	10.0799999237	41.1872001886	2.0	16.3600006104	0.999964616169	1.0	2
1.0	4470.37939453	1.0	1.0	1547.8190918	1.0	1.0	17.5452003479	2.41496580933	-0.151319295168	-0.963265419006	-0.221860647202	15.5097354094	3.06392366682	-76.1448516846	29.0265007019	-25.5085506439	0.835309232693	0.0	0.0	0.0	0.0	0.0	-1.0	0.0	2
1.0	9835.125	4.0	4.0	4904.73583984	3.0	3.0	77.8652005196	0.0	-0.982122719288	0.129118621349	0.136979356408	25.7112547692	11.5322645013	-73.6480560303	33.3087005615	-30.2496490479	0.921432315332	5.0	9.64000034332	53.6599998474	2.0	15.220000267	0.999847801629	1.0	2
1.0	7476.85644531	3.0	3.0	3061.76000977	3.0	3.0	81.8840019703	0.0	-0.982109189034	0.129118740559	0.137076124549	53.702788771	0.0	-74.3487548828	30.7215995789	-17.115398407	0.673750325417	7.0	9.64000034332	91.3999986649	3.0	14.720000267	0.965573927762	1.0	2
1.0	10387.2324219	4.0	2.0	442.387207031	2.0	2.0	0.0	10.0	0.0	0.0	0.0	0.0	0.0	0.0	0.0	0.0	2.0	6.0	10.2399997711	47.7799992561	3.0	16.4200000763	0.999440235261	1.0	2
1.0	4142.46337891	2.0	1.0	1561.6340332	2.0	2.0	18.1052002907	0.0	0.0849857032299	0.953450381756	-0.289326369762	6.02457987756	15.5617075165	-72.3988037109	34.7994003296	-33.9664497375	0.835313785715	1.0	9.64000034332	13.8599996567	1.0	9.64000034332	0.495047551171	1.0	2
1.0	10780.7890625	4.0	4.0	4268.92236328	5.0	5.0	152.204000711	0.0	0.0849857926369	0.953451454639	-0.289322972298	2.06183867609	27.7340167524	-49.0709991455	44.2131004333	-60.7437515259	0.360925100707	9.0	9.64000034332	106.080000877	5.0	14.720000267	0.999998702147	1.0	2
1.0	4307.87060547	1.0	1.0	1710.328125	2.0	2.0	17.5452003479	2.41496580933	-0.151319295168	-0.963265419006	-0.221860647202	15.5097354094	3.06392366682	-76.1448516846	29.0265007019	-25.5085506439	0.835309232693	4.0	10.2399997711	39.4999988079	1.0	14.720000267	0.283383774796	1.0	2
1.0	5435.26123047	7.0	4.0	3377.39257812	3.0	3.0	88.1008014679	0.0	0.0849857926369	0.953451454639	-0.289322972298	2.06183867609	27.7340167524	-49.0709991455	44.2131004333	-60.7437515259	0.360925100707	5.0	9.64000034332	55.9200005531	3.0	15.220000267	0.997846255505	1.0	2
1.0	5955.84814453	1.0	1.0	1970.75305176	2.0	1.0	17.5452003479	2.41496580933	-0.151319295168	-0.963265419006	-0.221860647202	15.5097354094	3.06392366682	-76.1448516846	29.0265007019	-25.5085506439	0.835309232693	0.0	0.0	0.0	0.0	0.0	0.90032339408	1.0	2
1.0	9259.04882812	4.0	4.0	3076.22802734	3.0	3.0	31.8432004452	0.0	-0.982109189034	0.129118740559	0.137076124549	27.8385228767	0.0	-74.3487548828	30.7215995789	-17.115398407	0.673750325417	5.0	9.64000034332	66.4800004959	1.0	10.2399997711	0.999941038102	1.0	2
1.0	3772.95092773	1.0	0.0	1834.39306641	1.0	0.0	0.0	10.0	0.0	0.0	0.0	0.0	0.0	0.0	0.0	0.0	2.0	0.0	0.0	0.0	0.0	0.0	0.000818057656424	0.0	2
1.0	4313.16259766	4.0	2.0	5560.47753906	7.0	2.0	0.0	10.0	0.0	0.0	0.0	0.0	0.0	0.0	0.0	0.0	2.0	4.0	13.8400001526	45.5599999428	0.0	25.3400001526	0.988557839101	1.0	2
1.0	4241.59912109	1.0	0.0	1834.39306641	1.0	0.0	0.0	10.0	0.0	0.0	0.0	0.0	0.0	0.0	0.0	0.0	2.0	0.0	0.0	0.0	0.0	0.0	0.000818057656424	1.0	2
1.0	8302.6484375	2.0	2.0	5535.32324219	3.0	2.0	41.9952000976	0.0	-0.998190462589	0.0287193898112	-0.0528304427862	27.3123863642	2.62500589012	-71.4481048584	18.2805500031	-17.9268493652	0.308744200862	7.0	4.78000020981	88.7199997902	2.0	24.2999992371	0.998046536201	1.0	2
1.0	8369.4765625	2.0	2.0	6355.91699219	4.0	3.0	75.5352000594	0.0	-0.998190462589	0.0287193898112	-0.0528304427862	27.3123863642	2.62500589012	-71.4481048584	18.2805500031	-17.9268493652	0.308744200862	6.0	4.78000020981	76.759999752	2.0	24.2999992371	0.998528543996	1.0	2
1.0	5547.59130859	2.0	2.0	4520.62109375	6.0	4.0	93.0939998031	0.0	0.0412678718567	0.994553208351	-0.0957124903798	27.9640718979	9.02268346748	-70.9554977417	19.7390499115	-16.6513004303	0.334819204282	3.0	4.78000020981	37.9600000381	2.0	18.7000007629	0.990901929333	1.0	2
1.0	3501.80908203	2.0	1.0	206.880004883	1.0	1.0	11.7539997101	0.0	0.0412678718567	0.994553208351	-0.0957124903798	27.9640718979	1.02024538118	-70.9554977417	19.7390499115	-16.6513004303	0.334819204282	1.0	18.7000007629	19.1800003052	1.0	18.7000007629	0.408869470204	1.0	2
1.0	8728.94726562	3.0	3.0	4410.10595703	2.0	1.0	55.0400006771	0.0	-0.0412674434483	-0.994542837143	0.0958203524351	39.818533993	3.07854331431	-72.0374984741	24.0942497253	-31.0771503448	0.606263631385	2.0	4.78000020981	10.8799996376	1.0	4.78000020981	0.969689711348	1.0	2
1.0	113.228996277	1.0	1.0	1720.97973633	3.0	1.0	0.0	10.0	0.0	0.0	0.0	0.0	0.0	0.0	0.0	0.0	2.0	1.0	22.9799995422	11.9600000381	0.0	22.9799995422	0.87335994558	1.0	2
1.0	8730.12011719	3.0	3.0	5995.27392578	5.0	4.0	132.85399884	0.0	0.0412678718567	0.994553208351	-0.0957124903798	52.8988221176	9.02268346748	-70.9554977417	19.7390499115	-16.6513004303	0.334819204282	10.0	1.01999998093	100.000000477	4.0	24.0400009155	0.99847548786	1.0	2
1.0	5481.59667969	1.0	1.0	549.88079834	1.0	1.0	0.980000019073	3.31440795076	0.113934487104	-0.654594242573	-0.747345507145	30.7697707121	0.0	-70.3535995483	27.3750495911	-29.7249984741	0.948800334397	0.0	0.0	0.0	0.0	0.0	-1.0	0.0	2
1.0	10262.8798828	2.0	2.0	5460.96435547	4.0	4.0	80.0288009644	0.0	-0.0289086438715	0.963128745556	-0.26748329401	1.97182139387	28.2080610368	-59.2460479736	39.3418502808	-55.5255508423	0.756995619531	7.0	5.07999992371	62.031599164	1.0	16.6000003815	0.999998716903	1.0	2
1.0	6733.05859375	4.0	2.0	500.776611328	1.0	1.0	17.1599998474	0.0	0.0124326832592	-0.25115185976	-0.967867851257	31.9826599705	1.40711392702	-70.8218536377	26.2887992859	-27.9699497223	0.935743074349	4.0	3.3599998951	28.8800005913	4.0	17.1200008392	0.842077349126	1.0	2
1.0	9969.71777344	3.0	3.0	3398.93920898	4.0	4.0	123.108800411	0.0	0.0288074240088	-0.963104307652	0.267582088709	11.2156427843	30.3823891436	-60.2043991089	38.3616485596	-55.2667999268	0.140874659022	8.0	3.3599998951	68.6715980768	5.0	16.6000003815	0.999978672248	1.0	2
1.0	7552.41113281	3.0	3.0	2615.19262695	3.0	2.0	8.0600001812	2.68125153655	-0.129055023193	-0.117969334126	-0.984595358372	17.0937490905	1.39495859754	-69.4084014893	27.8696498871	-24.008600235	0.0518021935011	5.0	9.60000038147	42.1344003826	2.0	16.1200008392	0.999136027993	1.0	2
1.0	7522.64990234	3.0	2.0	834.247009277	1.0	1.0	52.5599994659	1.31102251725	0.584333360195	-0.187791153789	-0.789486587048	39.4491969908	7.06647292531	-66.7422485352	8.5079202652	-41.9650497437	0.0767365302487	0.0	0.0	0.0	0.0	0.0	0.994256758838	1.0	2
1.0	10569.3134766	3.0	3.0	3069.63354492	4.0	4.0	100.620001554	0.0	-0.0289086438715	0.963128745556	-0.26748329401	11.8495609053	28.2080610368	-59.2460479736	39.3418502808	-55.5255508423	0.756995619531	3.0	16.1200008392	42.1599988937	2.0	16.6000003815	0.999874669076	1.0	2
1.0	9525.44628906	4.0	3.0	4175.34179688	4.0	4.0	78.4419996738	0.0	-0.999506771564	-0.0309935808182	-0.00506545975804	36.8243460987	1.73161049516	-68.5080032349	30.2080993652	-20.9944000244	0.0693687720608	9.0	5.07999992371	85.3659988791	4.0	16.1200008392	0.999998702157	1.0	2
1.0	3764.81665039	9.0	4.0	2152.27001953	3.0	3.0	45.6200008392	0.0	-0.0289011839777	0.963109731674	-0.267552614212	36.8818235616	2.99755605956	-69.984954834	30.2835998535	-22.4957008362	0.553790104648	3.0	5.73999977112	16.2600001097	0.0	20.1200008392	0.97598992652	1.0	2
1.0	4196.45166016	4.0	2.0	4342.42578125	5.0	3.0	22.0799999237	0.0	-0.999503552914	-0.0310958735645	-0.0050654434599	0.0	23.8746944011	-69.2453994751	24.3910503387	-35.4531021118	0.737052476081	4.0	5.07999992371	28.0344009548	2.0	11.5600004196	0.996861429511	1.0	2
1.0	3677.83959961	1.0	0.0	1257.41003418	1.0	0.0	0.0	10.0	0.0	0.0	0.0	0.0	0.0	0.0	0.0	0.0	2.0	0.0	0.0	0.0	0.0	0.0	0.000818057656424	0.0	2
1.0	9013.5703125	3.0	3.0	4406.63525391	7.0	6.0	86.7215992212	0.0	-0.997142195702	0.0	0.0755478143692	0.0	34.6311735922	-50.6820526123	47.9207000732	-54.6835479736	0.0735067707802	6.0	2.75999999046	54.7600008845	5.0	20.7800006866	0.997188050674	1.0	2
1.0	4144.60839844	2.0	1.0	1257.41003418	1.0	1.0	9.93999958038	0.0	0.997134625912	0.0	-0.0756474807858	2.75217577953	1.84508391136	-65.1818008423	30.4206008911	-51.3485031128	0.779999636354	0.0	0.0	0.0	1.0	10.2399997711	0.0511917127746	1.0	2
1.0	8804.90332031	4.0	4.0	4398.70605469	7.0	6.0	128.281599402	0.0	-0.997142195702	0.0	0.0755478143692	0.0	34.6311735922	-50.6820526123	47.9207000732	-54.6835479736	0.0735067707802	7.0	2.75999999046	63.6200005412	6.0	20.7800006866	0.992627409165	1.0	2
1.0	5248.98388672	7.0	3.0	4035.08569336	5.0	4.0	48.5599998236	0.0	-0.997134208679	0.0	0.0756529346108	50.6853403646	2.54633871893	-75.1056518555	22.0694999695	-18.3522987366	0.254897296817	3.0	5.90000009537	34.0199999809	2.0	20.7800006866	0.975366412902	1.0	2
1.0	5682.41650391	3.0	3.0	2093.05834961	3.0	3.0	68.2048003674	0.0	0.997134804726	0.0	-0.0756454095244	50.8725559333	0.0	-74.1090011597	23.252199173	-17.0863990784	0.0281407525467	5.0	2.75999999046	36.8800002933	4.0	8.31999969482	0.973711038466	1.0	2
1.0	6515.88427734	3.0	3.0	2954.80688477	4.0	4.0	86.2815997601	0.0	0.997134804726	0.0	-0.0756454095244	37.6691204724	1.78556177868	-74.1090011597	23.252199173	-17.0863990784	0.0281407525467	3.0	2.75999999046	20.4400002956	3.0	10.2399997711	0.949093335287	1.0	2
1.0	8140.08789062	2.0	2.0	4499.15429688	4.0	3.0	58.0200004578	0.0	0.0130321029574	-0.976928770542	0.213167384267	40.1546361805	2.01628264274	-70.2938537598	19.2090492249	-37.2983016968	0.826403598096	2.0	11.3800001144	30.6400003433	1.0	20.7800006866	0.989615914566	1.0	2
1.0	6457.21875	2.0	2.0	3279.03320312	4.0	3.0	57.5448009968	0.0	0.997134804726	0.0	-0.0756454095244	50.8725559333	0.0	-74.1090011597	23.252199173	-17.0863990784	0.0281407525467	3.0	2.75999999046	27.1000006199	2.0	6.82000017166	0.914072112983	1.0	2
1.0	8164.26171875	1.0	1.0	5255.94482422	5.0	3.0	48.2567998171	0.0	0.997134804726	0.0	-0.0756454095244	21.5692303406	1.78556177868	-74.1090011597	23.252199173	-17.0863990784	0.0384743345227	3.0	5.90000009537	20.6799998283	2.0	6.82000017166	0.996839229922	1.0	2
1.0	4211.60302734	1.0	1.0	481.829986572	1.0	1.0	11.7399997711	3.22204909645	0.487131237984	-0.651316285133	-0.581799149513	8.64699652821	5.78285835814	-71.3482055664	23.9749507904	-47.1768989563	0.763155781617	0.0	0.0	0.0	0.0	0.0	-1.0	0.0	2
1.0	5142.29199219	3.0	1.0	1516.74499512	4.0	1.0	6.98000001907	3.673009689	0.143295094371	-0.955515086651	-0.257793277502	8.56808033334	4.677621278	-62.7862014771	34.7476501465	-57.8616485596	0.543261744233	0.0	0.0	0.0	0.0	0.0	0.994955514325	1.0	2
1.0	4448.58789062	1.0	1.0	640.552001953	2.0	2.0	31.6000003815	0.0	-0.00915775541216	0.994012892246	-0.108878366649	21.1410111593	6.50590073153	-72.9221954346	31.9869003296	-19.6686000824	0.049861313249	1.0	19.2800006866	21.4200000763	1.0	19.2800006866	0.54533601374	1.0	2
1.0	10296.4814453	3.0	3.0	1817.13964844	1.0	1.0	31.6399998665	0.0	0.00925242248923	-0.994022607803	0.108781434596	30.6789037672	1.89274519093	-68.5351486206	18.2406005859	-46.8287506104	0.476402891154	0.0	0.0	0.0	1.0	21.2199993134	0.999476393563	1.0	2
1.0	360.973022461	2.0	0.0	481.829986572	1.0	0.0	0.0	10.0	0.0	0.0	0.0	0.0	0.0	0.0	0.0	0.0	2.0	0.0	0.0	0.0	0.0	0.0	0.000818057656424	1.0	2
1.0	8232.5703125	1.0	1.0	2649.80371094	3.0	3.0	75.8200016022	0.0	-0.00915775541216	0.994012892246	-0.108878366649	21.1410111593	6.50590073153	-72.9221954346	31.9869003296	-19.6686000824	0.049861313249	2.0	18.7800006866	37.7199993134	2.0	19.2800006866	0.996039917536	1.0	2
1.0	10093.1025391	2.0	2.0	2381.49169922	1.0	1.0	65.9400010109	1.24580092861	-0.0838856995106	-0.0815691947937	-0.993131220341	42.6175088107	1.52549324282	-73.3343963623	26.8522987366	-24.5495986938	0.0750604159261	0.0	0.0	0.0	0.0	0.0	0.998633395319	1.0	2
1.0	9654.70996094	2.0	2.0	2540.21362305	2.0	2.0	85.8000016212	0.0	-0.00915775541216	0.994012892246	-0.108878366649	44.4634215143	6.50590073153	-72.9221954346	31.9869003296	-19.6686000824	0.049861313249	1.0	19.2800006866	21.4200000763	1.0	19.2800006866	0.993967878233	1.0	2
1.0	5251.54052734	1.0	1.0	3005.45092773	1.0	1.0	36.9200000763	2.87229875462	0.149307698011	-0.914188027382	-0.376785665751	2.81517871818	17.8165442036	-65.9011001587	39.4883499146	-54.6159515381	0.600364347155	0.0	0.0	0.0	0.0	0.0	-1.0	0.0	2
1.0	8165.23974609	1.0	1.0	4253.39208984	3.0	3.0	95.8000001907	0.0	-0.99833470583	-0.0336548238993	0.0468527935445	40.1682549011	2.18213732333	-71.3923950195	24.5447502136	-20.8863487244	0.730184773624	1.0	5.03999996185	4.65999984741	1.0	5.03999996185	0.992949937654	1.0	2
1.0	9358.17871094	2.0	2.0	6536.0703125	3.0	2.0	41.5320004225	0.0	0.998338937759	0.0336567647755	-0.0467612892389	22.143234903	6.09729959174	-72.5433044434	41.5012512207	-32.977897644	0.555566123496	6.0	7.82000017166	81.9399981499	4.0	31.2999992371	0.999970964838	1.0	2
1.0	5734.26611328	3.0	2.0	5746.75830078	3.0	3.0	66.9919999838	0.0	0.0472520031035	-0.972084879875	0.229822158813	1.0607601126	19.1519172649	-67.1402435303	31.5792007446	-53.4929504395	0.737998996762	9.0	7.82000017166	137.760000706	9.0	31.2999992371	0.99510364897	1.0	2
1.0	10074.7636719	2.0	2.0	5009.95703125	2.0	2.0	92.759999752	0.0	0.0472520031035	-0.972084879875	0.229822158813	28.6299828423	3.9630240885	-69.4579467773	17.8249015808	-45.2680511475	0.843155740964	3.0	8.89999961853	30.8599996567	0.0	17.5	0.99972431363	1.0	2
1.0	11396.1455078	3.0	3.0	5130.62792969	4.0	4.0	95.8600001335	0.0	0.0472520031035	-0.972084879875	0.229822158813	45.5362905683	3.9630240885	-69.4579467773	17.8249015808	-45.2680511475	0.843155740964	10.0	8.89999961853	101.779999733	4.0	31.2999992371	0.999999749577	1.0	2
1.0	5081.65380859	1.0	1.0	1041.390625	3.0	2.0	10.9200000763	3.16374781421	-0.0641205310822	-0.99490737915	0.0777679309249	15.6438497372	0.0	-71.5820999146	36.1663513184	-40.6499023438	0.961088572149	4.0	24.8199996948	26.8399996758	1.0	31.2999992371	0.413555325273	1.0	2
1.0	7292.48681641	6.0	4.0	2738.06518555	6.0	4.0	86.960000515	0.0	0.998338937759	0.0336567647755	-0.0467612892389	22.143234903	6.09729959174	-72.5433044434	41.5012512207	-32.977897644	0.658244249461	3.0	8.89999961853	35.4000005722	0.0	15.3800001144	0.999327988259	1.0	2
1.0	6730.52783203	2.0	2.0	4425.24658203	2.0	2.0	45.1599998474	0.0	0.0472520031035	-0.972084879875	0.229822158813	13.0701444335	19.1519172649	-67.1402435303	31.5792007446	-53.4929504395	0.737998996762	4.0	11.8599996567	54.0400004387	3.0	21.1599998474	0.838721102183	1.0	2
1.0	8600.58300781	2.0	1.0	3296.61938477	6.0	3.0	37.4800000191	2.47334595714	-0.36762341857	0.866707026958	0.3371527493	13.8220368303	38.7182362584	-70.4082489014	46.762298584	-40.7912483215	0.0560503418596	1.0	17.5	11.4799995422	0.0	17.5	0.996482200879	1.0	2
1.0	649.655761719	4.0	0.0	679.526977539	1.0	0.0	0.0	10.0	0.0	0.0	0.0	0.0	0.0	0.0	0.0	0.0	2.0	0.0	0.0	0.0	0.0	0.0	0.000818057656424	0.0	2
1.0	5297.98339844	1.0	1.0	327.07699585	1.0	1.0	13.779999733	0.0	-0.106013379991	0.93781465292	-0.330552250147	24.7165723553	1.13476518331	-69.4851531982	23.4882011414	-20.1947498322	0.374272808437	2.0	17.9799995422	23.4599995613	0.0	20.1599998474	0.224966733739	1.0	2
1.0	1198.0402832	1.0	0.0	389.463989258	1.0	0.0	0.0	10.0	0.0	0.0	0.0	0.0	0.0	0.0	0.0	0.0	2.0	0.0	0.0	0.0	0.0	0.0	0.000818057656424	1.0	2
1.0	4398.17626953	1.0	1.0	877.541015625	1.0	1.0	13.6000003815	3.80441853475	0.256826013327	-0.815036356449	-0.519380569458	1.02809285423	9.95815269186	-68.6175994873	37.4642486572	-44.9042510986	0.914007360055	0.0	0.0	0.0	0.0	0.0	-1.0	0.0	2
1.0	9681.82324219	5.0	3.0	6487.96728516	5.0	5.0	117.439999104	0.0	-0.992685258389	0.0704840868711	0.0980202406645	38.0907149111	33.1491239261	-70.9196472168	19.6767997742	-32.8138504028	0.924951206046	8.0	3.6400001049	75.640001297	4.0	13.9799995422	0.994512604734	1.0	2
1.0	4618.84814453	2.0	2.0	656.869018555	1.0	1.0	16.4599995613	0.0	-0.992694795132	0.0704842582345	0.0979236736894	16.9152883488	1.80352096328	-65.3344497681	31.2371997833	-50.2660980225	0.575673030105	0.0	0.0	0.0	1.0	12.9200000763	0.175271189197	1.0	2
1.0	3708.12011719	7.0	0.0	1499.61401367	2.0	0.0	0.0	10.0	0.0	0.0	0.0	0.0	0.0	0.0	0.0	0.0	2.0	0.0	0.0	0.0	0.0	0.0	0.000818057656424	1.0	2
1.0	5244.33935547	1.0	1.0	656.869018555	1.0	1.0	0.0	3.89361016526	0.308314621449	-0.730560004711	-0.609281718731	1.02809285423	2.54035631438	-68.1391448975	37.824798584	-45.763999939	0.687699510881	0.0	0.0	0.0	0.0	0.0	0.147452199999	1.0	2
1.0	9611.34765625	4.0	2.0	6255.72265625	3.0	3.0	75.9599995613	0.0	-0.992685258389	0.0704840868711	0.0980202406645	38.0907149111	33.1491239261	-70.9196472168	19.6767997742	-32.8138504028	0.924951206046	1.0	12.5600004196	10.4799995422	2.0	13.9799995422	0.994124366862	1.0	2
1.0	7944.07275391	3.0	3.0	3858.02905273	3.0	3.0	101.279999256	0.0	-0.0588479749858	-0.984736979008	0.163798481226	32.3003220834	23.8074967898	-73.5059509277	23.7680015564	-24.1893005371	0.205412814281	5.0	10.7600002289	76.0399999619	2.0	12.5	0.944340076026	1.0	2
1.0	10166.0986328	4.0	2.0	3557.82836914	4.0	4.0	74.1399989128	0.0	0.0588478669524	0.984737038612	-0.163798183203	32.9244673118	20.7285988308	-57.6803512573	33.5691986084	-55.9782028198	0.10310590349	5.0	10.9399995804	81.360001564	2.0	13.9799995422	0.994124365801	1.0	2
1.0	5889.61474609	1.0	1.0	930.721557617	3.0	2.0	33.7200007439	0.0	-0.0588479749858	-0.984736979008	0.163798481226	26.5288585855	3.13085892347	-73.5059509277	23.7680015564	-24.1893005371	0.205412814281	2.0	10.7600002289	22.2400007248	1.0	10.7600002289	0.379865449643	1.0	2
1.0	10568.1054688	4.0	2.0	5328.37207031	5.0	5.0	78.4999990463	0.0	0.992685317993	-0.0704838335514	-0.0980198904872	29.7880788323	37.4832275581	-57.9968490601	37.150100708	-56.515750885	0.232549063435	9.0	3.6400001049	122.880002975	3.0	13.9799995422	0.991147962204	1.0	2
1.0	4587.54589844	1.0	0.0	910.540893555	1.0	0.0	0.0	10.0	0.0	0.0	0.0	0.0	0.0	0.0	0.0	0.0	2.0	0.0	0.0	0.0	0.0	0.0	0.000818057656424	0.0	3
1.0	4822.76513672	4.0	2.0	2546.37768555	13.0	2.0	3.88000011444	0.0	-0.0314105674624	0.976064145565	-0.21520267427	21.4743938327	30.6651459275	-72.1323547363	28.4183006287	-26.2042503357	0.894250753468	3.0	5.48000001907	13.5688000768	1.0	17.5200004578	0.967369957204	1.0	3
1.0	3293.74584961	3.0	1.0	2748.90649414	2.0	1.0	5.26000022888	4.03174889605	0.10553085804	-0.699361503124	-0.70693475008	5.66955326012	1.77954909634	-69.591796875	41.6313476562	-37.4659996033	0.921791794208	0.0	0.0	0.0	0.0	0.0	0.115498124337	1.0	3
1.0	5632.49169922	7.0	5.0	4203.48828125	10.0	4.0	101.740000725	0.0	0.0315019488335	-0.976056873798	0.215222343802	39.7225519149	22.0924761121	-74.3042984009	22.0461502075	-17.8402500153	0.857153691829	11.0	5.48000001907	108.112401798	9.0	42.2799987793	0.990784387021	1.0	3
1.0	5291.05126953	4.0	3.0	3306.26171875	5.0	4.0	102.040000439	0.0	0.0315019488335	-0.976056873798	0.215222343802	36.1635376147	22.0924761121	-74.3042984009	22.0461502075	-17.8402500153	0.857153691829	10.0	3.88000011444	64.2713206171	7.0	42.2799987793	0.98955670287	1.0	3
1.0	8423.90332031	3.0	2.0	4036.11157227	4.0	4.0	80.3344006538	0.0	-0.999280333519	-0.0342894606292	-0.0162199866027	22.8196070332	27.273962158	-71.7084960938	30.8782501221	-22.5256004333	0.0902014931154	10.0	5.48000001907	101.344801642	7.0	33.0200004578	0.998864590114	1.0	3
1.0	7973.01513672	3.0	2.0	3302.85449219	5.0	5.0	53.3744010925	0.0	0.031412679702	-0.976040899754	0.215307593346	21.4743938327	29.9650004113	-72.0972442627	27.3275489807	-25.9636993408	0.829854456401	6.0	3.88000011444	35.9088002294	2.0	15.2399997711	0.998141621521	1.0	3
1.0	3816.79101562	3.0	1.0	3718.64282227	4.0	4.0	38.740000248	0.0	-0.999280333519	-0.0342894606292	-0.0162199866027	22.8196070332	27.273962158	-71.7084960938	30.8782501221	-22.5256004333	0.0902014931154	5.0	16.8799991608	68.4848010316	2.0	29.2600002289	0.698969993862	1.0	3
1.0	93.0141983032	1.0	0.0	2006.64001465	1.0	0.0	0.0	10.0	0.0	0.0	0.0	0.0	0.0	0.0	0.0	0.0	2.0	0.0	0.0	0.0	0.0	0.0	0.000818057656424	1.0	3
1.0	3844.34594727	1.0	0.0	2144.27001953	1.0	0.0	0.0	10.0	0.0	0.0	0.0	0.0	0.0	0.0	0.0	0.0	2.0	0.0	0.0	0.0	0.0	0.0	0.000818057656424	0.0	3
1.0	10316.4863281	5.0	2.0	6826.51708984	6.0	3.0	67.9200005531	0.0	0.00326311658137	0.994234204292	-0.107180528343	27.3393583849	50.0505395028	-69.5314025879	58.0231018066	-29.2038002014	0.645704750591	1.0	4.23999977112	3.55999994278	1.0	4.23999977112	0.998604284905	1.0	3
1.0	9309.29492188	5.0	2.0	6583.09912109	4.0	1.0	34.5200004578	0.0	-0.00326312286779	-0.994234204292	0.107180736959	33.5551850361	5.31461681735	-75.1517028809	25.4448013306	-19.91340065	0.035727201814	1.0	14.8599996567	16.3799991608	1.0	14.8599996567	0.998100386567	1.0	3
1.0	9653.3125	7.0	3.0	10117.1416016	5.0	3.0	102.399999619	0.0	-0.00326312286779	-0.994234204292	0.107180736959	44.8128205086	16.5285504389	-75.1517028809	25.4448013306	-19.91340065	0.035727201814	3.0	8.68000030518	39.3599996567	2.0	18.7000007629	0.999665221257	1.0	3
1.0	3888.34985352	1.0	1.0	2309.42602539	2.0	1.0	16.8999996185	0.0	0.00327086821198	0.994223177433	-0.107282526791	2.05692795351	3.78652221996	-74.9327011108	36.5968017578	-27.0562515259	0.951376852579	1.0	12.6800003052	13.0600004196	1.0	12.6800003052	0.572523960298	1.0	3
1.0	11234.5419922	3.0	2.0	6470.73535156	4.0	3.0	112.880000114	0.0	-0.00327090430073	-0.994234204292	0.107180528343	17.7503053495	36.2349889051	-70.0756988525	36.8057022095	-46.2533035278	0.992222755452	1.0	8.68000030518	8.06000041962	1.0	19.2399997711	0.999806533861	1.0	3
1.0	10610.3476562	4.0	3.0	7247.24658203	5.0	4.0	144.01999855	0.0	-0.00327124493197	-0.994232594967	0.107195578516	0.0	41.3558950435	-66.8162994385	41.5415496826	-48.1511001587	0.162442423467	3.0	8.68000030518	34.4800004959	2.0	19.2399997711	0.998488154977	1.0	3
1.0	8494.87890625	3.0	2.0	2853.92919922	2.0	1.0	18.1000003815	0.0	0.00326342089102	0.994221806526	-0.107295669615	34.906029308	1.4773628815	-67.9145965576	18.0336494446	-47.1333503723	0.293625544236	0.0	0.0	0.0	1.0	19.2399997711	0.99857204482	1.0	3
1.0	539.448974609	3.0	0.0	2447.89306641	2.0	0.0	0.0	10.0	0.0	0.0	0.0	0.0	0.0	0.0	0.0	0.0	2.0	0.0	0.0	0.0	0.0	0.0	0.000818057656424	1.0	3
1.0	10957.7412109	3.0	2.0	7295.14550781	4.0	3.0	93.0999994278	0.0	-0.00327124493197	-0.994232594967	0.107195578516	0.0	41.3558950435	-66.8162994385	41.5415496826	-48.1511001587	0.162442423467	1.0	13.4200000763	13.3599996567	1.0	19.2399997711	0.999846053169	1.0	3
1.0	4551.77539062	1.0	1.0	2827.85400391	1.0	1.0	22.5799994469	2.67575407362	0.375005275011	-0.876370072365	-0.302235841751	2.14823225395	6.06816292503	-67.40625	23.0839500427	-42.4552497864	0.778076076826	0.0	0.0	0.0	0.0	0.0	-1.0	0.0	3
1.0	6092.93701172	7.0	3.0	6402.57958984	7.0	3.0	47.2000005245	0.0	-0.0535315982997	-0.956508398056	0.286750793457	2.41757512142	40.4509646995	-56.5868530273	38.4631004333	-53.5735015869	0.194246667088	5.0	10.8000001907	53.9399995804	1.0	10.8000001907	0.951755224931	1.0	3
1.0	10410.6279297	6.0	1.0	2117.57324219	10.0	1.0	15.2600002289	0.0	-0.995684087276	0.0703864023089	0.0604894720018	0.0	40.8349667776	-60.6301498413	44.5229492188	-46.1724014282	0.663983193895	1.0	7.44000005722	6.69999980927	0.0	7.44000005722	0.973169372161	1.0	3
1.0	2208.14306641	2.0	2.0	4481.203125	2.0	2.0	39.279999733	0.0	-0.995689511299	0.0703876689076	0.0603980645537	40.3031362868	1.61889633507	-70.6472473145	16.0342502594	-12.8961496353	0.939087693634	5.0	9.81999969482	24.3624002635	0.0	29.1800003052	0.118098801166	1.0	3
1.0	1930.30725098	7.0	3.0	2972.3046875	3.0	1.0	30.6199989319	2.23138077724	-0.135587230325	0.96240323782	0.235363841057	39.7174308821	15.2236731681	-72.2351531982	19.2441501617	-26.3717498779	0.711282855488	1.0	41.7200012207	13.6599998474	0.0	41.7200012207	0.873845875035	1.0	3
1.0	8113.57519531	4.0	4.0	5262.71630859	6.0	4.0	121.340001345	0.0	-0.995689511299	0.0703876689076	0.0603980645537	47.4201747047	1.61889633507	-70.6472473145	16.0342502594	-12.8961496353	0.939087693634	9.0	7.44000005722	124.880002022	1.0	10.8000001907	0.975184625695	1.0	3
1.0	1821.06518555	3.0	2.0	3825.90429688	5.0	2.0	40.6800003052	0.0	-0.0535315982997	-0.956508398056	0.286750793457	2.41757512142	40.4509646995	-56.5868530273	38.4631004333	-53.5735015869	0.194246667088	5.0	10.8000001907	114.98000145	1.0	10.8000001907	0.842715449081	1.0	3
1.0	8946.71289062	4.0	4.0	5724.14746094	5.0	3.0	107.979999781	0.0	-0.995689570904	0.0703867897391	0.060398068279	42.1220851482	1.64554399326	-70.3007507324	24.6747493744	-18.0066509247	0.609762386668	13.0	9.81999969482	164.362401217	1.0	10.8000001907	0.993357598559	1.0	3
1.0	4502.50488281	2.0	1.0	2919.66992188	1.0	1.0	17.4799995422	2.98390857187	0.192257136106	-0.913115143776	-0.359524667263	2.43813692999	11.4024395758	-68.6640930176	30.778049469	-43.9046478271	0.88887064433	0.0	0.0	0.0	0.0	0.0	-1.0	0.0	3
1.0	9440.34765625	7.0	4.0	9688.89355469	10.0	3.0	6.67999982834	0.0	0.0335471108556	0.986689090729	-0.159120112658	48.8882609265	34.1173134754	-71.8538513184	11.341799736	-13.2118501663	0.899929306664	12.0	10.5	150.252402782	1.0	14.8999996185	0.996146152552	1.0	3
1.0	4583.34521484	3.0	1.0	2919.66992188	1.0	1.0	17.4799995422	2.98390857187	0.192257136106	-0.913115143776	-0.359524667263	2.43813692999	11.4024395758	-68.6640930176	30.778049469	-43.9046478271	0.88887064433	0.0	0.0	0.0	0.0	0.0	0.0114253031408	1.0	3
1.0	10118.8671875	8.0	5.0	9411.61523438	13.0	6.0	128.659999371	0.0	0.0335471108556	0.986689090729	-0.159120112658	48.1879489809	4.02141216102	-69.7638549805	10.5255002975	-11.6526498795	0.0645953039372	20.0	3.11999988556	196.392402411	8.0	18.0	0.995103653488	1.0	3
1.0	5278.45410156	6.0	2.0	2948.35400391	3.0	2.0	33.0200002193	0.0	0.0335471220315	0.986689388752	-0.159118160605	36.2147681568	18.2627276718	-68.7997436523	23.4565010071	-37.5264511108	0.79192907987	1.0	6.34000015259	6.80000019073	1.0	6.34000015259	0.824638067539	1.0	3
1.0	6004.39794922	3.0	2.0	3923.09057617	4.0	1.0	37.779999733	1.4352978964	0.502306699753	0.349110811949	-0.791081309319	44.644250532	0.0	-73.1759033203	22.7471008301	-21.6905498505	0.697063366036	1.0	3.11999988556	0.0	0.0	3.11999988556	0.985572285481	1.0	3
1.0	2456.72875977	1.0	1.0	1200.35302734	3.0	2.0	21.0428165346	0.0	0.999265491962	-0.0309871118516	-0.0225452296436	3.05628558889	3.22705298186	-71.2783966064	11.9813499451	-11.8443498611	0.0340281930652	1.0	13.0200004578	15.6800003052	0.0	13.0200004578	0.61324858097	1.0	3
1.0	6532.55664062	7.0	2.0	1892.46777344	6.0	3.0	18.1500003338	0.0	-0.99926251173	0.0310830846429	0.0225451625884	34.6243838629	1.72323451469	-72.2082977295	21.9656982422	-23.8207511902	0.181102138568	0.0	0.0	0.0	1.0	14.7600002289	0.974308069499	1.0	3
1.0	236.759490967	2.0	0.0	286.031402588	4.0	0.0	0.0	10.0	0.0	0.0	0.0	0.0	0.0	0.0	0.0	0.0	2.0	0.0	0.0	0.0	0.0	0.0	0.000818057656424	1.0	3
1.0	5572.45947266	5.0	4.0	3257.25268555	4.0	2.0	40.0199992657	0.0	0.0335471220315	0.986689388752	-0.159118160605	30.4482987734	18.2627276718	-68.7997436523	23.4565010071	-37.5264511108	0.79192907987	4.0	6.34000015259	30.1999998093	1.0	6.34000015259	0.966714689688	1.0	3
1.0	5650.46142578	1.0	1.0	2784.67993164	1.0	1.0	12.6200003624	2.79997320503	-0.128447666764	-0.990726947784	0.04428666085	14.0021819373	1.92051237947	-71.8208007812	35.5605506897	-38.5107002258	0.586134435691	0.0	0.0	0.0	0.0	0.0	-1.0	0.0	3
1.0	9666.84570312	5.0	3.0	6757.09423828	7.0	3.0	63.2399997711	0.0	-0.999440729618	0.0	0.0334397517145	0.0	49.5989890899	-68.841003418	40.9464988708	-40.9617996216	0.741274038458	5.0	4.63999986649	54.5199995041	2.0	14.3199996948	0.999537406341	1.0	3
1.0	6850.40527344	3.0	1.0	6107.15625	5.0	3.0	34.3000001907	0.0	-0.999440729618	0.0	0.0334394983947	11.0987507441	10.9968904557	-69.8993988037	39.6679992676	-42.368598938	0.071371053712	2.0	14.5799999237	26.7800006866	0.0	18.0599994659	0.775870937924	1.0	3
1.0	6704.19921875	9.0	4.0	8431.53320312	8.0	3.0	42.2852000333	0.0	0.00770721072331	-0.965312242508	0.260984420776	1.01676965856	38.059615692	-58.460899353	51.1271514893	-51.2164993286	0.858688768421	7.0	11.9399995804	105.939998627	0.0	42.4399986267	0.980881220651	1.0	3
1.0	10591.6982422	1.0	1.0	9394.8515625	7.0	6.0	121.46000123	0.0	-0.999440729618	0.0	0.0334397517145	10.3395003685	33.4352231291	-68.841003418	40.9464988708	-40.9617996216	0.741274038458	8.0	12.279999733	139.899201069	0.0	37.5999984741	0.999993190482	1.0	3
1.0	6500.53515625	1.0	1.0	2855.41967773	1.0	1.0	12.6200003624	2.79997320503	-0.128447666764	-0.990726947784	0.04428666085	14.0021819373	1.92051237947	-71.8208007812	35.5605506897	-38.5107002258	0.586134435691	0.0	0.0	0.0	0.0	0.0	0.711340934474	1.0	3
1.0	6947.671875	5.0	3.0	7280.33544922	7.0	4.0	93.8451997377	0.0	-0.999437451363	0.0	0.0335369370878	37.8070602908	2.00862342376	-67.3460998535	0.288421988487	-24.6459503174	0.381678440801	9.0	12.279999733	159.600001335	0.0	37.5999984741	0.979323753682	1.0	3
1.0	6718.74609375	1.0	1.0	1062.69287109	5.0	2.0	4.60280010104	0.0	0.00770721072331	-0.965312242508	0.260984420776	12.064631679	44.7915161693	-72.0252990723	40.1630477905	-28.1261997223	0.694344504626	3.0	13.3400001526	33.4000003338	0.0	14.5799999237	0.887630981134	1.0	3
1.0	5545.04199219	5.0	4.0	7292.45507812	7.0	3.0	88.8200006485	0.0	-0.00770721072331	0.965312242508	-0.260984420776	1.39922010464	31.0159411784	-58.460899353	51.1271514893	-51.2164993286	0.775139059186	1.0	12.3199996948	12.8999996185	0.0	12.3199996948	0.979052226544	1.0	3
