valid	volumeS1	connectedComponentsS1	connectedComponentsS1Rel	volumeS2	connectedComponentsS2	connectedComponentsS2Rel	corticalSize	distanceMin	direction_x	direction_y	direction_z	distanceToExtremity1	distanceToExtremity2	gravityCenter_x	gravityCenter_y	gravityCenter_z	corticalDotProduct	junctions	junctionDepthMin	junctionsSize	plisDePassage	plisDePassageDepthMax	Potential	Class	cycle
1.0	3742.62719727	15.0	3.0	2625.96948242	7.0	1.0	52.640001297	3.02798616546	0.0584509670734	0.987318515778	-0.147599577904	33.4741840111	1.77428914415	-3.5282599926	7.7275800705	-60.9302520752	0.868911765864	0.0	0.0	0.0	0.0	0.0	0.999170966801	1.0	1
1.0	805.081726074	9.0	1.0	997.595581055	5.0	1.0	23.1200008392	3.03532701795	-0.0479213297367	0.988500416279	-0.143423825502	1.48150674303	11.9117190216	-3.52782487869	5.4349322319	-71.0822982788	0.481138210388	0.0	0.0	0.0	0.0	0.0	0.572637642014	1.0	1
1.0	3477.02978516	12.0	3.0	2677.60839844	7.0	2.0	56.3600006104	2.41066169076	-0.237143516541	-0.713945627213	-0.658820569515	34.9297442577	3.7131401156	-3.66862487793	-1.64368700981	-61.7938995361	0.846668595899	0.0	0.0	0.0	0.0	0.0	0.985802103608	1.0	1
1.0	200.293609619	2.0	1.0	106.674003601	1.0	1.0	2.25999999046	4.26803241468	0.494317263365	0.746287226677	0.445764243603	3.11872387565	2.60653192943	-9.07432556152	-14.1363649368	-67.226852417	0.608861105651	0.0	0.0	0.0	0.0	0.0	0.0219550704382	1.0	1
1.0	339.080993652	2.0	1.0	754.313964844	1.0	1.0	12.3999996185	3.27458400268	-0.969629645348	0.17597194016	0.169859439135	6.21330088367	2.10323994182	-19.7526493073	9.98003005981	-77.1240997314	0.291904570559	0.0	0.0	0.0	0.0	0.0	-1.0	0.0	1
1.0	4525.43115234	7.0	1.0	434.503997803	2.0	2.0	25.6799998283	2.5641431425	-0.959408283234	0.0771470591426	0.271263897419	32.5312222046	8.84409942405	-34.6510505676	-0.408832490444	-70.6298522949	0.600854569378	0.0	0.0	0.0	0.0	0.0	0.993386618621	1.0	1
1.0	5782.25341797	9.0	4.0	3018.70898438	6.0	5.0	158.440001011	0.0	-0.10493888706	-0.992566823959	-0.0616356544197	10.1253433105	26.6950227723	-34.4976005554	21.0193996429	-70.2350006104	0.611444803294	2.0	3.90000009537	20.6000003815	1.0	3.90000009537	0.999998248601	1.0	1
1.0	5854.19580078	10.0	4.0	3901.40673828	7.0	6.0	154.419999838	0.0	-0.10493888706	-0.992566823959	-0.0616356544197	10.1253433105	26.6950227723	-34.4976005554	21.0193996429	-70.2350006104	0.611444803294	3.0	3.90000009537	28.8400001526	2.0	5.67999982834	0.999990656067	1.0	1
1.0	1334.27368164	3.0	1.0	754.313964844	1.0	1.0	21.7000007629	0.0	-0.995591580868	0.0936328545213	-0.00550627009943	1.43869932776	6.47580814395	-30.6308002472	12.3670005798	-74.3657989502	0.735175099181	1.0	3.90000009537	4.42000007629	1.0	3.90000009537	0.288226501117	1.0	1
1.0	3493.73486328	9.0	4.0	3169.33886719	3.0	3.0	102.120000601	0.0	-0.10493888706	-0.992566823959	-0.0616356544197	10.1253433105	24.7440499778	-34.4976005554	21.0193996429	-70.2350006104	0.611444803294	2.0	3.90000009537	20.6000003815	1.0	3.90000009537	0.999129165282	1.0	1
1.0	339.080993652	2.0	0.0	301.272003174	1.0	0.0	0.0	10.0	0.0	0.0	0.0	0.0	0.0	0.0	0.0	0.0	2.0	0.0	0.0	0.0	0.0	0.0	1.3221479843e-08	1.0	1
1.0	2982.97119141	7.0	3.0	3680.10302734	4.0	3.0	105.220000267	0.0	-0.995591580868	0.0936328545213	-0.00550627009943	1.43869932776	18.1371497965	-30.6308002472	12.3670005798	-74.3657989502	0.735175099181	1.0	3.90000009537	4.42000007629	1.0	3.90000009537	0.978498538542	1.0	1
1.0	2245.81518555	3.0	1.0	2090.73193359	4.0	3.0	66.4799995422	0.0	0.10493888706	0.992566823959	0.0616356544197	4.17287139055	28.1528625596	-34.4976005554	21.0193996429	-70.2350006104	0.611444803294	1.0	16.8999996185	16.1800003052	0.0	16.8999996185	0.714581754588	1.0	1
1.0	2575.57128906	7.0	2.0	1579.96801758	2.0	2.0	33.7800006866	2.97670619347	0.97206312418	0.142966046929	-0.186155840755	4.0779766859	23.672665326	-29.391450882	29.1284008026	-72.4191436768	0.650154595686	0.0	0.0	0.0	0.0	0.0	0.966972619446	1.0	1
1.0	47.8989982605	1.0	1.0	504.459014893	1.0	1.0	27.0599994659	1.82000277917	0.0334201343358	0.984705150127	-0.170993804932	1.12123280044	6.29760621527	-20.8865509033	2.85068511963	-76.1983947754	0.262614590942	0.0	0.0	0.0	0.0	0.0	-1.0	0.0	1
1.0	2178.08007812	6.0	3.0	2707.71044922	6.0	4.0	99.3800005913	0.0	0.0334208868444	0.984704315662	-0.170998305082	47.6004978722	11.9380806095	-31.4158496857	-12.70470047	-64.2806015015	0.461837350604	2.0	8.31999969482	18.759999752	0.0	11.8999996185	0.971736987721	1.0	1
1.0	187.650497437	2.0	0.0	1633.55297852	3.0	0.0	0.0	10.0	0.0	0.0	0.0	0.0	0.0	0.0	0.0	0.0	2.0	0.0	0.0	0.0	0.0	0.0	1.3221479843e-08	1.0	1
1.0	2919.19628906	9.0	2.0	3491.89648438	6.0	4.0	74.9696015269	0.0	-0.999344289303	0.0346973277628	0.0103505048901	32.0649685127	10.3593991806	-33.077999115	-12.1028499603	-64.3576965332	0.579214522753	2.0	8.31999969482	13.6799998283	0.0	8.31999969482	0.968642537448	1.0	1
1.0	1426.46203613	3.0	3.0	1503.34692383	4.0	4.0	122.740002155	0.0	0.0334196016192	0.984707057476	-0.17098288238	21.7761110125	3.73933291308	-31.4448509216	-13.0029506683	-66.039100647	0.447719864639	1.0	11.8999996185	11.6199998856	0.0	11.8999996185	0.739429273047	1.0	1
1.0	504.459014893	1.0	1.0	492.492980957	3.0	2.0	36.8199996948	0.0	-0.0334193296731	-0.984704554081	0.170997232199	3.567684095	4.33591458637	-35.3280487061	5.33737468719	-70.9613952637	0.41277351283	1.0	19.6000003815	19.6800003052	0.0	19.6000003815	0.973858411752	1.0	1
1.0	1044.48498535	2.0	2.0	724.894958496	2.0	2.0	46.5599994659	1.82000277917	-0.0334201343358	-0.984705150127	0.170993804932	6.29760621527	10.644133654	-20.8865509033	2.85068511963	-76.1983947754	0.262614590942	0.0	0.0	0.0	0.0	0.0	0.0658226925194	1.0	1
1.0	774.427001953	3.0	1.0	1229.26696777	2.0	1.0	27.0599994659	1.82000277917	0.0334201343358	0.984705150127	-0.170993804932	1.12123280044	13.5133232811	-20.8865509033	2.85068511963	-76.1983947754	0.262614590942	0.0	0.0	0.0	0.0	0.0	0.517914821529	1.0	1
1.0	504.459014893	1.0	1.0	492.492980957	3.0	2.0	36.8199996948	0.0	-0.0334193296731	-0.984704554081	0.170997232199	3.567684095	4.33591458637	-35.3280487061	5.33737468719	-70.9613952637	0.41277351283	1.0	19.6000003815	19.6800003052	0.0	19.6000003815	0.972101993453	1.0	1
1.0	85.6724014282	1.0	1.0	960.854003906	1.0	1.0	15.8599996567	2.76544749234	-0.346614181995	-0.899674594402	0.265413224697	2.03501831427	7.88968176142	-27.1255989075	7.24598026276	-77.8454971313	0.889189872515	0.0	0.0	0.0	0.0	0.0	-1.0	0.0	1
1.0	3509.99365234	7.0	3.0	3438.41210938	6.0	3.0	75.6599998474	0.0	-0.998026072979	0.0331819653511	-0.0533185824752	22.3835871705	0.0	-30.1007499695	-12.8742008209	-69.398147583	0.804846796822	0.0	0.0	0.0	1.0	12.7399997711	0.997938752707	1.0	1
1.0	85.6724014282	1.0	1.0	423.291992188	1.0	1.0	5.07999992371	2.76544749234	-0.346614181995	-0.899674594402	0.265413224697	2.03501831427	7.88968176142	-27.1255989075	7.24598026276	-77.8454971313	0.889189872515	0.0	0.0	0.0	0.0	0.0	0.125891039694	1.0	1
1.0	3340.64868164	10.0	4.0	3920.36523438	8.0	3.0	97.5799996853	0.0	-0.998023152351	0.0332707650959	-0.05331851542	1.43318528916	38.4077157278	-26.926651001	26.1550483704	-77.6494445801	0.245142509146	5.0	8.23999977112	45.6599998474	2.0	9.35999965668	0.992155095612	1.0	1
1.0	1800.00537109	4.0	4.0	1529.59155273	4.0	4.0	94.0799987316	0.0	-0.998026072979	0.0331819653511	-0.0533185824752	32.4197350924	14.4598943904	-30.1007499695	-12.8742008209	-69.398147583	0.804846796822	2.0	9.34000015259	18.1400003433	2.0	12.7399997711	0.775345945492	1.0	1
1.0	85.6724014282	1.0	1.0	423.291992188	1.0	1.0	5.07999992371	2.76544749234	-0.346614181995	-0.899674594402	0.265413224697	2.03501831427	7.88968176142	-27.1255989075	7.24598026276	-77.8454971313	0.889189872515	0.0	0.0	0.0	0.0	0.0	0.125891039694	1.0	1
1.0	2881.25952148	4.0	3.0	448.337402344	2.0	2.0	35.3999996185	0.0	-0.998026072979	0.0331819653511	-0.0533185824752	32.4197350924	14.4598943904	-30.1007499695	-12.8742008209	-69.398147583	0.804846796822	0.0	0.0	0.0	1.0	12.7399997711	0.973584952977	1.0	1
1.0	331.391998291	2.0	1.0	398.355987549	1.0	1.0	29.9599990845	0.0	0.994934976101	0.0	-0.100520513952	2.70769059744	1.88028000754	-21.0906486511	24.660200119	-74.8325500488	0.665208627115	1.0	7.01999998093	6.69999980927	0.0	7.01999998093	-1.0	0.0	1
1.0	3675.93481445	5.0	0.0	2497.79003906	6.0	0.0	0.0	10.0	0.0	0.0	0.0	0.0	0.0	0.0	0.0	0.0	2.0	0.0	0.0	0.0	0.0	0.0	1.3221479843e-08	1.0	1
1.0	1770.40087891	4.0	1.0	1381.67651367	5.0	1.0	29.9599990845	0.0	0.994934976101	0.0	-0.100520513952	2.70769059744	20.8100917464	-21.0906486511	24.660200119	-74.8325500488	0.665208627115	1.0	7.01999998093	6.69999980927	0.0	7.01999998093	0.576352104908	1.0	1
1.0	3396.72949219	6.0	0.0	1176.98461914	5.0	0.0	0.0	10.0	0.0	0.0	0.0	0.0	0.0	0.0	0.0	0.0	2.0	0.0	0.0	0.0	0.0	0.0	1.3221479843e-08	1.0	1
1.0	1545.06201172	2.0	1.0	819.020996094	3.0	1.0	6.0	3.19776490356	-0.11517021805	0.992324411869	-0.0450337007642	12.3946416358	0.0	-28.7813491821	5.3804769516	-72.9544525146	0.360069816336	0.0	0.0	0.0	0.0	0.0	0.175271387938	1.0	1
1.0	331.391998291	2.0	2.0	1398.57104492	3.0	2.0	51.5199985504	0.0	0.994934976101	0.0	-0.100520513952	2.70769059744	25.0803777166	-21.0906486511	24.660200119	-74.8325500488	0.665208627115	1.0	7.01999998093	6.69999980927	1.0	8.46000003815	0.360143266542	1.0	1
1.0	1919.29785156	3.0	3.0	1020.14099121	2.0	1.0	33.0399992466	3.21311368313	-0.0984117090702	0.990133225918	0.0997561067343	30.8244137778	1.12124849458	-6.75424003601	-7.96264505386	-57.0401496887	0.0255456212493	0.0	0.0	0.0	0.0	0.0	0.979961219068	1.0	1
1.0	283.744598389	2.0	1.0	599.153015137	1.0	1.0	14.6199998856	2.43891161611	-0.391996353865	0.874573886395	0.285410881042	0.0	10.5843126371	-26.835849762	25.40599823	-84.0528564453	0.674107170743	0.0	0.0	0.0	0.0	0.0	-1.0	0.0	1
1.0	3733.10522461	8.0	4.0	1265.08996582	5.0	3.0	70.3200001717	0.0	0.998988509178	-0.0365149080753	0.026242364198	3.58024683397	15.3303817812	-35.073097229	26.8092498779	-76.6474533081	0.830519133631	2.0	14.6599998474	30.4199991226	2.0	15.5600004196	0.996440724593	1.0	1
1.0	61.8226013184	1.0	1.0	821.075012207	2.0	1.0	16.7999992371	3.08677503592	0.424720138311	0.895321011543	0.134212821722	1.28316348813	4.53070537881	-13.1178998947	9.69371986389	-83.7906036377	0.486600786615	0.0	0.0	0.0	0.0	0.0	0.0591473897098	1.0	1
1.0	5512.59667969	14.0	5.0	2137.86376953	3.0	3.0	124.959998608	0.0	0.0429310128093	0.985950350761	-0.161427438259	0.0	12.1013977006	-2.02594995499	32.2270507812	-67.7678527832	0.924017280916	3.0	14.6599998474	44.3399991989	4.0	15.5600004196	0.999759831714	1.0	1
1.0	1259.84106445	4.0	3.0	1757.93664551	3.0	3.0	80.1199982166	0.0	0.0429133251309	0.985951542854	-0.161425039172	21.6445826495	34.2794234343	-31.5769004822	2.42523002625	-80.3664550781	0.677473033825	0.0	0.0	0.0	1.0	16.6800003052	0.924417839467	1.0	1
1.0	1575.05810547	3.0	3.0	990.133544922	3.0	3.0	62.3999991417	0.0	-0.0190145093948	0.143784582615	0.989426314831	25.2284122693	31.2980231564	-33.2425994873	27.0175514221	-74.6940002441	0.126207875355	1.0	15.279999733	13.9200000763	1.0	15.279999733	0.994290046323	1.0	1
1.0	632.786621094	3.0	2.0	599.153015137	1.0	1.0	44.3000001907	2.43891161611	-0.391996353865	0.874573886395	0.285410881042	24.2581897364	10.5843126371	-26.835849762	25.40599823	-84.0528564453	0.674107170743	0.0	0.0	0.0	0.0	0.0	0.29374589928	1.0	1
1.0	2702.79907227	5.0	4.0	914.131591797	2.0	2.0	114.559999704	0.0	0.998988509178	-0.0365149080753	0.026242364198	35.1544791403	15.3303817812	-35.073097229	26.8092498779	-76.6474533081	0.830519133631	2.0	14.6599998474	30.0599994659	2.0	15.279999733	0.994582040023	1.0	1
1.0	283.744598389	2.0	2.0	928.311035156	2.0	2.0	43.8000001907	2.43891161611	-0.391996353865	0.874573886395	0.285410881042	0.0	24.3838617136	-26.835849762	25.40599823	-84.0528564453	0.674107170743	0.0	0.0	0.0	0.0	0.0	0.34686670463	1.0	1
1.0	2303.36352539	4.0	3.0	964.525024414	2.0	2.0	44.5199987888	0.0	-0.0190145093948	0.143784582615	0.989426314831	1.2831677205	16.2333921852	-33.2425994873	27.0175514221	-74.6940002441	0.126207875355	2.0	14.6599998474	30.0599994659	2.0	15.279999733	0.980717775624	1.0	1
1.0	882.090454102	4.0	0.0	907.896972656	1.0	0.0	0.0	10.0	0.0	0.0	0.0	0.0	0.0	0.0	0.0	0.0	2.0	0.0	0.0	0.0	0.0	0.0	1.3221479843e-08	0.0	1
1.0	5269.66015625	14.0	6.0	6360.50146484	8.0	4.0	169.779998779	0.0	0.999825954437	0.0	0.0186565555632	45.8553539535	2.51769436592	-33.978099823	-12.2197999954	-72.7437438965	0.921001362334	4.0	6.07999992371	27.9400000572	2.0	21.4799995422	0.999873451453	1.0	1
1.0	1794.62866211	10.0	3.0	3275.17578125	7.0	2.0	43.7800006866	0.0	-0.00375808239914	-0.980663836002	0.19566385448	20.564618726	38.4922293323	1.21705508232	2.82926011086	-63.4421005249	0.011416450424	2.0	5.80000019073	11.779999733	0.0	6.88000011444	0.84143664161	1.0	1
1.0	3376.484375	10.0	1.0	3093.45874023	6.0	1.0	10.1000003815	3.34451784248	-0.877609848976	0.469203144312	0.0982314124703	19.1479510319	15.2834764685	-26.2975006104	-1.2176450491	-75.9609985352	0.609452589184	0.0	0.0	0.0	0.0	0.0	0.98763803238	1.0	1
1.0	3571.5871582	7.0	4.0	1703.28735352	4.0	3.0	81.720000267	0.0	0.999825954437	0.0	0.0186565555632	45.8553539535	30.0506709633	-33.978099823	-12.2197999954	-72.7437438965	0.921001362334	0.0	0.0	0.0	1.0	21.4799995422	0.924215091112	1.0	1
1.0	3964.58422852	8.0	1.0	912.434387207	3.0	1.0	19.0399999619	2.86336684782	-0.533998847008	-0.830989897251	0.155887827277	0.0	13.8575175854	-1.7610449791	13.382024765	-78.4167480469	0.141027975215	0.0	0.0	0.0	0.0	0.0	0.996005033761	1.0	1
1.0	1368.32446289	8.0	3.0	1487.36437988	3.0	1.0	47.7000007629	2.86336684782	-0.533998847008	-0.830989897251	0.155887827277	11.773154686	1.84657587659	-1.7610449791	13.382024765	-78.4167480469	0.141027975215	0.0	0.0	0.0	0.0	0.0	0.72307617882	1.0	1
1.0	5920.2265625	12.0	2.0	2361.875	3.0	2.0	51.7199993134	0.0	0.00382825522684	0.980681955814	-0.195571571589	2.98308796002	20.6280367359	-32.2831001282	15.9014492035	-75.9950561523	0.161484704181	2.0	23.2999992371	48.9799995422	2.0	25.1599998474	0.999805339598	1.0	1
1.0	1054.53027344	6.0	2.0	2451.4140625	2.0	2.0	19.240000248	3.34302263281	-0.77843952179	0.626720786095	-0.0353977866471	22.5557134892	24.1880217109	-25.738948822	-0.339800000191	-76.7081985474	0.758181658891	0.0	0.0	0.0	0.0	0.0	0.413191115996	1.0	1
1.0	3612.4206543	9.0	4.0	3344.70483398	4.0	3.0	102.099999428	0.0	0.999825954437	0.0	0.0186565555632	45.8553539535	2.51769436592	-33.978099823	-12.2197999954	-72.7437438965	0.921001362334	2.0	5.38000011444	15.0	1.0	21.4799995422	0.978404865722	1.0	1
1.0	344.154418945	2.0	1.0	816.518005371	1.0	1.0	10.0399999619	3.16007914408	-0.663259983063	0.744523704052	-0.0759652033448	0.0	14.7744949195	-27.6245994568	10.2460451126	-74.1027984619	0.617723000972	0.0	0.0	0.0	0.0	0.0	-1.0	0.0	1
1.0	3212.95410156	10.0	4.0	2479.71484375	5.0	2.0	78.280000329	0.0	-0.993508636951	0.0	-0.113756507635	28.8671759627	2.22223725992	-26.8242492676	-9.89284992218	-66.1291046143	0.251296912841	3.0	6.59999990463	24.1199998856	0.0	13.1999998093	0.99329915118	1.0	1
1.0	3678.19799805	7.0	4.0	2709.09082031	7.0	3.0	105.280000091	0.0	0.0265243202448	0.970083475113	-0.241318166256	31.5381922289	2.1250430477	-26.3136997223	-11.4069004059	-65.6892471313	0.495705828173	1.0	13.1999998093	12.720000267	0.0	13.1999998093	0.999958001232	1.0	1
1.0	3210.76220703	7.0	3.0	3101.78588867	6.0	1.0	94.8800001144	0.0	0.0265243202448	0.970083475113	-0.241318166256	20.2652818849	2.1250430477	-26.3136997223	-11.4069004059	-65.6892471313	0.495705828173	2.0	13.1999998093	32.1600008011	0.0	20.3999996185	0.997598560492	1.0	1
1.0	1505.08068848	8.0	4.0	2328.72631836	2.0	1.0	78.2400013208	0.0	0.0265242736787	0.970081806183	-0.241325065494	3.71316097106	25.3627514813	-17.6758003235	14.4682006836	-73.0904541016	0.668960462982	2.0	6.59999990463	11.9200000763	0.0	7.48000001907	0.96566302829	1.0	1
1.0	1524.76037598	8.0	2.0	2163.04858398	2.0	1.0	39.8799989223	2.31986640726	0.697401940823	0.237928152084	-0.676033079624	21.1354949731	21.7621620348	-21.3324508667	7.16883516312	-75.4162445068	0.230544739092	0.0	0.0	0.0	0.0	0.0	0.971367300506	1.0	1
1.0	868.324462891	5.0	2.0	2328.72631836	2.0	1.0	47.8400006294	2.97754434727	-0.295720398426	-0.869183540344	0.39631986618	9.00072051625	9.09763871793	-19.883600235	-4.11910390854	-73.3433532715	0.461646703966	0.0	0.0	0.0	0.0	0.0	0.82949739691	1.0	1
1.0	1544.44641113	9.0	4.0	1419.72094727	3.0	2.0	36.8400007486	0.0	-0.993508636951	0.0	-0.113756507635	28.8671759627	2.22223725992	-26.8242492676	-9.89284992218	-66.1291046143	0.251296912841	2.0	7.48000001907	18.5199999809	0.0	13.1999998093	0.982089899281	1.0	1
1.0	512.485107422	3.0	1.0	272.135986328	1.0	1.0	4.44000005722	3.48300157516	-0.733920693398	0.650384604931	0.195857837796	0.0	3.18396163896	-33.1052017212	11.5622997284	-71.048500061	0.365663804782	0.0	0.0	0.0	0.0	0.0	-1.0	0.0	1
1.0	719.794494629	5.0	2.0	843.637939453	3.0	3.0	47.7799992561	2.67380066127	0.0849627479911	0.953446805477	-0.289344966412	27.461235247	6.67434423033	-7.19625997543	7.58428525925	-56.1008987427	0.186404017631	0.0	0.0	0.0	0.0	0.0	0.583932021026	1.0	1
1.0	2009.1887207	9.0	4.0	3140.04223633	7.0	5.0	130.639999866	0.0	0.982096552849	-0.129215240479	-0.137075737119	1.76151937904	34.0488554158	-25.1112499237	24.1263504028	-73.0140991211	0.242357064047	2.0	9.39999961853	17.6200008392	0.0	9.97999954224	0.995268253754	1.0	1
1.0	686.217102051	4.0	1.0	272.135986328	1.0	1.0	4.44000005722	3.48300157516	-0.733920693398	0.650384604931	0.195857837796	0.0	3.18396163896	-33.1052017212	11.5622997284	-71.048500061	0.365663804782	0.0	0.0	0.0	0.0	0.0	0.267546236503	1.0	1
1.0	1151.31884766	5.0	0.0	308.976989746	2.0	0.0	0.0	10.0	0.0	0.0	0.0	0.0	0.0	0.0	0.0	0.0	2.0	0.0	0.0	0.0	0.0	0.0	1.3221479843e-08	1.0	1
1.0	1554.77783203	8.0	4.0	1508.64599609	3.0	3.0	113.78000021	0.0	0.982096552849	-0.129215240479	-0.137075737119	1.76151937904	13.2571144947	-25.1112499237	24.1263504028	-73.0140991211	0.242357064047	2.0	9.39999961853	17.6200008392	0.0	9.97999954224	0.99154178706	1.0	1
1.0	651.499694824	3.0	0.0	923.359985352	4.0	0.0	0.0	10.0	0.0	0.0	0.0	0.0	0.0	0.0	0.0	0.0	2.0	0.0	0.0	0.0	0.0	0.0	1.3221479843e-08	1.0	1
1.0	1856.71655273	7.0	2.0	941.706420898	3.0	3.0	53.6599993706	2.67380066127	0.0849627479911	0.953446805477	-0.289344966412	27.461235247	6.67434423033	-7.19625997543	7.58428525925	-56.1008987427	0.186404017631	0.0	0.0	0.0	0.0	0.0	0.980847935167	1.0	1
1.0	135.185699463	2.0	1.0	991.218994141	1.0	1.0	16.0400009155	2.86349257539	0.0412218570709	0.99454921484	-0.0957735329866	0.0	0.0	-19.4309997559	-6.04916524887	-77.0659484863	0.817056511985	0.0	0.0	0.0	0.0	0.0	-1.0	0.0	1
1.0	1833.55895996	10.0	4.0	716.543701172	4.0	2.0	54.6000003815	3.28067069616	-0.875248908997	0.150990054011	0.45950114727	35.4175911012	30.3384264151	-24.3100509644	-9.31406497955	-74.2005462646	0.424674223264	0.0	0.0	0.0	0.0	0.0	0.978451773074	1.0	1
1.0	3155.64282227	12.0	5.0	3044.24511719	6.0	3.0	123.700001717	1.6183973569	0.791179835796	-0.411773890257	-0.452190995216	31.023548506	31.5568371768	-20.0727500916	4.00413990021	-77.3899993896	0.00559191714015	0.0	0.0	0.0	0.0	0.0	0.996849477865	1.0	1
1.0	2069.02099609	11.0	4.0	3539.60180664	6.0	3.0	91.7600011826	2.31723537691	0.0621481873095	0.801277935505	-0.595055699348	26.4355236026	0.0	-2.23329496384	-7.69782447815	-56.5217971802	0.988534703726	0.0	0.0	0.0	0.0	0.0	0.993018561758	1.0	1
1.0	200.114196777	3.0	1.0	991.218994141	1.0	1.0	16.0400009155	2.86349257539	0.0412218570709	0.99454921484	-0.0957735329866	0.0	0.0	-19.4309997559	-6.04916524887	-77.0659484863	0.817056511985	0.0	0.0	0.0	0.0	0.0	0.21800204676	1.0	1
1.0	2538.36791992	9.0	4.0	2471.61108398	3.0	2.0	95.2400021553	0.0	-0.0412696152925	-0.994553625584	0.0957074835896	18.0908801653	10.9165173182	-14.8292999268	8.44548511505	-76.8670959473	0.392374695828	1.0	11.1800003052	11.3999996185	0.0	11.1800003052	0.990063019556	1.0	1
1.0	1126.40466309	3.0	2.0	824.051025391	3.0	3.0	68.0200009346	0.0	0.0412696152925	0.994553625584	-0.0957074835896	24.9516175218	18.0908801653	-14.8292999268	8.44548511505	-76.8670959473	0.392374695828	1.0	11.1800003052	11.3999996185	0.0	11.1800003052	0.473066419912	1.0	1
1.0	3006.51391602	8.0	3.0	2003.46508789	4.0	4.0	107.900001049	0.0	0.0412695594132	0.994542360306	-0.0958245918155	42.5989201629	31.6958009777	-31.1487007141	-8.78214073181	-70.4125518799	0.54916495112	1.0	15.5600004196	15.6199998856	0.0	15.5600004196	0.972466328187	1.0	1
1.0	593.208251953	4.0	2.0	1369.4609375	2.0	2.0	63.4000015259	1.6183973569	0.791179835796	-0.411773890257	-0.452190995216	4.01672128365	5.46640453304	-20.0727500916	4.00413990021	-77.3899993896	0.00559191714015	0.0	0.0	0.0	0.0	0.0	0.437958549766	1.0	1
1.0	1699.46520996	7.0	2.0	2319.29516602	5.0	2.0	35.9399995804	0.0	0.0412695594132	0.994542360306	-0.0958245918155	2.49492492835	31.6958009777	-31.1487007141	-8.78214073181	-70.4125518799	0.54916495112	1.0	15.5600004196	15.6199998856	0.0	15.5600004196	0.965754370322	1.0	1
1.0	144.195007324	1.0	0.0	336.432006836	1.0	0.0	0.0	10.0	0.0	0.0	0.0	0.0	0.0	0.0	0.0	0.0	2.0	0.0	0.0	0.0	0.0	0.0	1.3221479843e-08	0.0	1
1.0	2247.14892578	11.0	2.0	1465.06201172	7.0	2.0	47.3999996185	2.79191148928	-0.408424586058	0.855146586895	0.319239199162	38.1103253448	40.8097759089	-3.21709990501	1.12633991241	-58.0337982178	0.722639459249	0.0	0.0	0.0	0.0	0.0	0.972510086676	1.0	1
1.0	597.069641113	5.0	1.0	715.54876709	3.0	1.0	11.9200000763	3.0812383872	-0.749241769314	0.651959300041	0.116558417678	0.0	15.7668392941	-24.2922496796	13.9752502441	-72.8363952637	0.778789679768	0.0	0.0	0.0	0.0	0.0	0.283383774796	1.0	1
1.0	2315.54443359	10.0	4.0	2871.80712891	6.0	2.0	67.1999988556	0.0	-0.0288053303957	0.963138818741	-0.267458170652	45.8133883828	3.56330163723	-31.7796993256	-17.0354003906	-59.9568481445	0.0175522880652	2.0	7.32000017166	25.1800003052	1.0	18.4200000763	0.988238543916	1.0	1
1.0	554.372009277	4.0	0.0	650.691040039	2.0	0.0	0.0	10.0	0.0	0.0	0.0	0.0	0.0	0.0	0.0	0.0	2.0	0.0	0.0	0.0	0.0	0.0	1.3221479843e-08	1.0	1
1.0	447.143798828	4.0	0.0	1545.40600586	4.0	0.0	0.0	10.0	0.0	0.0	0.0	0.0	0.0	0.0	0.0	0.0	2.0	0.0	0.0	0.0	0.0	0.0	1.3221479843e-08	1.0	1
1.0	256.105010986	2.0	0.0	650.691040039	2.0	0.0	0.0	10.0	0.0	0.0	0.0	0.0	0.0	0.0	0.0	0.0	2.0	0.0	0.0	0.0	0.0	0.0	1.3221479843e-08	1.0	1
1.0	338.009307861	3.0	0.0	147.190002441	1.0	0.0	0.0	10.0	0.0	0.0	0.0	0.0	0.0	0.0	0.0	0.0	2.0	0.0	0.0	0.0	0.0	0.0	1.3221479843e-08	0.0	1
1.0	3593.45458984	7.0	2.0	2023.97485352	4.0	3.0	84.4200000763	0.0	-0.0130708143115	0.976933121681	-0.213145017624	23.0207298106	0.0	-6.38282489777	23.699798584	-59.1352005005	0.228920221973	1.0	2.74000000954	2.03999996185	1.0	2.74000000954	0.964417829881	1.0	1
1.0	406.498718262	4.0	0.0	147.190002441	1.0	0.0	0.0	10.0	0.0	0.0	0.0	0.0	0.0	0.0	0.0	0.0	2.0	0.0	0.0	0.0	0.0	0.0	1.3221479843e-08	1.0	1
1.0	3910.88110352	11.0	3.0	2111.19897461	5.0	3.0	105.13999939	0.0	-0.0130708143115	0.976933121681	-0.213145017624	23.0207298106	34.4721868708	-6.38282489777	23.699798584	-59.1352005005	0.228920221973	1.0	2.74000000954	2.03999996185	1.0	2.74000000954	0.997605790005	1.0	1
1.0	2678.78735352	7.0	2.0	1182.59399414	2.0	1.0	47.6599998474	2.20591472639	0.920622229576	-0.0567502453923	-0.386308342218	0.0	26.2415884569	-29.0184001923	2.92501497269	-76.0747070312	0.366923717513	0.0	0.0	0.0	0.0	0.0	0.899811194417	1.0	1
1.0	3667.60717773	11.0	4.0	1629.65002441	2.0	2.0	128.939999521	1.71281928824	-0.29940778017	-0.926992952824	0.225918188691	23.8559614056	17.1866939859	-34.3416976929	16.1296005249	-72.9635009766	0.729287010739	0.0	0.0	0.0	0.0	0.0	0.992734188853	1.0	1
1.0	406.498718262	4.0	0.0	147.190002441	1.0	0.0	0.0	10.0	0.0	0.0	0.0	0.0	0.0	0.0	0.0	0.0	2.0	0.0	0.0	0.0	0.0	0.0	1.3221479843e-08	1.0	1
1.0	352.984985352	1.0	0.0	56.2513008118	1.0	0.0	0.0	10.0	0.0	0.0	0.0	0.0	0.0	0.0	0.0	0.0	2.0	0.0	0.0	0.0	0.0	0.0	1.3221479843e-08	1.0	1
1.0	527.865722656	5.0	0.0	1300.21606445	3.0	0.0	0.0	10.0	0.0	0.0	0.0	0.0	0.0	0.0	0.0	0.0	2.0	0.0	0.0	0.0	0.0	0.0	1.3221479843e-08	1.0	1
1.0	3025.28271484	8.0	3.0	1437.03100586	3.0	2.0	69.740000248	2.20591472639	0.920622229576	-0.0567502453923	-0.386308342218	0.0	27.0048270566	-29.0184001923	2.92501497269	-76.0747070312	0.366923717513	0.0	0.0	0.0	0.0	0.0	0.972348209631	1.0	1
1.0	776.705932617	4.0	0.0	813.440979004	1.0	0.0	0.0	10.0	0.0	0.0	0.0	0.0	0.0	0.0	0.0	0.0	2.0	0.0	0.0	0.0	0.0	0.0	1.3221479843e-08	0.0	1
1.0	4351.24169922	10.0	3.0	4157.72021484	5.0	2.0	69.5400018692	0.0	-0.00919097289443	0.994012534618	-0.108878724277	21.7380392472	27.338063062	-5.2118396759	23.8635997772	-61.7118988037	0.02521603715	1.0	7.82000017166	7.42000007629	1.0	7.82000017166	0.996282306556	1.0	1
1.0	953.793945312	5.0	1.0	979.91796875	2.0	2.0	37.6999983788	2.5250247652	-0.506604373455	0.837481081486	0.20488409698	14.7783984734	27.3834520326	-23.0686988831	17.8584003448	-81.9821472168	0.837276490013	0.0	0.0	0.0	0.0	0.0	0.0421624895764	1.0	1
1.0	2767.03735352	10.0	4.0	4816.17138672	6.0	4.0	168.800001144	0.0	0.00919097289443	-0.994012534618	0.108878724277	11.6297770926	24.0323982645	-5.2118396759	23.8635997772	-61.7118988037	0.02521603715	2.0	7.82000017166	26.8199996948	1.0	7.82000017166	0.99647294156	1.0	1
1.0	3619.49169922	7.0	1.0	2145.76586914	4.0	2.0	48.3799991608	2.95267672896	0.0702264904976	0.55091547966	0.831601083279	0.0	25.3122872487	-4.48628997803	0.878210067749	-66.3051986694	0.993755044257	0.0	0.0	0.0	0.0	0.0	0.948243175514	1.0	1
1.0	3812.98852539	8.0	1.0	1725.25500488	2.0	2.0	33.4799995422	2.5250247652	-0.506604373455	0.837481081486	0.20488409698	14.7783984734	25.1665298807	-23.0686988831	17.8584003448	-81.9821472168	0.837276490013	0.0	0.0	0.0	0.0	0.0	0.978329669558	1.0	1
1.0	1147.10083008	5.0	1.0	443.04598999	1.0	1.0	5.17999982834	0.0	0.00924914609641	-0.994022190571	0.108785666525	14.3603708071	3.69772119272	-32.0501480103	9.83391952515	-76.2640533447	0.409004009206	1.0	19.7000007629	19.3999996185	0.0	19.7000007629	0.0526856696892	1.0	1
1.0	4239.62548828	9.0	3.0	1896.02697754	3.0	3.0	91.2999987602	0.0	-0.00924914609641	0.994022190571	-0.108785666525	27.7463700556	21.9219016654	-32.0501480103	9.83391952515	-76.2640533447	0.409004009206	1.0	19.7000007629	19.3999996185	0.0	19.7000007629	0.99846541981	1.0	1
1.0	4603.70458984	9.0	2.0	1531.94799805	2.0	2.0	81.7399997711	2.5250247652	0.506604373455	-0.837481081486	-0.20488409698	1.04887994316	29.9640517268	-23.0686988831	17.8584003448	-81.9821472168	0.837276490013	0.0	0.0	0.0	0.0	0.0	0.995600414546	1.0	1
1.0	59.5587005615	1.0	0.0	1116.18688965	1.0	0.0	0.0	10.0	0.0	0.0	0.0	0.0	0.0	0.0	0.0	0.0	2.0	0.0	0.0	0.0	0.0	0.0	1.3221479843e-08	0.0	1
1.0	2471.34912109	9.0	3.0	2424.84985352	4.0	3.0	97.0495984554	0.0	-0.0472557991743	0.972083866596	-0.229825749993	47.9753981696	2.60594326907	-25.6161499023	-14.875	-69.945350647	0.887484040517	4.0	3.48000001907	41.439999938	1.0	14.5399999619	0.9886326065	1.0	1
1.0	3694.53149414	6.0	2.0	592.66418457	3.0	2.0	21.649600029	0.0	-0.998333632946	-0.0336912125349	0.0468490868807	37.0416855285	0.0	-3.13885998726	8.00424003601	-56.839050293	0.794108969687	1.0	13.9200000763	14.3999996185	1.0	13.1199998856	0.997894860643	1.0	1
1.0	2909.67260742	8.0	3.0	1594.52624512	5.0	3.0	100.299999237	0.0	-0.0472557991743	0.972083866596	-0.229825749993	47.9753981696	2.60594326907	-25.6161499023	-14.875	-69.945350647	0.887484040517	1.0	3.48000001907	1.89999997616	1.0	14.5399999619	0.983655868561	1.0	1
1.0	805.867736816	2.0	1.0	369.877929688	1.0	1.0	8.48960018158	0.0	-0.0472586415708	0.972080051899	-0.229841247201	2.4619182907	2.10861121765	-30.5191497803	23.1935501099	-75.5867462158	0.0240991413166	2.0	13.9200000763	29.8199996948	0.0	17.0	0.180802703939	1.0	1
1.0	3019.99658203	5.0	1.0	341.858886719	2.0	2.0	50.4999995232	0.0	-0.0472586415708	0.972080051899	-0.229841247201	16.9415500319	2.10861121765	-30.5191497803	23.1935501099	-75.5867462158	0.0240991413166	2.0	13.8800001144	27.720000267	0.0	17.0	0.992704997051	1.0	1
1.0	233.582702637	2.0	0.0	1116.18688965	1.0	0.0	0.0	10.0	0.0	0.0	0.0	0.0	0.0	0.0	0.0	0.0	2.0	0.0	0.0	0.0	0.0	0.0	1.3221479843e-08	1.0	1
1.0	3035.75878906	7.0	2.0	520.900024414	2.0	2.0	67.2895998955	0.0	0.047255050391	-0.972107946873	0.229723840952	2.34559090539	16.3065877197	-29.4081497192	23.5041007996	-74.0847015381	0.301327515944	2.0	13.8800001144	26.6999998093	1.0	16.7000007629	0.990840697918	1.0	1
1.0	499.665710449	2.0	0.0	1116.18688965	1.0	0.0	0.0	10.0	0.0	0.0	0.0	0.0	0.0	0.0	0.0	0.0	2.0	0.0	0.0	0.0	0.0	0.0	1.3221479843e-08	1.0	1
1.0	3063.77734375	6.0	1.0	492.880981445	2.0	2.0	59.279999733	0.0	0.0472574308515	-0.972107350826	0.229726076126	29.1852563159	7.89107366536	-33.1532516479	6.55067539215	-77.9960021973	0.690279867167	0.0	0.0	0.0	1.0	16.7000007629	0.990735938571	1.0	1
1.0	243.830001831	2.0	1.0	401.541992188	1.0	1.0	8.35999965668	3.82340157714	-0.700444936752	0.706936717033	-0.0980681329966	5.56911206125	6.90992547807	-15.8348007202	11.3335494995	-77.2422027588	0.508942210957	0.0	0.0	0.0	0.0	0.0	-1.0	0.0	1
1.0	4995.84667969	10.0	4.0	1321.89135742	4.0	2.0	65.2800004482	0.0	-0.106102861464	0.937833070755	-0.330471336842	11.4216812539	1.13474292152	-28.4510002136	12.5963001251	-74.3259963989	0.649067559242	0.0	0.0	0.0	2.0	17.7199993134	0.995539951097	1.0	1
1.0	194.417907715	2.0	2.0	450.954101562	2.0	2.0	51.0999994278	0.0	-0.106025144458	0.937809705734	-0.330562710762	9.26047217514	6.09204431338	-9.01156520844	1.14825999737	-76.005355835	0.918467111347	1.0	9.35999965668	9.43999958038	0.0	9.35999965668	0.392580876956	1.0	1
1.0	5935.92285156	10.0	3.0	650.862487793	4.0	1.0	36.0599999428	0.0	-0.106102861464	0.937833070755	-0.330471336842	11.4216812539	1.13474292152	-28.4510002136	12.5963001251	-74.3259963989	0.649067559242	0.0	0.0	0.0	1.0	17.7199993134	0.999603522174	1.0	1
1.0	427.92199707	3.0	2.0	474.49597168	1.0	1.0	8.35999965668	3.82340157714	-0.700444936752	0.706936717033	-0.0980681329966	16.6653839485	6.78196912342	-15.8348007202	11.3335494995	-77.2422027588	0.508942210957	1.0	15.0	14.2600002289	1.0	15.0	0.165360570833	1.0	1
1.0	2693.63989258	6.0	5.0	575.349975586	4.0	4.0	109.86000061	0.0	0.993543982506	0.113414108753	0.00275776931085	2.56392600491	15.7300847887	-18.5085487366	20.0053501129	-82.964553833	0.284465971341	3.0	6.55999994278	29.4600000381	3.0	17.7199993134	0.980404950876	1.0	1
1.0	158.322113037	2.0	0.0	257.04598999	1.0	0.0	0.0	10.0	0.0	0.0	0.0	0.0	0.0	0.0	0.0	0.0	2.0	0.0	0.0	0.0	0.0	0.0	1.3221479843e-08	1.0	1
1.0	3023.79833984	6.0	5.0	306.458099365	2.0	2.0	94.0800001621	0.0	-0.106025144458	0.937809705734	-0.330562710762	29.8880757556	6.09204431338	-9.01156520844	1.14825999737	-76.005355835	0.918467111347	2.0	6.55999994278	15.1999998093	0.0	9.35999965668	0.971966424837	1.0	1
1.0	117.527000427	2.0	1.0	527.844970703	2.0	1.0	19.8799991608	0.0	0.106025144458	-0.937809705734	0.330562710762	2.69584452846	1.66351617554	-9.01156520844	1.14825999737	-76.005355835	0.918467111347	1.0	9.35999965668	9.43999958038	0.0	9.35999965668	0.104520871973	1.0	1
1.0	468.795166016	2.0	0.0	370.041992188	1.0	0.0	0.0	10.0	0.0	0.0	0.0	0.0	0.0	0.0	0.0	0.0	2.0	0.0	0.0	0.0	0.0	0.0	1.3221479843e-08	0.0	1
1.0	4437.59863281	8.0	3.0	3070.95288086	4.0	3.0	68.5800001621	0.0	0.992691934109	-0.0703894346952	-0.0980207175016	6.09524775908	26.3917980678	-31.0262489319	18.4977493286	-72.9913482666	0.262868085999	2.0	7.71999979019	16.7600002289	1.0	11.9799995422	0.997894864132	1.0	1
1.0	3559.43676758	9.0	3.0	3209.56176758	4.0	3.0	39.3400008678	0.0	-0.992691934109	0.0703894346952	0.0980207175016	14.4557409754	25.4513612994	-31.0262489319	18.4977493286	-72.9913482666	0.262868085999	2.0	11.9799995422	31.3999996185	1.0	11.9799995422	0.959269062009	1.0	1
1.0	4659.32568359	7.0	3.0	3070.95288086	4.0	3.0	68.5800001621	0.0	0.992691934109	-0.0703894346952	-0.0980207175016	6.09524775908	26.3917980678	-31.0262489319	18.4977493286	-72.9913482666	0.262868085999	2.0	7.71999979019	16.7600002289	1.0	11.9799995422	0.999095638638	1.0	1
1.0	478.303222656	3.0	0.0	1733.23193359	2.0	0.0	0.0	10.0	0.0	0.0	0.0	0.0	0.0	0.0	0.0	0.0	2.0	0.0	0.0	0.0	0.0	0.0	1.3221479843e-08	1.0	1
1.0	3446.05712891	4.0	1.0	2482.37988281	1.0	1.0	33.6400003433	3.32821268315	-0.919257223606	0.198147714138	0.340152323246	16.860478699	17.0611676627	-40.7889480591	23.7658500671	-72.7589492798	0.739125448219	0.0	0.0	0.0	0.0	0.0	0.964394794183	1.0	1
1.0	3076.01513672	5.0	2.0	2852.421875	2.0	2.0	31.6200008392	0.0	-0.992691934109	0.0703894346952	0.0980207175016	14.4557409754	25.4513612994	-31.0262489319	18.4977493286	-72.9913482666	0.262868085999	2.0	11.9799995422	31.3999996185	1.0	11.9799995422	0.952900288618	1.0	1
1.0	3446.05712891	4.0	1.0	2482.37988281	1.0	1.0	33.6400003433	3.32821268315	-0.919257223606	0.198147714138	0.340152323246	16.860478699	17.0611676627	-40.7889480591	23.7658500671	-72.7589492798	0.739125448219	0.0	0.0	0.0	0.0	0.0	0.992365158932	1.0	1
1.0	3137.97705078	3.0	1.0	1363.18994141	1.0	1.0	27.4800004959	3.41051321357	-0.388319969177	0.921202421188	0.0243646968156	16.860478699	7.57005941498	-37.9560012817	28.0259494781	-74.5011978149	0.0142684800137	0.0	0.0	0.0	0.0	0.0	0.953422952781	1.0	1
1.0	3214.62426758	4.0	1.0	2713.81298828	2.0	2.0	36.259999752	0.0	0.992691934109	-0.0703894346952	-0.0980207175016	6.09524775908	26.3917980678	-31.0262489319	18.4977493286	-72.9913482666	0.262868085999	1.0	11.9799995422	10.5	1.0	11.9799995422	0.972818116607	1.0	1
1.0	1273.68103027	4.0	2.0	106.674003601	1.0	1.0	27.0200004578	2.40177014954	0.235953509808	0.965738415718	0.108051970601	37.1434828473	2.60653192943	-5.25259971619	-10.1245651245	-63.4784507751	0.931301464519	0.0	0.0	0.0	0.0	0.0	0.180973037967	1.0	2
1.0	339.080993652	2.0	1.0	754.313964844	1.0	1.0	12.3999996185	3.27458400268	-0.969629645348	0.17597194016	0.169859439135	6.21330088367	2.10323994182	-19.7526493073	9.98003005981	-77.1240997314	0.291904570559	0.0	0.0	0.0	0.0	0.0	-1.0	0.0	2
1.0	3737.28515625	7.0	3.0	2925.7890625	3.0	3.0	139.460000753	2.73076727331	0.63697630167	0.63049530983	-0.44355031848	40.5894192427	0.0	-24.6098995209	-5.70313501358	-73.5746994019	0.798122464859	0.0	0.0	0.0	0.0	0.0	0.997331802785	1.0	2
1.0	430.861022949	2.0	0.0	209.492004395	1.0	0.0	0.0	10.0	0.0	0.0	0.0	0.0	0.0	0.0	0.0	0.0	2.0	0.0	0.0	0.0	0.0	0.0	1.3221479843e-08	1.0	2
1.0	3159.68652344	3.0	2.0	1712.7479248	4.0	4.0	106.919999838	2.73076727331	0.63697630167	0.63049530983	-0.44355031848	40.5894192427	21.3256669208	-24.6098995209	-5.70313501358	-73.5746994019	0.798122464859	0.0	0.0	0.0	0.0	0.0	0.981129281283	1.0	2
1.0	2583.51245117	7.0	2.0	2867.83105469	3.0	1.0	34.1000003815	0.0	-0.995591580868	0.0936328545213	-0.00550627009943	1.43869932776	31.3134386828	-30.6308002472	12.3670005798	-74.3657989502	0.735175099181	1.0	3.90000009537	4.42000007629	1.0	3.90000009537	0.937120314507	1.0	2
1.0	3430.30712891	6.0	3.0	2801.90576172	3.0	2.0	81.140001297	3.11265000438	0.823845565319	0.547799170017	-0.145583614707	8.65563487381	34.9570231984	-26.3300495148	22.9542999268	-74.5843505859	0.972662535008	0.0	0.0	0.0	0.0	0.0	0.996791823144	1.0	2
1.0	2982.97119141	7.0	2.0	3470.61083984	3.0	2.0	32.7400007248	0.0	-0.995591580868	0.0936328545213	-0.00550627009943	1.43869932776	31.3134386828	-30.6308002472	12.3670005798	-74.3657989502	0.735175099181	1.0	3.90000009537	4.42000007629	1.0	3.90000009537	0.988217970925	1.0	2
1.0	3106.85449219	7.0	3.0	3556.21972656	4.0	3.0	99.2000007629	0.0	-0.995591580868	0.0936328545213	-0.00550627009943	1.43869932776	31.3134386828	-30.6308002472	12.3670005798	-74.3657989502	0.735175099181	1.0	3.90000009537	4.42000007629	1.0	3.90000009537	0.972101981549	1.0	2
1.0	2386.3359375	6.0	3.0	3234.7578125	5.0	3.0	99.2000007629	0.0	-0.995591580868	0.0936328545213	-0.00550627009943	1.43869932776	31.3134386828	-30.6308002472	12.3670005798	-74.3657989502	0.735175099181	1.0	3.90000009537	4.42000007629	1.0	3.90000009537	0.923894010798	1.0	2
1.0	1845.41296387	8.0	3.0	2696.10693359	4.0	2.0	56.5600004196	0.0	0.10493888706	0.992566823959	0.0616356544197	4.17287139055	24.7649477553	-34.4976005554	21.0193996429	-70.2350006104	0.611444803294	1.0	16.8999996185	16.1800003052	0.0	16.8999996185	0.974530029588	1.0	2
1.0	47.8989982605	1.0	1.0	504.459014893	1.0	1.0	27.0599994659	1.82000277917	0.0334201343358	0.984705150127	-0.170993804932	1.12123280044	6.29760621527	-20.8865509033	2.85068511963	-76.1983947754	0.262614590942	0.0	0.0	0.0	0.0	0.0	-1.0	0.0	2
1.0	774.427001953	3.0	2.0	2155.38208008	4.0	2.0	49.9599995613	0.0	0.0334196016192	0.984707057476	-0.17098288238	20.1680876629	3.73933291308	-31.4448509216	-13.0029506683	-66.039100647	0.447719864639	1.0	11.8999996185	11.6199998856	0.0	11.8999996185	0.662696831197	1.0	2
1.0	504.459014893	1.0	1.0	492.492980957	3.0	2.0	36.8199996948	0.0	-0.0334193296731	-0.984704554081	0.170997232199	3.567684095	4.33591458637	-35.3280487061	5.33737468719	-70.9613952637	0.41277351283	1.0	19.6000003815	19.6800003052	0.0	19.6000003815	0.973858411752	1.0	2
1.0	234.401000977	2.0	1.0	1430.57397461	3.0	2.0	42.3199996948	1.82000277917	0.0334201343358	0.984705150127	-0.170993804932	1.12123280044	24.3788967902	-20.8865509033	2.85068511963	-76.1983947754	0.262614590942	0.0	0.0	0.0	0.0	0.0	0.457689415376	1.0	2
1.0	1723.47998047	4.0	1.0	529.333007812	1.0	1.0	37.0800018311	3.01843668257	-0.213543996215	0.963196456432	-0.163252860308	22.316443455	5.30261943264	-17.1746997833	13.0630588531	-78.0269012451	0.43861411662	0.0	0.0	0.0	0.0	0.0	0.969840236496	1.0	2
1.0	297.018005371	2.0	1.0	504.459014893	1.0	1.0	27.0599994659	1.82000277917	0.0334201343358	0.984705150127	-0.170993804932	1.12123280044	6.29760621527	-20.8865509033	2.85068511963	-76.1983947754	0.262614590942	0.0	0.0	0.0	0.0	0.0	0.220442343443	1.0	2
1.0	85.6724014282	1.0	1.0	960.854003906	1.0	1.0	15.8599996567	2.76544749234	-0.346614181995	-0.899674594402	0.265413224697	2.03501831427	7.88968176142	-27.1255989075	7.24598026276	-77.8454971313	0.889189872515	0.0	0.0	0.0	0.0	0.0	-1.0	0.0	2
1.0	168.102996826	1.0	1.0	744.635437012	4.0	2.0	29.1399993896	0.0	0.0461944006383	0.993749499321	-0.101626932621	2.71919190463	9.33327048148	-17.4827003479	23.3088493347	-76.8802032471	0.613870140968	1.0	10.4200000763	10.3599996567	0.0	10.4200000763	0.991007458406	1.0	2
1.0	1647.64746094	4.0	1.0	152.358001709	1.0	1.0	13.8599996567	0.0	0.0461944006383	0.993749499321	-0.101626932621	11.7713865325	0.0	-17.4827003479	23.3088493347	-76.8802032471	0.613870140968	1.0	10.4200000763	10.3599996567	0.0	10.4200000763	0.685001328758	1.0	2
1.0	791.337402344	3.0	2.0	423.291992188	1.0	1.0	10.2199997902	0.0	-0.0461916662753	-0.993750214577	0.101620920002	1.82322929498	3.02396010425	-35.2519989014	7.93762969971	-73.2747039795	0.0743120412688	1.0	19.7800006866	20.5200004578	1.0	19.7800006866	0.277310365132	1.0	2
1.0	513.885437012	2.0	2.0	1081.25402832	2.0	2.0	35.2199993134	0.0	-0.998024642467	0.0332261845469	-0.0533185936511	10.3000873304	15.1874394945	-22.2641487122	3.59977483749	-76.5000457764	0.736684408546	1.0	11.3599996567	9.92000007629	0.0	11.3599996567	0.394063945515	1.0	2
1.0	206.072402954	2.0	1.0	960.854003906	1.0	1.0	15.8599996567	2.76544749234	-0.346614181995	-0.899674594402	0.265413224697	2.03501831427	7.88968176142	-27.1255989075	7.24598026276	-77.8454971313	0.889189872515	0.0	0.0	0.0	0.0	0.0	0.105079661378	1.0	2
1.0	331.391998291	2.0	1.0	398.355987549	1.0	1.0	29.9599990845	0.0	0.994934976101	0.0	-0.100520513952	2.70769059744	1.88028000754	-21.0906486511	24.660200119	-74.8325500488	0.665208627115	1.0	7.01999998093	6.69999980927	0.0	7.01999998093	-1.0	0.0	2
1.0	1743.68383789	3.0	2.0	1071.08691406	4.0	1.0	22.1799993515	0.0	0.994935870171	0.0	-0.100511498749	6.42358135508	28.3834622818	-29.9279994965	10.4540996552	-73.1283493042	0.730415753269	0.0	0.0	0.0	1.0	8.46000003815	0.15303640429	1.0	2
1.0	155.777999878	1.0	1.0	705.804992676	2.0	1.0	7.73999977112	4.71979879888	-0.783838868141	0.578690946102	-0.225196450949	3.16304567555	4.21035027537	-17.1436843872	6.11297941208	-69.6387023926	0.0384707024433	0.0	0.0	0.0	0.0	0.0	0.288629430798	1.0	2
1.0	2075.07568359	4.0	1.0	1375.93493652	3.0	1.0	37.8799991608	0.0	0.994934976101	0.0	-0.100520513952	2.70769059744	14.9442451212	-21.0906486511	24.660200119	-74.8325500488	0.665208627115	1.0	7.01999998093	6.69999980927	0.0	7.01999998093	0.978064257439	1.0	2
1.0	2075.07568359	4.0	1.0	1914.67993164	4.0	1.0	37.8799991608	0.0	0.994934976101	0.0	-0.100520513952	2.70769059744	24.2746300927	-21.0906486511	24.660200119	-74.8325500488	0.665208627115	1.0	7.01999998093	6.69999980927	0.0	7.01999998093	0.971242992694	1.0	2
1.0	164.332000732	1.0	1.0	565.416015625	1.0	1.0	6.0	3.19776490356	-0.11517021805	0.992324411869	-0.0450337007642	0.0	14.4732799232	-28.7813491821	5.3804769516	-72.9544525146	0.360069816336	0.0	0.0	0.0	0.0	0.0	0.350159028853	1.0	2
1.0	283.744598389	2.0	1.0	599.153015137	1.0	1.0	14.6199998856	2.43891161611	-0.391996353865	0.874573886395	0.285410881042	0.0	10.5843126371	-26.835849762	25.40599823	-84.0528564453	0.674107170743	0.0	0.0	0.0	0.0	0.0	-1.0	0.0	2
1.0	334.138000488	2.0	1.0	314.978607178	2.0	1.0	16.7999992371	3.08677503592	-0.424720138311	-0.895321011543	-0.134212821722	17.1393595262	11.3334669398	-13.1178998947	9.69371986389	-83.7906036377	0.486600786615	0.0	0.0	0.0	0.0	0.0	0.967993226499	1.0	2
1.0	283.744598389	2.0	1.0	711.369018555	2.0	2.0	15.8999998569	2.43891161611	-0.391996353865	0.874573886395	0.285410881042	0.0	24.3838617136	-26.835849762	25.40599823	-84.0528564453	0.674107170743	0.0	0.0	0.0	0.0	0.0	0.0131584404367	1.0	2
1.0	359.359008789	1.0	1.0	957.324584961	4.0	2.0	16.0400002003	0.0	0.0429158359766	0.985964357853	-0.161346033216	3.4839097053	2.85092990776	-31.8593997955	-3.31785488129	-78.1265029907	0.69531715609	1.0	15.6800003052	15.7399997711	1.0	15.6800003052	0.966292578771	1.0	2
1.0	2218.16162109	6.0	6.0	1398.76904297	3.0	3.0	113.659999371	0.0	0.998988509178	-0.0365149080753	0.026242364198	35.1544791403	15.3303817812	-35.073097229	26.8092498779	-76.6474533081	0.830519133631	3.0	14.6599998474	45.7999992371	4.0	16.6800003052	0.967153733084	1.0	2
1.0	329.157989502	1.0	1.0	754.202636719	4.0	2.0	29.1800003052	2.79273518473	-0.605281412601	0.7833943367	-0.141165390611	2.70558552642	11.3334669398	-12.7809000015	2.37335753441	-83.8795013428	0.38917580658	0.0	0.0	0.0	0.0	0.0	0.15018578198	1.0	2
1.0	349.041992188	1.0	0.0	61.8226013184	1.0	0.0	0.0	10.0	0.0	0.0	0.0	0.0	0.0	0.0	0.0	0.0	2.0	0.0	0.0	0.0	0.0	0.0	1.3221479843e-08	1.0	2
1.0	61.8226013184	1.0	1.0	821.075012207	2.0	1.0	16.7999992371	3.08677503592	0.424720138311	0.895321011543	0.134212821722	1.28316348813	4.53070537881	-13.1178998947	9.69371986389	-83.7906036377	0.486600786615	0.0	0.0	0.0	0.0	0.0	0.0591473897098	1.0	2
1.0	882.090454102	4.0	0.0	907.896972656	1.0	0.0	0.0	10.0	0.0	0.0	0.0	0.0	0.0	0.0	0.0	0.0	2.0	0.0	0.0	0.0	0.0	0.0	1.3221479843e-08	0.0	2
1.0	4079.17871094	11.0	5.0	3986.94995117	4.0	3.0	109.859999657	0.0	0.999825954437	0.0	0.0186565555632	45.8553539535	2.51769436592	-33.978099823	-12.2197999954	-72.7437438965	0.921001362334	2.0	5.38000011444	15.0	1.0	21.4799995422	0.994710947256	1.0	2
1.0	4865.90332031	8.0	3.0	675.56640625	2.0	2.0	32.2000002861	0.0	0.00374742993154	0.980663478374	-0.195665806532	14.1449038646	5.53094056741	-8.28993988037	7.35123538971	-78.4998016357	0.58470879488	3.0	5.38000011444	34.9400000572	1.0	25.1599998474	0.978216311429	1.0	2
1.0	4059.88085938	14.0	3.0	2443.43286133	4.0	3.0	56.8000011444	0.0	0.00372824724764	0.98066163063	-0.195675328374	3.70462830039	30.8988832537	-31.1697502136	16.6838493347	-77.2951965332	0.38776689469	3.0	5.38000011444	38.5599994659	2.0	23.3400001526	0.992937571743	1.0	2
1.0	3749.22583008	9.0	2.0	3086.11694336	2.0	1.0	50.57999897	2.63581482263	0.00374226015992	0.980665445328	-0.195656150579	19.7412561564	19.1592349593	-19.1039009094	18.8400497437	-82.1595458984	0.361652134212	0.0	0.0	0.0	0.0	0.0	0.910304255024	1.0	2
1.0	5745.63671875	10.0	2.0	2395.19628906	4.0	3.0	60.9199991226	0.0	0.00382825522684	0.980681955814	-0.195571571589	2.98308796002	20.6280367359	-32.2831001282	15.9014492035	-75.9950561523	0.161484704181	4.0	5.38000011444	58.4999995232	2.0	25.1599998474	0.998678252613	1.0	2
1.0	2815.14013672	4.0	2.0	2513.48901367	3.0	2.0	60.6200003624	0.0	0.999825954437	0.0	0.0186565555632	16.0242580323	2.51769436592	-33.978099823	-12.2197999954	-72.7437438965	0.921001362334	0.0	0.0	0.0	1.0	21.4799995422	0.597944415735	1.0	2
1.0	4362.53173828	12.0	3.0	3919.56982422	3.0	2.0	88.8399991989	0.0	0.999825954437	0.0	0.0186565555632	32.8354718902	2.51769436592	-33.978099823	-12.2197999954	-72.7437438965	0.921001362334	0.0	0.0	0.0	1.0	21.4799995422	0.999646163515	1.0	2
1.0	3212.05126953	7.0	3.0	3876.27539062	4.0	3.0	82.1199994087	0.0	0.999825954437	0.0	0.0186565555632	32.8354718902	2.51769436592	-33.978099823	-12.2197999954	-72.7437438965	0.921001362334	1.0	5.38000011444	4.23999977112	1.0	21.4799995422	0.946987799557	1.0	2
1.0	2574.41552734	10.0	3.0	3280.31982422	4.0	3.0	38.7000007629	0.0	-0.00374742993154	-0.980663478374	0.195665806532	5.53094056741	28.9674032971	-8.28993988037	7.35123538971	-78.4998016357	0.58470879488	1.0	5.38000011444	4.23999977112	0.0	5.38000011444	0.979856343378	1.0	2
1.0	344.154418945	2.0	1.0	816.518005371	1.0	1.0	10.0399999619	3.16007914408	-0.663259983063	0.744523704052	-0.0759652033448	0.0	14.7744949195	-27.6245994568	10.2460451126	-74.1027984619	0.617723000972	0.0	0.0	0.0	0.0	0.0	-1.0	0.0	2
1.0	1693.71142578	10.0	4.0	2236.23901367	2.0	1.0	57.8800007105	0.0	-0.993508636951	0.0	-0.113756507635	28.8671759627	2.22223725992	-26.8242492676	-9.89284992218	-66.1291046143	0.251296912841	3.0	6.59999990463	24.1199998856	0.0	13.1999998093	0.995770650046	1.0	2
1.0	96.1434020996	1.0	0.0	1064.52905273	2.0	0.0	0.0	10.0	0.0	0.0	0.0	0.0	0.0	0.0	0.0	0.0	2.0	0.0	0.0	0.0	0.0	0.0	1.3221479843e-08	1.0	2
1.0	1693.71142578	10.0	4.0	2236.23901367	2.0	1.0	57.8800007105	0.0	-0.993508636951	0.0	-0.113756507635	28.8671759627	2.22223725992	-26.8242492676	-9.89284992218	-66.1291046143	0.251296912841	3.0	6.59999990463	24.1199998856	0.0	13.1999998093	0.972818106443	1.0	2
1.0	96.1434020996	1.0	0.0	1064.52905273	2.0	0.0	0.0	10.0	0.0	0.0	0.0	0.0	0.0	0.0	0.0	0.0	2.0	0.0	0.0	0.0	0.0	0.0	1.3221479843e-08	1.0	2
1.0	1445.70043945	9.0	5.0	1518.07788086	3.0	2.0	86.8000001907	0.0	-0.993508636951	0.0	-0.113756507635	28.8671759627	2.22223725992	-26.8242492676	-9.89284992218	-66.1291046143	0.251296912841	1.0	13.1999998093	12.1999998093	0.0	13.1999998093	0.977930395564	1.0	2
1.0	1353.21313477	8.0	2.0	2236.23901367	2.0	1.0	30.4000006914	0.0	0.0265242736787	0.970081806183	-0.241325065494	3.71316097106	25.3627514813	-17.6758003235	14.4682006836	-73.0904541016	0.668960462982	2.0	6.59999990463	11.9200000763	0.0	7.48000001907	0.919937877357	1.0	2
1.0	1601.22412109	9.0	4.0	2328.72631836	2.0	1.0	78.2400013208	0.0	0.0265242736787	0.970081806183	-0.241325065494	3.71316097106	25.3627514813	-17.6758003235	14.4682006836	-73.0904541016	0.668960462982	2.0	6.59999990463	11.9200000763	0.0	7.48000001907	0.989109150717	1.0	2
1.0	1178.71826172	6.0	2.0	2236.23901367	2.0	1.0	11.8400002718	0.0	-0.993508636951	0.0	-0.113756507635	30.1975071228	2.22223725992	-26.8242492676	-9.89284992218	-66.1291046143	0.251296912841	1.0	13.1999998093	12.1999998093	0.0	13.1999998093	0.666377476964	1.0	2
1.0	512.485107422	3.0	1.0	272.135986328	1.0	1.0	4.44000005722	3.48300157516	-0.733920693398	0.650384604931	0.195857837796	0.0	3.18396163896	-33.1052017212	11.5622997284	-71.048500061	0.365663804782	0.0	0.0	0.0	0.0	0.0	-1.0	0.0	2
1.0	1856.71655273	7.0	3.0	1606.71435547	3.0	3.0	91.2199997902	2.67380066127	0.0849627479911	0.953446805477	-0.289344966412	27.461235247	29.5680116098	-7.19625997543	7.58428525925	-56.1008987427	0.186404017631	0.0	0.0	0.0	0.0	0.0	0.993780029527	1.0	2
1.0	616.123413086	2.0	0.0	623.994018555	2.0	0.0	0.0	10.0	0.0	0.0	0.0	0.0	0.0	0.0	0.0	0.0	2.0	0.0	0.0	0.0	0.0	0.0	1.3221479843e-08	1.0	2
1.0	1856.71655273	7.0	3.0	1606.71435547	3.0	3.0	91.2199997902	2.67380066127	0.0849627479911	0.953446805477	-0.289344966412	27.461235247	29.5680116098	-7.19625997543	7.58428525925	-56.1008987427	0.186404017631	0.0	0.0	0.0	0.0	0.0	0.994697046188	1.0	2
1.0	665.546142578	4.0	1.0	534.661010742	2.0	2.0	27.0999999046	3.245011536	0.419338822365	0.901971161366	0.102970741689	16.3354879209	18.9709728949	-13.0936508179	3.13285493851	-69.8731536865	0.177519964946	0.0	0.0	0.0	0.0	0.0	0.3798654068	1.0	2
1.0	2119.24145508	8.0	3.0	1344.18945312	2.0	2.0	66.460000515	2.93224660366	-0.749503493309	-0.588923692703	0.302346378565	21.843563251	14.1135797978	-34.1464500427	-0.122969985008	-67.5023956299	0.925932336315	0.0	0.0	0.0	0.0	0.0	0.988238568949	1.0	2
1.0	933.669799805	4.0	0.0	137.412002563	1.0	0.0	0.0	10.0	0.0	0.0	0.0	0.0	0.0	0.0	0.0	0.0	2.0	0.0	0.0	0.0	0.0	0.0	1.3221479843e-08	1.0	2
1.0	1303.64868164	6.0	2.0	1606.71435547	3.0	3.0	87.0199999809	2.67380066127	0.0849627479911	0.953446805477	-0.289344966412	27.461235247	29.5680116098	-7.19625997543	7.58428525925	-56.1008987427	0.186404017631	0.0	0.0	0.0	0.0	0.0	0.975163106223	1.0	2
1.0	135.185699463	2.0	1.0	991.218994141	1.0	1.0	16.0400009155	2.86349257539	0.0412218570709	0.99454921484	-0.0957735329866	0.0	0.0	-19.4309997559	-6.04916524887	-77.0659484863	0.817056511985	0.0	0.0	0.0	0.0	0.0	-1.0	0.0	2
1.0	1027.95214844	4.0	1.0	2787.44091797	3.0	1.0	16.0400009155	2.86349257539	0.0412218570709	0.99454921484	-0.0957735329866	13.2745668983	28.7579978937	-19.4309997559	-6.04916524887	-77.0659484863	0.817056511985	0.0	0.0	0.0	0.0	0.0	0.532604829629	1.0	2
1.0	3529.58666992	9.0	2.0	1480.39208984	2.0	2.0	55.720000267	2.52536334077	-0.0412229560316	-0.994549036026	0.0957751646638	33.1798810284	19.6834625794	-33.1942520142	11.9178543091	-75.3401031494	0.562806088668	0.0	0.0	0.0	0.0	0.0	0.993938727103	1.0	2
1.0	204.762207031	3.0	1.0	991.218994141	1.0	1.0	16.0400009155	2.86349257539	0.0412218570709	0.99454921484	-0.0957735329866	0.0	0.0	-19.4309997559	-6.04916524887	-77.0659484863	0.817056511985	0.0	0.0	0.0	0.0	0.0	0.0177227439429	1.0	2
1.0	2257.28393555	7.0	3.0	2319.29516602	5.0	5.0	127.220001698	0.0	0.0412696152925	0.994553625584	-0.0957074835896	24.9516175218	26.9106826162	-14.8292999268	8.44548511505	-76.8670959473	0.392374695828	2.0	11.1800003052	27.0199995041	0.0	15.5600004196	0.969424038453	1.0	2
1.0	250.126708984	3.0	1.0	991.218994141	1.0	1.0	16.0400009155	2.86349257539	0.0412218570709	0.99454921484	-0.0957735329866	0.0	0.0	-19.4309997559	-6.04916524887	-77.0659484863	0.817056511985	0.0	0.0	0.0	0.0	0.0	0.192536985899	1.0	2
1.0	1615.13525391	5.0	3.0	2601.59008789	4.0	3.0	113.720002174	0.0	-0.0412696152925	-0.994553625584	0.0957074835896	18.0908801653	26.3916367104	-14.8292999268	8.44548511505	-76.8670959473	0.392374695828	1.0	11.1800003052	11.3999996185	0.0	11.1800003052	0.644941722075	1.0	2
1.0	144.195007324	1.0	0.0	336.432006836	1.0	0.0	0.0	10.0	0.0	0.0	0.0	0.0	0.0	0.0	0.0	0.0	2.0	0.0	0.0	0.0	0.0	0.0	1.3221479843e-08	0.0	2
1.0	256.105010986	2.0	0.0	336.432006836	1.0	0.0	0.0	10.0	0.0	0.0	0.0	0.0	0.0	0.0	0.0	0.0	2.0	0.0	0.0	0.0	0.0	0.0	1.3221479843e-08	1.0	2
1.0	1419.56896973	6.0	1.0	1787.32104492	3.0	3.0	57.1796008013	3.01603719632	0.672784566879	-0.710513234138	0.206232592463	1.97194447317	11.1376996844	-14.0916004181	20.3584003448	-78.8482971191	0.0761632037813	0.0	0.0	0.0	0.0	0.0	0.773233840472	1.0	2
1.0	1512.53881836	8.0	2.0	2105.41503906	3.0	3.0	81.7595992945	0.0	0.0289078615606	-0.963101744652	0.26758056879	27.7688986587	13.7014337333	-36.6152496338	12.0358505249	-65.1656036377	0.622661453968	1.0	20.2199993134	19.1399993896	0.0	20.2199993134	0.98796830297	1.0	2
1.0	1094.12597656	6.0	2.0	1240.56494141	2.0	1.0	23.3999996185	1.1811307958	0.686939656734	0.702636957169	-0.185513332486	3.43755976027	2.96638355759	-35.1284484863	12.3246002197	-68.1457977295	0.154935091305	0.0	0.0	0.0	0.0	0.0	0.528764254985	1.0	2
1.0	1401.7088623	7.0	1.0	2105.41503906	3.0	3.0	63.29960021	0.0	0.0289078615606	-0.963101744652	0.26758056879	27.7688986587	13.7014337333	-36.6152496338	12.0358505249	-65.1656036377	0.622661453968	1.0	20.2199993134	19.1399993896	0.0	20.2199993134	0.972510074136	1.0	2
1.0	177.769805908	2.0	0.0	1240.56494141	2.0	0.0	0.0	10.0	0.0	0.0	0.0	0.0	0.0	0.0	0.0	0.0	2.0	0.0	0.0	0.0	0.0	0.0	1.3221479843e-08	1.0	2
1.0	1138.44189453	7.0	2.0	1909.78503418	3.0	3.0	78.8795996569	0.0	-0.99950671196	-0.0309946667403	-0.00506161525846	24.6510897524	3.4409198653	-35.1885986328	14.1023006439	-67.1795043945	0.5447838592	1.0	6.23999977112	6.5	1.0	6.23999977112	0.970255091624	1.0	2
1.0	338.009307861	3.0	0.0	147.190002441	1.0	0.0	0.0	10.0	0.0	0.0	0.0	0.0	0.0	0.0	0.0	0.0	2.0	0.0	0.0	0.0	0.0	0.0	1.3221479843e-08	0.0	2
1.0	3176.73730469	10.0	1.0	1153.02600098	2.0	1.0	27.5799999237	2.37484319069	-0.175110921264	0.964404165745	-0.198143422604	2.39169765115	4.21097856467	-13.5447998047	19.6566505432	-78.5148468018	0.0904734662271	0.0	0.0	0.0	0.0	0.0	0.97554393838	1.0	2
1.0	3413.17016602	10.0	4.0	1884.08691406	3.0	3.0	163.240000188	1.71281928824	-0.29940778017	-0.926992952824	0.225918188691	23.8559614056	27.0436879167	-34.3416976929	16.1296005249	-72.9635009766	0.729287010739	0.0	0.0	0.0	0.0	0.0	0.994076628672	1.0	2
1.0	281.379699707	3.0	0.0	147.190002441	1.0	0.0	0.0	10.0	0.0	0.0	0.0	0.0	0.0	0.0	0.0	0.0	2.0	0.0	0.0	0.0	0.0	0.0	1.3221479843e-08	1.0	2
1.0	3258.37084961	9.0	5.0	2038.88623047	4.0	3.0	128.639998913	2.20591472639	0.920622229576	-0.0567502453923	-0.386308342218	21.6294681077	14.9428434724	-29.0184001923	2.92501497269	-76.0747070312	0.366923717513	0.0	0.0	0.0	0.0	0.0	0.984732155848	1.0	2
1.0	1297.60766602	5.0	0.0	147.190002441	1.0	0.0	0.0	10.0	0.0	0.0	0.0	0.0	0.0	0.0	0.0	0.0	2.0	0.0	0.0	0.0	0.0	0.0	1.3221479843e-08	1.0	2
1.0	3060.18505859	9.0	3.0	2237.07202148	4.0	2.0	69.740000248	2.20591472639	0.920622229576	-0.0567502453923	-0.386308342218	0.0	35.0288485377	-29.0184001923	2.92501497269	-76.0747070312	0.366923717513	0.0	0.0	0.0	0.0	0.0	0.986308848855	1.0	2
1.0	3003.93359375	8.0	2.0	2089.88208008	4.0	2.0	43.4600009918	2.20591472639	0.920622229576	-0.0567502453923	-0.386308342218	0.0	35.0288485377	-29.0184001923	2.92501497269	-76.0747070312	0.366923717513	0.0	0.0	0.0	0.0	0.0	0.968287815499	1.0	2
1.0	776.705932617	4.0	0.0	813.440979004	1.0	0.0	0.0	10.0	0.0	0.0	0.0	0.0	0.0	0.0	0.0	0.0	2.0	0.0	0.0	0.0	0.0	0.0	1.3221479843e-08	0.0	2
1.0	4092.41333008	8.0	2.0	1531.94799805	2.0	2.0	81.7399997711	2.5250247652	0.506604373455	-0.837481081486	-0.20488409698	1.04887994316	29.9640517268	-23.0686988831	17.8584003448	-81.9821472168	0.837276490013	0.0	0.0	0.0	0.0	0.0	0.980477659185	1.0	2
1.0	906.231872559	4.0	1.0	443.04598999	1.0	1.0	5.17999982834	0.0	0.00924914609641	-0.994022190571	0.108785666525	14.3603708071	3.69772119272	-32.0501480103	9.83391952515	-76.2640533447	0.409004009206	1.0	19.7000007629	19.3999996185	0.0	19.7000007629	0.0526856696892	1.0	2
1.0	4058.84643555	9.0	3.0	1974.99401855	3.0	3.0	94.7800002098	0.0	0.00924914609641	-0.994022190571	0.108785666525	14.3603708071	19.4446883252	-32.0501480103	9.83391952515	-76.2640533447	0.409004009206	1.0	19.7000007629	19.3999996185	0.0	19.7000007629	0.998023829282	1.0	2
1.0	2884.37915039	8.0	2.0	984.213012695	2.0	2.0	103.499998093	2.5250247652	-0.506604373455	0.837481081486	0.20488409698	14.7783984734	1.04887994316	-23.0686988831	17.8584003448	-81.9821472168	0.837276490013	0.0	0.0	0.0	0.0	0.0	0.978329671807	1.0	2
1.0	3027.02490234	5.0	2.0	1531.94799805	2.0	2.0	64.5200004578	2.5250247652	0.506604373455	-0.837481081486	-0.20488409698	1.04887994316	29.9640517268	-23.0686988831	17.8584003448	-81.9821472168	0.837276490013	0.0	0.0	0.0	0.0	0.0	0.829497867677	1.0	2
1.0	3749.01757812	7.0	2.0	2145.76586914	4.0	4.0	97.0599989891	0.0	0.00924914609641	-0.994022190571	0.108785666525	14.3603708071	19.4446883252	-32.0501480103	9.83391952515	-76.2640533447	0.409004009206	1.0	19.7000007629	19.3999996185	0.0	19.7000007629	0.988187079616	1.0	2
1.0	4603.70458984	9.0	2.0	1531.94799805	2.0	2.0	81.7399997711	2.5250247652	0.506604373455	-0.837481081486	-0.20488409698	1.04887994316	29.9640517268	-23.0686988831	17.8584003448	-81.9821472168	0.837276490013	0.0	0.0	0.0	0.0	0.0	0.995600414546	1.0	2
1.0	4337.47900391	10.0	2.0	1725.25500488	2.0	2.0	38.6599993706	0.0	-0.00924914609641	0.994022190571	-0.108785666525	27.7463700556	21.9219016654	-32.0501480103	9.83391952515	-76.2640533447	0.409004009206	1.0	19.7000007629	19.3999996185	0.0	19.7000007629	0.992318237066	1.0	2
1.0	59.5587005615	1.0	0.0	1116.18688965	1.0	0.0	0.0	10.0	0.0	0.0	0.0	0.0	0.0	0.0	0.0	0.0	2.0	0.0	0.0	0.0	0.0	0.0	1.3221479843e-08	0.0	2
1.0	233.582702637	2.0	0.0	1116.18688965	1.0	0.0	0.0	10.0	0.0	0.0	0.0	0.0	0.0	0.0	0.0	0.0	2.0	0.0	0.0	0.0	0.0	0.0	1.3221479843e-08	1.0	2
1.0	2545.51757812	7.0	2.0	1011.14099121	2.0	2.0	63.6895999908	0.0	-0.0472574308515	0.972107350826	-0.229726076126	29.9565669558	2.18219663029	-33.1532516479	6.55067539215	-77.9960021973	0.690279867167	2.0	13.9200000763	29.8199996948	1.0	16.7000007629	0.989737742878	1.0	2
1.0	882.89465332	2.0	1.0	292.851013184	1.0	1.0	12.0896000862	0.0	0.047255050391	-0.972107946873	0.229723840952	2.34559090539	0.992506851163	-29.4081497192	23.5041007996	-74.0847015381	0.301327515944	2.0	13.8800001144	26.6999998093	0.0	13.9200000763	0.213742499297	1.0	2
1.0	2317.46850586	6.0	0.0	228.048995972	1.0	0.0	0.0	10.0	0.0	0.0	0.0	0.0	0.0	0.0	0.0	0.0	2.0	0.0	0.0	0.0	0.0	0.0	1.3221479843e-08	1.0	2
1.0	964.066711426	3.0	0.0	1344.23583984	1.0	0.0	0.0	10.0	0.0	0.0	0.0	0.0	0.0	0.0	0.0	0.0	2.0	0.0	0.0	0.0	0.0	0.0	1.3221479843e-08	1.0	2
1.0	3251.58251953	7.0	2.0	305.075897217	2.0	2.0	30.2199997902	0.0	-0.0472586415708	0.972080051899	-0.229841247201	16.9415500319	1.4499879793	-30.5191497803	23.1935501099	-75.5867462158	0.0240991413166	2.0	13.8800001144	27.720000267	1.0	16.7000007629	0.995680687046	1.0	2
1.0	1693.22900391	3.0	0.0	1239.19006348	2.0	0.0	0.0	10.0	0.0	0.0	0.0	0.0	0.0	0.0	0.0	0.0	2.0	0.0	0.0	0.0	0.0	0.0	1.3221479843e-08	1.0	2
1.0	2963.6887207	6.0	2.0	369.877929688	1.0	1.0	37.0696001053	0.0	-0.0472586415708	0.972080051899	-0.229841247201	2.4619182907	2.10861121765	-30.5191497803	23.1935501099	-75.5867462158	0.0240991413166	2.0	13.9200000763	29.8199996948	0.0	17.0	0.974308084495	1.0	2
1.0	243.830001831	2.0	1.0	401.541992188	1.0	1.0	8.35999965668	3.82340157714	-0.700444936752	0.706936717033	-0.0980681329966	5.56911206125	6.90992547807	-15.8348007202	11.3335494995	-77.2422027588	0.508942210957	0.0	0.0	0.0	0.0	0.0	-1.0	0.0	2
1.0	3011.94384766	5.0	2.0	318.312896729	2.0	2.0	45.1600008011	0.0	0.993543982506	0.113414108753	0.00275776931085	2.56392600491	15.7300847887	-18.5085487366	20.0053501129	-82.964553833	0.284465971341	1.0	6.55999994278	5.76000022888	0.0	6.55999994278	0.984819499929	1.0	2
1.0	872.639953613	3.0	1.0	401.541992188	1.0	1.0	8.35999965668	3.82340157714	-0.700444936752	0.706936717033	-0.0980681329966	5.56911206125	6.90992547807	-15.8348007202	11.3335494995	-77.2422027588	0.508942210957	0.0	0.0	0.0	0.0	0.0	0.109234888336	1.0	2
1.0	3011.94384766	5.0	2.0	318.312896729	2.0	2.0	45.1600008011	0.0	0.993543982506	0.113414108753	0.00275776931085	2.56392600491	15.7300847887	-18.5085487366	20.0053501129	-82.964553833	0.284465971341	1.0	6.55999994278	5.76000022888	0.0	6.55999994278	0.984819499929	1.0	2
1.0	49.4121017456	1.0	1.0	126.303001404	1.0	1.0	19.8799991608	0.0	0.106025144458	-0.937809705734	0.330562710762	2.69584452846	1.66351617554	-9.01156520844	1.14825999737	-76.005355835	0.918467111347	1.0	9.35999965668	9.43999958038	0.0	9.35999965668	0.104520871973	1.0	2
1.0	469.009918213	4.0	3.0	266.862091064	2.0	2.0	56.4399995804	0.0	-0.106025144458	0.937809705734	-0.330562710762	19.2553879372	6.09204431338	-9.01156520844	1.14825999737	-76.005355835	0.918467111347	1.0	9.35999965668	9.43999958038	0.0	9.35999965668	0.685402233649	1.0	2
1.0	1446.48486328	2.0	2.0	577.257080078	2.0	2.0	43.8800003529	0.0	-0.106102861464	0.937833070755	-0.330471336842	1.59860544769	4.70513423002	-28.4510002136	12.5963001251	-74.3259963989	0.649067559242	0.0	0.0	0.0	1.0	17.7199993134	0.304717697499	1.0	2
1.0	2846.26171875	4.0	1.0	61.2668991089	1.0	1.0	10.5600004196	1.99328373686	-0.645572960377	0.651134848595	0.399072676897	11.2891492286	2.69586225102	-26.7985992432	17.9975509644	-74.8367004395	0.894308350857	0.0	0.0	0.0	0.0	0.0	0.970617411715	1.0	2
1.0	468.795166016	2.0	0.0	370.041992188	1.0	0.0	0.0	10.0	0.0	0.0	0.0	0.0	0.0	0.0	0.0	0.0	2.0	0.0	0.0	0.0	0.0	0.0	1.3221479843e-08	0.0	2
1.0	3446.05712891	4.0	1.0	2482.37988281	1.0	1.0	33.6400003433	3.32821268315	-0.919257223606	0.198147714138	0.340152323246	16.860478699	17.0611676627	-40.7889480591	23.7658500671	-72.7589492798	0.739125448219	0.0	0.0	0.0	0.0	0.0	0.990840709787	1.0	2
1.0	2122.77490234	2.0	0.0	1119.18994141	1.0	0.0	0.0	10.0	0.0	0.0	0.0	0.0	0.0	0.0	0.0	0.0	2.0	0.0	0.0	0.0	0.0	0.0	1.3221479843e-08	1.0	2
1.0	3214.62426758	4.0	1.0	1350.6229248	2.0	2.0	26.5599999428	0.0	0.992691934109	-0.0703894346952	-0.0980207175016	6.09524775908	14.4557409754	-31.0262489319	18.4977493286	-72.9913482666	0.262868085999	1.0	11.9799995422	10.5	1.0	11.9799995422	0.972818116607	1.0	2
1.0	2175.18505859	3.0	0.0	2482.37988281	1.0	0.0	0.0	10.0	0.0	0.0	0.0	0.0	0.0	0.0	0.0	0.0	2.0	0.0	0.0	0.0	0.0	0.0	1.3221479843e-08	1.0	2
1.0	3446.05712891	4.0	1.0	2482.37988281	1.0	1.0	33.6400003433	3.32821268315	-0.919257223606	0.198147714138	0.340152323246	16.860478699	17.0611676627	-40.7889480591	23.7658500671	-72.7589492798	0.739125448219	0.0	0.0	0.0	0.0	0.0	0.989137669765	1.0	2
1.0	2179.50512695	2.0	1.0	370.041992188	1.0	1.0	0.0	0.0	0.0587489679456	0.984726548195	-0.163896769285	0.0	2.54035712699	-31.7659988403	14.9918994904	-72.3495483398	0.945924864771	1.0	21.9599990845	20.8999996185	0.0	21.9599990845	0.560890173281	1.0	2
1.0	3076.01513672	5.0	2.0	2852.421875	2.0	2.0	31.6200008392	0.0	-0.992691934109	0.0703894346952	0.0980207175016	14.4557409754	25.4513612994	-31.0262489319	18.4977493286	-72.9913482666	0.262868085999	2.0	11.9799995422	31.3999996185	1.0	11.9799995422	0.982703270075	1.0	2
1.0	739.637329102	2.0	0.0	625.75402832	1.0	0.0	0.0	10.0	0.0	0.0	0.0	0.0	0.0	0.0	0.0	0.0	2.0	0.0	0.0	0.0	0.0	0.0	1.3221479843e-08	0.0	3
1.0	2524.69995117	9.0	4.0	3069.6484375	5.0	3.0	107.992397904	0.0	0.999279022217	0.034325927496	0.0162216201425	40.1697678147	11.3875615814	-28.9073982239	-4.90826034546	-65.5534973145	0.202760177837	2.0	16.6599998474	31.5999994278	0.0	16.6599998474	0.964456222865	1.0	3
1.0	1550.23840332	5.0	2.0	344.596618652	2.0	1.0	14.4800004959	2.06972221741	-0.817310988903	0.54453933239	0.188360542059	49.3308544532	1.13441980333	-34.1340026855	-19.1481513977	-61.8468513489	0.817195128983	0.0	0.0	0.0	0.0	0.0	0.468048376326	1.0	3
1.0	2794.20385742	9.0	4.0	1112.79077148	3.0	2.0	38.3200001717	0.0	-0.999277114868	-0.0343799106777	-0.0162215065211	23.188383755	0.0	-1.41993701458	19.2203998566	-63.1861000061	0.824376017336	2.0	7.48000001907	26.0600004196	0.0	21.0400009155	0.966425808212	1.0	3
1.0	3527.75073242	9.0	5.0	513.87701416	1.0	1.0	83.0724006891	0.0	0.999279022217	0.034325927496	0.0162216201425	40.1697678147	11.3875615814	-28.9073982239	-4.90826034546	-65.5534973145	0.621409815482	2.0	16.6599998474	31.9399995804	0.0	16.6599998474	0.992324943902	1.0	3
1.0	1734.74279785	6.0	1.0	1253.36901855	3.0	1.0	28.9799995422	1.5898836398	0.883050084114	0.46231469512	-0.0805462524295	29.435949334	1.77829908925	-21.2856483459	-11.190199852	-66.7973022461	0.515338985473	0.0	0.0	0.0	0.0	0.0	0.847487522358	1.0	3
1.0	2860.80078125	7.0	4.0	1051.43701172	3.0	3.0	71.6723996401	0.0	-0.999276995659	-0.0343435108662	-0.0163090173155	39.6305055184	15.1152786726	-30.0410003662	-4.94721031189	-65.5719451904	0.616275209051	3.0	16.6599998474	50.5399999619	0.0	21.0400009155	0.975717358427	1.0	3
1.0	1661.44104004	8.0	2.0	1178.76196289	1.0	1.0	35.1324006319	0.0	-0.999279022217	-0.034325927496	-0.0162216201425	38.7611880326	2.26883614622	-28.9073982239	-4.90826034546	-65.5534973145	0.621409815482	2.0	16.6599998474	31.9399995804	0.0	16.6599998474	0.879340361205	1.0	3
1.0	3286.48388672	8.0	3.0	625.75402832	1.0	1.0	47.2399997711	0.0	0.0219684354961	-0.195689871907	-0.980419754982	30.2325249626	1.37022848169	-32.2078475952	8.48504066467	-66.4710998535	0.390243648602	1.0	21.0400009155	18.9400005341	0.0	21.0400009155	0.988279564507	1.0	3
1.0	757.757019043	3.0	1.0	865.869140625	1.0	1.0	21.8400001526	1.39969638019	0.00331781082787	0.994233429432	-0.107186317444	0.0	11.6118914781	-20.0489501953	18.6333503723	-76.9459991455	0.223445838586	0.0	0.0	0.0	0.0	0.0	-1.0	0.0	3
1.0	3079.11132812	7.0	1.0	629.768005371	1.0	1.0	9.85999965668	0.0	-0.999529957771	0.0	-0.0306577067822	6.64305513407	1.75879209911	-25.9510498047	20.7148990631	-75.8651504517	0.769079034918	1.0	12.1400003433	11.5200004578	0.0	12.1400003433	0.969233828553	1.0	3
1.0	595.515991211	3.0	2.0	1028.11010742	2.0	2.0	37.1599998474	0.0	0.999529957771	0.0	0.0306577067822	1.75879209911	20.2850584942	-25.9510498047	20.7148990631	-75.8651504517	0.512636187566	2.0	12.1400003433	26.6199998856	0.0	16.8799991608	0.197328228869	1.0	3
1.0	3884.91845703	11.0	3.0	2370.93383789	5.0	4.0	78.07999897	0.0	-0.999529957771	0.0	-0.0306577067822	6.64305513407	18.448376099	-25.9510498047	20.7148990631	-75.8651504517	0.769079034918	2.0	12.1400003433	27.2000007629	0.0	16.8799991608	0.997745651901	1.0	3
1.0	752.537109375	3.0	1.0	629.768005371	1.0	1.0	9.85999965668	0.0	-0.999529957771	0.0	-0.0306577067822	6.64305513407	1.75879209911	-25.9510498047	20.7148990631	-75.8651504517	0.769079034918	2.0	12.1400003433	27.2000007629	0.0	16.8799991608	0.309436399183	1.0	3
1.0	4406.12890625	7.0	3.0	1877.36096191	3.0	3.0	90.6200008392	2.61859311747	0.00328859617002	0.994228482246	-0.107232823968	35.5828682825	13.0453336242	-1.09951496124	1.15083491802	-68.5324554443	0.911873105951	0.0	0.0	0.0	0.0	0.0	0.993920108751	1.0	3
1.0	1247.84106445	3.0	2.0	236.101104736	1.0	1.0	19.0799999237	0.0	0.999529957771	0.0	0.0306577067822	1.75879209911	6.64305513407	-25.9510498047	20.7148990631	-75.8651504517	0.769079034918	2.0	12.1400003433	27.2000007629	0.0	16.8799991608	0.0741317507911	1.0	3
1.0	3284.68310547	5.0	3.0	1220.50598145	2.0	2.0	49.8800001144	2.08694513679	0.755038142204	-0.0614251978695	-0.652797281742	27.0455670264	0.979567772167	-33.529548645	-0.577575981617	-72.3123016357	0.764585359684	0.0	0.0	0.0	0.0	0.0	0.968533853946	1.0	3
1.0	3883.99511719	9.0	3.0	2259.47900391	3.0	2.0	48.9199991226	0.0	0.999529957771	0.0	0.0306577067822	1.75879209911	19.2628643621	-25.9510498047	20.7148990631	-75.8651504517	0.512636187566	2.0	12.1400003433	26.6199998856	0.0	16.8799991608	0.987551353644	1.0	3
1.0	4378.99316406	9.0	2.0	2312.28222656	2.0	1.0	44.8199996948	1.39969638019	0.00331781082787	0.994233429432	-0.107186317444	0.0	12.7698639726	-20.0489501953	18.6333503723	-76.9459991455	0.223445838586	0.0	0.0	0.0	0.0	0.0	0.996561543618	1.0	3
1.0	356.445495605	3.0	0.0	515.036987305	1.0	0.0	0.0	10.0	0.0	0.0	0.0	0.0	0.0	0.0	0.0	0.0	2.0	0.0	0.0	0.0	0.0	0.0	1.3221479843e-08	0.0	3
1.0	4695.73339844	8.0	3.0	3373.11254883	8.0	5.0	131.260001183	0.0	-0.995689570904	0.0703867897391	0.060398068279	10.9496694565	26.8640435445	-34.4846496582	17.3073501587	-68.1167449951	0.788809734911	2.0	15.7399997711	31.2999992371	1.0	15.220000267	0.999400526412	1.0	3
1.0	1091.69042969	4.0	0.0	1257.34997559	4.0	0.0	0.0	10.0	0.0	0.0	0.0	0.0	0.0	0.0	0.0	0.0	2.0	0.0	0.0	0.0	0.0	0.0	1.3221479843e-08	1.0	3
1.0	5386.92675781	9.0	4.0	3086.83227539	5.0	3.0	114.820002556	0.0	0.0535310395062	0.956510424614	-0.286744266748	34.2474544778	0.0	-31.2481498718	-5.61224460602	-67.9432983398	0.649175702902	2.0	15.7399997711	31.2999992371	1.0	15.220000267	0.999931596839	1.0	3
1.0	2228.95458984	9.0	3.0	1954.81884766	5.0	4.0	53.8200006485	0.0	0.0535310395062	0.956510424614	-0.286744266748	34.2474544778	0.0	-31.2481498718	-5.61224460602	-67.9432983398	0.649175702902	0.0	0.0	0.0	1.0	15.220000267	0.873845906596	1.0	3
1.0	3811.27905273	12.0	3.0	2513.43774414	4.0	4.0	120.660001755	0.0	0.0535310395062	0.956510424614	-0.286744266748	34.2474544778	0.0	-31.2481498718	-5.61224460602	-67.9432983398	0.649175702902	2.0	15.7399997711	31.2999992371	1.0	15.220000267	0.997187523631	1.0	3
1.0	414.181793213	3.0	1.0	599.205993652	1.0	1.0	13.5200004578	3.27859724078	-0.747891902924	0.551730036736	0.369122803211	0.0	7.90388813937	-39.5437507629	30.660949707	-69.1147994995	0.566771622606	0.0	0.0	0.0	0.0	0.0	0.118098801166	1.0	3
1.0	3513.16503906	12.0	4.0	2811.55175781	4.0	4.0	95.8220005035	0.0	0.0535310395062	0.956510424614	-0.286744266748	34.2474544778	0.0	-31.2481498718	-5.61224460602	-67.9432983398	0.649175702902	2.0	15.7399997711	30.0799999237	1.0	15.220000267	0.994376283415	1.0	3
1.0	3595.28393555	12.0	4.0	2577.98095703	4.0	4.0	129.080001831	0.0	0.0535310395062	0.956510424614	-0.286744266748	34.2474544778	0.0	-31.2481498718	-5.61224460602	-67.9432983398	0.649175702902	2.0	15.7399997711	31.2999992371	1.0	15.220000267	0.99548312298	1.0	3
1.0	3172.8828125	11.0	4.0	2765.74511719	3.0	3.0	88.0620002747	0.0	0.0535310395062	0.956510424614	-0.286744266748	34.2474544778	0.0	-31.2481498718	-5.61224460602	-67.9432983398	0.649175702902	2.0	15.7399997711	30.0799999237	1.0	15.220000267	0.983797729641	1.0	3
1.0	380.329986572	2.0	0.0	608.615722656	1.0	0.0	0.0	10.0	0.0	0.0	0.0	0.0	0.0	0.0	0.0	0.0	2.0	0.0	0.0	0.0	0.0	0.0	1.3221479843e-08	0.0	3
1.0	4894.91552734	9.0	3.0	4253.71289062	5.0	2.0	74.8799991608	0.0	0.033558588475	0.986672639847	-0.159219756722	0.0	24.8779455804	-4.76180505753	18.8381004333	-59.3521995544	0.190577467207	3.0	1.03999996185	14.9000005722	1.0	1.03999996185	0.993708759526	1.0	3
1.0	3190.82397461	8.0	6.0	1519.47973633	5.0	4.0	66.9199998379	0.0	0.033558588475	0.986672639847	-0.159219756722	0.0	11.5915107883	-4.76180505753	18.8381004333	-59.3521995544	0.190577467207	4.0	1.03999996185	41.1600008011	3.0	19.2199993134	0.923312780201	1.0	3
1.0	4189.93457031	6.0	2.0	4422.90527344	5.0	2.0	23.8799991608	0.0	0.033558588475	0.986672639847	-0.159219756722	0.0	23.1217340802	-4.76180505753	18.8381004333	-59.3521995544	0.190577467207	2.0	1.03999996185	18.3400001526	2.0	19.2199993134	0.990840706483	1.0	3
1.0	238.497497559	2.0	0.0	468.341003418	1.0	0.0	0.0	10.0	0.0	0.0	0.0	0.0	0.0	0.0	0.0	0.0	2.0	0.0	0.0	0.0	0.0	0.0	1.3221479843e-08	0.0	3
1.0	5271.12988281	5.0	2.0	4620.20263672	6.0	2.0	72.0399999619	0.0	-0.999440848827	0.0	0.0334360040724	2.80569986406	19.910749852	-36.1763000488	5.40382003784	-71.7770996094	0.903820889328	2.0	7.09999990463	27.0200004578	1.0	7.09999990463	0.999997921185	1.0	3
1.0	4512.23681641	10.0	3.0	3937.69604492	7.0	4.0	79.7800011635	0.0	-0.00760194566101	0.965314030647	-0.260980933905	2.70285222828	32.3691860709	-17.5640487671	29.0410499573	-78.7957992554	0.380173154148	1.0	10.8800001144	9.65999984741	0.0	10.8800001144	0.99996507957	1.0	3
1.0	5687.61181641	9.0	5.0	3566.88134766	8.0	6.0	156.419999599	0.0	0.999440610409	0.0	-0.0334434360266	48.5951260247	1.72826555823	-27.984500885	-15.692199707	-69.9192962646	0.0137233306826	9.0	5.94000005722	96.1599993706	2.0	10.8400001526	0.99999592789	1.0	3
1.0	3666.23193359	7.0	1.0	1352.14001465	1.0	1.0	9.06000041962	3.08349636437	0.330089986324	0.890859365463	0.312105983496	0.0	2.65859085021	-26.1456489563	31.8857498169	-76.5961456299	0.128465016448	0.0	0.0	0.0	0.0	0.0	0.988217982877	1.0	3
1.0	3497.48266602	8.0	2.0	943.607971191	1.0	1.0	22.9399995804	1.18291587428	0.721007108688	0.662406265736	-0.203388035297	43.1557615177	3.05030503557	-25.9631500244	-14.3017501831	-70.3632049561	0.954512128523	0.0	0.0	0.0	0.0	0.0	0.988217987052	1.0	3
1.0	1222.82250977	6.0	1.0	1535.55603027	1.0	1.0	20.3199996948	0.0	-0.00760336406529	0.96534717083	-0.260858148336	26.9527600567	2.66326063756	-24.4883499146	-14.6533002853	-72.1055450439	0.925980394935	1.0	12.1599998474	11.9200000763	0.0	12.1599998474	0.9080179499	1.0	3
1.0	3942.05200195	7.0	1.0	1352.14001465	1.0	1.0	9.06000041962	3.08349636437	0.330089986324	0.890859365463	0.312105983496	0.0	2.65859085021	-26.1456489563	31.8857498169	-76.5961456299	0.128465016448	0.0	0.0	0.0	0.0	0.0	0.988819803222	1.0	3
1.0	699.909057617	3.0	0.0	1352.14001465	1.0	0.0	0.0	10.0	0.0	0.0	0.0	0.0	0.0	0.0	0.0	0.0	2.0	0.0	0.0	0.0	0.0	0.0	1.3221479843e-08	1.0	3
1.0	1685.11645508	8.0	2.0	1973.89990234	2.0	2.0	78.4799995422	0.0	-0.00760336406529	0.96534717083	-0.260858148336	30.9882042973	2.66326063756	-24.4883499146	-14.6533002853	-72.1055450439	0.925980394935	3.0	1.72000002861	18.1399998665	1.0	1.72000002861	0.990447921697	1.0	3
