valid	volumeS1	connectedComponentsS1	connectedComponentsS1Rel	volumeS2	connectedComponentsS2	connectedComponentsS2Rel	corticalSize	distanceMin	direction_x	direction_y	direction_z	distanceToExtremity1	distanceToExtremity2	gravityCenter_x	gravityCenter_y	gravityCenter_z	corticalDotProduct	junctions	junctionDepthMin	junctionsSize	plisDePassage	plisDePassageDepthMax	Potential	Class	cycle
1.0	1546.26879883	2.0	1.0	4265.98876953	1.0	1.0	6.40000009537	1.52999343696	-0.0723264738917	-0.85640591383	-0.511212110519	2.15643935349	22.6552157353	-75.5951538086	42.7667503357	6.55394983292	0.491683865285	0.0	0.0	0.0	0.0	0.0	-1.0	0.0	1
1.0	5595.671875	9.0	4.0	5971.38183594	15.0	5.0	32.9400005341	0.0	-0.0584608726203	-0.9873239398	0.147559404373	27.2592834534	62.4668338742	-69.6343994141	55.0707473755	14.2395496368	0.463661027732	4.0	10.0600004196	43.5600004196	1.0	23.0799999237	0.992241342682	1.0	1
1.0	7170.83886719	9.0	5.0	13722.3994141	15.0	6.0	102.78000021	0.0	-0.0584667474031	-0.987314939499	0.147617146373	4.55072484508	64.9989044019	-78.2527008057	21.7075004578	-2.97658014297	0.168700777761	10.0	7.30000019073	75.9800007343	5.0	22.3600006104	0.998564997154	1.0	1
1.0	4926.18408203	8.0	5.0	3707.07202148	16.0	4.0	46.7336006165	0.0	-0.997891247272	0.0560442395508	0.0327424556017	49.6303515984	6.64252526615	-63.1053009033	69.6464538574	-9.15065479279	0.5998492004	4.0	14.5600004196	60.279999733	1.0	11.3199996948	0.984620854517	1.0	1
1.0	2006.08984375	2.0	1.0	3799.66357422	1.0	1.0	6.40000009537	1.52999343696	-0.0723264738917	-0.85640591383	-0.511212110519	2.15643935349	22.6552157353	-75.5951538086	42.7667503357	6.55394983292	0.491683865285	0.0	0.0	0.0	0.0	0.0	0.202124442873	1.0	1
1.0	4157.57519531	7.0	7.0	7308.68115234	7.0	4.0	142.759599209	0.0	-0.0584667474031	-0.987314939499	0.147617146373	4.55072484508	64.9989044019	-78.2527008057	21.7075004578	-2.97658014297	0.168700777761	11.0	7.30000019073	113.359999418	7.0	22.3600006104	0.978839074341	1.0	1
1.0	1803.39819336	3.0	2.0	4435.88574219	2.0	2.0	12.6996002197	0.0	-0.997899472713	0.0559416562319	0.0326683297753	0.0	28.509749677	-69.172454834	54.5906982422	14.2912006378	0.868646209043	4.0	7.30000019073	36.0599999428	1.0	20.3600006104	0.442849069875	1.0	1
1.0	3355.47949219	5.0	4.0	6523.09179688	5.0	3.0	44.3999993801	0.0	-0.0584605969489	-0.987319290638	0.147590696812	22.2900147449	62.0642745926	-75.9916000366	38.2074508667	3.49462509155	0.622033106201	9.0	7.67999982834	93.0403994322	7.0	23.0799999237	0.978839057993	1.0	1
1.0	2068.69433594	3.0	1.0	1912.75073242	5.0	2.0	32.8200006485	2.4673284953	0.128571242094	0.012040511705	-0.991627156734	19.5956266507	28.7471287496	-74.8656463623	54.9248504639	-9.49952030182	0.788396906573	0.0	0.0	0.0	0.0	0.0	0.910387433378	1.0	1
1.0	3130.44287109	5.0	3.0	2219.50268555	5.0	3.0	35.6000001431	0.0	-0.0584562085569	-0.987319588661	0.147590383887	29.5060867112	40.4987452648	-61.149597168	74.4148483276	-3.93843507767	0.203473905022	4.0	12.4799995422	61.0803986788	2.0	23.0799999237	0.970279425219	1.0	1
1.0	1713.83691406	2.0	1.0	4594.1171875	1.0	1.0	15.0399999619	2.86671930383	-0.197272747755	-0.676850318909	-0.709194719791	2.06082095284	23.0700971402	-74.1017990112	45.4836997986	8.31729507446	0.863527712695	0.0	0.0	0.0	0.0	0.0	-1.0	0.0	1
1.0	3856.49462891	6.0	2.0	10573.4677734	12.0	2.0	1.0	4.2276352739	-0.331830531359	-0.905937254429	-0.262994736433	0.0	57.5154692032	-72.5456008911	26.0233001709	26.2989501953	0.0975810464488	1.0	9.56000041962	4.42000007629	1.0	9.56000041962	0.968233068138	1.0	1
1.0	5004.41015625	8.0	4.0	14388.9101562	11.0	4.0	44.939999342	0.0	-0.104938901961	-0.992566943169	-0.0616337396204	6.54224614837	47.9133991842	-71.4983978271	33.9549026489	-16.9758987427	0.556292126075	4.0	14.7399997711	43.7459993884	3.0	28.0400009155	0.999094047511	1.0	1
1.0	3902.95239258	3.0	0.0	12108.8925781	9.0	0.0	0.0	10.0	0.0	0.0	0.0	0.0	0.0	0.0	0.0	0.0	2.0	0.0	0.0	0.0	0.0	0.0	0.481181050881	1.0	1
1.0	1686.35693359	4.0	2.0	3846.20849609	1.0	1.0	19.6199998856	0.0	-0.104949310422	-0.992565512657	-0.0616386532784	10.8616447973	0.0	-73.8340988159	52.4856491089	-3.1075501442	0.713058484817	0.0	0.0	0.0	1.0	28.0400009155	0.358995221124	1.0	1
1.0	6887.54248047	3.0	3.0	9654.53320312	4.0	3.0	135.620000362	0.0	-0.104949340224	-0.99256581068	-0.0616337507963	2.10326614129	60.7799388296	-75.6532974243	25.5252494812	0.701236486435	0.813002882172	4.0	18.0	81.4799995422	5.0	24.7199993134	0.999916639924	1.0	1
1.0	1825.81286621	3.0	1.0	4457.98046875	5.0	2.0	29.8000001907	1.20663583939	-0.791680514812	-0.609199821949	-0.0460164360702	0.0	26.0261384662	-73.9893493652	46.7518005371	12.9552001953	0.7789660684	0.0	0.0	0.0	0.0	0.0	0.188867291337	1.0	1
1.0	5655.18115234	3.0	3.0	10794.1435547	4.0	3.0	132.700000048	0.0	-0.104949340224	-0.99256581068	-0.0616337507963	2.10326614129	60.7799388296	-75.6532974243	25.5252494812	0.701236486435	0.813002882172	0.0	0.0	0.0	3.0	28.0400009155	0.966972645893	1.0	1
1.0	2986.09814453	2.0	2.0	10586.2148438	3.0	2.0	33.3200001717	1.20663583939	-0.791680514812	-0.609199821949	-0.0460164360702	0.0	61.0683271985	-73.9893493652	46.7518005371	12.9552001953	0.7789660684	0.0	0.0	0.0	0.0	0.0	0.818931380165	1.0	1
1.0	3171.62988281	4.0	2.0	5899.65917969	3.0	2.0	43.1599998474	0.0	-0.104938901961	-0.992566943169	-0.0616337396204	6.54224614837	43.377776371	-71.4983978271	33.9549026489	-16.9758987427	0.556292126075	3.0	18.0	59.9200000763	3.0	22.9200000763	0.991171164705	1.0	1
1.0	2543.10693359	2.0	1.0	3885.02294922	1.0	1.0	28.0999994278	0.0	-0.999344944954	0.0346925780177	0.0103011131287	6.72016391729	28.8911369933	-77.3304519653	48.8047485352	1.86579501629	0.400197083742	1.0	4.48000001907	4.61999988556	1.0	4.48000001907	-1.0	0.0	1
1.0	5044.91259766	9.0	6.0	14713.3867188	17.0	6.0	93.0799984932	0.0	-0.999348342419	0.0346073023975	0.010257827118	0.0	69.1581434177	-74.4515991211	31.696100235	13.833650589	0.774660937291	6.0	3.81999993324	52.8999996185	7.0	19.1000003815	0.998524879631	1.0	1
1.0	2640.90771484	6.0	3.0	4878.06396484	13.0	3.0	2.38000011444	3.4866316121	-0.348494529724	0.744115054607	-0.569951176643	24.0732798191	48.0812420773	-75.9358520508	38.3741493225	9.98587036133	0.921530630518	3.0	7.32000017166	21.5120002031	2.0	13.6999998093	0.425863693319	1.0	1
1.0	4798.75439453	6.0	3.0	10031.8759766	14.0	2.0	47.1999998093	0.0	0.0334241762757	0.984703779221	-0.171000912786	17.3455731472	16.2051649307	-58.0158500671	77.5539016724	-19.7217998505	0.378802957751	3.0	5.53999996185	18.8399996758	4.0	19.1000003815	0.99844506724	1.0	1
1.0	3824.44091797	4.0	3.0	1509.30981445	6.0	4.0	46.3599991798	0.0	-0.999348342419	0.0346073023975	0.010257827118	0.0	60.8470970454	-74.4515991211	31.696100235	13.833650589	0.774660937291	6.0	3.16000008583	45.060000062	5.0	7.32000017166	0.999057514871	1.0	1
1.0	4082.29077148	5.0	3.0	10100.4765625	5.0	3.0	58.6799993515	0.0	-0.033421177417	-0.984703540802	0.171002849936	0.0	60.2688734415	-74.268447876	23.9075508118	4.31536006927	0.217707622192	4.0	4.28000020981	30.6399998665	3.0	7.32000017166	0.994276840969	1.0	1
1.0	3254.265625	2.0	2.0	9239.92285156	4.0	2.0	24.9200000763	0.0	-0.0334143303335	-0.984703660011	0.171003594995	33.4493630621	34.544232425	-73.3958511353	51.2813491821	-5.8695898056	0.0544533606707	3.0	14.1000003815	41.2399997711	2.0	19.1000003815	0.791136365896	1.0	1
1.0	4813.25097656	4.0	4.0	5940.31298828	5.0	4.0	116.379998207	0.0	-0.033421177417	-0.984703540802	0.171002849936	0.0	60.2688734415	-74.268447876	23.9075508118	4.31536006927	0.217707622192	6.0	4.28000020981	59.8800001144	6.0	14.1000003815	0.99762997404	1.0	1
1.0	1566.47192383	1.0	0.0	720.473999023	2.0	0.0	0.0	10.0	0.0	0.0	0.0	0.0	0.0	0.0	0.0	0.0	2.0	0.0	0.0	0.0	0.0	0.0	0.481181050881	1.0	1
1.0	4616.15576172	3.0	3.0	10625.2705078	5.0	3.0	77.9999990463	0.0	-0.033421177417	-0.984703540802	0.171002849936	0.0	60.2688734415	-74.268447876	23.9075508118	4.31536006927	0.217707622192	7.0	4.28000020981	53.6199994087	5.0	7.32000017166	0.998563237643	1.0	1
1.0	2626.25610352	1.0	1.0	3112.90991211	1.0	1.0	16.6599998474	2.88601977567	-0.398767709732	-0.652443468571	-0.644439101219	20.9554513431	11.3316095109	-72.3087005615	48.6768493652	5.72364521027	0.870035852968	0.0	0.0	0.0	0.0	0.0	-1.0	0.0	1
1.0	3283.83178711	6.0	3.0	18166.0117188	15.0	2.0	45.9000005722	0.0	-0.046194318682	-0.99374961853	0.101625815034	22.1838797084	23.1223733396	-60.7544021606	71.1535491943	-13.3607997894	0.547841269385	1.0	4.05999994278	2.94000005722	1.0	4.05999994278	0.998833245942	1.0	1
1.0	2917.44726562	8.0	6.0	18482.4746094	18.0	3.0	145.540000916	0.0	-0.998023092747	0.0332690142095	-0.0533209592104	17.2351212037	2.87395176364	-48.3839492798	87.8124542236	-10.1578502655	0.122525135188	5.0	1.12000000477	47.8999996185	3.0	18.3199996948	0.998574550015	1.0	1
1.0	3105.44165039	3.0	2.0	3112.90991211	1.0	1.0	32.8999996185	2.88601977567	-0.398767709732	-0.652443468571	-0.644439101219	35.6605553248	11.3316095109	-72.3087005615	48.6768493652	5.72364521027	0.870035852968	0.0	0.0	0.0	0.0	0.0	0.407343427604	1.0	1
1.0	5047.26074219	7.0	5.0	6151.93359375	6.0	2.0	114.140001774	0.0	-0.0461935438216	-0.993749797344	0.101624473929	2.09661008104	49.9536223915	-71.7149047852	13.3825998306	-0.65295445919	0.632311960503	5.0	5.59999990463	73.8999996185	3.0	22.3199996948	0.99263438039	1.0	1
1.0	1678.67993164	1.0	0.0	3317.55419922	2.0	0.0	0.0	10.0	0.0	0.0	0.0	0.0	0.0	0.0	0.0	0.0	2.0	0.0	0.0	0.0	0.0	0.0	0.481181050881	1.0	1
1.0	4794.32421875	6.0	5.0	6983.59277344	4.0	2.0	120.400000572	0.0	-0.998023092747	0.0332690142095	-0.0533209592104	17.3453796342	2.87395176364	-48.3839492798	87.8124542236	-10.1578502655	0.122525135188	5.0	6.13999986649	66.3399991989	2.0	18.3199996948	0.997481986908	1.0	1
1.0	1691.92297363	1.0	1.0	3440.32592773	2.0	2.0	27.8199996948	0.0	-0.998023092747	0.0332690142095	-0.0533209592104	1.74231428716	3.5386177432	-63.7311515808	67.7081451416	-13.1490497589	0.454500562111	1.0	6.13999986649	6.23999977112	1.0	6.13999986649	0.125891039694	1.0	1
1.0	4537.25341797	9.0	5.0	6031.91357422	4.0	3.0	102.880001068	0.0	-0.0461935438216	-0.993749797344	0.101624473929	2.09661008104	47.9257017343	-71.7149047852	13.3825998306	-0.65295445919	0.632311960503	3.0	5.59999990463	43.9000005722	2.0	22.3199996948	0.992862974823	1.0	1
1.0	3689.56494141	1.0	1.0	3959.04101562	1.0	1.0	22.6000003815	2.45037960304	-0.10775423795	-0.0499968938529	-0.992919623852	1.86702757843	25.701507192	-77.1423034668	27.3977012634	6.22817516327	0.810601896536	0.0	0.0	0.0	0.0	0.0	-1.0	0.0	1
1.0	6207.97802734	9.0	2.0	9550.34472656	17.0	3.0	24.0799999237	0.0	0.00609549600631	-0.9983907938	0.0563795827329	22.8101824643	57.7198695645	-73.3218002319	23.0206489563	-10.5297498703	0.420963859371	3.0	10.5399999619	34.1600008011	2.0	21.6800003052	0.993415530577	1.0	1
1.0	6248.26367188	7.0	3.0	9171.61621094	10.0	2.0	40.6600003242	0.0	-0.99493598938	0.0	0.100510656834	35.2490297618	36.2608912238	-68.4791030884	51.9402999878	-12.6707496643	0.770008817746	4.0	11.9600000381	48.2000007629	4.0	26.1399993896	0.894771888192	1.0	1
1.0	8256.94140625	9.0	3.0	12850.6083984	20.0	3.0	19.8603991996	0.0	-0.99493509531	0.0	0.100519500673	49.2092613692	28.7433159608	-63.1314506531	63.0271987915	-15.3552494049	0.0563631425423	6.0	7.01999998093	54.4400000572	2.0	7.01999998093	0.998185175741	1.0	1
1.0	7532.22900391	5.0	3.0	10355.3955078	7.0	3.0	117.140000105	0.0	0.00609550205991	-0.998390853405	0.0563786998391	1.12118008193	57.8790944757	-74.3544006348	15.9535503387	11.1334495544	0.0386212506977	4.0	9.0	47.2199997902	1.0	21.6800003052	0.962340999616	1.0	1
1.0	6690.31933594	5.0	2.0	7580.88037109	10.0	3.0	87.1199991703	1.93233539981	0.510886609554	-0.0401994250715	-0.858707666397	51.0751607507	21.6887303131	-63.7411003113	74.7144470215	-5.38353490829	0.25933891146	0.0	0.0	0.0	0.0	0.0	0.991444985262	1.0	1
1.0	6753.02246094	5.0	3.0	9784.0390625	5.0	2.0	103.479999542	0.0	-0.00609548948705	0.998389720917	-0.0563986413181	1.80712588516	55.9464003626	-74.2341995239	19.5621490479	1.84862995148	0.267014811837	1.0	16.5599994659	16.7800006866	0.0	16.5599994659	0.98636795975	1.0	1
1.0	7302.15576172	7.0	5.0	7704.98876953	7.0	3.0	90.6799993515	0.0	0.994935154915	0.0	-0.10051908344	3.61426892733	43.2820887682	-73.5177459717	20.1445999146	3.25408005714	0.543401256463	6.0	10.5399999619	76.8000025749	2.0	28.9400005341	0.983281232944	1.0	1
1.0	6897.78613281	6.0	3.0	8079.71777344	6.0	2.0	57.1600000858	0.0	0.00609549600631	-0.9983907938	0.0563795827329	2.46239141803	30.602266747	-73.3218002319	23.0206489563	-10.5297498703	0.420963859371	2.0	10.5399999619	27.8800010681	0.0	19.0200004578	0.99318670049	1.0	1
1.0	3710.85791016	5.0	2.0	4918.72167969	5.0	1.0	46.8199994564	2.71160097825	0.0603448413312	0.511193692684	-0.857344448566	24.9649961071	44.1827702785	-72.914352417	54.0056495667	8.8146648407	0.89720005659	0.0	0.0	0.0	0.0	0.0	0.971243069325	1.0	1
1.0	4276.90380859	2.0	1.0	2620.02294922	1.0	1.0	15.5	2.83244592196	0.00538439303637	-0.433504998684	-0.901135087013	0.0	10.9212700786	-76.1082000732	31.0156497955	-0.140599966049	0.356770792422	0.0	0.0	0.0	0.0	0.0	-1.0	0.0	1
1.0	2807.61083984	5.0	3.0	1812.48193359	4.0	4.0	76.7000007629	0.0	-0.0429126136005	-0.985954999924	0.16140383482	1.7900765998	13.2204196681	-73.0982055664	13.5043506622	1.50177502632	0.971381775237	3.0	8.43999958038	32.6599998474	1.0	18.3400001526	0.993822400066	1.0	1
1.0	3069.796875	5.0	2.0	2070.22265625	7.0	3.0	36.8200006485	0.0	-0.0429126136005	-0.985954999924	0.16140383482	1.7900765998	13.2204196681	-73.0982055664	13.5043506622	1.50177502632	0.971381775237	1.0	8.43999958038	7.19999980927	1.0	18.3400001526	0.998055426501	1.0	1
1.0	5005.56347656	10.0	4.0	1729.84033203	9.0	3.0	35.8808001727	0.0	-0.998986303806	0.0365960672498	-0.0262114387006	39.306585007	2.71126501155	-69.0800018311	67.2982940674	0.532398462296	0.958356194394	4.0	12.6999998093	55.7600002289	2.0	14.5600004196	0.971145288322	1.0	1
1.0	5442.10693359	3.0	1.0	2838.84179688	1.0	1.0	15.5	2.83244592196	0.00538439303637	-0.433504998684	-0.901135087013	22.9193686747	10.9212700786	-76.1082000732	31.0156497955	-0.140599966049	0.356770792422	0.0	0.0	0.0	0.0	0.0	0.540825795516	1.0	1
1.0	7914.75292969	8.0	3.0	6655.82714844	7.0	5.0	137.060799286	0.0	-0.0429126136005	-0.985954999924	0.16140383482	1.7900765998	58.0957143125	-73.0982055664	13.5043506622	1.50177502632	0.971381775237	5.0	4.32000017166	57.779999733	6.0	27.1399993896	0.999994712761	1.0	1
1.0	3715.53515625	4.0	4.0	2165.84790039	4.0	3.0	87.5408009738	0.0	0.998986303806	-0.036595698446	0.0262125525624	38.1436257117	1.24606008188	-71.8492507935	63.2007980347	5.05220031738	0.942849683558	7.0	8.43999958038	93.6999998093	4.0	25.4200000763	0.988712608138	1.0	1
1.0	4583.63720703	8.0	3.0	2676.80102539	8.0	3.0	47.9608005732	0.0	0.998985528946	-0.0365960374475	0.0262423660606	0.0	32.1713708312	-74.1969985962	41.6440010071	15.0549497604	0.0214938771175	3.0	8.43999958038	37.220000267	2.0	14.5600004196	0.993574457937	1.0	1
1.0	4850.70117188	3.0	1.0	2620.02294922	1.0	1.0	15.5	2.83244592196	0.00538439303637	-0.433504998684	-0.901135087013	40.821583709	10.9212700786	-76.1082000732	31.0156497955	-0.140599966049	0.356770792422	0.0	0.0	0.0	0.0	0.0	0.54546457366	1.0	1
1.0	5386.67919922	8.0	2.0	6853.18798828	4.0	2.0	45.1199986935	0.0	-0.998986124992	0.0365958362818	-0.026218496263	28.7896430944	49.2952305968	-73.5182952881	47.5443992615	-2.80857491493	0.162845312266	1.0	4.21999979019	3.94000005722	1.0	4.21999979019	0.995248500939	1.0	1
1.0	1924.29260254	2.0	0.0	4127.37988281	1.0	0.0	0.0	10.0	0.0	0.0	0.0	0.0	0.0	0.0	0.0	0.0	2.0	0.0	0.0	0.0	0.0	0.0	0.481181050881	0.0	1
1.0	5074.40527344	16.0	9.0	11907.4414062	17.0	7.0	85.3599994183	0.0	0.00382817536592	0.980662465096	-0.195669338107	4.52275039669	34.7577016749	-68.137298584	48.2162475586	-22.5438995361	0.984845897902	13.0	4.80000019073	125.140000343	4.0	25.9599990845	0.997187522928	1.0	1
1.0	6741.81396484	16.0	10.0	17280.7109375	17.0	6.0	116.940000772	0.0	-0.999824225903	0.0	-0.0187475364655	0.0	50.7157377811	-70.9017028809	24.9615001678	-20.2838001251	0.0614734365675	17.0	4.80000019073	128.189200044	4.0	25.9599990845	0.999902780673	1.0	1
1.0	6236.70849609	14.0	5.0	15423.7841797	16.0	5.0	80.6000003815	0.0	-0.999825954437	0.0	-0.0186548046768	14.9255016479	58.888816837	-69.4814987183	31.6441993713	19.1773490906	0.546897965966	8.0	9.26000022888	80.4600009918	2.0	12.8599996567	0.981211209126	1.0	1
1.0	4061.33837891	7.0	3.0	7383.24414062	7.0	3.0	54.787599802	0.0	-0.00372825213708	-0.980664849281	0.195659250021	26.4302775278	59.0950716971	-69.7481536865	45.7945480347	4.70003509521	0.895484891531	2.0	17.0200004578	34.7399997711	1.0	18.3799991608	0.910304187516	1.0	1
1.0	3339.87402344	9.0	4.0	6459.58740234	6.0	3.0	53.7276005745	0.0	0.00372824585065	0.980663180351	-0.195667564869	26.6625631543	31.0956056638	-68.1335449219	49.1895523071	-22.7381000519	0.395294347542	3.0	11.779999733	31.7999992371	0.0	18.6599998474	0.980881239568	1.0	1
1.0	2280.97363281	5.0	3.0	6429.140625	5.0	2.0	69.4399995804	0.0	-0.999825656414	0.0	-0.0186732020229	8.41572924642	50.8535424645	-72.2965011597	20.6305007935	-4.30288982391	0.215087341438	2.0	4.80000019073	15.1000003815	0.0	11.779999733	0.701433825876	1.0	1
1.0	3636.29956055	10.0	6.0	4265.97265625	12.0	6.0	131.117199805	0.0	0.999825716019	0.0	0.0186705179513	31.9124273046	52.575634488	-68.0307998657	50.5749015808	0.283557504416	0.18586737008	8.0	3.6400001049	87.6800003052	2.0	12.8599996567	0.982778473193	1.0	1
1.0	4890.86767578	10.0	4.0	7079.20507812	6.0	3.0	61.827599287	0.0	0.00372824585065	0.980663180351	-0.195667564869	26.6625631543	34.0341764463	-68.1335449219	49.1895523071	-22.7381000519	0.395294347542	4.0	10.1199998856	41.1399993896	1.0	10.1199998856	0.984623618695	1.0	1
1.0	4082.01879883	12.0	7.0	7917.14599609	9.0	6.0	176.484799292	0.0	0.00372824585065	0.980663180351	-0.195667564869	43.8148802143	34.0341764463	-68.1335449219	49.1895523071	-22.7381000519	0.394949840539	11.0	3.6400001049	117.419999123	1.0	10.1199998856	0.989156654855	1.0	1
1.0	1680.23950195	2.0	1.0	4130.72509766	1.0	1.0	37.3599996567	0.0	0.0265206806362	0.970083534718	-0.241318449378	7.22563824354	25.3698062436	-77.1477966309	38.5149993896	0.190101653337	0.896619743008	1.0	1.12000000477	2.07999992371	1.0	1.12000000477	-1.0	0.0	1
1.0	7138.3359375	8.0	7.0	18800.2558594	16.0	5.0	153.480000615	0.0	-0.993508338928	0.0	-0.113759316504	7.02396108168	59.2343697638	-75.1745452881	21.4158992767	17.8330001831	0.0416057591004	8.0	4.44000005722	32.6368000209	6.0	20.6800003052	0.999999205944	1.0	1
1.0	2064.94458008	6.0	3.0	8069.18505859	11.0	2.0	23.0799999237	0.0	-0.0265206694603	-0.970083117485	0.241320133209	0.0	32.4944471623	-72.7046051025	53.3618011475	-19.8961486816	0.384381462396	1.0	5.40000009537	7.96000003815	0.0	5.40000009537	0.0920245016484	1.0	1
1.0	5169.67529297	8.0	4.0	10795.9580078	11.0	3.0	82.0800004005	0.0	-0.0265261754394	-0.970055103302	0.241432189941	23.4526828595	0.0	-63.7907028198	67.0261535645	-29.8083992004	0.993185140781	4.0	3.68000006676	11.0799999237	3.0	12.4399995804	0.999751033424	1.0	1
1.0	4070.66503906	6.0	4.0	7003.99560547	9.0	3.0	84.4000011683	0.0	-0.993508338928	0.0	-0.113759316504	7.02396108168	51.904665741	-75.1745452881	21.4158992767	17.8330001831	0.0416057591004	2.0	4.44000005722	10.6399998665	2.0	12.4399995804	0.993472969943	1.0	1
1.0	4482.02978516	6.0	5.0	10351.1347656	5.0	3.0	108.452000618	0.0	-0.0265267919749	-0.970077633858	0.241341561079	27.6371221786	3.72001488449	-58.90599823	77.7834472656	-13.2304496765	0.184073848384	9.0	5.40000009537	104.981598347	9.0	21.1599998474	0.99736670684	1.0	1
1.0	4923.73583984	6.0	3.0	10771.0585938	6.0	3.0	138.815200448	0.0	0.0265206750482	0.970083355904	-0.241319268942	36.2346764057	1.52142374302	-64.3979034424	71.3579025269	-14.1137504578	0.0565438256506	4.0	4.44000005722	30.4000000954	5.0	12.4399995804	0.995112229447	1.0	1
1.0	4080.5090332	7.0	5.0	4507.71435547	4.0	3.0	121.880000114	0.0	-0.993508338928	0.0	-0.113759316504	7.02396108168	51.904665741	-75.1745452881	21.4158992767	17.8330001831	0.0416057591004	4.0	1.12000000477	58.4399995804	4.0	27.8799991608	0.98161572638	1.0	1
1.0	2918.67480469	4.0	2.0	3830.85302734	2.0	1.0	37.5599994659	0.0	-0.026527998969	-0.97008305788	0.241319641471	30.9103229207	3.12149264319	-75.243598938	45.48279953	-6.96535968781	0.700151627874	2.0	1.12000000477	31.3600006104	2.0	27.8799991608	0.773233073508	1.0	1
1.0	873.370117188	1.0	0.0	954.54498291	2.0	0.0	0.0	10.0	0.0	0.0	0.0	0.0	0.0	0.0	0.0	0.0	2.0	0.0	0.0	0.0	0.0	0.0	0.481181050881	1.0	1
1.0	1634.21496582	2.0	1.0	5092.13037109	1.0	1.0	41.2800006866	1.87699758296	-0.176604598761	-0.765372514725	-0.618882656097	0.0	21.9844840574	-69.9420928955	59.5699501038	-15.4631004333	0.190724426575	0.0	0.0	0.0	0.0	0.0	-1.0	0.0	1
1.0	7910.72412109	14.0	7.0	12219.4921875	19.0	6.0	132.139998674	0.0	0.982109606266	-0.129116401076	-0.137075647712	18.9765807664	7.83074051729	-50.310546875	82.0713043213	-16.21849823	0.0472465055335	5.0	5.88000011444	45.3600001335	5.0	22.6800003052	0.999930810871	1.0	1
1.0	4941.94335938	13.0	5.0	6685.41064453	18.0	3.0	32.2799999714	0.0	-0.0849937722087	-0.953441917896	0.289351969957	1.75650083013	48.8377966128	-67.1186065674	23.8415489197	26.5114517212	0.397517672465	2.0	10.3999996185	21.0799999237	3.0	17.9200000763	0.842077040485	1.0	1
1.0	6757.95458984	13.0	7.0	9666.08691406	20.0	6.0	37.5200004578	0.0	0.982093811035	-0.129225969315	-0.137085333467	52.8478024192	19.9902234264	-59.084602356	72.2890472412	-27.1805000305	0.924197187429	7.0	8.92000007629	65.3999986649	2.0	10.3599996567	0.99999192457	1.0	1
1.0	3007.19604492	3.0	3.0	7121.62207031	5.0	2.0	91.7199995518	0.0	-0.0849857479334	-0.953450918198	0.28932467103	0.0	61.759477211	-73.4842987061	34.6581993103	13.7964496613	0.555667178863	1.0	11.7600002289	12.3999996185	3.0	17.9200000763	0.869518581068	1.0	1
1.0	6047.19580078	7.0	4.0	6378.82617188	4.0	3.0	110.139999866	0.0	-0.0849856510758	-0.953447937965	0.289334595203	15.2702353731	63.2665174858	-73.5677947998	31.082901001	8.70683479309	0.111070497513	4.0	1.0	27.5599999428	4.0	11.7600002289	0.998620131782	1.0	1
1.0	4556.44482422	6.0	5.0	6011.72314453	4.0	2.0	111.059999704	0.0	-0.0849856510758	-0.953447937965	0.289334595203	15.2702353731	63.2665174858	-73.5677947998	31.082901001	8.70683479309	0.111070497513	2.0	1.0	8.64000034332	3.0	17.9200000763	0.94793191049	1.0	1
1.0	1856.78503418	3.0	0.0	1283.31005859	1.0	0.0	0.0	10.0	0.0	0.0	0.0	0.0	0.0	0.0	0.0	0.0	2.0	0.0	0.0	0.0	0.0	0.0	0.481181050881	1.0	1
1.0	1426.65795898	3.0	1.0	4227.0703125	2.0	1.0	17.5799999237	1.87699758296	-0.176604598761	-0.765372514725	-0.618882656097	0.0	28.6028666848	-69.9420928955	59.5699501038	-15.4631004333	0.190724426575	0.0	0.0	0.0	0.0	0.0	0.432318247525	1.0	1
1.0	4007.21728516	7.0	3.0	959.553283691	5.0	2.0	31.8199996948	0.0	-0.74949747324	-0.588923931122	0.302360892296	37.502535593	44.5799063656	-66.1748046875	63.6068496704	-1.96036505699	0.486566535371	1.0	1.0	0.0	1.0	1.0	0.987120053508	1.0	1
1.0	2905.26147461	1.0	1.0	4249.19580078	2.0	1.0	26.0928009748	0.0	-0.769103586674	-0.63866186142	0.024303983897	1.37302664216	25.2912478132	-70.0843963623	49.0673484802	-4.15544509888	0.875379515562	3.0	1.01999998093	36.0000009537	1.0	1.01999998093	-1.0	0.0	1
1.0	5354.25	8.0	3.0	5736.64257812	18.0	4.0	45.3020000383	0.0	-0.0412679575384	-0.994553208351	0.0957126915455	7.19599339168	63.0336260563	-69.0306015015	25.8739509583	26.0653991699	0.0130001899915	8.0	0.920000016689	84.1199998856	1.0	20.9799995422	0.991139561379	1.0	1
1.0	658.477722168	5.0	2.0	4998.03076172	4.0	2.0	8.42000007629	2.75636716148	0.570788323879	0.819447696209	-0.0520206540823	17.6742822159	22.5207414015	-65.5173034668	67.2915039062	8.22365570068	0.42933291225	3.0	11.5600004196	31.3400006294	0.0	23.4599990845	0.964540480757	1.0	1
1.0	5848.55957031	11.0	8.0	17940.9375	19.0	6.0	153.460000515	0.0	-0.998190522194	0.0287155453116	-0.052831184119	50.5287192802	2.6250044112	-52.3478012085	79.6321487427	-9.0624294281	0.720339745254	13.0	3.75999999046	153.680001616	5.0	45.2999992371	0.999513754238	1.0	1
1.0	2256.2175293	6.0	4.0	7268.19482422	8.0	3.0	64.9180010483	0.0	-0.769103586674	-0.63866186142	0.024303983897	1.37302664216	48.1539301028	-70.0843963623	49.0673484802	-4.15544509888	0.875379515562	9.0	0.920000016689	47.0400004387	5.0	13.7399997711	0.742993314464	1.0	1
1.0	2200.02270508	7.0	4.0	4825.00732422	10.0	4.0	61.5799996853	2.26288528534	0.263621300459	0.458361536264	-0.848768889904	49.1982698544	33.4229274723	-66.8647460938	65.1242523193	3.48926496506	0.833388787418	1.0	12.8599996567	6.5	2.0	13.1599998474	0.969689708874	1.0	1
1.0	2298.97705078	2.0	2.0	5584.44824219	5.0	3.0	72.7544003725	0.0	-0.769103586674	-0.63866186142	0.024303983897	1.37302664216	45.0804511963	-70.0843963623	49.0673484802	-4.15544509888	0.875379515562	12.0	1.01999998093	109.810401887	9.0	21.7800006866	0.900635284414	1.0	1
1.0	5696.28662109	8.0	6.0	6674.8046875	10.0	6.0	151.052799582	0.0	-0.0412679575384	-0.994553208351	0.0957126915455	1.72296605929	46.5881837306	-69.0306015015	25.8739509583	26.0653991699	0.846933248747	12.0	1.01999998093	163.900002003	8.0	21.7800006866	0.99366495987	1.0	1
1.0	931.309753418	3.0	3.0	3647.34863281	4.0	2.0	14.6800005436	3.30331644967	-0.533647656441	-0.378761321306	-0.756148159504	9.55203183671	33.6868465142	-64.1976470947	63.0474014282	18.4675006866	0.126861977402	5.0	12.8599996567	62.1200008392	3.0	21.7800006866	0.336429513505	1.0	1
1.0	3493.14160156	10.0	7.0	4935.05761719	11.0	5.0	70.6543992758	0.0	-0.0412679575384	-0.994553208351	0.0957126915455	1.72296605929	53.9879999132	-69.0306015015	25.8739509583	26.0653991699	0.846933248747	6.0	6.94000005722	62.7399997711	5.0	18.3799991608	0.995891910223	1.0	1
1.0	1612.99914551	2.0	1.0	3977.43994141	1.0	1.0	22.3400001526	1.18622932714	0.0124378474429	-0.251148015261	-0.967868804932	10.837357291	10.282301442	-72.8129501343	55.1660003662	-6.80271482468	0.813664662542	0.0	0.0	0.0	0.0	0.0	-1.0	0.0	1
1.0	5159.30273438	10.0	7.0	18526.140625	14.0	6.0	117.25999999	0.0	-0.999504089355	-0.0310958884656	-0.00496305525303	13.4202590731	2.7901953984	-57.2877998352	82.2147521973	-22.1242485046	0.815987123233	4.0	5.34000015259	45.3199996948	3.0	13.8400001526	0.997667135457	1.0	1
1.0	8073.91503906	13.0	4.0	19517.5	14.0	2.0	91.1599999666	0.0	0.0288018155843	-0.963120698929	0.267523854971	0.987288593811	54.8301449161	-71.442199707	9.28879547119	6.67055988312	0.396033371322	5.0	2.79999995232	39.8999996185	0.0	11.0200004578	0.999980311637	1.0	1
1.0	8553.40039062	8.0	5.0	18591.0644531	16.0	5.0	151.019999146	0.0	-0.999504089355	-0.0310958884656	-0.00496305525303	62.7933644438	2.7901953984	-57.2877998352	82.2147521973	-22.1242485046	0.815987123233	10.0	2.79999995232	107.199599624	5.0	21.0799999237	0.99998537167	1.0	1
1.0	4038.84912109	8.0	5.0	10908.8291016	6.0	4.0	167.259999275	0.0	-0.999507129192	-0.030987797305	-0.00502392556518	13.973904636	0.987287745206	-61.1365013123	76.7266998291	-7.5128698349	0.21578185373	8.0	2.79999995232	78.0599999428	0.0	22.1800003052	0.974308133232	1.0	1
1.0	4638.12011719	9.0	5.0	9742.953125	5.0	2.0	120.279999495	0.0	0.0288034658879	-0.963105201721	0.267579317093	21.702775933	0.0	-62.5083999634	74.6817474365	-17.1856994629	0.719863192005	7.0	2.79999995232	59.4395998716	2.0	18.5	0.997530151238	1.0	1
1.0	2882.50927734	5.0	3.0	4785.45117188	3.0	2.0	59.2599992752	1.18622932714	0.0124378474429	-0.251148015261	-0.967868804932	36.1393115659	14.1648170074	-72.8129501343	55.1660003662	-6.80271482468	0.813664662542	2.0	8.53999996185	22.4400000572	0.0	18.0599994659	0.202812579594	1.0	1
1.0	4005.87817383	7.0	3.0	7530.21337891	7.0	2.0	77.7399994135	0.0	-0.0288034658879	0.963105201721	-0.267579317093	22.0664023157	14.6564810838	-62.5083999634	74.6817474365	-17.1856994629	0.78408247468	6.0	4.19999980927	70.859998703	0.0	18.5	0.980409570675	1.0	1
1.0	4103.1171875	7.0	4.0	8380.57910156	4.0	3.0	115.79999876	0.0	0.0288090575486	-0.963130235672	0.267488777637	28.7578383971	14.3120600608	-69.1271972656	64.1326980591	-9.96953582764	0.794480349583	5.0	5.34000015259	41.7391993999	2.0	24.3999996185	0.927416647045	1.0	1
1.0	5070.74121094	12.0	9.0	10221.2597656	5.0	4.0	214.600000739	0.0	0.0288018155843	-0.963120698929	0.267523854971	0.987288593811	43.2656845094	-71.442199707	9.28879547119	6.67055988312	0.396033371322	13.0	2.79999995232	127.759198904	3.0	24.3999996185	0.998185174877	1.0	1
1.0	1195.48303223	2.0	1.0	4394.69238281	2.0	1.0	18.6199998856	3.60392845704	-0.325846552849	-0.637395381927	-0.698248684406	18.7159541077	10.8321927352	-69.7171020508	62.0793457031	2.08087992668	0.604666562651	0.0	0.0	0.0	0.0	0.0	-1.0	0.0	1
1.0	4497.73925781	8.0	5.0	12608.5839844	8.0	3.0	85.4043998718	0.0	-0.0130403498188	0.976928591728	-0.213167786598	0.0	71.4319798324	-74.6189498901	36.4805526733	12.0661001205	0.442776801838	9.0	4.82000017166	80.4400012493	7.0	49.6399993896	0.973328565441	1.0	1
1.0	3973.76049805	6.0	4.0	15535.4111328	14.0	5.0	122.240000725	0.0	0.0131458202377	-0.976932168007	0.213144809008	11.6083185035	46.6927677092	-69.0140991211	17.8396987915	28.5331001282	0.0128929347754	11.0	0.920000016689	111.339999914	9.0	23.2399997711	0.958030609861	1.0	1
1.0	6215.21386719	12.0	7.0	14153.53125	10.0	6.0	112.384401321	0.0	0.0131458202377	-0.976932168007	0.213144809008	11.6083185035	49.0250864279	-69.0140991211	17.8396987915	28.5331001282	0.0128929347754	11.0	0.920000016689	56.5600004196	8.0	25.8199996948	0.987082479409	1.0	1
1.0	5210.60595703	6.0	5.0	7884.47021484	2.0	1.0	63.2199993134	0.0	-0.99713820219	0.0	0.0755999609828	33.4401676753	21.3184794122	-72.9536514282	46.4314002991	1.75492501259	0.814668479302	12.0	4.96000003815	99.7384005059	9.0	18.6000003815	0.968287773347	1.0	1
1.0	5890.87597656	5.0	2.0	5299.57519531	5.0	2.0	17.5799999237	0.0	-0.997142374516	0.0	0.075545437634	39.4766833748	3.26766303316	-67.3084487915	59.2788009644	-11.0936498642	0.0876400644041	9.0	3.66000008583	69.5184004772	7.0	23.2399997711	0.985802112078	1.0	1
1.0	6198.82226562	4.0	2.0	5108.59619141	7.0	5.0	55.5799984932	0.0	-0.99713408947	0.0	0.0756542831659	30.2108462842	2.05857545452	-61.801651001	72.5223999023	-11.2131004333	0.330938146971	15.0	3.66000008583	144.118400382	12.0	21.2000007629	0.985383356469	1.0	1
1.0	5657.60546875	4.0	4.0	4774.89111328	5.0	3.0	56.8999996185	0.0	-0.997142374516	0.0	0.075545437634	39.4766833748	3.26766303316	-67.3084487915	59.2788009644	-11.0936498642	0.0876400644041	17.0	3.66000008583	138.278400945	15.0	23.2399997711	0.977085157629	1.0	1
1.0	1258.88537598	3.0	2.0	4331.29003906	2.0	1.0	29.2999992371	0.0	-0.997138798237	0.0	0.0755920708179	0.0	22.9523948508	-71.7689971924	48.1663017273	6.08683490753	0.770358369239	3.0	4.96000003815	14.2183995713	2.0	11.6000003815	0.212631977593	1.0	1
1.0	5453.67285156	4.0	4.0	2394.21289062	6.0	5.0	43.4600000381	0.0	-0.99713408947	0.0	0.0756542831659	30.2108462842	2.05857545452	-61.801651001	72.5223999023	-11.2131004333	0.330938146971	9.0	7.57999992371	103.798401641	8.0	23.2399997711	0.972940613757	1.0	1
1.0	1612.17590332	1.0	1.0	4866.72998047	1.0	1.0	10.6800003052	3.16535934433	-0.3757853508	-0.778917431831	-0.502068698406	12.8848984774	4.94554102727	-68.4458999634	65.1932983398	-12.8102493286	0.811428251795	0.0	0.0	0.0	0.0	0.0	-1.0	0.0	1
1.0	7153.20996094	10.0	4.0	14960.9873047	18.0	5.0	108.620000243	0.0	0.00915049854666	-0.994012951851	0.108878567815	3.43273131116	54.5005867472	-71.4904022217	21.8494987488	23.6562995911	0.944714598344	4.0	1.10000002384	34.240000248	4.0	12.8599996567	0.999727685844	1.0	1
1.0	424.013671875	4.0	0.0	11648.4892578	11.0	0.0	0.0	10.0	0.0	0.0	0.0	0.0	0.0	0.0	0.0	0.0	2.0	0.0	0.0	0.0	0.0	0.0	0.481181050881	1.0	1
1.0	5381.15527344	12.0	5.0	9900.9453125	18.0	4.0	71.4799985886	0.0	-0.00915778521448	0.994016170502	-0.108848720789	30.781819386	62.997212161	-76.0462036133	42.7318000793	9.26349449158	0.814124741706	2.0	1.10000002384	13.1000003815	3.0	14.5799999237	0.999210080126	1.0	1
1.0	1314.68481445	1.0	1.0	6077.39599609	4.0	2.0	22.6103999242	0.0	0.0091504836455	-0.99401307106	0.108877472579	7.46394263124	34.5153522291	-66.7995986938	54.7066001892	13.2777004242	0.885090714916	2.0	10.8800001144	25.1800003052	0.0	14.3599996567	0.115498079642	1.0	1
1.0	4037.76123047	8.0	4.0	1905.61523438	5.0	3.0	20.7800000906	0.0	-0.994893431664	0.0	0.100930772722	0.0	12.5697237631	-61.1903991699	65.2388000488	-32.3731994629	0.123471663698	2.0	7.17999982834	19.0799999237	1.0	7.17999982834	0.993438568464	1.0	1
1.0	4480.10644531	6.0	4.0	7258.89599609	7.0	4.0	122.480000854	0.0	0.00915049854666	-0.994012951851	0.108878567815	3.43273131116	54.5005867472	-71.4904022217	21.8494987488	23.6562995911	0.944714598344	4.0	1.10000002384	25.4600000381	5.0	19.3999996185	0.978554553834	1.0	1
1.0	4119.703125	7.0	6.0	8059.51025391	6.0	3.0	171.710400663	0.0	0.00915049854666	-0.994012951851	0.108878567815	3.43273131116	54.5005867472	-71.4904022217	21.8494987488	23.6562995911	0.944714598344	7.0	6.76000022888	80.1999998093	3.0	12.8599996567	0.989800367943	1.0	1
1.0	4249.47998047	5.0	2.0	7412.71777344	6.0	3.0	64.2600002289	0.0	0.00915049854666	-0.994012951851	0.108878567815	3.43273131116	54.5005867472	-71.4904022217	21.8494987488	23.6562995911	0.944714598344	2.0	11.5799999237	26.1400003433	2.0	12.8599996567	0.923700834597	1.0	1
1.0	1062.0369873	7.0	0.0	1090.05603027	1.0	0.0	0.0	10.0	0.0	0.0	0.0	0.0	0.0	0.0	0.0	0.0	2.0	0.0	0.0	0.0	0.0	0.0	0.481181050881	1.0	1
1.0	1686.65148926	1.0	1.0	3854.375	1.0	1.0	27.4400000572	2.20002496012	-0.250965446234	-0.177743732929	-0.951537489891	0.0	25.1130770156	-75.2512512207	36.1050491333	-0.0119899511337	0.396417123673	0.0	0.0	0.0	0.0	0.0	-1.0	0.0	1
1.0	7821.97119141	10.0	4.0	13533.3271484	12.0	6.0	96.5400004387	0.0	-0.99833381176	-0.0337463729084	0.046805832535	33.8730738251	7.41998900971	-55.0717010498	86.6055984497	-3.92257499695	0.405028597128	9.0	4.86000013351	71.2400000095	3.0	22.6399993896	0.999900271007	1.0	1
1.0	3550.75097656	7.0	2.0	8694.484375	9.0	3.0	34.759999752	1.38253026981	0.0516895279288	-0.360986500978	0.931137442589	9.51196195875	54.8111463899	-73.2239990234	37.8749008179	12.441400528	0.707227330065	3.0	12.8999996185	29.3400001526	0.0	25.8400001526	0.399248331704	1.0	1
1.0	8329.20898438	10.0	5.0	16780.7050781	12.0	6.0	127.460000515	0.0	-0.99833381176	-0.0337463729084	0.046805832535	33.8730738251	1.0607693658	-55.0717010498	86.6055984497	-3.92257499695	0.405028597128	11.0	4.86000013351	103.10000062	4.0	22.6399993896	0.999997539042	1.0	1
1.0	1869.13134766	5.0	0.0	4147.48388672	3.0	0.0	0.0	10.0	0.0	0.0	0.0	0.0	0.0	0.0	0.0	0.0	2.0	0.0	0.0	0.0	0.0	0.0	0.481181050881	1.0	1
1.0	3481.44311523	5.0	3.0	4991.32128906	4.0	2.0	62.1000003815	0.0	-0.998339056969	-0.0336565226316	0.0467591583729	20.4131604093	49.9413302302	-68.018699646	33.6913528442	18.903301239	0.987584807846	1.0	4.86000013351	3.72000002861	0.0	4.86000013351	0.97879563327	1.0	1
1.0	1587.55541992	2.0	2.0	3953.47119141	2.0	2.0	29.0200001001	0.0	-0.998339116573	-0.0336531735957	0.0467594973743	11.5108691203	35.9530840585	-72.5982055664	36.5830497742	13.5345001221	0.721440037598	2.0	12.8999996185	26.3800001144	1.0	11.5399999619	0.141859055952	1.0	1
1.0	2753.89990234	5.0	4.0	6753.33886719	8.0	5.0	149.177200794	0.0	0.0472526699305	-0.972096681595	0.229772165418	16.7408847268	11.802994266	-64.3115539551	69.382598877	0.539972484112	0.23803891148	6.0	1.05999994278	68.9199998379	2.0	11.8000001907	0.975717390712	1.0	1
1.0	2738.68652344	2.0	1.0	5497.68554688	3.0	1.0	11.2800002098	2.62562944041	0.281463295221	0.929769396782	0.23729147017	37.164470808	17.3910880589	-73.7106018066	43.1839981079	5.52803993225	0.8063415867	0.0	0.0	0.0	0.0	0.0	0.744172335487	1.0	1
1.0	4043.26220703	4.0	3.0	9007.35449219	6.0	5.0	107.279999256	0.0	-0.0473524518311	0.972093582153	-0.229764610529	34.3894639037	17.3642025306	-73.6902008057	56.5247001648	-7.36674976349	0.391651687756	3.0	12.8999996185	43.8200006485	1.0	11.8000001907	0.996401052834	1.0	1
1.0	2362.2409668	2.0	1.0	4321.328125	1.0	1.0	31.3400011063	2.71106255762	0.0355111919343	-0.291489183903	-0.955914735794	16.6513835029	32.9486026163	-77.4552001953	33.2380981445	4.61027002335	0.725614775249	0.0	0.0	0.0	0.0	0.0	-1.0	0.0	1
1.0	7074.46679688	9.0	3.0	3440.38256836	14.0	4.0	54.0000009537	0.0	0.106013379991	-0.93781465292	0.330552250147	2.69590730231	61.063914894	-75.2677536011	23.6343994141	21.0116500854	0.79515628497	2.0	7.0	16.3799996376	2.0	10.0	0.992034323174	1.0	1
1.0	2630.2668457	5.0	2.0	4746.18603516	6.0	1.0	34.6600010395	2.71106255762	0.0355111919343	-0.291489183903	-0.955914735794	25.1106665808	32.9486026163	-77.4552001953	33.2380981445	4.61027002335	0.725614775249	0.0	0.0	0.0	0.0	0.0	0.0476475419812	1.0	1
1.0	9160.55957031	12.0	7.0	13329.046875	16.0	7.0	152.240000725	0.0	-0.106013186276	0.937814593315	-0.330552488565	50.6520424474	6.65899836066	-54.4383506775	80.2364959717	-12.0491504669	0.383967864433	6.0	7.23999977112	60.8799991608	2.0	20.2000007629	0.999982125539	1.0	1
1.0	5652.29003906	5.0	3.0	5856.86376953	5.0	2.0	57.300000906	0.0	0.106013379991	-0.93781465292	0.330552250147	2.69590730231	52.2545418242	-75.2677536011	23.6343994141	21.0116500854	0.79515628497	3.0	10.0	72.5799999237	1.0	10.0	0.79584936408	1.0	1
1.0	691.956359863	4.0	3.0	2744.13134766	7.0	2.0	18.840000391	2.90962548248	-0.365264058113	-0.337162733078	0.867700099945	31.785334272	28.5321324044	-63.3171463013	73.4837036133	-5.53907012939	0.815649904327	0.0	0.0	0.0	0.0	0.0	0.994904487315	1.0	1
1.0	3851.37084961	2.0	2.0	4484.78076172	3.0	2.0	50.3000011444	2.71106255762	0.0355111919343	-0.291489183903	-0.955914735794	16.6513835029	54.3533827306	-77.4552001953	33.2380981445	4.61027002335	0.725614775249	0.0	0.0	0.0	0.0	0.0	0.355680850826	1.0	1
1.0	5491.43505859	6.0	5.0	6829.67138672	11.0	8.0	118.760000825	0.0	-0.99353402853	-0.113501250744	-0.00275351153687	32.8104545395	3.37780745406	-57.1748504639	79.3851928711	-11.8693504333	0.619025103932	5.0	7.0	67.1000003815	1.0	7.0	0.998014680858	1.0	1
1.0	835.82623291	4.0	2.0	774.799987793	7.0	4.0	31.8400001526	0.0	0.106013379991	-0.93781465292	0.330552250147	2.69590730231	49.8573663528	-75.2677536011	23.6343994141	21.0116500854	0.79515628497	2.0	7.0	16.3799996376	2.0	10.0	0.802736419833	1.0	1
1.0	5733.17919922	8.0	3.0	3974.52050781	6.0	4.0	53.0400004387	0.0	0.106013379991	-0.93781465292	0.330552250147	2.69590730231	61.063914894	-75.2677536011	23.6343994141	21.0116500854	0.79515628497	2.0	10.0	35.3799991608	1.0	10.0	0.976995734661	1.0	1
1.0	2663.10205078	1.0	1.0	4561.85351562	1.0	1.0	16.4599990845	2.77427828227	-0.256852924824	-0.393835484982	-0.882564544678	42.6615679835	18.3265858641	-75.7610473633	40.6203994751	-0.402860045433	0.510622723111	0.0	0.0	0.0	0.0	0.0	-1.0	0.0	1
1.0	6905.74951172	10.0	4.0	15159.015625	10.0	5.0	128.100000858	0.0	-0.992694497108	0.0704847425222	0.0979261472821	11.5976216951	50.2222343367	-69.4413452148	34.7779006958	24.5685005188	0.934134063395	4.0	3.18000006676	24.5799996853	2.0	5.92000007629	0.990414432229	1.0	1
1.0	4666.81152344	10.0	2.0	11746.4023438	7.0	3.0	81.9199995995	0.0	0.0588472224772	0.984724462032	-0.163874313235	40.6227880837	51.8751131724	-73.1592483521	28.1748008728	-2.44729995728	0.159247569132	1.0	2.88000011444	1.82000005245	0.0	2.88000011444	0.637589783608	1.0	1
1.0	8487.91601562	11.0	4.0	6519.79199219	11.0	3.0	85.0800004005	0.0	0.0588479749858	0.984736979008	-0.163798481226	1.81712155654	54.3237672765	-72.072052002	11.3910999298	10.6085996628	0.647455423709	5.0	5.92000007629	36.5399999619	1.0	5.92000007629	0.992704998783	1.0	1
1.0	5354.19189453	3.0	1.0	2177.9206543	2.0	2.0	18.3200001717	0.0	0.0588479749858	0.984736979008	-0.163798481226	1.81712155654	1.48336668979	-72.072052002	11.3910999298	10.6085996628	0.647455423709	4.0	10.8000001907	62.4399995804	0.0	28.4200000763	0.413555540703	1.0	1
1.0	4434.56152344	6.0	3.0	8025.62548828	6.0	2.0	81.8600006104	0.0	-0.992694497108	0.0704847425222	0.0979261472821	11.5976216951	46.7221467608	-69.4413452148	34.7779006958	24.5685005188	0.934134063395	2.0	3.18000006676	17.1800000668	1.0	3.18000006676	0.984730527423	1.0	1
1.0	4517.55712891	6.0	2.0	1767.43261719	5.0	2.0	47.1000008583	0.0	-0.992688238621	0.0704837888479	0.0979902520776	25.7761610843	30.9586252422	-71.6722488403	46.6500015259	-7.06306505203	0.140863434274	1.0	10.4799995422	7.76000022888	0.0	10.4799995422	0.960171095812	1.0	1
1.0	5881.08398438	5.0	1.0	1815.78564453	3.0	2.0	18.4799995422	0.0	-0.0588486939669	-0.984720289707	0.163898810744	1.81712155654	43.5730170041	-72.1325531006	10.3787155151	10.7770500183	0.91561573969	2.0	21.2199993134	40.4199991226	0.0	28.4200000763	0.995374913594	1.0	1
1.0	5693.89355469	6.0	4.0	6015.46484375	7.0	6.0	136.909603596	0.0	0.0588479749858	0.984736979008	-0.163798481226	1.81712155654	37.5047135342	-72.072052002	11.3910999298	10.6085996628	0.647455423709	7.0	2.88000011444	78.2799998522	1.0	3.18000006676	0.976789600221	1.0	1
1.0	1546.26879883	2.0	1.0	4265.98876953	1.0	1.0	6.40000009537	1.52999343696	-0.0723264738917	-0.85640591383	-0.511212110519	2.15643935349	22.6552157353	-75.5951538086	42.7667503357	6.55394983292	0.491683865285	0.0	0.0	0.0	0.0	0.0	-1.0	0.0	2
1.0	3282.60498047	4.0	4.0	6845.85058594	5.0	2.0	81.6599991322	0.0	-0.0584668405354	-0.98731648922	0.14760671556	27.3520731058	62.164837057	-75.5373001099	43.3164978027	7.21994495392	0.873501014165	3.0	12.4799995422	49.7999992371	2.0	12.4799995422	0.975895067743	1.0	2
1.0	1726.32861328	3.0	2.0	4316.0	2.0	2.0	31.8200006485	0.0	0.0584608726203	0.9873239398	-0.147559404373	14.4567020749	28.4535784254	-69.6343994141	55.0707473755	14.2395496368	0.463661027732	2.0	7.30000019073	16.6000003815	0.0	10.0600004196	0.454540391776	1.0	2
1.0	4095.56787109	7.0	3.0	1544.49487305	4.0	2.0	24.9000005722	0.0	0.997891247272	-0.0560442395508	-0.0327424556017	36.9529456165	0.0	-63.1053009033	69.6464538574	-9.15065479279	0.560304459213	2.0	19.5200004578	28.3599991798	0.0	23.8600006104	0.973520481044	1.0	2
1.0	2223.61865234	3.0	2.0	4473.27050781	2.0	1.0	37.9199995995	0.0	-0.0584605969489	-0.987319290638	0.147590696812	22.2900147449	23.0538233438	-75.9916000366	38.2074508667	3.49462509155	0.622033106201	1.0	15.1000003815	16.1800003052	1.0	15.1000003815	0.42202315041	1.0	2
1.0	4204.12109375	5.0	5.0	7120.96972656	6.0	4.0	115.379999876	0.0	-0.0584667474031	-0.987314939499	0.147617146373	4.55072484508	64.9989044019	-78.2527008057	21.7075004578	-2.97658014297	0.168700777761	8.0	7.30000019073	95.4799990654	4.0	20.3600006104	0.985489159708	1.0	2
1.0	3520.66479492	3.0	2.0	7778.78076172	5.0	2.0	51.5800004005	0.0	-0.0584562085569	-0.987319588661	0.147590383887	15.063471987	40.4987452648	-61.149597168	74.4148483276	-3.93843507767	0.203473905022	3.0	12.4799995422	39.0403996706	2.0	12.4799995422	0.929433629384	1.0	2
1.0	3908.73461914	5.0	4.0	3141.82983398	6.0	3.0	63.5396003723	0.0	-0.0584562085569	-0.987319588661	0.147590383887	15.063471987	40.4987452648	-61.149597168	74.4148483276	-3.93843507767	0.203473905022	5.0	7.30000019073	63.200399518	2.0	12.4799995422	0.997991117455	1.0	2
1.0	1877.77587891	2.0	1.0	3893.55859375	2.0	1.0	6.40000009537	1.52999343696	-0.0723264738917	-0.85640591383	-0.511212110519	2.15643935349	22.6552157353	-75.5951538086	42.7667503357	6.55394983292	0.491683865285	0.0	0.0	0.0	0.0	0.0	0.202124442873	1.0	2
1.0	1713.83691406	2.0	1.0	4594.1171875	1.0	1.0	15.0399999619	2.86671930383	-0.197272747755	-0.676850318909	-0.709194719791	2.06082095284	23.0700971402	-74.1017990112	45.4836997986	8.31729507446	0.863527712695	0.0	0.0	0.0	0.0	0.0	-1.0	0.0	2
1.0	5853.40380859	5.0	5.0	9110.86914062	5.0	4.0	171.38000083	0.0	-0.104938901961	-0.992566943169	-0.0616337396204	2.10607888976	43.377776371	-71.4983978271	33.9549026489	-16.9758987427	0.556292126075	5.0	11.1800003052	91.2399997711	6.0	24.7199993134	0.998789397682	1.0	2
1.0	3930.23583984	2.0	2.0	11248.2226562	3.0	1.0	20.6599998474	2.25004884879	0.104112952948	-0.992796778679	-0.0592877268791	21.7681563173	31.3021082999	-66.9726486206	62.0512504578	-7.91884040833	0.769166986399	0.0	0.0	0.0	0.0	0.0	0.881905388153	1.0	2
1.0	3582.52587891	5.0	3.0	8487.87597656	5.0	2.0	69.1199998856	0.0	-0.995600342751	0.093538582325	-0.00552714802325	28.1039700729	32.1153895194	-68.3860015869	58.7004470825	-8.13883972168	0.330847458281	2.0	22.3199996948	45.1599998474	2.0	25.7199993134	0.987583949108	1.0	2
1.0	3219.14282227	3.0	3.0	7655.12158203	5.0	3.0	72.0600004196	0.0	-0.995599925518	0.093542508781	-0.00552693987265	28.1642926601	17.8054363092	-64.146697998	68.993347168	-1.99296998978	0.237524442704	2.0	11.1800003052	35.1600008011	3.0	25.7199993134	0.898306760984	1.0	2
1.0	3382.80297852	5.0	2.0	7392.00048828	3.0	3.0	82.7399990559	0.0	0.104949310422	0.992565512657	0.0616386532784	26.7788561571	40.3573978751	-73.8340988159	52.4856491089	-3.1075501442	0.713058484817	0.0	0.0	0.0	2.0	28.0400009155	0.996435604463	1.0	2
1.0	2508.9519043	2.0	1.0	4931.93359375	3.0	1.0	15.0399999619	2.86671930383	-0.197272747755	-0.676850318909	-0.709194719791	2.06082095284	23.0700971402	-74.1017990112	45.4836997986	8.31729507446	0.863527712695	0.0	0.0	0.0	0.0	0.0	0.37609871033	1.0	2
1.0	3986.984375	4.0	4.0	9012.26171875	5.0	3.0	48.2800002098	0.0	0.995600342751	-0.093538582325	0.00552714802325	27.5541289622	31.8512527936	-68.3860015869	58.7004470825	-8.13883972168	0.942864742746	2.0	22.9200000763	36.6400003433	3.0	28.0400009155	0.985846619479	1.0	2
1.0	4198.55371094	4.0	2.0	7068.54638672	4.0	2.0	33.7600002289	0.0	-0.104949340224	-0.99256581068	-0.0616337507963	2.10326614129	41.8051058969	-75.6532974243	25.5252494812	0.701236486435	0.813002882172	1.0	25.7199993134	23.6000003815	3.0	25.7199993134	0.905676074366	1.0	2
1.0	3157.48291016	5.0	3.0	10280.4052734	4.0	2.0	65.6999995708	0.0	-0.104938901961	-0.992566943169	-0.0616337396204	6.54224614837	43.377776371	-71.4983978271	33.9549026489	-16.9758987427	0.556292126075	3.0	18.0	59.9200000763	4.0	28.0400009155	0.999561165445	1.0	2
1.0	2543.10693359	2.0	1.0	3885.02294922	1.0	1.0	28.0999994278	0.0	-0.999344944954	0.0346925780177	0.0103011131287	6.72016391729	28.8911369933	-77.3304519653	48.8047485352	1.86579501629	0.400197083742	1.0	4.48000001907	4.61999988556	1.0	4.48000001907	-1.0	0.0	2
1.0	4436.06982422	3.0	3.0	7054.75732422	9.0	4.0	82.8799982071	0.0	-0.999348342419	0.0346073023975	0.010257827118	0.0	64.0953038981	-74.4515991211	31.696100235	13.833650589	0.774660937291	4.0	3.81999993324	28.2600002289	4.0	7.32000017166	0.990572415592	1.0	2
1.0	5098.92871094	3.0	3.0	10127.0976562	5.0	2.0	59.1399989128	0.0	-0.999348342419	0.0346073023975	0.010257827118	0.0	60.149412709	-74.4515991211	31.696100235	13.833650589	0.774660937291	2.0	3.81999993324	8.11999988556	2.0	4.48000001907	0.997435136744	1.0	2
1.0	2554.93603516	3.0	2.0	6787.86914062	6.0	2.0	5.65999984741	3.42175390299	0.281677395105	0.115805879235	-0.952495038509	28.6967922336	30.0535749987	-68.820602417	67.0689544678	2.18630504608	0.76723747083	0.0	0.0	0.0	0.0	0.0	0.994046635748	1.0	2
1.0	1403.18286133	3.0	0.0	258.665985107	1.0	0.0	0.0	10.0	0.0	0.0	0.0	0.0	0.0	0.0	0.0	0.0	2.0	0.0	0.0	0.0	0.0	0.0	0.481181050881	1.0	2
1.0	3949.96777344	3.0	2.0	10415.3046875	5.0	2.0	30.4199995995	0.0	0.0334241762757	0.984703779221	-0.171000912786	9.45228314215	16.2051649307	-58.0158500671	77.5539016724	-19.7217998505	0.378802957751	4.0	3.16000008583	25.8400002718	3.0	7.32000017166	0.99571464389	1.0	2
1.0	3637.56494141	5.0	2.0	6091.80957031	5.0	1.0	15.5	0.0	-0.999348342419	0.0346073023975	0.010257827118	0.0	60.149412709	-74.4515991211	31.696100235	13.833650589	0.774660937291	1.0	3.81999993324	3.5	1.0	3.81999993324	0.994276840975	1.0	2
1.0	4883.34179688	4.0	4.0	10487.9326172	6.0	4.0	101.179998875	0.0	-0.033421177417	-0.984703540802	0.171002849936	0.0	60.2688734415	-74.268447876	23.9075508118	4.31536006927	0.217707622192	6.0	3.16000008583	44.3400002718	5.0	7.32000017166	0.999397886135	1.0	2
1.0	1007.23999023	1.0	1.0	291.924987793	2.0	1.0	5.57999992371	0.0	-0.99934732914	0.0346106700599	0.010345431976	2.20827476203	3.06972096004	-59.7439002991	76.7703018188	-21.368598938	0.750317617868	1.0	5.53999996185	5.92000007629	1.0	5.53999996185	0.639930476466	1.0	2
1.0	2610.32226562	5.0	5.0	10295.2666016	7.0	4.0	85.3399991989	0.0	-0.033421177417	-0.984703540802	0.171002849936	0.0	60.2688734415	-74.268447876	23.9075508118	4.31536006927	0.217707622192	5.0	3.16000008583	38.2799998522	4.0	5.46000003815	0.974530015739	1.0	2
1.0	2626.25610352	1.0	1.0	3112.90991211	1.0	1.0	16.6599998474	2.88601977567	-0.398767709732	-0.652443468571	-0.644439101219	20.9554513431	11.3316095109	-72.3087005615	48.6768493652	5.72364521027	0.870035852968	0.0	0.0	0.0	0.0	0.0	-1.0	0.0	2
1.0	5059.43798828	5.0	2.0	2821.26538086	7.0	1.0	15.9400000572	0.0	-0.998023033142	0.0332690142095	-0.053321801126	22.0316120411	3.64667178804	-62.4151496887	68.4364471436	-16.044549942	0.32424234842	2.0	13.0399999619	27.4200000763	0.0	13.0399999619	0.983134898182	1.0	2
1.0	4513.05810547	8.0	3.0	1830.09118652	5.0	2.0	63.960000515	0.0	-0.998023092747	0.0332690142095	-0.0533209592104	17.3453796342	2.87395176364	-48.3839492798	87.8124542236	-10.1578502655	0.122525135188	5.0	3.59999990463	48.6599993706	5.0	22.3199996948	0.968804936839	1.0	2
1.0	2626.06835938	5.0	5.0	4836.68310547	7.0	2.0	58.4799995422	0.0	-0.998027443886	0.0332720950246	-0.0532370433211	4.36730007851	68.2751279391	-72.4449996948	38.2383499146	21.2340011597	0.0429744428102	3.0	4.76000022888	39.5400004387	1.0	4.76000022888	0.984968379536	1.0	2
1.0	2803.32397461	2.0	1.0	5208.54296875	3.0	2.0	23.1199998856	1.23459304622	0.76884073019	0.638809025288	-0.0284072924405	19.0709036798	24.3615709138	-62.5827484131	68.1762542725	-13.1406497955	0.695144198774	1.0	3.59999990463	0.0	1.0	3.59999990463	0.0736943078167	1.0	2
1.0	3850.53149414	6.0	6.0	7225.96533203	7.0	3.0	146.480000496	0.0	-0.998023092747	0.0332690142095	-0.0533209592104	26.4780204301	2.87395176364	-48.3839492798	87.8124542236	-10.1578502655	0.122525135188	10.0	3.59999990463	120.079999924	6.0	19.7600002289	0.975948192766	1.0	2
1.0	5544.18457031	5.0	4.0	7046.16210938	6.0	4.0	149.960002899	0.0	-0.0461935438216	-0.993749797344	0.101624473929	2.09661008104	49.9536223915	-71.7149047852	13.3825998306	-0.65295445919	0.632311960503	9.0	3.59999990463	88.5799995661	6.0	19.7600002289	0.998399342973	1.0	2
1.0	5295.92236328	6.0	6.0	7376.37158203	5.0	2.0	159.42000103	0.0	0.046189751476	0.99374884367	-0.101635448635	32.7493085679	17.3176015224	-62.4997024536	67.8826980591	-4.45057010651	0.996112348963	4.0	4.76000022888	57.3800005913	3.0	22.3199996948	0.98879043901	1.0	2
1.0	2201.87597656	1.0	1.0	3537.29003906	2.0	2.0	27.220000267	0.0	0.0461904853582	0.993747830391	-0.101645082235	13.1166833747	16.4581360443	-61.4720001221	69.101852417	-1.64169001579	0.186962696406	3.0	8.88000011444	38.1799994707	3.0	19.7600002289	0.545335899411	1.0	2
1.0	3901.60058594	8.0	8.0	7834.78564453	6.0	4.0	158.380001068	0.0	-0.0461935438216	-0.993749797344	0.101624473929	2.09661008104	49.9536223915	-71.7149047852	13.3825998306	-0.65295445919	0.632311960503	5.0	4.05999994278	45.9399995804	3.0	18.3199996948	0.994336709698	1.0	2
1.0	3689.56494141	1.0	1.0	3959.04101562	1.0	1.0	22.6000003815	2.45037960304	-0.10775423795	-0.0499968938529	-0.992919623852	1.86702757843	25.701507192	-77.1423034668	27.3977012634	6.22817516327	0.810601896536	0.0	0.0	0.0	0.0	0.0	-1.0	0.0	2
1.0	8851.67089844	5.0	3.0	8446.8671875	5.0	3.0	98.5799987316	0.0	0.00609549600631	-0.9983907938	0.0563795827329	5.01581048045	70.2644817596	-73.3218002319	23.0206489563	-10.5297498703	0.420963859371	2.0	10.5399999619	20.0200004578	1.0	28.9400005341	0.974881206403	1.0	2
1.0	4690.27929688	2.0	0.0	150.531005859	1.0	0.0	0.0	10.0	0.0	0.0	0.0	0.0	0.0	0.0	0.0	0.0	2.0	0.0	0.0	0.0	0.0	0.0	0.481181050881	1.0	2
1.0	7333.203125	6.0	4.0	10115.2050781	7.0	3.0	124.039999008	0.0	0.994935154915	0.0	-0.10051908344	3.61426892733	64.2814903304	-73.5177459717	20.1445999146	3.25408005714	0.543401256463	5.0	13.779999733	62.880001545	4.0	28.9400005341	0.999905808612	1.0	2
1.0	7703.72607422	5.0	3.0	8247.81542969	4.0	1.0	79.7999999523	0.0	0.00609550205991	-0.998390853405	0.0563786998391	1.12118008193	48.4502907074	-74.3544006348	15.9535503387	11.1334495544	0.0386212506977	4.0	9.0	47.2199997902	1.0	21.6800003052	0.972510093657	1.0	2
1.0	5002.73681641	6.0	1.0	1888.08093262	2.0	1.0	20.2399997711	0.0	0.00609550205991	-0.998390853405	0.0563786998391	0.0	2.53506025745	-74.3544006348	15.9535503387	11.1334495544	0.0386212506977	2.0	9.0	18.9200000763	1.0	26.1399993896	0.981063417871	1.0	2
1.0	4304.87011719	3.0	1.0	4115.63769531	2.0	1.0	22.6000003815	2.45037960304	-0.10775423795	-0.0499968938529	-0.992919623852	1.86702757843	25.701507192	-77.1423034668	27.3977012634	6.22817516327	0.810601896536	0.0	0.0	0.0	0.0	0.0	0.464265096144	1.0	2
1.0	5162.42626953	10.0	3.0	4028.19335938	4.0	2.0	48.1800010204	0.0	0.994944989681	0.0	-0.100421406329	18.5750756374	37.0543461606	-74.9152984619	16.460899353	11.1611003876	0.647901817314	3.0	17.1800003052	38.3200001717	1.0	21.6800003052	0.987265458285	1.0	2
1.0	3896.25048828	2.0	1.0	6084.85009766	4.0	1.0	22.6000003815	2.45037960304	-0.10775423795	-0.0499968938529	-0.992919623852	1.86702757843	25.701507192	-77.1423034668	27.3977012634	6.22817516327	0.810601896536	0.0	0.0	0.0	0.0	0.0	0.256905784833	1.0	2
1.0	4488.44482422	7.0	2.0	4872.68603516	7.0	1.0	38.7799994946	2.71160097825	0.0603448413312	0.511193692684	-0.857344448566	37.364466621	44.1827702785	-72.914352417	54.0056495667	8.8146648407	0.89720005659	0.0	0.0	0.0	0.0	0.0	0.99601203866	1.0	2
1.0	4276.90380859	2.0	1.0	2620.02294922	1.0	1.0	15.5	2.83244592196	0.00538439303637	-0.433504998684	-0.901135087013	0.0	10.9212700786	-76.1082000732	31.0156497955	-0.140599966049	0.356770792422	0.0	0.0	0.0	0.0	0.0	-1.0	0.0	2
1.0	2321.45825195	4.0	0.0	430.031982422	2.0	0.0	0.0	10.0	0.0	0.0	0.0	0.0	0.0	0.0	0.0	0.0	2.0	0.0	0.0	0.0	0.0	0.0	0.481181050881	1.0	2
1.0	4432.12695312	2.0	1.0	2620.02294922	1.0	1.0	15.5	2.83244592196	0.00538439303637	-0.433504998684	-0.901135087013	0.0	10.9212700786	-76.1082000732	31.0156497955	-0.140599966049	0.356770792422	0.0	0.0	0.0	0.0	0.0	0.352641340154	1.0	2
1.0	5176.60302734	8.0	4.0	4630.93798828	4.0	3.0	110.340000153	0.0	-0.0429126508534	-0.985955119133	0.161403164268	2.8049060937	56.7294408521	-74.1636962891	16.9220504761	-0.382717490196	0.995665046967	4.0	14.2399997711	62.7399997711	6.0	26.1000003815	0.995833146419	1.0	2
1.0	5993.77978516	11.0	5.0	6270.17382812	6.0	5.0	134.159998894	0.0	-0.0429950095713	-0.985952198505	0.161399334669	1.24596831464	60.0028558071	-72.9433517456	17.0609512329	0.919557511806	0.191392977396	8.0	4.21999979019	70.159999609	6.0	26.1000003815	0.998654343317	1.0	2
1.0	2075.35595703	4.0	1.0	3124.02807617	4.0	2.0	24.1599998474	0.0	-0.998986363411	0.0365960672498	-0.0262106265873	24.8038521724	23.3156137745	-73.8337020874	37.3223991394	-6.33450031281	0.783267566978	0.0	0.0	0.0	1.0	10.220000267	0.999892370042	1.0	2
1.0	4332.453125	2.0	1.0	2620.02294922	1.0	1.0	15.5	2.83244592196	0.00538439303637	-0.433504998684	-0.901135087013	0.0	10.9212700786	-76.1082000732	31.0156497955	-0.140599966049	0.356770792422	0.0	0.0	0.0	0.0	0.0	0.169420043098	1.0	2
1.0	5017.85693359	13.0	5.0	4928.43603516	7.0	3.0	77.819999218	0.0	0.998986303806	-0.0365960672498	0.0262114387006	2.49202816058	60.6728406275	-73.5399017334	17.6765003204	0.806194543839	0.116265861058	3.0	4.32000017166	39.5	4.0	21.3199996948	0.999619365785	1.0	2
1.0	4748.87841797	7.0	5.0	4444.60351562	8.0	6.0	114.160001278	0.0	-0.0429980829358	-0.985951423645	0.161403015256	20.1906375729	2.71126017163	-57.6750488281	85.1017532349	-3.46767497063	0.932537325218	10.0	4.32000017166	99.9999992847	8.0	26.1000003815	0.990226300157	1.0	2
1.0	629.707885742	2.0	0.0	949.590942383	2.0	0.0	0.0	10.0	0.0	0.0	0.0	0.0	0.0	0.0	0.0	0.0	2.0	0.0	0.0	0.0	0.0	0.0	0.481181050881	1.0	2
1.0	1924.29260254	2.0	0.0	4127.37988281	1.0	0.0	0.0	10.0	0.0	0.0	0.0	0.0	0.0	0.0	0.0	0.0	2.0	0.0	0.0	0.0	0.0	0.0	0.481181050881	0.0	2
1.0	2366.29052734	6.0	3.0	2395.25195312	5.0	3.0	38.9199988842	0.0	0.999825716019	0.0	0.0186705179513	31.9124273046	19.1622338625	-68.0307998657	50.5749015808	0.283557504416	0.18586737008	2.0	12.8599996567	30.1800003052	2.0	18.3799991608	0.966972622931	1.0	2
1.0	654.612792969	2.0	1.0	4528.17089844	3.0	1.0	0.0372000001371	0.0	-0.999825835228	0.0	-0.0186640024185	11.8625005755	41.4966219743	-54.853099823	70.632598877	-5.80326461792	0.0445389020897	1.0	18.7999992371	18.0200004578	0.0	18.7999992371	0.207863762121	1.0	2
1.0	4058.61767578	13.0	6.0	7970.24658203	10.0	6.0	111.967599034	0.0	-0.999825656414	0.0	-0.0186732020229	8.41572924642	59.0940542183	-72.2965011597	20.6305007935	-4.30288982391	0.215087341438	9.0	10.1199998856	118.739999771	3.0	18.3799991608	0.99523912023	1.0	2
1.0	1688.8737793	8.0	6.0	3144.72802734	7.0	4.0	40.5799996853	0.0	0.00372825213708	0.980664849281	-0.195659250021	15.0502264555	54.0296534319	-69.7481536865	45.7945480347	4.70003509521	0.895484891531	4.0	11.0200004578	46.720000267	2.0	18.3799991608	0.801583930275	1.0	2
1.0	419.145599365	2.0	0.0	366.401000977	3.0	0.0	0.0	10.0	0.0	0.0	0.0	0.0	0.0	0.0	0.0	0.0	2.0	0.0	0.0	0.0	0.0	0.0	0.481181050881	1.0	2
1.0	3404.95117188	8.0	4.0	6497.56201172	7.0	4.0	117.639998436	0.0	0.999825716019	0.0	0.0186705179513	32.884710875	52.575634488	-68.0307998657	50.5749015808	0.283557504416	0.18586737008	1.0	12.8599996567	12.0799999237	1.0	12.8599996567	0.793589927624	1.0	2
1.0	3685.92700195	12.0	6.0	7213.17333984	10.0	5.0	142.099998832	0.0	0.00382817536592	0.980662465096	-0.195669338107	22.9789220735	34.69642151	-68.137298584	48.2162475586	-22.5438995361	0.984845897902	8.0	3.6400001049	72.3000001907	3.0	12.8599996567	0.990896632409	1.0	2
1.0	698.990722656	2.0	2.0	552.516662598	2.0	1.0	14.6371999048	0.0	0.999825835228	0.0	0.0186640024185	3.17501223456	1.84603207657	-54.853099823	70.632598877	-5.80326461792	0.329087719447	3.0	8.88000011444	45.5199995041	0.0	18.7999992371	0.237100257821	1.0	2
1.0	3828.10498047	9.0	4.0	7662.39746094	8.0	4.0	132.73719826	0.0	-0.999825656414	0.0	-0.0186732020229	8.41572924642	59.0940542183	-72.2965011597	20.6305007935	-4.30288982391	0.215087341438	8.0	4.80000019073	105.140001297	2.0	18.3799991608	0.987529599788	1.0	2
1.0	1680.23950195	2.0	1.0	4130.72509766	1.0	1.0	37.3599996567	0.0	0.0265206806362	0.970083534718	-0.241318449378	7.22563824354	25.3698062436	-77.1477966309	38.5149993896	0.190101653337	0.896619743008	1.0	1.12000000477	2.07999992371	1.0	1.12000000477	-1.0	0.0	2
1.0	5700.34716797	5.0	4.0	9905.984375	10.0	7.0	207.535201192	0.0	-0.993498027325	0.0	-0.113849505782	29.9255368444	2.11981530886	-57.4571533203	80.8490982056	-21.3280487061	0.871783461172	14.0	4.44000005722	152.716800421	9.0	27.8799991608	0.999696600061	1.0	2
1.0	5011.09375	7.0	5.0	7338.40869141	6.0	2.0	139.243199825	0.0	-0.0265267919749	-0.970077633858	0.241341561079	27.6371221786	3.72001488449	-58.90599823	77.7834472656	-13.2304496765	0.184073848384	9.0	1.12000000477	99.101598233	9.0	21.1599998474	0.99844506875	1.0	2
1.0	4103.00976562	4.0	3.0	5212.0703125	8.0	3.0	29.5199995041	1.45482986688	0.612826764584	-0.174432307482	-0.770724833012	0.0	20.3545298395	-74.4708557129	30.7369003296	-19.0813484192	0.255601678972	3.0	14.4399995804	38.6399989128	2.0	21.1599998474	0.997691563713	1.0	2
1.0	2659.41357422	4.0	1.0	4130.72509766	1.0	1.0	37.3599996567	0.0	0.0265206806362	0.970083534718	-0.241318449378	7.22563824354	25.3698062436	-77.1477966309	38.5149993896	0.190101653337	0.896619743008	1.0	1.12000000477	2.07999992371	1.0	1.12000000477	0.324064232126	1.0	2
1.0	5207.34619141	5.0	2.0	5910.49267578	8.0	2.0	89.1320005655	0.0	0.0265206750482	0.970083355904	-0.241319268942	25.1386491849	1.52142374302	-64.3979034424	71.3579025269	-14.1137504578	0.0565438256506	4.0	1.12000000477	26.3600001335	5.0	10.1999998093	0.994710961418	1.0	2
1.0	1549.31005859	2.0	2.0	4395.10644531	4.0	3.0	35.3600001335	0.0	0.0265267919749	0.970077633858	-0.241341561079	25.7672207183	10.5994744398	-58.90599823	77.7834472656	-13.2304496765	0.894456200097	5.0	10.6800003052	67.2800011635	2.0	27.8799991608	0.508200815834	1.0	2
1.0	5055.64892578	6.0	4.0	10872.9023438	7.0	5.0	165.771999478	0.0	-0.0265279971063	-0.970082938671	0.241320073605	3.57531457904	54.6202158886	-73.7257003784	36.1501998901	19.9058494568	0.681215620472	11.0	4.44000005722	124.18159911	12.0	27.8799991608	0.999932492603	1.0	2
1.0	2084.98950195	3.0	1.0	4912.49023438	3.0	1.0	13.8000001907	3.31707706564	0.0752435699105	0.724994301796	-0.684632480145	5.55833607041	16.1729297389	-76.9131469727	43.3774490356	-1.94425010681	0.820933135678	0.0	0.0	0.0	0.0	0.0	0.34745727966	1.0	2
1.0	4853.03027344	9.0	5.0	4522.23193359	3.0	3.0	127.119998932	0.0	-0.993508338928	0.0	-0.113759316504	7.02396108168	51.904665741	-75.1745452881	21.4158992767	17.8330001831	0.0416057591004	5.0	1.12000000477	64.5599994659	5.0	27.8799991608	0.998317176045	1.0	2
1.0	1634.21496582	2.0	1.0	5092.13037109	1.0	1.0	41.2800006866	1.87699758296	-0.176604598761	-0.765372514725	-0.618882656097	0.0	21.9844840574	-69.9420928955	59.5699501038	-15.4631004333	0.190724426575	0.0	0.0	0.0	0.0	0.0	-1.0	0.0	2
1.0	5862.34277344	8.0	6.0	6655.92871094	5.0	3.0	178.819999456	0.0	-0.0849856510758	-0.953447937965	0.289334595203	15.2702353731	63.2665174858	-73.5677947998	31.082901001	8.70683479309	0.111070497513	2.0	7.32000017166	21.0399999619	4.0	22.6800003052	0.999780627008	1.0	2
1.0	2095.66845703	3.0	1.0	5934.25292969	4.0	1.0	41.2800006866	1.87699758296	-0.176604598761	-0.765372514725	-0.618882656097	34.7275925468	21.9844840574	-69.9420928955	59.5699501038	-15.4631004333	0.190724426575	0.0	0.0	0.0	0.0	0.0	0.186323094075	1.0	2
1.0	4747.48632812	6.0	2.0	5865.05322266	4.0	1.0	29.3599996567	0.0	-0.0849856510758	-0.953447937965	0.289334595203	2.25499079539	57.423821734	-73.5677947998	31.082901001	8.70683479309	0.111070497513	1.0	7.32000017166	8.64000034332	1.0	7.32000017166	0.978795617464	1.0	2
1.0	2040.25146484	4.0	2.0	4727.64208984	3.0	2.0	41.2400007248	0.0	-0.084897197783	-0.953449964523	0.289353847504	12.7977901233	2.71275894019	-63.7655487061	63.772151947	-19.3006515503	0.822909391565	1.0	1.0	0.0	2.0	22.6800003052	0.23544076936	1.0	2
1.0	5444.85498047	7.0	4.0	1743.56164551	8.0	4.0	31.919999361	0.0	-0.0849857479334	-0.953450918198	0.28932467103	31.1607306253	60.0679391152	-73.4842987061	34.6581993103	13.7964496613	0.555667178863	0.0	0.0	0.0	1.0	10.9200000763	0.987551341433	1.0	2
1.0	2031.92773438	5.0	4.0	3173.55029297	7.0	2.0	44.6999998093	1.91630895704	-0.636230647564	0.131934821606	-0.760134041309	18.8726622118	67.1369675613	-67.5131988525	50.8973503113	20.3316993713	0.295290655356	0.0	0.0	0.0	0.0	0.0	0.679599885427	1.0	2
1.0	4252.65429688	6.0	2.0	2930.98730469	8.0	2.0	26.1799998283	1.75010857926	-0.468806326389	-0.202130243182	-0.859862804413	34.1896607641	41.839690606	-61.2130508423	70.1660461426	-1.66077804565	0.787954340516	0.0	0.0	0.0	0.0	0.0	0.984202287484	1.0	2
1.0	3463.33862305	5.0	3.0	4960.62207031	4.0	3.0	76.6800000668	0.0	-0.0849855095148	-0.953448235989	0.289333671331	12.4145999492	52.7161528006	-73.911605835	24.5862998962	4.50378513336	0.566870192512	1.0	5.88000011444	6.51999998093	2.0	22.6800003052	0.576351877223	1.0	2
1.0	5823.37646484	6.0	5.0	6114.56054688	6.0	4.0	109.059999466	0.0	-0.084897197783	-0.953449964523	0.289353847504	19.9759674854	27.4004894116	-63.7655487061	63.772151947	-19.3006515503	0.822909391565	2.0	1.0	8.64000034332	4.0	22.6800003052	0.996639100669	1.0	2
1.0	2905.26147461	1.0	1.0	4249.19580078	2.0	1.0	26.0928009748	0.0	-0.769103586674	-0.63866186142	0.024303983897	1.37302664216	25.2912478132	-70.0843963623	49.0673484802	-4.15544509888	0.875379515562	3.0	1.01999998093	36.0000009537	1.0	1.01999998093	-1.0	0.0	2
1.0	4827.64501953	8.0	5.0	5122.93310547	10.0	4.0	63.7779995129	0.0	-0.0412679575384	-0.994553208351	0.0957126915455	1.72296605929	53.9879999132	-69.0306015015	25.8739509583	26.0653991699	0.846933248747	12.0	0.920000016689	115.030400723	7.0	21.7800006866	0.980087199199	1.0	2
1.0	2608.72851562	1.0	1.0	4545.72900391	3.0	2.0	33.932800889	0.0	-0.769103586674	-0.63866186142	0.024303983897	1.37302664216	37.7575205831	-70.0843963623	49.0673484802	-4.15544509888	0.875379515562	6.0	1.01999998093	87.1200017929	5.0	21.7800006866	0.621047576486	1.0	2
1.0	3284.27539062	9.0	4.0	2401.75366211	10.0	3.0	30.7199995518	0.0	-0.04126804322	-0.994553148746	0.0957128852606	25.597429939	50.6787907265	-67.7939987183	44.9374504089	-20.3661994934	0.524772845765	1.0	18.3799991608	18.6399993896	1.0	18.3799991608	0.996764729999	1.0	2
1.0	2991.01391602	8.0	3.0	2153.07397461	8.0	2.0	18.7943998575	0.0	-0.0411632619798	-0.994551301003	0.0957773402333	32.6655828256	6.55590048425	-46.685749054	84.6828994751	-6.48703479767	0.0460362689567	3.0	1.36000001431	15.7800006866	3.0	9.57999992371	0.992374061102	1.0	2
1.0	5734.79833984	8.0	6.0	7642.86279297	11.0	7.0	185.17639982	0.0	-0.0412679575384	-0.994553208351	0.0957126915455	1.72296605929	53.9879999132	-69.0306015015	25.8739509583	26.0653991699	0.846933248747	16.0	0.920000016689	189.040001869	9.0	21.7800006866	0.990901926213	1.0	2
1.0	2852.08300781	2.0	2.0	974.98449707	3.0	2.0	10.4835998937	0.0	0.0526633523405	-0.0822424516082	-0.995219945908	29.1803057197	3.20011484988	-53.8787002563	76.7866973877	-10.9506492615	0.909704588059	3.0	0.920000016689	14.4200000763	2.0	9.57999992371	0.51978863288	1.0	2
1.0	4116.90576172	8.0	5.0	5423.52490234	8.0	4.0	128.432800412	0.0	-0.0412672683597	-0.994542896748	0.0958199575543	41.5820961258	22.7743220328	-60.0200004578	65.9150543213	-17.8575496674	0.499415276036	10.0	1.01999998093	139.720001221	8.0	21.7800006866	0.965754417991	1.0	2
1.0	3691.09619141	1.0	1.0	5851.49853516	10.0	3.0	60.0528005362	0.0	-0.769103586674	-0.63866186142	0.024303983897	1.37302664216	25.2912478132	-70.0843963623	49.0673484802	-4.15544509888	0.875379515562	6.0	1.01999998093	73.2200012207	1.0	1.01999998093	0.382713504638	1.0	2
1.0	4321.23779297	6.0	4.0	6971.28808594	8.0	3.0	88.2544008493	0.0	-0.769103586674	-0.63866186142	0.024303983897	1.37302664216	45.0804511963	-70.0843963623	49.0673484802	-4.15544509888	0.875379515562	8.0	1.01999998093	73.0904001892	4.0	12.8599996567	0.991670315295	1.0	2
1.0	1612.99914551	2.0	1.0	3977.43994141	1.0	1.0	22.3400001526	1.18622932714	0.0124378474429	-0.251148015261	-0.967868804932	10.837357291	10.282301442	-72.8129501343	55.1660003662	-6.80271482468	0.813664662542	0.0	0.0	0.0	0.0	0.0	-1.0	0.0	2
1.0	5433.95019531	8.0	5.0	9858.05078125	7.0	5.0	273.139998794	0.0	0.0288034658879	-0.963105201721	0.267579317093	21.702775933	0.0	-62.5083999634	74.6817474365	-17.1856994629	0.78408247468	10.0	2.79999995232	87.279198885	3.0	24.3999996185	0.967818271544	1.0	2
1.0	563.749084473	2.0	2.0	5931.93505859	5.0	1.0	24.7600002289	0.0	0.0289053600281	-0.963119924068	0.267515331507	0.985959708222	10.0776382065	-61.622253418	75.9937973022	-4.39585018158	0.25480800886	2.0	5.76000022888	11.7399997711	0.0	8.53999996185	0.0114250671373	1.0	2
1.0	4717.99853516	9.0	6.0	9184.92285156	7.0	6.0	209.580000401	0.0	0.0288018155843	-0.963120698929	0.267523854971	0.987288593811	37.9401155316	-71.442199707	9.28879547119	6.67055988312	0.396033371322	9.0	4.94000005722	73.3792002201	2.0	24.3999996185	0.989137685683	1.0	2
1.0	1670.42810059	4.0	2.0	3977.43994141	1.0	1.0	22.3400001526	1.18622932714	0.0124378474429	-0.251148015261	-0.967868804932	15.3189850977	10.282301442	-72.8129501343	55.1660003662	-6.80271482468	0.813664662542	1.0	18.5	19.6800003052	0.0	18.5	0.0627594089033	1.0	2
1.0	3196.28833008	5.0	2.0	4994.96972656	4.0	2.0	7.05999982357	0.0	-0.0288034658879	0.963105201721	-0.267579317093	0.0	14.6564810838	-62.5083999634	74.6817474365	-17.1856994629	0.78408247468	5.0	9.10000038147	77.4599990845	1.0	12.9799995422	0.991046732833	1.0	2
1.0	1997.34802246	5.0	3.0	8971.25	4.0	2.0	51.6199991703	0.0	-0.0288090575486	0.963130235672	-0.267488777637	29.434644791	15.0392997395	-69.1271972656	64.1326980591	-9.96953582764	0.794480349583	3.0	5.34000015259	52.4599990845	1.0	21.0799999237	0.512102771318	1.0	2
1.0	5176.42529297	9.0	5.0	9122.86425781	5.0	4.0	139.480000496	0.0	0.0288018155843	-0.963120698929	0.267523854971	0.987288593811	43.2656845094	-71.442199707	9.28879547119	6.67055988312	0.396033371322	8.0	4.94000005722	101.599999905	2.0	21.0799999237	0.999193247746	1.0	2
1.0	4248.42578125	9.0	4.0	5458.0234375	6.0	4.0	39.6400002241	0.0	-0.0288034658879	0.963105201721	-0.267579317093	22.0664023157	14.6564810838	-62.5083999634	74.6817474365	-17.1856994629	0.78408247468	5.0	4.19999980927	49.1991989613	1.0	24.3999996185	0.962760854427	1.0	2
1.0	4511.06347656	10.0	7.0	10890.0068359	4.0	3.0	155.400000334	0.0	-0.999507129192	-0.030987797305	-0.00502392556518	13.973904636	0.987287745206	-61.1365013123	76.7266998291	-7.5128698349	0.21578185373	9.0	2.79999995232	93.1199998856	1.0	9.65999984741	0.998056526149	1.0	2
1.0	1195.48303223	2.0	1.0	4394.69238281	2.0	1.0	18.6199998856	3.60392845704	-0.325846552849	-0.637395381927	-0.698248684406	18.7159541077	10.8321927352	-69.7171020508	62.0793457031	2.08087992668	0.604666562651	0.0	0.0	0.0	0.0	0.0	-1.0	0.0	2
1.0	5250.82861328	5.0	3.0	7794.87011719	7.0	4.0	56.8999996185	0.0	-0.997142374516	0.0	0.075545437634	39.4766833748	1.99860104785	-67.3084487915	59.2788009644	-11.0936498642	0.0876400644041	12.0	3.66000008583	112.840000391	10.0	19.9799995422	0.969188684401	1.0	2
1.0	3216.43994141	4.0	3.0	3846.15209961	3.0	2.0	22.6599998474	0.0	-0.99713820219	0.0	0.0755999609828	2.46901828236	1.99854608617	-72.9536514282	46.4314002991	1.75492501259	0.814668479302	6.0	7.96000003815	78.7000007629	5.0	21.2000007629	0.78051753405	1.0	2
1.0	6483.29003906	5.0	5.0	8324.05175781	7.0	5.0	152.739998817	0.0	-0.99713408947	0.0	0.0756542831659	30.2108462842	2.05857545452	-61.801651001	72.5223999023	-11.2131004333	0.330938146971	10.0	3.66000008583	135.860001564	9.0	21.2000007629	0.968965861186	1.0	2
1.0	4074.62670898	3.0	3.0	5632.47705078	6.0	2.0	21.1444001198	0.963293304739	0.0130402976647	-0.976928770542	0.213166937232	30.56795815	2.0162649895	-62.252948761	72.069152832	-11.0795001984	0.262031860711	6.0	3.33999991417	40.6000003815	4.0	14.9200000763	0.730398333119	1.0	2
1.0	1137.39501953	3.0	3.0	7088.25097656	4.0	3.0	67.6399993896	0.0	-0.99713820219	0.0	0.0755999609828	16.1288188368	32.7732052997	-72.9536514282	46.4314002991	1.75492501259	0.814668479302	3.0	19.9799995422	62.6000003815	1.0	19.9799995422	0.987176113173	1.0	2
1.0	4624.23095703	3.0	3.0	10312.7285156	6.0	3.0	92.5199999809	0.0	-0.99713408947	0.0	0.0756542831659	30.2108462842	2.05857545452	-61.801651001	72.5223999023	-11.2131004333	0.330938146971	10.0	3.66000008583	110.740000725	9.0	23.2399997711	0.900505370909	1.0	2
1.0	5353.70361328	2.0	2.0	4695.54101562	6.0	4.0	30.3200001717	0.0	-0.99713408947	0.0	0.0756542831659	30.2108462842	2.05857545452	-61.801651001	72.5223999023	-11.2131004333	0.330938146971	11.0	4.96000003815	122.060001135	8.0	23.2399997711	0.988248074093	1.0	2
1.0	998.618041992	2.0	2.0	1077.42468262	5.0	2.0	22.8599996567	0.0	0.997138798237	0.0	-0.0755920708179	22.9523948508	5.12004418584	-71.7689971924	48.1663017273	6.08683490753	0.770358369239	2.0	11.6000003815	24.3599996567	3.0	21.2000007629	0.654533873673	1.0	2
1.0	5259.97900391	6.0	6.0	9676.97949219	5.0	2.0	94.6999993324	0.0	0.0131471641362	-0.976927161217	0.213167607784	38.4789970538	1.85582109055	-67.783996582	60.6386489868	-11.3556995392	0.586428556811	15.0	3.66000008583	130.238400506	10.0	18.6000003815	0.982600736502	1.0	2
1.0	1612.17590332	1.0	1.0	4866.72998047	1.0	1.0	10.6800003052	3.16535934433	-0.3757853508	-0.778917431831	-0.502068698406	12.8848984774	4.94554102727	-68.4458999634	65.1932983398	-12.8102493286	0.811428251795	0.0	0.0	0.0	0.0	0.0	-1.0	0.0	2
1.0	3028.53393555	8.0	5.0	6176.26074219	4.0	2.0	123.210399352	0.0	-0.994893431664	0.0	0.100930772722	0.0	12.5697237631	-61.1903991699	65.2388000488	-32.3731994629	0.123471663698	5.0	1.10000002384	45.3400001526	4.0	19.3999996185	0.975948189536	1.0	2
1.0	2153.85693359	2.0	2.0	5524.92285156	2.0	1.0	21.3200006485	0.0	-0.00915778893977	0.994012832642	-0.10887876153	16.3693258835	1.89273836337	-68.3856964111	61.5594024658	-18.6891002655	0.62217460427	0.0	0.0	0.0	1.0	19.3999996185	0.0421624895764	1.0	2
1.0	4710.078125	5.0	3.0	7469.13525391	7.0	4.0	96.1000002623	0.0	0.00915049854666	-0.994012951851	0.108878567815	3.43273131116	54.5005867472	-71.4904022217	21.8494987488	23.6562995911	0.944714598344	4.0	7.38000011444	47.2800002098	4.0	12.8599996567	0.985735035698	1.0	2
1.0	828.922912598	2.0	2.0	5649.98291016	2.0	1.0	20.8504001722	0.0	-0.994900643826	0.0	0.100859843194	7.09417999319	13.1305073704	-60.5636978149	71.1503982544	1.41811990738	0.106069527098	4.0	10.8800001144	49.720000267	0.0	14.3599996567	0.125891084862	1.0	2
1.0	2806.58862305	6.0	5.0	7655.61083984	5.0	3.0	79.1399998665	0.0	-0.994902431965	0.0	0.100842297077	26.2311853527	34.4091161219	-60.6890029907	76.2671966553	-13.2511501312	0.950306034092	1.0	11.5799999237	13.0399999619	2.0	14.5799999237	0.97007428776	1.0	2
1.0	3113.64038086	5.0	3.0	7126.70849609	7.0	5.0	98.8703991994	0.0	0.00915049854666	-0.994012951851	0.108878567815	3.43273131116	40.2001000307	-71.4904022217	21.8494987488	23.6562995911	0.944714598344	7.0	6.76000022888	74.3800005913	3.0	12.8599996567	0.855461716363	1.0	2
1.0	1295.85253906	6.0	5.0	7378.16845703	6.0	3.0	115.200001121	0.0	-0.994902431965	0.0	0.100842297077	40.1411880187	19.8808397533	-60.7082977295	69.915397644	-26.6644496918	0.254598624654	4.0	6.76000022888	41.2599992752	2.0	12.720000267	0.96680093477	1.0	2
1.0	2858.6574707	8.0	6.0	3583.75097656	6.0	3.0	103.760001183	0.0	-0.994893431664	0.0	0.100930772722	0.0	12.5697237631	-61.1903991699	65.2388000488	-32.3731994629	0.123471663698	6.0	7.17999982834	65.0399999619	3.0	14.5799999237	0.922923092481	1.0	2
1.0	2534.75244141	7.0	4.0	1870.83129883	6.0	3.0	53.4104004726	0.0	-0.994893431664	0.0	0.100930772722	37.1978584098	12.5697237631	-61.1903991699	65.2388000488	-32.3731994629	0.123471663698	5.0	6.76000022888	49.4600000381	2.0	7.17999982834	0.975948172852	1.0	2
1.0	1686.65148926	1.0	1.0	3854.375	1.0	1.0	27.4400000572	2.20002496012	-0.250965446234	-0.177743732929	-0.951537489891	0.0	25.1130770156	-75.2512512207	36.1050491333	-0.0119899511337	0.396417123673	0.0	0.0	0.0	0.0	0.0	-1.0	0.0	2
1.0	3238.36230469	3.0	2.0	5329.95898438	5.0	4.0	59.4599995613	0.0	-0.998337268829	-0.0336499586701	0.0468017794192	31.8490867573	25.2341298385	-72.8427505493	38.9276504517	9.74691486359	0.411970567014	1.0	12.8999996185	11.1800003052	0.0	12.8999996185	0.979034023856	1.0	2
1.0	3274.47216797	5.0	4.0	9528.04003906	4.0	3.0	68.4000000954	0.0	0.0473524518311	-0.972093582153	0.229764610529	17.3642025306	3.23768577037	-73.6902008057	56.5247001648	-7.36674976349	0.391651687756	2.0	4.86000013351	17.4599997997	1.0	11.8000001907	0.905597434713	1.0	2
1.0	4302.12011719	4.0	3.0	9535.79589844	5.0	4.0	89.2199997902	0.0	0.0472565069795	-0.972079515457	0.229844048619	19.3993449802	6.70136626765	-72.6461486816	52.8416519165	-11.3874502182	0.440597259184	4.0	4.86000013351	46.080000639	0.0	17.1599998474	0.996275784734	1.0	2
1.0	1627.45922852	2.0	2.0	4252.19677734	3.0	1.0	36.6800003052	2.20002496012	-0.250965446234	-0.177743732929	-0.951537489891	0.0	23.3767244717	-75.2512512207	36.1050491333	-0.0119899511337	0.396417123673	0.0	0.0	0.0	0.0	0.0	0.175271008943	1.0	2
1.0	2528.91992188	5.0	3.0	6102.4453125	5.0	4.0	67.9600000381	0.0	-0.0473524518311	0.972093582153	-0.229764610529	5.99550120427	17.3642025306	-73.6902008057	56.5247001648	-7.36674976349	0.391651687756	3.0	4.86000013351	30.1000001431	1.0	11.8000001907	0.97156514123	1.0	2
1.0	564.963989258	1.0	0.0	3722.52563477	2.0	0.0	0.0	10.0	0.0	0.0	0.0	0.0	0.0	0.0	0.0	0.0	2.0	0.0	0.0	0.0	0.0	0.0	0.481181050881	1.0	2
1.0	3508.81616211	5.0	4.0	9398.16992188	5.0	4.0	80.2600002289	0.0	0.0472565069795	-0.972079515457	0.229844048619	19.3993449802	6.70136626765	-72.6461486816	52.8416519165	-11.3874502182	0.440597259184	3.0	4.86000013351	32.3400008678	0.0	17.1599998474	0.981695714374	1.0	2
1.0	3172.79541016	6.0	3.0	8125.75488281	3.0	2.0	58.6799998283	0.0	0.0472565069795	-0.972079515457	0.229844048619	19.3993449802	24.1609953404	-72.6461486816	52.8416519165	-11.3874502182	0.440597259184	1.0	17.1599998474	17.4400005341	0.0	17.1599998474	0.775521097526	1.0	2
1.0	2545.89501953	4.0	1.0	5313.39355469	5.0	1.0	14.0999999046	1.38253026981	0.0516895279288	-0.360986500978	0.931137442589	9.51196195875	28.606643427	-73.2239990234	37.8749008179	12.441400528	0.707227330065	0.0	0.0	0.0	0.0	0.0	0.979961322176	1.0	2
1.0	2362.2409668	2.0	1.0	4321.328125	1.0	1.0	31.3400011063	2.71106255762	0.0355111919343	-0.291489183903	-0.955914735794	16.6513835029	32.9486026163	-77.4552001953	33.2380981445	4.61027002335	0.725614775249	0.0	0.0	0.0	0.0	0.0	-1.0	0.0	2
1.0	7002.34863281	2.0	1.0	8343.44824219	7.0	4.0	85.1400017738	0.0	0.106013379991	-0.93781465292	0.330552250147	2.69590730231	52.2545418242	-75.2677536011	23.6343994141	21.0116500854	0.79515628497	2.0	10.0	32.3799991608	2.0	20.2000007629	0.997731425483	1.0	2
1.0	407.275695801	3.0	3.0	4790.47607422	4.0	3.0	11.1400003433	0.0	-0.993543982506	-0.113413922489	-0.00275310617872	11.2904101242	2.5217302216	-60.1237487793	75.1236495972	2.45661997795	0.759579098041	1.0	16.2999992371	15.3999996185	0.0	16.2999992371	0.745704851509	1.0	2
1.0	5164.29443359	4.0	3.0	7706.71630859	10.0	6.0	122.620001435	0.0	0.993542850018	0.113424226642	0.00275462702848	30.448834587	60.3320056869	-71.5944061279	36.1040496826	23.317150116	0.434340038434	4.0	7.0	51.7999997139	2.0	20.2000007629	0.994855799566	1.0	2
1.0	3888.62231445	4.0	4.0	4589.11767578	4.0	4.0	98.5800013542	0.0	0.993542850018	0.113424226642	0.00275462702848	13.5079492895	51.677521748	-71.5944061279	36.1040496826	23.317150116	0.434340038434	4.0	7.0	33.720000267	2.0	8.35999965668	0.883689676874	1.0	2
1.0	2630.85205078	8.0	4.0	2360.59082031	6.0	3.0	24.7599999905	1.99182831761	0.21872985363	0.570418894291	0.791694104671	32.481763017	46.9701312122	-72.4980010986	44.24974823	13.3134994507	0.445242373916	0.0	0.0	0.0	0.0	0.0	0.991072818904	1.0	2
1.0	5081.46337891	4.0	2.0	8054.65332031	4.0	1.0	77.0000004768	2.28645577282	0.169916525483	0.430177122355	-0.886609256268	9.72542047635	60.2286091786	-76.71925354	21.8148498535	4.07361984253	0.349891180307	0.0	0.0	0.0	0.0	0.0	0.858459636825	1.0	2
1.0	5520.32861328	6.0	4.0	4293.25585938	8.0	5.0	60.4200001955	0.0	0.106013379991	-0.93781465292	0.330552250147	2.69590730231	61.063914894	-75.2677536011	23.6343994141	21.0116500854	0.79515628497	1.0	10.0	9.81999969482	1.0	10.0	0.986190766825	1.0	2
1.0	6028.61767578	8.0	7.0	4029.20849609	12.0	9.0	190.260001183	0.0	0.993542850018	0.113424226642	0.00275462702848	30.448834587	60.3320056869	-71.5944061279	36.1040496826	23.317150116	0.434340038434	9.0	4.03999996185	115.620002508	1.0	7.0	0.980952327422	1.0	2
1.0	7776.77294922	4.0	3.0	7083.73583984	5.0	4.0	124.680001974	0.0	0.106013379991	-0.93781465292	0.330552250147	2.69590730231	52.2545418242	-75.2677536011	23.6343994141	21.0116500854	0.79515628497	2.0	4.03999996185	13.659999609	1.0	10.0	0.99966605009	1.0	2
1.0	2663.10205078	1.0	1.0	4561.85351562	1.0	1.0	16.4599990845	2.77427828227	-0.256852924824	-0.393835484982	-0.882564544678	42.6615679835	18.3265858641	-75.7610473633	40.6203994751	-0.402860045433	0.510622723111	0.0	0.0	0.0	0.0	0.0	-1.0	0.0	2
1.0	8049.24414062	6.0	3.0	7306.60205078	4.0	4.0	81.7096018791	0.0	-0.0588486939669	-0.984720289707	0.163898810744	1.81712155654	49.6998076285	-72.1325531006	10.3787155151	10.7770500183	0.91561573969	6.0	3.18000006676	90.7799985409	1.0	3.18000006676	0.99766713529	1.0	2
1.0	5926.6015625	3.0	3.0	2033.40527344	3.0	2.0	34.0999999046	0.0	-0.0588486939669	-0.984720289707	0.163898810744	1.81712155654	43.5730170041	-72.1325531006	10.3787155151	10.7770500183	0.91561573969	4.0	10.8000001907	50.4999990463	0.0	28.4200000763	0.319731359102	1.0	2
1.0	5788.65478516	6.0	5.0	8935.31933594	4.0	4.0	137.980401469	0.0	-0.0588473677635	-0.984724998474	0.163870826364	29.8937959465	1.81699700488	-56.7248497009	70.512802124	0.968222022057	0.157198549958	6.0	2.88000011444	62.819999814	1.0	3.18000006676	0.965573983098	1.0	2
1.0	3772.87402344	3.0	1.0	103.440002441	1.0	1.0	14.4200000763	0.0	0.0588479749858	0.984736979008	-0.163798481226	1.81712155654	1.48336668979	-72.072052002	11.3910999298	10.6085996628	0.647455423709	2.0	10.8000001907	10.0799999237	0.0	12.5	0.0114252030181	1.0	2
1.0	4712.20507812	6.0	3.0	8371.46875	6.0	2.0	87.5	0.0	0.0588472224772	0.984724462032	-0.163874313235	10.2316745167	27.2424465094	-73.1592483521	28.1748008728	-2.44729995728	0.159247569132	3.0	2.88000011444	12.5800002813	0.0	21.2199993134	0.981901739838	1.0	2
1.0	4316.58642578	6.0	5.0	9183.2265625	6.0	3.0	107.520399047	0.0	0.0588473677635	0.984724998474	-0.163870826364	30.783755996	2.07597101723	-56.7248497009	70.512802124	0.968222022057	0.157198549958	4.0	2.88000011444	29.0000003576	0.0	14.6400003433	0.893627138962	1.0	2
1.0	7948.54394531	5.0	4.0	7407.30175781	6.0	6.0	125.030002547	0.0	-0.0588486939669	-0.984720289707	0.163898810744	1.81712155654	57.5915267127	-72.1325531006	10.3787155151	10.7770500183	0.91561573969	6.0	3.18000006676	70.7399995327	1.0	3.18000006676	0.99463626946	1.0	2
1.0	5038.24365234	6.0	4.0	6135.13623047	3.0	2.0	55.6403989326	0.0	-0.0588473677635	-0.984724998474	0.163870826364	36.7085235163	1.81699700488	-56.7248497009	70.512802124	0.968222022057	0.157198549958	3.0	7.53999996185	27.1800003052	0.0	14.6400003433	0.935713712735	1.0	2
1.0	7876.37207031	5.0	4.0	6765.71142578	9.0	7.0	127.290001346	0.0	-0.0588473677635	-0.984724998474	0.163870826364	29.8937959465	1.81699700488	-56.7248497009	70.512802124	0.968222022057	0.157198549958	10.0	2.88000011444	106.799999595	0.0	28.4200000763	0.993340120984	1.0	2
1.0	1486.76599121	1.0	0.0	4035.48388672	2.0	0.0	0.0	10.0	0.0	0.0	0.0	0.0	0.0	0.0	0.0	0.0	2.0	0.0	0.0	0.0	0.0	0.0	0.481181050881	0.0	3
1.0	6453.84326172	10.0	5.0	14778.4677734	9.0	3.0	167.579998374	0.0	0.0314129218459	-0.976048529148	0.215272992849	2.08630173326	59.8472601544	-73.7425537109	27.1797485352	7.70296955109	0.608916723247	13.0	7.48000001907	175.392401636	3.0	37.8199996948	0.991868422838	1.0	3
1.0	3594.62353516	6.0	1.0	8861.84570312	9.0	2.0	0.0	10.0	0.0	0.0	0.0	0.0	0.0	0.0	0.0	0.0	2.0	2.0	23.7399997711	29.7800006866	0.0	29.2600002289	0.519200261049	1.0	3
1.0	7564.51123047	9.0	5.0	18023.5566406	9.0	3.0	91.5199997425	2.30276574655	-0.843768239021	-0.130516931415	-0.520596265793	39.8750449843	57.1873467067	-68.6337509155	32.7464485168	31.856300354	0.393814426958	6.0	21.3199996948	26.3372003213	2.0	37.8199996948	0.999555342978	1.0	3
1.0	2948.64501953	3.0	2.0	5793.52197266	4.0	4.0	61.5800011158	0.0	0.0314058288932	-0.976049184799	0.215271160007	2.50496439797	51.5304445825	-70.6125488281	7.12497520447	-1.84535002708	0.756861566194	1.0	12.5600004196	12.4200000763	0.0	12.5600004196	0.727450537614	1.0	3
1.0	3930.35058594	4.0	4.0	6182.72021484	4.0	2.0	115.200000763	0.0	-0.0314061641693	0.976050615311	-0.215264499187	34.2220651766	40.6122280215	-74.6554489136	23.6186485291	1.44857501984	0.14438446397	1.0	8.85999965668	8.68000030518	0.0	8.85999965668	0.979161226103	1.0	3
1.0	2897.56689453	3.0	2.0	6547.40625	5.0	4.0	39.5199999809	0.0	0.0314058288932	-0.976049184799	0.215271160007	5.48094730594	51.5304445825	-70.6125488281	7.12497520447	-1.84535002708	0.445842376011	3.0	13.6999998093	41.655200541	2.0	22.5400009155	0.646116907988	1.0	3
1.0	4944.18359375	5.0	4.0	8905.27929688	6.0	3.0	165.71519959	0.0	-0.999279558659	-0.0342860706151	-0.0162725169212	33.0054491509	22.2106427372	-59.9160003662	71.5929489136	2.48049998283	0.741463725758	5.0	7.48000001907	95.7799992561	2.0	22.5400009155	0.995439337168	1.0	3
1.0	506.036987305	1.0	0.0	2755.44824219	4.0	0.0	0.0	10.0	0.0	0.0	0.0	0.0	0.0	0.0	0.0	0.0	2.0	0.0	0.0	0.0	0.0	0.0	0.481181050881	1.0	3
1.0	3423.64257812	4.0	3.0	7942.61181641	7.0	4.0	110.295202374	0.0	-0.999279558659	-0.0342860706151	-0.0162725169212	34.8230166989	22.2106427372	-59.9160003662	71.5929489136	2.48049998283	0.741463725758	4.0	19.2600002289	88.6199989319	2.0	22.5400009155	0.990605347386	1.0	3
1.0	2970.83886719	1.0	1.0	3716.41796875	2.0	1.0	16.8799991608	0.0	-0.00336469453759	-0.994228243828	0.107232600451	0.0	16.2092436265	-75.5478515625	43.3391494751	-6.99324989319	0.723484901412	1.0	9.06000041962	8.81999969482	1.0	9.06000041962	-1.0	0.0	3
1.0	5544.85546875	11.0	5.0	12416.4980469	15.0	5.0	31.6087994576	0.0	-0.99953109026	0.0	-0.0306207444519	31.6681321478	38.4258133429	-64.4039459229	69.5493011475	-5.02208995819	0.728733788237	5.0	17.5	92.7400007248	3.0	19.5599994659	0.99879682	1.0	3
1.0	483.266998291	1.0	1.0	1434.61706543	3.0	1.0	0.0	10.0	0.0	0.0	0.0	0.0	0.0	0.0	0.0	0.0	2.0	1.0	17.5	14.2600002289	1.0	17.5	0.893626951185	1.0	3
1.0	3700.87963867	9.0	5.0	11832.7285156	13.0	3.0	28.2399997711	0.0	-0.00327124632895	-0.994233012199	0.107191726565	15.7214802222	68.6682677582	-72.1435012817	44.9067497253	21.183599472	0.767573687171	3.0	14.2399997711	46.5800008774	2.0	19.5599994659	0.989260414132	1.0	3
1.0	3348.04370117	6.0	4.0	6787.28710938	8.0	5.0	107.919999123	0.0	0.999529957771	0.0	0.0306579265743	6.68208350695	48.5949538309	-72.6362457275	43.3120994568	19.8542499542	0.442536298246	7.0	5.0	91.4400019646	6.0	23.6800003052	0.998011639701	1.0	3
1.0	2977.66381836	5.0	4.0	11583.0830078	4.0	2.0	89.8887999058	0.0	-0.99953109026	0.0	-0.0306207444519	27.3126019001	2.34737363179	-64.4039459229	69.5493011475	-5.02208995819	0.728733788237	3.0	13.6199998856	59.0	2.0	23.6800003052	0.975163118036	1.0	3
1.0	2477.73291016	1.0	1.0	4209.52392578	3.0	2.0	44.6199986935	0.0	-0.00336469453759	-0.994228243828	0.107232600451	0.0	26.3358059282	-75.5478515625	43.3391494751	-6.99324989319	0.723484901412	2.0	5.0	15.1999998093	1.0	9.06000041962	0.340094207544	1.0	3
1.0	4881.31640625	4.0	2.0	11425.8193359	6.0	3.0	87.4999995232	0.0	0.00327124632895	0.994233012199	-0.107191726565	1.4481679855	60.0412001297	-72.1435012817	44.9067497253	21.183599472	0.901063572571	3.0	9.06000041962	43.0599994659	2.0	14.2399997711	0.99979516098	1.0	3
1.0	5089.51855469	3.0	1.0	8999.03125	5.0	3.0	82.8399991989	0.0	0.999529957771	0.0	0.0306579265743	6.68208350695	38.6080124776	-72.6362457275	43.3120994568	19.8542499542	0.442536298246	3.0	9.06000041962	38.1800003052	3.0	14.2399997711	0.992099973018	1.0	3
1.0	3557.3347168	5.0	4.0	5792.44384766	7.0	5.0	88.2155995369	0.0	0.00327124632895	0.994233012199	-0.107191726565	1.4481679855	60.0412001297	-72.1435012817	44.9067497253	21.183599472	0.901063572571	8.0	9.06000041962	140.820000648	7.0	23.6800003052	0.984730559576	1.0	3
1.0	1694.61486816	2.0	1.0	3707.65991211	2.0	2.0	28.8799991608	0.0	-0.0535349994898	-0.956509292126	0.286747336388	0.0	35.636868808	-75.2134552002	32.956703186	10.3271007538	0.537253406487	1.0	13.279999733	12.8599996567	1.0	13.279999733	-1.0	0.0	3
1.0	6028.99755859	18.0	6.0	12844.2402344	14.0	5.0	118.14000082	0.0	0.995689511299	-0.0703876689076	-0.0603980645537	1.61889633507	60.0046696518	-70.6472473145	16.0342502594	-12.8961496353	0.939087693634	10.0	2.16000008583	88.8400020599	2.0	9.18000030518	0.995561646831	1.0	3
1.0	2944.02075195	7.0	3.0	3563.78320312	7.0	2.0	52.1399993896	0.0	-0.0535349994898	-0.956509292126	0.286747336388	0.0	58.9472613902	-75.2134552002	32.956703186	10.3271007538	0.537253406487	3.0	10.1800003052	32.9999990463	2.0	13.279999733	0.245377471393	1.0	3
1.0	8166.38134766	17.0	7.0	19048.3710938	13.0	4.0	125.220001936	0.0	0.995689570904	-0.0703867897391	-0.060398068279	1.08116017547	56.0442169492	-70.3007507324	24.6747493744	-18.0066509247	0.564289367325	14.0	2.16000008583	140.780001163	7.0	22.5200004578	0.999753210584	1.0	3
1.0	2770.98388672	5.0	4.0	8415.89941406	4.0	2.0	61.9599990845	0.0	-0.0536270588636	-0.956504285336	0.286746710539	13.8821698233	40.2200596653	-72.1475982666	46.9787979126	-11.7828998566	0.00445555571766	9.0	10.1800003052	110.239999294	1.0	22.5200004578	0.364723947275	1.0	3
1.0	4520.8828125	5.0	3.0	8571.51074219	6.0	3.0	115.939998388	0.0	-0.0536272525787	-0.95650690794	0.286738008261	1.08116071404	61.1134031333	-71.1605987549	9.15773010254	-3.22975492477	0.164159376841	7.0	2.16000008583	65.6200003624	3.0	13.279999733	0.994893194111	1.0	3
1.0	2154.66772461	6.0	4.0	5293.24609375	5.0	3.0	54.1999988556	0.0	-0.0536272525787	-0.95650690794	0.286738008261	1.08116071404	34.4210347382	-71.1605987549	9.15773010254	-3.22975492477	0.164159376841	3.0	14.5	44.0000009537	0.0	22.0799999237	0.910304110816	1.0	3
1.0	4767.46289062	4.0	3.0	9322.99414062	7.0	4.0	95.2599984407	0.0	-0.0535349994898	-0.956509292126	0.286747336388	0.0	65.6542043807	-75.2134552002	32.956703186	10.3271007538	0.537253406487	10.0	2.16000008583	117.379999638	6.0	22.5200004578	0.995112233486	1.0	3
1.0	4119.83154297	5.0	4.0	9230.82714844	5.0	2.0	58.8599989414	0.0	-0.0535349994898	-0.956509292126	0.286747336388	0.0	65.6542043807	-75.2134552002	32.956703186	10.3271007538	0.537253406487	8.0	11.1199998856	88.4799995422	2.0	22.5200004578	0.968370128778	1.0	3
1.0	4477.72558594	4.0	2.0	6839.84765625	8.0	3.0	87.5199995041	0.0	-0.99568849802	0.0703867152333	0.0604165270925	16.0205788684	40.8761326876	-71.0078430176	52.7763519287	-8.52430915833	0.960926878499	5.0	9.18000030518	46.0399999619	3.0	15.3400001526	0.989061443073	1.0	3
1.0	2834.0	1.0	1.0	4426.25683594	1.0	1.0	35.3400001526	0.0	-0.033555008471	-0.986687302589	0.159129530191	2.54919190362	21.2763730961	-74.5480499268	45.236000061	-3.71377491951	0.972205396456	1.0	9.31999969482	9.61999988556	1.0	9.31999969482	-1.0	0.0	3
1.0	6211.04296875	8.0	5.0	17564.4003906	15.0	3.0	71.7399997711	0.0	-0.0335471108556	-0.986689090729	0.159120112658	0.0	63.0794695441	-69.7638549805	10.5255002975	-11.6526498795	0.0645953039372	7.0	8.72000026703	72.1000013351	5.0	14.8999996185	0.999984687512	1.0	3
1.0	2979.20385742	7.0	1.0	6144.13818359	15.0	1.0	5.38000011444	3.77194911122	-0.27506378293	-0.0706793740392	0.958824515343	4.02141216102	19.8819803351	-73.6465454102	12.8062000275	-2.25327992439	0.071215491746	0.0	0.0	0.0	0.0	0.0	0.91535870222	1.0	3
1.0	7629.85693359	11.0	6.0	16425.9316406	16.0	6.0	116.819999695	0.0	-0.999262452126	0.031077593565	0.0225543100387	18.8552886339	3.16108703711	-50.6944999695	86.4766998291	-9.49786472321	0.770466781285	11.0	4.26000022888	118.100000381	2.0	14.8999996185	0.998164335068	1.0	3
1.0	6731.06689453	4.0	3.0	4477.3984375	9.0	5.0	92.6799993515	0.0	0.0335506387055	0.986686468124	-0.159135818481	17.3364230971	41.2071205111	-71.3433532715	54.1527481079	-15.632850647	0.54577857204	5.0	13.720000267	81.9000015259	2.0	31.6599998474	0.992451574215	1.0	3
1.0	2468.23608398	7.0	5.0	4270.87988281	9.0	5.0	57.1199998856	2.49566025768	0.309600800276	-0.130243256688	-0.941904485226	40.5466794362	28.4354834481	-69.257850647	56.0603027344	-18.9678497314	0.0562913373951	2.0	8.72000026703	16.7600002289	1.0	8.72000026703	0.983469641299	1.0	3
1.0	3097.56274414	5.0	2.0	4993.0703125	8.0	5.0	44.5599994659	0.0	-0.0335471108556	-0.986689090729	0.159120112658	0.0	63.0794695441	-69.7638549805	10.5255002975	-11.6526498795	0.0645953039372	3.0	11.8800001144	41.0200004578	0.0	26.4599990845	0.990735957434	1.0	3
1.0	2623.13867188	3.0	2.0	1144.55603027	1.0	1.0	35.3400001526	0.0	0.033555008471	0.986687302589	-0.159129530191	15.3692353716	2.54919190362	-74.5480499268	45.236000061	-3.71377491951	0.972205396456	1.0	9.31999969482	9.61999988556	1.0	9.31999969482	0.986521807333	1.0	3
1.0	1019.65002441	1.0	1.0	1618.81921387	2.0	1.0	22.5	0.0	-0.033555008471	-0.986687302589	0.159129530191	2.54919190362	16.461506632	-74.5480499268	45.236000061	-3.71377491951	0.972205396456	1.0	9.31999969482	9.61999988556	1.0	9.31999969482	0.153036124888	1.0	3
1.0	4456.33984375	5.0	5.0	7254.57519531	11.0	8.0	147.119999826	0.0	-0.0335471108556	-0.986689090729	0.159120112658	0.0	63.0794695441	-69.7638549805	10.5255002975	-11.6526498795	0.0645953039372	11.0	7.34000015259	136.540000916	7.0	15.279999733	0.996600542558	1.0	3
1.0	2587.07714844	1.0	1.0	3498.4519043	1.0	1.0	16.7600002289	2.72816057564	-0.142943635583	-0.966260075569	-0.214262872934	17.8905751837	8.24273912168	-76.8549499512	36.7422485352	-2.00480008125	0.90548829641	0.0	0.0	0.0	0.0	0.0	-1.0	0.0	3
1.0	5479.56689453	9.0	2.0	13774.6972656	18.0	2.0	16.8999996185	0.0	0.00760392425582	-0.965313017368	0.260984629393	2.00869965691	67.3827628728	-70.4643554688	34.5999526978	25.1833000183	0.466159702726	2.0	8.85999965668	9.88000011444	3.0	22.6399993896	0.999997628235	1.0	3
1.0	5119.09912109	3.0	1.0	8168.82714844	11.0	2.0	16.7600002289	2.72816057564	-0.142943635583	-0.966260075569	-0.214262872934	17.8905751837	67.8055920306	-76.8549499512	36.7422485352	-2.00480008125	0.90548829641	1.0	24.5200004578	21.7600002289	1.0	24.5200004578	0.878941300399	1.0	3
1.0	6643.02099609	12.0	3.0	16020.4658203	18.0	3.0	28.0599999428	0.0	0.00760392425582	-0.965313017368	0.260984629393	22.6837420756	56.9261140504	-70.4643554688	34.5999526978	25.1833000183	0.466159702726	1.0	10.0799999237	9.88000011444	2.0	22.6399993896	0.999999916674	1.0	3
1.0	3226.60302734	3.0	1.0	4768.52685547	6.0	1.0	16.7600002289	2.72816057564	-0.142943635583	-0.966260075569	-0.214262872934	17.8905751837	29.0692265158	-76.8549499512	36.7422485352	-2.00480008125	0.90548829641	0.0	0.0	0.0	0.0	0.0	0.541619662531	1.0	3
1.0	3627.34570312	5.0	2.0	6976.09960938	5.0	1.0	48.6800003052	1.4769394005	0.446511089802	-0.586104393005	-0.676098763943	0.0	25.7138202061	-74.7500991821	17.6759490967	0.401574522257	0.125318460655	0.0	0.0	0.0	0.0	0.0	0.983002080616	1.0	3
1.0	4503.81591797	4.0	2.0	9372.234375	7.0	3.0	73.5600008965	1.4769394005	0.446511089802	-0.586104393005	-0.676098763943	0.0	37.9263965365	-74.7500991821	17.6759490967	0.401574522257	0.125318460655	1.0	24.5200004578	21.7600002289	2.0	24.5200004578	0.982551897832	1.0	3
1.0	1823.53112793	3.0	3.0	7580.21240234	6.0	3.0	89.0600004196	0.0	0.00759922433645	-0.96532791853	0.260929614305	13.262489519	3.84901107313	-63.0245513916	68.8655014038	1.35736501217	0.451743180796	4.0	4.19999980927	44.3400001526	4.0	20.8999996185	0.854397502673	1.0	3
1.0	1280.99841309	4.0	3.0	1956.09606934	2.0	2.0	48.0000009537	1.80843027913	0.00840759184211	0.957798302174	0.287318199873	47.3337621731	30.6022985074	-74.0109481812	54.5615997314	8.27767562866	0.485731541661	1.0	8.85999965668	0.0344000011683	2.0	22.6399993896	0.990572434059	1.0	3
