valid	volumeS1	connectedComponentsS1	connectedComponentsS1Rel	volumeS2	connectedComponentsS2	connectedComponentsS2Rel	corticalSize	distanceMin	direction_x	direction_y	direction_z	distanceToExtremity1	distanceToExtremity2	gravityCenter_x	gravityCenter_y	gravityCenter_z	corticalDotProduct	junctions	junctionDepthMin	junctionsSize	plisDePassage	plisDePassageDepthMax	Potential	Class	cycle
1.0	4265.98876953	1.0	1.0	2101.53295898	1.0	1.0	10.6999998093	2.53405408603	0.222955837846	0.787080228329	0.575148105621	5.84275889782	1.75333365113	-76.0264511108	51.4559020996	-8.19245529175	0.751924827434	0.0	0.0	0.0	0.0	0.0	-1.0	0.0	1
1.0	14567.4433594	13.0	6.0	7310.31201172	11.0	7.0	130.88000083	0.0	0.0584668405354	0.98731648922	-0.14760671556	51.6310866274	2.15643935349	-75.5373001099	43.3164978027	7.21994495392	0.873501014165	12.0	7.67999982834	161.379997492	8.0	25.4200000763	0.989914056424	1.0	1
1.0	10103.9443359	12.0	3.0	4811.9609375	8.0	3.0	20.513600111	0.0	-0.997891247272	0.0560442395508	0.0327424556017	58.7861552737	32.7625098159	-63.1053009033	69.6464538574	-9.15065479279	0.300164031342	2.0	14.8000001907	39.0399999619	0.0	23.8600006104	0.572637351583	1.0	1
1.0	16732.5605469	11.0	4.0	6600.61962891	9.0	7.0	103.720000744	0.0	0.0584608726203	0.9873239398	-0.147559404373	62.4668338742	1.77771741947	-69.6343994141	55.0707473755	14.2395496368	0.463661027732	7.0	10.0600004196	103.479998589	3.0	25.4200000763	0.985169412366	1.0	1
1.0	2458.32714844	4.0	2.0	1713.01831055	5.0	1.0	16.3200006485	0.0	0.0584608726203	0.9873239398	-0.147559404373	34.9336737396	1.77771741947	-69.6343994141	55.0707473755	14.2395496368	0.463661027732	1.0	10.0600004196	10.0600004196	0.0	10.0600004196	0.872423134147	1.0	1
1.0	7568.00683594	6.0	3.0	3160.88549805	8.0	6.0	116.77360034	0.0	0.0584605969489	0.987319290638	-0.147590696812	62.0642745926	0.0	-75.9916000366	38.2074508667	3.49462509155	0.622033106201	5.0	12.4799995422	76.700399518	4.0	20.3600006104	0.988075790205	1.0	1
1.0	6048.734375	2.0	2.0	2173.46386719	3.0	3.0	54.0135998726	0.0	0.0584605969489	0.987319290638	-0.147590696812	62.0642745926	8.72104415415	-75.9916000366	38.2074508667	3.49462509155	0.622033106201	5.0	15.1000003815	78.4599995613	2.0	22.3600006104	0.682845906011	1.0	1
1.0	8180.08398438	6.0	3.0	2590.79370117	8.0	6.0	84.7800002098	0.0	0.0584605969489	0.987319290638	-0.147590696812	62.0642745926	0.0	-75.9916000366	38.2074508667	3.49462509155	0.622033106201	5.0	10.0600004196	43.6804004908	4.0	22.3600006104	0.992297709924	1.0	1
1.0	363.70199585	1.0	1.0	1960.37658691	4.0	2.0	7.97360014915	0.0	-0.997896373272	0.055937372148	0.0327693521976	0.979461515049	36.9873577237	-64.1703491211	71.6399002075	-15.3939495087	0.846300392354	1.0	23.8600006104	23.6800003052	1.0	25.4200000763	0.64180177479	1.0	1
1.0	6419.28125	4.0	2.0	4419.54931641	8.0	5.0	65.3800008297	0.0	-0.997896373272	0.055937372148	0.0327693521976	0.979461515049	31.7570705904	-64.1703491211	71.6399002075	-15.3939495087	0.846300392354	4.0	19.5200004578	61.9199986458	3.0	25.4200000763	0.988162294049	1.0	1
1.0	4594.1171875	1.0	1.0	1909.21203613	1.0	1.0	7.05999994278	0.0	0.995600342751	-0.093538582325	0.00552714802325	2.33917467787	0.0	-68.3860015869	58.7004470825	-8.13883972168	0.330847458281	1.0	25.7199993134	23.6000003815	1.0	25.7199993134	-1.0	0.0	1
1.0	14310.8525391	14.0	4.0	4650.26855469	7.0	3.0	92.0399999619	0.0	0.105043910444	0.992555618286	0.0616370812058	8.00151398861	37.4638133579	-58.1163482666	69.4723510742	-34.7230987549	0.950803359063	6.0	7.80000019073	67.4860010669	2.0	14.8999996185	0.999999992535	1.0	1
1.0	9847.86328125	11.0	3.0	3385.97070312	4.0	2.0	99.9199986458	0.0	0.104949310422	0.992565512657	0.0616386532784	54.280619064	2.67422856797	-73.8340988159	52.4856491089	-3.1075501442	0.713058484817	4.0	4.82000017166	64.039999485	5.0	28.0400009155	0.997035456439	1.0	1
1.0	18579.109375	12.0	4.0	6921.77294922	8.0	5.0	169.159997702	0.0	0.995600163937	-0.0935352891684	0.00560414744541	2.08650369921	15.9460932297	-47.3500976562	65.5768508911	-47.6051483154	0.436545844624	10.0	4.82000017166	131.635200024	7.0	28.0400009155	0.99999999979	1.0	1
1.0	773.022583008	3.0	0.0	502.665008545	2.0	0.0	0.0	10.0	0.0	0.0	0.0	0.0	0.0	0.0	0.0	0.0	2.0	0.0	0.0	0.0	0.0	0.0	0.000206200179832	1.0	1
1.0	4754.97607422	4.0	1.0	2898.36181641	4.0	4.0	61.3600010872	0.0	0.995599925518	-0.093542508781	0.00552693987265	34.9857970583	19.1698090131	-64.146697998	68.993347168	-1.99296998978	0.237524442704	4.0	11.1800003052	74.7800006866	4.0	25.7199993134	0.996528193906	1.0	1
1.0	4214.72265625	2.0	2.0	1492.1739502	2.0	1.0	16.279999733	0.0	0.104949310422	0.992565512657	0.0616386532784	15.893055129	2.67422856797	-73.8340988159	52.4856491089	-3.1075501442	0.713058484817	1.0	25.7199993134	23.6000003815	2.0	28.0400009155	0.886224318895	1.0	1
1.0	7087.47607422	6.0	1.0	1974.24902344	1.0	1.0	15.7999997139	0.0	-0.104942172766	-0.992566883564	-0.0616291314363	30.2606315665	26.4979113812	-67.18409729	65.057144165	-7.73816490173	0.840918978742	0.0	0.0	0.0	1.0	23.3600006104	0.99762996685	1.0	1
1.0	5720.02880859	2.0	1.0	2941.23779297	2.0	2.0	45.4599997997	0.0	-0.104942172766	-0.992566883564	-0.0616291314363	4.20660831746	26.4979113812	-67.18409729	65.057144165	-7.73816490173	0.840918978742	2.0	22.3199996948	46.2399997711	3.0	23.3600006104	0.884801506993	1.0	1
1.0	7155.28515625	5.0	2.0	2196.97314453	2.0	1.0	3.31999993324	2.85508664937	0.59550011158	0.697689771652	-0.398256927729	44.9617926001	28.5319356603	-71.4590988159	54.8365020752	-4.7613401413	0.543602969699	0.0	0.0	0.0	0.0	0.0	0.989800370193	1.0	1
1.0	3885.02294922	1.0	1.0	3054.87744141	1.0	1.0	2.63960003853	0.0	-0.688959121704	0.71598315239	-0.112709738314	20.2895233265	2.1072500217	-72.7328033447	53.7346496582	-4.49450492859	0.674174470689	1.0	4.28000020981	1.58000004292	1.0	4.28000020981	-1.0	0.0	1
1.0	10797.0546875	8.0	1.0	3234.58105469	3.0	1.0	2.63960003853	0.0	-0.688959121704	0.71598315239	-0.112709738314	35.0661060917	38.3232031186	-72.7328033447	53.7346496582	-4.49450492859	0.674174470689	1.0	4.28000020981	1.58000004292	1.0	4.28000020981	0.973858386163	1.0	1
1.0	4507.45019531	5.0	2.0	3732.07202148	3.0	2.0	28.7395994663	0.0	-0.688959121704	0.71598315239	-0.112709738314	20.2895233265	2.1072500217	-72.7328033447	53.7346496582	-4.49450492859	0.674174470689	2.0	4.28000020981	10.6200000048	1.0	4.28000020981	0.329951211253	1.0	1
1.0	18249.7539062	17.0	3.0	8371.31542969	7.0	3.0	112.95959878	0.0	-0.0334241762757	-0.984703779221	0.171000912786	16.2051649307	38.2974357035	-58.0158500671	77.5539016724	-19.7217998505	0.378802957751	6.0	3.16000008583	52.5199997425	6.0	20.1599998474	0.999999555443	1.0	1
1.0	4337.46240234	3.0	2.0	4305.96679688	2.0	2.0	13.9995996952	0.0	-0.688959121704	0.71598315239	-0.112709738314	20.2895233265	2.1072500217	-72.7328033447	53.7346496582	-4.49450492859	0.674174470689	2.0	4.28000020981	14.1200000048	2.0	20.1599998474	0.658983935602	1.0	1
1.0	10414.4189453	4.0	2.0	6073.79589844	4.0	2.0	58.3015989512	0.0	0.999347448349	-0.0346072688699	-0.0103471344337	18.2935849351	34.2024306573	-70.3733062744	61.6000976562	-20.3794994354	0.134053728285	1.0	4.28000020981	1.58000004292	3.0	20.1599998474	0.999784638016	1.0	1
1.0	4776.78710938	3.0	2.0	4062.11743164	2.0	1.0	15.9596002102	0.0	-0.688959121704	0.71598315239	-0.112709738314	20.2895233265	27.943393114	-72.7328033447	53.7346496582	-4.49450492859	0.674174470689	1.0	4.28000020981	1.58000004292	1.0	4.28000020981	0.573409606872	1.0	1
1.0	9866.59667969	4.0	2.0	3066.53955078	5.0	2.0	44.4199986458	0.0	0.999347448349	-0.0346072688699	-0.0103471344337	18.2935849351	34.2024306573	-70.3733062744	61.6000976562	-20.3794994354	0.134053728285	0.0	0.0	0.0	1.0	20.1599998474	0.998938846082	1.0	1
1.0	10329.5507812	5.0	2.0	4327.85449219	2.0	1.0	15.9596002102	0.0	-0.688959121704	0.71598315239	-0.112709738314	35.0661060917	27.943393114	-72.7328033447	53.7346496582	-4.49450492859	0.674174470689	3.0	4.28000020981	26.0400000811	1.0	4.28000020981	0.995483119327	1.0	1
1.0	5689.76220703	6.0	3.0	2980.21777344	5.0	3.0	40.1599988937	0.0	0.99934732914	-0.0346106700599	-0.010345431976	7.46210822026	31.3406441732	-59.7439002991	76.7703018188	-21.368598938	0.750317617868	2.0	5.53999996185	21.7399997711	3.0	20.1599998474	0.997660982779	1.0	1
1.0	3112.90991211	1.0	0.0	1254.98266602	1.0	0.0	0.0	10.0	0.0	0.0	0.0	0.0	0.0	0.0	0.0	0.0	2.0	0.0	0.0	0.0	0.0	0.0	0.000206200179832	0.0	1
1.0	21424.5566406	16.0	5.0	8907.12011719	9.0	6.0	179.936801568	0.0	0.998025715351	-0.0331878773868	0.0533219464123	3.04848235789	40.0251260157	-48.3588485718	86.678604126	-11.4805498123	0.5003272205	11.0	3.59999990463	122.600000024	4.0	22.7600002289	0.999999834173	1.0	1
1.0	16325.7792969	15.0	4.0	7131.23144531	10.0	5.0	90.5000004768	0.0	0.998023033142	-0.0332690142095	0.053321801126	19.5345232846	35.0608815843	-62.4151496887	68.4364471436	-16.044549942	0.32424234842	7.0	3.59999990463	60.2999988794	5.0	22.7600002289	0.999871207663	1.0	1
1.0	21192.5058594	18.0	7.0	7624.04541016	10.0	5.0	131.91680111	0.0	0.998025715351	-0.0331878773868	0.0533219464123	3.04848235789	40.0251260157	-48.3588485718	86.678604126	-11.4805498123	0.5003272205	9.0	5.01999998093	110.100001097	6.0	22.7600002289	0.999999988375	1.0	1
1.0	4941.46875	5.0	2.0	1021.86206055	2.0	2.0	25.0599999428	0.0	-0.046194318682	-0.99374961853	0.101625815034	22.1838797084	2.10503610528	-60.7544021606	71.1535491943	-13.3607997894	0.547841269385	3.0	4.05999994278	42.180000782	1.0	4.05999994278	0.471131417213	1.0	1
1.0	7504.28466797	7.0	4.0	3985.96484375	6.0	6.0	159.760001183	0.0	0.99802339077	-0.0332724116743	0.0533125139773	44.8707107619	9.13570101593	-72.7865447998	49.2493515015	-5.90039491653	0.846622759628	8.0	3.59999990463	79.0999999046	4.0	22.7600002289	0.996653814924	1.0	1
1.0	3631.55200195	2.0	1.0	1486.17260742	3.0	1.0	11.1999998093	0.0	0.99802339077	-0.0332724116743	0.0533125139773	1.77280644686	1.82325063236	-72.7865447998	49.2493515015	-5.90039491653	0.846622759628	1.0	15.5	14.3800001144	0.0	15.5	0.491389494314	1.0	1
1.0	8602.984375	7.0	4.0	2887.26489258	6.0	6.0	135.400001526	0.0	0.998023092747	-0.0332690142095	0.0533209592104	27.4575507365	11.6850495757	-63.7311515808	67.7081451416	-13.1490497589	0.454500562111	6.0	3.59999990463	40.3599997759	5.0	22.7600002289	0.995912880046	1.0	1
1.0	4060.48583984	2.0	0.0	1654.31176758	2.0	0.0	0.0	10.0	0.0	0.0	0.0	0.0	0.0	0.0	0.0	0.0	2.0	0.0	0.0	0.0	0.0	0.0	0.000206200179832	1.0	1
1.0	7796.69628906	7.0	3.0	2671.69116211	4.0	1.0	50.3600001335	0.0	-0.998026072979	0.0331840477884	-0.05331736058	24.44938352	49.2847031707	-73.8143005371	48.0302009583	-8.70927429199	0.433606253545	1.0	5.01999998093	1.12000000477	2.0	22.7600002289	0.996081390434	1.0	1
1.0	3959.04101562	1.0	0.0	858.664001465	1.0	0.0	0.0	10.0	0.0	0.0	0.0	0.0	0.0	0.0	0.0	0.0	2.0	0.0	0.0	0.0	0.0	0.0	0.000206200179832	0.0	1
1.0	13409.3925781	14.0	5.0	9629.27832031	6.0	2.0	157.659996986	0.0	0.994935154915	0.0	-0.100518658757	6.97231195515	37.2487698573	-56.873550415	81.1420974731	-20.0442504883	0.606054929439	6.0	3.3599998951	68.9200007915	2.0	16.1599998474	0.999953082875	1.0	1
1.0	2742.90722656	4.0	0.0	1462.53491211	2.0	0.0	0.0	10.0	0.0	0.0	0.0	0.0	0.0	0.0	0.0	0.0	2.0	0.0	0.0	0.0	0.0	0.0	0.000206200179832	1.0	1
1.0	19506.8886719	19.0	7.0	10306.1542969	4.0	2.0	181.039996386	0.0	-0.994936048985	0.0	0.100509814918	24.5223799003	40.6882472514	-60.176700592	74.0390014648	-19.304851532	0.602297911569	12.0	3.3599998951	117.460000515	4.0	16.9799995422	0.999999997407	1.0	1
1.0	8343.87109375	5.0	1.0	1168.71496582	2.0	2.0	19.3399996758	0.0	0.99493598938	0.0	-0.100510656834	47.0515398951	2.1303321074	-69.401802063	46.9416999817	-10.7809505463	0.895070260412	1.0	19.0200004578	18.3600006104	0.0	19.0200004578	0.959269087505	1.0	1
1.0	8739.40917969	7.0	4.0	5130.66601562	5.0	5.0	103.240398599	0.0	-0.00609488040209	0.998389482498	-0.056402977556	44.2186134785	1.12127871382	-71.6837005615	43.6152992249	-5.82713508606	0.94631479354	10.0	3.3599998951	91.620000124	5.0	16.1599998474	0.998604283415	1.0	1
1.0	5988.93359375	2.0	1.0	4039.55664062	3.0	2.0	27.8999996185	0.0	-0.00609488040209	0.998389482498	-0.056402977556	18.8612235252	1.12127871382	-71.6837005615	43.6152992249	-5.82713508606	0.94631479354	1.0	10.779999733	10.5	0.0	10.779999733	0.703437241745	1.0	1
1.0	8052.63964844	10.0	4.0	5529.33398438	4.0	3.0	93.4999990463	0.0	-0.00609488040209	0.998389482498	-0.056402977556	44.2186134785	1.12127871382	-71.6837005615	43.6152992249	-5.82713508606	0.94631479354	6.0	3.3599998951	65.2200009823	2.0	16.1599998474	0.994256736855	1.0	1
1.0	7021.09375	7.0	3.0	4018.08886719	4.0	4.0	71.57999897	0.0	-0.00609488040209	0.998389482498	-0.056402977556	44.2186134785	1.12127871382	-71.6837005615	43.6152992249	-5.82713508606	0.94631479354	7.0	3.3599998951	64.7000002861	2.0	7.01999998093	0.972198547702	1.0	1
1.0	2620.02294922	1.0	0.0	1129.74694824	1.0	0.0	0.0	10.0	0.0	0.0	0.0	0.0	0.0	0.0	0.0	0.0	2.0	0.0	0.0	0.0	0.0	0.0	0.000206200179832	0.0	1
1.0	15986.2236328	16.0	8.0	7888.91992188	10.0	7.0	200.200002193	0.0	0.998986184597	-0.0365989804268	0.0262127108872	31.1861148678	2.70555956317	-71.9252471924	62.199798584	6.5158996582	0.504175719924	7.0	10.9200000763	76.6400003433	4.0	27.6200008392	0.999999998564	1.0	1
1.0	2756.30273438	2.0	1.0	1929.11401367	2.0	1.0	14.6800003052	0.0	-0.998985528946	0.03659581393	-0.0262422058731	11.4178396297	26.3563576177	-64.3901977539	75.6959991455	-24.1634502411	0.847708706665	1.0	10.9200000763	11.0200004578	0.0	10.9200000763	0.213777576739	1.0	1
1.0	13116.9648438	14.0	4.0	4757.49951172	7.0	4.0	21.5008005351	0.0	-0.998986303806	0.036595698446	-0.0262125525624	43.842370121	4.58326244351	-71.8492507935	63.2007980347	5.05220031738	0.942849683558	5.0	10.9200000763	67.1600008011	2.0	27.6200008392	0.999992653139	1.0	1
1.0	4029.00195312	5.0	1.0	2349.7253418	5.0	2.0	46.4399995804	2.72215356113	0.172412857413	0.598274409771	0.782522559166	25.5367967419	24.6617569632	-71.0865020752	67.6783447266	-18.4276008606	0.976500521518	0.0	0.0	0.0	0.0	0.0	0.244941692529	1.0	1
1.0	6929.90234375	7.0	1.0	2315.75341797	6.0	2.0	31.7199993134	2.72215356113	0.172412857413	0.598274409771	0.782522559166	25.5367967419	24.6617569632	-71.0865020752	67.6783447266	-18.4276008606	0.976500521518	0.0	0.0	0.0	0.0	0.0	0.99854387158	1.0	1
1.0	3848.68408203	7.0	1.0	1458.56640625	6.0	1.0	5.92000007629	0.0	0.998986184597	-0.0365989804268	0.0262127108872	10.6244939966	2.70555956317	-71.9252471924	62.199798584	6.5158996582	0.504175719924	1.0	14.2399997711	15.0	0.0	14.2399997711	0.953467412829	1.0	1
1.0	4865.90185547	6.0	3.0	4949.71728516	6.0	1.0	22.779999733	0.0	-0.998986363411	0.0365960672498	-0.0262106265873	8.24077467383	2.13865026417	-73.8337020874	37.3223991394	-6.33450031281	0.783267566978	0.0	0.0	0.0	2.0	27.1399993896	0.989700792592	1.0	1
1.0	1280.14599609	6.0	3.0	2599.9921875	2.0	2.0	25.3400001526	0.0	0.998986184597	-0.0365989804268	0.0262127108872	45.7454746456	12.5128876269	-71.9252471924	62.199798584	6.5158996582	0.504175719924	1.0	14.2399997711	15.0	0.0	14.2399997711	0.62727714384	1.0	1
1.0	2401.06103516	5.0	1.0	976.57800293	3.0	1.0	4.76000022888	2.95777454382	0.738128900528	0.672585189342	0.0528671368957	5.29366604465	14.8607610803	-60.2865982056	81.4338989258	-29.57654953	0.568495437269	0.0	0.0	0.0	0.0	0.0	0.965853621601	1.0	1
1.0	4127.37988281	1.0	1.0	875.078491211	1.0	1.0	13.4799995422	2.32437302534	-0.00455268053338	0.97144305706	0.237229049206	9.75551541575	1.88123960513	-64.7712020874	57.3765487671	-27.8037490845	0.330135762136	0.0	0.0	0.0	0.0	0.0	-1.0	0.0	1
1.0	19086.109375	14.0	4.0	6558.36523438	10.0	4.0	104.327599168	0.0	-0.00372824585065	-0.980663180351	0.195667564869	16.7231813552	50.1116832599	-68.1335449219	49.1895523071	-22.7381000519	0.395294347542	6.0	3.6400001049	73.220000267	3.0	18.3799991608	0.999069854964	1.0	1
1.0	8986.00585938	11.0	1.0	1810.80432129	7.0	1.0	13.4799995422	2.32437302534	-0.00455268053338	0.97144305706	0.237229049206	9.75551541575	48.1511800553	-64.7712020874	57.3765487671	-27.8037490845	0.330135762136	0.0	0.0	0.0	0.0	0.0	0.257726904003	1.0	1
1.0	22126.7246094	17.0	4.0	6938.09179688	11.0	5.0	88.8247994445	0.0	0.999826073647	0.0	0.0186512861401	5.53809216023	26.7746421174	-52.9369506836	65.3237991333	-48.9707489014	0.0317062063388	10.0	3.6400001049	137.039999962	1.0	10.1199998856	0.999998756859	1.0	1
1.0	4405.44238281	3.0	2.0	2035.65698242	2.0	2.0	21.2800004482	0.0	0.999826014042	0.0	0.0186547394842	1.84601682374	8.62385887954	-59.9335021973	65.4401016235	-24.6635513306	0.276167964192	2.0	8.47999954224	16.4000000954	0.0	8.47999954224	0.203655272556	1.0	1
1.0	7834.22363281	8.0	5.0	4554.03564453	4.0	3.0	116.220000744	0.0	-0.00372441648506	-0.980663061142	0.195668309927	8.46990598625	37.2325932281	-53.4932479858	67.9479522705	-48.3400993347	0.634487448323	2.0	14.9200000763	28.9600000381	0.0	14.9200000763	0.993642270546	1.0	1
1.0	2911.04248047	6.0	1.0	1683.60705566	1.0	1.0	7.86000013351	0.0	0.999826073647	0.0	0.0186512861401	3.17505342483	1.49147452362	-52.9369506836	65.3237991333	-48.9707489014	0.0317062063388	1.0	16.7800006866	16.4400005341	0.0	16.7800006866	0.500007944499	1.0	1
1.0	7958.53564453	9.0	6.0	4535.69238281	7.0	6.0	132.9599998	0.0	0.736232936382	-0.660869598389	0.145644828677	8.72941589689	37.2703536599	-52.9529495239	66.9746551514	-48.1357498169	0.751125405174	8.0	4.71999979019	81.9400010109	3.0	10.1199998856	0.998154642084	1.0	1
1.0	7374.2578125	7.0	1.0	1504.57055664	3.0	1.0	25.8999996185	2.32437302534	-0.00455268053338	0.97144305706	0.237229049206	9.75551541575	1.88123960513	-64.7712020874	57.3765487671	-27.8037490845	0.330135762136	0.0	0.0	0.0	0.0	0.0	0.978777173435	1.0	1
1.0	6429.109375	6.0	2.0	4239.81054688	5.0	3.0	40.9475989342	0.0	-0.00372824585065	-0.980663180351	0.195667564869	24.6388045485	0.0	-68.1335449219	49.1895523071	-22.7381000519	0.395294347542	5.0	4.71999979019	49.7199997902	2.0	10.1199998856	0.970229369711	1.0	1
1.0	4130.72509766	1.0	1.0	1890.85290527	1.0	1.0	0.0	10.0	0.0	0.0	0.0	0.0	0.0	0.0	0.0	0.0	2.0	0.0	0.0	0.0	1.0	26.8400001526	-1.0	0.0	1
1.0	16760.78125	15.0	6.0	7548.20263672	11.0	5.0	65.9199991226	0.0	-0.0265206806362	-0.970083534718	0.241318449378	52.2352099288	7.22563824354	-77.1477966309	38.5149993896	0.190101653337	0.896619743008	8.0	1.12000000477	57.7688008249	5.0	28.2399997711	0.99999503747	1.0	1
1.0	18009.7929688	13.0	5.0	9645.25976562	10.0	5.0	91.0927996635	0.0	0.993508219719	0.0	0.113760091364	2.38911480688	44.4914604713	-58.561050415	80.8490982056	-21.4545001984	0.934285052247	16.0	1.12000000477	126.879999399	7.0	26.8400001526	0.999999984174	1.0	1
1.0	11942.9072266	18.0	6.0	4008.65039062	8.0	4.0	12.7199997902	2.54180450274	0.0683507248759	-0.297288030386	0.952338159084	18.4733364768	30.0412128848	-70.7590026855	64.4767532349	-12.1725902557	0.842243714777	5.0	10.5600004196	29.1423993111	1.0	16.3600006104	0.999373602948	1.0	1
1.0	3382.90380859	1.0	1.0	2638.67382812	1.0	1.0	14.0	0.0	0.026527998969	0.97008305788	-0.241319641471	3.12149264319	2.32733516869	-75.243598938	45.48279953	-6.96535968781	0.700151627874	1.0	27.8799991608	29.2800006866	1.0	27.8799991608	0.329949435065	1.0	1
1.0	9742.04394531	7.0	2.0	6011.38964844	5.0	4.0	122.264799118	0.0	-0.0265261754394	-0.970055103302	0.241432189941	2.11980267572	47.6664932717	-63.7907028198	67.0261535645	-29.8083992004	0.580479799041	10.0	1.12000000477	96.1287980974	9.0	26.8400001526	0.999978559265	1.0	1
1.0	10940.4980469	7.0	3.0	4812.93603516	6.0	5.0	108.54799962	0.0	-0.0265261754394	-0.970055103302	0.241432189941	2.11980267572	47.6664932717	-63.7907028198	67.0261535645	-29.8083992004	0.580479799041	10.0	1.12000000477	105.655998558	7.0	26.8400001526	0.999991810182	1.0	1
1.0	6165.12255859	3.0	2.0	3306.35668945	4.0	3.0	37.4648001194	0.0	0.743712663651	0.663458228111	-0.0819431394339	37.7555448114	0.0	-74.6640472412	46.4921989441	-7.15324497223	2.0	7.0	3.68000006676	60.8559983671	7.0	26.8400001526	0.994201089947	1.0	1
1.0	8290.2578125	3.0	2.0	2984.4909668	3.0	2.0	19.2399997711	0.0	-0.0265261754394	-0.970055103302	0.241432189941	2.11980267572	17.7261623044	-63.7907028198	67.0261535645	-29.8083992004	0.580479799041	1.0	13.1199998856	15.0799999237	1.0	26.8400001526	0.933828054816	1.0	1
1.0	4819.43261719	9.0	3.0	5003.91845703	5.0	4.0	77.279999733	0.0	-0.993508338928	0.0	-0.113759316504	1.11111772481	50.2368657549	-67.4197540283	56.5023994446	-42.5557022095	0.687242911887	6.0	1.12000000477	71.279999733	5.0	27.8799991608	0.982089824398	1.0	1
1.0	5092.13037109	1.0	1.0	1401.06994629	1.0	1.0	15.1600003242	0.0	0.0849936157465	0.95344209671	-0.289351463318	2.86606279983	15.0460396152	-58.496799469	71.1379547119	-25.4203491211	0.880772505581	2.0	8.92000007629	27.3599996567	2.0	9.31999969482	-1.0	0.0	1
1.0	13652.2539062	18.0	5.0	8352.50488281	8.0	6.0	78.5999996662	0.0	0.982109487057	-0.129223138094	-0.136975616217	2.49499411486	25.4688699759	-55.2304496765	69.7127532959	-42.4551467896	0.981608039696	5.0	7.36000013351	39.159999609	4.0	22.6800003052	0.999767731101	1.0	1
1.0	2211.40405273	7.0	2.0	81.5021972656	2.0	2.0	12.6400003433	2.80731545593	0.529131054878	0.311723172665	0.789207816124	75.3622310562	0.0	-66.9009552002	61.806350708	10.1855144501	0.244147265667	1.0	15.1999998093	5.03999996185	0.0	15.1999998093	0.620327339948	1.0	1
1.0	15599.0371094	19.0	5.0	8344.18554688	8.0	6.0	102.619999647	0.0	0.982109487057	-0.129223138094	-0.136975616217	2.49499411486	25.4688699759	-55.2304496765	69.7127532959	-42.4551467896	0.981608039696	10.0	7.36000013351	100.35999918	6.0	17.9200000763	0.999981616066	1.0	1
1.0	4570.86669922	3.0	2.0	596.703979492	1.0	1.0	17.0599999428	0.0	0.084897197783	0.953449964523	-0.289353847504	20.7767949397	0.0	-63.7655487061	63.772151947	-19.3006515503	0.822909391565	1.0	8.92000007629	12.8199996948	2.0	22.6800003052	0.910605047976	1.0	1
1.0	8394.10058594	6.0	2.0	3636.63354492	6.0	4.0	51.7600007057	0.0	0.0849857479334	0.953450918198	-0.28932467103	34.4966344108	2.06188025527	-66.7207946777	58.9585990906	-29.6575508118	0.893610613393	4.0	4.88000011444	44.8000001907	4.0	10.8800001144	0.999489119559	1.0	1
1.0	5512.37304688	2.0	1.0	2160.48193359	3.0	3.0	25.1200003624	0.0	0.0849936157465	0.95344209671	-0.289351463318	2.86606279983	15.0460396152	-58.496799469	71.1379547119	-25.4203491211	0.880772505581	2.0	8.92000007629	27.3599996567	2.0	9.31999969482	0.739030640734	1.0	1
1.0	6310.84326172	8.0	4.0	4756.94189453	4.0	3.0	89.7584002018	0.0	0.98211479187	-0.129120379686	-0.137034356594	46.2218091389	0.0	-66.0806503296	62.5206985474	-0.131388753653	0.847504307071	2.0	1.0	13.5600004196	3.0	17.9200000763	0.997501804132	1.0	1
1.0	2284.66992188	11.0	4.0	5027.74121094	5.0	4.0	77.3184001446	0.0	0.98211479187	-0.129120379686	-0.137034356594	46.2218091389	0.0	-66.0806503296	62.5206985474	-0.131388753653	0.847504307071	4.0	1.0	34.5600004196	3.0	17.9200000763	0.866703783803	1.0	1
1.0	6884.05175781	7.0	3.0	5146.68310547	5.0	3.0	100.999999762	0.0	0.98211479187	-0.129120379686	-0.137034356594	46.2218091389	0.0	-66.0806503296	62.5206985474	-0.131388753653	0.847504307071	6.0	1.0	56.279999733	6.0	17.9200000763	0.999628969817	1.0	1
1.0	4249.19580078	2.0	1.0	696.218994141	1.0	1.0	6.67999982834	0.0	-0.998193264008	0.0286220423877	-0.0528301931918	2.52914797409	0.0	-60.6231002808	63.6643981934	-17.6663513184	0.852811307557	2.0	18.7000007629	29.1400003433	0.0	20.8799991608	-1.0	0.0	1
1.0	9844.03027344	21.0	5.0	5928.28173828	9.0	6.0	68.3999993801	0.0	0.998190879822	-0.0287127606571	0.0528251230717	1.02034336472	46.2903347555	-44.7702484131	88.3745498657	-10.9371500015	0.829967196212	8.0	1.36000001431	79.8399991989	2.0	13.6000003815	0.980087272818	1.0	1
1.0	3725.68798828	15.0	1.0	824.785888672	4.0	1.0	0.0	10.0	0.0	0.0	0.0	0.0	0.0	0.0	0.0	0.0	2.0	1.0	17.4200000763	9.19999980927	0.0	17.4200000763	0.0927865382179	1.0	1
1.0	12945.5908203	22.0	5.0	5342.97265625	11.0	5.0	63.4000000954	0.0	0.0411589331925	0.994547247887	-0.0958211794496	30.4920021221	41.362545036	-55.975151062	72.5967483521	-12.7349500656	0.865416892245	7.0	4.42000007629	76.5600004196	1.0	4.42000007629	0.99974535333	1.0	1
1.0	4270.33105469	3.0	1.0	881.963867188	1.0	1.0	6.67999982834	0.0	-0.998193264008	0.0286220423877	-0.0528301931918	2.52914797409	0.0	-60.6231002808	63.6643981934	-17.6663513184	0.852811307557	3.0	11.5600004196	39.3200011253	0.0	22.3600006104	0.158182015815	1.0	1
1.0	8802.72460938	7.0	2.0	1971.17736816	5.0	3.0	37.4799993038	0.0	0.04126804322	0.994553148746	-0.0957128852606	41.8579870564	0.0	-67.7939987183	44.9374504089	-20.3661994934	0.524772845765	5.0	14.3000001907	82.6599988937	2.0	18.3799991608	0.984967301726	1.0	1
1.0	5375.72070312	6.0	1.0	1121.29138184	3.0	1.0	1.05280005932	0.0	0.0412672683597	0.994542896748	-0.0958199575543	1.72304204554	1.93517964996	-60.0200004578	65.9150543213	-17.8575496674	0.499415276036	2.0	23.4599990845	36.0000009537	0.0	25.0799999237	0.670087082424	1.0	1
1.0	7320.98730469	7.0	2.0	3774.04199219	8.0	5.0	58.0528007746	0.0	0.0412672683597	0.994542896748	-0.0958199575543	1.72304204554	37.6301153103	-60.0200004578	65.9150543213	-17.8575496674	0.499415276036	8.0	1.01999998093	91.9600014687	1.0	1.01999998093	0.967781155702	1.0	1
1.0	3947.25708008	3.0	1.0	193.326293945	2.0	1.0	0.0	10.0	0.0	0.0	0.0	0.0	0.0	0.0	0.0	0.0	2.0	2.0	17.4200000763	22.720000267	0.0	22.3600006104	0.0354343581079	1.0	1
1.0	8817.18554688	10.0	3.0	2108.63818359	5.0	4.0	59.0999991894	0.0	0.04126804322	0.994553148746	-0.0957128852606	24.9180448765	0.0	-67.7939987183	44.9374504089	-20.3661994934	0.524772845765	7.0	14.3000001907	107.13999939	2.0	18.3799991608	0.996172546977	1.0	1
1.0	3977.43994141	1.0	0.0	912.666015625	1.0	0.0	0.0	10.0	0.0	0.0	0.0	0.0	0.0	0.0	0.0	0.0	2.0	0.0	0.0	0.0	0.0	0.0	0.000206200179832	0.0	1
1.0	13009.2207031	13.0	3.0	3954.6159668	9.0	2.0	19.8999996185	0.0	-0.0289058275521	0.963135540485	-0.267459183931	3.93985970785	37.7668062971	-63.4383468628	72.7519989014	-16.6631507874	0.139113844836	4.0	8.53999996185	39.8799996376	0.0	17.5	0.999825437959	1.0	1
1.0	10086.8046875	22.0	1.0	4395.18945312	7.0	1.0	13.3199996948	0.0	-0.999503552914	-0.0310958735645	-0.00506351143122	8.11109074327	29.7179394012	-61.0970993042	78.1833496094	-25.4385986328	0.0329638389687	1.0	5.17999982834	5.92000007629	1.0	5.17999982834	0.997035458722	1.0	1
1.0	10618.5869141	19.0	3.0	8934.91113281	10.0	5.0	57.7800006866	0.0	0.0289058275521	-0.963135540485	0.267459183931	15.8623255023	31.9432573489	-63.4383468628	72.7519989014	-16.6631507874	0.139113844836	5.0	9.93999958038	59.1795991659	3.0	21.4799995422	0.999611622109	1.0	1
1.0	5616.56298828	3.0	2.0	2088.63964844	3.0	2.0	19.7600002289	0.0	0.999507129192	0.030987797305	0.00502392556518	0.987287745206	1.73160043733	-61.1365013123	76.7266998291	-7.5128698349	0.21578185373	2.0	2.79999995232	23.4199991226	1.0	21.4799995422	0.746710617629	1.0	1
1.0	10640.4462891	6.0	2.0	2883.33544922	2.0	2.0	31.4800002575	0.0	-0.0289053600281	0.963119924068	-0.267515331507	3.60083379897	13.1855466217	-61.622253418	75.9937973022	-4.39585018158	0.25480800886	8.0	5.34000015259	112.799998283	2.0	21.0799999237	0.999697931507	1.0	1
1.0	6861.95605469	5.0	2.0	2451.42236328	4.0	3.0	40.3200001717	0.0	0.999507129192	0.030987797305	0.00502392556518	0.987287745206	16.2918728198	-61.1365013123	76.7266998291	-7.5128698349	0.21578185373	7.0	2.79999995232	65.7599987984	1.0	9.65999984741	0.967086692862	1.0	1
1.0	11202.7783203	5.0	2.0	2354.14526367	4.0	3.0	43.6000002623	0.0	-0.0289053600281	0.963119924068	-0.267515331507	8.47193902182	13.1855466217	-61.622253418	75.9937973022	-4.39585018158	0.25480800886	8.0	5.76000022888	89.8999986649	1.0	9.65999984741	0.999960472553	1.0	1
1.0	4821.34814453	2.0	1.0	68.7580032349	1.0	1.0	12.9000000954	0.0	0.0289058275521	-0.963135540485	0.267459183931	15.8623255023	1.39510037942	-63.4383468628	72.7519989014	-16.6631507874	0.139113844836	2.0	8.53999996185	17.5799999237	0.0	9.93999958038	0.141858855038	1.0	1
1.0	11071.3984375	8.0	4.0	2502.54174805	3.0	2.0	71.5199999809	0.0	-0.999503552914	-0.0310958735645	-0.00506351143122	8.11109074327	20.8280860759	-61.0970993042	78.1833496094	-25.4385986328	0.0329638389687	14.0	2.79999995232	127.179598689	3.0	18.5	0.998185175171	1.0	1
1.0	4394.69238281	2.0	1.0	1829.57592773	1.0	1.0	17.5599999428	0.0	-0.0131471641362	0.976927161217	-0.213167607784	1.85582109055	6.70801864063	-67.783996582	60.6386489868	-11.3556995392	0.586428556811	9.0	3.66000008583	56.7999992371	7.0	14.9200000763	-1.0	0.0	1
1.0	11283.1630859	9.0	2.0	3920.75024414	5.0	3.0	56.8043999672	0.0	0.997142374516	0.0	-0.075545437634	36.4608980454	23.2312898865	-67.3084487915	59.2788009644	-11.0936498642	0.0876400644041	12.0	3.33999991417	145.340000629	8.0	19.9799995422	0.983818866925	1.0	1
1.0	8322.8125	13.0	4.0	2056.36889648	5.0	2.0	29.9200005531	0.0	0.0130389360711	-0.976933658123	0.213144674897	33.1162413756	40.1352320806	-69.8470535278	56.1841011047	-15.0248003006	0.427836145409	3.0	14.3800001144	38.0199995041	3.0	21.0200004578	0.747019941288	1.0	1
1.0	12577.3164062	10.0	2.0	4181.83886719	9.0	4.0	118.414398804	0.0	0.997138798237	0.0	-0.0755920708179	55.5242555428	26.818432847	-71.7689971924	48.1663017273	6.08683490753	0.770358369239	6.0	4.96000003815	87.8599984646	5.0	21.2000007629	0.997741802807	1.0	1
1.0	4394.69238281	2.0	1.0	1643.09997559	1.0	1.0	17.5599999428	0.0	-0.0131471641362	0.976927161217	-0.213167607784	1.85582109055	6.70801864063	-67.783996582	60.6386489868	-11.3556995392	0.586428556811	5.0	3.66000008583	30.7399992943	4.0	14.9200000763	0.145353920631	1.0	1
1.0	8400.89355469	5.0	2.0	4042.43115234	5.0	2.0	0.154400005937	0.0	-0.0130389360711	0.976933658123	-0.213144674897	7.35903157287	39.8400321445	-69.8470535278	56.1841011047	-15.0248003006	0.414560559948	4.0	14.0	47.5599994659	1.0	18.3799991608	0.987634090264	1.0	1
1.0	3776.51513672	3.0	2.0	2033.50634766	4.0	4.0	28.1199998856	0.0	-0.997138798237	0.0	0.0755920708179	30.3109373411	3.24058152284	-71.7689971924	48.1663017273	6.08683490753	0.770358369239	15.0	3.33999991417	127.059999943	12.0	23.2399997711	0.837093908352	1.0	1
1.0	9629.99316406	6.0	3.0	5190.65185547	5.0	4.0	156.694399491	0.0	0.0130389360711	-0.976933658123	0.213144674897	33.1162413756	26.7273869364	-69.8470535278	56.1841011047	-15.0248003006	0.414560559948	16.0	3.66000008583	162.638397979	11.0	23.2399997711	0.974274722482	1.0	1
1.0	7418.68847656	5.0	2.0	4436.93847656	5.0	5.0	50.8000001907	0.0	0.99713408947	0.0	-0.0756542831659	2.05857545452	34.6677796021	-61.801651001	72.5223999023	-11.2131004333	0.330938146971	13.0	3.33999991417	123.378400849	8.0	21.2000007629	0.725234957385	1.0	1
1.0	10982.5839844	7.0	4.0	3838.06103516	5.0	5.0	178.538800374	0.0	0.99713820219	0.0	-0.0755999609828	62.6036042184	16.1288188368	-72.9536514282	46.4314002991	1.75492501259	0.814668479302	19.0	3.33999991417	203.798399257	11.0	23.2399997711	0.984395789647	1.0	1
1.0	4866.72998047	1.0	1.0	1016.85864258	1.0	1.0	10.6400003433	0.0	0.00915778893977	-0.994012832642	0.10887876153	1.89273836337	1.92293745229	-68.3856964111	61.5594024658	-18.6891002655	0.62217460427	1.0	7.17999982834	3.11999988556	1.0	19.3999996185	-1.0	0.0	1
1.0	13549.9052734	14.0	3.0	5684.63378906	9.0	5.0	125.659999609	0.0	-0.00915053486824	0.994015038013	-0.108859449625	57.3315728342	0.0	-76.4897003174	33.8849029541	4.0114402771	0.585426899208	9.0	6.76000022888	109.430348635	3.0	17.0599994659	0.975948163759	1.0	1
1.0	1527.10998535	8.0	0.0	1431.85876465	4.0	0.0	0.0	10.0	0.0	0.0	0.0	0.0	0.0	0.0	0.0	0.0	2.0	0.0	0.0	0.0	0.0	0.0	0.000206200179832	1.0	1
1.0	12419.1777344	14.0	1.0	5414.03222656	9.0	3.0	38.92000103	0.0	0.00915778893977	-0.994012832642	0.10887876153	65.5396672907	34.5616632403	-68.3856964111	61.5594024658	-18.6891002655	0.62217460427	1.0	7.17999982834	3.11999988556	1.0	19.3999996185	0.997051023227	1.0	1
1.0	7574.73828125	6.0	1.0	1673.5604248	4.0	3.0	54.140000701	0.0	0.994893431664	0.0	-0.100930772722	2.21931709978	25.2002004864	-62.0437011719	58.0974998474	-42.4776992798	0.142419674706	4.0	9.15999984741	49.6903488636	2.0	17.0599994659	0.991101371804	1.0	1
1.0	6646.10253906	6.0	2.0	1470.72277832	4.0	2.0	26.7000007629	2.27107467302	0.286014705896	0.477880954742	0.830557346344	39.3189831408	3.10403621253	-75.1495056152	46.7276000977	0.104319930077	0.744953115366	2.0	16.8799991608	28.4903490543	1.0	17.0599994659	0.974924807137	1.0	1
1.0	6952.03662109	7.0	3.0	3079.79931641	3.0	2.0	60.7400010824	0.0	0.994902431965	0.0	-0.100842297077	3.05662362842	43.4478196069	-60.7082977295	69.915397644	-26.6644496918	0.101012307364	4.0	7.17999982834	43.1903498173	2.0	19.3999996185	0.9804776142	1.0	1
1.0	8560.50878906	8.0	2.0	1220.48657227	3.0	3.0	51.9399991035	0.0	-0.00915053486824	0.994015038013	-0.108859449625	53.7475446453	0.0	-76.4897003174	33.8849029541	4.0114402771	0.585426899208	5.0	9.15999984741	69.550349474	2.0	17.0599994659	0.997051023442	1.0	1
1.0	4905.28808594	2.0	1.0	1016.85864258	1.0	1.0	10.6400003433	0.0	0.00915778893977	-0.994012832642	0.10887876153	1.89273836337	1.92293745229	-68.3856964111	61.5594024658	-18.6891002655	0.62217460427	1.0	7.17999982834	3.11999988556	1.0	19.3999996185	0.177400085342	1.0	1
1.0	2296.62573242	7.0	2.0	351.896484375	3.0	2.0	11.6200003624	0.0	-0.994893431664	0.0	0.100930772722	36.2427938325	25.7233881853	-62.0437011719	58.0974998474	-42.4776992798	0.176942738929	1.0	10.2600002289	9.76000022888	0.0	10.2600002289	0.984968383839	1.0	1
1.0	3854.375	1.0	1.0	1405.66101074	1.0	1.0	10.3999996185	0.0	-0.0473524518311	0.972093582153	-0.229764610529	10.1055998143	0.0	-73.6902008057	56.5247001648	-7.36674976349	0.391651687756	0.0	0.0	0.0	1.0	11.8000001907	-1.0	0.0	1
1.0	8278.65527344	14.0	6.0	5750.33203125	10.0	6.0	82.0399999619	0.0	0.0472577698529	-0.97210162878	0.22975024581	0.0	42.0536306337	-59.056350708	86.8283538818	-10.2978000641	0.331972679061	6.0	6.09999990463	57.3200011253	1.0	9.61999988556	0.998696699631	1.0	1
1.0	4284.41308594	3.0	0.0	1596.60498047	1.0	0.0	0.0	10.0	0.0	0.0	0.0	0.0	0.0	0.0	0.0	0.0	2.0	0.0	0.0	0.0	0.0	0.0	0.000206200179832	1.0	1
1.0	16489.4472656	12.0	5.0	7774.21435547	14.0	6.0	73.740000844	0.0	0.0472523868084	-0.972098529339	0.229764446616	4.94533843959	36.394655462	-63.704750061	70.6636962891	-9.50422000885	0.65840024722	10.0	7.55999994278	117.919999599	3.0	31.2999992371	0.999999958823	1.0	1
1.0	4220.15136719	3.0	1.0	3097.21606445	2.0	1.0	10.3999996185	0.0	-0.0473524518311	0.972093582153	-0.229764610529	10.1055998143	19.4910672115	-73.6902008057	56.5247001648	-7.36674976349	0.391651687756	0.0	0.0	0.0	1.0	11.8000001907	0.389599701301	1.0	1
1.0	9750.55566406	6.0	4.0	4088.39404297	6.0	6.0	101.299999595	0.0	0.0473567210138	-0.972102344036	0.229726806283	5.38967026249	29.9465561807	-63.7146987915	68.1845016479	-12.151599884	0.150933559132	5.0	7.17999982834	69.5200004578	2.0	18.5799999237	0.999165125134	1.0	1
1.0	4013.88647461	3.0	2.0	3087.44213867	3.0	2.0	40.6199998856	0.0	-0.0472565069795	0.972079515457	-0.229844048619	6.70136626765	26.7678218005	-72.6461486816	52.8416519165	-11.3874502182	0.440597259184	1.0	17.1599998474	17.4400005341	0.0	17.1599998474	0.59511338475	1.0	1
1.0	9153.06054688	4.0	2.0	3224.79077148	5.0	4.0	64.1400003433	0.0	-0.998331904411	-0.0337432697415	0.0468482747674	1.06086689644	32.4975621461	-70.3184509277	55.4832000732	-16.9649505615	0.655056903021	1.0	17.1599998474	17.4400005341	1.0	18.5799999237	0.987691883483	1.0	1
1.0	10528.4990234	4.0	3.0	3321.1105957	5.0	4.0	93.3799997568	0.0	-0.0473567210138	0.972102344036	-0.229726806283	2.67332093382	38.3728904825	-63.7146987915	68.1845016479	-12.151599884	0.880346512591	4.0	7.55999994278	52.4800004959	1.0	18.5799999237	0.99956956776	1.0	1
1.0	9781.82714844	5.0	4.0	4478.64501953	5.0	5.0	71.8800002337	0.0	0.0473567210138	-0.972102344036	0.229726806283	5.38967026249	29.9465561807	-63.7146987915	68.1845016479	-12.151599884	0.150933559132	6.0	7.17999982834	68.1400003433	1.0	18.5799999237	0.997719776708	1.0	1
1.0	4321.328125	1.0	0.0	1489.13000488	1.0	0.0	0.0	10.0	0.0	0.0	0.0	0.0	0.0	0.0	0.0	0.0	2.0	0.0	0.0	0.0	0.0	0.0	0.000206200179832	0.0	1
1.0	14965.7783203	17.0	6.0	7747.72998047	6.0	6.0	96.3400007486	0.0	-0.993542850018	-0.113424226642	-0.00275335647166	36.7881833068	13.9331514098	-68.9116973877	62.6255493164	7.72560977936	0.781607414228	11.0	8.35999965668	128.506399274	3.0	21.7600002289	0.999813333516	1.0	1
1.0	6545.35498047	7.0	2.0	2228.54199219	4.0	1.0	18.9400005341	0.0	0.993543982506	0.113414302468	0.00275353901088	2.44989822692	29.9482657295	-66.9406509399	65.6811523438	-14.0043506622	0.452344678183	1.0	20.2000007629	22.5599994659	1.0	20.2000007629	0.193049652648	1.0	1
1.0	13969.2705078	17.0	5.0	8104.53564453	8.0	8.0	114.400001407	0.0	0.993542850018	0.113424226642	0.00275335647166	55.2899260258	18.3627484408	-68.9116973877	62.6255493164	7.72560977936	0.781607414228	12.0	8.35999965668	187.066399693	2.0	20.2000007629	0.995454254915	1.0	1
1.0	5249.0546875	8.0	3.0	2970.26953125	5.0	2.0	42.0200004578	0.0	-0.993542850018	-0.113424226642	-0.00275293295272	37.4458741273	22.683939076	-73.9443969727	47.6186485291	-15.803850174	0.90247038499	1.0	31.3600006104	30.7199993134	0.0	31.3600006104	0.420440404264	1.0	1
1.0	4034.25317383	7.0	2.0	3462.20019531	3.0	1.0	30.4000000954	0.0	0.993542850018	0.113424226642	0.00275293295272	23.8561052327	33.2935181377	-71.7198944092	48.2099494934	-26.2906494141	0.898049737438	0.0	0.0	0.0	1.0	21.7600002289	0.97300151266	1.0	1
1.0	4533.02294922	10.0	3.0	3352.07983398	5.0	3.0	57.1800012589	0.0	0.993542850018	0.113424226642	0.00275293295272	38.1337926354	1.70185675984	-73.9443969727	47.6186485291	-15.803850174	0.0524225004566	1.0	32.2599983215	32.0400009155	0.0	32.2599983215	0.910535140136	1.0	1
1.0	8149.60449219	10.0	5.0	3623.17651367	6.0	3.0	132.680002451	0.0	-0.993543982506	-0.113414302468	-0.00275311549194	44.6338551688	18.5618982199	-67.9261474609	64.1533508301	-3.13937997818	0.261251559156	5.0	12.9600000381	113.78000164	2.0	21.7600002289	0.993222458609	1.0	1
1.0	6678.45458984	4.0	1.0	2086.73730469	4.0	2.0	15.8399999142	0.0	0.993542850018	0.113424226642	0.00275293295272	34.1331543787	1.70185675984	-73.9443969727	47.6186485291	-15.803850174	0.0524225004566	2.0	31.3600006104	62.7600002289	0.0	32.2599983215	0.878354797394	1.0	1
1.0	7107.66357422	7.0	3.0	3939.89233398	5.0	3.0	96.5000023842	0.0	0.993542850018	0.113424226642	0.00275293295272	34.1331543787	1.70185675984	-73.9443969727	47.6186485291	-15.803850174	0.0524225004566	4.0	20.2000007629	110.879999161	1.0	20.2000007629	0.986320986422	1.0	1
1.0	4561.85351562	1.0	0.0	2030.59594727	1.0	0.0	0.0	10.0	0.0	0.0	0.0	0.0	0.0	0.0	0.0	0.0	2.0	0.0	0.0	0.0	0.0	0.0	0.000206200179832	0.0	1
1.0	17740.8105469	11.0	4.0	11306.6689453	6.0	4.0	78.5999999046	0.0	0.992685258389	-0.0704874172807	-0.0980180874467	4.48729875219	40.8064560794	-59.4401473999	70.8491973877	-21.2712516785	0.250076095411	6.0	5.92000007629	54.7399997711	3.0	23.8999996185	0.999085252473	1.0	1
1.0	3028.98583984	4.0	2.0	4883.02441406	4.0	2.0	28.1803993713	0.0	0.0588473677635	0.984724998474	-0.163870826364	1.81699700488	19.2844299569	-56.7248497009	70.512802124	0.968222022057	0.157198549958	2.0	7.53999996185	12.6600003242	0.0	7.53999996185	0.288629398014	1.0	1
1.0	10919.2871094	13.0	4.0	11173.3242188	5.0	3.0	103.300400687	0.0	0.992688417435	-0.0704804733396	-0.0979906246066	6.35203692602	32.2664135825	-59.3958511353	70.1940994263	1.31313502789	0.923596513311	9.0	7.53999996185	106.539999485	0.0	24.7999992371	0.971243022968	1.0	1
1.0	10346.5058594	5.0	3.0	6527.65234375	4.0	3.0	66.2000002861	0.0	0.992685258389	-0.0704874172807	-0.0980180874467	4.48729875219	39.284365893	-59.4401473999	70.8491973877	-21.2712516785	0.250076095411	1.0	9.96000003815	11.9200000763	2.0	23.8999996185	0.999733602971	1.0	1
1.0	10316.8017578	6.0	4.0	6932.54492188	6.0	5.0	100.420000315	0.0	-0.0588473677635	-0.984724998474	0.163870826364	2.07597101723	17.7534086691	-56.7248497009	70.512802124	0.968222022057	0.142397044675	8.0	7.53999996185	91.3800005913	1.0	23.8999996185	0.99952837978	1.0	1
1.0	5599.93408203	4.0	3.0	1427.23486328	5.0	4.0	68.5403999817	0.0	0.992688238621	-0.0704837888479	-0.0979902520776	21.4393704279	11.6357758026	-71.6722488403	46.6500015259	-7.06306505203	0.140863434274	5.0	7.53999996185	61.57999897	0.0	24.7999992371	0.837019050404	1.0	1
1.0	9016.65917969	8.0	5.0	7292.21875	4.0	3.0	106.400400592	0.0	0.0587511919439	0.98472994566	-0.163875535131	6.34494721079	26.8679996458	-64.6443939209	64.170501709	-9.13813018799	0.126441442805	9.0	7.53999996185	106.539999485	0.0	24.7999992371	0.99310868786	1.0	1
1.0	2494.92797852	2.0	1.0	1931.57861328	1.0	1.0	3.30039997213	0.0	-0.0588473677635	-0.984724998474	0.163870826364	2.07597101723	8.00713538854	-56.7248497009	70.512802124	0.968222022057	0.157198549958	3.0	7.53999996185	28.6399993896	0.0	14.6999998093	0.0399688969654	1.0	1
1.0	10167.109375	7.0	5.0	7082.23535156	4.0	3.0	95.1799998283	0.0	0.0587511919439	0.98472994566	-0.163875535131	6.34494721079	26.8679996458	-64.6443939209	64.170501709	-9.13813018799	0.126441442805	8.0	7.59999990463	95.3999996185	0.0	24.7999992371	0.997558172175	1.0	1
1.0	4265.98876953	1.0	1.0	2101.53295898	1.0	1.0	10.6999998093	2.53405408603	0.222955837846	0.787080228329	0.575148105621	5.84275889782	1.75333365113	-76.0264511108	51.4559020996	-8.19245529175	0.751924827434	0.0	0.0	0.0	0.0	0.0	-1.0	0.0	2
1.0	7524.16796875	5.0	3.0	2970.04248047	6.0	5.0	106.980000496	0.0	0.0584668405354	0.98731648922	-0.14760671556	62.164837057	2.15643935349	-75.5373001099	43.3164978027	7.21994495392	0.873501014165	3.0	10.0600004196	21.4404002428	4.0	25.4200000763	0.979143445914	1.0	2
1.0	4380.43066406	1.0	1.0	2906.44604492	2.0	1.0	10.6999998093	2.53405408603	0.222955837846	0.787080228329	0.575148105621	5.84275889782	1.75333365113	-76.0264511108	51.4559020996	-8.19245529175	0.751924827434	0.0	0.0	0.0	0.0	0.0	0.304743079989	1.0	2
1.0	6563.49023438	6.0	3.0	4130.62109375	9.0	5.0	62.9599995613	0.0	0.0584605969489	0.987319290638	-0.147590696812	40.1159405051	0.0	-75.9916000366	38.2074508667	3.49462509155	0.622033106201	4.0	12.4799995422	36.7803999186	5.0	25.3199996948	0.987269041554	1.0	2
1.0	5502.43652344	5.0	2.0	4418.14501953	5.0	4.0	40.240000248	0.0	0.0584608726203	0.9873239398	-0.147559404373	28.509749677	1.77771741947	-69.6343994141	55.0707473755	14.2395496368	0.463661027732	1.0	10.0600004196	10.0600004196	1.0	25.3199996948	0.705588837575	1.0	2
1.0	2076.75024414	5.0	2.0	2551.07519531	7.0	3.0	49.9600000381	0.0	0.0584562085569	0.987319588661	-0.147590383887	1.77770397237	35.9620325492	-61.149597168	74.4148483276	-3.93843507767	0.684299938659	1.0	12.4799995422	1.14040005207	2.0	12.4799995422	0.718221710173	1.0	2
1.0	6144.01367188	6.0	3.0	5702.60742188	7.0	4.0	69.6735999584	0.0	-0.997891247272	0.0560442395508	0.0327424556017	0.0	35.6747184274	-63.1053009033	69.6464538574	-9.15065479279	0.300164031342	3.0	15.1000003815	62.1599998474	3.0	25.3199996948	0.985904958561	1.0	2
1.0	4502.00341797	2.0	2.0	2334.4609375	2.0	2.0	24.0199999809	2.53405408603	0.222955837846	0.787080228329	0.575148105621	5.84275889782	1.75333365113	-76.0264511108	51.4559020996	-8.19245529175	0.751924827434	0.0	0.0	0.0	0.0	0.0	0.0839764062814	1.0	2
1.0	6402.24951172	5.0	2.0	3890.49267578	8.0	5.0	40.9800009727	0.0	-0.997896373272	0.055937372148	0.0327693521976	0.979461515049	35.0927318566	-64.1703491211	71.6399002075	-15.3939495087	0.846300392354	4.0	19.5200004578	61.9199986458	2.0	25.4200000763	0.97536649594	1.0	2
1.0	4594.1171875	1.0	1.0	1909.21203613	1.0	1.0	7.05999994278	0.0	0.995600342751	-0.093538582325	0.00552714802325	2.33917467787	0.0	-68.3860015869	58.7004470825	-8.13883972168	0.330847458281	1.0	25.7199993134	23.6000003815	1.0	25.7199993134	-1.0	0.0	2
1.0	10290.7207031	3.0	1.0	2941.23779297	2.0	1.0	3.31999993324	2.85508664937	0.59550011158	0.697689771652	-0.398256927729	44.9617926001	28.5319356603	-71.4590988159	54.8365020752	-4.7613401413	0.543602969699	0.0	0.0	0.0	0.0	0.0	0.999999864285	1.0	2
1.0	5348.56347656	4.0	1.0	1775.06103516	1.0	1.0	7.05999994278	0.0	0.995600342751	-0.093538582325	0.00552714802325	2.33917467787	0.0	-68.3860015869	58.7004470825	-8.13883972168	0.330847458281	1.0	25.7199993134	23.6000003815	1.0	25.7199993134	0.66637798263	1.0	2
1.0	4063.05981445	6.0	1.0	972.637023926	1.0	1.0	10.8000001907	4.06428347833	0.136514544487	0.0338894985616	-0.990058243275	49.5733359982	0.0	-74.2534942627	38.3069992065	-8.53512763977	0.521599221933	0.0	0.0	0.0	0.0	0.0	0.995483113332	1.0	2
1.0	5297.84130859	2.0	1.0	2342.76318359	1.0	1.0	7.05999994278	0.0	0.995600342751	-0.093538582325	0.00552714802325	2.33917467787	29.1428315873	-68.3860015869	58.7004470825	-8.13883972168	0.330847458281	1.0	25.7199993134	23.6000003815	1.0	25.7199993134	0.370425358108	1.0	2
1.0	9074.20019531	3.0	1.0	2208.61206055	1.0	1.0	7.05999994278	0.0	0.995600342751	-0.093538582325	0.00552714802325	39.6498961018	29.1428315873	-68.3860015869	58.7004470825	-8.13883972168	0.330847458281	1.0	25.7199993134	23.6000003815	1.0	25.7199993134	0.999069854596	1.0	2
1.0	5584.02050781	3.0	1.0	1909.21203613	1.0	1.0	7.05999994278	0.0	0.995600342751	-0.093538582325	0.00552714802325	2.33917467787	0.0	-68.3860015869	58.7004470825	-8.13883972168	0.330847458281	1.0	25.7199993134	23.6000003815	1.0	25.7199993134	0.420453261552	1.0	2
1.0	12054.1425781	5.0	1.0	1177.81604004	2.0	2.0	42.5000009537	0.0	0.995599985123	-0.0935421735048	0.0055271461606	30.9065646379	18.1482220738	-55.2780990601	82.4374542236	-8.36916923523	0.591698553191	2.0	11.1800003052	26.5	2.0	23.0799999237	0.999999970977	1.0	2
1.0	9769.49609375	5.0	0.0	744.265014648	1.0	0.0	0.0	10.0	0.0	0.0	0.0	0.0	0.0	0.0	0.0	0.0	2.0	0.0	0.0	0.0	0.0	0.0	0.000206200179832	1.0	2
1.0	3885.02294922	1.0	1.0	3054.87744141	1.0	1.0	2.63960003853	0.0	-0.688959121704	0.71598315239	-0.112709738314	20.2895233265	2.1072500217	-72.7328033447	53.7346496582	-4.49450492859	0.674174470689	1.0	4.28000020981	1.58000004292	1.0	4.28000020981	-1.0	0.0	2
1.0	7057.55957031	10.0	6.0	5771.81054688	5.0	3.0	84.3019987792	0.0	-0.999344468117	0.0346922315657	0.010345403105	0.0	37.9009129913	-61.0541000366	73.4417495728	-28.0134010315	0.409980599507	5.0	5.53999996185	59.1800003052	2.0	18.3199996948	0.966972626648	1.0	2
1.0	3801.4753418	4.0	3.0	1448.81896973	2.0	2.0	19.0199995041	0.0	0.99934732914	-0.0346106700599	-0.010345431976	7.46210822026	31.3406441732	-59.7439002991	76.7703018188	-21.368598938	0.750317617868	2.0	5.53999996185	17.8400001526	1.0	5.53999996185	0.677227429901	1.0	2
1.0	8798.50488281	4.0	2.0	1680.54370117	2.0	1.0	42.3199987411	0.0	0.999347448349	-0.0346072688699	-0.0103471344337	19.5323270986	6.65908452816	-70.3733062744	61.6000976562	-20.3794994354	0.134053728285	0.0	0.0	0.0	1.0	20.1599998474	0.993558160871	1.0	2
1.0	3871.17431641	3.0	3.0	2941.85913086	1.0	1.0	15.2995998859	0.0	-0.688959121704	0.71598315239	-0.112709738314	18.8689672796	2.1072500217	-72.7328033447	53.7346496582	-4.49450492859	0.674174470689	4.0	4.28000020981	35.0800000429	1.0	4.28000020981	0.195215865574	1.0	2
1.0	5759.46044922	5.0	3.0	6111.04394531	4.0	2.0	61.099599123	0.0	0.999347448349	-0.0346072688699	-0.0103471344337	2.38184028426	34.2024306573	-70.3733062744	61.6000976562	-20.3794994354	0.134053728285	5.0	4.28000020981	50.8999997377	3.0	20.1599998474	0.996573597718	1.0	2
1.0	3722.69677734	3.0	0.0	583.747009277	2.0	0.0	0.0	10.0	0.0	0.0	0.0	0.0	0.0	0.0	0.0	0.0	2.0	0.0	0.0	0.0	0.0	0.0	0.000206200179832	1.0	2
1.0	10716.4042969	7.0	5.0	5771.81054688	5.0	3.0	98.3015984744	0.0	-0.999344468117	0.0346922315657	0.010345403105	0.0	37.9009129913	-61.0541000366	73.4417495728	-28.0134010315	0.409980599507	6.0	4.28000020981	60.7600003481	4.0	20.1599998474	0.999635112523	1.0	2
1.0	9131.61914062	4.0	2.0	4125.94140625	3.0	1.0	15.9596002102	0.0	-0.688959121704	0.71598315239	-0.112709738314	35.0661060917	27.943393114	-72.7328033447	53.7346496582	-4.49450492859	0.674174470689	1.0	4.28000020981	1.58000004292	1.0	4.28000020981	0.841436607499	1.0	2
1.0	10414.4189453	4.0	1.0	4457.07617188	3.0	1.0	15.9816002101	0.0	0.0335070192814	0.98469799757	-0.1710177809	34.8232629259	27.2607017904	-73.2561035156	54.8413009644	-4.67754983902	0.0701415773848	1.0	4.28000020981	1.58000004292	2.0	18.3199996948	0.998339199485	1.0	2
1.0	3112.90991211	1.0	0.0	1254.98266602	1.0	0.0	0.0	10.0	0.0	0.0	0.0	0.0	0.0	0.0	0.0	0.0	2.0	0.0	0.0	0.0	0.0	0.0	0.000206200179832	0.0	2
1.0	8349.63476562	7.0	3.0	3140.61474609	6.0	6.0	107.180001259	0.0	0.046194318682	0.99374961853	-0.101625815034	23.1223733396	22.1838797084	-60.7544021606	71.1535491943	-13.3607997894	0.547841269385	5.0	4.05999994278	37.060000062	3.0	22.7600002289	0.997260614677	1.0	2
1.0	6133.88720703	5.0	2.0	2868.9777832	4.0	1.0	18.4000000954	2.6937501664	0.056131016463	0.0547936148942	-0.996918737888	0.0	0.0	-61.6991500854	68.3974990845	2.02698493004	0.341099530382	0.0	0.0	0.0	0.0	0.0	0.91471526531	1.0	2
1.0	4640.16796875	5.0	2.0	634.768005371	2.0	1.0	0.0	10.0	0.0	0.0	0.0	0.0	0.0	0.0	0.0	0.0	2.0	1.0	20.7999992371	12.6800003052	1.0	22.0400009155	0.968479353418	1.0	2
1.0	8993.84179688	6.0	2.0	2329.54296875	3.0	3.0	73.8000006676	0.0	-0.998026072979	0.0331840477884	-0.05331736058	48.6938902522	1.77282280161	-73.8143005371	48.0302009583	-8.70927429199	0.433606253545	1.0	5.01999998093	1.12000000477	2.0	22.7600002289	0.998808389695	1.0	2
1.0	7301.14648438	7.0	4.0	4189.10302734	5.0	3.0	84.6599998474	0.0	0.998023092747	-0.0332690142095	0.0533209592104	3.5386177432	11.6850495757	-63.7311515808	67.7081451416	-13.1490497589	0.454500562111	6.0	5.01999998093	68.4400006533	4.0	22.7600002289	0.982229774742	1.0	2
1.0	5171.59716797	3.0	1.0	1584.71704102	2.0	1.0	17.6199998856	0.0	-0.998023092747	0.0332690142095	-0.0533209592104	11.6850495757	3.35264073246	-63.7311515808	67.7081451416	-13.1490497589	0.454500562111	2.0	3.59999990463	6.23999977112	3.0	22.0400009155	0.709381258175	1.0	2
1.0	7080.25537109	7.0	3.0	1341.85009766	4.0	2.0	54.6599998474	0.0	0.99802339077	-0.0332724116743	0.0533125139773	24.1211295845	1.82325063236	-72.7865447998	49.2493515015	-5.90039491653	0.846622759628	4.0	6.13999986649	59.8600006104	2.0	22.0400009155	0.981471156422	1.0	2
1.0	5529.63916016	4.0	1.0	1701.5456543	3.0	1.0	12.9200000763	0.0	-0.046194318682	-0.99374961853	0.101625815034	22.1838797084	21.2508627815	-60.7544021606	71.1535491943	-13.3607997894	0.547841269385	1.0	4.05999994278	2.94000005722	1.0	4.05999994278	0.785648835083	1.0	2
1.0	7757.83544922	7.0	4.0	3053.109375	5.0	5.0	122.880001068	0.0	0.998023092747	-0.0332690142095	0.0533209592104	25.5176292712	11.6850495757	-63.7311515808	67.7081451416	-13.1490497589	0.454500562111	6.0	3.59999990463	55.2600003481	4.0	22.7600002289	0.996891588598	1.0	2
1.0	3959.04101562	1.0	0.0	858.664001465	1.0	0.0	0.0	10.0	0.0	0.0	0.0	0.0	0.0	0.0	0.0	0.0	2.0	0.0	0.0	0.0	0.0	0.0	0.000206200179832	0.0	2
1.0	7402.58886719	8.0	4.0	2307.69116211	2.0	2.0	37.3204001915	0.0	-0.99493509531	0.0	0.100519500673	30.1578397433	17.8601629177	-63.1314506531	63.0271987915	-15.3552494049	0.195036580308	3.0	7.01999998093	23.2399995327	1.0	7.01999998093	0.981487234557	1.0	2
1.0	4666.16015625	9.0	2.0	3690.4140625	4.0	3.0	31.6599998474	0.0	0.994935154915	0.0	-0.100518658757	6.97231195515	16.516365174	-56.873550415	81.1420974731	-20.0442504883	0.606054929439	2.0	5.57999992371	20.1799998283	2.0	15.7600002289	0.873637804957	1.0	2
1.0	6418.74072266	8.0	4.0	5298.62890625	4.0	4.0	99.5799987316	0.0	-0.00609488040209	0.998389482498	-0.056402977556	44.2186134785	1.12127871382	-71.6837005615	43.6152992249	-5.82713508606	0.94631479354	9.0	3.3599998951	92.2200007439	3.0	16.1599998474	0.967086600092	1.0	2
1.0	8851.58886719	7.0	3.0	5292.234375	5.0	5.0	63.3799989223	0.0	-0.00609488040209	0.998389482498	-0.056402977556	26.2031395956	1.12127871382	-71.6837005615	43.6152992249	-5.82713508606	0.94631479354	7.0	7.01999998093	80.0200002193	3.0	16.1599998474	0.996482204714	1.0	2
1.0	7330.59814453	6.0	0.0	1299.62695312	2.0	0.0	0.0	10.0	0.0	0.0	0.0	0.0	0.0	0.0	0.0	0.0	2.0	0.0	0.0	0.0	0.0	0.0	0.000206200179832	1.0	2
1.0	5371.01855469	3.0	0.0	1462.53491211	2.0	0.0	0.0	10.0	0.0	0.0	0.0	0.0	0.0	0.0	0.0	0.0	2.0	0.0	0.0	0.0	0.0	0.0	0.000206200179832	1.0	2
1.0	11027.140625	6.0	3.0	2983.5234375	3.0	3.0	71.6399993896	0.0	-0.99493598938	0.0	0.100510656834	46.4728395409	0.0	-69.401802063	46.9416999817	-10.7809505463	0.728655374831	4.0	7.01999998093	46.4000003338	3.0	16.1599998474	0.984022173843	1.0	2
1.0	2171.00805664	6.0	1.0	2978.91601562	3.0	1.0	0.0	10.0	0.0	0.0	0.0	0.0	0.0	0.0	0.0	0.0	2.0	1.0	14.6199998856	14.1199998856	0.0	14.6199998856	0.667110253537	1.0	2
1.0	5457.50927734	9.0	3.0	961.289978027	1.0	1.0	29.8803998958	0.0	-0.99493509531	0.0	0.100519500673	21.490712623	3.34860664817	-63.1314506531	63.0271987915	-15.3552494049	0.0563631425423	3.0	3.3599998951	19.1999995708	2.0	15.0200004578	0.997324764247	1.0	2
1.0	2620.02294922	1.0	0.0	1129.74694824	1.0	0.0	0.0	10.0	0.0	0.0	0.0	0.0	0.0	0.0	0.0	0.0	2.0	0.0	0.0	0.0	0.0	0.0	0.000206200179832	0.0	2
1.0	4897.68408203	7.0	4.0	4612.06347656	7.0	3.0	43.4200000763	0.0	-0.998986363411	0.0365960672498	-0.0262106265873	33.3449524366	2.13865026417	-73.8337020874	37.3223991394	-6.33450031281	0.783267566978	1.0	14.2399997711	15.0	3.0	27.1399993896	0.99531047138	1.0	2
1.0	5222.54394531	7.0	1.0	2159.87744141	5.0	2.0	20.6400003433	0.0	0.998986184597	-0.0365989804268	0.0262127108872	10.6244939966	2.70555956317	-71.9252471924	62.199798584	6.5158996582	0.504175719924	1.0	14.2399997711	15.0	1.0	9.02000045776	0.992074581797	1.0	2
1.0	6378.06787109	7.0	1.0	1541.98999023	2.0	1.0	22.6399993896	2.72215356113	0.172412857413	0.598274409771	0.782522559166	25.5367967419	28.0111263643	-71.0865020752	67.6783447266	-18.4276008606	0.976500521518	0.0	0.0	0.0	0.0	0.0	0.988260778776	1.0	2
1.0	2576.75097656	4.0	0.0	975.137451172	4.0	0.0	0.0	10.0	0.0	0.0	0.0	0.0	0.0	0.0	0.0	0.0	2.0	0.0	0.0	0.0	0.0	0.0	0.000206200179832	1.0	2
1.0	6838.07568359	4.0	1.0	2012.45239258	4.0	2.0	46.4399995804	2.72215356113	0.172412857413	0.598274409771	0.782522559166	25.5367967419	28.3371052916	-71.0865020752	67.6783447266	-18.4276008606	0.976500521518	0.0	0.0	0.0	0.0	0.0	0.999582645484	1.0	2
1.0	2756.30273438	2.0	1.0	993.46697998	1.0	1.0	14.6800003052	0.0	-0.998985528946	0.03659581393	-0.0262422058731	11.4178396297	17.0758440622	-64.3901977539	75.6959991455	-24.1634502411	0.847708706665	1.0	10.9200000763	11.0200004578	0.0	10.9200000763	0.213777576739	1.0	2
1.0	3631.24194336	9.0	4.0	4264.91455078	5.0	4.0	63.7000007629	0.0	-0.998986363411	0.0365960672498	-0.0262106265873	51.5565234177	2.13865026417	-73.8337020874	37.3223991394	-6.33450031281	0.783267566978	1.0	10.9200000763	11.0200004578	1.0	10.220000267	0.996297681877	1.0	2
1.0	3080.95605469	2.0	0.0	993.46697998	1.0	0.0	0.0	10.0	0.0	0.0	0.0	0.0	0.0	0.0	0.0	0.0	2.0	0.0	0.0	0.0	0.0	0.0	0.000206200179832	1.0	2
1.0	7413.71533203	5.0	1.0	2653.40722656	5.0	2.0	46.4399995804	2.72215356113	0.172412857413	0.598274409771	0.782522559166	25.5367967419	24.6617569632	-71.0865020752	67.6783447266	-18.4276008606	0.976500521518	0.0	0.0	0.0	0.0	0.0	0.999858114463	1.0	2
1.0	4127.37988281	1.0	1.0	875.078491211	1.0	1.0	13.4799995422	2.32437302534	-0.00455268053338	0.97144305706	0.237229049206	9.75551541575	1.88123960513	-64.7712020874	57.3765487671	-27.8037490845	0.330135762136	0.0	0.0	0.0	0.0	0.0	-1.0	0.0	2
1.0	8130.34082031	11.0	4.0	4092.50512695	5.0	4.0	69.5200009346	0.0	-0.00382817536592	-0.980662465096	0.195669338107	31.9056002649	4.52275039669	-68.137298584	48.2162475586	-22.5438995361	0.984845897902	8.0	4.71999979019	79.8800001144	3.0	10.1199998856	0.995443342104	1.0	2
1.0	7622.70507812	8.0	4.0	3321.06274414	4.0	2.0	62.5599997044	1.80492383062	0.349504947662	0.480333358049	-0.804441511631	64.4168363221	14.4550012519	-72.5206985474	43.7431030273	7.38732004166	0.607026859109	0.0	0.0	0.0	0.0	0.0	0.995239118849	1.0	2
1.0	7480.51220703	9.0	6.0	5013.71630859	6.0	5.0	104.707599163	0.0	0.00372786656953	0.980667173862	-0.195647656918	2.50947745369	41.5099741296	-58.3964500427	69.801399231	-19.6812000275	0.0530553021119	6.0	4.71999979019	59.7399992943	2.0	10.1199998856	0.986743533938	1.0	2
1.0	7319.64501953	10.0	3.0	4267.21142578	4.0	3.0	56.240000248	0.0	0.00372441648506	0.980663061142	-0.195668309927	1.57753284396	36.5634040635	-53.4932479858	67.9479522705	-48.3400993347	0.634487448323	5.0	10.1199998856	61.0399999619	2.0	10.1199998856	0.992223486286	1.0	2
1.0	7870.39453125	9.0	5.0	2356.00512695	4.0	3.0	57.9800002575	0.0	-0.00372824585065	-0.980663180351	0.195667564869	24.6388045485	26.6625631543	-68.1335449219	49.1895523071	-22.7381000519	0.394949840539	3.0	10.1199998856	28.6999998093	2.0	10.1199998856	0.998105384322	1.0	2
1.0	5076.42089844	2.0	1.0	875.078491211	1.0	1.0	13.4799995422	2.32437302534	-0.00455268053338	0.97144305706	0.237229049206	9.75551541575	1.88123960513	-64.7712020874	57.3765487671	-27.8037490845	0.330135762136	0.0	0.0	0.0	0.0	0.0	0.113763377385	1.0	2
1.0	7752.57421875	7.0	2.0	4131.2578125	4.0	3.0	23.2800004482	0.0	0.999826014042	0.0	0.0186547394842	1.84601682374	17.4451702449	-59.9335021973	65.4401016235	-24.6635513306	0.276167964192	1.0	8.47999954224	7.44000005722	0.0	8.47999954224	0.99484823721	1.0	2
1.0	3772.05053711	10.0	5.0	4594.79833984	5.0	3.0	53.879999876	0.0	0.00372786656953	0.980667173862	-0.195647656918	2.50947745369	41.5099741296	-58.3964500427	69.801399231	-19.6812000275	0.0530553021119	3.0	4.71999979019	23.740000248	1.0	4.71999979019	0.903278039734	1.0	2
1.0	6907.03076172	8.0	1.0	731.885986328	3.0	1.0	4.0	0.0	-0.00382817536592	-0.980662465096	0.195669338107	31.9056002649	4.52275039669	-68.137298584	48.2162475586	-22.5438995361	0.984845897902	2.0	10.1199998856	18.5799999237	2.0	10.1199998856	0.990896646107	1.0	2
1.0	4130.72509766	1.0	1.0	1890.85290527	1.0	1.0	0.0	10.0	0.0	0.0	0.0	0.0	0.0	0.0	0.0	0.0	2.0	0.0	0.0	0.0	1.0	26.8400001526	-1.0	0.0	2
1.0	7414.38671875	3.0	2.0	4416.45507812	4.0	2.0	15.9200000763	0.0	0.743712663651	0.663458228111	-0.0819431394339	21.5361051899	0.0	-74.6640472412	46.4921989441	-7.15324497223	2.0	1.0	21.1599998474	19.8799991608	1.0	21.1599998474	0.969046912669	1.0	2
1.0	6110.23486328	4.0	1.0	4819.90771484	5.0	4.0	67.4431989193	0.0	-0.0265206806362	-0.970083534718	0.241318449378	44.9162814874	7.22563824354	-77.1477966309	38.5149993896	0.190101653337	0.896619743008	6.0	1.12000000477	49.1447982192	6.0	26.8400001526	0.976444306687	1.0	2
1.0	10984.0097656	7.0	4.0	4584.04785156	4.0	3.0	122.772800207	0.0	-0.0265261754394	-0.970055103302	0.241432189941	2.11980267572	33.2076448887	-63.7907028198	67.0261535645	-29.8083992004	0.580479799041	11.0	4.71999979019	121.304799974	6.0	27.8799991608	0.999976486567	1.0	2
1.0	3984.17211914	3.0	0.0	132.533004761	1.0	0.0	0.0	10.0	0.0	0.0	0.0	0.0	0.0	0.0	0.0	0.0	2.0	0.0	0.0	0.0	0.0	0.0	0.000206200179832	1.0	2
1.0	9239.37304688	7.0	2.0	4997.73876953	6.0	5.0	94.8927998543	0.0	-0.0265261754394	-0.970055103302	0.241432189941	2.11980267572	47.6664932717	-63.7907028198	67.0261535645	-29.8083992004	0.580479799041	9.0	1.12000000477	95.7599983215	6.0	26.8400001526	0.999947450259	1.0	2
1.0	3515.43676758	2.0	2.0	2506.14086914	1.0	1.0	27.2399997711	0.0	-0.0265261754394	-0.970055103302	0.241432189941	2.11980267572	31.4160886995	-63.7907028198	67.0261535645	-29.8083992004	0.580479799041	2.0	13.1199998856	44.3600006104	1.0	27.8799991608	0.488382137817	1.0	2
1.0	9617.53125	6.0	2.0	5959.11962891	5.0	4.0	96.3847994804	0.0	-0.993508338928	0.0	-0.113759316504	1.11111772481	50.2368657549	-67.4197540283	56.5023994446	-42.5557022095	0.687242911887	10.0	1.12000000477	91.7687984407	9.0	26.8400001526	0.999925966482	1.0	2
1.0	69.0541000366	1.0	0.0	1758.31994629	1.0	0.0	0.0	10.0	0.0	0.0	0.0	0.0	0.0	0.0	0.0	0.0	2.0	0.0	0.0	0.0	0.0	0.0	0.000206200179832	1.0	2
1.0	8670.3203125	8.0	3.0	4778.35644531	4.0	3.0	62.5447993279	0.0	-0.0265206806362	-0.970083534718	0.241318449378	47.0262658576	7.22563824354	-77.1477966309	38.5149993896	0.190101653337	0.896619743008	4.0	1.12000000477	27.0087991655	5.0	21.1599998474	0.999639891447	1.0	2
1.0	5092.13037109	1.0	1.0	1401.06994629	1.0	1.0	15.1600003242	0.0	0.0849936157465	0.95344209671	-0.289351463318	2.86606279983	15.0460396152	-58.496799469	71.1379547119	-25.4203491211	0.880772505581	2.0	8.92000007629	27.3599996567	2.0	9.31999969482	-1.0	0.0	2
1.0	5774.49853516	5.0	0.0	2771.77197266	5.0	0.0	0.0	10.0	0.0	0.0	0.0	0.0	0.0	0.0	0.0	0.0	2.0	0.0	0.0	0.0	0.0	0.0	0.000206200179832	1.0	2
1.0	6145.25146484	5.0	2.0	3683.52856445	6.0	4.0	50.0400004387	0.0	0.0849936157465	0.95344209671	-0.289351463318	2.86606279983	23.5376375849	-58.496799469	71.1379547119	-25.4203491211	0.880772505581	3.0	1.0	27.3599996567	3.0	9.31999969482	0.947932001897	1.0	2
1.0	5474.91210938	6.0	4.0	3425.86694336	4.0	3.0	36.5567989349	0.0	0.98211479187	-0.129120379686	-0.137034356594	46.2218091389	0.0	-66.0806503296	62.5206985474	-0.131388753653	0.847504307071	3.0	7.36000013351	30.3199996948	3.0	17.9200000763	0.994875266886	1.0	2
1.0	8499.55078125	6.0	2.0	3531.18359375	6.0	4.0	58.2568004131	0.0	0.0849857479334	0.953450918198	-0.28932467103	21.0924236588	2.06188025527	-66.7207946777	58.9585990906	-29.6575508118	0.893610613393	4.0	4.88000011444	47.2600002289	4.0	10.8800001144	0.999704754673	1.0	2
1.0	7853.13964844	7.0	3.0	3578.59375	5.0	4.0	97.1784005165	0.0	0.982109487057	-0.129223138094	-0.136975616217	2.49499411486	26.8279080263	-55.2304496765	69.7127532959	-42.4551467896	0.981608039696	6.0	4.88000011444	60.1599998474	5.0	11.9200000763	0.9951591394	1.0	2
1.0	5576.86132812	5.0	1.0	2703.04077148	3.0	1.0	10.1999998093	0.0	0.084897197783	0.953449964523	-0.289353847504	11.6810091355	0.0	-63.7655487061	63.772151947	-19.3006515503	0.822909391565	0.0	0.0	0.0	1.0	22.6800003052	0.934276528409	1.0	2
1.0	7054.81689453	7.0	3.0	1625.87902832	6.0	4.0	36.879999876	0.0	0.982109487057	-0.129223138094	-0.136975616217	2.49499411486	26.8279080263	-55.2304496765	69.7127532959	-42.4551467896	0.981608039696	4.0	7.36000013351	41.7399997711	3.0	11.9200000763	0.994990756402	1.0	2
1.0	6502.87158203	5.0	3.0	4607.03564453	5.0	3.0	104.219999552	0.0	0.98211479187	-0.129120379686	-0.137034356594	46.2218091389	0.0	-66.0806503296	62.5206985474	-0.131388753653	0.847504307071	4.0	1.0	34.4799995422	5.0	17.9200000763	0.997199840943	1.0	2
1.0	7094.27001953	5.0	4.0	2749.12890625	3.0	2.0	80.5967998505	0.0	-0.0849857479334	-0.953450918198	0.28932467103	31.4278392394	1.75650621196	-56.0442008972	79.3771972656	-14.4265499115	0.758208018167	3.0	4.88000011444	31.9799995422	5.0	22.6800003052	0.986055051588	1.0	2
1.0	4249.19580078	2.0	1.0	696.218994141	1.0	1.0	6.67999982834	0.0	-0.998193264008	0.0286220423877	-0.0528301931918	2.52914797409	0.0	-60.6231002808	63.6643981934	-17.6663513184	0.852811307557	2.0	18.7000007629	29.1400003433	0.0	20.8799991608	-1.0	0.0	2
1.0	8812.74707031	8.0	2.0	1971.17736816	5.0	3.0	37.4799993038	0.0	0.04126804322	0.994553148746	-0.0957128852606	41.8579870564	0.0	-67.7939987183	44.9374504089	-20.3661994934	0.524772845765	5.0	14.3000001907	82.6599988937	2.0	18.3799991608	0.996069618468	1.0	2
1.0	7146.35009766	6.0	1.0	2832.03955078	6.0	3.0	43.8928002119	0.0	0.769103586674	0.63866186142	-0.024303983897	25.2912478132	1.37302664216	-70.0843963623	49.0673484802	-4.15544509888	0.875379515562	2.0	1.01999998093	24.5400009155	1.0	1.01999998093	0.996932009292	1.0	2
1.0	3895.97998047	4.0	2.0	1742.28710938	3.0	3.0	32.5800008774	0.0	0.769103586674	0.63866186142	-0.024303983897	37.9751225169	1.37302664216	-70.0843963623	49.0673484802	-4.15544509888	0.875379515562	2.0	1.01999998093	13.5200004578	1.0	1.01999998093	0.62376251351	1.0	2
1.0	6746.46826172	9.0	2.0	3363.26953125	7.0	5.0	91.0399997234	0.0	0.769103586674	0.63866186142	-0.024303983897	30.7170919012	1.37302664216	-70.0843963623	49.0673484802	-4.15544509888	0.875379515562	6.0	1.01999998093	82.6599988937	3.0	18.3799991608	0.980604660196	1.0	2
1.0	4617.27294922	4.0	1.0	744.502868652	2.0	2.0	6.67999982834	0.0	-0.998193264008	0.0286220423877	-0.0528301931918	2.52914797409	0.0	-60.6231002808	63.6643981934	-17.6663513184	0.852811307557	4.0	11.5600004196	44.7000002861	0.0	20.8799991608	0.196800499198	1.0	2
1.0	8470.49414062	6.0	1.0	2242.08837891	5.0	2.0	27.7727998495	0.0	-0.998193264008	0.0286220423877	-0.0528301931918	21.7328037299	0.0	-60.6231002808	63.6643981934	-17.6663513184	0.852811307557	4.0	18.7000007629	65.140001297	0.0	25.0799999237	0.991816059373	1.0	2
1.0	5152.89111328	3.0	1.0	696.218994141	1.0	1.0	6.67999982834	0.0	-0.998193264008	0.0286220423877	-0.0528301931918	2.52914797409	0.0	-60.6231002808	63.6643981934	-17.6663513184	0.852811307557	2.0	18.7000007629	29.1400003433	0.0	20.8799991608	0.0663695402757	1.0	2
1.0	8741.28222656	7.0	3.0	1782.95690918	5.0	4.0	67.5999987125	0.0	0.041276153177	0.994546771049	-0.0957757979631	48.7979989839	12.7473230249	-73.3000030518	38.6091499329	0.895259976387	0.126350087086	8.0	11.5600004196	115.559999943	2.0	18.3799991608	0.997337064238	1.0	2
1.0	3977.43994141	1.0	0.0	912.666015625	1.0	0.0	0.0	10.0	0.0	0.0	0.0	0.0	0.0	0.0	0.0	0.0	2.0	0.0	0.0	0.0	0.0	0.0	0.000206200179832	0.0	2
1.0	10359.7871094	6.0	2.0	1352.68310547	5.0	2.0	10.3000001907	0.0	-0.0289089158177	0.963109493256	-0.267552554607	17.0766558672	32.3941384824	-69.9455490112	60.3254013062	-20.6062011719	0.179502771865	1.0	8.53999996185	6.55999994278	1.0	21.4799995422	0.999400526462	1.0	2
1.0	4336.60498047	4.0	1.0	912.666015625	1.0	1.0	0.0	10.0	0.0	0.0	0.0	0.0	0.0	0.0	0.0	0.0	2.0	1.0	17.5	14.8800001144	0.0	17.5	0.267545818147	1.0	2
1.0	6812.18652344	8.0	1.0	1524.48400879	3.0	3.0	33.4400005341	0.0	-0.0289053600281	0.963119924068	-0.267515331507	21.1066093212	13.1855466217	-61.622253418	75.9937973022	-4.39585018158	0.25480800886	5.0	5.76000022888	33.6195997	1.0	18.5	0.995873251898	1.0	2
1.0	4367.02148438	2.0	1.0	912.666015625	1.0	1.0	13.3199996948	0.0	-0.999503552914	-0.0310958735645	-0.00506351143122	8.11109074327	6.07542190657	-61.0970993042	78.1833496094	-25.4385986328	0.0329638389687	1.0	5.17999982834	5.92000007629	1.0	5.17999982834	0.394435133518	1.0	2
1.0	12101.7685547	6.0	2.0	1754.15905762	6.0	6.0	100.020000577	0.0	0.999503552914	0.0310958735645	0.00506351143122	6.07542190657	20.5693766845	-61.0970993042	78.1833496094	-25.4385986328	0.0329638389687	12.0	2.79999995232	94.0995978117	5.0	21.4799995422	0.999993273766	1.0	2
1.0	4123.47607422	1.0	0.0	912.666015625	1.0	0.0	0.0	10.0	0.0	0.0	0.0	0.0	0.0	0.0	0.0	0.0	2.0	0.0	0.0	0.0	0.0	0.0	0.000206200179832	1.0	2
1.0	6451.60546875	8.0	4.0	2349.22241211	6.0	6.0	100.520000458	0.0	0.999503552914	0.0310958735645	0.00506351143122	6.07542190657	20.5693766845	-61.0970993042	78.1833496094	-25.4385986328	0.0329638389687	7.0	2.79999995232	74.4199991226	2.0	21.4799995422	0.9908407137	1.0	2
1.0	4046.19799805	2.0	1.0	843.90802002	1.0	1.0	12.9000000954	0.0	0.0288034658879	-0.963105201721	0.267579317093	3.15617391478	11.4880286386	-62.5083999634	74.6817474365	-17.1856994629	0.719863192005	2.0	8.53999996185	17.5799999237	0.0	9.93999958038	0.141858855038	1.0	2
1.0	10883.3154297	6.0	2.0	1754.15905762	6.0	6.0	59.9400001764	0.0	0.999503552914	0.0310958735645	0.00506351143122	6.07542190657	20.5693766845	-61.0970993042	78.1833496094	-25.4385986328	0.0329638389687	6.0	4.19999980927	51.2995985746	5.0	21.4799995422	0.999946799989	1.0	2
1.0	4394.69238281	2.0	1.0	1829.57592773	1.0	1.0	17.5599999428	0.0	-0.0131471641362	0.976927161217	-0.213167607784	1.85582109055	6.70801864063	-67.783996582	60.6386489868	-11.3556995392	0.586428556811	9.0	3.66000008583	56.7999992371	7.0	14.9200000763	-1.0	0.0	2
1.0	9643.00195312	6.0	2.0	4991.16796875	7.0	6.0	89.2587992102	0.0	0.99713408947	0.0	-0.0756542831659	2.05857545452	34.2316147471	-61.801651001	72.5223999023	-11.2131004333	0.330938146971	19.0	3.33999991417	200.499999285	12.0	21.2000007629	0.980741315427	1.0	2
1.0	9029.91015625	5.0	2.0	2619.09912109	2.0	2.0	66.6400003433	0.0	-0.0131471641362	0.976927161217	-0.213167607784	36.249908135	14.8134944334	-67.783996582	60.6386489868	-11.3556995392	0.586428556811	10.0	3.66000008583	74.6199989319	7.0	14.9200000763	0.518717112237	1.0	2
1.0	8774.16601562	6.0	2.0	6046.47949219	6.0	3.0	37.9344002157	0.0	0.997142374516	0.0	-0.075545437634	3.26766303316	24.9452656442	-67.3084487915	59.2788009644	-11.0936498642	0.0876400644041	17.0	3.66000008583	157.558399247	10.0	23.2399997711	0.984952379935	1.0	2
1.0	4216.72216797	2.0	1.0	2007.54589844	2.0	2.0	32.2800002098	0.0	-0.0131471641362	0.976927161217	-0.213167607784	1.85582109055	22.6168849663	-67.783996582	60.6386489868	-11.3556995392	0.586428556811	11.0	3.66000008583	93.5399999619	8.0	17.7399997711	0.226564422707	1.0	2
1.0	10566.1484375	8.0	4.0	3048.24682617	3.0	3.0	69.0600013733	0.0	0.0130389360711	-0.976933658123	0.213144674897	44.2750431164	40.1352320806	-69.8470535278	56.1841011047	-15.0248003006	0.427836145409	8.0	14.3800001144	77.2399988174	4.0	14.9200000763	0.970492981925	1.0	2
1.0	9490.17773438	4.0	1.0	3172.90551758	4.0	3.0	31.7643995285	0.0	0.997138798237	0.0	-0.0755920708179	55.5242555428	5.05244345022	-71.7689971924	48.1663017273	6.08683490753	0.770358369239	14.0	3.33999991417	119.019998789	14.0	23.2399997711	0.971332263511	1.0	2
1.0	2310.88891602	2.0	1.0	2638.76611328	5.0	2.0	11.0744000822	0.0	0.0130389360711	-0.976933658123	0.213144674897	33.1162413756	26.7273869364	-69.8470535278	56.1841011047	-15.0248003006	0.414560559948	7.0	3.66000008583	80.9799995422	3.0	14.9200000763	0.981958002272	1.0	2
1.0	4819.51025391	4.0	3.0	1600.27111816	4.0	4.0	19.7000002861	0.0	0.997138798237	0.0	-0.0755920708179	55.5242555428	5.05244345022	-71.7689971924	48.1663017273	6.08683490753	0.0857308818755	11.0	3.33999991417	77.3983989228	8.0	23.2399997711	0.864325465695	1.0	2
1.0	8690.79882812	8.0	5.0	4876.50878906	5.0	4.0	138.240000248	0.0	0.99713820219	0.0	-0.0755999609828	62.6036042184	16.1288188368	-72.9536514282	46.4314002991	1.75492501259	0.814668479302	11.0	3.66000008583	103.598400639	7.0	21.2000007629	0.978374365235	1.0	2
1.0	4866.72998047	1.0	1.0	1016.85864258	1.0	1.0	10.6400003433	0.0	0.00915778893977	-0.994012832642	0.10887876153	1.89273836337	1.92293745229	-68.3856964111	61.5594024658	-18.6891002655	0.62217460427	1.0	7.17999982834	3.11999988556	1.0	19.3999996185	-1.0	0.0	2
1.0	1104.1862793	3.0	2.0	685.842041016	2.0	1.0	8.76000022888	0.0	0.994893431664	0.0	-0.100930772722	15.5739766071	0.0	-61.1903991699	65.2388000488	-32.3731994629	0.123471663698	1.0	7.17999982834	7.11999988556	1.0	7.17999982834	0.987936697349	1.0	2
1.0	6507.28369141	5.0	1.0	1518.57250977	4.0	2.0	16.2999992371	0.0	-0.00915053486824	0.994015038013	-0.108859449625	38.1084880207	9.48202480839	-76.4897003174	33.8849029541	4.0114402771	0.585426899208	2.0	11.5799999237	16.5703499317	1.0	11.5799999237	0.982229763404	1.0	2
1.0	6319.59521484	6.0	2.0	1871.82458496	3.0	2.0	46.8599996567	0.0	-0.00915053486824	0.994015038013	-0.108859449625	47.6594317375	0.0	-76.4897003174	33.8849029541	4.0114402771	0.585426899208	4.0	11.5799999237	53.1103498936	3.0	19.3999996185	0.839111756759	1.0	2
1.0	6287.42089844	7.0	2.0	1134.07849121	2.0	2.0	3.70000004768	2.77252956089	0.366885989904	-0.472754567862	-0.801185250282	3.78684692092	14.6966931863	-58.3123016357	61.113899231	-51.0317993164	0.0828029845793	1.0	16.8799991608	3.53034996986	0.0	16.8799991608	0.983483977786	1.0	2
1.0	5081.86962891	3.0	1.0	1114.93713379	2.0	1.0	10.6400003433	0.0	0.00915778893977	-0.994012832642	0.10887876153	1.89273836337	1.92293745229	-68.3856964111	61.5594024658	-18.6891002655	0.62217460427	1.0	7.17999982834	3.11999988556	1.0	19.3999996185	0.398508842118	1.0	2
1.0	8816.09375	7.0	1.0	1432.16455078	3.0	3.0	42.4000000954	0.0	0.994902431965	0.0	-0.100842297077	21.6491916976	2.21200682683	-60.7082977295	69.915397644	-26.6644496918	0.101012307364	4.0	4.80000019073	56.0703494549	2.0	17.0599994659	0.999074744008	1.0	2
1.0	6839.98583984	7.0	2.0	1327.47399902	1.0	1.0	29.8400011063	0.0	-0.994893431664	0.0	0.100930772722	9.04512139259	2.21931709978	-62.0437011719	58.0974998474	-42.4776992798	0.142419674706	3.0	7.17999982834	19.220000267	1.0	19.3999996185	0.971883559362	1.0	2
1.0	8048.52539062	5.0	1.0	2101.4987793	5.0	5.0	84.4800009727	0.0	-0.00924870744348	0.994012415409	-0.108875073493	3.93803439057	23.494173906	-59.5874481201	62.5361022949	-46.3540000916	0.931730080729	4.0	4.80000019073	56.0703494549	2.0	17.0599994659	0.986462831007	1.0	2
1.0	3854.375	1.0	1.0	1405.66101074	1.0	1.0	10.3999996185	0.0	-0.0473524518311	0.972093582153	-0.229764610529	10.1055998143	0.0	-73.6902008057	56.5247001648	-7.36674976349	0.391651687756	0.0	0.0	0.0	1.0	11.8000001907	-1.0	0.0	2
1.0	10161.7626953	7.0	4.0	3677.18676758	3.0	3.0	72.4399998188	0.0	-0.0472565069795	0.972079515457	-0.229844048619	23.8850609083	2.24710249761	-72.6461486816	52.8416519165	-11.3874502182	0.440597259184	5.0	7.17999982834	45.3200006485	1.0	18.5799999237	0.988104198062	1.0	2
1.0	1720.75830078	5.0	2.0	2783.14208984	2.0	2.0	22.5799994469	0.0	-0.0473567210138	0.972102344036	-0.229726806283	6.31408947753	15.8273758345	-63.7146987915	68.1845016479	-12.151599884	0.880346512591	3.0	7.55999994278	21.6400003433	1.0	7.55999994278	0.0285566939609	1.0	2
1.0	6755.81396484	5.0	1.0	1195.29663086	4.0	3.0	23.3399996758	0.0	0.0472523868084	-0.972098529339	0.229764446616	4.94533843959	21.3526646845	-63.704750061	70.6636962891	-9.50422000885	0.65840024722	3.0	7.55999994278	23.5600008965	2.0	11.8000001907	0.964792236571	1.0	2
1.0	4494.16015625	2.0	1.0	1748.0369873	2.0	1.0	10.3999996185	0.0	-0.0473524518311	0.972093582153	-0.229764610529	10.1055998143	0.0	-73.6902008057	56.5247001648	-7.36674976349	0.391651687756	0.0	0.0	0.0	1.0	11.8000001907	0.136256736347	1.0	2
1.0	9587.42871094	6.0	3.0	2842.28564453	3.0	3.0	70.7400000095	0.0	0.0472523868084	-0.972098529339	0.229764446616	4.94533843959	30.0874119125	-63.704750061	70.6636962891	-9.50422000885	0.65840024722	5.0	7.55999994278	46.7000012398	2.0	18.5799999237	0.997102337294	1.0	2
1.0	10374.671875	6.0	4.0	2932.17944336	6.0	5.0	67.0800002813	0.0	0.0472523868084	-0.972098529339	0.229764446616	4.94533843959	30.0874119125	-63.704750061	70.6636962891	-9.50422000885	0.65840024722	4.0	7.55999994278	46.3800005913	2.0	18.5799999237	0.999733602746	1.0	2
1.0	10655.3398438	8.0	5.0	3873.18701172	4.0	3.0	75.0399996042	0.0	-0.0472565069795	0.972079515457	-0.229844048619	23.0998048201	2.24710249761	-72.6461486816	52.8416519165	-11.3874502182	0.440597259184	7.0	7.17999982834	83.5600008965	3.0	18.5799999237	0.999935394915	1.0	2
1.0	5263.10839844	5.0	2.0	2923.23754883	5.0	2.0	7.24000012875	0.0	-0.0472607091069	0.97209072113	-0.229795590043	2.6733170833	24.0920990818	-63.2525482178	69.4183502197	0.490318000317	0.582912978521	1.0	22.6399993896	22.8199996948	0.0	22.6399993896	0.939844905685	1.0	2
1.0	8844.58398438	4.0	2.0	1298.83911133	3.0	2.0	22.5199998617	0.0	-0.0472607091069	0.97209072113	-0.229795590043	2.6733170833	33.4603505927	-63.2525482178	69.4183502197	0.490318000317	0.582912978521	1.0	22.6399993896	22.8199996948	0.0	22.6399993896	0.981901771138	1.0	2
1.0	4321.328125	1.0	0.0	1489.13000488	1.0	0.0	0.0	10.0	0.0	0.0	0.0	0.0	0.0	0.0	0.0	0.0	2.0	0.0	0.0	0.0	0.0	0.0	0.000206200179832	0.0	2
1.0	6575.25683594	8.0	4.0	2572.44921875	6.0	3.0	50.900000453	0.0	-0.993543982506	-0.113414302468	-0.00275311549194	27.2794051526	18.5618982199	-67.9261474609	64.1533508301	-3.13937997818	0.00396416383353	4.0	9.06000041962	84.7800006866	0.0	32.2599983215	0.966175053363	1.0	2
1.0	3255.60180664	5.0	0.0	1457.85400391	3.0	0.0	0.0	10.0	0.0	0.0	0.0	0.0	0.0	0.0	0.0	0.0	2.0	0.0	0.0	0.0	0.0	0.0	0.000206200179832	1.0	2
1.0	7262.44042969	10.0	5.0	4146.33349609	5.0	2.0	98.5800023079	0.0	-0.993543982506	-0.113414302468	-0.00275311549194	44.6338551688	18.5618982199	-67.9261474609	64.1533508301	-3.13937997818	0.261251559156	3.0	12.9600000381	58.6400003433	0.0	31.3600006104	0.99365874749	1.0	2
1.0	2863.74633789	7.0	1.0	2792.21948242	6.0	1.0	2.01999998093	2.06585570647	-0.157157063484	-0.94530838728	-0.285821020603	14.3723810904	2.26953457459	-73.2135467529	51.1209487915	-14.3964996338	0.0493568003315	0.0	0.0	0.0	0.0	0.0	0.123346435369	1.0	2
1.0	7756.01269531	8.0	3.0	3764.54980469	5.0	1.0	42.6400004625	0.0	-0.993543982506	-0.113414302468	-0.00275311549194	44.6338551688	18.5618982199	-67.9261474609	64.1533508301	-3.13937997818	0.491080445973	3.0	12.9600000381	48.2399997711	0.0	23.2999992371	0.995094758003	1.0	2
1.0	7104.82861328	8.0	2.0	2796.84863281	7.0	4.0	22.7000001669	0.0	0.993543982506	0.113414302468	0.00275311549194	0.0	16.3253884284	-67.9261474609	64.1533508301	-3.13937997818	0.00396416383353	2.0	13.6400003433	36.6799993515	1.0	21.7600002289	0.961074490465	1.0	2
1.0	7777.8828125	10.0	5.0	4256.00976562	4.0	2.0	101.520001888	0.0	0.993542850018	0.113424226642	0.00275293295272	34.1331543787	1.70185675984	-73.9443969727	47.6186485291	-15.803850174	0.0524225004566	3.0	12.9600000381	74.3200006485	0.0	32.2599983215	0.989206990269	1.0	2
1.0	5209.96533203	2.0	0.0	1710.63049316	2.0	0.0	0.0	10.0	0.0	0.0	0.0	0.0	0.0	0.0	0.0	0.0	2.0	0.0	0.0	0.0	0.0	0.0	0.000206200179832	1.0	2
1.0	8533.01757812	8.0	3.0	4034.53881836	6.0	4.0	57.4800013304	0.0	-0.106013216078	0.937814891338	-0.330551713705	33.0756362911	3.83162653058	-74.2541503906	55.3138008118	-15.898349762	0.903641237605	3.0	13.6400003433	53.0399999619	0.0	23.2999992371	0.997752938571	1.0	2
1.0	4561.85351562	1.0	0.0	2030.59594727	1.0	0.0	0.0	10.0	0.0	0.0	0.0	0.0	0.0	0.0	0.0	0.0	2.0	0.0	0.0	0.0	0.0	0.0	0.000206200179832	0.0	2
1.0	10138.0419922	4.0	2.0	6953.44726562	4.0	3.0	61.8400001526	0.0	-0.0588480755687	-0.984736800194	0.163799673319	6.21577066954	35.3480167887	-71.3907470703	52.3278007507	-13.9974994659	0.836511680902	0.0	0.0	0.0	1.0	23.8999996185	0.998266182127	1.0	2
1.0	9492.90625	4.0	2.0	6227.35449219	4.0	3.0	51.3799991608	0.0	-0.992685258389	0.0704840868711	0.0980202406645	11.3892038894	40.4247506402	-67.1043548584	56.4769973755	-22.6273498535	0.184630726721	1.0	9.61999988556	11.6999998093	1.0	23.8999996185	0.964792251579	1.0	2
1.0	3330.9128418	5.0	2.0	4808.22949219	5.0	2.0	36.1604008209	0.0	0.0588473677635	0.984724998474	-0.163870826364	1.81699700488	18.2622430412	-56.7248497009	70.512802124	0.968222022057	0.157198549958	2.0	7.53999996185	14.3599996567	0.0	13.6400003433	0.9842022759	1.0	2
1.0	2045.28344727	3.0	2.0	2168.98388672	2.0	1.0	12.840399934	0.0	-0.0588473677635	-0.984724998474	0.163870826364	2.07597101723	8.00713538854	-56.7248497009	70.512802124	0.968222022057	0.157198549958	3.0	7.53999996185	29.0799999237	0.0	14.6999998093	0.251562530015	1.0	2
1.0	6097.66113281	9.0	5.0	6921.29785156	4.0	3.0	92.2000010014	0.0	0.992685258389	-0.0704874172807	-0.0980180874467	4.48729875219	39.284365893	-59.4401473999	70.8491973877	-21.2712516785	0.250076095411	5.0	7.53999996185	50.6600003242	1.0	9.96000003815	0.965958476871	1.0	2
1.0	6055.67871094	4.0	1.0	2145.86401367	3.0	1.0	0.0	10.0	0.0	0.0	0.0	0.0	0.0	0.0	0.0	0.0	2.0	3.0	7.59999990463	28.0799999237	0.0	16.4200000763	0.805476757306	1.0	2
1.0	6211.28369141	4.0	3.0	6696.69335938	4.0	3.0	65.5200002193	0.0	-0.0588473677635	-0.984724998474	0.163870826364	2.07597101723	17.7534086691	-56.7248497009	70.512802124	0.968222022057	0.142397044675	2.0	14.6999998093	25.5799999237	0.0	16.4200000763	0.974596277922	1.0	2
1.0	5691.2734375	4.0	2.0	4939.91113281	4.0	3.0	42.8999991417	0.0	-0.992688238621	0.0704837888479	0.0979902520776	21.0885893074	32.2173122249	-71.6722488403	46.6500015259	-7.06306505203	0.140863434274	2.0	10.4799995422	21.8000001907	0.0	14.6400003433	0.77778791167	1.0	2
1.0	7734.43994141	6.0	2.0	5346.48779297	7.0	2.0	10.5599999428	0.0	-0.0588480755687	-0.984736800194	0.163799673319	6.21577066954	35.3480167887	-71.3907470703	52.3278007507	-13.9974994659	0.836511680902	1.0	10.4799995422	7.76000022888	1.0	23.8999996185	0.987120054851	1.0	2
1.0	4035.48388672	2.0	1.0	1558.91101074	1.0	1.0	25.2600002289	2.01131552201	0.534409582615	0.828103423119	-0.169266447425	21.6933724831	0.0	-76.6868515015	49.4703979492	-0.0723744928837	0.574679879292	0.0	0.0	0.0	0.0	0.0	-1.0	0.0	3
1.0	16544.34375	8.0	2.0	4196.60546875	6.0	3.0	63.1600004435	0.0	0.999276459217	0.0343769975007	0.0162710938603	45.6290572657	22.5983934156	-63.1563491821	68.4903030396	-1.1239900589	0.684168055141	1.0	23.5200004578	24.1599998474	0.0	23.5200004578	0.99843822349	1.0	3
1.0	13499.5205078	11.0	3.0	5991.20361328	8.0	5.0	111.659998298	0.0	0.999278843403	0.0342892929912	0.0163090191782	2.52771649713	44.373821096	-59.9662017822	61.9009475708	-45.9006500244	0.846926266361	6.0	13.3800001144	119.479999542	2.0	22.5400009155	0.999449985311	1.0	3
1.0	13511.0625	12.0	3.0	3268.23339844	5.0	2.0	95.6599990129	0.0	0.999276459217	0.0343769975007	0.0162710938603	29.8787436256	22.5983934156	-63.1563491821	68.4903030396	-1.1239900589	0.531025958349	2.0	23.5200004578	48.1399993896	1.0	23.1800003052	0.999881731236	1.0	3
1.0	4035.48388672	2.0	1.0	2948.35107422	2.0	2.0	42.7000007629	0.0	-0.999275863171	-0.0343767367303	-0.0163081847131	1.13441649445	17.1366669161	-68.4131011963	61.5194015503	-12.3447494507	0.603376458191	0.0	0.0	0.0	1.0	23.1800003052	0.338928076472	1.0	3
1.0	10549.5224609	6.0	3.0	2658.70385742	3.0	3.0	133.075199246	0.0	0.999279558659	0.0342860706151	0.0162725169212	22.2106427372	19.4747077288	-59.9160003662	71.5929489136	2.48049998283	0.741463725758	4.0	19.2600002289	89.2999992371	2.0	22.5400009155	0.999064116552	1.0	3
1.0	633.473022461	1.0	0.0	550.096008301	1.0	0.0	0.0	10.0	0.0	0.0	0.0	0.0	0.0	0.0	0.0	0.0	2.0	0.0	0.0	0.0	0.0	0.0	0.000206200179832	1.0	3
1.0	8213.07128906	7.0	2.0	2244.171875	3.0	2.0	29.5799995661	0.0	0.999276459217	0.0343769975007	0.0162710938603	45.6290572657	22.5983934156	-63.1563491821	68.4903030396	-1.1239900589	0.684168055141	1.0	23.5200004578	24.1599998474	0.0	23.5200004578	0.966105180165	1.0	3
1.0	7338.55126953	6.0	2.0	4542.31884766	2.0	2.0	100.035201073	0.0	0.999279558659	0.0342860706151	0.0162725169212	22.2106427372	19.4747077288	-59.9160003662	71.5929489136	2.48049998283	0.741463725758	2.0	19.2600002289	40.4799995422	3.0	23.1800003052	0.967058152327	1.0	3
1.0	6100.93505859	6.0	2.0	2752.17285156	5.0	4.0	96.295198679	0.0	0.0314099267125	-0.976059794426	0.215222507715	14.0731467462	34.9767868908	-59.1761474609	73.5710525513	-13.3702507019	0.776899291165	3.0	3.88000011444	41.9800002575	2.0	19.2600002289	0.987097529719	1.0	3
1.0	3716.41796875	2.0	0.0	1998.54711914	1.0	0.0	0.0	10.0	0.0	0.0	0.0	0.0	0.0	0.0	0.0	0.0	2.0	0.0	0.0	0.0	0.0	0.0	0.000206200179832	0.0	3
1.0	9338.79980469	12.0	6.0	7575.06738281	10.0	4.0	70.1799993515	0.0	0.00336469453759	0.994228243828	-0.107232600451	55.2623020287	13.5144259496	-75.5478515625	43.3391494751	-6.99324989319	0.723484901412	6.0	1.05999994278	79.4800004959	7.0	21.8199996948	0.988104181992	1.0	3
1.0	16384.4375	10.0	3.0	6769.16796875	7.0	3.0	48.5200009346	0.0	-0.999532818794	0.0	-0.0305630192161	9.52965817736	43.8772264751	-59.4793510437	76.4419021606	-26.4249992371	0.00848393293499	4.0	10.2399997711	69.1200008392	4.0	23.6800003052	0.999998292683	1.0	3
1.0	16072.0273438	18.0	7.0	9403.83398438	10.0	6.0	114.200000525	0.0	-0.00326311099343	-0.99422866106	0.107231944799	14.5252504716	43.2304890374	-58.4165000916	79.5080032349	-8.88653564453	0.587834414271	6.0	1.05999994278	64.8000020981	5.0	21.0200004578	0.999999731808	1.0	3
1.0	9862.16699219	6.0	2.0	4074.76293945	4.0	1.0	27.3199987411	0.0	0.00336469453759	0.994228243828	-0.107232600451	22.5939264641	0.0	-75.5478515625	43.3391494751	-6.99324989319	0.723484901412	1.0	9.06000041962	8.81999969482	1.0	9.06000041962	0.99830532195	1.0	3
1.0	10327.0664062	5.0	1.0	3062.80297852	2.0	1.0	3.5	0.0	-0.999529957771	0.0	-0.0306578166783	0.0	1.75878974203	-63.8048477173	71.7061004639	-24.5598506927	0.877774131915	0.0	0.0	0.0	1.0	21.0200004578	0.992277779207	1.0	3
1.0	12023.5800781	5.0	2.0	4592.87304688	6.0	3.0	62.1687996387	0.0	-0.999529957771	0.0	-0.0306577067822	2.95472587944	39.7972979938	-62.0270500183	74.7240982056	-12.9399499893	0.990679031558	4.0	14.6199998856	84.3799982071	2.0	23.6800003052	0.999827421107	1.0	3
1.0	10662.5898438	7.0	1.0	2991.11474609	5.0	1.0	8.10879993439	0.0	0.99953109026	0.0	0.0306207444519	2.34737363179	16.1302315057	-64.4039459229	69.5493011475	-5.02208995819	0.728733788237	1.0	24.0400009155	22.9599990845	0.0	24.0400009155	0.998914336318	1.0	3
1.0	4568.44873047	3.0	1.0	5229.60693359	4.0	1.0	4.85559988022	0.0	0.999529957771	0.0	0.0306577067822	1.7588667893	37.7174558154	-70.3978500366	53.6029014587	-18.3483505249	0.548567867144	1.0	22.8999996185	22.8400001526	0.0	22.8999996185	0.432318418121	1.0	3
1.0	12193.1083984	7.0	2.0	6262.29296875	4.0	3.0	70.2644000053	0.0	0.0032673520036	0.994233012199	-0.107191734016	0.0	33.1323349594	-62.6968994141	66.5584564209	-43.2935028076	0.891131515343	4.0	4.55999994278	73.1999998093	2.0	23.6800003052	0.999959094346	1.0	3
1.0	3707.65991211	2.0	1.0	693.955993652	1.0	1.0	13.2999997139	2.71234402186	0.44315379858	0.5436591506	-0.712775886059	14.7661526384	12.4256395289	-66.1123962402	62.3837966919	-11.1268196106	0.0496539555777	0.0	0.0	0.0	0.0	0.0	-1.0	0.0	3
1.0	15115.9257812	9.0	3.0	8059.92675781	10.0	6.0	170.34000051	0.0	-0.053623713553	-0.956504404545	0.286746948957	1.59139335606	35.2817891053	-57.9242019653	77.6365966797	-10.6014003754	0.954117105648	10.0	1.08000004292	105.739999294	4.0	22.5200004578	0.999400525843	1.0	3
1.0	10753.8847656	15.0	2.0	2741.62915039	8.0	3.0	21.4000002146	0.0	-0.995688736439	0.0703831985593	0.0604165419936	17.8190687062	19.7205237384	-62.6591491699	68.8914489746	3.75809001923	0.819045899709	1.0	9.18000030518	9.30000019073	1.0	9.18000030518	0.949209042853	1.0	3
1.0	13202.0820312	10.0	3.0	2148.00683594	6.0	4.0	39.3999996185	0.0	-0.0535349845886	-0.956508994102	0.28674814105	26.4881486327	38.8182877829	-62.7863502502	62.2023010254	-19.5718994141	0.704922347926	4.0	10.1800003052	47.1599998474	0.0	22.0799999237	0.997577391247	1.0	3
1.0	6467.14453125	8.0	2.0	1203.39196777	4.0	3.0	73.8399991989	0.0	0.0535349845886	0.956508994102	-0.28674814105	31.9473849358	11.8753944335	-62.7863502502	62.2023010254	-19.5718994141	0.704922347926	3.0	11.8999996185	39.4800004959	0.0	14.720000267	0.841436876907	1.0	3
1.0	8044.78320312	6.0	4.0	4861.76367188	6.0	5.0	131.719999194	0.0	-0.053623713553	-0.956504404545	0.286746948957	1.59139335606	39.0255574091	-57.9242019653	77.6365966797	-10.6014003754	0.954117105648	13.0	1.08000004292	144.400000095	3.0	22.0799999237	0.995600396251	1.0	3
1.0	4877.03125	3.0	2.0	3931.38452148	3.0	3.0	85.0799992085	0.0	-0.0536270588636	-0.956504285336	0.286746710539	14.0399807993	40.2200596653	-72.1475982666	46.9787979126	-11.7828998566	0.00445555571766	5.0	1.08000004292	56.2800011635	1.0	1.08000004292	0.788658000834	1.0	3
1.0	6609.03125	9.0	6.0	4301.46826172	3.0	3.0	135.819999456	0.0	-0.0535351336002	-0.956511676311	0.286739170551	65.5811431024	3.91071987716	-74.6790466309	31.7865009308	1.76869499683	0.565593592437	7.0	1.08000004292	55.3600001335	2.0	2.16000008583	0.98232240332	1.0	3
1.0	3025.21606445	2.0	1.0	722.874023438	2.0	2.0	4.05999994278	2.8379833734	-0.394143879414	-0.45895549655	0.796247720718	26.4245875017	3.23781754306	-65.1835479736	67.3177490234	-0.634474992752	0.953030305204	0.0	0.0	0.0	0.0	0.0	0.476583802361	1.0	3
1.0	7452.54003906	6.0	5.0	4602.66064453	5.0	5.0	183.139999032	0.0	-0.0535351336002	-0.956511676311	0.286739170551	65.5811431024	3.91071987716	-74.6790466309	31.7865009308	1.76869499683	0.565593592437	13.0	1.08000004292	155.219999313	4.0	22.5200004578	0.995638808059	1.0	3
1.0	4426.25683594	1.0	1.0	1254.84399414	1.0	1.0	2.03999996185	2.49566025768	0.309600800276	-0.130243256688	-0.941904485226	6.42434861773	1.04236881144	-69.257850647	56.0603027344	-18.9678497314	0.0562913373951	0.0	0.0	0.0	0.0	0.0	-1.0	0.0	3
1.0	13043.8164062	16.0	2.0	3520.04443359	7.0	4.0	7.28079977259	0.0	0.0335507653654	0.986686170101	-0.159137427807	2.83086369152	34.7216535073	-54.7481498718	80.3101501465	-17.3125495911	0.810100921466	1.0	14.6400003433	15.8599996567	1.0	14.6400003433	0.998056515336	1.0	3
1.0	9899.49316406	22.0	6.0	4965.75244141	6.0	2.0	61.4399995804	0.0	0.0335470587015	0.986687541008	-0.159129887819	66.7967758898	1.79995269124	-78.2540435791	29.1972007751	-2.52577495575	0.795532882182	3.0	5.96000003815	26.7400004864	3.0	31.6599998474	0.988104175902	1.0	3
1.0	11609.0166016	20.0	6.0	5658.56542969	10.0	2.0	57.8399991989	0.0	0.0335470587015	0.986687541008	-0.159129887819	60.7305333175	1.79995269124	-78.2540435791	29.1972007751	-2.52577495575	0.795532882182	1.0	22.1800003052	13.3400001526	1.0	31.6599998474	0.998711499343	1.0	3
1.0	3849.88134766	8.0	4.0	3238.80419922	4.0	3.0	35.5799998641	0.0	0.0335470512509	0.986689329147	-0.159118816257	13.9257029401	46.7649495046	-58.0895500183	73.0883026123	-14.5766506195	0.956722401438	2.0	10.1800003052	24.8999996185	1.0	10.1800003052	0.960614604185	1.0	3
1.0	5083.62207031	9.0	3.0	2658.8203125	3.0	3.0	53.4443998337	0.0	-0.999262571335	0.0310820713639	0.0225431006402	2.5494408355	31.2740934763	-61.0833511353	69.3307037354	-25.7785491943	0.165140385212	6.0	2.46000003815	63.1800003052	2.0	10.1800003052	0.971565028287	1.0	3
1.0	6907.18457031	7.0	1.0	2854.62695312	3.0	1.0	0.959999978542	0.0	0.999265670776	-0.0309832505882	-0.0225430876017	2.06012976439	1.04236881144	-68.8145523071	55.6708526611	-21.8893508911	0.178674045851	4.0	4.92000007629	42.220000267	2.0	12.5799999237	0.873637666097	1.0	3
1.0	4631.92871094	8.0	2.0	3690.27026367	5.0	3.0	31.9399995804	0.0	-0.999262571335	0.0310820713639	0.0225431006402	2.5494408355	33.7956257024	-61.0833511353	69.3307037354	-25.7785491943	0.165140385212	4.0	4.92000007629	30.6199998856	2.0	10.1800003052	0.974881221187	1.0	3
1.0	8980.47363281	7.0	3.0	2186.77709961	2.0	2.0	22.1599997878	0.0	0.999265670776	-0.0309832505882	-0.0225430876017	15.9669451186	1.04236881144	-68.8145523071	55.6708526611	-21.8893508911	0.178674045851	8.0	5.96000003815	100.940001249	2.0	12.5799999237	0.968885775573	1.0	3
1.0	8717.6328125	6.0	2.0	4406.38867188	5.0	3.0	55.8600005507	0.0	0.0335550718009	0.986689209938	-0.159117802978	0.950858589524	27.2805879884	-68.2914505005	57.6268997192	-25.1891498566	0.135683731039	7.0	4.92000007629	94.9800014496	3.0	17.4599990845	0.987265437771	1.0	3
1.0	3498.4519043	1.0	0.0	2670.75488281	1.0	0.0	0.0	10.0	0.0	0.0	0.0	0.0	0.0	0.0	0.0	0.0	2.0	0.0	0.0	0.0	0.0	0.0	0.000206200179832	0.0	3
1.0	19409.3359375	20.0	6.0	11613.7851562	3.0	1.0	87.279999733	0.0	-0.00770649453625	0.965329825878	-0.260919451714	74.5927418113	2.00152121235	-74.5474014282	33.1305999756	-10.0455207825	0.812361528187	3.0	18.2199993134	20.5199999809	4.0	33.5200004578	0.999999999994	1.0	3
1.0	8346.04980469	11.0	0.0	4965.33105469	5.0	0.0	0.0	10.0	0.0	0.0	0.0	0.0	0.0	0.0	0.0	0.0	2.0	0.0	0.0	0.0	0.0	0.0	0.000206200179832	1.0	3
1.0	17947.9277344	19.0	6.0	10485.8808594	4.0	1.0	107.199999809	0.0	-0.999440610409	0.0	0.0334430113435	19.015900245	33.4657377319	-57.9711494446	70.4481964111	-17.1215000153	0.449295816191	7.0	4.46000003815	38.0599999428	6.0	33.5200004578	0.999999986842	1.0	3
1.0	8757.83691406	8.0	3.0	7242.02880859	1.0	1.0	19.779999733	0.0	-0.00770649453625	0.965329825878	-0.260919451714	21.9486502772	2.00152121235	-74.5474014282	33.1305999756	-10.0455207825	0.812361528187	1.0	18.2199993134	7.65999984741	2.0	33.5200004578	0.997534480494	1.0	3
1.0	6514.70751953	9.0	4.0	4883.01660156	6.0	4.0	62.0799999237	0.0	0.999440431595	0.0	-0.0334491208196	46.5708307843	2.02617958921	-72.4857025146	51.1414985657	8.25797462463	0.637056185182	5.0	5.48000001907	80.9600019455	3.0	24.5200004578	0.987745542157	1.0	3
1.0	5703.1640625	9.0	0.0	789.718994141	1.0	0.0	0.0	10.0	0.0	0.0	0.0	0.0	0.0	0.0	0.0	0.0	2.0	0.0	0.0	0.0	0.0	0.0	0.000206200179832	1.0	3
1.0	7051.77246094	9.0	4.0	4879.51269531	5.0	2.0	38.9199991226	0.0	-0.00770649453625	0.965329825878	-0.260919451714	59.5119612477	2.00152121235	-74.5474014282	33.1305999756	-10.0455207825	0.812361528187	2.0	8.85999965668	21.1943998486	3.0	33.5200004578	0.977640778654	1.0	3
1.0	3537.12670898	2.0	1.0	2632.08007812	1.0	1.0	0.0	10.0	0.0	0.0	0.0	0.0	0.0	0.0	0.0	0.0	2.0	1.0	18.2199993134	7.65999984741	1.0	18.2199993134	0.163319226584	1.0	3
1.0	8094.53564453	12.0	4.0	8226.87207031	2.0	1.0	78.9200000763	0.0	-0.00759991863742	0.96531277895	-0.26098549366	6.03332562787	42.4912777066	-54.476852417	78.327255249	-19.3703994751	0.836351909867	5.0	6.30000019073	68.5944004208	5.0	24.5200004578	0.996091681682	1.0	3
