valid	volumeS1	connectedComponentsS1	connectedComponentsS1Rel	volumeS2	connectedComponentsS2	connectedComponentsS2Rel	corticalSize	distanceMin	direction_x	direction_y	direction_z	distanceToExtremity1	distanceToExtremity2	gravityCenter_x	gravityCenter_y	gravityCenter_z	corticalDotProduct	junctions	junctionDepthMin	junctionsSize	plisDePassage	plisDePassageDepthMax	Potential	Class	cycle
1.0	2381.97192383	2.0	1.0	69.3351974487	1.0	1.0	3.18000006676	0.0	0.0584630407393	0.987321555614	-0.147574335337	1.34690769598	0.979459130672	-61.3749008179	-13.7241001129	-46.4092483521	0.233548653818	1.0	1.96000003815	0.0	0.0	1.96000003815	-1.0	0.0	1
1.0	9084.09765625	8.0	3.0	3546.76538086	4.0	3.0	39.560000062	0.0	0.0584563724697	0.987322926521	-0.147568017244	2.08571565439	40.2498580448	-74.4593963623	6.04696989059	-35.2936515808	0.916793749247	1.0	8.72000026703	9.03999996185	2.0	16.5599994659	0.993581578072	1.0	1
1.0	3711.71777344	4.0	2.0	642.643432617	2.0	2.0	0.0	10.0	0.0	0.0	0.0	0.0	0.0	0.0	0.0	0.0	2.0	2.0	13.9200000763	24.4600000381	0.0	25.1399993896	0.271184912209	1.0	1
1.0	7627.0859375	12.0	6.0	4764.87744141	4.0	3.0	41.2400000095	0.0	0.0584627240896	0.987315177917	-0.14761723578	39.0832351736	1.8337577808	-59.5246963501	-22.1119995117	-4.79317998886	0.219654324533	18.0	5.51999998093	169.292800933	0.0	31.5400009155	0.977899558247	1.0	1
1.0	1692.25476074	2.0	0.0	69.3351974487	1.0	0.0	0.0	10.0	0.0	0.0	0.0	0.0	0.0	0.0	0.0	0.0	2.0	0.0	0.0	0.0	0.0	0.0	0.000206200179832	1.0	1
1.0	3341.61987305	7.0	6.0	3288.70141602	4.0	4.0	114.179999709	0.0	0.0584629438818	0.987321019173	-0.147578254342	23.179109424	1.77764188321	-44.6537017822	-48.5828018188	-37.4736480713	0.261715462371	3.0	3.55999994278	12.9599997997	1.0	22.5599994659	0.965920622227	1.0	1
1.0	1123.69641113	2.0	1.0	113.54599762	2.0	2.0	9.37999987602	0.0	0.0584630407393	0.987321555614	-0.147574335337	1.34690769598	0.979459130672	-61.3749008179	-13.7241001129	-46.4092483521	0.233548653818	1.0	1.96000003815	0.0	0.0	1.96000003815	0.317962896063	1.0	1
1.0	5212.86230469	9.0	8.0	2709.1027832	4.0	4.0	174.299999714	0.0	-0.997891545296	0.0560208894312	0.0327736213803	0.0	14.6164364583	-65.3459014893	-8.82077503204	-42.4719467163	0.302263252228	8.0	1.96000003815	77.6999998093	1.0	22.5599994659	0.986007023669	1.0	1
1.0	478.189819336	2.0	0.0	69.3351974487	1.0	0.0	0.0	10.0	0.0	0.0	0.0	0.0	0.0	0.0	0.0	0.0	2.0	0.0	0.0	0.0	0.0	0.0	0.000206200179832	1.0	1
1.0	3820.4921875	7.0	6.0	2807.67822266	5.0	5.0	140.340000391	0.0	-0.997891545296	0.0560208894312	0.0327736213803	0.0	14.6164364583	-65.3459014893	-8.82077503204	-42.4719467163	0.302263252228	5.0	1.96000003815	57.7399997711	0.0	25.6000003815	0.96736101644	1.0	1
1.0	3101.61230469	1.0	0.0	877.403015137	1.0	0.0	0.0	10.0	0.0	0.0	0.0	0.0	0.0	0.0	0.0	0.0	2.0	0.0	0.0	0.0	0.0	0.0	0.000206200179832	0.0	1
1.0	11346.8779297	8.0	4.0	4565.95117188	4.0	3.0	93.0199987888	0.0	0.995595037937	-0.0935955941677	0.00550810061395	2.06075002688	27.054378084	-69.7331008911	5.02674007416	-31.4840011597	0.74005891451	9.0	3.16000008583	94.1799991131	5.0	24.6200008392	0.999998820717	1.0	1
1.0	3856.05029297	2.0	0.0	2128.52294922	2.0	0.0	0.0	10.0	0.0	0.0	0.0	0.0	0.0	0.0	0.0	0.0	2.0	0.0	0.0	0.0	0.0	0.0	0.000206200179832	1.0	1
1.0	9627.51367188	9.0	5.0	2955.25683594	5.0	4.0	109.706730248	0.0	-0.104940235615	-0.992566466331	-0.0616387017071	33.3321800841	24.110645733	-46.1014022827	-7.69786548615	-52.0536003113	0.732732543128	12.0	1.44000005722	111.140000105	8.0	24.6200008392	0.979856376563	1.0	1
1.0	139.050003052	1.0	1.0	1126.19104004	2.0	1.0	13.220000267	0.0	-0.104945488274	-0.992565751076	-0.0616417899728	2.10282345675	32.6819267048	-54.4311981201	-16.1301498413	-47.1898002625	0.744639513315	0.0	0.0	0.0	1.0	8.56000041962	0.982551912409	1.0	1
1.0	3499.44213867	4.0	3.0	2083.87597656	5.0	4.0	45.5	0.0	0.995591640472	-0.0936322957277	0.00550629012287	38.2843665087	2.10282345675	-53.3524017334	-40.3079986572	-34.0601997375	0.0386125762516	2.0	10.0200004578	36.8199996948	3.0	23.5599994659	0.827430044299	1.0	1
1.0	5736.68457031	4.0	2.0	2959.47998047	2.0	1.0	4.19999980927	3.36386688131	0.617395877838	0.500047266483	-0.607268512249	19.4735789569	23.6763924172	-49.7509002686	-12.0053348541	-48.709602356	0.321163597271	2.0	21.0599994659	11.0	2.0	21.0599994659	0.987745527536	1.0	1
1.0	1282.61193848	3.0	1.0	3575.47802734	4.0	3.0	4.19999980927	2.96043742041	0.218799740076	0.907547175884	-0.358447819948	16.1355006232	28.9938844113	-42.3963012695	-8.11505031586	-61.1559524536	0.284285338963	1.0	21.0599994659	5.5	1.0	21.0599994659	0.968642567988	1.0	1
1.0	6665.98193359	9.0	5.0	2511.08984375	6.0	6.0	93.6084008217	0.0	-0.995600402355	0.0935385897756	-0.00550813041627	32.8362169039	2.78413705211	-47.1263999939	-51.1896514893	-27.35779953	0.145030561719	6.0	3.0	44.2600004673	3.0	5.71999979019	0.999849133722	1.0	1
1.0	2235.3137207	1.0	1.0	2070.96069336	1.0	1.0	17.5600004196	2.9442486448	0.769721925259	-0.00466045411304	-0.638362288475	21.413013705	25.8254499909	-57.25	-19.5527992249	-43.6621513367	0.896913317945	0.0	0.0	0.0	0.0	0.0	-1.0	0.0	1
1.0	10724.2587891	12.0	7.0	5960.57519531	7.0	5.0	57.7496005446	0.0	0.0334228165448	0.984705328941	-0.170992210507	18.189363242	2.10714322117	-68.7454528809	0.0160830020905	-29.6614990234	0.76689712734	15.0	4.76000022888	176.63999939	2.0	6.34000015259	0.999531271505	1.0	1
1.0	2083.74658203	2.0	2.0	623.048034668	3.0	3.0	42.080000639	0.0	-0.0334203280509	-0.984688639641	0.171088710427	3.07245116094	3.73997155901	-53.4049530029	-40.4093017578	-33.7771530151	0.429062276582	3.0	7.98000001907	33.6199998856	1.0	13.720000267	0.893094703063	1.0	1
1.0	10299.0292969	11.0	5.0	6553.94628906	7.0	4.0	128.200000525	0.0	0.0334173999727	0.984704196453	-0.170999854803	20.3498793845	2.1072013057	-64.7093505859	-16.0440998077	-17.8940010071	0.650748414855	14.0	4.76000022888	160.900000095	2.0	11.0799999237	0.997894865674	1.0	1
1.0	2627.14648438	6.0	3.0	6107.19042969	4.0	3.0	29.9895999581	0.0	0.999344289303	-0.0346973277628	-0.0103505048901	3.14874842254	38.8627411578	-33.077999115	-12.1028499603	-64.3576965332	0.579214522753	5.0	8.31999969482	66.5799999237	0.0	26.0400009155	0.220442547592	1.0	1
1.0	5293.62646484	5.0	5.0	3896.19580078	6.0	6.0	66.4696003348	0.0	0.0334208495915	0.984704077244	-0.170999839902	29.9204568316	2.37667525081	-53.4497528076	-42.2855987549	-31.6409988403	0.66948941869	7.0	7.98000001907	79.5	2.0	13.720000267	0.979323699773	1.0	1
1.0	1052.56555176	3.0	2.0	4670.65234375	4.0	3.0	31.7599999905	0.0	0.0334203280509	0.984688639641	-0.171088710427	32.5248952464	3.07245116094	-53.4049530029	-40.4093017578	-33.7771530151	0.429062276582	3.0	11.0799999237	35.1200003624	2.0	13.720000267	0.8100578661	1.0	1
1.0	4967.00830078	3.0	3.0	5845.18359375	5.0	4.0	103.860000372	0.0	0.999345302582	-0.0346956625581	-0.0102552445605	37.6015189038	2.38183533987	-54.9406013489	-34.9676513672	-38.3153495789	0.0190875191337	8.0	4.76000022888	86.7800002098	2.0	11.0799999237	0.985085956225	1.0	1
1.0	1597.80664062	2.0	2.0	2544.85742188	2.0	2.0	39.740000248	0.0	0.0334178842604	0.984706521034	-0.170986384153	30.4288419786	2.24226839996	-53.4128494263	-41.198348999	-31.8297996521	0.337796277894	5.0	13.3599996567	75.4399995804	1.0	13.720000267	0.370425520614	1.0	1
1.0	4884.43701172	5.0	3.0	5202.10351562	6.0	5.0	120.56000042	0.0	0.0334178842604	0.984706521034	-0.170986384153	27.472692227	2.24226839996	-53.4128494263	-41.198348999	-31.8297996521	0.337796277894	9.0	7.98000001907	119.179999828	1.0	11.0799999237	0.983655879596	1.0	1
1.0	2468.86499023	2.0	1.0	1916.26647949	1.0	1.0	17.3999996185	2.08320902136	0.0599345900118	0.903714954853	-0.42391872406	25.3225206747	2.67122391546	-49.0481491089	-23.904750824	-51.1588516235	0.506218366036	0.0	0.0	0.0	0.0	0.0	-1.0	0.0	1
1.0	10779.9511719	12.0	5.0	7341.92529297	7.0	5.0	104.359999657	0.0	-0.998028993607	0.0332349464297	-0.0532307401299	1.51266619302	38.6546140243	-66.0905456543	4.37687015533	-38.3787002563	0.828713886058	6.0	9.5	64.4915995896	1.0	19.1399993896	0.999910960055	1.0	1
1.0	8029.35546875	13.0	5.0	2315.85449219	8.0	5.0	87.680000782	0.0	-0.0461962968111	-0.993750214577	0.101619109511	1.74235832083	30.2897372865	-67.8484039307	2.91631984711	-38.3136978149	0.473130762168	4.0	13.1999998093	34.1600003242	0.0	36.4799995422	0.999774765664	1.0	1
1.0	1115.72692871	5.0	3.0	6823.92675781	5.0	4.0	46.0	0.0	0.9980276227	-0.0332708582282	0.053234051913	3.53851502641	38.1815784712	-48.8413505554	-13.1928501129	-57.3178024292	0.765848050069	3.0	9.5	31.0399999619	0.0	17.8199996948	0.920543666154	1.0	1
1.0	3764.84301758	9.0	6.0	3623.34716797	4.0	3.0	77.3399991989	0.0	0.9980276227	-0.0332708582282	0.053234051913	7.34086890409	29.720418892	-48.8413505554	-13.1928501129	-57.3178024292	0.765848050069	5.0	9.5	58.0199995041	2.0	19.1399993896	0.986176231236	1.0	1
1.0	1580.73022461	3.0	0.0	1815.5045166	1.0	0.0	0.0	10.0	0.0	0.0	0.0	0.0	0.0	0.0	0.0	0.0	2.0	0.0	0.0	0.0	0.0	0.0	0.000206200179832	1.0	1
1.0	3815.53393555	8.0	6.0	7321.22460938	6.0	4.0	100.640000582	0.0	0.9980276227	-0.0332708582282	0.053234051913	7.34086890409	38.1815784712	-48.8413505554	-13.1928501129	-57.3178024292	0.765848050069	6.0	9.5	81.3399991989	3.0	22.5	0.980477588343	1.0	1
1.0	1834.91906738	5.0	2.0	1815.5045166	1.0	1.0	24.4999995232	0.0	0.046189840883	0.993750751019	-0.101616896689	2.70622500338	0.0	-46.6197967529	-22.6469993591	-53.3330001831	0.757481186583	0.0	0.0	0.0	1.0	16.7800006866	0.0421624895764	1.0	1
1.0	3901.75292969	6.0	1.0	4805.76220703	3.0	1.0	7.09999990463	0.0	0.046189840883	0.993750751019	-0.101616896689	5.81480700454	37.8353644871	-46.6197967529	-22.6469993591	-53.3330001831	0.757481186583	0.0	0.0	0.0	1.0	16.7800006866	0.99578176523	1.0	1
1.0	3041.63452148	3.0	1.0	1612.44799805	1.0	1.0	9.15999984741	0.0	-0.00610284879804	0.998385310173	-0.0564757473767	2.32103598124	11.933400188	-62.0480003357	-5.95275020599	-41.7468032837	0.623592496895	4.0	3.75999999046	47.9624010697	3.0	25.6000003815	-1.0	0.0	1
1.0	10624.7216797	8.0	5.0	6110.19238281	9.0	6.0	77.3600001335	0.0	-0.994935870171	0.0	0.100511498749	48.0528095239	1.88028526202	-44.6375999451	-48.628200531	-32.0018501282	0.698426414135	7.0	9.43999958038	83.4800004959	2.0	14.0200004578	0.999999995762	1.0	1
1.0	8359.36523438	11.0	3.0	5137.86767578	7.0	2.0	36.7000005245	0.0	-0.994935870171	0.0	0.100511834025	25.685452503	48.6687061266	-49.90650177	-26.1151008606	-49.3773498535	0.514675150799	3.0	3.75999999046	15.462400116	2.0	14.8599996567	0.999393639502	1.0	1
1.0	4188.86816406	9.0	1.0	3284.68920898	3.0	2.0	30.3800001144	2.28133298122	-0.220330163836	0.974852859974	-0.0334135890007	1.81848039404	22.019920853	-69.8237457275	3.4799349308	-35.4556503296	0.535812962	0.0	0.0	0.0	0.0	0.0	0.978554552367	1.0	1
1.0	6072.8984375	11.0	4.0	3387.18310547	5.0	3.0	77.1236009598	0.0	-0.00620058644563	0.998390138149	-0.05637954548	25.3368083712	2.89611220553	-67.4993515015	-20.1229515076	-19.2315502167	0.91356012161	3.0	10.279999733	43.92000103	1.0	14.8599996567	0.997001444749	1.0	1
1.0	6277.00195312	11.0	6.0	6470.63476562	8.0	8.0	168.840001225	0.0	-0.00620058644563	0.998390138149	-0.05637954548	25.3368083712	22.269978323	-67.4993515015	-20.1229515076	-19.2315502167	0.91356012161	9.0	2.6400001049	93.3800020218	5.0	25.4400005341	0.99956956807	1.0	1
1.0	1674.57250977	6.0	4.0	1723.15710449	2.0	2.0	24.0199995041	0.0	-0.00610293960199	0.9983907938	-0.0563789978623	1.86689482275	0.0	-54.2495002747	-7.49278497696	-53.0243530273	0.93707271756	5.0	3.75999999046	52.1599998474	4.0	24.6200008392	0.99592004789	1.0	1
1.0	357.389007568	1.0	1.0	721.858032227	2.0	2.0	14.9399995804	1.83319666382	0.233858197927	0.257306009531	-0.937605440617	1.51363721376	16.9895231921	-60.8806533813	-26.0220489502	-36.1852493286	0.723790124121	1.0	12.6800003052	15.279999733	1.0	12.6800003052	0.980629964053	1.0	1
1.0	5363.27734375	9.0	4.0	6264.41552734	7.0	5.0	72.9035999775	0.0	-0.994935870171	0.0	0.100511834025	15.2359539989	42.2857720767	-49.90650177	-26.1151008606	-49.3773498535	0.514675150799	12.0	2.6400001049	156.182403244	7.0	25.6000003815	0.99640104761	1.0	1
1.0	462.028991699	2.0	1.0	1001.30603027	2.0	1.0	0.0	10.0	0.0	0.0	0.0	0.0	0.0	0.0	0.0	0.0	2.0	1.0	3.75999999046	0.0	0.0	3.75999999046	0.998266183109	1.0	1
1.0	3178.81298828	1.0	1.0	1534.1776123	1.0	1.0	11.220000267	0.0	0.0429926924407	0.985948979855	-0.161419287324	1.20245496103	2.85443433406	-64.2048492432	-10.2377204895	-42.5285491943	0.611746143415	2.0	15.1000003815	30.5199995041	2.0	26.3199996948	-1.0	0.0	1
1.0	9898.36035156	15.0	6.0	3607.35546875	5.0	4.0	42.1600010395	0.0	0.0429156422615	0.985950946808	-0.161427795887	4.00818733471	21.3357407315	-39.0039978027	-19.765750885	-67.7610473633	0.555651829599	11.0	3.90000009537	112.159999371	5.0	25.8999996185	0.999978669019	1.0	1
1.0	10164.2871094	8.0	5.0	2594.56079102	7.0	6.0	91.5999994278	0.0	-0.998987615108	0.0365960039198	-0.0261627435684	30.4566053855	0.0	-59.9548034668	-32.5321998596	-23.1676998138	0.49503202902	15.0	3.90000009537	193.769600987	6.0	25.8999996185	0.999993210908	1.0	1
1.0	11021.9736328	14.0	6.0	5959.38769531	10.0	8.0	188.120000362	0.0	-0.0429157800972	-0.985954880714	0.161403715611	32.8024686189	1.79007859699	-60.21900177	-12.36784935	-5.68413496017	0.249285296452	23.0	1.24000000954	251.954799108	15.0	27.8999996185	0.999999996297	1.0	1
1.0	6137.25976562	4.0	1.0	1650.5246582	2.0	2.0	27.9600000381	0.0	0.0429926924407	0.985948979855	-0.161419287324	37.9208593351	17.5222492795	-64.2048492432	-10.2377204895	-42.5285491943	0.611746143415	2.0	15.1000003815	30.5199995041	2.0	26.3199996948	0.971145262523	1.0	1
1.0	6362.59082031	5.0	4.0	5017.89599609	5.0	4.0	170.740000725	0.0	-0.0429157800972	-0.985954880714	0.161403715611	35.0932696814	1.79007859699	-60.21900177	-12.36784935	-5.68413496017	0.249285296452	5.0	7.67999982834	81.1199989319	5.0	26.3199996948	0.999161878628	1.0	1
1.0	6440.59423828	6.0	3.0	2368.72143555	5.0	2.0	67.5200002193	0.0	0.042916148901	0.985964119434	-0.161347195506	29.055893724	19.0510215014	-43.0226974487	-44.3587493896	-45.5881004333	0.374417317191	2.0	9.60000038147	18.3000001907	1.0	10.779999733	0.998804546606	1.0	1
1.0	5467.5078125	5.0	1.0	1469.24462891	3.0	3.0	52.7999997139	0.0	0.0429926924407	0.985948979855	-0.161419287324	1.20245496103	30.2746269956	-64.2048492432	-10.2377204895	-42.5285491943	0.611746143415	6.0	11.9200000763	79.8400001526	3.0	25.8999996185	0.949091759634	1.0	1
1.0	4394.99707031	6.0	6.0	3205.15600586	5.0	5.0	136.500001192	0.0	0.0429155752063	0.985951006413	-0.161427542567	32.9917773954	1.78717151238	-58.4233016968	-40.3064498901	-21.8572502136	0.612915829185	7.0	1.24000000954	108.440000772	7.0	26.3199996948	0.979150200409	1.0	1
1.0	2403.453125	2.0	0.0	1053.45703125	1.0	0.0	0.0	10.0	0.0	0.0	0.0	0.0	0.0	0.0	0.0	0.0	2.0	0.0	0.0	0.0	0.0	0.0	0.000206200179832	0.0	1
1.0	10793.8544922	8.0	6.0	4229.22802734	8.0	6.0	97.6000001431	0.0	-0.003827808192	-0.980668306351	0.195640012622	20.9615203303	2.50948587418	-56.479598999	-15.4496002197	-6.12498521805	0.146328653336	16.0	3.33999991417	121.856288781	1.0	12.9799995422	0.99983527517	1.0	1
1.0	2630.80419922	7.0	1.0	3540.35327148	2.0	1.0	0.0	10.0	0.0	0.0	0.0	0.0	0.0	0.0	0.0	0.0	2.0	2.0	12.1400003433	25.8599996567	0.0	28.0400009155	0.762413204224	1.0	1
1.0	6933.265625	10.0	5.0	2919.12963867	5.0	4.0	43.8999996185	0.0	0.00372824445367	0.980662822723	-0.195669412613	38.7167740991	20.1654899207	-60.407951355	-27.2457504272	-28.3050003052	0.200013536425	5.0	8.34000015259	37.3828007877	0.0	35.0400009155	0.993299163026	1.0	1
1.0	3782.31884766	4.0	0.0	1053.45703125	1.0	0.0	0.0	10.0	0.0	0.0	0.0	0.0	0.0	0.0	0.0	0.0	2.0	0.0	0.0	0.0	0.0	0.0	0.000206200179832	1.0	1
1.0	5506.89501953	2.0	2.0	1724.34533691	5.0	3.0	13.7200003862	0.0	0.999825954437	0.0	0.0186564903706	13.0846196213	1.49155104846	-57.5012969971	-19.3358001709	-37.9831504822	0.0331954315149	4.0	12.1400003433	57.0600004196	0.0	24.8999996185	0.969446115437	1.0	1
1.0	2526.63085938	3.0	0.0	1168.67004395	2.0	0.0	0.0	10.0	0.0	0.0	0.0	0.0	0.0	0.0	0.0	0.0	2.0	0.0	0.0	0.0	0.0	0.0	0.000206200179832	1.0	1
1.0	4919.42041016	4.0	4.0	4195.61083984	6.0	4.0	134.099199772	0.0	0.999826014042	0.0	0.0186529867351	2.53051303899	34.6608893547	-60.6737976074	-7.06457996368	-42.8211517334	0.172385686058	7.0	7.15999984741	90.7600011826	3.0	18.6800003052	0.992937590108	1.0	1
1.0	1053.77441406	5.0	4.0	2326.58886719	2.0	1.0	37.4316002131	0.0	-0.00372828356922	-0.980682730675	0.195569619536	3.34018296264	34.2205491109	-61.2524490356	-10.2802448273	-41.0253486633	0.889729182125	4.0	8.34000015259	57.8600006104	1.0	18.6800003052	0.559985630308	1.0	1
1.0	6000.171875	3.0	3.0	2626.64306641	3.0	3.0	79.8800004721	0.0	0.00372436805628	0.980662822723	-0.195669606328	2.26137463166	25.7957016836	-60.1569519043	-8.33361434937	-41.3934020996	0.202233507081	5.0	6.98000001907	50.4200000763	3.0	12.9799995422	0.974084225728	1.0	1
1.0	3705.52612305	2.0	1.0	1675.31591797	1.0	1.0	14.1999998093	1.73691970136	0.44824013114	0.5467851758	-0.707182228565	31.4939163507	6.96770811307	-53.3313522339	-13.0825004578	-48.697052002	0.521032751025	0.0	0.0	0.0	0.0	0.0	-1.0	0.0	1
1.0	11088.984375	13.0	7.0	5937.61181641	8.0	5.0	251.619998932	0.0	-0.0265243127942	-0.97008317709	0.241319462657	38.7943973403	2.08105842778	-61.2518005371	-12.2490005493	-2.05743002892	0.298297577862	16.0	1.12000000477	203.072001934	10.0	27.7600002289	0.999999990283	1.0	1
1.0	10154.859375	10.0	5.0	6887.51806641	8.0	5.0	181.399999619	0.0	0.0265245810151	0.970082938671	-0.241320520639	24.0263396801	35.1861933405	-61.1689987183	-3.85085487366	-43.4924507141	0.609068236312	9.0	3.75999999046	90.3191998377	8.0	27.7600002289	0.999999998466	1.0	1
1.0	3908.67602539	5.0	3.0	3234.87646484	4.0	4.0	94.2000002861	0.0	0.0265284851193	0.97008228302	-0.241322696209	2.32737443574	31.3476202683	-60.9482002258	-3.21060991287	-45.5012512207	0.730648792829	3.0	7.07999992371	59.5959997177	3.0	27.7600002289	0.998445062308	1.0	1
1.0	6941.57910156	10.0	2.0	1008.62548828	4.0	3.0	52.3199996948	0.0	-0.993496656418	0.0	-0.113861300051	46.7307511039	17.7075541301	-52.0756988525	-29.3194007874	-39.78125	0.32030474726	3.0	4.71999979019	11.72320012	3.0	6.48000001907	0.997691581708	1.0	1
1.0	3318.02587891	7.0	4.0	3437.41845703	2.0	2.0	72.8399991989	0.0	0.0265243202448	0.970082581043	-0.241321831942	45.1971949571	7.41555387303	-45.2453994751	-13.2295999527	-56.1615524292	0.495910379693	4.0	4.71999979019	48.447200574	1.0	4.71999979019	0.997331798388	1.0	1
1.0	4298.77587891	6.0	5.0	4244.27636719	4.0	4.0	148.462479711	0.0	0.0265243332833	0.970082998276	-0.241320103407	28.0901899396	2.04885481537	-53.3313980103	-43.3903999329	-23.2709503174	0.709549862662	7.0	7.07999992371	107.236001015	4.0	27.7600002289	0.987583914306	1.0	1
1.0	3583.43994141	6.0	4.0	2145.26098633	2.0	2.0	28.9399995804	0.0	0.993498206139	0.0	0.1138478145	33.024109836	0.0	-42.1131515503	-43.1797981262	-38.8944473267	0.970674407466	2.0	13.5600004196	33.6800012589	1.0	15.9600000381	0.586532190419	1.0	1
1.0	3014.53686523	3.0	2.0	3226.38037109	3.0	3.0	66.119998455	0.0	0.0265279840678	0.970083415508	-0.241318136454	5.32945184626	29.4770468545	-48.9986000061	-14.510099411	-52.5232505798	0.0677590876506	3.0	1.12000000477	30.3560009003	3.0	15.4399995804	0.980117513633	1.0	1
1.0	2095.61621094	2.0	0.0	1033.91992188	1.0	0.0	0.0	10.0	0.0	0.0	0.0	0.0	0.0	0.0	0.0	0.0	2.0	0.0	0.0	0.0	0.0	0.0	0.000206200179832	0.0	1
1.0	12673.4599609	9.0	3.0	4634.34228516	5.0	2.0	77.5599997044	0.0	-0.982117950916	0.129157796502	0.1369766891	38.5199414839	1.79011639404	-69.4844512939	-7.00062990189	-13.2597503662	0.656689335771	5.0	3.48000001907	31.3400011063	4.0	29.3600006104	0.999999784143	1.0	1
1.0	7837.56640625	11.0	4.0	2198.15112305	4.0	3.0	48.391200006	0.0	0.0849882289767	0.953448712826	-0.289331227541	1.4330934418	31.8018713185	-55.8508987427	1.75666499138	-47.3281478882	0.813378595523	3.0	19.9599990845	43.1400017738	2.0	29.3600006104	0.995530401144	1.0	1
1.0	12690.8056641	10.0	5.0	4227.18701172	4.0	2.0	77.2756000087	0.0	-0.982117950916	0.129157796502	0.1369766891	21.1023133756	1.79011639404	-69.4844512939	-7.00062990189	-13.2597503662	0.656689335771	7.0	3.48000001907	48.9399991035	3.0	4.51999998093	0.999999634889	1.0	1
1.0	3639.29956055	3.0	3.0	2014.47302246	4.0	3.0	47.5312010646	0.0	0.0849882289767	0.953448712826	-0.289331227541	1.79010868104	22.5302357571	-55.8508987427	1.75666499138	-47.3281478882	0.813378595523	2.0	19.9599990845	39.1800003052	0.0	20.2399997711	0.644320729248	1.0	1
1.0	8004.40332031	9.0	4.0	2129.71972656	3.0	2.0	70.7400009632	0.0	0.0849910378456	0.953448295593	-0.289331823587	2.03708762004	23.5245479786	-56.28150177	-5.7137298584	-51.2356491089	0.324991738674	3.0	3.48000001907	3.53999996185	5.0	22.2999992371	0.992189356499	1.0	1
1.0	4484.10253906	5.0	1.0	1033.91992188	1.0	1.0	10.1800003052	0.0	-0.084985755384	-0.953420877457	0.289423674345	0.0	3.09633664579	-60.996799469	-2.088534832	-43.7761001587	0.723245672025	0.0	0.0	0.0	1.0	22.2999992371	0.870905426233	1.0	1
1.0	7253.94628906	7.0	3.0	1965.47363281	6.0	4.0	90.0200004578	0.0	0.982104659081	-0.129156544805	-0.137073069811	1.0052908964	21.0029508972	-54.3593521118	-3.09958004951	-50.7954025269	0.580726063582	4.0	4.51999998093	36.0599989891	2.0	22.2999992371	0.996932231569	1.0	1
1.0	2524.70019531	5.0	2.0	2185.60888672	2.0	1.0	24.1399993896	0.0	-0.982117950916	0.129157796502	0.1369766891	1.00528118311	1.79011639404	-69.4844512939	-7.00062990189	-13.2597503662	0.656689335771	1.0	7.63999986649	7.40000009537	0.0	7.63999986649	0.365105009816	1.0	1
1.0	6407.12548828	8.0	4.0	2748.62011719	5.0	4.0	115.846800558	0.0	0.982104659081	-0.129156544805	-0.137073069811	1.0052908964	25.0218644451	-54.3593521118	-3.09958004951	-50.7954025269	0.0734204734504	3.0	7.84000015259	37.7600002289	1.0	16.7199993134	0.999379627101	1.0	1
1.0	2783.56005859	1.0	1.0	682.15802002	1.0	1.0	6.69999980927	0.0	0.0411629863083	0.994547128677	-0.0958208665252	2.52914608608	4.48208602907	-51.7101516724	-13.0877494812	-52.8929519653	0.164281631295	1.0	9.39999961853	9.80000019073	0.0	9.39999961853	-1.0	0.0	1
1.0	10668.5605469	12.0	4.0	4751.61474609	8.0	6.0	208.734399915	0.0	-0.998193800449	0.0286201890558	-0.0528207607567	29.6327979257	2.77213739738	-60.4006996155	-14.3712997437	1.17630505562	0.991234267856	21.0	1.01999998093	217.684799902	9.0	30.2399997711	0.999938861595	1.0	1
1.0	2783.56005859	1.0	1.0	862.960021973	2.0	2.0	22.0	0.0	0.0411629863083	0.994547128677	-0.0958208665252	2.52914608608	21.6088028232	-51.7101516724	-13.0877494812	-52.8929519653	0.164281631295	1.0	9.39999961853	9.80000019073	0.0	9.39999961853	0.123439743235	1.0	1
1.0	7969.52246094	13.0	3.0	2849.55419922	8.0	4.0	29.4551990032	0.0	-0.998192667961	0.0286472793669	-0.0528268888593	41.3058068649	14.4429083314	-57.3591499329	-6.58138513565	-48.2387504578	0.959780853657	4.0	10.6000003815	61.0200004578	0.0	31.4599990845	0.999409111169	1.0	1
1.0	2431.10986328	1.0	1.0	1034.60803223	2.0	2.0	27.2999999523	0.0	0.0412678718567	0.994553208351	-0.0957124903798	42.791096913	1.38602648309	-51.3973999023	-47.4816513062	-25.7903003693	0.831930526432	4.0	9.39999961853	48.5600004196	0.0	18.1000003815	0.183989203854	1.0	1
1.0	5579.95361328	8.0	3.0	3092.48120117	4.0	4.0	102.415198088	0.0	0.0412678718567	0.994553208351	-0.0957124903798	45.5486538077	1.38602648309	-51.3973999023	-47.4816513062	-25.7903003693	0.831930526432	10.0	5.23999977112	135.520000458	2.0	10.4799995422	0.980433683741	1.0	1
1.0	6939.29833984	9.0	5.0	3435.77124023	3.0	3.0	146.640001535	0.0	0.041267696768	0.994547963142	-0.0957670435309	34.5872816312	4.70682914404	-64.7106018066	-15.1487503052	-4.54038524628	0.950648737287	9.0	1.01999998093	106.499999046	2.0	5.23999977112	0.996069637699	1.0	1
1.0	6864.24023438	8.0	1.0	1282.83007812	3.0	2.0	39.7999994755	0.0	-0.0411629863083	-0.994547128677	0.0958208665252	25.6371625852	21.1166676154	-50.6187515259	-13.2309494019	-54.2184524536	0.0242508446389	2.0	9.39999961853	23.6199998856	0.0	12.6999998093	0.996706981298	1.0	1
1.0	3252.20800781	2.0	1.0	682.15802002	1.0	1.0	6.69999980927	0.0	0.0411629863083	0.994547128677	-0.0958208665252	2.52914608608	4.48208602907	-51.7101516724	-13.0877494812	-52.8929519653	0.164281631295	1.0	9.39999961853	9.80000019073	0.0	9.39999961853	0.101565095843	1.0	1
1.0	6142.68896484	8.0	4.0	2264.51416016	4.0	4.0	44.37999928	0.0	-0.998190462589	0.0287192836404	-0.0528302453458	39.3861883359	2.90433346461	-59.8785018921	-37.3772506714	-23.0262489319	0.971135497032	6.0	8.64000034332	70.1799993515	1.0	13.720000267	0.997540968585	1.0	1
1.0	3117.25195312	3.0	1.0	1670.74279785	1.0	1.0	1.39999997616	1.71981972437	-0.0288391523063	0.963117718697	-0.267530500889	4.84880292173	9.42965125162	-56.8545532227	-7.75240516663	-40.9707489014	0.872320281734	1.0	25.5200004578	25.2399997711	1.0	25.5200004578	-1.0	0.0	1
1.0	6273.08349609	10.0	5.0	4086.81396484	8.0	8.0	78.7200005054	0.0	-0.0288073699921	0.963104486465	-0.267581582069	2.20548430597	24.0009161582	-33.5148010254	-25.2893486023	-56.2309989929	0.805801830545	9.0	5.09999990463	136.959998608	4.0	25.5200004578	0.999948592368	1.0	1
1.0	3673.50317383	9.0	2.0	3320.7902832	5.0	4.0	29.3599995375	0.0	0.0124380672351	-0.251080602407	-0.967886269093	44.6101010007	1.39542864433	-60.8685493469	-10.8435497284	-7.31387519836	0.958971771786	4.0	11.279999733	64.2599992752	1.0	25.5200004578	0.999009121323	1.0	1
1.0	5527.51855469	12.0	7.0	3100.22705078	7.0	5.0	51.3544006348	0.0	0.999503552914	0.0310958735645	0.0050654434599	2.20725813374	20.9198908394	-38.2649993896	-14.8605499268	-60.6484985352	0.769289888003	5.0	9.61999988556	51.9199995995	3.0	22.9799995422	0.999704754435	1.0	1
1.0	4411.34570312	6.0	2.0	3449.00195312	7.0	5.0	95.9799989462	0.0	-0.0124380672351	0.251080602407	0.967886269093	46.8764000622	5.20840614013	-60.8685493469	-10.8435497284	-7.31387519836	0.958971771786	2.0	8.80000019073	23.8399991989	0.0	11.279999733	0.981695671479	1.0	1
1.0	1994.21411133	4.0	4.0	3827.11328125	4.0	3.0	62.020001173	0.0	0.0289059262723	-0.96310788393	0.26755875349	1.9745741303	35.1449153925	-55.9071502686	-6.17603492737	-42.8552017212	0.274282202736	7.0	16.3400001526	111.539999008	2.0	25.7999992371	0.967818287096	1.0	1
1.0	984.393798828	1.0	1.0	2095.16796875	2.0	1.0	1.39999997616	1.71981972437	0.0288391523063	-0.963117718697	0.267530500889	9.42965125162	32.7188835425	-56.8545532227	-7.75240516663	-40.9707489014	0.872320281734	1.0	25.5200004578	25.2399997711	1.0	25.5200004578	0.865275115471	1.0	1
1.0	76.4151000977	1.0	1.0	1700.16137695	2.0	1.0	12.3999996185	0.0	-0.0289078503847	0.963102340698	-0.26757851243	3.80672930814	1.40720953831	-48.9579467773	-41.0155487061	-28.7168006897	0.325667584994	1.0	8.80000019073	8.47999954224	0.0	8.80000019073	0.999116063114	1.0	1
1.0	1316.72485352	3.0	2.0	1344.3470459	3.0	3.0	18.160000205	1.71981972437	0.0288391523063	-0.963117718697	0.267530500889	10.0723457817	18.0368371803	-56.8545532227	-7.75240516663	-40.9707489014	0.872320281734	0.0	0.0	0.0	0.0	0.0	0.978310767826	1.0	1
1.0	6158.17919922	12.0	8.0	4982.99609375	9.0	8.0	254.160000443	0.0	0.0124380672351	-0.251080602407	-0.967886269093	43.2393360645	1.39542864433	-60.8685493469	-10.8435497284	-7.31387519836	0.958971771786	17.0	4.94000005722	209.479999542	7.0	25.7999992371	0.999989616726	1.0	1
1.0	2037.61083984	3.0	1.0	1867.58032227	1.0	1.0	8.49999976158	0.0	-0.0130403237417	0.976928651333	-0.213167354465	34.2285268476	22.2849667767	-60.9915504456	-14.2541503906	-35.4696998596	0.976506400196	0.0	0.0	0.0	1.0	20.6800003052	-1.0	0.0	1
1.0	6979.17675781	9.0	4.0	3904.99731445	5.0	2.0	52.0599999428	0.0	0.0130400490016	-0.976929664612	0.213162869215	20.1150798218	47.1392488566	-60.6802482605	-5.66315984726	-45.3801002502	0.799215848696	1.0	23.0200004578	22.4799995422	0.0	23.0200004578	0.985276753166	1.0	1
1.0	676.835998535	2.0	1.0	3375.54516602	3.0	2.0	22.4399995804	0.0	0.997134625912	0.0	-0.0756471604109	0.0	2.4254543691	-48.0691986084	-49.7857017517	-27.0594997406	0.65539474455	0.0	0.0	0.0	1.0	10.6800003052	0.0475411300041	1.0	1
1.0	10065.6396484	7.0	4.0	3920.16186523	6.0	4.0	130.819999874	0.0	0.997134625912	0.0	-0.0756471604109	54.067457138	2.4254543691	-48.0691986084	-49.7857017517	-27.0594997406	0.65539474455	6.0	5.63999986649	87.1600008011	4.0	20.6800003052	0.996288020862	1.0	1
1.0	832.359008789	3.0	2.0	782.293395996	1.0	1.0	24.9000000358	0.0	0.0130399111658	-0.976930141449	0.21316061914	13.0512989747	6.03216144312	-65.0084533691	-2.11516499519	-41.0276985168	0.998586746251	3.0	4.26000022888	34.8000006676	2.0	17.3999996185	0.294749927538	1.0	1
1.0	5873.02441406	8.0	6.0	3105.71582031	5.0	5.0	180.52000159	0.0	-0.0130399111658	0.976930141449	-0.21316061914	3.57109338781	39.5250882553	-65.0084533691	-2.11516499519	-41.0276985168	0.998586746251	9.0	4.26000022888	99.0000004768	4.0	20.6800003052	0.978217222033	1.0	1
1.0	2584.27807617	3.0	1.0	3043.12524414	2.0	1.0	22.3199999332	0.0	-0.0130403237417	0.976928651333	-0.213167354465	34.2285268476	22.2849667767	-60.9915504456	-14.2541503906	-35.4696998596	0.976506400196	0.0	0.0	0.0	1.0	20.6800003052	0.156083630652	1.0	1
1.0	1161.03198242	1.0	1.0	1548.5579834	1.0	1.0	5.63999986649	0.0	-0.0130403125659	0.976927816868	-0.213171288371	0.927908745454	20.0904131576	-62.0367507935	-11.8107500076	-37.526802063	0.6446623105	1.0	17.3999996185	17.7000007629	1.0	17.3999996185	0.301419294447	1.0	1
1.0	5223.13720703	8.0	6.0	3755.60327148	5.0	4.0	195.000000477	0.0	-0.0130403209478	0.976928472519	-0.213168337941	38.9462629815	3.59791706291	-63.3042488098	-27.257850647	-13.2355003357	0.769932572805	7.0	4.26000022888	72.7599992752	4.0	20.6800003052	0.982975447305	1.0	1
1.0	2892.24853516	2.0	0.0	456.160003662	1.0	0.0	0.0	10.0	0.0	0.0	0.0	0.0	0.0	0.0	0.0	0.0	2.0	0.0	0.0	0.0	0.0	0.0	0.000206200179832	0.0	1
1.0	7448.65722656	12.0	3.0	5443.75439453	8.0	3.0	47.3999993801	0.0	-0.73002487421	0.683419048786	-0.00144279620145	45.7276597925	44.1942504144	-53.2551498413	-22.4208984375	-43.8868026733	2.0	2.0	17.3199996948	26.6800003052	2.0	26.0799999237	0.998647725212	1.0	1
1.0	4663.16357422	7.0	0.0	1731.37475586	5.0	0.0	0.0	10.0	0.0	0.0	0.0	0.0	0.0	0.0	0.0	0.0	2.0	0.0	0.0	0.0	0.0	0.0	0.000206200179832	1.0	1
1.0	8303.0546875	9.0	3.0	4695.03466797	9.0	5.0	43.7199993134	0.0	-0.00915415212512	0.994012892246	-0.10887876153	30.2288801014	34.714384815	-61.6700973511	-27.7908000946	-31.460899353	0.822207543991	2.0	17.3199996948	30.9799995422	3.0	26.0799999237	0.995912881874	1.0	1
1.0	3433.74853516	9.0	1.0	414.766021729	2.0	1.0	9.84000015259	3.52323720155	0.54138982296	-0.839918017387	0.0378788970411	8.48297629113	7.94652706554	-48.7644004822	-27.6187496185	-50.042098999	0.808099175146	0.0	0.0	0.0	0.0	0.0	0.744172717406	1.0	1
1.0	4004.89355469	3.0	2.0	2610.62597656	2.0	2.0	57.7599990368	0.0	-0.00915415212512	0.994012892246	-0.10887876153	35.0810330751	32.0467871457	-61.6700973511	-27.7908000946	-31.460899353	0.822207543991	0.0	0.0	0.0	1.0	17.9200000763	0.983655892388	1.0	1
1.0	5025.43359375	5.0	3.0	3085.12597656	3.0	2.0	67.6600000858	0.0	0.00924870744348	-0.994014143944	0.108859151602	26.3678435637	2.79471332318	-62.4848480225	-13.7915000916	-1.55379998684	0.541458622062	2.0	9.64000034332	22.8400001526	0.0	12.1800003052	0.935822787267	1.0	1
1.0	5910.69580078	9.0	5.0	2773.85693359	3.0	2.0	117.57999897	0.0	-0.73002487421	0.683419048786	-0.00144279620145	19.7506744958	25.0336000299	-53.2551498413	-22.4208984375	-43.8868026733	2.0	5.0	10.3000001907	71.8599996567	1.0	17.9200000763	0.987681169871	1.0	1
1.0	2653.84179688	4.0	2.0	2572.14501953	1.0	1.0	34.8799996376	0.0	-0.73002487421	0.683419048786	-0.00144279620145	14.392936455	1.92298616694	-53.2551498413	-22.4208984375	-43.8868026733	2.0	4.0	10.3000001907	62.6799993515	0.0	21.2600002289	0.537882765175	1.0	1
1.0	6513.10595703	7.0	3.0	405.32598877	1.0	1.0	26.4999990463	0.0	-0.994893431664	0.0	0.100930772722	41.0845283827	0.0	-59.9031982422	-31.3437004089	-17.1308002472	0.549756169215	2.0	10.3000001907	24.4600000381	1.0	17.9200000763	0.992711391254	1.0	1
1.0	3219.65600586	2.0	1.0	1723.72497559	1.0	1.0	6.99160015583	0.0	0.0472530908883	-0.972107231617	0.229727506638	1.98489274261	9.46431446704	-53.4935493469	-14.4714002609	-49.5278015137	0.0867511992662	2.0	19.1200008392	39.8199996948	0.0	20.2000007629	-1.0	0.0	1
1.0	2198.34423828	5.0	1.0	1715.05895996	3.0	1.0	7.03160011768	0.0	0.0472558401525	-0.972084701061	0.22982211411	7.54220892983	32.8646184875	-53.5404510498	-13.5066003799	-49.7558517456	0.559665493998	1.0	20.2000007629	20.5200004578	0.0	20.2000007629	0.998796816692	1.0	1
1.0	9736.29589844	9.0	3.0	3410.13476562	6.0	3.0	83.6516000032	0.0	0.0472533963621	-0.972083210945	0.229828923941	6.66611546038	15.5069922286	-67.5295562744	6.69272518158	-34.5944519043	0.601065670286	4.0	3.59999990463	52.4799993038	1.0	3.59999990463	0.999955178998	1.0	1
1.0	10514.4492188	8.0	6.0	5308.26416016	8.0	6.0	162.359999657	0.0	-0.0472557507455	0.972084820271	-0.229821681976	45.5227345005	0.992507828558	-52.5222473145	-40.1522979736	-24.0159492493	0.965669271685	12.0	2.51999998093	103.539999247	5.0	26.4799995422	0.999998641462	1.0	1
1.0	5798.29980469	5.0	2.0	1723.72497559	1.0	1.0	25.9123597553	0.0	-0.998334944248	-0.0336515568197	0.0468500442803	13.7489328472	5.88340196898	-50.8793487549	-16.3788490295	-52.4133529663	0.778226326854	4.0	16.1200008392	75.3999986649	0.0	20.3600006104	0.941164067155	1.0	1
1.0	5641.51416016	6.0	4.0	3680.77661133	6.0	6.0	139.146759551	0.0	-0.998334944248	-0.0336515568197	0.0468500442803	13.7489328472	40.5356603402	-50.8793487549	-16.3788490295	-52.4133529663	0.778226326854	12.0	2.51999998093	135.29999876	5.0	16.5400009155	0.987551367153	1.0	1
1.0	3722.10498047	1.0	1.0	1322.72998047	2.0	1.0	5.34000015259	0.0	0.0472530908883	-0.972107231617	0.229727506638	1.98489274261	4.56765766684	-53.4935493469	-14.4714002609	-49.5278015137	0.0867511992662	1.0	19.1200008392	19.2999992371	0.0	19.1200008392	0.512103167078	1.0	1
1.0	3267.92797852	9.0	5.0	2822.95776367	4.0	2.0	89.960000515	0.0	-0.0472557507455	0.972084820271	-0.229821681976	32.6803440473	0.992507828558	-52.5222473145	-40.1522979736	-24.0159492493	0.965669271685	5.0	2.51999998093	60.6799993515	2.0	13.9399995804	0.968178059053	1.0	1
1.0	4393.1484375	8.0	6.0	3840.37597656	4.0	4.0	66.2351593187	0.0	-0.0473555475473	0.972080111504	-0.229821026325	10.2591479753	40.9891975904	-49.1835021973	-21.2164001465	-54.5650482178	0.965872434084	10.0	2.51999998093	112.539997339	5.0	16.5400009155	0.997821531966	1.0	1
1.0	6473.31152344	4.0	2.0	1600.4519043	4.0	4.0	25.4800009727	0.0	-0.0472534149885	0.972083210945	-0.229829028249	21.0248004841	39.1397664102	-54.8340492249	-8.71848487854	-50.8464508057	0.62720491422	2.0	19.1599998474	45.8999996185	0.0	27.5	0.998417515059	1.0	1
1.0	2698.6809082	1.0	1.0	1531.16210938	1.0	1.0	8.43999958038	0.0	-0.106015138328	0.937812566757	-0.330557733774	1.98728943182	19.1818716426	-56.5401496887	-9.97130966187	-48.2182502747	0.486105965002	1.0	27.2199993134	28.0400009155	0.0	27.2199993134	-1.0	0.0	1
1.0	5788.95849609	11.0	7.0	4437.59570312	6.0	4.0	84.8000020981	0.0	0.106013178825	-0.93781375885	0.330554991961	3.19722700893	35.6734924016	-57.4616508484	-11.870300293	-46.3001480103	0.49983657392	8.0	4.73999977112	76.1163995415	2.0	18.4400005341	0.985926719344	1.0	1
1.0	10674.5996094	8.0	5.0	3393.27709961	7.0	5.0	140.107599735	0.0	-0.106013156474	0.937814354897	-0.330553233624	41.6254625666	3.32690071968	-53.1355514526	-40.4468994141	-20.6178512573	0.611703244596	15.0	4.73999977112	207.413201332	2.0	18.4400005341	0.999968323593	1.0	1
1.0	7192.77978516	10.0	9.0	6761.20947266	6.0	4.0	155.960000753	0.0	-0.106022663414	0.937809348106	-0.330564379692	46.4840187934	2.69590087855	-57.6868515015	-20.7907485962	-1.70566999912	0.594091891895	19.0	4.03999996185	148.580800444	6.0	18.4400005341	0.999419436223	1.0	1
1.0	2546.9909668	2.0	2.0	1682.85205078	2.0	2.0	42.7799987793	0.0	-0.106099516153	0.937805175781	-0.3305516541	27.2365896104	1.12596697279	-48.0695991516	-34.8657989502	-35.31275177	0.712236993899	4.0	7.40000009537	67.1400017738	1.0	7.40000009537	0.351509050107	1.0	1
1.0	4203.08007812	5.0	4.0	5380.671875	2.0	2.0	134.680000424	0.0	-0.106016688049	0.937809467316	-0.330565929413	2.53675131784	18.6165031727	-48.6455497742	-9.44860076904	-57.143447876	0.268495917124	7.0	4.73999977112	79.0800004005	1.0	4.73999977112	0.974242455451	1.0	1
1.0	251.235992432	1.0	1.0	1738.65490723	2.0	1.0	15.1800003052	2.19733018568	-0.520106494427	0.460395395756	-0.719392299652	4.06920645944	0.0	-54.2644004822	-40.5675506592	-16.7329998016	0.118340810303	0.0	0.0	0.0	0.0	0.0	0.88158271247	1.0	1
1.0	5315.14550781	8.0	7.0	3588.97460938	6.0	6.0	133.560000181	0.0	-0.106016807258	0.937810540199	-0.330562919378	2.88779225231	16.6999317321	-47.6037483215	-8.61380958557	-58.6864509583	0.25487857412	12.0	4.03999996185	146.160000801	3.0	18.4400005341	0.992258113981	1.0	1
1.0	2557.77490234	1.0	1.0	1182.80908203	2.0	2.0	38.279999733	0.0	-0.106015138328	0.937812566757	-0.330557733774	1.98728943182	19.1818716426	-56.5401496887	-9.97130966187	-48.2182502747	0.486105965002	2.0	7.40000009537	34.3200011253	1.0	7.40000009537	0.313344277574	1.0	1
1.0	5228.69482422	7.0	5.0	1776.85351562	2.0	2.0	70.0799993277	0.0	-0.106013156474	0.937814354897	-0.330553233624	27.9913931082	3.32690071968	-53.1355514526	-40.4468994141	-20.6178512573	0.611703244596	6.0	4.73999977112	101.660001278	1.0	4.73999977112	0.974722966648	1.0	1
1.0	3761.10400391	3.0	1.0	1578.00610352	1.0	1.0	4.11999988556	0.0	0.0587564893067	0.984724104404	-0.163908854127	3.28207393123	3.12837686362	-62.6930007935	-14.2982501984	-37.2823486328	0.242117491402	2.0	22.7199993134	46.4800014496	0.0	25.4400005341	-1.0	0.0	1
1.0	8998.51171875	10.0	5.0	4885.17724609	8.0	6.0	143.379997492	0.0	-0.0587473884225	-0.984730243683	0.16387526691	29.662029834	2.73688678867	-56.2302017212	-18.4435005188	-1.35579001904	0.189433961202	6.0	8.35999965668	74.3599977493	2.0	12.5600004196	0.99966522163	1.0	1
1.0	4934.99902344	7.0	1.0	1883.02905273	2.0	2.0	14.0599994659	0.0	0.0587564893067	0.984724104404	-0.163908854127	19.6266465085	38.0171739432	-62.6930007935	-14.2982501984	-37.2823486328	0.242117491402	1.0	25.4400005341	34.7400016785	0.0	25.4400005341	0.723076660042	1.0	1
1.0	6326.25585938	9.0	4.0	4101.65380859	5.0	3.0	89.5399990082	0.0	0.0587480850518	0.984742820263	-0.16379930079	2.94318481821	32.6389695779	-55.4615020752	-15.6161994934	-49.8593978882	0.121350372133	1.0	10.0	10.9799995422	0.0	10.0	0.974308062122	1.0	1
1.0	631.833129883	3.0	2.0	1498.5880127	2.0	2.0	3.51999998093	0.0	0.0588471516967	0.984721362591	-0.163892656565	18.3863654138	2.94318551305	-58.4005508423	-33.6921005249	-33.1558532715	0.0890350353375	2.0	17.9400005341	32.6000003815	0.0	22.7199993134	0.399247914841	1.0	1
1.0	4719.90722656	7.0	6.0	4983.66992188	6.0	4.0	86.0523985922	0.0	-0.0588471516967	-0.984721362591	0.163892656565	37.683039288	19.5457181489	-58.4005508423	-33.6921005249	-33.1558532715	0.0890350353375	7.0	16.4799995422	116.93999958	0.0	22.7199993134	0.999304561592	1.0	1
1.0	5077.05859375	8.0	5.0	4801.36621094	5.0	4.0	68.2551994622	0.0	0.0588481165469	0.984720289707	-0.163899064064	4.64391404264	40.7897418954	-68.5402526855	2.27754998207	-33.2924499512	0.235745739069	5.0	10.9799995422	93.0000009537	1.0	10.9799995422	0.866703569642	1.0	1
1.0	6417.83203125	8.0	2.0	3242.92822266	3.0	2.0	37.1599998474	0.0	0.0588442757726	0.984737217426	-0.163798511028	2.05610120613	22.5464012087	-55.5394515991	-11.9991998672	-53.426902771	0.876616529313	3.0	4.69999980927	52.1800012589	1.0	4.69999980927	0.973122777813	1.0	1
1.0	6114.48144531	6.0	4.0	4012.26708984	4.0	3.0	65.7999997139	0.0	0.0588481165469	0.984720289707	-0.163899064064	4.64391404264	54.7463424081	-68.5402526855	2.27754998207	-33.2924499512	0.235745739069	3.0	10.9799995422	59.0400018692	1.0	10.9799995422	0.947349412605	1.0	1
1.0	5230.15576172	5.0	4.0	2667.42700195	5.0	4.0	74.7199988365	1.58636063066	0.111580394208	0.890537679195	0.441013038158	50.2570846849	4.16617275988	-57.617099762	-20.2115497589	-3.16899013519	0.645782162939	0.0	0.0	0.0	0.0	0.0	0.995103646757	1.0	1
1.0	2381.97192383	2.0	1.0	69.3351974487	1.0	1.0	3.18000006676	0.0	0.0584630407393	0.987321555614	-0.147574335337	1.34690769598	0.979459130672	-61.3749008179	-13.7241001129	-46.4092483521	0.233548653818	1.0	1.96000003815	0.0	0.0	1.96000003815	-1.0	0.0	2
1.0	5084.1328125	6.0	4.0	2778.35107422	5.0	5.0	133.299999714	0.0	-0.997891545296	0.0560208894312	0.0327736213803	0.0	28.978963931	-65.3459014893	-8.82077503204	-42.4719467163	0.302263252228	7.0	1.96000003815	73.0600001812	0.0	25.6000003815	0.986893284185	1.0	2
1.0	4591.46582031	5.0	4.0	3330.49951172	4.0	4.0	148.480000973	0.0	0.0584630407393	0.987321555614	-0.147574335337	1.34690769598	19.4981962952	-61.3749008179	-13.7241001129	-46.4092483521	0.233548653818	4.0	1.96000003815	37.1000003815	0.0	23.2800006866	0.92374286555	1.0	2
1.0	2751.95043945	5.0	4.0	292.690979004	3.0	3.0	61.5199991465	0.0	0.0584630407393	0.987321555614	-0.147574335337	29.1215545286	8.73827800588	-61.3749008179	-13.7241001129	-46.4092483521	0.233548653818	3.0	1.96000003815	12.1599998474	0.0	8.72000026703	0.448714630516	1.0	2
1.0	175.104003906	1.0	1.0	853.809814453	3.0	1.0	2.66000008583	4.37932634338	-0.289778321981	0.644134044647	-0.707898199558	3.40172902497	1.33642360429	-62.9214515686	-36.1017494202	-20.5776996613	0.710466240839	0.0	0.0	0.0	0.0	0.0	0.756566790562	1.0	2
1.0	4906.15820312	7.0	6.0	282.837005615	3.0	3.0	109.479999185	0.0	0.0583500824869	0.987312138081	-0.147681996226	33.2344518485	1.77426681392	-63.8521499634	-24.6744003296	-11.7308998108	0.518399975839	3.0	3.55999994278	20.6599998474	0.0	8.72000026703	0.986108388915	1.0	2
1.0	1214.06494141	2.0	2.0	172.809402466	3.0	1.0	20.6199991703	0.0	0.0584620274603	0.987305521965	-0.14768204093	19.5718430133	7.55946684281	-61.0796966553	-32.1399993896	-31.7252006531	0.0229916891468	1.0	3.55999994278	3.11999988556	0.0	3.55999994278	0.240405509025	1.0	2
1.0	6053.28759766	6.0	4.0	1868.67663574	2.0	2.0	81.6599991322	0.0	-0.997891545296	0.0560208894312	0.0327736213803	0.0	28.978963931	-65.3459014893	-8.82077503204	-42.4719467163	0.302263252228	4.0	8.69999980927	73.9600000381	0.0	25.6000003815	0.987452897382	1.0	2
1.0	3101.61230469	1.0	0.0	877.403015137	1.0	0.0	0.0	10.0	0.0	0.0	0.0	0.0	0.0	0.0	0.0	0.0	2.0	0.0	0.0	0.0	0.0	0.0	0.000206200179832	0.0	2
1.0	3041.58300781	7.0	3.0	3686.29394531	3.0	2.0	34.2064003237	0.0	-0.105037294328	-0.99255669117	-0.0616309456527	22.415886756	15.4625818668	-53.1239509583	-42.9892997742	-30.5734996796	0.878756937203	2.0	5.69999980927	18.0800004005	1.0	5.69999980927	0.981129246766	1.0	2
1.0	2625.96923828	1.0	1.0	1032.01806641	2.0	1.0	35.2399997711	0.0	-0.104949302971	-0.992565453053	-0.0616398490965	25.2409306122	1.82043008474	-59.8255004883	-26.3481502533	-31.4593009949	0.134981824397	1.0	4.61999988556	4.59999990463	2.0	9.23999977112	0.694674522464	1.0	2
1.0	4768.91503906	7.0	5.0	4992.41210938	4.0	3.0	44.7464007623	0.0	0.791691839695	0.609185278416	0.0460149757564	24.7468149184	18.4920666565	-46.3995513916	-5.59341526031	-53.7525024414	0.750974792961	7.0	5.19999980927	72.7199988365	8.0	24.6200008392	0.999726966546	1.0	2
1.0	5233.47021484	6.0	4.0	5835.00634766	4.0	3.0	132.115127851	0.0	-0.995600402355	0.0935385897756	-0.00550813041627	47.4327826358	2.78413705211	-47.1263999939	-51.1896514893	-27.35779953	0.145030561719	13.0	3.0	130.279999256	11.0	24.6200008392	0.999983528708	1.0	2
1.0	3672.14306641	4.0	2.0	2702.75585938	4.0	2.0	37.9464000948	0.0	-0.995600402355	0.0935385897756	-0.00550813041627	21.7281306889	2.78413705211	-47.1263999939	-51.1896514893	-27.35779953	0.145030561719	4.0	3.0	16.3200001717	6.0	14.5200004578	0.964302527865	1.0	2
1.0	3245.91894531	7.0	3.0	3872.38183594	5.0	3.0	18.8799996376	0.0	-0.995591282845	0.0936355441809	-0.0055098910816	47.7973945185	7.93684787425	-41.8316993713	-51.4300994873	-32.7838973999	0.873065679586	3.0	14.5200004578	43.4399995804	3.0	23.5599994659	0.980375419583	1.0	2
1.0	3101.61230469	1.0	1.0	1667.57910156	2.0	1.0	17.0652003288	0.0	-0.105033896863	-0.992557048798	-0.0616312026978	27.72286949	3.64085547519	-44.8281478882	-35.206199646	-42.772102356	0.448418496788	1.0	5.71999979019	6.0	1.0	5.71999979019	0.409539996211	1.0	2
1.0	4965.81884766	5.0	3.0	1309.03100586	3.0	3.0	69.3835281145	0.0	0.104945488274	0.992565751076	0.0616417899728	2.23657118936	32.1251210525	-54.4311981201	-16.1301498413	-47.1898002625	0.744639513315	5.0	4.61999988556	34.0399992466	4.0	21.0599994659	0.989665703781	1.0	2
1.0	2235.3137207	1.0	1.0	2070.96069336	1.0	1.0	17.5600004196	2.9442486448	0.769721925259	-0.00466045411304	-0.638362288475	21.413013705	25.8254499909	-57.25	-19.5527992249	-43.6621513367	0.896913317945	0.0	0.0	0.0	0.0	0.0	-1.0	0.0	2
1.0	2382.11450195	2.0	1.0	5490.44824219	5.0	3.0	22.6200003624	0.0	0.0334208384156	0.984703779221	-0.171001508832	3.73100727033	32.6661331553	-54.8602523804	-13.8524999619	-49.2145004272	0.0523567716771	2.0	14.9799995422	30.6999998093	0.0	26.0400009155	0.987745529467	1.0	2
1.0	2990.42675781	1.0	1.0	2070.96069336	1.0	1.0	17.5600004196	2.9442486448	0.769721925259	-0.00466045411304	-0.638362288475	2.47549973355	25.8254499909	-57.25	-19.5527992249	-43.6621513367	0.896913317945	0.0	0.0	0.0	0.0	0.0	0.415011182068	1.0	2
1.0	3703.8659668	4.0	4.0	6658.64697266	6.0	4.0	94.3400013447	0.0	0.999346196651	-0.0346428342164	-0.0103470869362	2.50042477784	43.4172180299	-58.5654983521	-9.01661014557	-44.5594024658	0.320555539159	8.0	10.0600004196	111.720000267	1.0	13.720000267	0.992051404519	1.0	2
1.0	3665.60961914	4.0	4.0	3246.45849609	4.0	4.0	129.180000782	0.0	0.0335091091692	0.984702765942	-0.170990079641	4.37721409313	19.6941729571	-43.5795974731	-9.20843505859	-59.2555999756	0.615459680629	9.0	4.76000022888	98.740000248	4.0	13.720000267	0.978216298972	1.0	2
1.0	4719.18164062	3.0	2.0	4301.56542969	5.0	3.0	56.6999998093	0.0	0.0335091091692	0.984702765942	-0.170990079641	4.37721409313	34.4965488072	-43.5795974731	-9.20843505859	-59.2555999756	0.615459680629	6.0	6.34000015259	72.0599999428	2.0	11.0799999237	0.981374078301	1.0	2
1.0	1186.30322266	4.0	3.0	2407.19091797	2.0	2.0	72.0599997044	0.0	-0.999347388744	0.0346343703568	0.0102586336434	20.4269482975	13.3958837252	-58.5576019287	-8.22757530212	-46.5067520142	0.85622035019	7.0	7.98000001907	88.5599999428	2.0	12.3199996948	0.803149326749	1.0	2
1.0	2952.64306641	5.0	5.0	6912.12255859	6.0	6.0	128.469600216	0.0	0.999344289303	-0.0346973277628	-0.0103505048901	3.14874842254	38.8627411578	-33.077999115	-12.1028499603	-64.3576965332	0.579214522753	8.0	6.34000015259	78.759999752	3.0	12.3199996948	0.984284668559	1.0	2
1.0	2769.75317383	3.0	2.0	2206.92578125	2.0	1.0	12.8399999142	0.0	0.0334208384156	0.984703779221	-0.171001508832	28.6123182249	20.3565008298	-54.8602523804	-13.8524999619	-49.2145004272	0.0523567716771	3.0	14.9799995422	47.8599996567	0.0	26.0400009155	0.137550032861	1.0	2
1.0	4604.42089844	3.0	3.0	2819.203125	5.0	4.0	115.640001535	0.0	0.0335091091692	0.984702765942	-0.170990079641	4.37721409313	19.6688767326	-43.5795974731	-9.20843505859	-59.2555999756	0.615459680629	8.0	10.0600004196	108.660000324	2.0	13.720000267	0.966105166342	1.0	2
1.0	2468.86499023	2.0	1.0	1916.26647949	1.0	1.0	17.3999996185	2.08320902136	0.0599345900118	0.903714954853	-0.42391872406	25.3225206747	2.67122391546	-49.0481491089	-23.904750824	-51.1588516235	0.506218366036	0.0	0.0	0.0	0.0	0.0	-1.0	0.0	2
1.0	4065.09350586	8.0	6.0	7071.66601562	6.0	4.0	132.680001974	0.0	0.9980276227	-0.0332708582282	0.053234051913	7.34086890409	38.1815784712	-48.8413505554	-13.1928501129	-57.3178024292	0.765848050069	5.0	9.5	82.7800006866	3.0	22.5	0.993507170858	1.0	2
1.0	3744.98974609	5.0	3.0	4735.66357422	3.0	2.0	81.4800014496	0.0	0.0461944080889	0.993749678135	-0.101625077426	23.2558691477	26.4088132974	-59.1407012939	-21.1974487305	-29.5866012573	0.79544144462	2.0	13.6800003052	32.720000267	1.0	13.6800003052	0.685001109833	1.0	2
1.0	4817.15625	9.0	4.0	5579.40917969	4.0	2.0	83.1199998856	0.0	0.9980276227	-0.0332708582282	0.053234051913	7.34086890409	38.1815784712	-48.8413505554	-13.1928501129	-57.3178024292	0.765848050069	4.0	9.5	38.4600000381	1.0	16.7800006866	0.997142732879	1.0	2
1.0	5975.76464844	9.0	5.0	4953.79052734	4.0	3.0	90.6399998665	0.0	-0.0461954064667	-0.993750452995	0.101617142558	3.059152674	2.86636388911	-67.6822967529	4.81590986252	-39.9466018677	0.327976687792	3.0	9.5	44.4399995804	1.0	16.7800006866	0.982957590153	1.0	2
1.0	4048.88598633	11.0	8.0	6717.96972656	6.0	5.0	140.060001612	0.0	-0.0461954064667	-0.993750452995	0.101617142558	3.059152674	42.4764329726	-67.6822967529	4.81590986252	-39.9466018677	0.327976687792	8.0	9.5	115.960000038	1.0	22.5	0.988907387928	1.0	2
1.0	3277.70605469	5.0	2.0	5164.38818359	4.0	1.0	22.7399997711	0.0	0.046189840883	0.993750751019	-0.101616896689	2.33384207987	1.82330530529	-42.1421966553	-24.9417991638	-54.3119010925	0.307915280219	1.0	19.4599990845	18.5400009155	0.0	19.4599990845	0.503296141081	1.0	2
1.0	4346.46435547	9.0	7.0	4693.76513672	4.0	3.0	94.8000006676	0.0	-0.0461954064667	-0.993750452995	0.101617142558	3.059152674	39.4540251338	-67.6822967529	4.81590986252	-39.9466018677	0.327976687792	6.0	9.92000007629	92.279999733	1.0	19.1399993896	0.986176247699	1.0	2
1.0	607.065673828	3.0	2.0	983.730957031	3.0	2.0	25.6799998283	0.0	-0.046189840883	-0.993750751019	0.101616896689	12.0260868025	1.4331783376	-58.6738967896	-35.3909988403	-28.0788002014	0.82242137098	1.0	19.1399993896	19.5599994659	0.0	19.1399993896	0.982414538721	1.0	2
1.0	3041.63452148	3.0	1.0	1612.44799805	1.0	1.0	9.15999984741	0.0	-0.00610284879804	0.998385310173	-0.0564757473767	2.32103598124	11.933400188	-62.0480003357	-5.95275020599	-41.7468032837	0.623592496895	4.0	3.75999999046	47.9624010697	3.0	25.6000003815	-1.0	0.0	2
1.0	8092.95849609	10.0	4.0	5327.86083984	7.0	6.0	88.0836002827	0.0	-0.994935870171	0.0	0.100511498749	48.327097058	1.88028526202	-44.6375999451	-48.628200531	-32.0018501282	0.698426414135	10.0	3.75999999046	141.882404007	7.0	25.6000003815	0.999564623346	1.0	2
1.0	6006.79003906	10.0	4.0	4306.10791016	5.0	4.0	75.4800004959	0.0	0.994935870171	0.0	-0.100511498749	3.02606808469	26.5659064858	-63.2081985474	-10.2938995361	-36.8483505249	0.851794983611	6.0	8.43999958038	78.6200017929	6.0	24.6200008392	0.999840685129	1.0	2
1.0	5469.35302734	9.0	4.0	3943.43701172	8.0	7.0	72.3400000334	0.0	-0.994935870171	0.0	0.100511498749	2.03272710656	27.1903716505	-62.4472007751	-5.37034988403	-40.2286491394	0.931150573863	10.0	3.0	108.880001068	6.0	24.6200008392	0.999653549049	1.0	2
1.0	3248.28955078	4.0	2.0	1405.79296875	1.0	1.0	28.5800001621	0.0	-0.994936227798	0.0	0.100508131087	0.0	16.1029645991	-53.5392990112	-5.89565992355	-51.6761474609	0.0549612475085	7.0	3.75999999046	91.4423996583	4.0	25.6000003815	0.394434718787	1.0	2
1.0	5415.17675781	10.0	5.0	5285.48828125	7.0	7.0	101.840000391	0.0	0.00610293960199	-0.9983907938	0.0563789978623	0.0	26.8352715421	-54.2495002747	-7.49278497696	-53.0243530273	0.93707271756	12.0	2.6400001049	153.462402023	9.0	25.6000003815	0.997199835262	1.0	2
1.0	5113.51953125	8.0	5.0	4983.49169922	8.0	8.0	140.643600225	0.0	-0.00620040344074	0.998390257359	-0.0563778840005	1.8670307013	26.6327728231	-52.3418502808	-7.64287471771	-56.2306518555	0.738586259219	11.0	8.43999958038	189.78000164	8.0	26.8600006104	0.998950895568	1.0	2
1.0	7589.51904297	11.0	5.0	5073.59423828	7.0	7.0	192.559999943	0.0	0.00610284879804	-0.998385310173	0.0564757473767	11.933400188	40.2733654335	-62.0480003357	-5.95275020599	-41.7468032837	0.623592496895	17.0	8.43999958038	244.780002594	13.0	26.1399993896	0.997965725857	1.0	2
1.0	4182.8984375	5.0	3.0	2100.75	3.0	3.0	51.3635995388	0.0	-0.00610284879804	0.998385310173	-0.0564757473767	9.61356789077	26.9909954378	-62.0480003357	-5.95275020599	-41.7468032837	0.623592496895	6.0	3.75999999046	79.8624016419	4.0	25.6000003815	0.859417809676	1.0	2
1.0	7929.921875	11.0	5.0	4856.11816406	5.0	3.0	96.979999423	0.0	-0.00610284879804	0.998385310173	-0.0564757473767	2.32103598124	39.8699246735	-62.0480003357	-5.95275020599	-41.7468032837	0.623592496895	11.0	2.6400001049	117.802399315	7.0	25.6000003815	0.999975257009	1.0	2
1.0	3178.81298828	1.0	1.0	1534.1776123	1.0	1.0	11.220000267	0.0	0.0429926924407	0.985948979855	-0.161419287324	1.20245496103	2.85443433406	-64.2048492432	-10.2377204895	-42.5285491943	0.611746143415	2.0	15.1000003815	30.5199995041	2.0	26.3199996948	-1.0	0.0	2
1.0	3650.140625	6.0	6.0	3847.875	3.0	3.0	153.699999809	0.0	0.0429157093167	0.985950946808	-0.161428049207	32.8377101848	9.33293501293	-60.5785980225	-33.2866516113	-24.3566493988	0.346915046447	10.0	9.60000038147	136.140000343	5.0	26.3199996948	0.978876853654	1.0	2
1.0	1208.45397949	2.0	2.0	3504.53662109	1.0	1.0	40.0399999619	0.0	0.0429155752063	0.985951006413	-0.161427542567	23.6861253212	1.78717151238	-58.4233016968	-40.3064498901	-21.8572502136	0.612915829185	3.0	1.24000000954	41.6400005817	2.0	20.7399997711	0.207489872863	1.0	2
1.0	5438.22509766	8.0	7.0	4565.47265625	7.0	6.0	162.56000042	0.0	-0.0429157800972	-0.985954880714	0.161403715611	35.0932696814	1.79007859699	-60.21900177	-12.36784935	-5.68413496017	0.249285296452	12.0	1.24000000954	161.299999475	7.0	28.1200008392	0.997867998595	1.0	2
1.0	6169.07910156	4.0	2.0	2270.62036133	2.0	2.0	55.259999752	0.0	0.998985528946	-0.0365952737629	0.0262423660606	21.7953372514	16.3748515758	-63.6326980591	-10.668800354	-41.1455497742	0.491996688885	4.0	15.1000003815	60.5999994278	3.0	28.1200008392	0.981213930857	1.0	2
1.0	6090.24902344	8.0	7.0	4074.53759766	6.0	5.0	150.260000706	0.0	-0.0429157800972	-0.985954880714	0.161403715611	35.0932696814	1.79007859699	-60.21900177	-12.36784935	-5.68413496017	0.249285296452	11.0	7.67999982834	157.539999962	7.0	28.1200008392	0.986266449645	1.0	2
1.0	6877.23095703	5.0	2.0	3160.58178711	2.0	1.0	45.0000009537	0.0	0.0429187752306	0.985950887203	-0.161427646875	38.4157056696	33.4598997496	-64.2808990479	-11.2387504578	-41.0648498535	0.198304915601	3.0	15.1000003815	58.9799985886	3.0	26.3199996948	0.985902787516	1.0	2
1.0	4592.5234375	6.0	4.0	4402.77783203	6.0	5.0	131.160000324	0.0	-0.0429157800972	-0.985954880714	0.161403715611	35.0932696814	1.79007859699	-60.21900177	-12.36784935	-5.68413496017	0.249285296452	7.0	7.67999982834	118.699999809	5.0	26.3199996948	0.994722404381	1.0	2
1.0	5466.40576172	7.0	6.0	3929.42993164	7.0	5.0	106.559998989	0.0	-0.0429157800972	-0.985954880714	0.161403715611	18.9488838158	1.79007859699	-60.21900177	-12.36784935	-5.68413496017	0.249285296452	6.0	7.67999982834	66.0000014305	2.0	11.6000003815	0.999934721221	1.0	2
1.0	3698.3894043	7.0	5.0	3138.06811523	3.0	2.0	80.9400010109	0.0	-0.998987436295	0.0365990251303	-0.0261649042368	30.348514975	36.5318639902	-60.159450531	-18.2875995636	-42.4224014282	0.830964185956	4.0	11.6000003815	46.4199995995	5.0	28.1200008392	0.967153736396	1.0	2
1.0	2403.453125	2.0	0.0	1053.45703125	1.0	0.0	0.0	10.0	0.0	0.0	0.0	0.0	0.0	0.0	0.0	0.0	2.0	0.0	0.0	0.0	0.0	0.0	0.000206200179832	0.0	2
1.0	2433.77441406	6.0	3.0	1493.65600586	3.0	2.0	27.9600000381	1.65629102548	-0.413699626923	-0.215580418706	0.884521186352	23.4355493095	19.5234484573	-59.8244476318	-28.60090065	-30.3532485962	0.818719351238	2.0	12.1400003433	22.6999998093	0.0	24.8999996185	0.965215297822	1.0	2
1.0	2975.60864258	2.0	0.0	1418.49499512	3.0	0.0	0.0	10.0	0.0	0.0	0.0	0.0	0.0	0.0	0.0	0.0	2.0	0.0	0.0	0.0	0.0	0.0	0.000206200179832	1.0	2
1.0	5604.58398438	4.0	4.0	2436.31787109	6.0	2.0	39.1599998474	0.0	-0.00372824305668	-0.980662465096	0.195671260357	19.337974281	11.1007786277	-58.1559486389	-24.8985500336	-32.2258987427	0.485242726187	1.0	14.8400001526	15.2399997711	0.0	14.8400001526	0.97363070066	1.0	2
1.0	1306.2980957	5.0	5.0	1967.65405273	2.0	2.0	50.2516009808	0.0	-0.00372828356922	-0.980682730675	0.195569619536	3.34018296264	26.4498552694	-61.2524490356	-10.2802448273	-41.0253486633	0.889729182125	3.0	12.1400003433	40.5600004196	1.0	18.6800003052	0.434815981928	1.0	2
1.0	4922.27490234	4.0	4.0	4948.97265625	7.0	4.0	140.440001249	0.0	0.00372436805628	0.980662822723	-0.195669606328	2.26137463166	35.6697830353	-60.1569519043	-8.33361434937	-41.3934020996	0.202233507081	10.0	4.01999998093	128.16000104	4.0	12.9799995422	0.98502074485	1.0	2
1.0	2526.63085938	3.0	0.0	1760.08703613	2.0	0.0	0.0	10.0	0.0	0.0	0.0	0.0	0.0	0.0	0.0	0.0	2.0	0.0	0.0	0.0	0.0	0.0	0.000206200179832	1.0	2
1.0	5913.94287109	4.0	2.0	2837.98681641	4.0	2.0	61.2600008249	0.0	0.00372436805628	0.980662822723	-0.195669606328	2.26137463166	35.2660039698	-60.1569519043	-8.33361434937	-41.3934020996	0.202233507081	3.0	6.98000001907	31.5400004387	1.0	6.98000001907	0.979856373996	1.0	2
1.0	3098.15673828	1.0	1.0	3370.54516602	3.0	2.0	29.8799996376	0.0	0.00372436805628	0.980662822723	-0.195669606328	2.26137463166	28.1999832868	-60.1569519043	-8.33361434937	-41.3934020996	0.202233507081	4.0	6.98000001907	42.3800001144	3.0	12.9799995422	0.490055095118	1.0	2
1.0	3705.52612305	2.0	1.0	1675.31591797	1.0	1.0	14.1999998093	1.73691970136	0.44824013114	0.5467851758	-0.707182228565	31.4939163507	6.96770811307	-53.3313522339	-13.0825004578	-48.697052002	0.521032751025	0.0	0.0	0.0	0.0	0.0	-1.0	0.0	2
1.0	3868.83911133	6.0	3.0	2078.11889648	3.0	3.0	50.1599998474	0.0	-0.993507087231	0.0	-0.113770179451	24.3911608536	22.3669567415	-59.9132995605	-21.6882991791	-29.491399765	0.202966994182	1.0	3.75999999046	3.48000001907	1.0	3.75999999046	0.986212375729	1.0	2
1.0	3204.78222656	5.0	2.0	2297.27197266	3.0	2.0	30.7999997139	0.0	0.0265245810151	0.970082938671	-0.241320520639	24.0263396801	33.0549019127	-61.1689987183	-3.85085487366	-43.4924507141	0.609068236312	1.0	26.1200008392	25.9200000763	0.0	26.1200008392	0.974530039869	1.0	2
1.0	6116.74853516	5.0	3.0	1840.43896484	2.0	2.0	64.6799993515	0.0	0.0265245810151	0.970082938671	-0.241320520639	24.0263396801	13.9811065307	-61.1689987183	-3.85085487366	-43.4924507141	0.0260837475212	3.0	3.75999999046	55.7999997139	2.0	26.1200008392	0.863050036612	1.0	2
1.0	8155.42236328	7.0	6.0	3914.18041992	6.0	6.0	193.88247931	0.0	0.0265243202448	0.970082581043	-0.241321831942	45.1971949571	23.140661974	-45.2453994751	-13.2295999527	-56.1615524292	0.495910379693	11.0	1.12000000477	105.319200791	10.0	27.7600002289	0.998952735545	1.0	2
1.0	5724.70605469	8.0	5.0	3212.14746094	2.0	2.0	102.162480474	0.0	0.0265243332833	0.970082998276	-0.241320103407	33.1543902254	1.11111393488	-53.3313980103	-43.3903999329	-23.2709503174	0.709549862662	6.0	4.59999990463	72.003202714	4.0	15.8000001907	0.997187526239	1.0	2
1.0	3120.20703125	2.0	0.0	1175.46142578	2.0	0.0	0.0	10.0	0.0	0.0	0.0	0.0	0.0	0.0	0.0	0.0	2.0	0.0	0.0	0.0	0.0	0.0	0.000206200179832	1.0	2
1.0	4782.78710938	8.0	5.0	2172.40454102	5.0	5.0	79.1599998474	0.0	0.0265284851193	0.97008228302	-0.241322696209	24.8187353205	31.3476202683	-60.9482002258	-3.21060991287	-45.5012512207	0.730648792829	4.0	6.48000001907	46.476000309	4.0	27.7600002289	0.951961683906	1.0	2
1.0	8523.53808594	8.0	7.0	3051.30541992	4.0	4.0	159.52248013	0.0	0.0265243332833	0.970082998276	-0.241320103407	28.0901899396	1.11111393488	-53.3313980103	-43.3903999329	-23.2709503174	0.709549862662	9.0	1.12000000477	120.807201661	9.0	26.1200008392	0.999479147214	1.0	2
1.0	2095.61621094	2.0	0.0	1033.91992188	1.0	0.0	0.0	10.0	0.0	0.0	0.0	0.0	0.0	0.0	0.0	0.0	2.0	0.0	0.0	0.0	0.0	0.0	0.000206200179832	0.0	2
1.0	5672.73876953	7.0	3.0	3887.51171875	5.0	4.0	167.095600419	0.0	0.982104659081	-0.129156544805	-0.137073069811	1.0052908964	21.0029508972	-54.3593521118	-3.09958004951	-50.7954025269	0.580726063582	5.0	4.51999998093	47.3799986839	3.0	22.2999992371	0.998620127975	1.0	2
1.0	4353.11425781	8.0	4.0	2866.45800781	4.0	2.0	46.2112004161	0.0	0.982104659081	-0.129156544805	-0.137073069811	1.0052908964	21.0029508972	-54.3593521118	-3.09958004951	-50.7954025269	0.580726063582	4.0	4.51999998093	58.5399999619	2.0	22.2999992371	0.952900345198	1.0	2
1.0	4844.03027344	5.0	4.0	3178.84472656	7.0	5.0	114.59160006	0.0	-0.084985755384	-0.953420877457	0.289423674345	0.0	30.0671465374	-60.996799469	-2.088534832	-43.7761001587	0.723245672025	3.0	4.51999998093	22.1799998283	2.0	22.2999992371	0.967454424365	1.0	2
1.0	6355.38037109	11.0	6.0	3028.12939453	5.0	4.0	89.462800324	0.0	0.0849882289767	0.953448712826	-0.289331227541	1.4330934418	22.5302357571	-55.8508987427	1.75666499138	-47.3281478882	0.813378595523	4.0	3.48000001907	33.9800004959	4.0	22.2999992371	0.998604282737	1.0	2
1.0	6113.74462891	7.0	3.0	4632.93164062	4.0	3.0	126.546800844	0.0	0.982104659081	-0.129156544805	-0.137073069811	1.0052908964	21.0029508972	-54.3593521118	-3.09958004951	-50.7954025269	0.580726063582	5.0	7.84000015259	73.5599994659	2.0	22.2999992371	0.996359759467	1.0	2
1.0	4022.10620117	6.0	0.0	148.600006104	1.0	0.0	0.0	10.0	0.0	0.0	0.0	0.0	0.0	0.0	0.0	0.0	2.0	0.0	0.0	0.0	0.0	0.0	0.000206200179832	1.0	2
1.0	3797.8659668	6.0	3.0	3906.63818359	2.0	1.0	49.575599961	0.0	0.982104659081	-0.129156544805	-0.137073069811	1.0052908964	21.0029508972	-54.3593521118	-3.09958004951	-50.7954025269	0.580726063582	3.0	4.51999998093	32.7399988174	2.0	16.7199993134	0.96518530173	1.0	2
1.0	5313.40673828	5.0	1.0	3859.28564453	3.0	2.0	60.1800010204	0.0	0.982109725475	-0.129116907716	-0.137074306607	20.4256078539	11.2703142707	-59.3120498657	-37.4118003845	-23.1812000275	0.000819722424073	1.0	7.84000015259	7.23999977112	0.0	7.84000015259	0.982105499946	1.0	2
1.0	7011.59619141	6.0	2.0	1489.82348633	4.0	3.0	33.4400010109	0.0	-0.982104659081	0.129156544805	0.137073069811	0.0	21.6927256064	-54.3593521118	-3.09958004951	-50.7954025269	0.580726063582	4.0	3.48000001907	49.1799983978	2.0	16.7199993134	0.999727445383	1.0	2
1.0	2783.56005859	1.0	1.0	682.15802002	1.0	1.0	6.69999980927	0.0	0.0411629863083	0.994547128677	-0.0958208665252	2.52914608608	4.48208602907	-51.7101516724	-13.0877494812	-52.8929519653	0.164281631295	1.0	9.39999961853	9.80000019073	0.0	9.39999961853	-1.0	0.0	2
1.0	5290.49951172	7.0	3.0	2820.36328125	4.0	3.0	84.1800017357	0.0	0.041267696768	0.994547963142	-0.0957670435309	34.5872816312	4.70682914404	-64.7106018066	-15.1487503052	-4.54038524628	0.950648737287	2.0	1.01999998093	9.89999961853	1.0	1.01999998093	0.982544341346	1.0	2
1.0	3376.30200195	8.0	5.0	4710.13378906	4.0	4.0	78.8543982506	0.0	-0.998193800449	0.0286201890558	-0.0528207607567	42.0616702386	2.46411923448	-60.4006996155	-14.3712997437	1.17630505562	0.603375376367	6.0	8.43999958038	94.1199989319	0.0	23.7800006866	0.924241894918	1.0	2
1.0	3315.14794922	7.0	4.0	2341.82958984	4.0	4.0	80.2751994133	0.0	0.998192667961	-0.0286472793669	0.0528268888593	14.4429083314	10.2487481282	-57.3591499329	-6.58138513565	-48.2387504578	0.959780853657	6.0	5.23999977112	52.5999999046	2.0	10.4799995422	0.983729353556	1.0	2
1.0	4774.11962891	9.0	3.0	1918.96008301	2.0	2.0	68.7351999283	0.0	-0.041271623224	-0.994542658329	0.095820337534	39.8319781506	0.0	-57.2428970337	-39.0374526978	-25.5195503235	0.396255318636	5.0	5.23999977112	54.5399999619	2.0	10.4799995422	0.973179117535	1.0	2
1.0	8647.41699219	8.0	2.0	503.693695068	3.0	3.0	51.7599999905	0.0	-0.0412720516324	-0.994553029537	0.0957124754786	23.90368179	16.2656395843	-54.1362991333	-30.1546497345	-38.7865982056	0.942446744099	4.0	5.23999977112	31.0599989891	1.0	5.23999977112	0.999393197764	1.0	2
1.0	6453.28515625	7.0	2.0	3844.36816406	3.0	2.0	87.1400016546	0.0	0.0411629863083	0.994547128677	-0.0958208665252	1.82213942085	25.6371625852	-50.6187515259	-13.2309494019	-54.2184524536	0.0242508446389	4.0	1.01999998093	37.2399997711	2.0	13.720000267	0.9949207537	1.0	2
1.0	5370.04638672	6.0	3.0	5089.21630859	4.0	3.0	93.4543993473	0.0	0.0411629863083	0.994547128677	-0.0958208665252	1.82213942085	25.6371625852	-50.6187515259	-13.2309494019	-54.2184524536	0.0242508446389	7.0	8.43999958038	72.8799986839	0.0	18.1000003815	0.977682892961	1.0	2
1.0	3343.39111328	2.0	1.0	1337.94995117	1.0	1.0	41.3800001144	2.61587081356	-0.248582050204	0.918805480003	-0.306599736214	40.2443214991	25.0830432324	-65.5265045166	-29.9077987671	-17.7695999146	0.889927040143	0.0	0.0	0.0	0.0	0.0	0.615573879166	1.0	2
1.0	8394.76660156	8.0	4.0	2122.77978516	5.0	5.0	99.7400006056	0.0	0.0412678718567	0.994553208351	-0.0957124903798	45.5486538077	1.38602648309	-51.3973999023	-47.4816513062	-25.7903003693	0.831930526432	12.0	5.23999977112	146.279998302	3.0	13.720000267	0.999262614699	1.0	2
1.0	3117.25195312	3.0	1.0	1670.74279785	1.0	1.0	1.39999997616	1.71981972437	-0.0288391523063	0.963117718697	-0.267530500889	4.84880292173	9.42965125162	-56.8545532227	-7.75240516663	-40.9707489014	0.872320281734	1.0	25.5200004578	25.2399997711	1.0	25.5200004578	-1.0	0.0	2
1.0	4785.87451172	11.0	7.0	3248.89111328	10.0	9.0	137.559999824	0.0	-0.0124380672351	0.251080602407	0.967886269093	47.1146422806	5.20840614013	-60.8685493469	-10.8435497284	-7.31387519836	0.958971771786	7.0	10.8000001907	85.9599995613	2.0	11.8999996185	0.998453236352	1.0	2
1.0	5458.52783203	9.0	6.0	4750.48779297	10.0	6.0	138.12000072	0.0	-0.0288054142147	0.963110685349	-0.267559528351	1.97457383873	36.7615159876	-54.8174972534	-9.34749507904	-43.4208984375	0.323588599092	9.0	7.40000009537	129.980000496	6.0	25.5200004578	0.997613272538	1.0	2
1.0	6818.71630859	10.0	6.0	4322.45898438	5.0	4.0	115.640000105	0.0	-0.999506890774	-0.0309955179691	-0.00502380356193	28.4661621766	1.99357163421	-55.0690994263	-23.4388999939	-1.55105996132	0.142581560918	4.0	11.220000267	80.1800003052	3.0	25.5200004578	0.999889470495	1.0	2
1.0	3797.25268555	8.0	4.0	2996.79882812	4.0	3.0	50.2399992943	0.0	-0.0124380672351	0.251080602407	0.967886269093	43.647715789	5.20840614013	-60.8685493469	-10.8435497284	-7.31387519836	0.958971771786	5.0	11.279999733	94.1199989319	1.0	25.5200004578	0.999653548681	1.0	2
1.0	3272.07592773	4.0	1.0	1670.74279785	1.0	1.0	1.39999997616	1.71981972437	-0.0288391523063	0.963117718697	-0.267530500889	4.84880292173	9.42965125162	-56.8545532227	-7.75240516663	-40.9707489014	0.872320281734	1.0	25.5200004578	25.2399997711	1.0	25.5200004578	0.293857371561	1.0	2
1.0	1621.06396484	5.0	2.0	2335.78271484	5.0	4.0	40.3200001717	0.0	-0.0288015119731	0.963109791279	-0.26756310463	2.7901160398	30.2078848466	-54.964099884	-3.76071500778	-49.3530006409	0.194875719397	11.0	10.8000001907	127.28000021	5.0	22.9799995422	0.965958403473	1.0	2
1.0	3176.68066406	3.0	1.0	1670.74279785	1.0	1.0	1.39999997616	1.71981972437	-0.0288391523063	0.963117718697	-0.267530500889	4.84880292173	9.42965125162	-56.8545532227	-7.75240516663	-40.9707489014	0.872320281734	1.0	25.5200004578	25.2399997711	1.0	25.5200004578	0.125026371012	1.0	2
1.0	1206.75964355	5.0	1.0	2858.27685547	6.0	2.0	7.80000019073	0.0	-0.0288059469312	0.963108181953	-0.267568379641	7.18154434236	33.490988064	-55.9180984497	-5.57986497879	-44.4808998108	0.213016612706	4.0	15.5200004578	37.8600006104	0.0	22.8400001526	0.990522817915	1.0	2
1.0	2037.61083984	3.0	1.0	1867.58032227	1.0	1.0	8.49999976158	0.0	-0.0130403237417	0.976928651333	-0.213167354465	34.2285268476	22.2849667767	-60.9915504456	-14.2541503906	-35.4696998596	0.976506400196	0.0	0.0	0.0	1.0	20.6800003052	-1.0	0.0	2
1.0	5224.54736328	7.0	5.0	3754.19311523	3.0	2.0	135.31999892	0.0	-0.0130403125659	0.976927816868	-0.213171288371	14.7102993092	31.6786710194	-62.0367507935	-11.8107500076	-37.526802063	0.6446623105	6.0	7.73999977112	70.8800005913	3.0	20.6800003052	0.98640801076	1.0	2
1.0	611.280395508	3.0	2.0	1030.08996582	1.0	1.0	18.6400001049	0.0	0.0130403237417	-0.976928651333	0.213167354465	13.2251579343	2.07272412005	-60.9915504456	-14.2541503906	-35.4696998596	0.976506400196	0.0	0.0	0.0	1.0	20.6800003052	0.871545892979	1.0	2
1.0	5639.75341797	6.0	4.0	3338.98730469	5.0	5.0	178.979999721	0.0	-0.0130403209478	0.976928472519	-0.213168337941	38.9462629815	3.59791706291	-63.3042488098	-27.257850647	-13.2355003357	0.769932572805	8.0	7.73999977112	99.1399998665	3.0	20.6800003052	0.99411969227	1.0	2
1.0	903.299987793	3.0	2.0	1550.50231934	2.0	2.0	31.7000002861	0.0	-0.0130399111658	0.976930141449	-0.21316061914	3.57109338781	13.0512989747	-65.0084533691	-2.11516499519	-41.0276985168	0.998586746251	6.0	4.26000022888	72.7400012016	2.0	17.3999996185	0.331059450256	1.0	2
1.0	6468.71630859	5.0	3.0	2510.0234375	3.0	2.0	94.3800010085	0.0	0.0130400490016	-0.976929664612	0.213162869215	1.30285794062	40.2746351266	-60.6802482605	-5.66315984726	-45.3801002502	0.799215848696	4.0	8.65999984741	57.3999996185	0.0	23.0200004578	0.995478759976	1.0	2
1.0	2740.42358398	6.0	1.0	1039.79296875	2.0	1.0	23.5	1.95465595516	-0.252127945423	0.949069678783	-0.188939705491	37.3575249997	3.59786578322	-61.2467498779	-20.0628509521	-2.16324996948	0.84595249528	0.0	0.0	0.0	0.0	0.0	0.85575266261	1.0	2
1.0	6458.88623047	7.0	4.0	2519.85327148	3.0	2.0	80.8200003505	0.0	0.0131471930072	-0.976927280426	0.213167056441	20.3161376234	5.44442473303	-61.9305992126	-12.4411497116	-35.7960014343	0.573535135941	6.0	4.26000022888	84.460000515	2.0	20.6800003052	0.998444774149	1.0	2
1.0	1486.44897461	3.0	2.0	2418.7421875	3.0	3.0	47.0599992275	0.0	0.997134625912	0.0	-0.0756471604109	18.6092676815	2.4254543691	-48.0691986084	-49.7857017517	-27.0594997406	0.65539474455	6.0	14.0	87.5600004196	3.0	17.3999996185	0.474627899348	1.0	2
1.0	5687.77929688	6.0	4.0	3290.9609375	5.0	5.0	102.42000103	0.0	-0.0130399111658	0.976930141449	-0.21316061914	3.57109338781	44.8328927487	-65.0084533691	-2.11516499519	-41.0276985168	0.998586746251	9.0	4.26000022888	103.92000103	3.0	17.3999996185	0.969188741179	1.0	2
1.0	2892.24853516	2.0	0.0	456.160003662	1.0	0.0	0.0	10.0	0.0	0.0	0.0	0.0	0.0	0.0	0.0	0.0	2.0	0.0	0.0	0.0	0.0	0.0	0.000206200179832	0.0	2
1.0	6473.96826172	7.0	3.0	2361.46411133	2.0	1.0	56.9799995422	0.0	-0.00915413536131	0.994012892246	-0.108878567815	27.2732942856	27.0329718853	-59.0860977173	-20.0825996399	-40.4169006348	0.509306286294	1.0	12.1800003052	12.1800003052	0.0	12.1800003052	0.983825955688	1.0	2
1.0	2174.93896484	4.0	1.0	832.445007324	1.0	1.0	22.0199999809	0.0	-0.00915051717311	0.994013130665	-0.108876973391	42.2495150005	9.86607046253	-60.5806007385	-31.9914989471	-18.5591011047	0.849009393101	2.0	10.3000001907	23.8599996567	0.0	13.3599996567	0.287017034347	1.0	2
1.0	6949.43310547	8.0	3.0	585.656005859	3.0	3.0	41.7399995327	0.0	-0.00915415212512	0.994012892246	-0.10887876153	35.4648063182	1.89267381867	-61.6700973511	-27.7908000946	-31.460899353	0.822207543991	2.0	12.1800003052	31.0200004578	1.0	17.9200000763	0.997051028658	1.0	2
1.0	4978.79199219	4.0	1.0	2195.86010742	1.0	1.0	24.0	0.0	-0.00915413536131	0.994012892246	-0.108878567815	2.37496075343	20.6214863783	-59.0860977173	-20.0825996399	-40.4169006348	0.509306286294	1.0	12.1800003052	12.1800003052	0.0	12.1800003052	0.920543670065	1.0	2
1.0	7243.34619141	8.0	3.0	1100.33898926	3.0	3.0	123.499999762	0.0	-0.00915051717311	0.994013130665	-0.108876973391	42.2495150005	9.86607046253	-60.5806007385	-31.9914989471	-18.5591011047	0.849009393101	3.0	10.3000001907	36.0399999619	0.0	13.3599996567	0.991101394087	1.0	2
1.0	3898.82446289	6.0	2.0	1657.90197754	4.0	3.0	42.4799995422	0.0	-0.00915415212512	0.994012892246	-0.10887876153	31.9450200348	34.714384815	-61.6700973511	-27.7908000946	-31.460899353	0.822207543991	0.0	0.0	0.0	1.0	17.9200000763	0.808694038904	1.0	2
1.0	6667.70947266	6.0	3.0	1460.06896973	4.0	4.0	93.5799992085	0.0	0.00924870744348	-0.994014143944	0.108859151602	7.62199718922	2.79471332318	-62.4848480225	-13.7915000916	-1.55379998684	0.541458622062	5.0	9.64000034332	70.6399993896	0.0	21.2600002289	0.989906844762	1.0	2
1.0	1384.29858398	5.0	0.0	456.160003662	1.0	0.0	0.0	10.0	0.0	0.0	0.0	0.0	0.0	0.0	0.0	0.0	2.0	0.0	0.0	0.0	0.0	0.0	0.000206200179832	1.0	2
1.0	5034.04443359	6.0	1.0	450.874023438	2.0	1.0	14.9600000381	1.87148871663	0.238118693233	0.22544208169	-0.944709122181	19.9912086549	10.7355119798	-47.8797988892	-35.1852035522	-46.1590003967	0.832518766451	0.0	0.0	0.0	0.0	0.0	0.989251037947	1.0	2
1.0	3219.65600586	2.0	1.0	1723.72497559	1.0	1.0	6.99160015583	0.0	0.0472530908883	-0.972107231617	0.229727506638	1.98489274261	9.46431446704	-53.4935493469	-14.4714002609	-49.5278015137	0.0867511992662	2.0	19.1200008392	39.8199996948	0.0	20.2000007629	-1.0	0.0	2
1.0	5692.86376953	5.0	3.0	2316.1159668	5.0	5.0	73.3800008297	0.0	-0.0472534149885	0.972083210945	-0.229829028249	21.0248004841	39.1397664102	-54.8340492249	-8.71848487854	-50.8464508057	0.62720491422	6.0	10.6000003815	82.2999992371	3.0	23.6200008392	0.974881256669	1.0	2
1.0	2360.97851562	5.0	1.0	2614.36987305	2.0	1.0	12.3716002703	0.0	-0.0472558401525	0.972084701061	-0.22982211411	1.98489274261	15.2340669967	-53.5404510498	-13.5066003799	-49.7558517456	0.559665493998	2.0	19.1200008392	39.8199996948	0.0	20.2000007629	0.0741311580202	1.0	2
1.0	1881.67102051	3.0	2.0	2890.18676758	3.0	3.0	17.1915999651	0.0	0.0472558401525	-0.972084701061	0.22982211411	7.54220892983	42.0386185942	-53.5404510498	-13.5066003799	-49.7558517456	0.559665493998	2.0	19.1200008392	39.8199996948	0.0	20.2000007629	0.998100383309	1.0	2
1.0	4818.48095703	4.0	2.0	2283.56982422	3.0	2.0	34.8316003084	0.0	-0.0472558401525	0.972084701061	-0.22982211411	1.98489274261	41.4080285848	-53.5404510498	-13.5066003799	-49.7558517456	0.559665493998	2.0	19.1200008392	39.8199996948	0.0	20.2000007629	0.954451307415	1.0	2
1.0	3572.10498047	5.0	2.0	2416.03564453	2.0	2.0	36.9123597553	0.0	0.0472558401525	-0.972084701061	0.22982211411	7.54220892983	18.4985363469	-53.5404510498	-13.5066003799	-49.7558517456	0.559665493998	5.0	5.69999980927	81.119998455	1.0	5.69999980927	0.990081805112	1.0	2
1.0	3087.17602539	2.0	1.0	1856.20495605	2.0	2.0	14.1316002607	0.0	0.0472570136189	-0.972106933594	0.229727894068	25.5221806678	0.0	-52.2018508911	-34.3222007751	-36.7520980835	0.581804147227	4.0	12.9399995804	65.9200000763	1.0	13.9399995804	0.180802858458	1.0	2
1.0	4628.89941406	7.0	5.0	1552.30175781	4.0	4.0	91.8059991598	0.0	-0.0472557507455	0.972084820271	-0.229821681976	32.6803440473	0.992507828558	-52.5222473145	-40.1522979736	-24.0159492493	0.965669271685	7.0	2.51999998093	81.2799994946	4.0	13.9399995804	0.995103654536	1.0	2
1.0	4428.48779297	10.0	5.0	3617.16772461	4.0	3.0	98.6323604992	0.0	-0.0472582913935	0.972105383873	-0.229734107852	3.62701814857	38.6152187748	-54.8809509277	-7.7537150383	-51.0745010376	0.566360352079	9.0	5.69999980927	143.059998035	3.0	23.6200008392	0.99469702871	1.0	2
1.0	5847.6484375	9.0	5.0	2450.81201172	5.0	5.0	147.212359708	0.0	-0.0472582913935	0.972105383873	-0.229734107852	0.0	20.2556538044	-54.8809509277	-7.7537150383	-51.0745010376	0.566360352079	13.0	2.51999998093	180.33999753	6.0	23.6200008392	0.968178031129	1.0	2
1.0	2698.6809082	1.0	1.0	1531.16210938	1.0	1.0	8.43999958038	0.0	-0.106015138328	0.937812566757	-0.330557733774	1.98728943182	19.1818716426	-56.5401496887	-9.97130966187	-48.2182502747	0.486105965002	1.0	27.2199993134	28.0400009155	0.0	27.2199993134	-1.0	0.0	2
1.0	6257.39941406	7.0	6.0	3326.3527832	1.0	1.0	140.5	0.0	-0.106013156474	0.937814354897	-0.330553233624	27.9913931082	3.32690071968	-53.1355514526	-40.4468994141	-20.6178512573	0.611703244596	8.0	4.03999996185	106.520000458	3.0	7.40000009537	0.980404925085	1.0	2
1.0	2698.6809082	1.0	0.0	851.530029297	2.0	0.0	0.0	10.0	0.0	0.0	0.0	0.0	0.0	0.0	0.0	0.0	2.0	0.0	0.0	0.0	0.0	0.0	0.000206200179832	1.0	2
1.0	6503.89599609	5.0	4.0	3079.85668945	3.0	3.0	146.619999886	0.0	-0.106016807258	0.937810540199	-0.330562919378	12.6000257436	16.6999317321	-47.6037483215	-8.61380958557	-58.6864509583	0.25487857412	8.0	4.03999996185	114.400001049	2.0	18.4400005341	0.982505291047	1.0	2
1.0	3714.70410156	4.0	2.0	2089.03198242	2.0	2.0	24.6800000668	0.0	-0.106016688049	0.937809467316	-0.330565929413	2.53675131784	18.6165031727	-48.6455497742	-9.44860076904	-57.143447876	0.268495917124	4.0	4.03999996185	61.3800010681	1.0	4.03999996185	0.653859800258	1.0	2
1.0	6262.26660156	4.0	3.0	2706.07202148	3.0	3.0	101.32000041	0.0	-0.106016688049	0.937809467316	-0.330565929413	2.53675131784	18.6165031727	-48.6455497742	-9.44860076904	-57.143447876	0.268495917124	9.0	4.03999996185	125.540000916	1.0	4.03999996185	0.980031409638	1.0	2
1.0	2967.29174805	2.0	1.0	2089.03198242	2.0	2.0	21.5399999619	0.0	-0.106015138328	0.937812566757	-0.330557733774	1.98728943182	28.6460311798	-56.5401496887	-9.97130966187	-48.2182502747	0.486105965002	2.0	4.03999996185	32.0400009155	1.0	4.03999996185	0.428259085836	1.0	2
1.0	5467.87451172	8.0	7.0	4115.87744141	3.0	3.0	142.759999633	0.0	0.993543028831	0.113422557712	0.00275293341838	41.4087608473	1.63713872355	-61.0275001526	-15.9924497604	-17.7822494507	0.831668672207	11.0	4.03999996185	157.380000114	3.0	18.4400005341	0.995866889714	1.0	2
1.0	5513.83203125	4.0	3.0	4069.92041016	3.0	3.0	113.059999704	0.0	-0.106015138328	0.937812566757	-0.330557733774	1.98728943182	28.6460311798	-56.5401496887	-9.97130966187	-48.2182502747	0.486105965002	5.0	11.0200004578	88.6600003242	1.0	18.4400005341	0.991405494594	1.0	2
1.0	5289.70898438	5.0	4.0	4025.43212891	3.0	3.0	164.320000291	0.0	-0.993542909622	-0.113423392177	-0.00275462726131	11.3184746017	20.6324784745	-46.623298645	-12.2745494843	-57.3720474243	0.207029872326	9.0	4.03999996185	106.980000973	2.0	7.40000009537	0.988895478699	1.0	2
1.0	3761.10400391	3.0	1.0	1578.00610352	1.0	1.0	4.11999988556	0.0	0.0587564893067	0.984724104404	-0.163908854127	3.28207393123	3.12837686362	-62.6930007935	-14.2982501984	-37.2823486328	0.242117491402	2.0	22.7199993134	46.4800014496	0.0	25.4400005341	-1.0	0.0	2
1.0	5903.24511719	10.0	5.0	6112.15332031	4.0	3.0	119.872399732	0.0	0.0588481165469	0.984720289707	-0.163899064064	4.64391404264	31.3360953259	-68.5402526855	2.27754998207	-33.2924499512	0.235745739069	8.0	4.69999980927	129.56000042	2.0	10.9799995422	0.980186620929	1.0	2
1.0	4491.56494141	5.0	2.0	1578.00610352	1.0	1.0	27.220000267	0.0	0.0588442757726	0.984737217426	-0.163798511028	2.05610120613	20.7819440601	-55.5394515991	-11.9991998672	-53.426902771	0.876616529313	3.0	4.69999980927	52.1800012589	1.0	4.69999980927	0.219187653834	1.0	2
1.0	4742.65771484	6.0	5.0	2304.68603516	4.0	4.0	82.7751999199	0.0	0.0588442757726	0.984737217426	-0.163798511028	2.05610120613	22.5464012087	-55.5394515991	-11.9991998672	-53.426902771	0.876616529313	4.0	4.69999980927	56.9999990463	1.0	4.69999980927	0.968533853356	1.0	2
1.0	7083.23339844	9.0	4.0	5423.44824219	3.0	2.0	69.1523999423	0.0	0.0588471516967	0.984721362591	-0.163892656565	26.2070126566	1.47159275653	-42.1072502136	-45.5923995972	-43.5397491455	0.56243318012	6.0	10.8599996567	107.080001831	1.0	10.9799995422	0.99706908356	1.0	2
1.0	6295.05566406	7.0	5.0	3757.96533203	7.0	6.0	159.339998245	0.0	-0.0587480850518	-0.984742820263	0.16379930079	5.94881658427	33.6458512312	-55.4615020752	-15.6161994934	-49.8593978882	0.121350372133	4.0	10.0	58.6799993515	0.0	22.7199993134	0.998711497962	1.0	2
1.0	6956.58203125	7.0	4.0	4499.48046875	3.0	2.0	54.7643989772	0.0	0.0587480850518	0.984742820263	-0.16379930079	2.94318481821	27.2166451234	-55.4615020752	-15.6161994934	-49.8593978882	0.121350372133	7.0	10.0	128.380000114	0.0	25.4400005341	0.96957806341	1.0	2
1.0	3849.17578125	4.0	1.0	1700.44213867	1.0	1.0	8.48000001907	0.0	0.0587564893067	0.984724104404	-0.163908854127	3.28207393123	3.12837686362	-62.6930007935	-14.2982501984	-37.2823486328	0.242117491402	2.0	22.7199993134	46.4800014496	0.0	25.4400005341	0.169728167454	1.0	2
1.0	4462.1875	6.0	4.0	2721.70410156	5.0	3.0	72.2323993742	0.0	-0.0588471516967	-0.984721362591	0.163892656565	28.1025781917	18.3863654138	-58.4005508423	-33.6921005249	-33.1558532715	0.0890350353375	4.0	10.0	60.3599996567	0.0	17.9400005341	0.997640353662	1.0	2
1.0	2872.46606445	3.0	1.0	1426.20495605	1.0	1.0	11.6999998093	0.0	-0.0314092673361	0.976041018963	-0.215307608247	1.11747366861	14.8724841372	-53.1820526123	-19.4521484375	-40.4865989685	0.118909948852	3.0	12.3199996948	46.1800003052	0.0	21.2600002289	-1.0	0.0	3
1.0	9775.58300781	10.0	6.0	5664.07519531	6.0	5.0	105.224797845	0.0	0.0314061641693	-0.976050615311	0.215264499187	40.8964453193	2.5987826195	-66.3690490723	-14.2678499222	-6.86388492584	0.794788026797	15.0	3.42000007629	142.574000955	5.0	29.2000007629	0.999950455468	1.0	3
1.0	8459.92480469	6.0	3.0	7542.84521484	6.0	4.0	24.1999996901	0.0	-0.0314061008394	0.976048648357	-0.215273454785	11.0561698518	4.9543933427	-65.2755508423	-12.3156499863	-8.66993999481	0.922850190633	4.0	4.05999994278	35.5	4.0	23.7600002289	0.999537814946	1.0	3
1.0	11342.4628906	8.0	5.0	7006.58349609	10.0	9.0	205.759999633	0.0	0.999276518822	0.0343753173947	0.016271200031	47.9052277253	2.83476001941	-63.7331542969	-12.0163002014	1.12242996693	0.611992636189	19.0	3.42000007629	217.269603401	10.0	29.2000007629	0.999992903278	1.0	3
1.0	8011.46191406	4.0	2.0	3374.22216797	5.0	3.0	63.1399991512	0.0	-0.999280273914	-0.0342910252512	-0.0162182506174	0.0	41.0072381098	-52.7432022095	-14.7926502228	-42.9032974243	0.688271908492	9.0	4.05999994278	111.015600234	0.0	23.4599990845	0.991868424634	1.0	3
1.0	6746.84033203	7.0	6.0	3344.19213867	5.0	4.0	116.739998102	0.0	-0.0314061008394	0.976048648357	-0.215273454785	52.3621095182	2.50777267967	-65.2755508423	-12.3156499863	-8.66993999481	0.922850190633	10.0	3.42000007629	88.3740011454	1.0	3.42000007629	0.993850454181	1.0	3
1.0	3576.20874023	4.0	3.0	4790.14599609	4.0	2.0	49.842000246	0.0	0.0314061641693	-0.976050615311	0.215264499187	38.3425443885	2.5987826195	-66.3690490723	-14.2678499222	-6.86388492584	0.794788026797	7.0	4.05999994278	69.6400003433	1.0	14.8400001526	0.640448912419	1.0	3
1.0	5092.82958984	6.0	5.0	4458.29736328	4.0	3.0	101.420000315	0.0	0.0314061641693	-0.976050615311	0.215264499187	54.0568225273	2.5987826195	-66.3690490723	-14.2678499222	-6.86388492584	0.794788026797	9.0	4.05999994278	97.4800014496	1.0	14.8400001526	0.984063892334	1.0	3
1.0	2993.32519531	5.0	1.0	3001.06787109	3.0	1.0	11.6999998093	0.0	-0.0314092673361	0.976041018963	-0.215307608247	1.11747366861	14.8724841372	-53.1820526123	-19.4521484375	-40.4865989685	0.118909948852	3.0	12.3199996948	46.1800003052	0.0	21.2600002289	0.176974378189	1.0	3
1.0	6587.84619141	7.0	4.0	3218.36914062	5.0	4.0	121.439997196	0.0	-0.999280273914	-0.0342910252512	-0.0162182506174	0.0	36.4864131409	-52.7432022095	-14.7926502228	-42.9032974243	0.688271908492	7.0	3.42000007629	68.6140009165	1.0	3.42000007629	0.992023523698	1.0	3
1.0	2236.81396484	2.0	0.0	766.070007324	1.0	0.0	0.0	10.0	0.0	0.0	0.0	0.0	0.0	0.0	0.0	0.0	2.0	0.0	0.0	0.0	0.0	0.0	0.000206200179832	0.0	3
1.0	4030.92358398	8.0	4.0	3734.95019531	6.0	4.0	92.9200003147	0.0	-0.00326731638052	-0.994222223759	0.107291817665	24.6185892435	33.1244921954	-54.0684967041	-13.3993501663	-46.2885513306	0.487283694271	3.0	23.0400009155	54.2600002289	0.0	36.8400001526	0.985895951552	1.0	3
1.0	4374.79589844	8.0	1.0	1912.2487793	3.0	1.0	0.0	10.0	0.0	0.0	0.0	0.0	0.0	0.0	0.0	0.0	2.0	2.0	33.9599990845	24.4600000381	0.0	35.0200004578	0.924980306949	1.0	3
1.0	8300.48144531	7.0	3.0	3131.1315918	5.0	4.0	77.4599986076	0.0	-0.00326731824316	-0.994221806526	0.107295773923	1.4481422462	25.3586835065	-54.1231994629	-16.1873493195	-44.5028495789	0.0621483843248	7.0	7.05999994278	80.6487996131	5.0	32.2999992371	0.999876093252	1.0	3
1.0	2348.20605469	2.0	0.0	766.070007324	1.0	0.0	0.0	10.0	0.0	0.0	0.0	0.0	0.0	0.0	0.0	0.0	2.0	0.0	0.0	0.0	0.0	0.0	0.000206200179832	1.0	3
1.0	6116.25585938	9.0	6.0	2117.79199219	2.0	2.0	96.7799990177	0.0	-0.999530792236	0.0	-0.0306300148368	28.3157648525	3.65128144982	-60.1976509094	-16.8246002197	-3.00073504448	0.575769804598	2.0	9.22000026703	32.6799993515	0.0	23.0400009155	0.992099968666	1.0	3
1.0	5580.08691406	7.0	2.0	3212.53100586	3.0	2.0	59.039999485	0.0	-0.00326731824316	-0.994221806526	0.107295773923	1.4481422462	25.3586835065	-54.1231994629	-16.1873493195	-44.5028495789	0.0621483843248	2.0	5.17999982834	11.9400000572	2.0	7.05999994278	0.994321805976	1.0	3
1.0	4847.01074219	5.0	3.0	3775.69311523	2.0	1.0	74.220000267	0.0	-0.0032670230139	-0.994234144688	0.107180938125	38.7677730591	23.5623488806	-59.9721984863	-21.5333995819	-27.7544002533	0.853946528855	1.0	1.05999994278	0.0	1.0	1.05999994278	0.991732077482	1.0	3
1.0	6690.34570312	10.0	6.0	1670.07299805	3.0	3.0	96.6799993515	0.0	-0.999530792236	0.0	-0.0306300148368	28.3157648525	3.65128144982	-60.1976509094	-16.8246002197	-3.00073504448	0.575769804598	4.0	3.88000011444	63.6799998283	1.0	3.88000011444	0.985735003703	1.0	3
1.0	2507.82641602	3.0	0.0	397.135009766	1.0	0.0	0.0	10.0	0.0	0.0	0.0	0.0	0.0	0.0	0.0	0.0	2.0	0.0	0.0	0.0	0.0	0.0	0.000206200179832	0.0	3
1.0	13181.2949219	10.0	3.0	3134.62939453	6.0	3.0	61.8999999762	0.0	0.0536236725748	0.956503689289	-0.286749392748	50.7035479981	1.61889660251	-42.1550979614	-46.3115997314	-34.7871017456	0.0802264213885	3.0	9.5	38.0999984741	0.0	16.6800003052	0.999984511585	1.0	3
1.0	12188.3554688	10.0	4.0	5284.59912109	6.0	3.0	127.930399776	0.0	-0.0535331480205	-0.956512629986	0.286736518145	9.91410449169	40.6351931202	-58.1287498474	-9.5980796814	-37.9939002991	0.185220977453	6.0	7.55999994278	68.2599992752	0.0	16.6800003052	0.999995313028	1.0	3
1.0	11053.4082031	13.0	4.0	1871.2722168	5.0	2.0	75.1600005627	0.0	0.995689570904	-0.0703867897391	-0.060398068279	25.8823964157	20.8346291007	-59.2161483765	-24.2725505829	-28.5101509094	0.771722367264	2.0	20.8400001526	41.0399990082	2.0	22.1399993896	0.99985688298	1.0	3
1.0	1582.65942383	3.0	2.0	1322.30200195	2.0	2.0	20.1399998665	0.0	0.0535315088928	0.95650857687	-0.28675031662	4.55280111649	17.3594349062	-45.4485473633	-16.8851013184	-54.5971984863	0.308947902685	1.0	8.10000038147	8.92000007629	0.0	8.10000038147	0.156896720646	1.0	3
1.0	6168.85888672	10.0	4.0	2109.6809082	4.0	4.0	104.019999981	0.0	-0.995689451694	0.0703885480762	0.0603980608284	2.40813278919	25.6328418775	-45.929851532	-17.0577507019	-53.2412490845	0.451760125999	4.0	9.5	59.4999990463	1.0	20.8400001526	0.964302544666	1.0	3
1.0	1111.13952637	2.0	1.0	1428.8659668	2.0	1.0	13.4200000763	2.10319518019	0.21128436923	0.241780892015	-0.947048544884	0.0	13.7286363819	-58.6427001953	-32.7194519043	-26.6962013245	0.558795597818	0.0	0.0	0.0	0.0	0.0	0.105079661378	1.0	3
1.0	6371.37353516	12.0	5.0	2271.25341797	5.0	5.0	123.412399769	0.0	0.995689451694	-0.0703885480762	-0.0603980608284	3.05305232479	23.7596021133	-45.929851532	-17.0577507019	-53.2412490845	0.694528612173	4.0	8.73999977112	58.4199991226	1.0	20.8400001526	0.985407680507	1.0	3
1.0	4936.99462891	10.0	2.0	4138.35742188	3.0	2.0	56.5799992085	0.0	-0.995689570904	0.0703867897391	0.060398068279	43.9788315398	34.1126295903	-59.2161483765	-24.2725505829	-28.5101509094	0.771722367264	3.0	16.6800003052	59.5199985504	2.0	22.1399993896	0.980714021108	1.0	3
1.0	6983.06152344	10.0	2.0	3408.95996094	2.0	1.0	69.7323989868	0.0	0.995689511299	-0.0703876689076	-0.0603980645537	42.3487827286	37.0626208981	-58.8121490479	-14.6046504974	-33.9286499023	0.425753465204	2.0	8.73999977112	26.0600004196	0.0	12.4200000763	0.999441216947	1.0	3
1.0	2949.30712891	2.0	0.0	1081.42797852	1.0	0.0	0.0	10.0	0.0	0.0	0.0	0.0	0.0	0.0	0.0	0.0	2.0	0.0	0.0	0.0	0.0	0.0	0.000206200179832	0.0	3
1.0	9660.99511719	17.0	10.0	10039.2460938	11.0	7.0	138.841598749	0.0	0.0335470587015	0.986687541008	-0.159129887819	26.8501360684	3.11430445992	-60.3800506592	-23.0130996704	-2.07583498955	0.876696600655	29.0	8.0	348.830567438	12.0	25.3199996948	0.999996572262	1.0	3
1.0	3150.0090332	9.0	2.0	1915.71496582	7.0	2.0	13.1800003052	0.0	0.0335508994758	0.986671984196	-0.159225359559	11.1065842165	27.1240221444	-60.6080474854	-6.85173511505	-40.3216018677	0.412430387709	2.0	12.0200004578	22.1400003433	0.0	21.0	0.486373124406	1.0	3
1.0	9449.03515625	14.0	8.0	7533.41601562	11.0	8.0	164.372400999	0.0	-0.999265253544	0.030987104401	0.0225543752313	37.4688447155	2.05389569159	-66.8999023438	-12.5734500885	-8.02773475647	0.617782328008	22.0	8.52000045776	233.152968477	7.0	22.2999992371	0.999999655162	1.0	3
1.0	3946.13818359	3.0	1.0	2754.83081055	5.0	1.0	4.92000007629	0.0	0.0335464775562	0.986672461033	-0.159223407507	27.7761689286	9.14939496536	-48.1814498901	-44.8050994873	-27.1490001678	0.727968718521	2.0	8.57999992371	13.6800003052	1.0	8.57999992371	0.477601948008	1.0	3
1.0	3620.86132812	9.0	4.0	7478.52294922	4.0	3.0	92.3200002909	0.0	0.0335508994758	0.986671984196	-0.159225359559	8.30612732723	35.1790639333	-60.6080474854	-6.85173511505	-40.3216018677	0.767480052825	14.0	11.8800001144	130.923200011	2.0	18.6599998474	0.997796520008	1.0	3
1.0	3270.44238281	3.0	1.0	3180.32470703	2.0	1.0	20.3799991608	0.0	-0.999265551567	0.0309842769057	0.0225449968129	40.3803302355	28.4300773537	-63.3351516724	-13.2474498749	-34.7633514404	0.794481816769	1.0	8.0	9.76000022888	0.0	8.0	0.404039284412	1.0	3
1.0	4054.6340332	8.0	5.0	5305.40869141	5.0	5.0	110.200001359	0.0	-0.999262571335	0.0310831982642	0.0225434154272	2.01075644052	37.1589138184	-27.3913002014	-11.3582000732	-64.2879486084	0.270421999639	12.0	11.8800001144	143.48319757	5.0	22.6599998474	0.989260409751	1.0	3
1.0	6507.00195312	6.0	2.0	5532.70898438	7.0	5.0	141.580001354	0.0	0.0335525237024	0.986688196659	-0.159124746919	2.36515406008	31.8885507683	-54.615852356	-9.85531997681	-47.4343490601	0.588299362426	16.0	8.57999992371	156.783199668	5.0	20.6800003052	0.999296574142	1.0	3
1.0	5990.03417969	7.0	4.0	5992.23779297	6.0	4.0	98.1800017357	0.0	-0.0335508994758	-0.986671984196	0.159225359559	0.0	35.9226331911	-60.6080474854	-6.85173511505	-40.3216018677	0.767480052825	10.0	8.57999992371	81.0232003927	4.0	20.6800003052	0.998823987005	1.0	3
1.0	3228.4128418	2.0	0.0	1790.75036621	1.0	0.0	0.0	10.0	0.0	0.0	0.0	0.0	0.0	0.0	0.0	0.0	2.0	0.0	0.0	0.0	0.0	0.0	0.000206200179832	0.0	3
1.0	12045.7314453	4.0	2.0	2250.11010742	5.0	2.0	19.1000002623	0.0	-0.0075991791673	0.96532022953	-0.260958135128	53.7459118521	26.4590016415	-47.5267486572	-17.1786994934	-59.9223022461	0.728193995128	5.0	11.720000267	34.1787989885	1.0	31.2600002289	0.999999658482	1.0	3
1.0	5787.07421875	5.0	0.0	1232.21875	4.0	0.0	0.0	10.0	0.0	0.0	0.0	0.0	0.0	0.0	0.0	0.0	2.0	0.0	0.0	0.0	0.0	0.0	0.000206200179832	1.0	3
1.0	7725.6484375	11.0	4.0	5974.65820312	8.0	4.0	58.7399992943	0.0	0.999440610409	0.0	-0.0334428846836	31.7668492205	10.5781827419	-37.2585525513	-48.5514984131	-39.2599029541	0.902304210708	6.0	6.23999977112	70.4000005722	2.0	9.60000038147	0.996875184021	1.0	3
1.0	1756.33398438	3.0	2.0	2261.91308594	3.0	2.0	9.46000003815	0.0	-0.00760412914678	0.965339004993	-0.260888367891	1.9204846276	26.375570487	-61.1645507812	-18.8733501434	-39.3376464844	0.379519431234	2.0	24.3199996948	24.1599998474	3.0	27.0400009155	0.611875646735	1.0	3
1.0	4008.16186523	5.0	3.0	1930.8079834	4.0	4.0	47.8999994993	0.0	0.999440848827	0.0	-0.0334358774126	25.1861855517	21.5211358818	-42.4916992188	-35.9258003235	-44.2891998291	0.987691690144	0.0	0.0	0.0	1.0	14.5799999237	0.999069855674	1.0	3
1.0	3495.86987305	3.0	2.0	1488.97839355	2.0	2.0	12.7600002289	3.82426463519	0.674010634422	-0.0808478966355	-0.734284222126	4.80120158121	10.5463157438	-56.2102012634	-22.7087993622	-43.8300514221	0.859092344297	4.0	15.5	40.2000002861	1.0	27.0400009155	0.312215207331	1.0	3
1.0	2649.14501953	5.0	4.0	2370.01831055	3.0	3.0	51.8635997698	0.0	0.999440729618	0.0	-0.0334396250546	2.03353931713	4.06697569504	-50.9953994751	-15.0852003098	-56.7964019775	0.850005125468	12.0	6.26000022888	137.980000019	11.0	27.0400009155	0.981129235201	1.0	3
1.0	5329.54296875	6.0	2.0	6134.97802734	4.0	2.0	86.1600012779	0.0	-0.00759994750842	0.965312540531	-0.260986506939	44.2735779594	0.0	-41.5855484009	-53.1704483032	-30.712600708	0.337244161018	7.0	0.959999978542	52.5599989891	4.0	21.7199993134	0.995047539201	1.0	3
1.0	1564.23986816	3.0	1.0	166.494400024	2.0	1.0	0.0	10.0	0.0	0.0	0.0	0.0	0.0	0.0	0.0	0.0	2.0	2.0	11.4600000381	15.5	1.0	11.4600000381	0.980881220448	1.0	3
