valid	volumeS1	connectedComponentsS1	connectedComponentsS1Rel	volumeS2	connectedComponentsS2	connectedComponentsS2Rel	corticalSize	distanceMin	direction_x	direction_y	direction_z	distanceToExtremity1	distanceToExtremity2	gravityCenter_x	gravityCenter_y	gravityCenter_z	corticalDotProduct	junctions	junctionDepthMin	junctionsSize	plisDePassage	plisDePassageDepthMax	Potential	Class	cycle
1.0	1971.03198242	1.0	1.0	1546.26879883	2.0	1.0	25.3999996185	2.26815339118	0.397530674934	0.606975913048	-0.688149392605	0.0	19.5417880912	-67.5565490723	52.7640991211	21.9857997894	0.155868039634	0.0	0.0	0.0	0.0	0.0	-1.0	0.0	1
1.0	7633.74560547	7.0	4.0	4029.1965332	9.0	7.0	123.560000896	0.0	0.0584667474031	0.987314939499	-0.147617146373	44.9435217414	4.55072484508	-78.2527008057	21.7075004578	-2.97658014297	0.168700777761	4.0	7.26000022888	59.5799984932	2.0	20.6000003815	0.996839229873	1.0	1
1.0	6499.16503906	4.0	3.0	1501.46240234	8.0	2.0	36.8199996948	1.52999343696	0.0723264738917	0.85640591383	0.511212110519	22.6552157353	2.15643935349	-75.5951538086	42.7667503357	6.55394983292	0.491683865285	0.0	0.0	0.0	0.0	0.0	0.684794051423	1.0	1
1.0	7924.44238281	10.0	8.0	5756.65917969	9.0	7.0	203.500002146	0.0	0.0584667474031	0.987314939499	-0.147617146373	44.9435217414	4.55072484508	-78.2527008057	21.7075004578	-2.97658014297	0.168700777761	9.0	8.92000007629	98.0	3.0	22.3600006104	0.997623228998	1.0	1
1.0	2908.625	2.0	2.0	1546.26879883	2.0	2.0	42.9999995232	0.0	-0.0584622845054	-0.987305700779	0.147680625319	1.77427993548	26.0545345415	-55.8047027588	68.1966018677	20.732000351	0.516369820347	1.0	20.6000003815	21.3799991608	1.0	20.6000003815	0.291405033175	1.0	1
1.0	7228.04492188	5.0	2.0	1525.2800293	1.0	1.0	18.8000001907	2.53405408603	0.222955837846	0.787080228329	0.575148105621	37.6061912987	1.75333365113	-76.0264511108	51.4559020996	-8.19245529175	0.751924827434	0.0	0.0	0.0	0.0	0.0	0.964925725132	1.0	1
1.0	2900.32397461	3.0	1.0	625.916015625	2.0	1.0	2.0	3.47318293865	-0.19879797101	-0.0447071529925	-0.979020237923	41.3951625194	8.02787370709	-74.1957473755	45.1382522583	14.3892354965	0.692243003429	0.0	0.0	0.0	0.0	0.0	0.84354566149	1.0	1
1.0	7138.82617188	5.0	5.0	4070.68164062	3.0	3.0	177.919999838	0.0	-0.0584622845054	-0.987305700779	0.147680625319	12.877014396	34.8514534265	-55.8047027588	68.1966018677	20.732000351	0.65777392503	5.0	3.66000008583	64.0599992275	4.0	20.6000003815	0.981826684833	1.0	1
1.0	1920.17797852	2.0	1.0	627.085876465	2.0	1.0	11.0	2.26815339118	0.397530674934	0.606975913048	-0.688149392605	18.0324684802	4.06348599548	-67.5565490723	52.7640991211	21.9857997894	0.155868039634	0.0	0.0	0.0	0.0	0.0	0.109353747843	1.0	1
1.0	7838.25097656	6.0	5.0	3221.30224609	3.0	3.0	92.2399992943	0.0	0.0584605969489	0.987319290638	-0.147590696812	39.756493091	0.0	-75.9916000366	38.2074508667	3.49462509155	0.622033106201	9.0	3.66000008583	105.739999771	5.0	20.6000003815	0.982600748283	1.0	1
1.0	2578.046875	2.0	1.0	1713.83691406	2.0	1.0	14.7600002289	1.20663583939	0.791680514812	0.609199821949	0.0460164360702	0.0	0.0	-73.9893493652	46.7518005371	12.9552001953	0.7789660684	0.0	0.0	0.0	0.0	0.0	-1.0	0.0	1
1.0	8098.0234375	13.0	4.0	3951.0390625	5.0	2.0	62.960000515	0.0	-0.104942172766	-0.992566883564	-0.0616291314363	4.20660831746	29.8821407033	-67.18409729	65.057144165	-7.73816490173	0.840918978742	1.0	12.0399999619	10.9399995804	1.0	23.3600006104	0.992749583383	1.0	1
1.0	6216.05712891	9.0	4.0	6476.8125	7.0	4.0	104.099999905	0.0	-0.104949310422	-0.992565512657	-0.0616386532784	10.8616447973	23.4175404662	-73.8340988159	52.4856491089	-3.1075501442	0.713058484817	1.0	18.5599994659	17.2600002289	1.0	28.0400009155	0.94101321674	1.0	1
1.0	8568.89160156	13.0	6.0	3104.92822266	9.0	6.0	133.480000496	0.0	-0.104950360954	-0.992571592331	-0.0615386553109	8.39303680992	36.2002835203	-56.9519996643	72.8481445312	18.3840503693	0.988989047726	4.0	11.1800003052	44.6080005169	2.0	18.5400009155	0.998773343755	1.0	1
1.0	2802.23583984	3.0	1.0	1713.83691406	2.0	1.0	14.7600002289	1.20663583939	0.791680514812	0.609199821949	0.0460164360702	0.0	0.0	-73.9893493652	46.7518005371	12.9552001953	0.7789660684	0.0	0.0	0.0	0.0	0.0	0.404039352241	1.0	1
1.0	5737.63085938	7.0	3.0	2815.28515625	4.0	3.0	45.2400004864	0.0	0.105044707656	0.992555499077	0.0616375505924	2.91956701315	28.09802798	-53.615852356	74.439453125	20.342300415	0.880859358535	2.0	3.18000006676	15.0199997425	1.0	28.0400009155	0.998881418891	1.0	1
1.0	8338.95117188	7.0	3.0	4529.12158203	3.0	3.0	52.6400003433	0.0	0.104949310422	0.992565512657	0.0616386532784	0.0	35.4257187329	-73.8340988159	52.4856491089	-3.1075501442	0.713058484817	1.0	18.5599994659	17.2600002289	1.0	28.0400009155	0.999566912029	1.0	1
1.0	5507.33154297	4.0	3.0	4467.32958984	5.0	3.0	53.0000004768	1.20663583939	0.791680514812	0.609199821949	0.0460164360702	0.0	20.7587577164	-73.9893493652	46.7518005371	12.9552001953	0.7789660684	0.0	0.0	0.0	0.0	0.0	0.959374208615	1.0	1
1.0	7207.82324219	9.0	6.0	3999.01953125	1.0	1.0	102.200000048	0.0	0.105034284294	0.992556929588	0.0616323947906	2.97335832741	25.6255373136	-58.1737518311	71.1437988281	14.6189994812	0.791510121736	3.0	10.6999998093	14.2312002759	1.0	18.5400009155	0.996242961185	1.0	1
1.0	2397.57202148	2.0	1.0	2543.10693359	2.0	2.0	33.8999996185	2.63690157786	-0.304075479507	0.707214534283	-0.638267755508	7.97586304479	16.2859118736	-73.1585540771	51.598197937	15.7989997864	0.937622605453	0.0	0.0	0.0	0.0	0.0	-1.0	0.0	1
1.0	8584.52246094	8.0	3.0	6122.83789062	11.0	6.0	152.143199563	0.0	0.999344289303	-0.0346972085536	-0.0103470673785	46.6134290089	0.0	-47.5063018799	28.5027503967	26.621099472	0.956141751907	16.0	1.77999997139	132.558801323	8.0	18.2600002289	0.999943869977	1.0	1
1.0	3693.46459961	10.0	4.0	5567.73144531	8.0	4.0	99.319999218	0.0	0.999348223209	-0.0346106998622	-0.0102569758892	21.4144413796	43.1448911966	-51.7743988037	65.7688980103	27.4817504883	0.961272786902	7.0	6.53999996185	65.9727996886	4.0	17.6399993896	0.912536089913	1.0	1
1.0	8053.50585938	10.0	5.0	4214.72216797	11.0	7.0	87.0600004196	0.0	-0.033417776227	-0.984706759453	0.170984968543	7.82769054781	39.2786437507	-57.7442474365	76.1000518799	11.3057994843	0.00713110719252	9.0	8.43999958038	89.1927990019	3.0	17.6399993896	0.999963188595	1.0	1
1.0	4360.22460938	7.0	5.0	4426.84814453	6.0	6.0	165.4599998	0.0	-0.0335072055459	-0.984688341618	0.171073645353	6.70428553817	37.5920049945	-50.9875030518	74.0964508057	20.5954494476	0.495702937213	14.0	6.26000022888	126.198000431	7.0	18.4799995422	0.999864233721	1.0	1
1.0	4194.62548828	6.0	3.0	2867.56835938	4.0	2.0	59.6600003242	0.0	-0.0334241427481	-0.984699308872	0.171026647091	11.0994087912	30.6253615336	-71.9775543213	55.0137023926	9.75662517548	0.646295013035	0.0	0.0	0.0	2.0	14.9799995422	0.994498166564	1.0	1
1.0	2996.35058594	8.0	6.0	3752.83544922	5.0	5.0	102.499999285	0.0	0.0334173999727	0.984704196453	-0.170999854803	54.2650887203	3.07238838684	-72.9107513428	24.1856002808	25.9724006653	0.686002339071	12.0	1.77999997139	77.2779998779	6.0	18.4799995422	0.991512077284	1.0	1
1.0	2998.97021484	7.0	3.0	3258.41430664	6.0	4.0	69.1000003815	0.0	0.0335072055459	0.984688341618	-0.171073645353	1.10420273931	36.9509724594	-50.9875030518	74.0964508057	20.5954494476	0.495702937213	10.0	6.53999996185	97.5268001854	6.0	17.9599990845	0.994276840758	1.0	1
1.0	1407.43005371	3.0	3.0	2578.89550781	4.0	3.0	49.5620002747	0.0	-0.999348342419	0.0346073023975	0.0102569768205	23.1362085566	2.38125768076	-71.2117004395	24.670999527	25.8606491089	0.495747363912	4.0	8.43999958038	41.5599994659	0.0	23.2800006866	0.568967916135	1.0	1
1.0	4621.69482422	6.0	4.0	3109.0637207	9.0	7.0	193.859998703	0.0	0.0334207303822	0.984704017639	-0.171000093222	9.86785621158	29.7570523208	-54.2512512207	78.7545013428	14.4104995728	0.76598068012	13.0	1.77999997139	101.06760025	8.0	18.4799995422	0.999869498352	1.0	1
1.0	1898.93432617	1.0	1.0	2626.25610352	1.0	1.0	20.3000006676	0.0	-0.998027443886	0.0332720950246	-0.0532370433211	14.802871706	2.74545354483	-72.4449996948	38.2383499146	21.2340011597	0.0429744428102	1.0	4.76000022888	4.32000017166	1.0	4.76000022888	-1.0	0.0	1
1.0	9363.60351562	8.0	4.0	4230.34521484	10.0	6.0	125.860001087	0.0	0.0461935438216	0.993749797344	-0.101624473929	59.1724449588	2.09661008104	-71.7149047852	13.3825998306	-0.65295445919	0.632311960503	2.0	5.59999990463	16.7399997711	0.0	11.1000003815	0.999332695674	1.0	1
1.0	5553.03222656	5.0	2.0	2547.74462891	5.0	2.0	30.3599996567	0.0	0.0461943224072	0.993749678135	-0.101624883711	37.9595054881	49.9776851909	-61.8134994507	45.068649292	28.2631988525	0.765625723113	1.0	5.28000020981	5.01999998093	1.0	5.28000020981	0.755708695053	1.0	1
1.0	10910.1425781	12.0	7.0	7677.73144531	13.0	8.0	220.320402861	0.0	0.0461935438216	0.993749797344	-0.101624473929	49.9536223915	2.09661008104	-71.7149047852	13.3825998306	-0.65295445919	0.632311960503	10.0	1.12000000477	67.6200000048	7.0	13.8400001526	0.999781780281	1.0	1
1.0	5319.77734375	3.0	2.0	3515.77416992	4.0	3.0	24.2159993649	0.0	0.99802339077	-0.0332724116743	0.0533125139773	1.77280644686	44.4805792016	-72.7865447998	49.2493515015	-5.90039491653	0.846622759628	2.0	7.11999988556	21.3000001907	1.0	11.220000267	0.948772099455	1.0	1
1.0	2952.0090332	4.0	3.0	2105.04541016	6.0	5.0	89.740000248	0.0	0.0461942739785	0.993748664856	-0.101635321975	0.0	25.8985582597	-61.6411972046	70.4811553955	2.53321504593	0.900616856579	5.0	4.76000022888	56.3799997568	3.0	19.7600002289	0.997019802918	1.0	1
1.0	1921.40515137	2.0	2.0	2307.86401367	2.0	1.0	34.9400010109	0.0	-0.998027443886	0.0332720950246	-0.0532370433211	24.1146091451	2.74545354483	-72.4449996948	38.2383499146	21.2340011597	0.0429744428102	1.0	4.76000022888	4.32000017166	1.0	4.76000022888	0.0210906220281	1.0	1
1.0	5074.82275391	5.0	1.0	1937.05175781	3.0	2.0	7.65999984741	1.74904831486	0.06246676296	0.250291019678	-0.966153383255	0.0	47.6610373194	-52.9147491455	79.3751525879	15.0215492249	0.103220175443	0.0	0.0	0.0	0.0	0.0	0.996688858126	1.0	1
1.0	1539.47631836	2.0	1.0	1700.49694824	3.0	3.0	26.0200004578	0.0	0.998027443886	-0.0332720950246	0.0532370433211	24.027113561	19.4056401567	-72.4449996948	38.2383499146	21.2340011597	0.0429744428102	3.0	4.76000022888	21.8999992609	3.0	19.7600002289	0.727243415863	1.0	1
1.0	6329.79248047	4.0	3.0	2257.65844727	3.0	3.0	73.460000515	0.0	0.0461942739785	0.993748664856	-0.101635321975	0.0	17.3261855943	-61.6411972046	70.4811553955	2.53321504593	0.900616856579	4.0	4.76000022888	57.3800005913	2.0	19.7600002289	0.993438553628	1.0	1
1.0	1552.77832031	2.0	2.0	3689.56494141	1.0	1.0	40.6399993896	2.8066688276	-0.245857402682	0.209994822741	-0.946285545826	0.0	23.5507150985	-71.8319549561	49.4197998047	18.7892990112	0.926817141275	0.0	0.0	0.0	0.0	0.0	-1.0	0.0	1
1.0	7360.26367188	11.0	6.0	7260.35888672	13.0	5.0	166.879999399	0.0	-0.00610300246626	0.998390734196	-0.0563795790076	39.3121704998	1.86698202348	-47.1124000549	25.3470497131	33.5332489014	0.82623091827	7.0	4.01999998093	73.8404006958	2.0	11.2600002289	0.984022197198	1.0	1
1.0	9337.79589844	9.0	5.0	15613.7148438	10.0	3.0	185.459998608	0.0	-0.994934976101	0.0	0.100520342588	3.86471112945	53.4784907618	-50.8395500183	49.3431015015	35.5615501404	0.920188707665	5.0	4.01999998093	34.8680000305	3.0	26.1399993896	0.999983221866	1.0	1
1.0	11291.1005859	9.0	4.0	10643.5927734	12.0	6.0	140.93999815	0.0	0.994935154915	0.0	-0.100518658757	4.26465937044	49.3427380403	-57.2177505493	70.8414993286	18.356048584	0.766893978847	10.0	10.1599998474	138.26000309	5.0	22.4400005341	0.999999307681	1.0	1
1.0	3914.0793457	6.0	3.0	8199.65039062	7.0	3.0	35.7199993134	0.0	-0.00609550205991	0.998390853405	-0.0563786998391	38.8107004595	1.12118008193	-74.3544006348	15.9535503387	11.1334495544	0.0386212506977	3.0	9.0	31.5599994659	1.0	11.2600002289	0.868118168804	1.0	1
1.0	3630.88867188	7.0	2.0	7446.62304688	6.0	4.0	97.1999993324	0.0	-0.00610303645954	0.998390734196	-0.0563798993826	10.653278629	47.4766747408	-60.4701004028	67.0648498535	14.3670501709	0.342409448708	1.0	23.2999992371	24.6599998474	1.0	23.2999992371	0.999711423754	1.0	1
1.0	1419.52001953	1.0	1.0	3591.95996094	5.0	1.0	5.67999982834	3.62837430507	-0.354377031326	0.262702792883	-0.897443115711	18.6749377286	11.7116853477	-73.1486968994	19.3158493042	27.4415493011	0.262369125511	0.0	0.0	0.0	0.0	0.0	0.477601982974	1.0	1
1.0	4528.28320312	7.0	3.0	6279.76708984	7.0	3.0	30.0199990273	0.0	-0.00609488040209	0.998389482498	-0.056402977556	33.9311901327	1.12127871382	-71.6837005615	43.6152992249	-5.82713508606	0.94631479354	3.0	10.779999733	44.3799991608	2.0	22.4400005341	0.983469619646	1.0	1
1.0	3642.57299805	5.0	1.0	3909.53466797	6.0	2.0	33.6199994087	3.02792002454	0.213266283274	-0.512458622456	0.831807494164	28.4154049346	0.0	-76.515045166	32.526802063	17.2050495148	0.947012834922	0.0	0.0	0.0	0.0	0.0	0.994875267081	1.0	1
1.0	7229.39599609	7.0	4.0	5055.72509766	6.0	4.0	122.779999256	0.0	0.994935154915	0.0	-0.100518658757	4.26465937044	44.9143528441	-57.2177505493	70.8414993286	18.356048584	0.766893978847	3.0	10.779999733	56.8799991608	3.0	23.2999992371	0.99432179442	1.0	1
1.0	2239.80102539	2.0	1.0	4276.90380859	2.0	1.0	27.5999996662	0.0	-0.998985528946	0.0365960374475	-0.0262423660606	1.28316744625	21.3370068561	-71.9571990967	40.2887001038	23.1261501312	0.747455700162	2.0	8.73999977112	9.39999985695	2.0	8.73999977112	-1.0	0.0	1
1.0	1725.20910645	6.0	4.0	3900.66918945	5.0	4.0	80.9600000381	0.0	0.998985409737	-0.0365971960127	0.0262442938983	47.701909562	10.3071241286	-69.9567489624	29.7122993469	26.2077503204	0.539440030654	6.0	8.73999977112	72.5999994278	2.0	15.4799995422	0.988413361157	1.0	1
1.0	6549.17236328	9.0	5.0	8415.13574219	14.0	3.0	81.7199990749	0.0	-0.99898904562	0.0365163460374	-0.0262185726315	36.068626857	36.9816772682	-72.158996582	56.0877494812	6.21662521362	0.30235087752	5.0	8.43999958038	39.7199995518	3.0	14.6599998474	0.982168594584	1.0	1
1.0	6357.02734375	11.0	7.0	7604.33642578	16.0	5.0	73.9800000191	0.0	0.0429126136005	0.985954999924	-0.16140383482	36.6510860423	1.7900765998	-73.0982055664	13.5043506622	1.50177502632	0.971381775237	7.0	6.5	66.7000002861	2.0	18.3400001526	0.999775123033	1.0	1
1.0	2613.88818359	4.0	2.0	4276.90380859	2.0	1.0	34.0999996662	0.0	-0.998985528946	0.0365960374475	-0.0262423660606	1.28316744625	21.3370068561	-71.9571990967	40.2887001038	23.1261501312	0.747455700162	2.0	8.73999977112	9.39999985695	2.0	8.73999977112	0.375469831244	1.0	1
1.0	4096.54931641	7.0	2.0	5182.52832031	7.0	5.0	92.4007996768	0.0	0.998986303806	-0.0365960672498	0.0262114387006	2.71126501155	48.4232300168	-69.0800018311	67.2982940674	0.532398462296	0.958356194394	5.0	1.74000000954	44.8999998569	7.0	15.4799995422	0.975308171213	1.0	1
1.0	3945.33007812	7.0	3.0	4900.40234375	11.0	3.0	27.3999996185	0.0	-0.998986303806	0.0365960672498	-0.0262114387006	45.7737463679	2.49202816058	-73.5399017334	17.6765003204	0.806194543839	0.116265861058	2.0	8.73999977112	23.120000124	3.0	21.3199996948	0.999711253911	1.0	1
1.0	2599.95874023	6.0	3.0	2886.55737305	6.0	4.0	73.9800000191	0.0	-0.0429094955325	-0.985966682434	0.161333322525	2.71127258207	44.8843257561	-64.7895965576	71.5782928467	10.3185005188	0.12077030651	6.0	1.74000000954	53.6399996281	4.0	13.8800001144	0.994652696811	1.0	1
1.0	4462.44726562	6.0	3.0	5436.66210938	7.0	3.0	76.9600000381	0.0	0.998986303806	-0.0365960672498	0.0262114387006	23.3664311508	1.24596831464	-73.5399017334	17.6765003204	0.806194543839	0.116265861058	4.0	9.18000030518	53.1400003433	2.0	21.3199996948	0.964959078421	1.0	1
1.0	3936.27172852	7.0	2.0	2904.78808594	10.0	2.0	28.5999999046	0.0	0.998986303806	-0.0365960672498	0.0262114387006	41.2220362842	1.24596831464	-73.5399017334	17.6765003204	0.806194543839	0.116265861058	1.0	21.3199996948	21.9200000763	1.0	21.3199996948	0.997077366599	1.0	1
1.0	2396.34912109	2.0	1.0	1924.29260254	2.0	1.0	33.5	0.0	0.999825656414	0.0	0.0186734199524	3.13835942859	11.7502328412	-61.5368995667	64.9649963379	2.1919798851	0.632192978035	1.0	4.80000019073	4.38000011444	0.0	4.80000019073	-1.0	0.0	1
1.0	4821.16064453	14.0	6.0	4148.31445312	13.0	6.0	156.360000849	0.0	0.00372833292931	0.980682194233	-0.195572197437	16.7643670427	23.2568069663	-41.6940498352	72.0180511475	17.4621505737	0.719986315049	4.0	6.13999986649	32.8600001335	1.0	4.57999992371	0.992016560475	1.0	1
1.0	3236.75878906	7.0	2.0	2005.01184082	3.0	2.0	41.6800003052	0.0	0.999825656414	0.0	0.0186734199524	35.4738312073	11.7502328412	-61.5368995667	64.9649963379	2.1919798851	0.632192978035	1.0	4.80000019073	4.38000011444	0.0	4.80000019073	0.322096020869	1.0	1
1.0	5016.14648438	13.0	8.0	4693.50488281	14.0	9.0	239.720000744	0.0	-0.00372833292931	-0.980682194233	0.195572197437	16.4560599477	29.4355683804	-41.6940498352	72.0180511475	17.4621505737	0.719986315049	6.0	3.24000000954	56.1799998283	2.0	9.26000022888	0.966105195458	1.0	1
1.0	2182.29394531	3.0	2.0	1848.44909668	2.0	1.0	36.6199998856	0.0	-0.00372826633975	-0.980664730072	0.195659995079	8.41564603021	16.6414022157	-57.7589492798	68.7535476685	3.83601498604	0.230747762422	2.0	4.80000019073	13.5	0.0	8.88000011444	0.161180064789	1.0	1
1.0	4374.04833984	9.0	6.0	2377.63574219	8.0	7.0	196.799999237	0.0	0.00372823048383	0.980663001537	-0.195668682456	20.042370125	18.6780291013	-48.226650238	65.0139465332	17.573299408	0.870442075596	5.0	3.24000000954	34.6199998856	1.0	12.8599996567	0.995898511739	1.0	1
1.0	2190.3359375	3.0	3.0	2040.95617676	4.0	3.0	66.5399999619	0.0	0.999825954437	0.0	0.0186548046768	32.307882018	1.53509241646	-69.4814987183	31.6441993713	19.1773490906	0.546897965966	3.0	4.80000019073	21.6800003052	1.0	9.26000022888	0.506570444481	1.0	1
1.0	3098.17016602	8.0	6.0	3615.15478516	6.0	5.0	113.760000706	0.0	-0.00372825213708	-0.980664849281	0.195659250021	40.2526567127	17.2753685522	-67.5899505615	46.9587478638	5.67277479172	0.521893589211	3.0	12.8599996567	37.6399993896	2.0	13.8599996567	0.986030718984	1.0	1
1.0	1961.99633789	5.0	3.0	1886.75866699	6.0	5.0	76.720000267	0.0	-0.00372826633975	-0.980664730072	0.195659995079	22.2097986983	46.1972700531	-57.7589492798	68.7535476685	3.83601498604	0.230747762422	2.0	4.80000019073	13.5	0.0	8.88000011444	0.980545416546	1.0	1
1.0	1719.71105957	1.0	1.0	1680.23950195	2.0	1.0	32.5200004578	3.08529895985	-0.150760814548	0.625942826271	-0.765157997608	18.3113147995	8.85770004366	-74.5674514771	42.0220031738	17.3940010071	0.751262236033	0.0	0.0	0.0	0.0	0.0	-1.0	0.0	1
1.0	6512.546875	6.0	3.0	6070.67333984	10.0	5.0	150.960000038	0.0	-0.993504106998	0.0	-0.113796487451	3.07784662356	51.9387195222	-61.1276016235	68.7594985962	1.89783501625	0.990405713437	5.0	1.12000000477	55.4000000954	3.0	27.8799991608	0.984690471115	1.0	1
1.0	2195.50683594	4.0	1.0	2264.47509766	7.0	1.0	32.5200004578	3.08529895985	-0.150760814548	0.625942826271	-0.765157997608	18.3113147995	34.9772973919	-74.5674514771	42.0220031738	17.3940010071	0.751262236033	0.0	0.0	0.0	0.0	0.0	0.347457114573	1.0	1
1.0	10313.8544922	12.0	7.0	9174.40820312	10.0	6.0	284.159999371	0.0	-0.993504106998	0.0	-0.113796487451	3.07784662356	51.9387195222	-61.1276016235	68.7594985962	1.89783501625	0.923072812871	12.0	1.79999995232	143.797599792	7.0	27.8799991608	0.999639891043	1.0	1
1.0	1885.15795898	4.0	2.0	1762.92895508	4.0	3.0	29.2400007248	2.17263890287	-0.444327801466	0.855352461338	-0.266354948282	41.0373060839	19.1276038886	-46.0318984985	61.9878997803	22.1878509521	0.948486484966	0.0	0.0	0.0	0.0	0.0	0.488383653772	1.0	1
1.0	5317.81494141	5.0	1.0	2373.98510742	2.0	2.0	43.6032004356	0.0	0.0265206694603	0.970083117485	-0.241320133209	1.04052879398	29.0916710213	-72.7046051025	53.3618011475	-19.8961486816	0.384381462396	2.0	5.40000009537	16.1599998474	1.0	9.64000034332	0.988371358305	1.0	1
1.0	511.450012207	1.0	0.0	208.665405273	2.0	0.0	0.0	10.0	0.0	0.0	0.0	0.0	0.0	0.0	0.0	0.0	2.0	0.0	0.0	0.0	0.0	0.0	0.498763688422	1.0	1
1.0	8224.22558594	6.0	4.0	4672.69140625	5.0	3.0	118.80000031	0.0	0.0265206694603	0.970083117485	-0.241320133209	1.04052879398	31.3572953186	-72.7046051025	53.3618011475	-19.8961486816	0.384381462396	8.0	1.12000000477	79.4400000572	4.0	12.6000003815	0.999904893365	1.0	1
1.0	5593.52783203	5.0	3.0	6543.91210938	5.0	3.0	125.079999447	0.0	0.026527998969	0.97008305788	-0.241319641471	3.12149264319	16.0626338822	-75.243598938	45.48279953	-6.96535968781	0.700151627874	5.0	1.12000000477	73.4000015259	3.0	27.8799991608	0.97674927726	1.0	1
1.0	5869.38623047	7.0	4.0	4174.30224609	6.0	3.0	67.1199994087	0.0	0.0265206694603	0.970083117485	-0.241320133209	1.04052879398	40.3847155798	-72.7046051025	53.3618011475	-19.8961486816	0.384381462396	4.0	5.40000009537	50.0000009537	1.0	12.6000003815	0.966972555323	1.0	1
1.0	2041.68395996	2.0	1.0	1634.21496582	2.0	2.0	20.539999485	1.91630895704	-0.636230647564	0.131934821606	-0.760134041309	11.4775147033	27.46230221	-67.5131988525	50.8973503113	20.3316993713	0.295290655356	0.0	0.0	0.0	0.0	0.0	-1.0	0.0	1
1.0	7341.08789062	12.0	9.0	7879.54931641	12.0	8.0	189.380000591	0.0	0.982114851475	-0.129117593169	-0.137036830187	11.7978149406	32.9356533074	-65.2816467285	64.5632019043	-3.927090168	0.0172862167794	4.0	10.3599996567	33.9799995422	5.0	11.7600002289	0.999365292261	1.0	1
1.0	1162.27600098	2.0	0.0	814.054931641	3.0	0.0	0.0	10.0	0.0	0.0	0.0	0.0	0.0	0.0	0.0	0.0	2.0	0.0	0.0	0.0	0.0	0.0	0.498763688422	1.0	1
1.0	2426.31738281	8.0	3.0	1724.93249512	9.0	3.0	9.38000011444	0.0	-0.74949747324	-0.588923931122	0.302360892296	13.2045979958	35.982646112	-66.1748046875	63.6068496704	-1.96036505699	0.486566535371	2.0	1.0	9.35999965668	2.0	10.3599996567	0.983469572821	1.0	1
1.0	1744.27490234	7.0	4.0	2170.38549805	3.0	3.0	67.7400000095	0.0	0.0849857479334	0.953450918198	-0.28932467103	34.8369635127	0.0	-73.4842987061	34.6581993103	13.7964496613	0.555667178863	0.0	0.0	0.0	2.0	17.9200000763	0.902465809488	1.0	1
1.0	1843.59008789	3.0	3.0	2821.80981445	6.0	4.0	50.3200004101	0.0	0.982114851475	-0.129117593169	-0.137036830187	11.7978149406	26.5823251502	-65.2816467285	64.5632019043	-3.927090168	0.0172862167794	1.0	11.7600002289	12.3999996185	2.0	17.9200000763	0.994386131687	1.0	1
1.0	2831.05761719	6.0	4.0	5750.62646484	5.0	3.0	108.21999979	0.0	-0.0849857479334	-0.953450918198	0.28932467103	33.7774348856	6.58031799185	-73.4842987061	34.6581993103	13.7964496613	0.555667178863	1.0	8.5	7.92000007629	2.0	10.9200000763	0.97652600085	1.0	1
1.0	2616.1262207	7.0	5.0	2081.66381836	4.0	3.0	82.6400005817	0.0	0.0848893374205	0.953458786011	-0.289327055216	37.0317363526	2.71276133481	-68.2794494629	22.0237998962	27.2402496338	0.88181479568	2.0	10.3999996185	19.6400003433	3.0	10.9200000763	0.990944292163	1.0	1
1.0	764.837890625	2.0	2.0	1503.91894531	3.0	2.0	28.5999991894	0.0	0.0849857479334	0.953450918198	-0.28932467103	2.48635337739	21.865336653	-73.4842987061	34.6581993103	13.7964496613	0.555667178863	0.0	0.0	0.0	1.0	10.9200000763	0.927416716755	1.0	1
1.0	711.614990234	2.0	2.0	255.947494507	2.0	1.0	11.9799995422	2.248005831	0.0200849119574	-0.622564315796	0.782310843468	14.8951460455	7.11395764448	-63.2424507141	63.0545005798	17.610250473	0.530049217001	0.0	0.0	0.0	0.0	0.0	0.996789001305	1.0	1
1.0	2095.01538086	2.0	1.0	2905.26147461	1.0	1.0	23.4600000381	2.26288528534	0.263621300459	0.458361536264	-0.848768889904	0.0	19.0132964866	-66.8647460938	65.1242523193	3.48926496506	0.833388787418	0.0	0.0	0.0	0.0	0.0	-1.0	0.0	1
1.0	9291.46484375	14.0	7.0	7235.43017578	11.0	6.0	198.147602081	0.0	0.998193323612	-0.0286184120923	0.0528303980827	55.7312555615	29.1142440948	-36.1136016846	65.9819946289	20.9800491333	0.431133208072	7.0	5.80000019073	65.9600000381	5.0	15.1000003815	0.999463978552	1.0	1
1.0	2500.46948242	6.0	2.0	3687.43359375	2.0	1.0	27.120000124	2.26288528534	0.263621300459	0.458361536264	-0.848768889904	0.0	43.8086320915	-66.8647460938	65.1242523193	3.48926496506	0.833388787418	0.0	0.0	0.0	0.0	0.0	0.308641392001	1.0	1
1.0	5416.75097656	15.0	7.0	5399.96826172	15.0	7.0	101.359999776	0.0	0.998193562031	-0.0286175012589	0.0528271310031	33.0370954486	53.0058087935	-51.6313476562	22.6469993591	32.8317489624	0.0036022510957	11.0	4.98000001907	106.820001006	2.0	23.3199996948	0.998734208515	1.0	1
1.0	163.903701782	2.0	1.0	1964.85083008	6.0	2.0	33.9800004959	0.0	-0.998190462589	0.028719175607	-0.0528300479054	1.67058065019	19.5390528462	-71.4979019165	43.0752487183	17.2779502869	0.495873261432	2.0	12.6199998856	26.0600004196	0.0	12.6199998856	0.903115895411	1.0	1
1.0	2379.93652344	5.0	3.0	4722.78466797	6.0	3.0	79.5799999237	0.0	0.998190462589	-0.028719175607	0.0528300479054	24.2781103702	24.8566497333	-71.4979019165	43.0752487183	17.2779502869	0.495873261432	1.0	12.6199998856	13.5600004196	0.0	12.6199998856	0.966051410438	1.0	1
1.0	2564.09033203	6.0	4.0	3911.3046875	6.0	4.0	106.060001135	0.0	0.998190462589	-0.028719175607	0.0528300479054	24.2781103702	6.03213320231	-71.4979019165	43.0752487183	17.2779502869	0.495873261432	2.0	12.6199998856	26.0600004196	0.0	12.6199998856	0.881514156292	1.0	1
1.0	4006.33203125	10.0	6.0	5406.92871094	5.0	3.0	80.9399995804	0.0	-0.0411585904658	-0.994547367096	0.0958203822374	23.6138412161	41.1348311332	-53.2304496765	64.5409545898	24.4472503662	0.475703544163	3.0	5.80000019073	26.1399998665	1.0	5.80000019073	0.974550273692	1.0	1
1.0	357.072998047	3.0	2.0	2530.89770508	4.0	2.0	47.7600002289	0.0	-0.0411585904658	-0.994547367096	0.0958203822374	25.7982669629	41.3195803363	-53.2304496765	64.5409545898	24.4472503662	0.475703544163	1.0	5.80000019073	4.98000001907	1.0	5.80000019073	0.916097489818	1.0	1
1.0	3125.96972656	10.0	6.0	6021.32128906	6.0	4.0	157.020000458	0.0	0.0412679575384	0.994553208351	-0.0957126915455	43.6450316516	1.72296605929	-69.0306015015	25.8739509583	26.0653991699	0.846933248747	6.0	3.75999999046	52.5800008774	4.0	9.93999958038	0.985614168298	1.0	1
1.0	812.304016113	2.0	1.0	1612.99914551	2.0	1.0	1.39999997616	3.73272017201	-0.0981466397643	0.926554143429	-0.363131791353	0.0	22.8283563778	-65.6701507568	59.857749939	18.2768001556	0.287478132429	0.0	0.0	0.0	0.0	0.0	-1.0	0.0	1
1.0	7785.48242188	11.0	2.0	6248.56982422	7.0	3.0	51.9600002766	0.0	-0.0289089083672	0.963109254837	-0.267553448677	1.71878155626	35.2261068918	-70.8995513916	58.5061988831	-15.7341003418	0.476405090701	4.0	9.65999984741	61.5799999237	1.0	21.0799999237	0.987691928454	1.0	1
1.0	5768.84179688	10.0	4.0	6472.61181641	9.0	3.0	71.3000000715	0.0	-0.0289058275521	0.963135540485	-0.267459183931	46.1789458217	37.322201885	-27.3467502594	50.7793006897	16.2067489624	0.770084299032	1.0	13.0	12.1800003052	2.0	17.5200004578	0.977050284171	1.0	1
1.0	11319.3505859	10.0	4.0	8874.01660156	16.0	11.0	259.748000741	0.0	-0.0288018155843	0.963120698929	-0.267523854971	50.91037523	0.987288593811	-71.442199707	9.28879547119	6.67055988312	0.396033371322	7.0	4.94000005722	81.5800013542	3.0	17.5200004578	0.999999403244	1.0	1
1.0	4339.92285156	2.0	2.0	2132.11108398	6.0	4.0	50.800000906	0.0	-0.0288018155843	0.963120698929	-0.267523854971	37.9401155316	0.987288593811	-71.442199707	9.28879547119	6.67055988312	0.396033371322	2.0	4.94000005722	25.2599992752	1.0	21.0799999237	0.933546400196	1.0	1
1.0	1223.29199219	3.0	2.0	713.020019531	4.0	3.0	19.0680003166	0.0	-0.0289019625634	0.963135659695	-0.267459213734	36.1660074813	0.98594651639	-65.269744873	30.3505992889	24.2760505676	0.828259507766	1.0	13.6000003815	13.3000001907	0.0	13.6000003815	0.999649569123	1.0	1
1.0	1725.38903809	3.0	2.0	4187.19042969	6.0	3.0	52.2199984789	2.20974656236	-0.0161368884146	0.633115112782	-0.773889422417	15.0926298006	21.4641612195	-75.5654983521	45.2480506897	14.1629505157	0.843228623231	0.0	0.0	0.0	0.0	0.0	0.851765323035	1.0	1
1.0	5028.64599609	5.0	4.0	2252.40405273	4.0	3.0	162.099997878	0.0	-0.999503791332	-0.0310958791524	-0.00502390880138	24.3605879783	25.5098776005	-67.825302124	67.5912475586	5.15103006363	0.397117570033	1.0	7.13999986649	7.36000013351	0.0	7.13999986649	0.988632626818	1.0	1
1.0	6689.66601562	5.0	4.0	3739.8659668	4.0	2.0	78.4200006723	0.0	-0.0289089083672	0.963109254837	-0.267553448677	1.71878155626	27.1375014203	-70.8995513916	58.5061988831	-15.7341003418	0.476405090701	1.0	21.0799999237	21.2999992371	1.0	21.0799999237	0.995680702912	1.0	1
1.0	5480.7109375	3.0	3.0	4555.37744141	7.0	5.0	117.167999029	0.0	-0.0289019625634	0.963135659695	-0.267459213734	47.592633557	0.98594651639	-65.269744873	30.3505992889	24.2760505676	0.828259507766	2.0	13.6000003815	34.5999994278	1.0	21.0799999237	0.972198649275	1.0	1
1.0	1357.74597168	1.0	1.0	1195.48303223	2.0	1.0	5.42000007629	4.1526377189	0.194074973464	0.930228471756	-0.311464160681	0.0	4.67710543408	-63.7120513916	57.3333969116	25.0755996704	0.722949106543	0.0	0.0	0.0	0.0	0.0	-1.0	0.0	1
1.0	7337.96044922	8.0	3.0	5660.78125	8.0	6.0	119.660000563	0.0	-0.0131471641362	0.976927161217	-0.213167607784	1.85582109055	39.7619429698	-67.783996582	60.6386489868	-11.3556995392	0.586428556811	12.0	3.66000008583	99.8200011253	7.0	18.3799991608	0.988248070918	1.0	1
1.0	8248.37695312	9.0	2.0	3597.77392578	11.0	5.0	56.919999361	0.0	-0.997142374516	0.0	0.075545437634	2.9283965391	39.8772991215	-67.3084487915	59.2788009644	-11.0936498642	0.0876400644041	6.0	3.66000008583	48.6383996475	4.0	18.6000003815	0.978839135191	1.0	1
1.0	10831.1855469	13.0	8.0	6136.93554688	10.0	7.0	144.36000061	0.0	-0.0130403237417	0.976928651333	-0.213167354465	54.0491307802	0.917320948755	-50.6066513062	31.3594512939	28.9757003784	0.511612461025	15.0	3.66000008583	90.8983992804	12.0	49.6399993896	0.999790547166	1.0	1
1.0	3884.75634766	4.0	3.0	5754.04394531	4.0	4.0	156.780000687	0.0	-0.0131458202377	0.976932168007	-0.213144809008	37.5533387127	11.6083185035	-69.0140991211	17.8396987915	28.5331001282	0.0128929347754	5.0	0.920000016689	33.0599999428	3.0	11.6000003815	0.876724952397	1.0	1
1.0	2521.15527344	4.0	2.0	1904.66699219	2.0	2.0	34.9200000763	0.0	-0.0131471641362	0.976927161217	-0.213167607784	1.85582109055	0.0	-67.783996582	60.6386489868	-11.3556995392	0.586428556811	1.0	7.71999979019	7.01999998093	1.0	7.71999979019	0.369579204531	1.0	1
1.0	5155.09375	4.0	2.0	3502.70898438	3.0	2.0	103.278800964	0.0	-0.0131458202377	0.976932168007	-0.213144809008	39.7425477891	0.0	-69.0140991211	17.8396987915	28.5331001282	0.0128929347754	2.0	0.920000016689	7.46000003815	0.0	6.71999979019	0.97868530755	1.0	1
1.0	1520.91296387	2.0	1.0	1609.72998047	2.0	1.0	5.42000007629	4.1526377189	0.194074973464	0.930228471756	-0.311464160681	0.0	4.67710543408	-63.7120513916	57.3333969116	25.0755996704	0.722949106543	0.0	0.0	0.0	0.0	0.0	0.0584896637308	1.0	1
1.0	6150.39648438	5.0	3.0	4454.12109375	3.0	3.0	148.498799801	0.0	-0.0131471641362	0.976927161217	-0.213167607784	1.85582109055	38.4789970538	-67.783996582	60.6386489868	-11.3556995392	0.586428556811	5.0	4.96000003815	36.6199996471	3.0	11.6000003815	0.998005754008	1.0	1
1.0	1595.16870117	2.0	1.0	1612.17590332	1.0	1.0	29.3199996948	3.30177225439	0.0353796556592	0.611421585083	-0.790513694286	0.0	20.3805427988	-64.4083480835	53.3173522949	21.8156509399	0.753807110072	0.0	0.0	0.0	0.0	0.0	-1.0	0.0	1
1.0	5585.36035156	11.0	7.0	6487.59472656	12.0	8.0	155.159998417	0.0	0.994900643826	0.0	-0.100859843194	1.10965863596	44.802172711	-60.5636978149	71.1503982544	1.41811990738	0.106069527098	10.0	1.10000002384	89.8800001144	4.0	16.5200004578	0.986743504158	1.0	1
1.0	208.894714355	2.0	1.0	484.333190918	2.0	1.0	8.0	0.0	0.994900643826	0.0	-0.100859843194	1.10965863596	7.09417999319	-60.5636978149	71.1503982544	1.41811990738	0.106069527098	2.0	11.5200004578	24.5799999237	0.0	12.5	0.541620015913	1.0	1
1.0	7452.45996094	8.0	4.0	4684.50488281	10.0	5.0	73.3000001907	0.0	-0.0091504836455	0.994013130665	-0.10887657851	13.8855147939	32.2271053465	-50.5191993713	64.9757995605	21.4728012085	0.185639764839	3.0	1.55999994278	18.9600000381	0.0	16.0	0.999373601987	1.0	1
1.0	3390.69238281	4.0	3.0	3766.06738281	5.0	1.0	68.1599993706	0.0	-0.00915778521448	0.994016170502	-0.108848720789	0.0	34.5850210139	-76.0462036133	42.7318000793	9.26349449158	0.814124741706	1.0	1.10000002384	0.0	1.0	1.10000002384	0.931773445339	1.0	1
1.0	1633.49499512	4.0	2.0	2716.12402344	4.0	2.0	22.7000002861	2.36419115441	0.434712052345	0.791403949261	0.429773449898	0.0	26.9644894713	-68.7182998657	57.5965499878	3.74179506302	0.610481712958	0.0	0.0	0.0	0.0	0.0	0.357846412663	1.0	1
1.0	4473.08203125	6.0	6.0	2074.32299805	7.0	4.0	142.679998875	0.0	0.994900643826	0.0	-0.100859843194	1.10965863596	22.5021727862	-60.5636978149	71.1503982544	1.41811990738	0.106069527098	7.0	7.38000011444	76.6799998283	3.0	16.0	0.996242958619	1.0	1
1.0	1661.83764648	3.0	1.0	1763.86340332	3.0	1.0	29.3199996948	3.30177225439	0.0353796556592	0.611421585083	-0.790513694286	0.0	20.3805427988	-64.4083480835	53.3173522949	21.8156509399	0.753807110072	0.0	0.0	0.0	0.0	0.0	0.156896334613	1.0	1
1.0	1089.60449219	2.0	0.0	460.597991943	1.0	0.0	0.0	10.0	0.0	0.0	0.0	0.0	0.0	0.0	0.0	0.0	2.0	0.0	0.0	0.0	0.0	0.0	0.498763688422	1.0	1
1.0	680.885131836	2.0	1.0	1686.65148926	1.0	1.0	16.6000003815	0.0	-0.998339056969	-0.0336565226316	0.0467591583729	0.0	17.9484610459	-68.018699646	33.6913528442	18.903301239	0.987584807846	1.0	4.86000013351	3.72000002861	0.0	4.86000013351	-1.0	0.0	1
1.0	8463.3203125	10.0	6.0	3232.40722656	5.0	3.0	164.157201529	0.0	-0.998339056969	-0.0336565226316	0.0467591583729	41.57436177	2.84978670358	-68.018699646	33.6913528442	18.903301239	0.987584807846	8.0	1.05999994278	97.6400010586	2.0	16.0200004578	0.989260438173	1.0	1
1.0	2052.2722168	7.0	5.0	1580.90454102	3.0	3.0	105.340001106	0.0	0.0472520925105	-0.972084760666	0.229822590947	16.9622403439	13.3562411648	-69.8433532715	58.9650993347	11.33314991	0.711518224854	5.0	1.05999994278	58.0200014114	4.0	16.6200008392	0.895905246488	1.0	1
1.0	3548.18505859	10.0	4.0	5658.03417969	11.0	5.0	120.220002174	0.0	-0.998339056969	-0.0336565226316	0.0467591583729	41.2204207447	11.356540919	-68.018699646	33.6913528442	18.903301239	0.987584807846	4.0	1.05999994278	28.6400001049	2.0	12.5600004196	0.99499075097	1.0	1
1.0	711.620544434	2.0	2.0	1655.9161377	2.0	2.0	53.0599999428	0.0	0.998337268829	0.0336499586701	-0.0468017794192	7.95112980371	31.653161219	-72.8427505493	38.9276504517	9.74691486359	0.411970567014	3.0	4.86000013351	28.6400001049	0.0	14.8000001907	0.365105005684	1.0	1
1.0	5343.640625	5.0	5.0	2347.1640625	4.0	4.0	164.480000973	0.0	-0.0472527481616	0.97209829092	-0.229765251279	0.0	11.9785235545	-62.9980506897	69.5529022217	6.92529010773	0.451881889153	4.0	1.05999994278	13.4600000381	2.0	5.01999998093	0.993186713149	1.0	1
1.0	918.137084961	3.0	2.0	1686.65148926	1.0	1.0	45.6800017357	0.0	-0.998339056969	-0.0336565226316	0.0467591583729	23.5849706912	17.9484610459	-68.018699646	33.6913528442	18.903301239	0.987584807846	1.0	4.86000013351	3.72000002861	0.0	4.86000013351	0.141859252193	1.0	1
1.0	5120.24511719	6.0	6.0	2699.91357422	4.0	4.0	197.320000648	0.0	-0.0472520925105	0.972084760666	-0.229822590947	13.3562411648	16.9622403439	-69.8433532715	58.9650993347	11.33314991	0.711518224854	5.0	1.05999994278	59.1200008392	4.0	16.6200008392	0.996561556139	1.0	1
1.0	967.240112305	4.0	2.0	1321.83752441	3.0	2.0	43.8200001717	0.0	0.998339056969	0.0336565226316	-0.0467591583729	2.09327954215	23.1268653707	-65.6660995483	56.1228485107	19.9441986084	0.85124918565	3.0	4.86000013351	28.6400001049	1.0	12.5600004196	0.408808251967	1.0	1
1.0	2620.30004883	3.0	3.0	275.782104492	2.0	2.0	65.42000103	1.63503213075	-0.380462408066	-0.837947428226	-0.391270339489	23.1268449191	9.03095624497	-73.3797454834	50.6423492432	7.78620529175	0.754159189243	0.0	0.0	0.0	0.0	0.0	0.995778074665	1.0	1
1.0	1329.99206543	1.0	1.0	2362.2409668	2.0	1.0	31.240000248	0.0	0.993542850018	0.113424226642	0.00275462702848	8.20890786798	0.0	-71.5944061279	36.1040496826	23.317150116	0.434340038434	1.0	7.0	6.55999994278	1.0	7.0	-1.0	0.0	1
1.0	7309.45800781	10.0	6.0	10256.4462891	14.0	5.0	179.72000134	0.0	-0.106013216078	0.937814891338	-0.330551713705	12.0357353922	43.7559986425	-60.423248291	72.4275970459	18.9447498322	0.17921411274	12.0	4.0	135.683599591	5.0	19.0200004578	0.986190773038	1.0	1
1.0	1452.93994141	1.0	1.0	785.521972656	3.0	1.0	21.7000007629	0.0	0.106100559235	-0.937811017036	0.330534726381	8.29545327478	3.40363145917	-75.0195007324	51.6717987061	3.49276995659	0.38338479807	1.0	4.03999996185	3.83999991417	0.0	4.03999996185	0.165360524453	1.0	1
1.0	2463.8046875	7.0	3.0	6360.66210938	12.0	3.0	40.2999997139	0.0	-0.10609960556	0.937805950642	-0.330549418926	30.6110886894	30.7736695442	-73.8265991211	41.0372009277	11.1315498352	0.512867838526	1.0	12.4200000763	11.3000001907	0.0	12.4200000763	0.983154576343	1.0	1
1.0	2155.06201172	1.0	1.0	2125.97070312	3.0	2.0	47.960000515	0.0	0.10609960556	-0.937805950642	0.330549418926	19.7175511615	7.94914382305	-73.8265991211	41.0372009277	11.1315498352	0.512867838526	2.0	4.03999996185	15.1400001049	0.0	12.4200000763	0.0714037172371	1.0	1
1.0	6315.49707031	7.0	6.0	6331.31054688	6.0	5.0	248.420002103	0.0	-0.993543982506	-0.113414302468	-0.00275311549194	1.22498346196	46.4560678295	-67.9261474609	64.1533508301	-3.13937997818	0.491080445973	12.0	4.0	118.88000083	5.0	18.2600002289	0.994067027823	1.0	1
1.0	1436.76000977	2.0	1.0	1876.00549316	6.0	2.0	25.9800000191	0.0	0.993542850018	0.113424226642	0.00275462702848	8.20890786798	16.6513835029	-71.5944061279	36.1040496826	23.317150116	0.434340038434	1.0	7.0	6.55999994278	1.0	7.0	0.188454718766	1.0	1
1.0	7089.87011719	7.0	5.0	5636.92138672	4.0	3.0	158.320001125	0.0	-0.106013216078	0.937814891338	-0.330551713705	2.5638812065	44.4635794167	-74.2541503906	55.3138008118	-15.898349762	0.903641237605	7.0	2.88000011444	88.4599997997	3.0	18.2600002289	0.99926318371	1.0	1
1.0	121.830001831	1.0	1.0	2849.48803711	5.0	1.0	9.69999980927	0.0	-0.10609960556	0.937805950642	-0.330549418926	2.77567439982	27.1707778555	-73.8265991211	41.0372009277	11.1315498352	0.512867838526	1.0	12.4200000763	11.3000001907	0.0	12.4200000763	0.921276616588	1.0	1
1.0	6131.32714844	6.0	5.0	5691.87646484	6.0	4.0	140.960001588	0.0	-0.993543982506	-0.113414302468	-0.00275311549194	1.22498346196	45.953856649	-67.9261474609	64.1533508301	-3.13937997818	0.491080445973	8.0	2.88000011444	89.3600001335	0.0	31.3600006104	0.993157741737	1.0	1
1.0	2194.87207031	1.0	1.0	2663.10205078	1.0	1.0	35.6799993515	2.34781812468	-0.245762810111	0.446877270937	-0.860175192356	2.0831446023	30.1257986887	-68.6404495239	56.7993469238	15.7139492035	0.474493315625	0.0	0.0	0.0	0.0	0.0	-1.0	0.0	1
1.0	7022.91259766	11.0	7.0	4425.93554688	13.0	10.0	136.520400286	0.0	0.992694497108	-0.0704847425222	-0.0979261472821	44.6429593526	11.5976216951	-69.4413452148	34.7779006958	24.5685005188	0.934134063395	8.0	3.18000006676	90.9799973965	1.0	3.18000006676	0.970917347067	1.0	1
1.0	2182.95654297	6.0	0.0	2070.51928711	7.0	0.0	0.0	10.0	0.0	0.0	0.0	0.0	0.0	0.0	0.0	0.0	2.0	0.0	0.0	0.0	0.0	0.0	0.498763688422	1.0	1
1.0	11045.8701172	5.0	4.0	5068.81054688	13.0	6.0	112.960000038	0.0	-0.0588399358094	-0.98472481966	0.163874670863	0.0	26.3371015174	-72.2696533203	47.9897994995	-8.71045017242	0.930483547288	6.0	2.88000011444	75.0599988699	1.0	12.2600002289	0.998986229515	1.0	1
1.0	3820.37207031	2.0	1.0	2663.10205078	1.0	1.0	35.6799993515	2.34781812468	-0.245762810111	0.446877270937	-0.860175192356	2.0831446023	30.1257986887	-68.6404495239	56.7993469238	15.7139492035	0.474493315625	0.0	0.0	0.0	0.0	0.0	0.324850479193	1.0	1
1.0	7419.03076172	5.0	4.0	3504.10961914	6.0	5.0	46.7199997902	0.0	-0.992685198784	0.0704876706004	0.098018437624	7.6200921067	35.2674344296	-58.2373504639	69.8997039795	13.2244501114	0.756481157086	3.0	14.9600000381	52.2999992371	0.0	19.8799991608	0.988104177312	1.0	1
1.0	5909.53710938	3.0	2.0	2792.73388672	2.0	1.0	52.139998436	2.34781812468	-0.245762810111	0.446877270937	-0.860175192356	28.1211191824	19.7363012234	-68.6404495239	56.7993469238	15.7139492035	0.474493315625	0.0	0.0	0.0	0.0	0.0	0.763881157085	1.0	1
1.0	6300.0703125	6.0	4.0	2678.98095703	4.0	3.0	147.240001678	0.0	0.992694497108	-0.0704847425222	-0.0979261472821	44.6429593526	11.5976216951	-69.4413452148	34.7779006958	24.5685005188	0.934134063395	2.0	3.18000006676	17.1800000668	1.0	3.18000006676	0.983840051	1.0	1
1.0	3551.55688477	4.0	2.0	4710.90576172	4.0	2.0	80.319999218	0.0	0.0588486939669	0.984720289707	-0.163898810744	43.5730170041	1.81712155654	-72.1325531006	10.3787155151	10.7770500183	0.91561573969	1.0	28.4200000763	28.4599990845	0.0	28.4200000763	0.98926041296	1.0	1
1.0	6648.36376953	5.0	5.0	5564.10644531	7.0	5.0	185.980000496	0.0	0.992701292038	-0.0703881755471	-0.0979264676571	1.78678066493	35.4106585905	-56.4809494019	71.702255249	18.738899231	0.858663182618	6.0	3.18000006676	75.6799991131	2.0	9.73999977112	0.993340110001	1.0	1
1.0	1971.03198242	1.0	1.0	1546.26879883	2.0	1.0	25.3999996185	2.26815339118	0.397530674934	0.606975913048	-0.688149392605	0.0	19.5417880912	-67.5565490723	52.7640991211	21.9857997894	0.155868039634	0.0	0.0	0.0	0.0	0.0	-1.0	0.0	2
1.0	6420.81494141	6.0	5.0	3145.72412109	2.0	2.0	79.0599992275	0.0	-0.0584622845054	-0.987305700779	0.147680625319	12.877014396	34.8514534265	-55.8047027588	68.1966018677	20.732000351	0.65777392503	2.0	10.3199996948	27.0599994659	0.0	22.1000003815	0.98017478381	1.0	2
1.0	6917.90966797	5.0	4.0	2053.75097656	4.0	3.0	61.0796003342	0.0	0.997898817062	-0.055951192975	-0.0326706506312	0.0	22.6510859398	-60.1567993164	72.6452026367	14.2625999451	0.815249557549	6.0	3.66000008583	45.0200002193	3.0	20.6000003815	0.885716363594	1.0	2
1.0	3512.10131836	4.0	3.0	2397.3359375	4.0	3.0	45.6800000668	0.0	-0.0584622845054	-0.987305700779	0.147680625319	12.877014396	37.7182391665	-55.8047027588	68.1966018677	20.732000351	0.516369820347	4.0	3.66000008583	59.8799991608	3.0	20.6000003815	0.976241165329	1.0	2
1.0	5058.86914062	3.0	3.0	1920.078125	4.0	3.0	30.1599998474	0.0	0.0584605969489	0.987319290638	-0.147590696812	39.6285027308	0.0	-75.9916000366	38.2074508667	3.49462509155	0.622033106201	2.0	3.66000008583	16.1800003052	1.0	15.1000003815	0.950525885054	1.0	2
1.0	7513.8203125	6.0	5.0	3695.68725586	3.0	2.0	85.5195989609	0.0	0.0584605969489	0.987319290638	-0.147590696812	41.1023086722	0.0	-75.9916000366	38.2074508667	3.49462509155	0.622033106201	8.0	7.30000019073	87.8799989223	4.0	20.6000003815	0.96664836599	1.0	2
1.0	7269.81640625	5.0	4.0	3060.53979492	3.0	2.0	53.4195995331	0.0	-0.0584622845054	-0.987305700779	0.147680625319	1.77427993548	25.0596179823	-55.8047027588	68.1966018677	20.732000351	0.516369820347	3.0	7.30000019073	34.4599990845	1.0	20.6000003815	0.939182172906	1.0	2
1.0	8067.59082031	5.0	4.0	3141.91650391	4.0	4.0	106.839600325	0.0	0.0584605969489	0.987319290638	-0.147590696812	53.0430054805	0.0	-75.9916000366	38.2074508667	3.49462509155	0.622033106201	5.0	7.30000019073	75.5599994659	4.0	20.6000003815	0.98358221243	1.0	2
1.0	6378.921875	3.0	2.0	2719.22167969	4.0	2.0	42.4999995232	1.52999343696	0.0723264738917	0.85640591383	0.511212110519	22.6552157353	2.15643935349	-75.5951538086	42.7667503357	6.55394983292	0.491683865285	0.0	0.0	0.0	0.0	0.0	0.660764281135	1.0	2
1.0	6859.39941406	3.0	3.0	3754.13769531	3.0	2.0	104.039600372	0.0	0.997899472713	-0.0559416562319	-0.0326683297753	28.509749677	26.0420419401	-69.172454834	54.5906982422	14.2912006378	0.868646209043	2.0	7.30000019073	16.6000003815	0.0	10.0600004196	0.975366461281	1.0	2
1.0	2578.046875	2.0	1.0	1713.83691406	2.0	1.0	14.7600002289	1.20663583939	0.791680514812	0.609199821949	0.0460164360702	0.0	0.0	-73.9893493652	46.7518005371	12.9552001953	0.7789660684	0.0	0.0	0.0	0.0	0.0	-1.0	0.0	2
1.0	7403.84130859	8.0	6.0	4254.54443359	5.0	4.0	96.1799988747	0.0	0.105044707656	0.992555499077	0.0616375505924	2.91956701315	29.7144378642	-53.615852356	74.439453125	20.342300415	0.880859358535	7.0	3.18000006676	59.5292003732	1.0	28.0400009155	0.999937626674	1.0	2
1.0	4366.66650391	9.0	4.0	2517.86669922	4.0	4.0	59.0999999046	0.0	0.105037689209	0.992556631565	0.061631180346	37.8818065669	2.33152208139	-68.1669464111	37.4700012207	28.8691997528	0.953776615056	2.0	10.6999998093	10.9611995798	0.0	12.0399999619	0.95495717206	1.0	2
1.0	8391.06445312	6.0	4.0	2067.37597656	3.0	3.0	74.4400010109	0.0	-0.995599925518	0.093542508781	-0.00552693987265	2.33907678309	17.8054363092	-64.146697998	68.993347168	-1.99296998978	0.237524442704	4.0	3.18000006676	43.840000391	1.0	11.1800003052	0.999019511045	1.0	2
1.0	1618.77099609	3.0	1.0	377.402008057	1.0	1.0	17.3800001144	0.0	0.105034284294	0.992556929588	0.0616323947906	10.8758669115	0.0	-58.1737518311	71.1437988281	14.6189994812	0.791510121736	3.0	5.82000017166	17.6280002594	1.0	5.82000017166	0.70143381982	1.0	2
1.0	6891.22558594	8.0	4.0	2130.82495117	2.0	2.0	77.7400009632	0.0	0.104949340224	0.99256581068	0.0616337507963	44.3253270705	2.10326614129	-75.6532974243	25.5252494812	0.701236486435	0.813002882172	1.0	10.4799995422	12.6999998093	1.0	24.7199993134	0.999879423013	1.0	2
1.0	9383.80664062	10.0	3.0	2049.21899414	3.0	3.0	57.8599998951	0.0	0.105033494532	0.992557108402	0.0616309680045	2.91956163881	25.5455741992	-53.1812515259	78.4656982422	18.768699646	0.884782358406	6.0	2.5	36.1275999416	2.0	18.5400009155	0.999781780515	1.0	2
1.0	8047.88671875	8.0	5.0	3080.77197266	4.0	4.0	101.239999771	0.0	0.105033494532	0.992557108402	0.0616309680045	2.91956163881	27.4293704334	-53.1812515259	78.4656982422	18.768699646	0.884782358406	7.0	2.5	62.6276006568	1.0	11.1800003052	0.998993328718	1.0	2
1.0	4955.18017578	8.0	5.0	3829.67431641	3.0	3.0	86.8799991608	0.0	-0.105037689209	-0.992556631565	-0.061631180346	42.8270460845	3.17121670138	-68.1669464111	37.4700012207	28.8691997528	0.953776615056	2.0	12.0399999619	28.1999998093	0.0	18.5599994659	0.859647516065	1.0	2
1.0	5109.81884766	7.0	5.0	2784.25048828	5.0	3.0	128.660000324	0.0	-0.995590806007	0.0936354994774	-0.00560226291418	0.0	25.4551263636	-60.9336013794	69.9960021973	12.6942501068	0.688396451897	0.0	0.0	0.0	3.0	28.0400009155	0.993210539093	1.0	2
1.0	2397.57202148	2.0	1.0	2543.10693359	2.0	2.0	33.8999996185	2.63690157786	-0.304075479507	0.707214534283	-0.638267755508	7.97586304479	16.2859118736	-73.1585540771	51.598197937	15.7989997864	0.937622605453	0.0	0.0	0.0	0.0	0.0	-1.0	0.0	2
1.0	2758.86962891	5.0	2.0	3228.48852539	5.0	5.0	91.9799990654	0.0	-0.688960909843	0.715982437134	-0.11270326376	0.0	27.1026555187	-59.4829025269	75.5618515015	7.80611038208	0.676815359409	12.0	6.26000022888	86.0344009697	7.0	18.4799995422	0.99970057421	1.0	2
1.0	1919.84289551	7.0	4.0	4272.12255859	3.0	3.0	56.8199996948	0.0	0.999348342419	-0.0346073023975	-0.010257827118	35.4957979334	0.0	-74.4515991211	31.696100235	13.833650589	0.774660937291	5.0	3.81999993324	26.8999996185	4.0	17.6399993896	0.919937829348	1.0	2
1.0	3641.79394531	6.0	4.0	3763.70996094	8.0	6.0	171.981999874	0.0	0.0335072055459	0.984688341618	-0.171073645353	1.10420273931	36.9509724594	-50.9875030518	74.0964508057	20.5954494476	0.495702937213	8.0	1.77999997139	31.1527995169	6.0	17.6399993896	0.996142775825	1.0	2
1.0	3891.08911133	5.0	4.0	4563.34570312	3.0	3.0	177.959999561	0.0	0.0334207303822	0.984704017639	-0.171000093222	0.0	29.7570523208	-54.2512512207	78.7545013428	14.4104995728	0.76598068012	10.0	1.77999997139	86.215600729	5.0	18.4799995422	0.996482208414	1.0	2
1.0	3715.71875	8.0	5.0	4703.67089844	6.0	6.0	94.1620013714	0.0	-0.999348342419	0.0346073023975	0.0102569768205	53.9241946924	2.38125768076	-71.2117004395	24.670999527	25.8606491089	0.495747363912	16.0	6.26000022888	120.759599805	8.0	17.9599990845	0.999045013793	1.0	2
1.0	3734.05761719	5.0	2.0	4385.16894531	6.0	5.0	111.60199976	0.0	0.0335072055459	0.984688341618	-0.171073645353	1.10420273931	36.9509724594	-50.9875030518	74.0964508057	20.5954494476	0.495702937213	7.0	3.81999993324	43.6519995928	4.0	17.6399993896	0.996340552937	1.0	2
1.0	2668.3515625	7.0	5.0	1698.98083496	5.0	4.0	77.7819998264	0.0	-0.99934732914	0.0346106663346	0.0103471335024	9.86785621158	23.9817302195	-54.8298988342	78.2303009033	14.5107002258	0.902969510042	7.0	6.26000022888	47.371999383	1.0	6.53999996185	0.974859389695	1.0	2
1.0	2051.33398438	8.0	1.0	1542.91674805	3.0	1.0	18.1599998474	2.13435704683	-0.213545456529	0.963195860386	-0.163254722953	20.9735955605	0.0	-48.560798645	61.3033981323	28.2023506165	0.786553132367	0.0	0.0	0.0	0.0	0.0	0.803149294591	1.0	2
1.0	4771.16015625	9.0	7.0	3625.46923828	7.0	6.0	192.099998951	0.0	-0.688925147057	0.716012001038	-0.112734101713	51.0179751951	2.38188329295	-53.0530471802	30.3277511597	26.3956489563	0.588802305933	11.0	1.77999997139	92.4727987349	7.0	17.6399993896	0.984690510723	1.0	2
1.0	1898.93432617	1.0	1.0	2626.25610352	1.0	1.0	20.3000006676	0.0	-0.998027443886	0.0332720950246	-0.0532370433211	14.802871706	2.74545354483	-72.4449996948	38.2383499146	21.2340011597	0.0429744428102	1.0	4.76000022888	4.32000017166	1.0	4.76000022888	-1.0	0.0	2
1.0	8072.77001953	8.0	6.0	5171.04394531	6.0	6.0	222.396003008	0.0	0.0461904853582	0.993747830391	-0.101645082235	4.4001017174	34.3298926389	-61.4720001221	69.101852417	-1.64169001579	0.186962696406	9.0	1.12000000477	70.2599998713	9.0	22.3199996948	0.99996553689	1.0	2
1.0	5576.93701172	6.0	4.0	5009.58496094	4.0	3.0	98.8604023457	0.0	-0.998023033142	0.0332690142095	-0.053321801126	47.4357839182	0.0	-43.5334510803	36.7443504333	28.6040496826	0.74349201154	3.0	1.44000005722	19.3599996567	3.0	11.220000267	0.983134863734	1.0	2
1.0	3472.17138672	5.0	3.0	2306.69189453	5.0	4.0	77.3200011253	0.0	0.998027443886	-0.0332720950246	0.0532370433211	38.4888347092	19.4056401567	-72.4449996948	38.2383499146	21.2340011597	0.0429744428102	4.0	1.12000000477	23.3399993181	4.0	19.7600002289	0.97716956184	1.0	2
1.0	2224.62133789	4.0	3.0	3725.10424805	2.0	2.0	78.6956005096	0.0	-0.998023033142	0.0332690142095	-0.053321801126	37.0113053472	1.43318313199	-67.1088562012	38.5419502258	27.2388496399	0.204701614544	7.0	1.12000000477	43.4200001955	4.0	8.88000011444	0.757961114273	1.0	2
1.0	7741.54541016	6.0	4.0	5713.58154297	5.0	5.0	202.380001545	0.0	0.0461942739785	0.993748664856	-0.101635321975	0.0	38.0113842102	-61.6411972046	70.4811553955	2.53321504593	0.900616856579	8.0	1.12000000477	72.1999999285	5.0	19.7600002289	0.998589496942	1.0	2
1.0	5223.15771484	3.0	2.0	2626.25610352	1.0	1.0	36.960000515	0.0	-0.998027443886	0.0332720950246	-0.0532370433211	31.1347092019	2.74545354483	-72.4449996948	38.2383499146	21.2340011597	0.0429744428102	1.0	4.76000022888	4.32000017166	1.0	4.76000022888	0.570748980817	1.0	2
1.0	8658.35742188	8.0	6.0	4796.76904297	5.0	5.0	196.79600358	0.0	0.0461904853582	0.993747830391	-0.101645082235	4.4001017174	34.3298926389	-61.4720001221	69.101852417	-1.64169001579	0.186962696406	8.0	1.12000000477	61.599999547	8.0	22.3199996948	0.999014331534	1.0	2
1.0	2992.33398438	4.0	4.0	3192.03613281	2.0	2.0	60.6000003815	0.0	-0.998023033142	0.0332690142095	-0.053321801126	47.4357839182	0.0	-43.5334510803	36.7443504333	28.6040496826	0.74349201154	1.0	1.44000005722	0.0	1.0	1.44000005722	0.581319428394	1.0	2
1.0	7851.52832031	7.0	5.0	3618.66064453	5.0	3.0	145.77560091	0.0	0.998026430607	-0.0331811308861	0.0533126778901	2.3338981372	31.1921935253	-62.5592498779	66.195098877	5.82073497772	0.670704674572	7.0	1.44000005722	42.6799999475	4.0	8.88000011444	0.996081383212	1.0	2
1.0	1552.77832031	2.0	2.0	3689.56494141	1.0	1.0	40.6399993896	2.8066688276	-0.245857402682	0.209994822741	-0.946285545826	0.0	23.5507150985	-71.8319549561	49.4197998047	18.7892990112	0.926817141275	0.0	0.0	0.0	0.0	0.0	-1.0	0.0	2
1.0	3869.69995117	6.0	3.0	10194.2832031	8.0	4.0	155.999998569	0.0	-0.00609550205991	0.998390853405	-0.0563786998391	48.4502907074	1.12118008193	-74.3544006348	15.9535503387	11.1334495544	0.0386212506977	3.0	9.0	55.6800003052	3.0	23.2999992371	0.964394827868	1.0	2
1.0	2231.74804688	2.0	2.0	3731.61962891	5.0	3.0	74.2399997711	0.0	0.994935154915	0.0	-0.100518658757	4.26465937044	48.679185077	-57.2177505493	70.8414993286	18.356048584	0.766893978847	0.0	0.0	0.0	2.0	21.3199996948	0.977815017958	1.0	2
1.0	3772.82983398	5.0	1.0	3103.13378906	6.0	1.0	30.3199996948	2.71160097825	0.0603448413312	0.511193692684	-0.857344448566	20.8213598248	16.3846487004	-72.914352417	54.0056495667	8.8146648407	0.89720005659	0.0	0.0	0.0	0.0	0.0	0.987968307418	1.0	2
1.0	2252.15576172	5.0	2.0	4690.58544922	4.0	1.0	25.8799996376	2.94726999332	-0.0429754555225	0.917258381844	-0.395967334509	23.2680690354	0.0	-77.5860443115	23.638999939	12.5320491791	0.463014834558	0.0	0.0	0.0	0.0	0.0	0.694674363016	1.0	2
1.0	812.228027344	1.0	0.0	62.3166999817	1.0	0.0	0.0	10.0	0.0	0.0	0.0	0.0	0.0	0.0	0.0	0.0	2.0	0.0	0.0	0.0	0.0	0.0	0.498763688422	1.0	2
1.0	2302.68969727	2.0	2.0	2939.65356445	4.0	4.0	89.5799994469	0.0	0.994935154915	0.0	-0.100518658757	4.26465937044	27.018373064	-57.2177505493	70.8414993286	18.356048584	0.766893978847	2.0	22.4400005341	46.3799991608	4.0	23.2999992371	0.91535872889	1.0	2
1.0	4238.26464844	7.0	4.0	9855.59960938	7.0	2.0	100.299997807	0.0	-0.00610300246626	0.998390734196	-0.0563795790076	35.3620564917	42.0503167559	-47.1124000549	25.3470497131	33.5332489014	0.82623091827	1.0	11.2600002289	12.1599998474	1.0	11.2600002289	0.985572258707	1.0	2
1.0	4057.10424805	5.0	2.0	4913.49414062	4.0	2.0	37.7000002861	2.45037960304	0.10775423795	0.0499968938529	0.992919623852	25.701507192	1.86702757843	-77.1423034668	27.3977012634	6.22817516327	0.810601896536	0.0	0.0	0.0	0.0	0.0	0.887723997039	1.0	2
1.0	2466.296875	3.0	2.0	5588.47216797	6.0	2.0	17.8599996567	3.02443881544	-0.0061220433563	0.998389482498	-0.0563995316625	51.3544548589	0.0	-75.5093994141	25.6113510132	21.2761497498	0.70158279567	0.0	0.0	0.0	0.0	0.0	0.996897033099	1.0	2
1.0	2239.80102539	2.0	1.0	4276.90380859	2.0	1.0	27.5999996662	0.0	-0.998985528946	0.0365960374475	-0.0262423660606	1.28316744625	21.3370068561	-71.9571990967	40.2887001038	23.1261501312	0.747455700162	2.0	8.73999977112	9.39999985695	2.0	8.73999977112	-1.0	0.0	2
1.0	2384.35913086	5.0	4.0	1321.97583008	4.0	2.0	39.6599998474	0.0	-0.0429158248007	-0.985966324806	0.161334052682	27.6372742375	1.73380891094	-65.443901062	33.8865013123	26.912399292	0.843296278887	2.0	10.0200004578	23.8200006485	0.0	12.6400003433	0.973650989564	1.0	2
1.0	2986.6730957	3.0	3.0	1654.36706543	2.0	2.0	36.0399990082	0.0	-0.998986363411	0.0365960709751	-0.0262102428824	2.85097444807	25.0152697295	-62.7933998108	74.4736938477	9.88230991364	0.928335107132	6.0	4.32000017166	53.9399983883	5.0	11.6999998093	0.968811730038	1.0	2
1.0	5762.13134766	9.0	6.0	7049.88623047	8.0	3.0	179.219999552	0.0	-0.998986303806	0.0365960672498	-0.0262114387006	46.8492194031	2.49202816058	-73.5399017334	17.6765003204	0.806194543839	0.116265861058	6.0	8.43999958038	59.6799995899	4.0	21.3199996948	0.999687536268	1.0	2
1.0	6116.12939453	7.0	3.0	4221.01611328	5.0	4.0	138.059999704	0.0	-0.998986363411	0.0365960709751	-0.0262102428824	1.24605980688	37.5005138164	-62.7933998108	74.4736938477	9.88230991364	0.928335107132	5.0	1.74000000954	52.8599989414	3.0	8.73999977112	0.996878909703	1.0	2
1.0	5280.00146484	5.0	3.0	5809.10595703	8.0	4.0	107.840799496	0.0	-0.998986303806	0.036595698446	-0.0262125525624	1.24606008188	45.8136423958	-71.8492507935	63.2007980347	5.05220031738	0.942849683558	7.0	8.43999958038	76.5199997425	5.0	15.4799995422	0.995431993336	1.0	2
1.0	4861.72216797	8.0	5.0	7312.16699219	11.0	5.0	118.080799982	0.0	-0.998986303806	0.0365960672498	-0.0262114387006	52.1968513406	2.49202816058	-73.5399017334	17.6765003204	0.806194543839	0.116265861058	5.0	1.74000000954	65.6199998856	8.0	21.3199996948	0.998706394402	1.0	2
1.0	1393.35009766	3.0	2.0	309.884002686	2.0	2.0	14.960000515	0.0	-0.0429187975824	-0.98595058918	0.161429315805	37.3738365889	9.67888079917	-65.4710998535	32.5165481567	25.8368492126	0.756986156716	1.0	10.0200004578	6.96000003815	0.0	10.0200004578	0.993982403786	1.0	2
1.0	3626.79614258	7.0	3.0	2262.16381836	3.0	3.0	73.2199990749	0.0	0.998986184597	-0.0365989804268	0.0262127108872	10.6244939966	38.0589130911	-71.9252471924	62.199798584	6.5158996582	0.504175719924	5.0	8.73999977112	45.0599997044	2.0	8.73999977112	0.989966939809	1.0	2
1.0	6153.90087891	8.0	5.0	4354.58251953	10.0	4.0	121.239997625	0.0	0.998985528946	-0.0365960374475	0.0262423660606	37.7887291222	19.6986008618	-71.9571990967	40.2887001038	23.1261501312	0.747455700162	4.0	8.73999977112	32.4599993229	5.0	14.6599998474	0.999890944902	1.0	2
1.0	2396.34912109	2.0	1.0	1924.29260254	2.0	1.0	33.5	0.0	0.999825656414	0.0	0.0186734199524	3.13835942859	11.7502328412	-61.5368995667	64.9649963379	2.1919798851	0.632192978035	1.0	4.80000019073	4.38000011444	0.0	4.80000019073	-1.0	0.0	2
1.0	405.205688477	2.0	1.0	942.727172852	4.0	2.0	32.0200004578	0.0	0.999825954437	0.0	0.0186548046768	16.4174368933	33.2802609226	-64.0085983276	63.5539016724	17.5700492859	0.105356308474	1.0	3.24000000954	2.94000005722	0.0	3.24000000954	0.997468692487	1.0	2
1.0	2064.29272461	6.0	3.0	2637.13037109	6.0	5.0	123.780000687	0.0	-0.00372833292931	-0.980682194233	0.195572197437	11.1272459135	27.8685875552	-41.6940498352	72.0180511475	17.4621505737	0.719986315049	1.0	4.80000019073	4.38000011444	1.0	4.57999992371	0.880925178332	1.0	2
1.0	2002.61767578	6.0	4.0	2995.37548828	8.0	6.0	96.0000016689	0.0	0.00372833292931	0.980682194233	-0.195572197437	16.7643670427	27.2188648638	-41.6940498352	72.0180511475	17.4621505737	0.719986315049	1.0	8.88000011444	9.11999988556	1.0	4.57999992371	0.995362723946	1.0	2
1.0	2396.34912109	2.0	1.0	1986.18835449	3.0	2.0	55.9400000572	0.0	0.999825656414	0.0	0.0186734199524	3.13835942859	11.7502328412	-61.5368995667	64.9649963379	2.1919798851	0.632192978035	1.0	4.80000019073	4.38000011444	0.0	4.80000019073	0.199439246757	1.0	2
1.0	3085.87963867	9.0	7.0	3639.23339844	10.0	9.0	168.14000082	0.0	0.00372833292931	0.980682194233	-0.195572197437	2.26379669444	27.2188648638	-41.6940498352	72.0180511475	17.4621505737	0.719986315049	4.0	6.88000011444	43.7399992943	3.0	13.8599996567	0.990572419339	1.0	2
1.0	2006.16699219	2.0	2.0	2314.47460938	3.0	2.0	64.3200004101	0.0	0.999825656414	0.0	0.0186734199524	3.13835942859	28.8406715894	-61.5368995667	64.9649963379	2.1919798851	0.632192978035	3.0	4.80000019073	35.2600002289	1.0	18.3799991608	0.424064008218	1.0	2
1.0	3588.39331055	8.0	7.0	3759.09863281	10.0	9.0	235.500000715	0.0	-0.00372826633975	-0.980664730072	0.195659995079	8.41564603021	46.1972700531	-57.7589492798	68.7535476685	3.83601498604	0.230747762422	7.0	4.80000019073	70.740000248	5.0	18.3799991608	0.968095333904	1.0	2
1.0	1718.96606445	4.0	3.0	4022.95068359	8.0	4.0	56.300000906	0.0	0.00372833292931	0.980682194233	-0.195572197437	2.26379669444	27.2188648638	-41.6940498352	72.0180511475	17.4621505737	0.719986315049	3.0	9.26000022888	39.0600004196	3.0	18.3799991608	0.493386976686	1.0	2
1.0	3222.07128906	7.0	6.0	3467.609375	8.0	7.0	132.820001125	0.0	-0.00372823048383	-0.980663001537	0.195668682456	17.1505009876	37.1213294318	-48.226650238	65.0139465332	17.573299408	0.870442075596	5.0	3.24000000954	52.0	2.0	18.3799991608	0.976444340708	1.0	2
1.0	1719.71105957	1.0	1.0	1680.23950195	2.0	1.0	32.5200004578	3.08529895985	-0.150760814548	0.625942826271	-0.765157997608	18.3113147995	8.85770004366	-74.5674514771	42.0220031738	17.3940010071	0.751262236033	0.0	0.0	0.0	0.0	0.0	-1.0	0.0	2
1.0	6674.40771484	6.0	5.0	4854.14453125	7.0	5.0	147.519998312	0.0	0.0265206694603	0.970083117485	-0.241320133209	1.04052879398	40.3847155798	-72.7046051025	53.3618011475	-19.8961486816	0.384381462396	6.0	1.79999995232	63.4399995804	3.0	12.6000003815	0.999784637631	1.0	2
1.0	5314.87255859	4.0	2.0	2308.39355469	4.0	1.0	56.0799999237	0.0	-0.0265206806362	-0.970083534718	0.241318449378	11.9681405809	7.22563824354	-77.1477966309	38.5149993896	0.190101653337	0.896619743008	1.0	1.12000000477	2.07999992371	1.0	1.12000000477	0.586532503215	1.0	2
1.0	5434.75927734	6.0	4.0	4638.76269531	5.0	3.0	63.5600008965	0.0	0.993508219719	0.0	0.113760091364	13.718992447	44.5358566356	-56.932849884	64.9179992676	14.5827999115	0.775461895058	2.0	12.6000003815	43.8800010681	2.0	27.8799991608	0.994570043019	1.0	2
1.0	6527.08837891	5.0	4.0	5118.84228516	4.0	3.0	167.399999261	0.0	0.993504106998	0.0	0.113796487451	2.70136950991	36.0914704793	-61.1276016235	68.7594985962	1.89783501625	0.949538190402	4.0	1.12000000477	18.240000248	3.0	4.44000005722	0.996916044365	1.0	2
1.0	4021.1484375	6.0	3.0	1686.5715332	4.0	2.0	60.4400007725	0.0	-0.993508219719	0.0	-0.113760091364	39.8747782068	41.3835662523	-56.932849884	64.9179992676	14.5827999115	0.775461895058	1.0	12.6000003815	14.6000003815	1.0	12.6000003815	0.995987488349	1.0	2
1.0	7476.40478516	6.0	4.0	4970.67724609	4.0	3.0	94.4800001383	0.0	0.993504106998	0.0	0.113796487451	2.70136950991	33.0916678909	-61.1276016235	68.7594985962	1.89783501625	0.949538190402	6.0	1.12000000477	63.2800002098	3.0	12.6000003815	0.999465235696	1.0	2
1.0	5725.41894531	8.0	3.0	6315.015625	6.0	4.0	113.079999328	0.0	0.993504106998	0.0	0.113796487451	2.70136950991	36.0914704793	-61.1276016235	68.7594985962	1.89783501625	0.949538190402	6.0	1.12000000477	62.1200013161	5.0	27.8799991608	0.995714650466	1.0	2
1.0	1604.21508789	1.0	1.0	1795.7355957	3.0	2.0	34.3199996948	0.0	0.993508219719	0.0	0.113760091364	3.88670472085	2.85758049308	-64.4668502808	46.4777984619	22.1105003357	0.82480238842	1.0	10.9600000381	10.4399995804	0.0	10.9600000381	0.137550030522	1.0	2
1.0	5008.61035156	5.0	3.0	3831.62353516	8.0	3.0	73.5599999428	0.0	0.0265206694603	0.970083117485	-0.241320133209	1.04052879398	40.3847155798	-72.7046051025	53.3618011475	-19.8961486816	0.384381462396	2.0	1.12000000477	10.0399999619	1.0	1.12000000477	0.987254271293	1.0	2
1.0	2041.68395996	2.0	1.0	1634.21496582	2.0	2.0	20.539999485	1.91630895704	-0.636230647564	0.131934821606	-0.760134041309	11.4775147033	27.46230221	-67.5131988525	50.8973503113	20.3316993713	0.295290655356	0.0	0.0	0.0	0.0	0.0	-1.0	0.0	2
1.0	1429.50109863	4.0	2.0	3544.34545898	8.0	5.0	43.720000267	0.0	0.0848975479603	0.953450143337	-0.28935316205	53.660640845	29.3095185791	-57.8746490479	41.0394515991	33.7236480713	0.910742629989	1.0	8.5	7.92000007629	1.0	8.5	0.971565090306	1.0	2
1.0	1753.29602051	4.0	4.0	1922.60290527	3.0	3.0	74.0799999237	0.0	0.0849857479334	0.953450918198	-0.28932467103	34.8369635127	0.0	-73.4842987061	34.6581993103	13.7964496613	0.555667178863	2.0	1.0	9.34000015259	2.0	10.9200000763	0.650954567265	1.0	2
1.0	1890.25354004	3.0	2.0	2522.98461914	4.0	2.0	30.3200001717	3.05462927409	0.79645627737	0.528763175011	-0.293371528387	0.0	40.1314478808	-53.0202026367	67.4936065674	25.2527999878	0.0327844808096	0.0	0.0	0.0	0.0	0.0	0.984730505963	1.0	2
1.0	2031.02844238	7.0	5.0	3727.17944336	6.0	4.0	91.7199993134	0.0	0.74949747324	0.588923931122	-0.302360892296	1.43295679606	42.5534886165	-66.1748046875	63.6068496704	-1.96036505699	0.486566535371	3.0	1.0	18.0399999619	5.0	10.9200000763	0.846991532972	1.0	2
1.0	2827.43041992	6.0	4.0	4588.82226562	7.0	5.0	134.160001278	0.0	0.0849937722087	0.953441917896	-0.289351969957	38.0277925349	1.75650083013	-67.1186065674	23.8415489197	26.5114517212	0.397517672465	5.0	8.23999977112	49.3000001907	3.0	11.7600002289	0.995103647782	1.0	2
1.0	2390.51342773	4.0	3.0	3220.29345703	5.0	3.0	82.7000002861	1.91630895704	-0.636230647564	0.131934821606	-0.760134041309	17.9674160152	42.8507205395	-67.5131988525	50.8973503113	20.3316993713	0.295290655356	0.0	0.0	0.0	0.0	0.0	0.759080910795	1.0	2
1.0	1579.76867676	4.0	4.0	3420.30249023	8.0	5.0	71.2599999905	0.0	0.0848893374205	0.953458786011	-0.289327055216	37.0317363526	23.4685709748	-68.2794494629	22.0237998962	27.2402496338	0.88181479568	1.0	10.3599996567	9.35999965668	2.0	10.3599996567	0.970588116924	1.0	2
1.0	2147.97583008	4.0	3.0	2293.57006836	3.0	3.0	26.5199995041	0.0	0.0848893374205	0.953458786011	-0.289327055216	37.1218462636	2.71276133481	-68.2794494629	22.0237998962	27.2402496338	0.88181479568	2.0	10.3599996567	18.0399999619	3.0	10.3999996185	0.413555129607	1.0	2
1.0	1839.47851562	5.0	4.0	4020.75073242	7.0	5.0	78.1000010967	0.0	0.74949747324	0.588923931122	-0.302360892296	1.43295679606	26.9949879971	-66.1748046875	63.6068496704	-1.96036505699	0.486566535371	3.0	1.0	18.0399999619	3.0	10.3999996185	0.977562932872	1.0	2
1.0	2095.01538086	2.0	1.0	2905.26147461	1.0	1.0	23.4600000381	2.26288528534	0.263621300459	0.458361536264	-0.848768889904	0.0	19.0132964866	-66.8647460938	65.1242523193	3.48926496506	0.833388787418	0.0	0.0	0.0	0.0	0.0	-1.0	0.0	2
1.0	3120.9140625	8.0	4.0	5006.17675781	9.0	6.0	129.900001049	0.0	-0.0411672927439	-0.994551062584	0.0957782268524	18.5732754052	31.3359705578	-71.4379501343	45.5773468018	8.66893959045	0.650213799639	3.0	5.80000019073	31.0400004387	2.0	9.85999965668	0.995551572124	1.0	2
1.0	1752.89379883	6.0	4.0	5494.25683594	5.0	3.0	78.6983983517	0.0	0.0412679575384	0.994553208351	-0.0957126915455	34.9400781817	1.72296605929	-69.0306015015	25.8739509583	26.0653991699	0.0130001899915	3.0	7.42000007629	27.7800006866	2.0	9.93999958038	0.655175266032	1.0	2
1.0	1273.76696777	5.0	1.0	2383.24707031	5.0	2.0	16.5999999046	2.94901001046	-0.0556415058672	-0.911493659019	0.407533198595	36.6661546057	4.93886262876	-52.9148483276	28.580499649	32.1837005615	0.626453606755	0.0	0.0	0.0	0.0	0.0	0.98254427209	1.0	2
1.0	2638.80957031	6.0	3.0	3478.95068359	3.0	2.0	57.1199991703	0.0	0.0412679575384	0.994553208351	-0.0957126915455	38.1112197988	1.72296605929	-69.0306015015	25.8739509583	26.0653991699	0.846933248747	3.0	8.22000026703	27.8000001907	2.0	9.93999958038	0.875446151052	1.0	2
1.0	3022.08642578	9.0	5.0	3094.70556641	6.0	5.0	124.740000486	0.0	0.0412679575384	0.994553208351	-0.0957126915455	38.1112197988	1.72296605929	-69.0306015015	25.8739509583	26.0653991699	0.846933248747	5.0	7.42000007629	50.4800004959	3.0	9.93999958038	0.966051334373	1.0	2
1.0	1449.36083984	4.0	4.0	3132.68481445	6.0	3.0	62.5199999809	0.0	0.0412679575384	0.994553208351	-0.0957126915455	30.244057667	1.72296605929	-69.0306015015	25.8739509583	26.0653991699	0.846933248747	5.0	3.75999999046	47.4200005531	2.0	9.93999958038	0.748889475359	1.0	2
1.0	2981.62548828	8.0	3.0	5971.82763672	6.0	5.0	113.640000105	0.0	0.0412679575384	0.994553208351	-0.0957126915455	43.6450316516	1.72296605929	-69.0306015015	25.8739509583	26.0653991699	0.846933248747	3.0	5.80000019073	21.3200001717	4.0	9.93999958038	0.977288241533	1.0	2
1.0	1978.51647949	2.0	2.0	3021.76049805	2.0	2.0	57.4400005341	0.0	0.998190462589	-0.028719175607	0.0528300479054	24.2781103702	6.03213320231	-71.4979019165	43.0752487183	17.2779502869	0.495873261432	2.0	12.6199998856	26.0600004196	0.0	12.6199998856	0.296565106056	1.0	2
1.0	812.304016113	2.0	1.0	1612.99914551	2.0	1.0	1.39999997616	3.73272017201	-0.0981466397643	0.926554143429	-0.363131791353	0.0	22.8283563778	-65.6701507568	59.857749939	18.2768001556	0.287478132429	0.0	0.0	0.0	0.0	0.0	-1.0	0.0	2
1.0	472.729980469	3.0	1.0	884.520019531	2.0	1.0	1.72000002861	2.42909032223	0.474657088518	0.880115926266	0.00982981640846	29.7916889801	1.7187793273	-62.9427490234	34.7555503845	25.2762985229	0.516249970533	0.0	0.0	0.0	0.0	0.0	0.970255167494	1.0	2
1.0	1133.32702637	3.0	2.0	1272.17700195	2.0	2.0	8.54000020027	2.42909032223	-0.474657088518	-0.880115926266	-0.00982981640846	1.7187793273	2.59808997469	-62.9427490234	34.7555503845	25.2762985229	0.516249970533	0.0	0.0	0.0	0.0	0.0	0.540998622911	1.0	2
1.0	1358.14697266	3.0	3.0	1179.27197266	3.0	2.0	49.599999547	2.42909032223	-0.474657088518	-0.880115926266	-0.00982981640846	28.8488098194	28.159494981	-62.9427490234	34.7555503845	25.2762985229	0.516249970533	0.0	0.0	0.0	0.0	0.0	0.980629974755	1.0	2
1.0	779.671020508	2.0	2.0	2818.77929688	5.0	3.0	58.9599995613	0.0	0.999503552914	0.0310959927738	0.00506546301767	0.0	34.6050995337	-53.7912979126	59.0990486145	17.9190998077	0.460422265885	1.0	13.0	12.1800003052	1.0	13.0	0.246203652081	1.0	2
1.0	6146.97900391	4.0	4.0	3438.64550781	8.0	5.0	108.567999005	0.0	-0.0289019625634	0.963135659695	-0.267459213734	47.592633557	0.98594651639	-65.269744873	30.3505992889	24.2760505676	0.828259507766	3.0	13.0	46.779999733	2.0	21.0799999237	0.965185317879	1.0	2
1.0	812.304016113	2.0	2.0	1802.48413086	3.0	2.0	25.2999995947	1.31115599347	0.56382381916	0.223422855139	0.795100569725	17.0579657304	13.5110023413	-73.9299468994	39.5305480957	19.4215507507	0.424321108259	0.0	0.0	0.0	0.0	0.0	0.272841687646	1.0	2
1.0	633.635009766	1.0	1.0	1824.03613281	4.0	1.0	19.1399993896	2.63529502578	-0.721801996231	0.423099398613	-0.54771232605	12.0535082352	37.8961180354	-63.4383506775	50.9534492493	22.967250824	0.789025423912	0.0	0.0	0.0	0.0	0.0	0.022847573767	1.0	2
1.0	1932.55505371	4.0	4.0	4267.60107422	5.0	3.0	78.339999795	0.0	-0.999503552914	-0.0310959927738	-0.00506546301767	17.9654569192	24.5578670112	-53.7912979126	59.0990486145	17.9190998077	0.460422265885	1.0	13.0	12.1800003052	1.0	13.0	0.982105545611	1.0	2
1.0	1357.74597168	1.0	1.0	1195.48303223	2.0	1.0	5.42000007629	4.1526377189	0.194074973464	0.930228471756	-0.311464160681	0.0	4.67710543408	-63.7120513916	57.3333969116	25.0755996704	0.722949106543	0.0	0.0	0.0	0.0	0.0	-1.0	0.0	2
1.0	5943.78027344	4.0	2.0	4660.73730469	3.0	3.0	118.138799667	0.0	-0.0131471641362	0.976927161217	-0.213167607784	1.85582109055	38.4789970538	-67.783996582	60.6386489868	-11.3556995392	0.586428556811	4.0	4.96000003815	28.6799995899	3.0	11.6000003815	0.984842665662	1.0	2
1.0	5215.18066406	4.0	2.0	4543.98925781	2.0	2.0	79.1387996674	0.0	-0.997138798237	0.0	0.0755920708179	3.24057913568	30.0721157951	-71.7689971924	48.1663017273	6.08683490753	0.770358369239	3.0	6.71999979019	27.779999733	1.0	11.6000003815	0.980317968814	1.0	2
1.0	5883.69335938	4.0	2.0	4660.73730469	3.0	3.0	110.19879961	0.0	-0.0131471641362	0.976927161217	-0.213167607784	1.85582109055	38.4789970538	-67.783996582	60.6386489868	-11.3556995392	0.586428556811	4.0	4.96000003815	28.6799995899	3.0	11.6000003815	0.989987236936	1.0	2
1.0	60.0870018005	1.0	0.0	1561.88098145	3.0	0.0	0.0	10.0	0.0	0.0	0.0	0.0	0.0	0.0	0.0	0.0	2.0	0.0	0.0	0.0	0.0	0.0	0.498763688422	1.0	2
1.0	5055.3984375	6.0	4.0	4560.25195312	4.0	3.0	143.899998903	0.0	-0.997134625912	0.0	0.0756471604109	37.0576657494	4.63326011477	-60.2904968262	37.2518005371	28.4181995392	0.453504932748	5.0	4.98000001907	40.5199999809	3.0	11.6000003815	0.990274726807	1.0	2
1.0	4247.90722656	5.0	4.0	2490.57446289	5.0	4.0	128.240000725	0.0	-0.0131458202377	0.976932168007	-0.213144809008	34.2453189097	0.0	-69.0140991211	17.8396987915	28.5331001282	0.0128929347754	4.0	0.920000016689	15.3600003719	3.0	9.96000003815	0.849762947538	1.0	2
1.0	5640.78466797	5.0	3.0	4549.48632812	3.0	3.0	118.919999838	0.0	-0.0131471641362	0.976927161217	-0.213167607784	1.85582109055	38.4789970538	-67.783996582	60.6386489868	-11.3556995392	0.586428556811	3.0	4.98000001907	19.2800002098	3.0	9.96000003815	0.976412411814	1.0	2
1.0	1416.93017578	2.0	1.0	1609.72998047	2.0	1.0	5.42000007629	4.1526377189	0.194074973464	0.930228471756	-0.311464160681	22.4697492739	4.67710543408	-63.7120513916	57.3333969116	25.0755996704	0.722949106543	0.0	0.0	0.0	0.0	0.0	0.141769587431	1.0	2
1.0	1595.16870117	2.0	1.0	1612.17590332	1.0	1.0	29.3199996948	3.30177225439	0.0353796556592	0.611421585083	-0.790513694286	0.0	20.3805427988	-64.4083480835	53.3173522949	21.8156509399	0.753807110072	0.0	0.0	0.0	0.0	0.0	-1.0	0.0	2
1.0	3804.14208984	8.0	8.0	3919.04931641	6.0	4.0	155.75999856	0.0	0.994900643826	0.0	-0.100859843194	1.10965863596	22.5021727862	-60.5636978149	71.1503982544	1.41811990738	0.106069527098	9.0	1.10000002384	89.9400005341	4.0	16.0	0.998221461261	1.0	2
1.0	3230.07885742	4.0	2.0	2843.05761719	4.0	2.0	63.1800003052	0.0	-0.994893312454	0.0	0.100931964815	1.10966295944	24.9758074766	-59.6236000061	68.9083023071	12.5501995087	0.715992307352	2.0	16.0	25.779999733	1.0	16.0	0.491389458144	1.0	2
1.0	4270.56689453	7.0	7.0	3452.62475586	6.0	4.0	172.499999523	0.0	0.994900643826	0.0	-0.100859843194	1.10965863596	34.310285682	-60.5636978149	71.1503982544	1.41811990738	0.106069527098	7.0	1.10000002384	64.9999990463	4.0	16.0	0.994902147015	1.0	2
1.0	1451.6484375	7.0	6.0	1731.14404297	3.0	3.0	88.370398961	0.0	-0.00915049854666	0.994012951851	-0.108878567815	29.4911288798	3.43273131116	-71.4904022217	21.8494987488	23.6562995911	0.944714598344	7.0	6.76000022888	72.460000515	4.0	16.0	0.814098101026	1.0	2
1.0	1535.95141602	6.0	2.0	1384.21179199	4.0	1.0	34.1399993896	0.0	0.0091504836455	-0.99401307106	0.108877472579	20.9830706071	15.6527749371	-66.7995986938	54.7066001892	13.2777004242	0.885090714916	1.0	10.8800001144	10.6400003433	0.0	10.8800001144	0.993904107647	1.0	2
1.0	3246.53149414	3.0	2.0	4392.24658203	3.0	1.0	65.3199996948	2.13659310538	0.26190713048	0.941276788712	0.213079109788	20.094680639	0.0	-49.2657012939	38.8322525024	29.7230491638	0.83528599122	0.0	0.0	0.0	0.0	0.0	0.931773445339	1.0	2
1.0	3118.77978516	7.0	2.0	1752.09436035	4.0	2.0	13.9400000572	2.32182473376	-0.260236650705	0.726659297943	-0.635801136494	54.5005867472	6.5577467751	-72.1870498657	23.2868499756	21.9996490479	0.718667971209	0.0	0.0	0.0	0.0	0.0	0.982778475737	1.0	2
1.0	1401.95703125	2.0	1.0	1353.29785156	2.0	1.0	22.2399997711	3.37394429402	-0.0736865997314	0.482842117548	-0.872601747513	5.11210672792	13.973568213	-69.5475006104	50.5209999084	20.2926998138	0.882249808108	0.0	0.0	0.0	0.0	0.0	0.063196667849	1.0	2
1.0	3935.6159668	8.0	5.0	2413.265625	6.0	4.0	84.5903999433	0.0	0.994900643826	0.0	-0.100859843194	1.10965863596	22.5021727862	-60.5636978149	71.1503982544	1.41811990738	0.106069527098	8.0	1.10000002384	80.779999733	4.0	16.0	0.973858441924	1.0	2
1.0	680.885131836	2.0	1.0	1686.65148926	1.0	1.0	16.6000003815	0.0	-0.998339056969	-0.0336565226316	0.0467591583729	0.0	17.9484610459	-68.018699646	33.6913528442	18.903301239	0.987584807846	1.0	4.86000013351	3.72000002861	0.0	4.86000013351	-1.0	0.0	2
1.0	6105.35253906	6.0	4.0	1664.2401123	4.0	4.0	124.700001359	0.0	-0.0472520925105	0.972084760666	-0.229822590947	13.3562411648	16.9622403439	-69.8433532715	58.9650993347	11.33314991	0.711518224854	4.0	1.05999994278	30.1800000668	3.0	11.5399999619	0.998863593476	1.0	2
1.0	5258.55175781	5.0	4.0	1412.55810547	3.0	2.0	75.4599990845	0.0	-0.998334765434	-0.0336529053748	0.0468526259065	11.3051293038	20.6753832899	-47.7413024902	62.3786506653	22.6150512695	0.871020011553	2.0	5.01999998093	20.9000003338	2.0	12.5600004196	0.682661781541	1.0	2
1.0	5166.09033203	6.0	3.0	2187.70117188	3.0	3.0	55.1999998093	0.0	0.998334765434	0.0336529053748	-0.0468526259065	22.4633089857	12.8396386871	-47.7413024902	62.3786506653	22.6150512695	0.871020011553	4.0	5.01999998093	52.3200004101	2.0	16.6200008392	0.989013570868	1.0	2
1.0	1686.65148926	1.0	1.0	297.476013184	1.0	1.0	16.6000003815	0.0	0.998339056969	0.0336565226316	-0.0467591583729	17.9484610459	0.0	-68.018699646	33.6913528442	18.903301239	0.987584807846	1.0	4.86000013351	3.72000002861	0.0	4.86000013351	0.446149906551	1.0	2
1.0	4916.67822266	6.0	6.0	2417.08349609	3.0	3.0	111.659998417	0.0	-0.998334765434	-0.0336529053748	0.0468526259065	11.3051293038	20.6753832899	-47.7413024902	62.3786506653	22.6150512695	0.871020011553	1.0	5.01999998093	3.79999995232	1.0	5.01999998093	0.994124387506	1.0	2
1.0	1219.13049316	4.0	4.0	1713.90917969	2.0	2.0	70.9400001764	0.0	0.998339056969	0.0336565226316	-0.0467591583729	37.7538898834	20.4131604093	-68.018699646	33.6913528442	18.903301239	0.987584807846	1.0	4.86000013351	3.72000002861	1.0	11.5399999619	0.926613306901	1.0	2
1.0	6648.68847656	7.0	7.0	1605.44824219	4.0	4.0	197.797201753	0.0	-0.0472526699305	0.972096681595	-0.229772165418	3.23768116345	16.7408847268	-64.3115539551	69.382598877	0.539972484112	0.23803891148	4.0	1.05999994278	31.0399992466	3.0	12.5600004196	0.981487313357	1.0	2
1.0	645.465332031	5.0	5.0	3455.25537109	3.0	3.0	92.0999985933	0.0	0.0473602153361	-0.972074091434	0.229845613241	27.8061050311	17.8458692357	-60.0943984985	62.8652496338	19.7405509949	0.410679988994	5.0	5.01999998093	63.800000906	3.0	16.0200004578	0.866703809906	1.0	2
1.0	4511.61914062	5.0	4.0	794.835083008	3.0	3.0	61.4600000381	0.0	0.0473602153361	-0.972074091434	0.229845613241	14.1191254848	2.67328457837	-60.0943984985	62.8652496338	19.7405509949	0.410679988994	2.0	16.0200004578	34.7800006866	1.0	16.6200008392	0.986212405926	1.0	2
1.0	1329.99206543	1.0	1.0	2362.2409668	2.0	1.0	31.240000248	0.0	0.993542850018	0.113424226642	0.00275462702848	8.20890786798	0.0	-71.5944061279	36.1040496826	23.317150116	0.434340038434	1.0	7.0	6.55999994278	1.0	7.0	-1.0	0.0	2
1.0	8388.33886719	4.0	3.0	5263.59863281	5.0	4.0	144.140001416	0.0	-0.993542850018	-0.113424226642	-0.00275293295272	0.0	50.1199595501	-73.9443969727	47.6186485291	-15.803850174	0.90247038499	7.0	4.0	79.1599991322	3.0	10.0	0.999379369018	1.0	2
1.0	3581.49780273	3.0	1.0	5152.84179688	5.0	2.0	27.0000009537	0.0	-0.106013216078	0.937814891338	-0.330551713705	2.5638812065	44.1667226452	-74.2541503906	55.3138008118	-15.898349762	0.903641237605	1.0	23.2999992371	25.5599994659	0.0	23.2999992371	0.470113016178	1.0	2
1.0	8184.25292969	5.0	4.0	5182.73876953	3.0	2.0	152.0400033	0.0	-0.106013216078	0.937814891338	-0.330551713705	2.5638812065	32.5669591683	-74.2541503906	55.3138008118	-15.898349762	0.903641237605	5.0	4.0	61.9599997997	3.0	14.5399999619	0.999611010845	1.0	2
1.0	886.473999023	1.0	1.0	3555.92895508	2.0	1.0	19.4400005341	0.0	0.993542850018	0.113424226642	0.00275462702848	8.20890786798	0.0	-71.5944061279	36.1040496826	23.317150116	0.434340038434	1.0	7.0	6.55999994278	1.0	7.0	0.0998025933444	1.0	2
1.0	4295.84960938	6.0	2.0	1688.73193359	5.0	2.0	39.7000007629	0.0	0.106100559235	-0.937811017036	0.330534726381	15.9374433886	39.2185638301	-75.0195007324	51.6717987061	3.49276995659	0.38338479807	3.0	2.88000011444	20.9200000763	1.0	14.5399999619	0.975885763325	1.0	2
1.0	6086.60058594	4.0	3.0	5668.49951172	3.0	1.0	103.860002041	0.0	0.993542850018	0.113424226642	0.00275462702848	40.8322125065	16.6513835029	-71.5944061279	36.1040496826	23.317150116	0.434340038434	2.0	7.0	14.4200000763	1.0	7.0	0.986704196244	1.0	2
1.0	6114.77929688	7.0	6.0	5847.52392578	5.0	3.0	132.080002069	0.0	-0.993542850018	-0.113424226642	-0.00275293295272	0.0	50.1199595501	-73.9443969727	47.6186485291	-15.803850174	0.90247038499	7.0	4.0	82.6999988556	6.0	14.5399999619	0.99888987163	1.0	2
1.0	4789.02636719	5.0	4.0	2267.43359375	4.0	3.0	113.760000825	0.0	0.993543982506	0.113414302468	0.00275311549194	14.7565781588	24.1394736723	-67.9261474609	64.1533508301	-3.13937997818	0.00396416383353	4.0	4.03999996185	28.9199998379	2.0	8.35999965668	0.919084293441	1.0	2
1.0	6889.41015625	7.0	4.0	3761.31054688	6.0	4.0	52.4800007343	0.0	-0.993543982506	-0.113414302468	-0.00275311549194	1.22498346196	45.953856649	-67.9261474609	64.1533508301	-3.13937997818	0.491080445973	5.0	4.0	50.680000782	4.0	14.5399999619	0.999769762294	1.0	2
1.0	2194.87207031	1.0	1.0	2663.10205078	1.0	1.0	35.6799993515	2.34781812468	-0.245762810111	0.446877270937	-0.860175192356	2.0831446023	30.1257986887	-68.6404495239	56.7993469238	15.7139492035	0.474493315625	0.0	0.0	0.0	0.0	0.0	-1.0	0.0	2
1.0	7643.25732422	8.0	8.0	4836.56396484	8.0	7.0	271.220402194	0.0	0.0588473677635	0.984724998474	-0.163870826364	1.81699700488	29.8937959465	-56.7248497009	70.512802124	0.968222022057	0.157198549958	10.0	3.18000006676	136.419997931	3.0	10.3000001907	0.998143260351	1.0	2
1.0	3467.61206055	2.0	1.0	3636.078125	4.0	3.0	48.960000515	0.0	0.992694616318	-0.0704842433333	-0.0979254543781	3.51666602524	18.5072723762	-64.8681488037	45.7582015991	29.804901123	0.803008735557	2.0	8.52000045776	32.4799995422	1.0	10.3000001907	0.512102572558	1.0	2
1.0	440.626983643	3.0	1.0	851.075012207	1.0	1.0	5.38000011444	3.01339845041	-0.645853221416	-0.762949407101	0.0279609300196	10.2098983419	0.0	-63.7540512085	60.1854019165	19.1318511963	0.693905143768	0.0	0.0	0.0	0.0	0.0	0.969578003124	1.0	2
1.0	3743.11010742	3.0	2.0	3183.59106445	4.0	3.0	69.720000267	0.0	0.992694497108	-0.0704847425222	-0.0979261472821	28.5485965333	20.8557783521	-67.581451416	43.2344970703	26.0099983215	0.69488265613	2.0	8.52000045776	32.4799995422	0.0	10.3400001526	0.370045873254	1.0	2
1.0	4383.57275391	7.0	4.0	4652.53710938	4.0	4.0	102.719999313	0.0	0.992701292038	-0.0703881755471	-0.0979264676571	1.78678066493	30.0586999665	-56.4809494019	71.702255249	18.738899231	0.858663182618	6.0	10.8000001907	104.879998207	1.0	9.73999977112	0.99499074325	1.0	2
1.0	2573.81005859	3.0	2.0	3704.54125977	2.0	1.0	59.9600000381	2.34781812468	-0.245762810111	0.446877270937	-0.860175192356	16.047530671	19.7363012234	-68.6404495239	56.7993469238	15.7139492035	0.474493315625	0.0	0.0	0.0	0.0	0.0	0.219187501768	1.0	2
1.0	6154.33203125	6.0	5.0	3623.34008789	6.0	4.0	136.500001907	0.0	0.992701292038	-0.0703881755471	-0.0979264676571	1.78678066493	35.4106585905	-56.4809494019	71.702255249	18.738899231	0.858663182618	6.0	3.18000006676	86.4799983501	2.0	9.73999977112	0.978310775191	1.0	2
1.0	2573.81005859	3.0	2.0	2663.10205078	1.0	1.0	59.9600000381	2.34781812468	-0.245762810111	0.446877270937	-0.860175192356	16.047530671	30.1257986887	-68.6404495239	56.7993469238	15.7139492035	0.474493315625	0.0	0.0	0.0	0.0	0.0	0.219187501768	1.0	2
1.0	4326.61279297	5.0	4.0	4147.26123047	5.0	3.0	67.6199994087	0.0	0.0588486939669	0.984720289707	-0.163898810744	43.5730170041	1.81712155654	-72.1325531006	10.3787155151	10.7770500183	0.91561573969	4.0	9.80000019073	69.5599985123	0.0	28.4200000763	0.971883534379	1.0	2
1.0	1644.24304199	2.0	1.0	1486.76599121	1.0	1.0	13.4600000381	3.2681340704	0.608168005943	0.786931216717	0.104263804853	0.0	18.030293166	-66.1282958984	65.3435516357	14.9303998947	0.0616930097587	0.0	0.0	0.0	0.0	0.0	-1.0	0.0	3
1.0	11364.7177734	11.0	7.0	3783.00292969	8.0	6.0	134.639999151	0.0	-0.0314110256732	0.976040899754	-0.215307950974	2.23492191063	25.2056780791	-26.5574493408	69.9790496826	14.8547000885	0.660727027857	10.0	7.48000001907	93.7551999688	2.0	25.3799991608	0.99997506025	1.0	3
1.0	1844.80627441	5.0	1.0	1756.9979248	3.0	1.0	13.4600000381	3.2681340704	0.608168005943	0.786931216717	0.104263804853	0.0	18.030293166	-66.1282958984	65.3435516357	14.9303998947	0.0616930097587	0.0	0.0	0.0	0.0	0.0	0.0531239403639	1.0	3
1.0	11999.6748047	12.0	7.0	4717.10888672	8.0	5.0	135.980000973	0.0	0.999279558659	0.0342860706151	0.0162725169212	2.08631181673	42.1477874813	-59.9160003662	71.5929489136	2.48049998283	0.633032382636	6.0	13.5200004578	91.8551993966	1.0	13.6999998093	0.999971168173	1.0	3
1.0	5575.13916016	4.0	2.0	3045.67700195	1.0	1.0	59.7600004673	2.01131552201	0.534409582615	0.828103423119	-0.169266447425	21.6933724831	29.3920240393	-76.6868515015	49.4703979492	-0.0723744928837	0.574679879292	0.0	0.0	0.0	0.0	0.0	0.953662203351	1.0	3
1.0	8718.65820312	8.0	5.0	3574.99707031	4.0	3.0	152.600000381	0.0	-0.0314129218459	0.976048529148	-0.215272992849	45.672197048	2.08630173326	-73.7425537109	27.1797485352	7.70296955109	0.608916723247	7.0	7.48000001907	128.120000362	1.0	22.5400009155	0.999150324824	1.0	3
1.0	6262.99804688	6.0	3.0	610.195983887	1.0	1.0	26.120000124	0.0	0.999279558659	0.0342860706151	0.0162725169212	5.98750080534	1.59357182245	-59.9160003662	71.5929489136	2.48049998283	0.633032382636	3.0	15.4399995804	51.8000011444	0.0	19.2600002289	0.882587079427	1.0	3
1.0	2935.56787109	6.0	3.0	3887.51806641	6.0	4.0	97.9600017071	0.0	0.999276459217	0.0343769975007	0.0162710938603	3.71354112545	29.8153950486	-63.1563491821	68.4903030396	-1.1239900589	0.253495544761	1.0	23.5200004578	24.6599998474	1.0	12.5799999237	0.972246669819	1.0	3
1.0	8943.22851562	8.0	4.0	3350.42675781	2.0	1.0	57.4599996805	0.0	0.999276459217	0.0343769975007	0.0162710938603	3.71354112545	29.8153950486	-63.1563491821	68.4903030396	-1.1239900589	0.253495544761	4.0	15.4399995804	80.3800001144	0.0	23.5200004578	0.999869727472	1.0	3
1.0	7665.51757812	10.0	6.0	3795.69482422	3.0	3.0	153.780000329	0.0	-0.0314129218459	0.976048529148	-0.215272992849	45.672197048	2.08630173326	-73.7425537109	27.1797485352	7.70296955109	0.608916723247	5.0	7.48000001907	86.8600001335	1.0	12.5799999237	0.994879753754	1.0	3
1.0	2574.76806641	1.0	1.0	2970.83886719	1.0	1.0	19.7199993134	0.0	0.00326345697977	0.994232833385	-0.107193656266	19.5548483192	27.8339238303	-68.8840942383	49.6425514221	19.2858009338	0.296304770401	1.0	5.17999982834	4.17999982834	1.0	5.17999982834	-1.0	0.0	3
1.0	9376.06933594	10.0	4.0	7414.28417969	10.0	6.0	105.960000515	0.0	0.00336469453759	0.994228243828	-0.107232600451	22.721254273	0.0	-75.5478515625	43.3391494751	-6.99324989319	0.723484901412	5.0	9.06000041962	51.3799991608	3.0	16.3400001526	0.964394947599	1.0	3
1.0	2688.47314453	2.0	1.0	4295.53613281	5.0	1.0	19.7199993134	0.0	0.00326345697977	0.994232833385	-0.107193656266	19.5548483192	27.8339238303	-68.8840942383	49.6425514221	19.2858009338	0.296304770401	1.0	5.17999982834	4.17999982834	1.0	5.17999982834	0.14745248921	1.0	3
1.0	12249.8564453	13.0	7.0	7889.27050781	11.0	7.0	277.631594867	0.0	0.00336469453759	0.994228243828	-0.107232600451	22.721254273	0.0	-75.5478515625	43.3391494751	-6.99324989319	0.723484901412	10.0	5.17999982834	112.899999142	5.0	16.4200000763	0.999980974937	1.0	3
1.0	3067.87402344	1.0	1.0	2477.73291016	1.0	1.0	27.7399995327	0.0	-0.00327122816816	-0.994227528572	0.107242614031	2.34733595809	22.9861356347	-68.2398986816	65.4342498779	-1.72256493568	0.563033896951	1.0	5.0	6.38000011444	0.0	5.0	0.0456707522245	1.0	3
1.0	3255.42871094	3.0	2.0	4204.94580078	7.0	4.0	116.099998713	0.0	-0.00327122816816	-0.994227528572	0.107242614031	2.34733595809	33.4879459321	-68.2398986816	65.4342498779	-1.72256493568	0.563033896951	3.0	5.0	37.9399995804	1.0	13.6199998856	0.978310869512	1.0	3
1.0	6509.5703125	6.0	4.0	4827.46679688	6.0	4.0	128.195596695	0.0	0.999529957771	0.0	0.0306577067822	1.7588667893	43.831055137	-70.3978500366	53.6029014587	-18.3483505249	0.548567867144	3.0	5.17999982834	35.8399996758	2.0	9.06000041962	0.993920130601	1.0	3
1.0	6711.55957031	5.0	2.0	2998.5390625	4.0	3.0	110.099997282	0.0	-0.00327122816816	-0.994227528572	0.107242614031	2.34733595809	33.7543006	-68.2398986816	65.4342498779	-1.72256493568	0.563033896951	2.0	5.0	15.1999998093	1.0	9.06000041962	0.997530158202	1.0	3
1.0	1052.8079834	2.0	0.0	1023.70397949	1.0	0.0	0.0	10.0	0.0	0.0	0.0	0.0	0.0	0.0	0.0	0.0	2.0	0.0	0.0	0.0	0.0	0.0	0.498763688422	1.0	3
1.0	5626.359375	5.0	4.0	3013.41992188	4.0	3.0	83.8799984455	0.0	-0.00327122816816	-0.994227528572	0.107242614031	2.34733595809	33.4879459321	-68.2398986816	65.4342498779	-1.72256493568	0.563033896951	4.0	5.0	35.4000000954	3.0	14.2399997711	0.967818329976	1.0	3
1.0	1245.77563477	2.0	1.0	1694.61486816	2.0	1.0	33.1599993706	2.34133939753	0.248853862286	0.923211812973	-0.292833924294	0.0	23.9643529446	-71.56590271	50.7447967529	23.764749527	0.975358316136	0.0	0.0	0.0	0.0	0.0	-1.0	0.0	3
1.0	9780.96484375	15.0	10.0	5959.99511719	14.0	7.0	128.500000477	0.0	0.0536270588636	0.956504285336	-0.286746710539	19.6280917155	35.2526900366	-52.4291992188	61.7664031982	31.6081008911	0.939543003984	8.0	5.67999982834	70.6200008392	1.0	9.18000030518	0.99412437666	1.0	3
1.0	9115.68554688	13.0	9.0	7847.35888672	18.0	9.0	241.899998665	0.0	-0.995688736439	0.0703831985593	0.0604165419936	0.0	48.0714653212	-64.9847564697	65.9614486694	4.81269979477	0.0174549205541	14.0	2.16000008583	107.379999161	4.0	13.279999733	0.999436285894	1.0	3
1.0	7737.98876953	14.0	2.0	4094.62182617	15.0	2.0	24.3400001526	0.0	0.995690703392	-0.0702916011214	-0.0604907572269	28.2679630966	32.163399829	-75.0645446777	39.1333999634	14.8202991486	0.747135874159	1.0	3.55999994278	3.16000008583	1.0	15.3400001526	0.981211204555	1.0	3
1.0	1635.97460938	3.0	2.0	2028.28100586	2.0	2.0	57.9400000572	0.0	0.0536269024014	0.956505060196	-0.286744117737	2.40173158333	10.8035436385	-56.1291999817	76.5727005005	23.7416000366	0.414048859919	0.0	0.0	0.0	1.0	19.2600002289	0.383619633912	1.0	3
1.0	4574.57958984	7.0	4.0	2650.94458008	4.0	4.0	72.6199998856	0.0	0.0536199770868	0.956504642963	-0.286746829748	28.6321407845	1.07412020053	-69.191696167	43.6657028198	26.926700592	0.519950697221	4.0	2.16000008583	29.1399993896	2.0	5.40000009537	0.988269337431	1.0	3
1.0	6233.85791016	6.0	4.0	1150.44958496	4.0	2.0	76.4199986458	0.0	0.0535349994898	0.956509292126	-0.286747336388	38.5070511694	0.0	-75.2134552002	32.956703186	10.3271007538	0.537253406487	2.0	5.40000009537	18.4999995232	3.0	15.3400001526	0.988965429851	1.0	3
1.0	3694.54370117	4.0	2.0	2748.82763672	4.0	4.0	51.1200013161	0.0	0.0536269024014	0.956505060196	-0.286744117737	2.40173158333	15.5672412475	-56.1291999817	76.5727005005	23.7416000366	0.414048859919	1.0	11.279999733	10.9600000381	2.0	19.2600002289	0.964913672464	1.0	3
1.0	1874.22888184	4.0	3.0	371.745574951	2.0	2.0	34.1599998474	0.0	0.0536199770868	0.956504642963	-0.286746829748	33.1110524038	1.07412020053	-69.191696167	43.6657028198	26.926700592	0.519950697221	1.0	5.40000009537	5.63999986649	2.0	19.2600002289	0.302266389608	1.0	3
1.0	5770.078125	7.0	7.0	2963.61523438	5.0	5.0	187.739999294	0.0	0.0536269024014	0.956505060196	-0.286744117737	2.40173158333	15.5672412475	-56.1291999817	76.5727005005	23.7416000366	0.414048859919	6.0	5.40000009537	67.7799992561	5.0	19.2600002289	0.968095458123	1.0	3
1.0	2703.38916016	1.0	1.0	2834.0	1.0	1.0	57.6199998856	1.80953862533	0.964068174362	0.256873577833	-0.0677385181189	3.11428124524	21.3303811714	-62.1933517456	71.3371505737	15.5343999863	0.0605823201355	0.0	0.0	0.0	0.0	0.0	-1.0	0.0	3
1.0	9981.72558594	17.0	8.0	6909.29931641	11.0	7.0	168.800001144	0.0	0.0335473157465	0.986689090729	-0.159120082855	3.16113527402	38.4694413766	-59.5573501587	72.1943969727	15.3243503571	0.935339543575	12.0	4.88000011444	136.660002112	6.0	31.6599998474	0.999940360609	1.0	3
1.0	340.12310791	4.0	2.0	1490.74499512	2.0	2.0	20.8400001526	0.0	0.0335473157465	0.986689090729	-0.159120082855	3.16113527402	15.3187806118	-59.5573501587	72.1943969727	15.3243503571	0.211933981597	1.0	11.3800001144	11.5200004578	1.0	11.3800001144	0.84859804961	1.0	3
1.0	9983.0703125	14.0	7.0	7149.70703125	12.0	8.0	187.659999549	0.0	0.999265670776	-0.0309832505882	-0.0225430876017	2.06012976439	45.8271227184	-68.8145523071	55.6708526611	-21.8893508911	0.178674045851	10.0	1.46000003815	112.760001242	5.0	31.6599998474	0.997870697476	1.0	3
1.0	5787.69824219	3.0	2.0	3210.47949219	5.0	4.0	122.340001106	0.0	0.999262273312	-0.0310830771923	-0.0225543063134	50.6601366785	0.0	-75.766204834	21.8880996704	4.52110481262	0.0845540055016	1.0	4.88000011444	4.63999986649	0.0	4.88000011444	0.975717395287	1.0	3
1.0	3676.44140625	3.0	3.0	4994.03613281	7.0	5.0	125.180000305	0.0	-0.0335506387055	-0.986686468124	0.159135818481	8.34428034855	37.8121519852	-71.3433532715	54.1527481079	-15.632850647	0.807884937424	4.0	12.4200000763	69.7200012207	3.0	17.3999996185	0.997530142793	1.0	3
1.0	1941.35827637	2.0	2.0	4035.35961914	3.0	3.0	70.5799999237	0.0	-0.99926507473	0.0309861842543	0.022563977167	0.0	38.9336879901	-72.333694458	55.7799530029	7.90729045868	0.134382922856	1.0	7.34000015259	6.96000003815	2.0	14.9600000381	0.576351272186	1.0	3
1.0	7011.12011719	5.0	5.0	4168.16992188	7.0	5.0	176.620001078	0.0	0.999262273312	-0.0310830771923	-0.0225543063134	39.0823554226	0.0	-75.766204834	21.8880996704	4.52110481262	0.0845540055016	7.0	4.88000011444	80.0400004387	5.0	19.2000007629	0.990629973872	1.0	3
1.0	4814.95751953	4.0	2.0	3549.57592773	3.0	2.0	41.1400003433	0.0	0.999265432358	-0.0309898536652	-0.0225433986634	27.2803651626	0.0	-71.3262939453	46.1688499451	22.7933502197	0.866045483164	1.0	17.3999996185	16.9200000763	2.0	17.3999996185	0.950752050018	1.0	3
1.0	6522.69628906	5.0	3.0	3405.21923828	6.0	5.0	87.9600012302	0.0	0.999262273312	-0.0310830771923	-0.0225543063134	45.1969806456	0.0	-75.766204834	21.8880996704	4.52110481262	0.0845540055016	3.0	4.88000011444	41.3200001717	2.0	19.2000007629	0.997894862558	1.0	3
1.0	1925.33703613	2.0	1.0	2587.07714844	1.0	1.0	25.740000248	2.70907176784	-0.163713812828	0.487816661596	-0.857457101345	18.467093043	1.01666668745	-74.2640533447	28.9586486816	17.0020503998	0.25656620428	0.0	0.0	0.0	0.0	0.0	-1.0	0.0	3
1.0	5770.73193359	14.0	4.0	4782.69677734	12.0	3.0	65.3200011253	0.0	-0.999440431595	0.0	0.0334489941597	0.0	33.2469993349	-59.2460021973	73.8675994873	8.81817531586	0.932803937466	3.0	5.15999984741	32.7000002861	1.0	5.15999984741	0.995880483691	1.0	3
1.0	2141.40429688	3.0	2.0	645.044555664	3.0	2.0	17.539999485	0.0	-0.999440431595	0.0	0.0334489941597	7.20751341734	7.19778064355	-59.2460021973	73.8675994873	8.81817531586	0.932803937466	2.0	13.1800003052	29.3200006485	1.0	15.0799999237	0.993558178522	1.0	3
1.0	12546.6494141	10.0	3.0	6316.68115234	12.0	5.0	152.959998608	0.0	-0.999440789223	0.0	0.0334377512336	41.0931623277	3.65511023602	-63.743598938	13.3920001984	28.9086990356	0.617007682156	6.0	9.06000041962	73.8199996948	5.0	19.3600006104	0.999999999672	1.0	3
1.0	2431.97485352	3.0	3.0	2023.32995605	3.0	3.0	76.1199994087	0.0	-0.00759922433645	0.96532791853	-0.260929614305	3.84901107313	13.262489519	-63.0245513916	68.8655014038	1.35736501217	0.451743180796	4.0	8.43999958038	51.3200006485	4.0	20.8999996185	0.897026866208	1.0	3
1.0	7323.78955078	8.0	6.0	4494.82128906	5.0	5.0	203.120001554	0.0	-0.00759922433645	0.96532791853	-0.260929614305	2.27062273333	24.9204604795	-63.0245513916	68.8655014038	1.35736501217	0.451743180796	6.0	4.19999980927	70.9400010109	5.0	23.3600006104	0.997751582783	1.0	3
1.0	2003.2454834	3.0	1.0	2910.92724609	2.0	1.0	25.740000248	2.70907176784	-0.163713812828	0.487816661596	-0.857457101345	18.467093043	1.01666668745	-74.2640533447	28.9586486816	17.0020503998	0.25656620428	0.0	0.0	0.0	0.0	0.0	0.182502793424	1.0	3
1.0	7021.56054688	5.0	4.0	5092.13085938	5.0	3.0	149.379999876	0.0	-0.999440431595	0.0	0.0334491208196	2.0087316099	31.5454356771	-65.3486022949	67.9542999268	8.83429527283	0.722557306133	6.0	4.19999980927	71.6000008583	3.0	23.3600006104	0.999983528734	1.0	3
1.0	6737.18896484	6.0	2.0	3315.39208984	3.0	1.0	42.5000004768	2.70907176784	-0.163713812828	0.487816661596	-0.857457101345	31.454376655	1.01666668745	-74.2640533447	28.9586486816	17.0020503998	0.25656620428	0.0	0.0	0.0	0.0	0.0	0.997780998707	1.0	3
1.0	6574.25341797	5.0	4.0	5539.43798828	3.0	1.0	117.500000715	0.0	-0.999440431595	0.0	0.0334491208196	2.0087316099	31.5454356771	-65.3486022949	67.9542999268	8.83429527283	0.722557306133	3.0	3.44000005722	32.0400002003	3.0	23.3600006104	0.999275880728	1.0	3
