valid	volumeS1	connectedComponentsS1	connectedComponentsS1Rel	volumeS2	connectedComponentsS2	connectedComponentsS2Rel	corticalSize	distanceMin	direction_x	direction_y	direction_z	distanceToExtremity1	distanceToExtremity2	gravityCenter_x	gravityCenter_y	gravityCenter_z	corticalDotProduct	junctions	junctionDepthMin	junctionsSize	plisDePassage	plisDePassageDepthMax	Potential	Class	cycle
1.0	1971.03198242	1.0	1.0	333.381011963	1.0	1.0	25.9599990845	0.0	0.997895598412	-0.0560104064643	-0.0326685979962	2.45854066331	3.08895088998	-49.7061004639	-6.99568986893	39.032699585	0.795854067688	1.0	7.21999979019	5.73999977112	0.0	7.21999979019	-1.0	0.0	1
1.0	7000.63183594	8.0	4.0	2604.87988281	6.0	5.0	105.199999332	0.0	0.997892677784	-0.0560045614839	-0.0327664390206	2.00635699352	23.2854327609	-59.4609489441	-2.69798994064	32.8073501587	0.527678519541	5.0	16.2199993134	45.9199995995	1.0	10.4600000381	0.993487222561	1.0	1
1.0	3939.12963867	8.0	4.0	1480.21264648	5.0	4.0	35.3999986649	0.0	0.997895598412	-0.0560104064643	-0.0326685979962	2.45854066331	27.7302848203	-49.7061004639	-6.99568986893	39.032699585	0.795854067688	3.0	7.21999979019	12.279999733	0.0	36.4000015259	0.797100859081	1.0	1
1.0	10050.1611328	10.0	5.0	2858.4362793	5.0	5.0	122.379999638	0.0	0.0584671758115	0.987321197987	-0.147575318813	3.55530114679	0.0	-64.3676986694	-15.6361999512	13.9332504272	0.652598260435	6.0	15.8000001907	37.0799994469	2.0	13.0200004578	0.996093258036	1.0	1
1.0	1763.75	1.0	1.0	207.281997681	1.0	1.0	23.0	0.0	0.997892677784	-0.0560045614839	-0.0327664390206	2.00635699352	0.979565148768	-59.4609489441	-2.69798994064	32.8073501587	0.527678519541	0.0	0.0	0.0	1.0	10.4600000381	0.0511917080188	1.0	1
1.0	6771.36523438	3.0	3.0	1574.63427734	5.0	4.0	88.4599990845	0.0	0.0584671758115	0.987321197987	-0.147575318813	32.3631041716	0.0	-64.3676986694	-15.6361999512	13.9332504272	0.652598260435	2.0	7.21999979019	14.7399997711	1.0	13.0200004578	0.987176079195	1.0	1
1.0	7708.95800781	4.0	3.0	1311.99829102	4.0	4.0	88.4599990845	0.0	0.0584671758115	0.987321197987	-0.147575318813	3.55530114679	0.0	-64.3676986694	-15.6361999512	13.9332504272	0.652598260435	2.0	7.21999979019	14.7399997711	1.0	13.0200004578	0.996769179473	1.0	1
1.0	7869.54101562	4.0	3.0	1486.60009766	4.0	3.0	114.879999161	0.0	0.0584671758115	0.987321197987	-0.147575318813	3.55530114679	0.0	-64.3676986694	-15.6361999512	13.9332504272	0.652598260435	1.0	7.21999979019	5.73999977112	1.0	13.0200004578	0.995028526273	1.0	1
1.0	7869.54101562	4.0	3.0	1486.60009766	4.0	3.0	114.879999161	0.0	0.0584671758115	0.987321197987	-0.147575318813	3.55530114679	0.0	-64.3676986694	-15.6361999512	13.9332504272	0.652598260435	1.0	7.21999979019	5.73999977112	1.0	13.0200004578	0.990758223469	1.0	1
1.0	2578.046875	2.0	1.0	650.265991211	2.0	2.0	44.720000267	3.26282085142	0.357382029295	0.588642120361	0.725105881691	10.3515356406	3.78994813177	-56.6094512939	-7.92584991455	37.1772499084	0.608730129193	0.0	0.0	0.0	0.0	0.0	-1.0	0.0	1
1.0	10325.6132812	14.0	9.0	4428.97216797	9.0	8.0	136.039999008	0.0	0.995595097542	-0.0935956016183	0.00550628919154	38.4976404388	10.3564327649	-30.6893997192	6.97021961212	40.2005004883	0.432546780986	13.0	5.5	111.120000362	4.0	34.8600006104	0.999972456375	1.0	1
1.0	12068.5732422	13.0	6.0	2277.44018555	8.0	7.0	138.720000267	0.0	0.791680634022	0.60919457674	0.0460836030543	2.10332057866	30.5205368462	-46.7439498901	-25.2594985962	25.2904510498	0.43763403936	9.0	7.07999992371	87.9600000381	2.0	9.06000041962	0.999958001267	1.0	1
1.0	10578.1494141	10.0	5.0	4758.44677734	6.0	6.0	97.100001812	0.0	0.995600163937	-0.0935394763947	0.0055362037383	25.5485527981	18.0000691907	-60.3772010803	-14.7457504272	9.36336517334	0.22883752969	10.0	5.5	77.6400001049	4.0	34.8600006104	0.999965536878	1.0	1
1.0	2393.57397461	4.0	1.0	1076.29602051	3.0	1.0	13.779999733	0.0	-0.995596826077	0.0935771986842	-0.00550629897043	0.0	2.67419297259	-64.6891021729	5.5326499939	32.4346008301	0.517076819066	1.0	9.88000011444	8.81999969482	0.0	9.88000011444	0.0263611026167	1.0	1
1.0	7880.58056641	10.0	7.0	2301.17602539	5.0	5.0	148.83160001	0.0	-0.995596826077	0.0935771986842	-0.00550629897043	39.3825264739	7.14166618422	-64.6891021729	5.5326499939	32.4346008301	0.373917140284	6.0	7.07999992371	56.9600000381	1.0	7.07999992371	0.99813017617	1.0	1
1.0	5695.89648438	5.0	2.0	650.265991211	2.0	2.0	56.0399999619	0.0	0.791680634022	0.60919457674	0.0460836030543	2.10332057866	0.0	-46.7439498901	-25.2594985962	25.2904510498	0.43763403936	1.0	10.9600000381	10.6000003815	0.0	10.9600000381	0.881905490815	1.0	1
1.0	4789.64257812	7.0	4.0	1768.24938965	3.0	2.0	130.539998055	0.0	-0.105044879019	-0.992555379868	-0.0616392381489	18.0099858067	20.0441697498	-40.2901496887	-8.636095047	40.9654998779	0.675152413758	1.0	9.03999996185	9.88000011444	0.0	9.03999996185	0.981374019613	1.0	1
1.0	7659.18359375	6.0	2.0	1641.65527344	5.0	3.0	61.5399999619	0.0	0.791680634022	0.60919457674	0.0460836030543	2.10332057866	13.4034026649	-46.7439498901	-25.2594985962	25.2904510498	0.43763403936	1.0	10.9600000381	10.6000003815	0.0	10.9600000381	0.993386632404	1.0	1
1.0	3106.26293945	6.0	4.0	2691.61743164	4.0	3.0	103.42000103	0.99645421107	-0.104947313666	-0.992565870285	-0.0616367608309	42.4407986191	7.86995954318	-66.8584976196	10.1298398972	34.5139007568	0.972108090736	1.0	10.3199996948	8.77999973297	0.0	10.3199996948	0.99560039589	1.0	1
1.0	2397.57202148	2.0	1.0	986.381958008	2.0	2.0	36.9399995804	0.0	0.999346792698	-0.0346259623766	-0.0103437257931	2.2422629163	13.4537865612	-49.3385009766	4.23693990707	41.7154998779	0.766370133261	1.0	8.73999977112	6.67999982834	0.0	8.73999977112	-1.0	0.0	1
1.0	5105.67675781	10.0	3.0	2668.49755859	4.0	3.0	45.7200013399	2.42940114778	0.358676433563	-0.348968356848	-0.865778446198	2.86569733509	20.732538821	-44.3032493591	-22.7819004059	25.4888000488	0.319339327188	3.0	17.2199993134	13.0007998943	2.0	17.2199993134	0.977050255368	1.0	1
1.0	1611.52514648	5.0	1.0	910.479614258	3.0	1.0	0.0	10.0	0.0	0.0	0.0	0.0	0.0	0.0	0.0	0.0	2.0	2.0	16.7399997711	11.7600003481	0.0	24.9599990845	0.577817436482	1.0	1
1.0	9072.42480469	10.0	4.0	4592.64013672	5.0	4.0	85.9000008106	0.0	0.999346792698	-0.0346259623766	-0.0103437257931	40.6465857285	18.8507827738	-49.3385009766	4.23693990707	41.7154998779	0.766370133261	5.0	8.73999977112	37.3400002718	0.0	27.6399993896	0.999983957365	1.0	1
1.0	1561.79248047	7.0	1.0	962.083984375	2.0	1.0	7.76000022888	3.43652440879	0.639105081558	-0.759532272816	0.121059581637	0.0	2.09465251429	-59.3905982971	-15.8492002487	7.33397483826	0.239397933384	0.0	0.0	0.0	0.0	0.0	0.550869450941	1.0	1
1.0	4788.09667969	8.0	5.0	2311.08398438	4.0	4.0	130.500001073	0.0	-0.0334234014153	-0.984704494476	0.170996949077	34.2456420027	19.1473305838	-65.9140472412	1.76500499249	20.6865997314	0.901088477035	3.0	6.65999984741	21.4200000763	2.0	10.4200000763	0.999610254069	1.0	1
1.0	4257.78710938	5.0	3.0	2356.39404297	5.0	4.0	96.7400000095	0.0	0.999346792698	-0.0346259623766	-0.0103437257931	40.6465857285	18.8507827738	-49.3385009766	4.23693990707	41.7154998779	0.766370133261	2.0	6.65999984741	12.7399997711	1.0	6.65999984741	0.982089924291	1.0	1
1.0	3562.62817383	7.0	3.0	2437.95092773	4.0	4.0	107.400002599	2.42940114778	0.358676433563	-0.348968356848	-0.865778446198	2.86569733509	28.5989436623	-44.3032493591	-22.7819004059	25.4888000488	0.319339327188	0.0	0.0	0.0	0.0	0.0	0.997976419295	1.0	1
1.0	5017.93261719	6.0	4.0	2586.09692383	5.0	5.0	147.340001464	0.0	0.999347388744	-0.0346350260079	-0.0102577246726	23.5658954237	19.1758823405	-42.7926483154	-0.643242001534	40.6429519653	0.742554172663	4.0	6.26000022888	25.8200001717	2.0	10.4200000763	0.994498173418	1.0	1
1.0	1898.93432617	1.0	1.0	973.624816895	2.0	2.0	47.7399997711	2.17501954695	0.966365277767	-0.0576064884663	-0.250638365746	0.0	14.1065229891	-46.7262992859	-8.95215988159	42.6006507874	0.0766483907343	0.0	0.0	0.0	0.0	0.0	-1.0	0.0	1
1.0	5397.41992188	11.0	4.0	3345.6940918	7.0	6.0	83.4199991226	2.17501954695	0.966365277767	-0.0576064884663	-0.250638365746	0.0	23.5437039054	-46.7262992859	-8.95215988159	42.6006507874	0.0766483907343	8.0	7.61999988556	42.3040005267	3.0	16.3999996185	0.976444321005	1.0	1
1.0	12086.7929688	9.0	7.0	2831.74438477	5.0	5.0	155.140397787	0.0	0.998025894165	-0.0331819616258	0.0533219575882	43.2400745607	10.9278680243	-49.4742507935	14.2513008118	37.8727493286	0.00431953599514	9.0	6.23999977112	58.3799993992	3.0	16.3999996185	0.999971193624	1.0	1
1.0	9768.36132812	9.0	7.0	3226.97412109	6.0	6.0	149.460398912	0.0	0.998025894165	-0.0331819616258	0.0533219575882	43.2400745607	10.9278680243	-49.4742507935	14.2513008118	37.8727493286	0.00431953599514	10.0	5.11999988556	94.0199980736	0.0	29.5400009155	0.994395963993	1.0	1
1.0	1072.40100098	2.0	0.0	417.840087891	2.0	0.0	0.0	10.0	0.0	0.0	0.0	0.0	0.0	0.0	0.0	0.0	2.0	0.0	0.0	0.0	0.0	0.0	0.432768960305	1.0	1
1.0	9000.91308594	4.0	4.0	1277.88366699	4.0	4.0	210.879998922	0.0	0.0461887679994	0.993749320507	-0.101631224155	40.3146583759	2.46604339678	-71.3013000488	4.73566007614	6.04225492477	0.112739593915	3.0	5.11999988556	27.4199995995	0.0	10.3000001907	0.999518750121	1.0	1
1.0	7772.28759766	3.0	3.0	1763.16186523	5.0	4.0	78.0203988552	0.0	-0.046189840883	-0.993750751019	0.101616896689	25.9573580563	22.1088868699	-49.894203186	15.6639995575	36.2615013123	0.130607098584	1.0	9.18000030518	9.43999958038	0.0	9.18000030518	0.900822000889	1.0	1
1.0	8796.24023438	4.0	4.0	1482.55712891	4.0	4.0	212.780399084	0.0	-0.046189840883	-0.993750751019	0.101616896689	34.7569518483	8.11087245081	-49.894203186	15.6639995575	36.2615013123	0.982191049866	3.0	8.88000011444	29.0399990082	1.0	8.88000011444	0.998916234248	1.0	1
1.0	8796.24023438	4.0	4.0	1092.31811523	3.0	3.0	115.720400095	0.0	-0.046189840883	-0.993750751019	0.101616896689	34.7569518483	8.11087245081	-49.894203186	15.6639995575	36.2615013123	0.130607098584	1.0	9.18000030518	9.43999958038	0.0	9.18000030518	0.987018408773	1.0	1
1.0	1552.77832031	2.0	1.0	1217.34619141	2.0	2.0	23.3599996567	2.80551245838	0.430727124214	-0.902446627617	0.00801675394177	1.50102128965	3.16304161448	-65.6622009277	-4.2299451828	34.0743484497	0.113122107407	0.0	0.0	0.0	0.0	0.0	-1.0	0.0	1
1.0	12884.59375	14.0	9.0	3631.6496582	4.0	4.0	155.000000954	0.0	0.00619290070608	-0.998390376568	0.0563760399818	38.9569883939	7.90808922187	-70.1389465332	9.75103569031	29.1948509216	0.211276957788	13.0	6.65999984741	98.4804500341	5.0	14.6199998856	0.999907936428	1.0	1
1.0	9983.01660156	9.0	4.0	3218.55834961	6.0	6.0	113.160001278	0.0	0.00619290070608	-0.998390376568	0.0563760399818	38.9569883939	7.90808922187	-70.1389465332	9.75103569031	29.1948509216	0.211276957788	13.0	5.69999980927	85.1544508189	7.0	14.6199998856	0.997473129683	1.0	1
1.0	10359.6044922	7.0	3.0	1324.21508789	3.0	3.0	31.8800003529	3.01128379363	-0.0160021483898	0.0496564283967	0.998638153076	58.8450717883	14.6181402594	-69.868347168	0.450493007898	16.0988998413	0.0451945518419	1.0	14.6199998856	1.52044999599	1.0	14.6199998856	0.999970964873	1.0	1
1.0	3235.65673828	3.0	2.0	1442.39086914	3.0	3.0	70.680000782	0.0	0.00619290070608	-0.998390376568	0.0563760399818	38.9134816974	7.90808922187	-70.1389465332	9.75103569031	29.1948509216	0.211276957788	1.0	7.94000005722	7.44000005722	0.0	7.94000005722	0.158610489817	1.0	1
1.0	2349.30444336	4.0	4.0	401.439575195	3.0	3.0	55.2000000477	0.0	0.00619290070608	-0.998390376568	0.0563760399818	38.9134816974	7.90808922187	-70.1389465332	9.75103569031	29.1948509216	0.211276957788	2.0	7.94000005722	17.9400000572	0.0	10.0600004196	0.967454402839	1.0	1
1.0	455.519195557	2.0	0.0	295.592590332	2.0	0.0	0.0	10.0	0.0	0.0	0.0	0.0	0.0	0.0	0.0	0.0	2.0	0.0	0.0	0.0	0.0	0.0	0.432768960305	1.0	1
1.0	4775.87304688	6.0	5.0	1520.12561035	3.0	3.0	159.399998903	0.0	0.994935870171	0.0	-0.100511498749	42.4555369792	4.92480176717	-25.0468997955	4.13091993332	44.604549408	0.593101562212	4.0	5.13999986649	35.6792001724	2.0	11.4200000763	0.993636682791	1.0	1
1.0	455.519195557	2.0	0.0	70.9415969849	1.0	0.0	0.0	10.0	0.0	0.0	0.0	0.0	0.0	0.0	0.0	0.0	2.0	0.0	0.0	0.0	0.0	0.0	0.432768960305	1.0	1
1.0	5027.07861328	6.0	4.0	2234.92285156	4.0	4.0	129.900000095	0.0	0.994935333729	0.0	-0.100516974926	38.3921656098	16.4725935501	-35.5970497131	7.96468019485	40.9181518555	0.835662731214	2.0	6.65999984741	18.0999999046	1.0	6.65999984741	0.996441852404	1.0	1
1.0	2239.80102539	2.0	1.0	474.700012207	2.0	2.0	46.4200000763	0.0	0.998990416527	-0.0365178883076	0.0261649023741	2.16798238633	12.3252474295	-39.4709472656	-10.8583498001	40.0033988953	0.403758287371	1.0	6.48000001907	5.67999982834	1.0	6.48000001907	-1.0	0.0	1
1.0	8575.11621094	13.0	3.0	2872.15112305	5.0	4.0	100.188399374	0.0	-0.0429136566818	-0.985951304436	0.16142629087	39.3423959116	2.85092914631	-29.2074012756	9.36172485352	35.5825500488	0.793643744395	6.0	4.80000019073	52.1199994087	0.0	10.6400003433	0.999995049458	1.0	1
1.0	2879.67504883	5.0	2.0	716.814025879	1.0	1.0	46.4999990463	0.0	0.998985826969	-0.0365871861577	0.0262422934175	30.2003667178	1.2024050388	-63.8795013428	-1.01571500301	33.9887504578	0.662034857533	0.0	0.0	0.0	1.0	11.6199998856	0.686966188708	1.0	1
1.0	9474.34863281	12.0	3.0	1503.75292969	4.0	3.0	51.6799998283	0.0	-0.0429156087339	-0.985951006413	0.161427661777	3.5742589609	1.79015391659	-55.9646987915	-16.5271492004	17.1944503784	0.972526498723	1.0	4.67999982834	3.5	2.0	11.6199998856	0.997536343675	1.0	1
1.0	3195.39013672	5.0	3.0	1230.57800293	4.0	2.0	63.460000515	0.0	0.998990416527	-0.0365178883076	0.0261649023741	2.16798238633	21.7991602922	-39.4709472656	-10.8583498001	40.0033988953	0.403758287371	2.0	6.03999996185	11.7399997711	2.0	6.48000001907	0.893884882362	1.0	1
1.0	5400.43408203	5.0	3.0	2039.39782715	4.0	3.0	94.0200004578	0.0	-0.0429156087339	-0.985951006413	0.161427661777	3.5742589609	14.7098784334	-55.9646987915	-16.5271492004	17.1944503784	0.972526498723	2.0	4.67999982834	9.17999982834	2.0	6.48000001907	0.994364492099	1.0	1
1.0	989.557006836	1.0	0.0	255.880996704	1.0	0.0	0.0	10.0	0.0	0.0	0.0	0.0	0.0	0.0	0.0	0.0	2.0	0.0	0.0	0.0	0.0	0.0	0.432768960305	1.0	1
1.0	5359.45947266	6.0	5.0	2080.37304688	4.0	4.0	159.808399737	0.0	-0.0429136566818	-0.985951304436	0.16142629087	39.3423959116	9.75125231322	-29.2074012756	9.36172485352	35.5825500488	0.793643744395	2.0	6.03999996185	15.5599999428	2.0	11.6199998856	0.999775123549	1.0	1
1.0	1873.7611084	3.0	1.0	255.880996704	1.0	1.0	5.11999988556	4.40623420009	0.333327025175	0.703399062157	0.627792000771	0.0	13.1213890067	-43.3290481567	-17.6637992859	33.8928489685	0.188477658346	0.0	0.0	0.0	0.0	0.0	0.150185427758	1.0	1
1.0	3654.43212891	6.0	4.0	3171.97607422	5.0	4.0	123.460000038	0.0	-0.0429182834923	-0.985955238342	0.161401405931	1.79007706161	2.71129634734	-67.3908004761	1.42122042179	3.60577487946	0.863844236309	3.0	8.64000034332	38.8200006485	2.0	11.6199998856	0.997369007137	1.0	1
1.0	2396.34912109	2.0	1.0	577.224914551	3.0	1.0	9.89999961853	3.39452506922	0.743177771568	-0.153984874487	0.651133954525	0.0	25.8866537425	-61.6583480835	1.92088997364	36.9038505554	0.627187388005	0.0	0.0	0.0	0.0	0.0	-1.0	0.0	1
1.0	9893.39746094	16.0	4.0	2410.55859375	6.0	5.0	106.759998322	2.53211771845	0.339274525642	-0.940605640411	0.0123990671709	1.1425735207	14.8283455444	-64.8308486938	-0.398280024529	32.0658493042	0.35939105541	6.0	6.09999990463	38.3023992777	0.0	22.0599994659	0.999253269179	1.0	1
1.0	6287.78955078	17.0	4.0	1278.05615234	5.0	3.0	65.8999986649	2.53211771845	0.339274525642	-0.940605640411	0.0123990671709	31.8001880467	14.8283455444	-64.8308486938	-0.398280024529	32.0658493042	0.35939105541	0.0	0.0	0.0	0.0	0.0	0.940761059945	1.0	1
1.0	7771.61328125	13.0	4.0	3324.75634766	7.0	5.0	106.759998322	2.53211771845	0.339274525642	-0.940605640411	0.0123990671709	1.1425735207	14.8283455444	-64.8308486938	-0.398280024529	32.0658493042	0.35939105541	4.0	21.7399997711	36.2208003849	0.0	26.8199996948	0.997640359163	1.0	1
1.0	1912.35754395	5.0	1.0	363.832885742	3.0	1.0	9.89999961853	3.39452506922	0.743177771568	-0.153984874487	0.651133954525	0.0	25.8866537425	-61.6583480835	1.92088997364	36.9038505554	0.627187388005	0.0	0.0	0.0	0.0	0.0	0.337760516518	1.0	1
1.0	3989.13452148	8.0	4.0	1154.47033691	5.0	3.0	83.5799999237	2.53211771845	0.339274525642	-0.940605640411	0.0123990671709	35.3704355058	14.8283455444	-64.8308486938	-0.398280024529	32.0658493042	0.35939105541	0.0	0.0	0.0	0.0	0.0	0.997009320324	1.0	1
1.0	3921.42211914	7.0	3.0	1092.08325195	5.0	3.0	65.2799992561	3.32301073728	0.67603212595	0.121037371457	0.726863443851	14.7551747059	5.51133167599	-60.0143966675	-3.71872997284	36.3129501343	0.37353233509	0.0	0.0	0.0	0.0	0.0	0.864166595154	1.0	1
1.0	4294.97851562	8.0	2.0	750.926391602	3.0	3.0	35.1199994087	3.43909874931	0.56529635191	-0.458316355944	-0.685847043991	3.98391705523	3.59577378009	-48.2397003174	-25.9348506927	18.2530002594	0.254496736257	0.0	0.0	0.0	0.0	0.0	0.971242969786	1.0	1
1.0	2821.45605469	5.0	1.0	105.96900177	1.0	1.0	17.1599998474	0.0	-0.999826014042	0.0	-0.0186547394842	9.28959031688	2.45768215726	-56.4423980713	-19.5221996307	20.3143501282	0.675529755141	0.0	0.0	0.0	1.0	11.8800001144	0.483348216543	1.0	1
1.0	2880.47436523	7.0	1.0	925.631408691	4.0	3.0	28.3400006294	3.43909874931	0.56529635191	-0.458316355944	-0.685847043991	3.98391705523	3.59577378009	-48.2397003174	-25.9348506927	18.2530002594	0.254496736257	0.0	0.0	0.0	0.0	0.0	0.991586067206	1.0	1
1.0	1719.71105957	1.0	1.0	481.887023926	2.0	1.0	19.6800003052	0.0	-0.0265243332833	-0.970083475113	0.241318270564	0.0	12.3690911184	-55.0423965454	-3.02015995979	43.1493492126	0.762337590579	1.0	8.31999969482	9.19999980927	1.0	8.31999969482	-1.0	0.0	1
1.0	6656.77246094	8.0	3.0	2211.01904297	5.0	3.0	51.0	0.0	-0.0265243332833	-0.970082998276	0.241320103407	28.6408437018	30.785893319	-46.7632980347	20.3689994812	28.8419494629	0.45730318842	3.0	8.60000038147	14.4000000954	0.0	21.3600006104	0.981374093897	1.0	1
1.0	4684.31982422	11.0	3.0	1118.59423828	6.0	3.0	17.1599998474	3.59849964242	0.115088395774	0.844091951847	0.523701667786	2.45482607239	20.7487433472	-50.9166488647	-14.135055542	36.1212501526	0.444037254797	4.0	13.4399995804	28.2000002861	1.0	14.8400001526	0.927662131551	1.0	1
1.0	11094.4882812	9.0	4.0	2368.5390625	7.0	6.0	92.9200000763	0.0	-0.0265243332833	-0.970083475113	0.241318270564	0.0	28.6408431384	-55.0423965454	-3.02015995979	43.1493492126	0.762337590579	9.0	6.51999998093	85.9599990845	4.0	14.8400001526	0.999917731793	1.0	1
1.0	2090.39624023	2.0	1.0	111.202003479	1.0	1.0	31.3200006485	0.0	0.0265206452459	0.97008317709	-0.241319909692	36.6825985255	2.11658369505	-69.3101959229	10.6441993713	30.5820503235	0.434090065425	2.0	2.3599998951	20.6400008202	0.0	13.6000003815	0.0395304000447	1.0	1
1.0	1965.04003906	4.0	1.0	1527.11706543	5.0	1.0	17.7600002289	0.0	-0.0265206452459	-0.97008317709	0.241319909692	2.11658369505	17.1458627027	-69.3101959229	10.6441993713	30.5820503235	0.434090065425	1.0	13.6000003815	16.2000007629	0.0	13.6000003815	0.976749309613	1.0	1
1.0	2103.36816406	2.0	0.0	191.369003296	1.0	0.0	0.0	10.0	0.0	0.0	0.0	0.0	0.0	0.0	0.0	0.0	2.0	0.0	0.0	0.0	0.0	0.0	0.432768960305	1.0	1
1.0	7160.94091797	5.0	3.0	1444.64501953	5.0	4.0	94.9200007915	0.0	-0.0265233181417	-0.970085322857	0.241310879588	2.39767761586	14.500395091	-62.824798584	-10.3051795959	12.2552499771	0.91934585747	3.0	2.3599998951	23.9200005531	2.0	11.2399997711	0.996193205697	1.0	1
1.0	6260.13671875	6.0	4.0	1156.43212891	4.0	4.0	95.7599995136	0.0	0.0265276096761	0.970060110092	-0.241411879659	37.2867110155	11.6958827106	-65.1706008911	-7.91721534729	13.257900238	0.0375505511159	2.0	8.11999988556	16.9199995995	2.0	8.31999969482	0.996039928736	1.0	1
1.0	7165.59667969	5.0	2.0	864.140930176	4.0	4.0	33.5599997044	0.0	-0.0265233181417	-0.970085322857	0.241310879588	2.39767761586	2.36021625761	-62.824798584	-10.3051795959	12.2552499771	0.91934585747	0.0	0.0	0.0	1.0	11.2399997711	0.997074233014	1.0	1
1.0	2041.68395996	2.0	1.0	783.244995117	2.0	2.0	16.8000006676	0.0	0.9821190238	-0.129149213433	-0.13697694242	2.46585496849	7.53353267482	-50.0713500977	-2.43825483322	46.3797531128	0.470996271214	1.0	8.89999961853	9.10000038147	0.0	8.89999961853	-1.0	0.0	1
1.0	8431.91796875	14.0	6.0	3561.65209961	10.0	6.0	87.6000001431	0.0	-0.0849858522415	-0.953450262547	0.289326906204	39.9681075195	9.605972246	-43.4519004822	19.2617988586	40.4966506958	0.966960788643	20.0	8.39999961853	153.740410089	5.0	21.8400001526	0.995581063626	1.0	1
1.0	1247.45678711	6.0	1.0	735.57019043	4.0	1.0	18.5200004578	0.0	0.982104122639	-0.129156708717	-0.137076795101	2.04423391418	0.0	-54.7981491089	2.70529985428	44.2052993774	0.903222350795	0.0	0.0	0.0	1.0	11.1199998856	0.136256244963	1.0	1
1.0	8163.40917969	15.0	7.0	4073.63452148	12.0	8.0	106.100000143	0.0	-0.0849858522415	-0.953450262547	0.289326906204	39.9681075195	9.605972246	-43.4519004822	19.2617988586	40.4966506958	0.966960788643	20.0	8.39999961853	143.836810751	5.0	29.3600006104	0.999701361442	1.0	1
1.0	2921.1472168	6.0	0.0	470.963623047	3.0	0.0	0.0	10.0	0.0	0.0	0.0	0.0	0.0	0.0	0.0	0.0	2.0	0.0	0.0	0.0	0.0	0.0	0.432768960305	1.0	1
1.0	4571.95019531	7.0	2.0	1453.7019043	5.0	3.0	52.8999986649	2.03685047117	0.930957555771	-0.359892189503	-0.0616090595722	40.0053731484	2.67859187088	-39.9907531738	18.0482501984	44.8315010071	0.672519385494	0.0	0.0	0.0	0.0	0.0	0.996189851397	1.0	1
1.0	2102.89453125	6.0	2.0	857.739624023	3.0	2.0	33.1399993896	0.0	-0.982109963894	0.129217505455	0.13697758317	15.622854684	9.80031025101	-57.0559501648	-12.9093503952	26.0992507935	0.913368395195	1.0	8.39999961853	8.11999988556	0.0	8.39999961853	0.564792917575	1.0	1
1.0	4598.59228516	7.0	3.0	1686.64746094	7.0	4.0	89.9199988842	0.0	-0.982109963894	0.129217505455	0.13697758317	15.622854684	9.80031025101	-57.0559501648	-12.9093503952	26.0992507935	0.913368395195	2.0	8.39999961853	17.220000267	0.0	8.89999961853	0.986972985971	1.0	1
1.0	1335.66943359	2.0	0.0	99.6396026611	1.0	0.0	0.0	10.0	0.0	0.0	0.0	0.0	0.0	0.0	0.0	0.0	2.0	0.0	0.0	0.0	0.0	0.0	0.432768960305	1.0	1
1.0	4387.04492188	6.0	2.0	1708.39050293	6.0	4.0	44.4800002575	0.0	0.9821190238	-0.129149213433	-0.13697694242	2.46585496849	25.9877657552	-50.0713500977	-2.43825483322	46.3797531128	0.470996271214	1.0	8.89999961853	9.10000038147	0.0	8.89999961853	0.998810479072	1.0	1
1.0	2095.01538086	2.0	1.0	571.881225586	1.0	1.0	18.6200008392	3.29358469134	0.741482198238	0.438118338585	0.508189439774	9.60318308007	0.911071725699	-55.3453979492	7.66120529175	43.8801498413	0.849304594767	0.0	0.0	0.0	0.0	0.0	-1.0	0.0	1
1.0	7721.63867188	16.0	4.0	2439.19091797	6.0	4.0	75.5399987698	0.0	0.998190522194	-0.028719285503	0.0528283789754	21.207087567	12.0035932343	-37.3538970947	11.2271499634	44.4306488037	0.820060452938	7.0	1.36000001431	47.3399996758	0.0	13.0	0.99895831604	1.0	1
1.0	5494.55322266	19.0	7.0	4786.11914062	5.0	4.0	121.067599773	0.0	-0.998190522194	0.028719285503	-0.0528283789754	12.0035932343	11.3944704462	-37.3538970947	11.2271499634	44.4306488037	0.125542337996	4.0	8.02000045776	46.9399995804	2.0	29.6800003052	0.98387172921	1.0	1
1.0	7451.93457031	19.0	5.0	2503.1027832	5.0	3.0	67.9199988842	0.0	0.0412683933973	0.99455344677	-0.0957095101476	24.3655004776	40.2906269094	-60.2229995728	3.61304521561	37.0625	0.584060645272	10.0	2.27999997139	65.0944008976	7.0	10.4399995804	0.999885297261	1.0	1
1.0	638.514892578	4.0	1.0	143.791000366	1.0	1.0	13.6000003815	3.86790641499	-0.102447636425	-0.435671657324	-0.894256532192	1.96276142661	2.240975592	-47.497051239	-14.7777996063	35.3263015747	0.818699343378	0.0	0.0	0.0	0.0	0.0	0.607250060105	1.0	1
1.0	3910.62792969	9.0	3.0	353.680999756	2.0	2.0	20.9799995422	0.0	0.0412721149623	0.994553029537	-0.0957126244903	1.36269013561	12.5242739842	-41.5800018311	-8.37965011597	43.3591995239	0.478220797176	1.0	14.1000003815	13.6599998474	1.0	14.1000003815	0.973179030978	1.0	1
1.0	2412.41601562	5.0	2.0	553.186889648	3.0	3.0	66.9400005341	0.0	0.0412683933973	0.99455344677	-0.0957095101476	17.4882353531	14.7532787633	-60.2229995728	3.61304521561	37.0625	0.584060645272	1.0	6.17999982834	5.48000001907	0.0	6.17999982834	0.774892428091	1.0	1
1.0	4691.85009766	10.0	5.0	957.909729004	4.0	4.0	158.460000277	0.0	-0.0412721149623	-0.994553029537	0.0957126244903	7.65829598219	12.3643834588	-41.5800018311	-8.37965011597	43.3591995239	0.166575575378	3.0	6.17999982834	26.5200009346	1.0	10.5200004578	0.99936570918	1.0	1
1.0	2515.2175293	3.0	1.0	571.881225586	1.0	1.0	18.6200008392	3.29358469134	0.741482198238	0.438118338585	0.508189439774	9.60318308007	0.911071725699	-55.3453979492	7.66120529175	43.8801498413	0.849304594767	0.0	0.0	0.0	0.0	0.0	0.0265806370941	1.0	1
1.0	3948.13842773	7.0	2.0	1491.80322266	5.0	4.0	78.9200000763	2.49934989106	0.791115999222	-0.603599369526	0.0990115553141	1.71918828687	28.1966793763	-59.0146484375	-4.13264513016	37.8850517273	0.571675484008	0.0	0.0	0.0	0.0	0.0	0.973179037539	1.0	1
1.0	812.304016113	2.0	0.0	788.295410156	2.0	0.0	0.0	10.0	0.0	0.0	0.0	0.0	0.0	0.0	0.0	0.0	2.0	0.0	0.0	0.0	0.0	0.0	0.432768960305	0.0	1
1.0	11951.5058594	12.0	6.0	2729.74731445	7.0	6.0	135.300000906	0.0	-0.0289058424532	0.963136017323	-0.267457395792	24.5508023956	26.5686161184	-37.0791473389	10.8923997879	40.2787475586	0.90836053806	15.0	2.38000011444	122.719601393	4.0	13.4200000763	0.999996286865	1.0	1
1.0	10694.1464844	12.0	7.0	2729.06420898	7.0	6.0	132.039999723	0.0	0.999503612518	0.0310949087143	0.0050615798682	29.4812514399	13.988648308	-30.6266002655	10.506149292	36.0932998657	0.321311672191	11.0	4.84000015259	76.9332012981	4.0	16.0599994659	0.999969952427	1.0	1
1.0	10906.3457031	11.0	6.0	1462.57495117	5.0	4.0	118.799998999	0.0	0.999503612518	0.0310949087143	0.0050615798682	33.2803611176	12.9387942853	-30.6266002655	10.506149292	36.0932998657	0.321311672191	9.0	5.65999984741	64.9132003784	3.0	16.0599994659	0.99997962497	1.0	1
1.0	4923.76025391	5.0	2.0	717.118164062	4.0	3.0	65.0200004578	0.0	-0.999506771564	-0.0309935808182	-0.00506352772936	20.6963875557	23.6001115704	-54.4673995972	-15.633600235	28.4164009094	0.0710558911708	1.0	10.9399995804	9.96000003815	0.0	10.9399995804	0.910604944543	1.0	1
1.0	6007.21630859	6.0	3.0	774.888793945	5.0	3.0	82.1000008583	0.0	-0.999506771564	-0.0309935808182	-0.00506352772936	20.6963875557	1.40711426142	-54.4673995972	-15.633600235	28.4164009094	0.0710558911708	3.0	7.40000009537	23.6000003815	1.0	9.19999980927	0.979269727386	1.0	1
1.0	4260.68505859	2.0	1.0	487.527832031	4.0	2.0	27.779999733	0.0	-0.999506771564	-0.0309935808182	-0.00506352772936	1.99297132937	10.8069587513	-54.4673995972	-15.633600235	28.4164009094	0.0710558911708	1.0	10.9399995804	9.96000003815	0.0	10.9399995804	0.288629481066	1.0	1
1.0	7120.25976562	8.0	3.0	622.955688477	5.0	2.0	76.5600011349	0.0	-0.686942756176	-0.702633023262	0.185516908765	4.92963977033	11.4951974756	-53.9149475098	-3.64431500435	41.160697937	0.406087710104	2.0	7.40000009537	13.6400003433	1.0	9.19999980927	0.999528380347	1.0	1
1.0	1799.5949707	4.0	0.0	567.157409668	2.0	0.0	0.0	10.0	0.0	0.0	0.0	0.0	0.0	0.0	0.0	0.0	2.0	0.0	0.0	0.0	0.0	0.0	0.432768960305	1.0	1
1.0	6474.53125	6.0	3.0	395.742614746	4.0	1.0	51.6200008392	0.0	-0.686942756176	-0.702633023262	0.185516908765	4.92963977033	11.4951974756	-53.9149475098	-3.64431500435	41.160697937	0.406087710104	1.0	7.40000009537	5.42000007629	0.0	7.40000009537	0.982105505274	1.0	1
1.0	1357.74597168	1.0	1.0	540.275817871	1.0	1.0	22.2800002098	2.94212674946	0.766722261906	0.514611959457	0.383811742067	2.06767445568	0.0	-54.820602417	3.14012265205	42.6846466064	0.824660686412	0.0	0.0	0.0	0.0	0.0	-1.0	0.0	1
1.0	7804.61865234	10.0	4.0	2202.54394531	6.0	5.0	56.1399993896	0.0	-0.0130398273468	0.976930439472	-0.213159248233	9.67907932192	8.96218115832	-46.0530509949	1.01189208031	43.2868003845	0.0552479177524	17.0	8.27999973297	113.279999971	13.0	29.5400009155	0.999278565302	1.0	1
1.0	1637.2623291	3.0	3.0	260.759521484	2.0	2.0	56.1200003624	0.0	0.997134029865	0.0	-0.0756553187966	0.917328591173	9.57870185203	-41.1613464355	-17.7698993683	40.6305007935	0.777012001733	4.0	7.23999977112	31.3600006104	0.0	10.8999996185	0.223089609306	1.0	1
1.0	8663.84765625	9.0	4.0	2286.63183594	5.0	5.0	78.1800005436	2.80338905477	0.657871186733	0.240629091859	-0.713654756546	44.8262699122	3.2417901844	-33.2751998901	14.1174497604	41.8460006714	0.634612976484	6.0	16.4799995422	40.5599989891	4.0	29.5400009155	0.991894427023	1.0	1
1.0	5564.84619141	4.0	3.0	1723.99169922	3.0	3.0	139.080000341	2.18163472365	-0.029309656471	-0.877898991108	-0.477948009968	29.0930297308	28.7743528014	-62.243850708	-2.28090453148	34.0314025879	0.754934617155	0.0	0.0	0.0	0.0	0.0	0.92741315818	1.0	1
1.0	5012.03222656	5.0	2.0	97.5924987793	1.0	1.0	20.0000009537	0.0	0.997134029865	0.0	-0.0756553187966	14.5461492154	1.85591275854	-41.1613464355	-17.7698993683	40.6305007935	0.777012001733	1.0	10.8999996185	11.0600004196	0.0	10.8999996185	0.966648349218	1.0	1
1.0	3544.97021484	2.0	2.0	1026.27416992	2.0	2.0	26.2400006652	2.8929033528	-0.642058193684	0.71591848135	0.274266302586	2.9949046735	0.0	-36.580947876	-1.33250498772	47.8846511841	0.264684316742	0.0	0.0	0.0	0.0	0.0	0.353674072144	1.0	1
1.0	5871.81835938	6.0	5.0	988.447143555	3.0	3.0	92.220000267	0.0	-0.711412012577	0.695829749107	-0.0985590592027	42.1139912353	8.62974583453	-41.2037963867	14.609749794	39.9382019043	0.677398847054	1.0	9.02000045776	7.46000003815	0.0	9.02000045776	0.989072992265	1.0	1
1.0	1733.74291992	2.0	2.0	540.275817871	1.0	1.0	49.2200007439	2.94212674946	0.766722261906	0.514611959457	0.383811742067	31.4280351504	0.0	-54.820602417	3.14012265205	42.6846466064	0.824660686412	0.0	0.0	0.0	0.0	0.0	0.134589879111	1.0	1
1.0	5603.20507812	4.0	4.0	1419.83227539	5.0	5.0	173.880002022	0.0	0.997134029865	0.0	-0.0756553187966	0.917328591173	29.8660666457	-41.1613464355	-17.7698993683	40.6305007935	0.777012001733	3.0	8.27999973297	25.5000004768	0.0	10.8999996185	0.982851400828	1.0	1
1.0	1595.16870117	2.0	0.0	163.343002319	1.0	0.0	0.0	10.0	0.0	0.0	0.0	0.0	0.0	0.0	0.0	0.0	2.0	0.0	0.0	0.0	0.0	0.0	0.432768960305	0.0	1
1.0	8013.34472656	12.0	6.0	2349.43432617	4.0	3.0	86.7199990749	0.0	0.00915050692856	-0.994012951851	0.108878672123	32.8087829956	35.6784877187	-46.888999939	10.6035995483	38.0897979736	0.285965748477	11.0	7.57999992371	85.0991995335	5.0	17.5400009155	0.999972090854	1.0	1
1.0	8250.86132812	11.0	5.0	2418.13720703	6.0	5.0	117.779999495	0.0	0.994902431965	0.0	-0.100842297077	12.3306445034	26.7198860936	-44.7846984863	-9.47414016724	43.231048584	0.937212451071	12.0	4.36000013351	95.9591999054	5.0	17.5400009155	0.999972960066	1.0	1
1.0	7497.88085938	11.0	4.0	1455.17077637	5.0	4.0	78.4800002575	0.0	0.00915050692856	-0.994012951851	0.108878672123	32.8087829956	6.59247010385	-46.888999939	10.6035995483	38.0897979736	0.285965748477	6.0	6.44000005722	52.0800002813	3.0	17.5400009155	0.999034894629	1.0	1
1.0	2481.79467773	3.0	1.0	1142.47644043	2.0	1.0	14.5399997234	3.8408071526	-0.788578569889	-0.466947823763	-0.400129467249	12.2787741353	18.0462132882	-56.7165527344	5.97510480881	40.3815002441	0.0230925253381	0.0	0.0	0.0	0.0	0.0	0.982414618201	1.0	1
1.0	3022.90869141	4.0	0.0	517.351013184	2.0	0.0	0.0	10.0	0.0	0.0	0.0	0.0	0.0	0.0	0.0	0.0	2.0	0.0	0.0	0.0	0.0	0.0	0.432768960305	1.0	1
1.0	4055.81054688	5.0	2.0	1421.54833984	4.0	2.0	51.5200002193	0.0	0.994902431965	0.0	-0.100842297077	1.89280792058	1.52549413903	-61.9424972534	-1.63944995403	37.8309516907	0.829913569889	2.0	7.57999992371	17.8199996948	1.0	16.5200004578	0.986462845833	1.0	1
1.0	4048.21166992	5.0	1.0	517.351013184	2.0	1.0	30.0200004578	0.0	0.994902431965	0.0	-0.100842297077	12.3306445034	16.814728123	-44.7846984863	-9.47414016724	43.231048584	0.937212451071	1.0	6.44000005722	6.13999986649	1.0	6.44000005722	0.95610349298	1.0	1
1.0	4734.51806641	5.0	2.0	636.440368652	4.0	3.0	102.199999571	0.0	0.00915050692856	-0.994012951851	0.108878672123	32.8087829956	6.59247010385	-46.888999939	10.6035995483	38.0897979736	0.285965748477	3.0	6.44000005722	22.8200001717	1.0	6.44000005722	0.984160912591	1.0	1
1.0	680.885131836	2.0	1.0	595.752990723	1.0	1.0	15.5600004196	0.0	0.0472533926368	-0.972082316875	0.229832753539	2.12153055649	0.992476628665	-51.6459503174	0.88338547945	37.4188499451	0.89041184302	1.0	8.30000019073	7.61999988556	1.0	8.30000019073	-1.0	0.0	1
1.0	12248.5146484	9.0	5.0	3343.04638672	4.0	4.0	93.8199996948	0.0	0.0472569465637	-0.972107470036	0.229725643992	39.205184148	0.992482746733	-34.6844482422	20.2365989685	28.9103012085	0.985359406063	18.0	3.16000008583	129.622800052	3.0	11.2399997711	0.999999856937	1.0	1
1.0	10640.8330078	12.0	5.0	2020.45349121	7.0	5.0	71.6600003242	0.0	0.0472569465637	-0.972107470036	0.229725643992	39.205184148	13.7973411843	-34.6844482422	20.2365989685	28.9103012085	0.985359406063	13.0	3.16000008583	106.178799808	3.0	11.2399997711	0.999669024764	1.0	1
1.0	11120.5605469	11.0	4.0	3151.28149414	3.0	3.0	64.4200000763	0.0	0.0472533926368	-0.972082316875	0.229832753539	18.8519524046	26.9514360243	-51.6459503174	0.88338547945	37.4188499451	0.89041184302	9.0	4.92000007629	70.1532001495	1.0	8.30000019073	0.999990947115	1.0	1
1.0	412.831115723	3.0	3.0	863.807006836	2.0	2.0	58.5999994278	0.0	0.0472533926368	-0.972082316875	0.229832753539	2.12153055649	23.6987101826	-51.6459503174	0.88338547945	37.4188499451	0.89041184302	3.0	7.42000007629	23.3199996948	1.0	8.30000019073	0.446149914189	1.0	1
1.0	297.476013184	1.0	0.0	646.318969727	1.0	0.0	0.0	10.0	0.0	0.0	0.0	0.0	0.0	0.0	0.0	0.0	2.0	0.0	0.0	0.0	0.0	0.0	0.432768960305	1.0	1
1.0	4864.80761719	5.0	3.0	1225.82299805	3.0	2.0	59.8200001717	0.0	0.0472533926368	-0.972082316875	0.229832753539	18.8519524046	20.55812402	-51.6459503174	0.88338547945	37.4188499451	0.89041184302	1.0	8.30000019073	7.61999988556	1.0	8.30000019073	0.968178117738	1.0	1
1.0	660.825500488	3.0	1.0	595.752990723	1.0	1.0	4.28000020981	3.11657020365	-0.641250669956	-0.702922284603	-0.307730138302	0.0	2.12153055649	-46.4371490479	4.85099983215	38.7000007629	0.754197168862	0.0	0.0	0.0	0.0	0.0	0.637589475145	1.0	1
1.0	1329.99206543	1.0	1.0	641.479675293	2.0	1.0	15.4999995232	0.0	0.993542850018	0.113424025476	0.00275461771525	1.66414137904	3.58543533893	-57.272102356	-0.349662482738	35.3019485474	0.473768703946	2.0	1.65999996662	7.98000001907	1.0	6.92000007629	-1.0	0.0	1
1.0	11734.7246094	10.0	4.0	2285.84106445	5.0	5.0	167.82000041	0.0	0.993543088436	0.113422170281	0.00275461841375	2.56385795201	22.6470232114	-46.3005981445	-17.0759506226	35.0981521606	0.533781944634	7.0	4.53999996185	55.2999998331	5.0	13.9600000381	0.999884124108	1.0	1
1.0	2678.07666016	2.0	1.0	1059.07897949	2.0	1.0	22.4399995804	0.0	0.10601682961	-0.937810480595	0.330563008785	6.49545383746	10.3024693069	-55.3701515198	-2.11144018173	34.6982498169	0.368146791513	2.0	6.92000007629	16.759999752	2.0	7.17999982834	0.557655633486	1.0	1
1.0	9124.89355469	7.0	3.0	2960.59423828	4.0	3.0	66.7399992943	0.0	0.10601682961	-0.937810480595	0.330563008785	6.49545383746	27.1953308974	-55.3701515198	-2.11144018173	34.6982498169	0.368146791513	5.0	6.92000007629	36.4600001574	3.0	7.19999980927	0.998868507527	1.0	1
1.0	1467.50012207	1.0	1.0	641.479675293	2.0	1.0	15.4999995232	0.0	0.993542850018	0.113424025476	0.00275461771525	1.66414137904	3.58543533893	-57.272102356	-0.349662482738	35.3019485474	0.473768703946	2.0	1.65999996662	7.98000001907	1.0	6.92000007629	0.242995374042	1.0	1
1.0	7542.05078125	4.0	3.0	1989.58886719	4.0	3.0	135.640001535	0.0	0.106017440557	-0.937815666199	0.330548077822	41.2363413423	25.7616085348	-71.6917495728	2.44343996048	9.07639980316	0.288291408132	1.0	10.8800001144	10.8199996948	1.0	10.3999996185	0.99791782643	1.0	1
1.0	2250.60791016	2.0	2.0	1112.79296875	3.0	3.0	62.1399993896	0.0	0.993545472622	0.113401338458	0.00275439000688	27.5714130224	25.3566254478	-58.390750885	-0.477356016636	35.2988510132	0.638444519255	1.0	6.92000007629	7.98000001907	1.0	6.92000007629	0.586516829988	1.0	1
1.0	6682.86425781	4.0	2.0	1537.89257812	4.0	2.0	68.5800011158	0.0	-0.10601682961	0.937810480595	-0.330563008785	10.3024693069	24.5838158453	-55.3701515198	-2.11144018173	34.6982498169	0.368146791513	2.0	1.65999996662	8.77999973297	1.0	7.17999982834	0.990368482583	1.0	1
1.0	1393.04675293	1.0	1.0	578.424987793	2.0	2.0	31.1999998093	0.0	0.993545472622	0.113401338458	0.00275439000688	7.69277137215	3.4042258073	-58.390750885	-0.477356016636	35.2988510132	0.638444519255	2.0	6.92000007629	16.759999752	2.0	7.17999982834	0.242995134559	1.0	1
1.0	6686.28710938	6.0	5.0	1625.31884766	3.0	3.0	122.000001907	0.0	0.106017440557	-0.937815666199	0.330548077822	43.1733011652	25.7616085348	-71.6917495728	2.44343996048	9.07639980316	0.288291408132	2.0	7.19999980927	11.9399996996	1.0	7.19999980927	0.980589127165	1.0	1
1.0	2194.87207031	1.0	1.0	1162.13903809	2.0	1.0	23.2000002861	0.0	0.992686033249	-0.0704738050699	-0.0980199575424	2.7868924937	5.46877913193	-58.0437469482	-2.28223514557	38.2317504883	0.807974290169	1.0	3.90000009537	3.55999994278	1.0	3.90000009537	-1.0	0.0	1
1.0	13632.5175781	12.0	5.0	5209.4453125	2.0	2.0	161.440000534	0.0	0.992694854736	-0.0704827234149	-0.0979240387678	2.58891942314	33.5502621066	-51.7409515381	-21.6067008972	30.1340999603	0.682456533858	8.0	1.48000001907	60.8999996185	3.0	10.5200004578	0.999946799808	1.0	1
1.0	4673.82666016	4.0	3.0	1354.11108398	3.0	3.0	47.7800011635	0.0	0.992694854736	-0.0704827234149	-0.0979240387678	2.58891942314	18.0563288778	-51.7409515381	-21.6067008972	30.1340999603	0.682456533858	3.0	3.90000009537	15.8199996948	2.0	5.59999990463	0.324850479193	1.0	1
1.0	6819.70605469	10.0	2.0	634.887878418	5.0	2.0	9.23999977112	1.71805995614	0.674736320972	-0.736775815487	0.0435010455549	0.0	8.66607887468	-70.0084991455	8.49075984955	22.8368988037	0.635991135491	1.0	5.98000001907	2.11999988556	0.0	5.98000001907	0.98876101699	1.0	1
1.0	3003.54296875	3.0	2.0	3135.66796875	4.0	3.0	66.9999985695	0.0	0.0587508901954	0.984726727009	-0.163895100355	33.4001198423	18.4554607905	-64.992401123	11.5868997574	27.7857513428	0.491589198051	1.0	9.19999980927	8.92000007629	1.0	9.19999980927	0.912536235383	1.0	1
1.0	4736.09375	5.0	2.0	3191.25195312	3.0	2.0	47.2199993134	0.0	-0.0588486939669	-0.984720289707	0.163898810744	50.5134938985	3.26777197447	-72.1325531006	10.3787155151	10.7770500183	0.686317796192	1.0	12.5	11.6999998093	1.0	10.5200004578	0.998796817621	1.0	1
1.0	2601.45507812	3.0	2.0	1162.13903809	2.0	1.0	61.2999987602	0.0	0.992686033249	-0.0704738050699	-0.0980199575424	18.6449385141	5.46877913193	-58.0437469482	-2.28223514557	38.2317504883	0.807974290169	1.0	3.90000009537	3.55999994278	1.0	3.90000009537	0.130645500781	1.0	1
1.0	6633.88427734	6.0	2.0	3866.39990234	2.0	1.0	33.240000248	0.0	-0.0588486939669	-0.984720289707	0.163898810744	42.3600727789	3.26777197447	-72.1325531006	10.3787155151	10.7770500183	0.91561573969	2.0	12.5	40.1599988937	0.0	28.4200000763	0.992536998936	1.0	1
1.0	2382.34912109	5.0	3.0	2037.12805176	3.0	2.0	88.3199973106	0.0	0.0587508901954	0.984726727009	-0.163895100355	34.3579147336	10.9374392556	-64.992401123	11.5868997574	27.7857513428	0.491589198051	1.0	9.19999980927	8.92000007629	2.0	10.5200004578	0.756649485913	1.0	1
1.0	6069.89013672	5.0	2.0	1634.25292969	3.0	2.0	55.5400004387	0.0	0.0588479749858	0.984736979008	-0.163798481226	42.3600727789	1.48336668979	-72.072052002	11.3910999298	10.6085996628	0.647455423709	3.0	5.59999990463	26.9599995613	1.0	5.59999990463	0.978554570678	1.0	1
1.0	1971.03198242	1.0	1.0	333.381011963	1.0	1.0	25.9599990845	0.0	0.997895598412	-0.0560104064643	-0.0326685979962	2.45854066331	3.08895088998	-49.7061004639	-6.99568986893	39.032699585	0.795854067688	1.0	7.21999979019	5.73999977112	0.0	7.21999979019	-1.0	0.0	2
1.0	4177.98095703	4.0	2.0	1486.60009766	4.0	3.0	97.6999988556	0.0	0.997895598412	-0.0560104064643	-0.0326685979962	2.45854066331	20.4784661178	-49.7061004639	-6.99568986893	39.032699585	0.795854067688	1.0	7.21999979019	5.73999977112	0.0	7.21999979019	0.979591782333	1.0	2
1.0	1763.75	1.0	1.0	207.281997681	1.0	1.0	23.0	0.0	0.997892677784	-0.0560045614839	-0.0327664390206	2.00635699352	0.979565148768	-59.4609489441	-2.69798994064	32.8073501587	0.527678519541	0.0	0.0	0.0	1.0	10.4600000381	0.0511917080188	1.0	2
1.0	7796.9921875	4.0	2.0	757.639038086	2.0	2.0	78.4799985886	0.0	0.997895598412	-0.0560104064643	-0.0326685979962	26.7753206789	21.5642559713	-49.7061004639	-6.99568986893	39.032699585	0.795854067688	1.0	7.21999979019	5.73999977112	0.0	7.21999979019	0.983582200861	1.0	2
1.0	2687.36206055	2.0	1.0	333.381011963	1.0	1.0	25.9599990845	0.0	0.997895598412	-0.0560104064643	-0.0326685979962	2.45854066331	3.08895088998	-49.7061004639	-6.99568986893	39.032699585	0.795854067688	1.0	7.21999979019	5.73999977112	0.0	7.21999979019	0.301419297157	1.0	2
1.0	7574.22558594	4.0	3.0	1781.91625977	5.0	4.0	82.4199995995	0.0	0.0584671758115	0.987321197987	-0.147575318813	3.55530114679	0.0	-64.3676986694	-15.6361999512	13.9332504272	0.652598260435	1.0	8.65999984741	9.0	2.0	13.0200004578	0.992680997547	1.0	2
1.0	4652.35253906	2.0	2.0	1431.24609375	3.0	3.0	76.6799998283	0.0	0.0584671758115	0.987321197987	-0.147575318813	44.8317419924	0.0	-64.3676986694	-15.6361999512	13.9332504272	0.652598260435	0.0	0.0	0.0	1.0	13.0200004578	0.560210541747	1.0	2
1.0	7501.67675781	4.0	2.0	540.663024902	1.0	1.0	29.9800000191	0.0	0.997892677784	-0.0560045614839	-0.0327664390206	20.8016265096	0.979565148768	-59.4609489441	-2.69798994064	32.8073501587	0.527678519541	0.0	0.0	0.0	1.0	10.4600000381	0.964161023342	1.0	2
1.0	4017.39794922	4.0	2.0	1223.96411133	3.0	3.0	54.6199989319	0.0	0.997895598412	-0.0560104064643	-0.0326685979962	2.45854066331	20.4784661178	-49.7061004639	-6.99568986893	39.032699585	0.795854067688	1.0	7.21999979019	5.73999977112	0.0	7.21999979019	0.905239341232	1.0	2
1.0	7417.796875	5.0	3.0	1519.28027344	4.0	4.0	82.4199995995	0.0	0.0584671758115	0.987321197987	-0.147575318813	3.55530114679	0.0	-64.3676986694	-15.6361999512	13.9332504272	0.652598260435	1.0	8.65999984741	9.0	2.0	13.0200004578	0.980601202367	1.0	2
1.0	2578.046875	2.0	1.0	650.265991211	2.0	2.0	44.720000267	3.26282085142	0.357382029295	0.588642120361	0.725105881691	10.3515356406	3.78994813177	-56.6094512939	-7.92584991455	37.1772499084	0.608730129193	0.0	0.0	0.0	0.0	0.0	-1.0	0.0	2
1.0	7209.40429688	9.0	6.0	2262.41699219	6.0	6.0	103.779999733	0.0	0.791680634022	0.60919457674	0.0460836030543	2.10332057866	13.4034026649	-46.7439498901	-25.2594985962	25.2904510498	0.43763403936	8.0	7.07999992371	76.8999996185	1.0	7.07999992371	0.98980036735	1.0	2
1.0	2954.20581055	7.0	3.0	987.45324707	3.0	2.0	50.89160043	0.0	0.995596826077	-0.0935771986842	0.00550629897043	40.0850670908	2.86544998028	-64.6891021729	5.5326499939	32.4346008301	0.373917140284	2.0	9.88000011444	18.5600004196	0.0	16.2399997711	0.919937891467	1.0	2
1.0	5897.12597656	11.0	7.0	1917.31286621	5.0	5.0	115.359999657	0.0	0.105044305325	0.992555558681	0.0616373158991	42.9258981375	2.30899198537	-46.0006484985	17.1271495819	35.175201416	0.984599910911	8.0	7.07999992371	76.9399995804	2.0	9.06000041962	0.998178787731	1.0	2
1.0	1786.13183594	3.0	3.0	1442.1809082	2.0	2.0	67.1399998665	0.0	-0.995596826077	0.0935771986842	-0.00550629897043	39.3825264739	7.14166618422	-64.6891021729	5.5326499939	32.4346008301	0.234429074479	3.0	9.88000011444	34.7599992752	0.0	16.2999992371	0.131076796887	1.0	2
1.0	3243.87768555	7.0	5.0	1604.99597168	4.0	4.0	72.3800001144	0.0	-0.995596826077	0.0935771986842	-0.00550629897043	39.3825264739	2.67419297259	-64.6891021729	5.5326499939	32.4346008301	0.517076819066	4.0	7.07999992371	37.9399995804	2.0	9.06000041962	0.988062561447	1.0	2
1.0	5810.97070312	8.0	3.0	2224.44824219	4.0	3.0	78.0400009155	0.0	0.995595097542	-0.0935956016183	0.00550628919154	31.5913350989	10.3564327649	-30.6893997192	6.97021961212	40.2005004883	0.432546780986	1.0	9.06000041962	10.6400003433	1.0	9.06000041962	0.978216351652	1.0	2
1.0	6763.45068359	8.0	6.0	2062.22827148	4.0	4.0	223.899997234	0.0	-0.995596826077	0.0935771986842	-0.00550629897043	39.3825264739	7.14166618422	-64.6891021729	5.5326499939	32.4346008301	0.234429074479	6.0	9.03999996185	65.1999998093	1.0	9.06000041962	0.997922404819	1.0	2
1.0	6822.45263672	9.0	4.0	1432.84729004	4.0	3.0	89.3600006104	0.0	0.791680634022	0.60919457674	0.0460836030543	2.10332057866	13.2841414186	-46.7439498901	-25.2594985962	25.2904510498	0.43763403936	2.0	9.06000041962	21.2400007248	1.0	9.06000041962	0.984690545441	1.0	2
1.0	4441.68603516	8.0	2.0	1806.14587402	5.0	4.0	53.4316003919	0.0	-0.995596826077	0.0935771986842	-0.00550629897043	40.366360737	7.14166618422	-64.6891021729	5.5326499939	32.4346008301	0.373917140284	2.0	9.88000011444	18.5600004196	0.0	16.2399997711	0.980881232119	1.0	2
1.0	2397.57202148	2.0	1.0	986.381958008	2.0	2.0	36.9399995804	0.0	0.999346792698	-0.0346259623766	-0.0103437257931	2.2422629163	13.4537865612	-49.3385009766	4.23693990707	41.7154998779	0.766370133261	1.0	8.73999977112	6.67999982834	0.0	8.73999977112	-1.0	0.0	2
1.0	5040.88964844	7.0	5.0	1374.77001953	4.0	4.0	115.200000763	0.0	-0.0334234014153	-0.984704494476	0.170996949077	34.2456420027	19.1473305838	-65.9140472412	1.76500499249	20.6865997314	0.901088477035	3.0	6.57999992371	19.0	2.0	6.65999984741	0.999985563159	1.0	2
1.0	2814.09594727	4.0	1.0	1042.25292969	3.0	3.0	51.9799995422	0.0	0.999346792698	-0.0346259623766	-0.0103437257931	2.2422629163	18.8507827738	-49.3385009766	4.23693990707	41.7154998779	0.766370133261	1.0	8.73999977112	6.67999982834	0.0	8.73999977112	0.714581650455	1.0	2
1.0	4416.7578125	7.0	4.0	2005.40686035	5.0	4.0	106.380000353	0.0	0.999347388744	-0.0346350260079	-0.0102577246726	40.8149996112	13.4713188632	-42.7926483154	-0.643242001534	40.6429519653	0.104713665529	4.0	6.57999992371	28.2000002861	3.0	10.4200000763	0.996662609638	1.0	2
1.0	3520.04345703	7.0	3.0	2098.09204102	4.0	4.0	113.220000267	0.0	0.999347388744	-0.0346350260079	-0.0102577246726	40.8149996112	13.4713188632	-42.7926483154	-0.643242001534	40.6429519653	0.742554172663	4.0	6.26000022888	25.5199999809	3.0	10.4200000763	0.966972614025	1.0	2
1.0	3900.82861328	5.0	2.0	1560.39599609	2.0	2.0	51.6800013781	2.42940114778	0.358676433563	-0.348968356848	-0.865778446198	2.86569733509	20.732538821	-44.3032493591	-22.7819004059	25.4888000488	0.319339327188	0.0	0.0	0.0	0.0	0.0	0.993299157613	1.0	2
1.0	2820.38305664	4.0	2.0	2075.33300781	5.0	3.0	54.0399992466	0.0	0.999346792698	-0.0346259623766	-0.0103437257931	2.2422629163	18.8507827738	-49.3385009766	4.23693990707	41.7154998779	0.766370133261	1.0	8.73999977112	6.67999982834	0.0	8.73999977112	0.643807165718	1.0	2
1.0	5480.02050781	6.0	4.0	2381.01000977	4.0	4.0	159.700000882	0.0	-0.999347388744	0.0346350260079	0.0102577246726	23.5403864445	20.2907814497	-42.7926483154	-0.643242001534	40.6429519653	0.104713665529	3.0	6.57999992371	19.5199999809	2.0	8.35999965668	0.999965988215	1.0	2
1.0	2573.15795898	3.0	1.0	986.381958008	2.0	2.0	36.9399995804	0.0	0.999346792698	-0.0346259623766	-0.0103437257931	2.2422629163	13.4537865612	-49.3385009766	4.23693990707	41.7154998779	0.766370133261	1.0	8.73999977112	6.67999982834	0.0	8.73999977112	0.026361090704	1.0	2
1.0	4418.06835938	5.0	1.0	2248.26904297	4.0	3.0	53.6200019121	2.42940114778	0.358676433563	-0.348968356848	-0.865778446198	2.86569733509	28.5989436623	-44.3032493591	-22.7819004059	25.4888000488	0.319339327188	0.0	0.0	0.0	0.0	0.0	0.993558177236	1.0	2
1.0	1898.93432617	1.0	1.0	973.624816895	2.0	2.0	47.7399997711	2.17501954695	0.966365277767	-0.0576064884663	-0.250638365746	0.0	14.1065229891	-46.7262992859	-8.95215988159	42.6006507874	0.0766483907343	0.0	0.0	0.0	0.0	0.0	-1.0	0.0	2
1.0	7523.96289062	3.0	3.0	1807.25744629	6.0	6.0	245.559998751	0.0	0.0461887679994	0.993749320507	-0.101631224155	41.8603570829	2.46604339678	-71.3013000488	4.73566007614	6.04225492477	0.112739593915	4.0	5.11999988556	34.4599995613	0.0	10.3000001907	0.999242695609	1.0	2
1.0	6042.13330078	7.0	4.0	1315.1817627	5.0	4.0	136.699999809	0.0	0.0461887679994	0.993749320507	-0.101631224155	41.8603570829	2.46604339678	-71.3013000488	4.73566007614	6.04225492477	0.112739593915	2.0	5.11999988556	12.3200001717	0.0	6.40000009537	0.985735026193	1.0	2
1.0	1575.52624512	4.0	1.0	1066.57055664	3.0	1.0	10.0600004196	2.295950775	0.60451489687	-0.788586139679	0.112666115165	32.4224328191	15.2810792679	-73.4038009644	12.5914497375	19.5409507751	0.760847031058	0.0	0.0	0.0	0.0	0.0	0.549030242755	1.0	2
1.0	8625.87597656	4.0	4.0	1652.92089844	6.0	6.0	251.720399141	0.0	0.0461887679994	0.993749320507	-0.101631224155	41.8603570829	2.46604339678	-71.3013000488	4.73566007614	6.04225492477	0.112739593915	5.0	5.11999988556	41.3599991798	1.0	8.88000011444	0.999892346431	1.0	2
1.0	670.071166992	4.0	1.0	315.467987061	2.0	1.0	10.0600004196	2.295950775	0.60451489687	-0.788586139679	0.112666115165	36.1764187706	2.10497226047	-73.4038009644	12.5914497375	19.5409507751	0.760847031058	0.0	0.0	0.0	0.0	0.0	0.874053049283	1.0	2
1.0	9003.17382812	5.0	5.0	1043.26049805	4.0	4.0	139.160399675	0.0	0.0461887679994	0.993749320507	-0.101631224155	40.3146583759	2.46604339678	-71.3013000488	4.73566007614	6.04225492477	0.112739593915	3.0	5.11999988556	25.9199995995	0.0	9.18000030518	0.999963285505	1.0	2
1.0	4417.58007812	4.0	4.0	913.761352539	5.0	5.0	127.719999313	0.0	-0.0461925491691	-0.993749976158	0.101622857153	41.7361659447	11.5084241356	-28.9444999695	5.85212993622	38.3338012695	0.88481909332	3.0	8.88000011444	30.7999992371	1.0	8.88000011444	0.974397060495	1.0	2
1.0	4727.85205078	7.0	4.0	1254.22937012	4.0	3.0	107.740000725	0.0	-0.0461925491691	-0.993749976158	0.101622857153	31.9038215313	2.46742776934	-28.9444999695	5.85212993622	38.3338012695	0.88481909332	2.0	6.40000009537	15.6999998093	1.0	8.88000011444	0.985883628543	1.0	2
1.0	1552.77832031	2.0	1.0	1217.34619141	2.0	2.0	23.3599996567	2.80551245838	0.430727124214	-0.902446627617	0.00801675394177	1.50102128965	3.16304161448	-65.6622009277	-4.2299451828	34.0743484497	0.113122107407	0.0	0.0	0.0	0.0	0.0	-1.0	0.0	2
1.0	3428.60644531	6.0	4.0	579.448852539	4.0	3.0	61.7599999905	0.0	0.00619290070608	-0.998390376568	0.0563760399818	50.2421743783	7.90808922187	-70.1389465332	9.75103569031	29.1948509216	0.211276957788	2.0	7.94000005722	17.240000248	0.0	11.2399997711	0.986521801524	1.0	2
1.0	3378.54272461	3.0	2.0	595.078918457	2.0	2.0	33.5999999046	1.84104591829	0.042219415307	0.920269429684	0.389000922441	22.7318387725	3.83399090773	-56.2317504883	-5.77159500122	43.03175354	0.632592429252	0.0	0.0	0.0	0.0	0.0	0.490722676123	1.0	2
1.0	3813.36157227	7.0	4.0	958.857666016	2.0	2.0	87.419999361	0.0	0.994935870171	0.0	-0.100511498749	11.5837914513	4.92480176717	-25.0468997955	4.13091993332	44.604549408	0.593101562212	3.0	5.13999986649	25.8791999817	2.0	11.4200000763	0.987968291964	1.0	2
1.0	4536.84814453	4.0	2.0	1788.66723633	2.0	2.0	51.720000267	2.80551245838	0.430727124214	-0.902446627617	0.00801675394177	28.7389656563	3.16304161448	-65.6622009277	-4.2299451828	34.0743484497	0.113122107407	0.0	0.0	0.0	0.0	0.0	0.73115335256	1.0	2
1.0	4380.53369141	6.0	4.0	405.63848877	4.0	4.0	63.1400001049	0.0	0.994927048683	0.0	-0.100599057972	41.7525302806	14.5224228851	-23.5767993927	-0.7926030159	47.7593994141	0.32757233109	2.0	5.13999986649	13.1800003052	1.0	5.13999986649	0.995159144881	1.0	2
1.0	397.61630249	2.0	2.0	832.768615723	2.0	1.0	24.6199998856	0.0	0.00609912909567	-0.998390853405	0.0563784725964	5.03745852243	23.9175627981	-45.9429016113	-6.67374992371	44.3104476929	0.942379102636	2.0	11.4200000763	24.1800003052	2.0	13.3999996185	0.898137063182	1.0	2
1.0	4302.00976562	5.0	5.0	804.354614258	2.0	2.0	68.5599999428	0.0	0.00619290070608	-0.998390376568	0.0563760399818	38.9134816974	7.90808922187	-70.1389465332	9.75103569031	29.1948509216	0.211276957788	4.0	7.94000005722	39.5000004768	1.0	11.4200000763	0.970255059627	1.0	2
1.0	3851.8659668	9.0	3.0	1032.55200195	2.0	2.0	34.3599996567	0.0	0.994935333729	0.0	-0.100516974926	38.3921656098	3.37662881396	-35.5970497131	7.96468019485	40.9181518555	0.835662731214	1.0	6.65999984741	7.59999990463	1.0	6.65999984741	0.993108659599	1.0	2
1.0	5900.88427734	8.0	6.0	1361.11804199	3.0	3.0	135.879999161	0.0	0.00619290070608	-0.998390376568	0.0563760399818	38.9569883939	7.90808922187	-70.1389465332	9.75103569031	29.1948509216	0.211276957788	5.0	5.13999986649	43.7792000771	2.0	13.3999996185	0.999288492885	1.0	2
1.0	2239.80102539	2.0	1.0	474.700012207	2.0	2.0	46.4200000763	0.0	0.998990416527	-0.0365178883076	0.0261649023741	2.16798238633	12.3252474295	-39.4709472656	-10.8583498001	40.0033988953	0.403758287371	1.0	6.48000001907	5.67999982834	1.0	6.48000001907	-1.0	0.0	2
1.0	4072.3112793	6.0	5.0	1643.94995117	3.0	3.0	97.7084017396	0.0	0.0429156087339	0.985951006413	-0.161427661777	15.9245359504	15.0282288428	-55.9646987915	-16.5271492004	17.1944503784	0.972526498723	3.0	4.67999982834	29.8400006294	2.0	6.03999996185	0.998992419677	1.0	2
1.0	3907.50610352	5.0	2.0	1789.51989746	5.0	4.0	72.5884009004	0.0	0.998990416527	-0.0365178883076	0.0261649023741	19.4148684207	25.0033467048	-39.4709472656	-10.8583498001	40.0033988953	0.403758287371	1.0	6.48000001907	5.67999982834	1.0	6.48000001907	0.959611527447	1.0	2
1.0	1362.9329834	5.0	4.0	1742.2869873	6.0	6.0	108.819999695	0.0	-0.0429136566818	-0.985951304436	0.16142629087	39.3423959116	13.7927491723	-29.2074012756	9.36172485352	35.5825500488	0.793643744395	3.0	4.67999982834	22.0399999619	2.0	8.64000034332	0.97188426218	1.0	2
1.0	2639.37011719	5.0	3.0	2562.84399414	4.0	1.0	28.4400000572	0.0	-0.0429182834923	-0.985955238342	0.161401405931	32.6829549894	2.71129634734	-67.3908004761	1.42122042179	3.60577487946	0.863844236309	1.0	21.5200004578	20.2800006866	0.0	21.5200004578	0.884238370026	1.0	2
1.0	4510.94824219	7.0	6.0	2467.95117188	5.0	5.0	144.668401301	0.0	-0.0429182834923	-0.985955238342	0.161401405931	41.5356772744	2.71129634734	-67.3908004761	1.42122042179	3.60577487946	0.863844236309	4.0	4.67999982834	39.3400006294	2.0	6.03999996185	0.999491594209	1.0	2
1.0	2748.72314453	3.0	1.0	474.700012207	2.0	2.0	46.4200000763	0.0	0.998990416527	-0.0365178883076	0.0261649023741	2.16798238633	12.3252474295	-39.4709472656	-10.8583498001	40.0033988953	0.403758287371	1.0	6.48000001907	5.67999982834	1.0	6.48000001907	0.169420043098	1.0	2
1.0	2129.38793945	5.0	3.0	379.807006836	2.0	2.0	47.4200000763	0.0	0.0429124422371	0.985951125622	-0.161427691579	33.7896023376	2.71126629849	-66.2971954346	13.5482501984	28.9419498444	0.0598706999317	1.0	6.03999996185	6.05999994278	1.0	6.03999996185	0.970768683594	1.0	2
1.0	590.911987305	2.0	2.0	584.859008789	2.0	2.0	64.5799999237	0.0	0.0429124422371	0.985951125622	-0.161427691579	7.88454781444	2.71126629849	-66.2971954346	13.5482501984	28.9419498444	0.0598706999317	1.0	6.03999996185	6.05999994278	2.0	11.6199998856	0.700614448271	1.0	2
1.0	4472.60546875	6.0	3.0	1237.83203125	3.0	3.0	82.14840132	0.0	0.0429124422371	0.985951125622	-0.161427691579	42.3584731314	15.3195999979	-66.2971954346	13.5482501984	28.9419498444	0.0598706999317	2.0	6.03999996185	11.7399997711	2.0	6.48000001907	0.995722260548	1.0	2
1.0	2396.34912109	2.0	1.0	577.224914551	3.0	1.0	9.89999961853	3.39452506922	0.743177771568	-0.153984874487	0.651133954525	0.0	25.8866537425	-61.6583480835	1.92088997364	36.9038505554	0.627187388005	0.0	0.0	0.0	0.0	0.0	-1.0	0.0	2
1.0	3882.7668457	6.0	3.0	1221.75231934	6.0	6.0	114.940000057	0.0	-0.999826014042	0.0	-0.0186547394842	9.28959031688	16.9008388854	-56.4423980713	-19.5221996307	20.3143501282	0.675529755141	0.0	0.0	0.0	1.0	11.8800001144	0.988269314131	1.0	2
1.0	2973.57421875	5.0	4.0	426.219970703	2.0	2.0	53.6999993324	2.53211771845	0.339274525642	-0.940605640411	0.0123990671709	31.8001880467	14.8283455444	-64.8308486938	-0.398280024529	32.0658493042	0.35939105541	0.0	0.0	0.0	0.0	0.0	0.376098545551	1.0	2
1.0	3655.51391602	6.0	1.0	599.37097168	2.0	1.0	12.6800003052	3.90978258236	-0.497161179781	-0.865204870701	-0.0652018040419	34.3643843284	13.9691716435	-44.8628005981	-1.4950299263	40.8112487793	0.599605668438	0.0	0.0	0.0	0.0	0.0	0.972462364097	1.0	2
1.0	2117.36401367	5.0	3.0	599.37097168	2.0	2.0	52.1800012589	2.97264871083	0.736230969429	-0.660872101784	0.145643666387	26.0212526674	13.9691716435	-51.915599823	-5.1880197525	39.6694030762	0.413785524624	0.0	0.0	0.0	0.0	0.0	0.64892362571	1.0	2
1.0	4001.68505859	6.0	3.0	638.057983398	2.0	1.0	46.5800008774	0.0	0.999826014042	0.0	0.0186547394842	30.8157473588	8.10457738463	-56.4423980713	-19.5221996307	20.3143501282	0.675529755141	0.0	0.0	0.0	1.0	11.8800001144	0.966396766574	1.0	2
1.0	2615.46435547	4.0	2.0	813.292907715	4.0	2.0	32.6999993324	3.32301073728	0.67603212595	0.121037371457	0.726863443851	14.7551747059	28.6114419714	-60.0143966675	-3.71872997284	36.3129501343	0.37353233509	0.0	0.0	0.0	0.0	0.0	0.394805601156	1.0	2
1.0	4069.734375	8.0	3.0	1070.28735352	4.0	2.0	68.180000782	3.33821803452	0.69113779068	-0.609718263149	-0.388036310673	40.629003966	21.6031654185	-65.0806503296	-11.0488100052	16.7147006989	0.806443831512	0.0	0.0	0.0	0.0	0.0	0.979323717433	1.0	2
1.0	1740.90991211	3.0	0.0	105.96900177	1.0	0.0	0.0	10.0	0.0	0.0	0.0	0.0	0.0	0.0	0.0	0.0	2.0	0.0	0.0	0.0	0.0	0.0	0.432768960305	1.0	2
1.0	3224.09155273	8.0	4.0	532.618896484	3.0	3.0	126.260000229	0.0	0.999826014042	0.0	0.0186547394842	30.8157473588	8.10457738463	-56.4423980713	-19.5221996307	20.3143501282	0.675529755141	0.0	0.0	0.0	1.0	11.8800001144	0.965514437289	1.0	2
1.0	1719.71105957	1.0	1.0	481.887023926	2.0	1.0	19.6800003052	0.0	-0.0265243332833	-0.970083475113	0.241318270564	0.0	12.3690911184	-55.0423965454	-3.02015995979	43.1493492126	0.762337590579	1.0	8.31999969482	9.19999980927	1.0	8.31999969482	-1.0	0.0	2
1.0	3653.41625977	7.0	5.0	1775.98901367	4.0	3.0	97.3999998569	0.0	-0.0265279840678	-0.970083415508	0.241318136454	24.5709653377	29.3689632981	-69.4757003784	12.0226993561	32.0886497498	0.629654285909	3.0	2.3599998951	13.3200001717	0.0	8.60000038147	0.997976416153	1.0	2
1.0	1911.08007812	2.0	2.0	290.518005371	1.0	1.0	36.8400001526	0.0	-0.0265243332833	-0.970083475113	0.241318270564	21.3072160518	3.83558822023	-55.0423965454	-3.02015995979	43.1493492126	0.762337590579	1.0	8.31999969482	9.19999980927	1.0	8.31999969482	0.226704821626	1.0	2
1.0	7353.63183594	8.0	4.0	209.260101318	2.0	2.0	53.07999897	0.0	0.0265276096761	0.970060110092	-0.241411879659	28.0923471041	11.6958827106	-65.1706008911	-7.91721534729	13.257900238	0.0375505511159	1.0	8.11999988556	7.71999979019	1.0	8.11999988556	0.993210541933	1.0	2
1.0	6697.27392578	5.0	4.0	458.131988525	3.0	3.0	70.8000004292	0.0	-0.0265233181417	-0.970085322857	0.241310879588	37.0688820677	2.36021625761	-62.824798584	-10.3051795959	12.2552499771	0.91934585747	2.0	2.3599998951	20.6400008202	1.0	11.2399997711	0.954957103198	1.0	2
1.0	5639.04882812	4.0	3.0	740.504089355	4.0	4.0	97.439999342	0.0	0.0265276096761	0.970060110092	-0.241411879659	37.2867110155	11.6958827106	-65.1706008911	-7.91721534729	13.257900238	0.0375505511159	2.0	8.11999988556	16.5999999046	2.0	11.2399997711	0.997035454008	1.0	2
1.0	2058.08837891	4.0	2.0	382.25390625	3.0	3.0	43.9999990463	0.0	-0.0265243332833	-0.970082998276	0.241320103407	17.5031167892	13.0037582671	-57.9124984741	-17.6420001984	18.4116516113	0.752596548195	1.0	9.0	9.72000026703	1.0	9.0	0.493386786385	1.0	2
1.0	7128.03808594	8.0	4.0	755.244018555	3.0	2.0	86.9200000763	0.0	-0.0265243332833	-0.970082998276	0.241320103407	41.8179594155	0.0	-46.7632980347	20.3689994812	28.8419494629	0.45730318842	2.0	8.31999969482	18.0799999237	1.0	8.31999969482	0.998952740788	1.0	2
1.0	3215.08007812	5.0	2.0	931.873046875	4.0	3.0	55.1599998474	2.84752881847	-0.602421164513	0.112392760813	-0.790225684643	6.30203569998	0.0	-68.2890472412	-5.65326499939	26.3765487671	0.442646180085	0.0	0.0	0.0	0.0	0.0	0.937120436188	1.0	2
1.0	6447.16845703	5.0	3.0	1108.49389648	6.0	5.0	127.480000734	0.0	-0.0265243332833	-0.970083475113	0.241318270564	0.0	25.4905521148	-55.0423965454	-3.02015995979	43.1493492126	0.762337590579	4.0	2.3599998951	38.7200007439	2.0	11.2399997711	0.978498598078	1.0	2
1.0	2041.68395996	2.0	1.0	783.244995117	2.0	2.0	16.8000006676	0.0	0.9821190238	-0.129149213433	-0.13697694242	2.46585496849	7.53353267482	-50.0713500977	-2.43825483322	46.3797531128	0.470996271214	1.0	8.89999961853	9.10000038147	0.0	8.89999961853	-1.0	0.0	2
1.0	4300.265625	6.0	3.0	1072.10473633	5.0	3.0	67.0800004005	0.0	0.9821190238	-0.129149213433	-0.13697694242	2.46585496849	26.6741518275	-50.0713500977	-2.43825483322	46.3797531128	0.470996271214	2.0	1.0	9.10000038147	1.0	1.0	0.994386133529	1.0	2
1.0	4601.07373047	6.0	3.0	1684.16540527	7.0	3.0	65.8000006676	0.0	0.9821190238	-0.129149213433	-0.13697694242	21.1739551111	22.8442796042	-50.0713500977	-2.43825483322	46.3797531128	0.470996271214	1.0	8.89999961853	9.10000038147	0.0	8.89999961853	0.986972985971	1.0	2
1.0	2076.22998047	3.0	1.0	408.706604004	2.0	1.0	6.78000020981	2.31887258941	0.219241023064	-0.911949455738	-0.346816271544	1.45282863943	3.18607028255	-48.0010490417	-5.08487510681	45.240650177	0.772713616605	0.0	0.0	0.0	0.0	0.0	0.986824299921	1.0	2
1.0	52.9095001221	1.0	0.0	467.686584473	2.0	0.0	0.0	10.0	0.0	0.0	0.0	0.0	0.0	0.0	0.0	0.0	2.0	0.0	0.0	0.0	0.0	0.0	0.432768960305	1.0	2
1.0	4114.34716797	7.0	3.0	1624.90515137	6.0	3.0	66.0999994278	0.0	0.982109963894	-0.129217505455	-0.13697758317	3.33134300275	1.02137227276	-57.0559501648	-12.9093503952	26.0992507935	0.913368395195	1.0	8.39999961853	8.11999988556	1.0	11.1199998856	0.994636249207	1.0	2
1.0	34.5460014343	1.0	0.0	99.6396026611	1.0	0.0	0.0	10.0	0.0	0.0	0.0	0.0	0.0	0.0	0.0	0.0	2.0	0.0	0.0	0.0	0.0	0.0	0.432768960305	1.0	2
1.0	3556.26513672	8.0	3.0	909.644287109	6.0	3.0	31.1199998856	0.0	-0.982109963894	0.129217505455	0.13697758317	15.622854684	16.1221104466	-57.0559501648	-12.9093503952	26.0992507935	0.913368395195	1.0	8.39999961853	8.11999988556	0.0	8.39999961853	0.99294993273	1.0	2
1.0	1911.66259766	4.0	1.0	1097.08117676	4.0	1.0	18.5200004578	0.0	0.982104122639	-0.129156708717	-0.137076795101	2.04423391418	23.6154058854	-54.7981491089	2.70529985428	44.2052993774	0.903222350795	0.0	0.0	0.0	1.0	11.1199998856	0.418279532635	1.0	2
1.0	3609.12084961	8.0	2.0	823.904602051	3.0	2.0	41.7800002098	0.0	0.9821190238	-0.129149213433	-0.13697694242	21.1739551111	7.53353267482	-50.0713500977	-2.43825483322	46.3797531128	0.470996271214	1.0	8.89999961853	9.10000038147	0.0	8.89999961853	0.983090733365	1.0	2
1.0	2095.01538086	2.0	1.0	571.881225586	1.0	1.0	18.6200008392	3.29358469134	0.741482198238	0.438118338585	0.508189439774	9.60318308007	0.911071725699	-55.3453979492	7.66120529175	43.8801498413	0.849304594767	0.0	0.0	0.0	0.0	0.0	-1.0	0.0	2
1.0	3598.97363281	7.0	2.0	981.642211914	3.0	2.0	79.9399998188	2.37262305725	-0.71775585413	-0.50260668993	-0.481884896755	10.1556476744	9.48255459524	-43.4557495117	4.93411493301	48.9270515442	0.985280411471	0.0	0.0	0.0	0.0	0.0	0.97499179479	1.0	2
1.0	3932.14453125	6.0	3.0	1429.01220703	5.0	4.0	100.459999323	0.0	0.998190522194	-0.028719285503	0.0528283789754	35.1486891139	23.4071436269	-37.3538970947	11.2271499634	44.4306488037	0.820060452938	1.0	13.0	13.279999733	0.0	13.0	0.909446890083	1.0	2
1.0	4116.56640625	8.0	4.0	857.20300293	4.0	4.0	119.899998665	0.0	0.0412721149623	0.994553029537	-0.0957126244903	7.14799784348	12.5242739842	-41.5800018311	-8.37965011597	43.3591995239	0.478220797176	2.0	10.5200004578	24.1800003052	1.0	14.1000003815	0.999288285138	1.0	2
1.0	3758.19775391	4.0	2.0	1198.09924316	4.0	3.0	46.7000002861	0.0	0.998190522194	-0.028719285503	0.0528283789754	29.2588875178	23.4071436269	-37.3538970947	11.2271499634	44.4306488037	0.820060452938	1.0	13.0	13.279999733	0.0	13.0	0.371309838983	1.0	2
1.0	4624.94189453	9.0	3.0	619.651000977	3.0	2.0	32.4599997997	0.0	0.0412721149623	0.994553029537	-0.0957126244903	1.36269013561	12.5242739842	-41.5800018311	-8.37965011597	43.3591995239	0.478220797176	1.0	14.1000003815	13.6599998474	1.0	14.1000003815	0.995781448829	1.0	2
1.0	2868.91381836	9.0	3.0	911.246704102	5.0	4.0	35.1399991512	0.0	0.0412721149623	0.994553029537	-0.0957126244903	1.36269013561	12.5242739842	-41.5800018311	-8.37965011597	43.3591995239	0.478220797176	1.0	14.1000003815	13.6599998474	1.0	14.1000003815	0.968060754332	1.0	2
1.0	3308.39013672	8.0	3.0	619.578979492	3.0	3.0	72.2399995327	1.585972903	0.346007198095	-0.686789989471	0.63921713829	21.7660171412	25.1249439233	-59.6007499695	-9.60276985168	26.542098999	0.773567169188	0.0	0.0	0.0	0.0	0.0	0.987056141166	1.0	2
1.0	3721.1965332	5.0	3.0	401.085693359	3.0	3.0	56.5799999237	0.0	0.0412683933973	0.99455344677	-0.0957095101476	20.7782992658	1.37300822173	-60.2229995728	3.61304521561	37.0625	0.584060645272	3.0	6.17999982834	29.6600003242	1.0	14.1000003815	0.866904046524	1.0	2
1.0	4498.32373047	9.0	4.0	1151.43615723	5.0	5.0	98.7399983406	0.0	0.0412721149623	0.994553029537	-0.0957126244903	1.36269013561	12.5242739842	-41.5800018311	-8.37965011597	43.3591995239	0.478220797176	3.0	10.5200004578	37.4600000381	2.0	14.1000003815	0.999664851841	1.0	2
1.0	812.304016113	2.0	0.0	788.295410156	2.0	0.0	0.0	10.0	0.0	0.0	0.0	0.0	0.0	0.0	0.0	0.0	2.0	0.0	0.0	0.0	0.0	0.0	0.432768960305	0.0	2
1.0	3374.08666992	8.0	4.0	433.195983887	4.0	4.0	77.860001564	0.0	-0.999506115913	-0.0310143288225	-0.00506545649841	16.8695170774	13.261429701	-52.9029998779	-4.68463993073	42.9232025146	0.35423172483	3.0	1.39999997616	20.1400003433	3.0	12.3599996567	0.98289811002	1.0	2
1.0	7748.66015625	10.0	4.0	380.555603027	4.0	4.0	81.8400001526	0.0	-0.999506771564	-0.0309935808182	-0.00506352772936	15.0316945393	1.40711426142	-54.4673995972	-15.633600235	28.4164009094	0.0710558911708	2.0	1.39999997616	9.96000003815	1.0	1.39999997616	0.999727446778	1.0	2
1.0	7545.24316406	10.0	6.0	437.937011719	4.0	4.0	97.3600013256	0.0	0.686942756176	0.702633023262	-0.185516908765	18.0727726895	5.03269888767	-53.9149475098	-3.64431500435	41.160697937	0.406087710104	3.0	1.39999997616	17.3400001526	2.0	12.3599996567	0.999136025638	1.0	2
1.0	1715.53515625	5.0	2.0	851.034729004	3.0	2.0	45.840000391	2.30570159843	0.93880033493	-0.328421980143	0.103888832033	2.59805434366	15.1576269937	-58.014251709	0.616822481155	44.3034515381	0.249752246734	0.0	0.0	0.0	0.0	0.0	0.540998719035	1.0	2
1.0	7267.59765625	8.0	4.0	798.879821777	4.0	3.0	118.800002575	0.0	-0.999506115913	-0.0310143288225	-0.00506545649841	11.0364687657	20.7141931162	-52.9029998779	-4.68463993073	42.9232025146	0.35423172483	2.0	9.19999980927	20.1400003433	2.0	12.3599996567	0.998034211866	1.0	2
1.0	7102.734375	8.0	4.0	1026.48217773	6.0	4.0	113.460001469	0.0	-0.999506771564	-0.0309935808182	-0.00506352772936	20.6963875557	10.8069587513	-54.4673995972	-15.633600235	28.4164009094	0.0710558911708	3.0	9.19999980927	30.1000003815	2.0	12.3599996567	0.998266180061	1.0	2
1.0	1535.90405273	3.0	1.0	788.295410156	2.0	1.0	29.7800006866	2.30570159843	0.93880033493	-0.328421980143	0.103888832033	2.59805434366	15.1576269937	-58.014251709	0.616822481155	44.3034515381	0.249752246734	0.0	0.0	0.0	0.0	0.0	0.262234112236	1.0	2
1.0	7140.1875	8.0	3.0	603.027709961	6.0	3.0	68.8399999142	0.0	-0.999506771564	-0.0309935808182	-0.00506352772936	20.6963875557	10.8069587513	-54.4673995972	-15.633600235	28.4164009094	0.0710558911708	3.0	7.40000009537	27.3000001907	1.0	12.3599996567	0.995103658263	1.0	2
1.0	1357.74597168	1.0	1.0	540.275817871	1.0	1.0	22.2800002098	2.94212674946	0.766722261906	0.514611959457	0.383811742067	2.06767445568	0.0	-54.820602417	3.14012265205	42.6846466064	0.824660686412	0.0	0.0	0.0	0.0	0.0	-1.0	0.0	2
1.0	1460.82592773	2.0	1.0	317.924682617	2.0	2.0	25.6399993896	0.0	-0.0130398273468	0.976930439472	-0.213159248233	9.67907932192	0.0	-46.0530509949	1.01189208031	43.2868003845	0.0552479177524	2.0	7.23999977112	13.3200001717	0.0	8.27999973297	0.36324177693	1.0	2
1.0	5120.92089844	4.0	3.0	2104.5144043	4.0	4.0	110.600000083	0.0	0.0130401924253	-0.97692912817	0.213165223598	0.927917248997	31.1218148919	-46.1197509766	-8.60562515259	42.1987991333	0.787757882846	1.0	7.23999977112	6.34000015259	0.0	7.23999977112	0.989615923556	1.0	2
1.0	1421.14831543	2.0	1.0	1139.35375977	2.0	1.0	7.51999998093	3.2086134619	0.917108714581	-0.00758471665904	0.398564994335	0.0	25.8638390575	-52.4791030884	-0.939227998257	43.4013519287	0.74870534999	0.0	0.0	0.0	0.0	0.0	0.240405551706	1.0	2
1.0	5047.57617188	5.0	4.0	2241.26147461	6.0	6.0	151.800000429	0.0	0.997134029865	0.0	-0.0756553187966	0.917328591173	36.8191200792	-41.1613464355	-17.7698993683	40.6305007935	0.777012001733	5.0	7.23999977112	38.8200006485	0.0	10.8999996185	0.985698545346	1.0	2
1.0	5004.12744141	3.0	2.0	863.107177734	2.0	2.0	31.3799991608	0.0	-0.0130398273468	0.976930439472	-0.213159248233	19.2941958992	8.96218115832	-46.0530509949	1.01189208031	43.2868003845	0.0552479177524	2.0	8.27999973297	13.9600000381	0.0	8.27999973297	0.847716186254	1.0	2
1.0	5729.79003906	5.0	4.0	1503.65966797	4.0	4.0	159.100000799	0.0	0.997134029865	0.0	-0.0756553187966	0.917328591173	25.8069250531	-41.1613464355	-17.7698993683	40.6305007935	0.777012001733	2.0	7.23999977112	17.4000005722	0.0	10.8999996185	0.978058917325	1.0	2
1.0	5309.04296875	6.0	2.0	807.718994141	1.0	1.0	35.7599992752	3.00676235346	0.66802996397	-0.222451746464	-0.710106492043	1.7989234058	15.9334369182	-44.8487014771	-27.6063499451	25.4589004517	0.330027770995	0.0	0.0	0.0	0.0	0.0	0.84976297901	1.0	2
1.0	5421.79638672	5.0	3.0	894.378417969	4.0	4.0	44.1999995112	0.0	-0.711412012577	0.695829749107	-0.0985590592027	42.1139912353	11.505458693	-41.2037963867	14.609749794	39.9382019043	0.677398847054	3.0	8.27999973297	21.4200000763	0.0	9.02000045776	0.980601205322	1.0	2
1.0	1595.16870117	2.0	0.0	163.343002319	1.0	0.0	0.0	10.0	0.0	0.0	0.0	0.0	0.0	0.0	0.0	0.0	2.0	0.0	0.0	0.0	0.0	0.0	0.432768960305	0.0	2
1.0	4239.98681641	5.0	0.0	406.428405762	2.0	0.0	0.0	10.0	0.0	0.0	0.0	0.0	0.0	0.0	0.0	0.0	2.0	0.0	0.0	0.0	0.0	0.0	0.432768960305	1.0	2
1.0	3303.08154297	7.0	1.0	163.343002319	1.0	1.0	1.03999996185	4.34510068682	0.00918969139457	-0.994015038013	0.10885669291	20.1016147384	1.10965665226	-44.3194503784	-0.0907101631165	42.1474990845	0.855737963242	0.0	0.0	0.0	0.0	0.0	0.732174620413	1.0	2
1.0	4325.43505859	6.0	2.0	569.771362305	3.0	2.0	54.779999733	0.0	0.994902431965	0.0	-0.100842297077	12.3306445034	16.814728123	-44.7846984863	-9.47414016724	43.231048584	0.937212451071	1.0	6.44000005722	6.13999986649	1.0	6.44000005722	0.991467429877	1.0	2
1.0	2343.40869141	4.0	1.0	1294.63330078	4.0	2.0	34.0600001812	0.0	0.994902431965	0.0	-0.100842297077	1.89280792058	1.52549413903	-61.9424972534	-1.63944995403	37.8309516907	0.829913569889	0.0	0.0	0.0	1.0	16.5200004578	0.851161014721	1.0	2
1.0	4414.39111328	5.0	2.0	282.432403564	3.0	2.0	61.5200002193	0.0	0.00915050692856	-0.994012951851	0.108878672123	32.8087829956	6.59247010385	-46.888999939	10.6035995483	38.0897979736	0.300163126417	2.0	6.44000005722	13.0599999428	1.0	6.44000005722	0.985584907906	1.0	2
1.0	2885.35766602	4.0	1.0	1372.48840332	3.0	1.0	20.1200008392	1.37576888001	0.652044534683	0.0668846517801	0.755224704742	3.41671608734	0.0	-70.800994873	14.0931997299	25.227350235	0.337800688456	0.0	0.0	0.0	0.0	0.0	0.98313491431	1.0	2
1.0	1148.90673828	3.0	0.0	852.540039062	3.0	0.0	0.0	10.0	0.0	0.0	0.0	0.0	0.0	0.0	0.0	0.0	2.0	0.0	0.0	0.0	0.0	0.0	0.432768960305	1.0	2
1.0	3919.88769531	5.0	2.0	636.440368652	4.0	3.0	50.8999993801	0.0	0.00915050692856	-0.994012951851	0.108878672123	19.1770297073	6.59247010385	-46.888999939	10.6035995483	38.0897979736	0.285965748477	2.0	7.57999992371	16.6800003052	0.0	9.80000019073	0.985279849041	1.0	2
1.0	680.885131836	2.0	1.0	595.752990723	1.0	1.0	15.5600004196	0.0	0.0472533926368	-0.972082316875	0.229832753539	2.12153055649	0.992476628665	-51.6459503174	0.88338547945	37.4188499451	0.89041184302	1.0	8.30000019073	7.61999988556	1.0	8.30000019073	-1.0	0.0	2
1.0	237.251998901	1.0	0.0	318.619995117	1.0	0.0	0.0	10.0	0.0	0.0	0.0	0.0	0.0	0.0	0.0	0.0	2.0	0.0	0.0	0.0	0.0	0.0	0.432768960305	1.0	2
1.0	4663.96972656	4.0	2.0	1225.82299805	3.0	1.0	37.9800004959	0.0	0.0472533926368	-0.972082316875	0.229832753539	18.8519524046	20.55812402	-51.6459503174	0.88338547945	37.4188499451	0.89041184302	1.0	8.30000019073	7.61999988556	1.0	8.30000019073	0.682662036159	1.0	2
1.0	1118.97509766	4.0	2.0	595.752990723	1.0	1.0	19.8400006294	0.0	0.0472533926368	-0.972082316875	0.229832753539	2.12153055649	0.992476628665	-51.6459503174	0.88338547945	37.4188499451	0.89041184302	1.0	8.30000019073	7.61999988556	1.0	8.30000019073	0.647650401949	1.0	2
1.0	1329.99206543	1.0	1.0	641.479675293	2.0	1.0	15.4999995232	0.0	0.993542850018	0.113424025476	0.00275461771525	1.66414137904	3.58543533893	-57.272102356	-0.349662482738	35.3019485474	0.473768703946	2.0	1.65999996662	7.98000001907	1.0	6.92000007629	-1.0	0.0	2
1.0	7881.87207031	4.0	3.0	1787.27502441	2.0	1.0	39.4400000572	1.86065847513	0.417752742767	-0.784160733223	-0.458884090185	37.7924384755	23.2848751783	-61.9387512207	-8.82268047333	21.1890487671	0.78697094129	0.0	0.0	0.0	0.0	0.0	0.999895663268	1.0	2
1.0	949.528686523	2.0	1.0	578.424987793	2.0	2.0	17.720000267	0.0	0.10601682961	-0.937810480595	0.330563008785	6.49545383746	6.18195505938	-55.3701515198	-2.11144018173	34.6982498169	0.368146791513	1.0	7.17999982834	8.77999973297	1.0	7.17999982834	0.404613009699	1.0	2
1.0	6409.47167969	5.0	3.0	2384.69775391	4.0	3.0	70.4799990654	0.0	0.99354404211	0.113413885236	0.00275269220583	49.6166685049	0.0	-71.6942520142	7.31017017365	15.1660499573	0.116304743237	3.0	1.65999996662	9.89999973774	3.0	10.3999996185	0.975657563925	1.0	2
1.0	2752.53027344	2.0	1.0	641.479675293	2.0	1.0	15.4999995232	0.0	0.993545472622	0.113401338458	0.00275439000688	35.4958372164	3.4042258073	-58.390750885	-0.477356016636	35.2988510132	0.638444519255	2.0	1.65999996662	7.98000001907	1.0	6.92000007629	0.502862777106	1.0	2
1.0	7114.0078125	4.0	2.0	2020.77172852	3.0	2.0	42.9400000572	0.0	0.993542850018	0.113424025476	0.00275461771525	26.5165756757	11.0645626595	-57.272102356	-0.349662482738	35.3019485474	0.473768703946	2.0	1.65999996662	7.98000001907	1.0	6.92000007629	0.99195829732	1.0	2
1.0	5531.09472656	2.0	1.0	984.182922363	2.0	1.0	22.9200007915	2.83422127068	0.620133221149	0.742758095264	0.252478033304	2.26947732269	13.0472311752	-46.3684005737	3.24833059311	42.9442520142	0.74704830896	0.0	0.0	0.0	0.0	0.0	0.995944811867	1.0	2
1.0	3125.58691406	4.0	2.0	1403.38793945	3.0	2.0	42.279999733	2.40934227749	0.825515806675	-0.400454729795	0.397692918777	23.3389111905	26.541696842	-52.6400489807	-6.28420495987	39.5073013306	0.351914743729	0.0	0.0	0.0	0.0	0.0	0.714566472077	1.0	2
1.0	7632.99023438	6.0	1.0	888.637023926	1.0	1.0	29.1200008392	2.88486397381	0.463527262211	-0.467131793499	-0.752947807312	11.0114709382	12.8450357741	-49.2649536133	-20.672750473	24.5501003265	0.992876424862	0.0	0.0	0.0	0.0	0.0	0.996096300389	1.0	2
1.0	2194.87207031	1.0	1.0	1162.13903809	2.0	1.0	23.2000002861	0.0	0.992686033249	-0.0704738050699	-0.0980199575424	2.7868924937	5.46877913193	-58.0437469482	-2.28223514557	38.2317504883	0.807974290169	1.0	3.90000009537	3.55999994278	1.0	3.90000009537	-1.0	0.0	2
1.0	5934.94287109	5.0	0.0	430.945007324	1.0	0.0	0.0	10.0	0.0	0.0	0.0	0.0	0.0	0.0	0.0	0.0	2.0	0.0	0.0	0.0	0.0	0.0	0.432768960305	1.0	2
1.0	2057.15307617	1.0	1.0	1299.85803223	3.0	2.0	41.9400000572	0.0	0.992686033249	-0.0704738050699	-0.0980199575424	2.7868924937	22.1796417642	-58.0437469482	-2.28223514557	38.2317504883	0.807974290169	2.0	3.90000009537	12.4800000191	2.0	9.19999980927	0.404039360221	1.0	2
1.0	8208.24804688	5.0	3.0	3305.16796875	4.0	4.0	175.699999809	0.0	0.0588479749858	0.984736979008	-0.163798481226	44.3558284077	1.48336668979	-72.072052002	11.3910999298	10.6085996628	0.647455423709	5.0	3.90000009537	39.4399995804	3.0	9.19999980927	0.999372500507	1.0	2
1.0	352.760009766	1.0	0.0	571.57598877	3.0	0.0	0.0	10.0	0.0	0.0	0.0	0.0	0.0	0.0	0.0	0.0	2.0	0.0	0.0	0.0	0.0	0.0	0.432768960305	1.0	2
1.0	2660.00195312	4.0	0.0	2568.13305664	4.0	0.0	0.0	10.0	0.0	0.0	0.0	0.0	0.0	0.0	0.0	0.0	2.0	0.0	0.0	0.0	0.0	0.0	0.432768960305	1.0	2
1.0	7427.8671875	4.0	3.0	2633.06396484	3.0	3.0	106.500000477	0.0	0.992694854736	-0.0704827234149	-0.0979240387678	2.58891942314	28.138515097	-51.7409515381	-21.6067008972	30.1340999603	0.682456533858	2.0	3.90000009537	8.73999977112	2.0	5.59999990463	0.926613077676	1.0	2
1.0	7093.14404297	5.0	2.0	2946.81396484	4.0	4.0	115.840001106	0.0	0.0588479749858	0.984736979008	-0.163798481226	44.3558284077	1.48336668979	-72.072052002	11.3910999298	10.6085996628	0.647455423709	4.0	3.90000009537	30.5199995041	2.0	5.59999990463	0.96479221447	1.0	2
1.0	2724.11401367	5.0	0.0	993.384033203	3.0	0.0	0.0	10.0	0.0	0.0	0.0	0.0	0.0	0.0	0.0	0.0	2.0	0.0	0.0	0.0	0.0	0.0	0.432768960305	1.0	2
1.0	6334.99609375	6.0	3.0	2457.36181641	3.0	2.0	69.3799982071	0.0	0.0588479749858	0.984736979008	-0.163798481226	42.3600727789	1.48336668979	-72.072052002	11.3910999298	10.6085996628	0.647455423709	1.0	10.8000001907	10.0799999237	0.0	10.8000001907	0.980186636831	1.0	2
1.0	1644.24304199	2.0	1.0	516.952087402	2.0	2.0	23.9800004959	0.0	0.0314095802605	-0.976060092449	0.215221002698	1.77830064095	2.6440601877	-59.3266525269	-7.59610509872	36.7354507446	0.569474536795	1.0	2.92000007629	1.77999997139	1.0	2.92000007629	-1.0	0.0	3
1.0	12736.6748047	8.0	3.0	3291.79980469	6.0	5.0	89.1800004244	0.0	0.0314132720232	-0.976050019264	0.215266317129	2.26883898693	1.11745264202	-64.3827514648	-10.1315555573	2.09577488899	0.950658132624	19.0	2.88000011444	84.9901508777	5.0	17.1200008392	0.999972793013	1.0	3
1.0	13052.0800781	9.0	4.0	3382.11035156	6.0	5.0	125.900002122	0.0	0.0314132720232	-0.976050019264	0.215266317129	39.4158919927	1.11745264202	-64.3827514648	-10.1315555573	2.09577488899	0.950658132624	6.0	2.92000007629	35.4696002007	3.0	11.9399995804	0.999955020976	1.0	3
1.0	13243.9394531	10.0	5.0	4435.49560547	6.0	5.0	90.319999814	0.0	0.0314132720232	-0.976050019264	0.215266317129	50.6946876818	1.11745264202	-64.3827514648	-10.1315555573	2.09577488899	0.950658132624	26.0	2.88000011444	142.621351474	6.0	18.5400009155	0.999997665438	1.0	3
1.0	1916.3972168	3.0	3.0	667.691894531	3.0	2.0	45.3200006485	0.0	-0.0314132794738	0.976059556007	-0.215222939849	18.4565611214	16.4806335788	-39.7443504333	15.9917497635	37.6302490234	0.600861380518	3.0	9.42000007629	27.8800001144	1.0	11.8999996185	0.637589681376	1.0	3
1.0	7613.16845703	6.0	2.0	1096.76586914	4.0	3.0	34.8000001907	0.0	0.0314095802605	-0.976060092449	0.215221002698	1.77830064095	2.6440601877	-59.3266525269	-7.59610509872	36.7354507446	0.569474536795	2.0	2.92000007629	11.9799997807	2.0	11.9399995804	0.996129210416	1.0	3
1.0	3302.8671875	4.0	1.0	794.821899414	4.0	2.0	23.9800004959	0.0	0.0314095802605	-0.976060092449	0.215221002698	1.77830064095	2.6440601877	-59.3266525269	-7.59610509872	36.7354507446	0.569474536795	1.0	2.92000007629	1.77999997139	1.0	2.92000007629	0.264278849659	1.0	3
1.0	5142.53417969	7.0	3.0	2003.42785645	4.0	3.0	113.140001059	0.0	0.0314055085182	-0.976041853428	0.215304404497	34.0898102289	2.50775595209	-64.9294509888	0.184791505337	13.8460006714	0.390713582521	3.0	11.8999996185	34.3599996567	1.0	11.9399995804	0.966743435477	1.0	3
1.0	1880.37109375	3.0	1.0	516.952087402	2.0	2.0	23.9800004959	0.0	0.0314095802605	-0.976060092449	0.215221002698	1.77830064095	2.6440601877	-59.3266525269	-7.59610509872	36.7354507446	0.569474536795	1.0	2.92000007629	1.77999997139	1.0	2.92000007629	0.0241651949598	1.0	3
1.0	4909.77832031	7.0	4.0	1877.95666504	4.0	3.0	124.740000963	0.0	0.0314055085182	-0.976041853428	0.215304404497	34.0898102289	2.50775595209	-64.9294509888	0.184791505337	13.8460006714	0.390713582521	6.0	5.23999977112	48.0199999809	2.0	11.9399995804	0.974530002969	1.0	3
1.0	2574.76806641	1.0	1.0	1380.02099609	2.0	1.0	44.4199981689	1.78878168959	0.999530851841	0.0	0.0306279677898	0.0	18.0478499278	-51.96534729	-1.9647500515	41.7259979248	0.867238430891	0.0	0.0	0.0	0.0	0.0	-1.0	0.0	3
1.0	9549.86230469	9.0	4.0	1840.30810547	4.0	3.0	87.319999218	0.0	0.999529957771	0.0	0.0306577067822	6.12961904846	26.5478625759	-47.6720504761	-6.96812009811	40.9112510681	0.651469568224	1.0	7.67999982834	7.40000009537	0.0	7.67999982834	0.993850449913	1.0	3
1.0	5900.6953125	6.0	3.0	1997.48596191	4.0	3.0	51.9399981499	0.0	0.999532818794	0.0	0.0305630192161	3.65125770136	34.0840175348	-55.5919494629	-15.6583003998	20.797000885	0.939973589796	3.0	14.9799995422	38.3599996567	0.0	29.5200004578	0.25156233795	1.0	3
1.0	10741.5400391	11.0	2.0	1922.64990234	6.0	3.0	33.7999992371	0.0	0.999529957771	0.0	0.0306577067822	6.12961904846	26.5478625759	-47.6720504761	-6.96812009811	40.9112510681	0.651469568224	4.0	7.67999982834	45.039999485	0.0	36.8400001526	0.997414802358	1.0	3
1.0	5974.32910156	6.0	2.0	1597.80895996	4.0	4.0	84.7600007057	0.0	-0.00326734874398	-0.994233012199	0.107191629708	36.2232188405	21.7571126841	-55.0572967529	-15.1713504791	20.760799408	0.0735033205869	2.0	10.720000267	26.0600004196	1.0	10.720000267	0.993563835426	1.0	3
1.0	2970.52490234	2.0	1.0	511.95300293	1.0	1.0	14.4799995422	3.589916407	0.432603687048	-0.666837632656	-0.606779694557	1.82207435903	12.481816155	-47.4787979126	-17.3761501312	34.6087493896	0.559490895398	0.0	0.0	0.0	0.0	0.0	0.147451696212	1.0	3
1.0	7587.27099609	6.0	4.0	1740.54003906	4.0	4.0	168.619998693	0.0	0.00326734874398	0.994233012199	-0.107191629708	36.4356821371	21.5419597289	-55.0572967529	-15.1713504791	20.760799408	0.213915912584	1.0	10.720000267	10.3000001907	1.0	10.720000267	0.999105911618	1.0	3
1.0	3133.42285156	3.0	1.0	937.486022949	3.0	1.0	19.3199996948	0.0	0.999529957771	0.0	0.0306577067822	6.12961904846	26.5478625759	-47.6720504761	-6.96812009811	40.9112510681	0.651469568224	1.0	7.67999982834	7.40000009537	0.0	7.67999982834	0.0399681828523	1.0	3
1.0	7732.78222656	8.0	3.0	1306.27697754	4.0	3.0	52.6199994087	0.0	0.999532818794	0.0	0.0305630192161	37.1314820584	21.7571126841	-55.5919494629	-15.6583003998	20.797000885	0.939973589796	1.0	14.9799995422	15.7600002289	0.0	14.9799995422	0.994933327313	1.0	3
1.0	1245.77563477	2.0	1.0	935.910400391	1.0	1.0	23.1599998474	0.0	0.995688855648	-0.0703974887729	-0.0603980235755	1.08116099364	2.43023092258	-63.5055503845	0.45759549737	39.2184486389	0.846249398981	1.0	8.0	7.98000001907	1.0	8.0	-1.0	0.0	3
1.0	8197.09570312	12.0	4.0	3594.89135742	8.0	4.0	65.5200004578	0.0	-0.0535314902663	-0.956509113312	0.286748439074	1.08116623754	24.5938897282	-60.4914474487	-11.7150993347	21.0484008789	0.940099702078	12.0	12.5399999619	96.139199838	3.0	20.4400005341	0.998778720483	1.0	3
1.0	10870.8056641	15.0	6.0	2447.09472656	8.0	7.0	216.750000954	0.0	0.0535279326141	0.956509888172	-0.286746621132	27.0981881739	3.8843969913	-69.5752487183	0.995649456978	16.7709999084	0.266110176231	10.0	5.17999982834	85.4916006923	4.0	16.0400009155	0.99989751676	1.0	3
1.0	9413.34082031	12.0	2.0	3467.50244141	4.0	2.0	0.0	10.0	0.0	0.0	0.0	0.0	0.0	0.0	0.0	0.0	2.0	15.0	11.279999733	85.9267999679	6.0	20.4400005341	0.998993331903	1.0	3
1.0	1392.98864746	2.0	1.0	788.697387695	1.0	1.0	26.9400005341	0.0	0.995688915253	-0.070396669209	-0.0603980273008	1.0811609307	3.29739118097	-57.1334495544	-2.77818489075	40.9198493958	0.676892924367	2.0	9.93999958038	22.3599996567	0.0	12.9600000381	0.026360888189	1.0	3
1.0	5204.46142578	6.0	3.0	1577.59155273	7.0	4.0	33.3600006104	0.0	-0.0535314902663	-0.956509113312	0.286748439074	1.08116623754	2.40176817482	-60.4914474487	-11.7150993347	21.0484008789	0.940099702078	1.0	9.93999958038	10.4799995422	1.0	11.9799995422	0.9854077286	1.0	3
1.0	1289.90856934	3.0	1.0	935.910400391	1.0	1.0	23.1599998474	0.0	0.995688855648	-0.0703974887729	-0.0603980235755	1.08116099364	2.43023092258	-63.5055503845	0.45759549737	39.2184486389	0.846249398981	1.0	8.0	7.98000001907	1.0	8.0	0.212064431219	1.0	3
1.0	5907.953125	6.0	3.0	1473.5604248	6.0	3.0	99.0200004578	0.0	0.995688855648	-0.0703974887729	-0.0603980235755	22.9621717575	2.43023092258	-63.5055503845	0.45759549737	39.2184486389	0.846249398981	4.0	8.0	39.3600001335	1.0	8.0	0.995197194206	1.0	3
1.0	1334.56005859	2.0	1.0	722.026733398	1.0	1.0	26.9400005341	0.0	0.995688915253	-0.070396669209	-0.0603980273008	1.0811609307	3.29739118097	-57.1334495544	-2.77818489075	40.9198493958	0.676892924367	2.0	9.93999958038	22.3599996567	0.0	12.9600000381	0.026360888189	1.0	3
1.0	6134.63525391	6.0	2.0	1017.24890137	3.0	2.0	48.9200000763	0.0	0.995690226555	-0.0703782364726	-0.0603981055319	30.1405517254	21.9195485134	-45.8263511658	-2.44518518448	48.7597503662	0.622229245887	1.0	11.8999996185	11.5	0.0	11.8999996185	0.981046944023	1.0	3
1.0	2703.38916016	1.0	1.0	547.683288574	2.0	2.0	21.1400003433	0.0	0.999264061451	-0.0310347545892	-0.0225434508175	1.7999313451	2.64686624205	-55.1845016479	-8.99315452576	44.5663490295	0.908279516977	1.0	7.44000005722	7.34000015259	0.0	7.44000005722	-1.0	0.0	3
1.0	10898.4824219	12.0	4.0	3924.11767578	4.0	4.0	54.2000007629	0.0	-0.0335525237024	-0.986688196659	0.159124746919	41.5972481515	11.8627919947	-32.1424484253	10.2958202362	39.3527488708	0.85307503674	22.0	6.11999988556	129.724968601	3.0	20.8799991608	0.997719774373	1.0	3
1.0	6099.17089844	12.0	3.0	2581.63232422	4.0	4.0	80.5200014114	0.0	0.999264061451	-0.0310347545892	-0.0225434508175	1.7999313451	28.2210576192	-55.1845016479	-8.99315452576	44.5663490295	0.908279516977	1.0	7.44000005722	7.34000015259	0.0	7.44000005722	0.924151086962	1.0	3
1.0	3341.29003906	9.0	3.0	2418.21386719	4.0	3.0	31.8800001144	3.28764359773	0.44452559948	-0.847972273827	-0.28868663311	23.9344772632	20.955262084	-54.1007499695	-23.677898407	23.8603496552	0.100364924956	1.0	29.7000007629	9.93999958038	0.0	29.7000007629	0.995966294955	1.0	3
1.0	2783.34521484	1.0	1.0	467.727294922	1.0	1.0	26.779999733	1.97760458755	0.772777855396	-0.55232077837	-0.312659800053	0.0	9.94857847683	-47.0692520142	-14.2228507996	42.9525985718	0.116501922249	0.0	0.0	0.0	0.0	0.0	0.0570672262487	1.0	3
1.0	7923.59619141	8.0	5.0	2071.51098633	5.0	4.0	130.600000381	0.0	-0.0335464254022	-0.986689984798	0.159114852548	36.7450859048	10.5539631619	-46.7182502747	9.99719047546	41.2881507874	0.702413544244	4.0	5.69999980927	28.960000515	1.0	8.80000019073	0.998572045711	1.0	3
1.0	8050.96582031	7.0	3.0	1691.69238281	4.0	4.0	65.42000103	0.0	0.999264061451	-0.0310347545892	-0.0225434508175	20.6890586206	28.2210576192	-55.1845016479	-8.99315452576	44.5663490295	0.908279516977	1.0	7.44000005722	7.34000015259	0.0	7.44000005722	0.998938847463	1.0	3
1.0	2795.2980957	7.0	2.0	511.770019531	3.0	2.0	6.62000012398	3.31996982377	0.943777740002	0.107020422816	-0.312778234482	3.9501774366	2.28572033031	-40.78074646	-21.4619998932	32.7961502075	0.121423939085	0.0	0.0	0.0	0.0	0.0	0.986055047626	1.0	3
1.0	5532.8125	5.0	2.0	1958.0871582	5.0	4.0	36.5200004578	0.0	0.999264061451	-0.0310347545892	-0.0225434508175	20.6890586206	23.5606069459	-55.1845016479	-8.99315452576	44.5663490295	0.908279516977	1.0	7.44000005722	7.34000015259	0.0	7.44000005722	0.944955090624	1.0	3
1.0	7556.05517578	7.0	5.0	2111.30444336	7.0	7.0	157.040001154	0.0	-0.999265491962	0.0309873372316	0.022545395419	36.2860659786	1.7999894889	-71.4469985962	13.8646507263	25.0048484802	0.586812155073	5.0	5.69999980927	41.5999999046	1.0	11.1599998474	0.99999303919	1.0	3
1.0	1925.33703613	2.0	1.0	748.579040527	2.0	2.0	29.8400001526	2.11796831323	0.209373950958	-0.77666079998	-0.59410482645	0.0	11.96481225	-54.2806015015	-20.0900497437	39.4398994446	0.407618647517	0.0	0.0	0.0	0.0	0.0	-1.0	0.0	3
1.0	12078.6533203	12.0	9.0	2919.0546875	10.0	10.0	155.600001276	0.0	0.999440431595	0.0	-0.0334491208196	33.7282729054	2.65862566007	-65.3706054688	-8.56634998322	8.08248519897	0.110153496255	15.0	3.70000004768	102.440000296	7.0	28.9200000763	0.999999991022	1.0	3
1.0	12708.8320312	10.0	6.0	3841.13305664	10.0	7.0	73.8200001717	0.0	0.0076041216962	-0.965339064598	0.260888129473	2.65858721144	33.3130676774	-53.7321510315	-11.9713497162	40.8010482788	0.592500938983	12.0	6.5	77.7999996543	5.0	31.0200004578	0.999999964162	1.0	3
1.0	7387.90234375	13.0	7.0	4522.78271484	8.0	6.0	119.679998875	0.0	-0.999437451363	0.0	0.0335370637476	15.8383551374	18.3910844277	-60.5483016968	-5.14694976807	33.8181533813	0.553212235773	8.0	6.30000019073	62.3400006294	4.0	28.9200000763	0.999987837044	1.0	3
1.0	2075.09545898	5.0	3.0	1126.73168945	2.0	2.0	64.5399996042	0.0	0.999440789223	0.0	-0.0334377512336	41.6037661159	2.17574226867	-63.743598938	13.3920001984	28.9086990356	0.617007682156	3.0	9.06000041962	31.1600008011	1.0	9.06000041962	0.866375428017	1.0	3
1.0	7037.58984375	11.0	8.0	2610.15844727	5.0	5.0	165.104399204	0.0	0.999440729618	0.0	-0.0334397517145	36.9345702101	4.36269440253	-68.2082061768	-2.17384004593	15.3885002136	0.963070246843	6.0	1.01999998093	46.3200006485	4.0	18.1399993896	0.999838854535	1.0	3
1.0	3989.34375	8.0	4.0	2357.60693359	7.0	7.0	80.2444000244	0.0	0.999440610409	0.0	-0.0334430113435	3.94407467952	20.3299832282	-33.7074508667	-11.9555997849	47.2791976929	0.747908623343	4.0	9.06000041962	36.5600004196	1.0	9.06000041962	0.881905438756	1.0	3
1.0	7051.99121094	8.0	5.0	2442.25878906	6.0	6.0	169.180000782	0.0	0.999440610409	0.0	-0.0334430113435	30.9531495056	12.8798502715	-33.7074508667	-11.9555997849	47.2791976929	0.747908623343	6.0	1.01999998093	50.2000007629	3.0	18.1399993896	0.999578179455	1.0	3
1.0	5527.18701172	5.0	3.0	1030.91503906	6.0	4.0	59.7800002098	0.0	0.00770688476041	-0.965315282345	0.260973393917	6.45066072157	1.72825483961	-42.3871994019	-0.0171505063772	46.1275024414	0.516543769957	3.0	6.07999992371	21.0800004005	1.0	6.07999992371	0.965215284947	1.0	3
1.0	7926.44189453	7.0	4.0	2046.78930664	5.0	5.0	142.680000305	0.0	0.00759994052351	-0.965312600136	0.260986238718	22.7916602069	2.50630857906	-61.5039520264	-14.6876506805	18.550201416	0.963667068106	4.0	6.30000019073	33.0599994659	1.0	18.1399993896	0.999909778757	1.0	3
