valid	volumeS1	connectedComponentsS1	connectedComponentsS1Rel	volumeS2	connectedComponentsS2	connectedComponentsS2Rel	corticalSize	distanceMin	direction_x	direction_y	direction_z	distanceToExtremity1	distanceToExtremity2	gravityCenter_x	gravityCenter_y	gravityCenter_z	corticalDotProduct	junctions	junctionDepthMin	junctionsSize	plisDePassage	plisDePassageDepthMax	Potential	Class	cycle
1.0	1089.63818359	2.0	1.0	352.085510254	2.0	2.0	38.6200008392	2.13376660368	-0.25560426712	-0.115969412029	-0.959800779819	34.6291327281	9.66384955795	-0.522806584835	36.9635009766	-42.1273498535	0.590454453195	0.0	0.0	0.0	0.0	0.0	-1.0	0.0	1
1.0	2588.26733398	12.0	1.0	1409.42077637	4.0	1.0	5.86000013351	2.37750924719	0.53275603056	-0.246295586228	0.809635400772	10.1085515064	6.41809261837	-0.629996538162	35.1529998779	-41.8566513062	0.292000175592	0.0	0.0	0.0	0.0	0.0	0.971946072355	1.0	1
1.0	4881.64111328	12.0	4.0	2478.18701172	5.0	3.0	29.7400004864	2.57678095144	-0.160407975316	0.300224721432	-0.940284192562	20.4067732186	21.5218749046	-0.664900004864	57.8648986816	-27.9632987976	0.993868152183	7.0	2.0	30.1136004627	2.0	17.7000007629	0.976412399365	1.0	1
1.0	4541.12792969	10.0	2.0	2625.07519531	8.0	2.0	8.02000045776	0.0	0.997889995575	-0.0560491830111	-0.032771948725	5.51806636157	21.6425354757	-3.54324483871	66.1055526733	-12.5740499496	0.881658939774	3.0	3.96000003815	22.2800004482	2.0	17.7000007629	0.987543781058	1.0	1
1.0	51.5157012939	1.0	0.0	814.405090332	2.0	0.0	0.0	10.0	0.0	0.0	0.0	0.0	0.0	0.0	0.0	0.0	2.0	0.0	0.0	0.0	0.0	0.0	0.495124997604	1.0	1
1.0	1203.66882324	3.0	1.0	1197.03112793	3.0	1.0	12.6999998093	4.07633424224	0.0189949776977	0.680859565735	-0.73216766119	7.46373390327	9.8087286474	-1.37737500668	44.2848510742	-8.70446968079	0.588472874127	0.0	0.0	0.0	0.0	0.0	0.233497196151	1.0	1
1.0	710.586791992	4.0	2.0	1466.87304688	1.0	1.0	46.3200006485	0.0	-0.995600283146	0.0935386642814	-0.00552670052275	7.50021587244	2.10285495366	-2.02419996262	55.4481506348	-7.5886297226	0.735592511098	1.0	3.94000005722	4.21999979019	1.0	3.94000005722	-1.0	0.0	1
1.0	7580.82324219	8.0	2.0	4528.78613281	5.0	3.0	37.5800011158	0.0	-0.995600283146	0.0935386642814	-0.00552670052275	15.9925962092	2.10285495366	-2.02419996262	55.4481506348	-7.5886297226	0.735592511098	3.0	3.94000005722	33.5599999428	2.0	10.6800003052	0.999993540269	1.0	1
1.0	332.018798828	3.0	1.0	1479.44506836	1.0	1.0	5.96000003815	2.97287744408	-0.0282317344099	0.884208321571	0.466238766909	0.0	21.3450898719	-1.02032446861	44.1814994812	-24.6771011353	0.742228059628	0.0	0.0	0.0	0.0	0.0	0.220442638325	1.0	1
1.0	7470.31542969	8.0	3.0	3734.06616211	8.0	4.0	36.8599998951	0.0	0.10499676317	0.99256080389	0.0616335980594	2.71365773692	18.2142723579	-4.77110958099	63.8573989868	-21.6973991394	0.29867457603	4.0	4.94000005722	55.8800010681	1.0	10.6800003052	0.99997911732	1.0	1
1.0	1442.65075684	3.0	1.0	1965.43798828	4.0	1.0	24.7399997711	0.0	0.104996815324	0.992560565472	0.0616376250982	3.64095499371	2.10285439548	-2.23155498505	26.8248500824	-45.8089981079	0.393274116727	0.0	0.0	0.0	1.0	13.9399995804	0.878941229357	1.0	1
1.0	3971.43896484	10.0	4.0	3645.58911133	3.0	3.0	91.7600009441	0.0	-0.995600283146	0.0935386642814	-0.00552670052275	15.9925962092	2.10285495366	-2.02419996262	55.4481506348	-7.5886297226	0.735592511098	3.0	3.94000005722	33.5599999428	3.0	13.9399995804	0.9929375952	1.0	1
1.0	845.622680664	4.0	2.0	696.396118164	3.0	2.0	30.6200008392	0.0	-0.995600283146	0.0935386642814	-0.00552670052275	15.9925962092	2.10285495366	-2.02419996262	55.4481506348	-7.5886297226	0.735592511098	2.0	3.94000005722	20.3799996376	1.0	3.94000005722	0.420452940649	1.0	1
1.0	5084.98681641	7.0	3.0	2811.74389648	1.0	1.0	52.4200005531	0.0	-0.995600283146	0.0935386642814	-0.00552670052275	7.50021587244	2.10285495366	-2.02419996262	55.4481506348	-7.5886297226	0.735592511098	1.0	3.94000005722	4.21999979019	2.0	13.9399995804	0.999129164919	1.0	1
1.0	2602.94067383	4.0	2.0	1710.4050293	3.0	3.0	71.5200004578	0.0	0.10499676317	0.99256080389	0.0616335980594	2.71365773692	22.6685436191	-4.77110958099	63.8573989868	-21.6973991394	0.29867457603	1.0	15.1199998856	16.1599998474	1.0	10.6800003052	0.358995647412	1.0	1
1.0	5231.79296875	7.0	4.0	2829.39111328	4.0	4.0	63.9600009918	0.0	-0.995600283146	0.0935386642814	-0.00552670052275	15.9925962092	2.10285495366	-2.02419996262	55.4481506348	-7.5886297226	0.735592511098	2.0	3.94000005722	20.3799996376	3.0	13.9399995804	0.998130174199	1.0	1
1.0	560.838806152	1.0	1.0	1318.98583984	1.0	1.0	27.4400005341	2.34961485446	0.0334253832698	0.984701752663	-0.171012192965	17.7207656737	0.0	-1.64177501202	53.5304031372	-18.2933502197	0.576317839278	0.0	0.0	0.0	0.0	0.0	-1.0	0.0	1
1.0	5932.76123047	9.0	3.0	2916.29223633	8.0	3.0	44.6399998665	0.0	0.999348223209	-0.0346100665629	-0.0102584892884	2.09466663301	37.9485118942	-2.89269995689	40.4314002991	-39.5432510376	0.200102220898	3.0	8.56000041962	31.7399997711	1.0	10.1400003433	0.966541629816	1.0	1
1.0	6430.67578125	8.0	2.0	2356.61499023	10.0	3.0	31.279999733	0.0	0.0334302261472	0.984703600407	-0.171000614762	2.83402428978	15.7415759164	-1.76041507721	49.479598999	-15.7796001434	0.368813486851	2.0	17.0799999237	23.8999996185	1.0	9.22000026703	0.995825925528	1.0	1
1.0	6569.70556641	9.0	3.0	2664.95483398	10.0	5.0	39.6999998093	2.40988587976	0.0267825145274	0.884715020657	-0.465362221003	0.0	15.0022266645	-1.62727999687	53.6795005798	-17.414100647	0.930865763152	7.0	10.779999733	77.6799983978	0.0	27.6200008392	0.982551903914	1.0	1
1.0	473.340026855	1.0	1.0	1406.48486328	2.0	2.0	41.4600009918	0.0	-0.0334304533899	-0.984703660011	0.171000361443	3.05724840488	4.88670560053	-1.30696499348	34.7971000671	-29.5406990051	0.772195238278	1.0	8.56000041962	7.84000015259	0.0	8.56000041962	0.131077375663	1.0	1
1.0	922.894775391	2.0	1.0	1318.98583984	1.0	1.0	27.4400005341	2.34961485446	0.0334253832698	0.984701752663	-0.171012192965	21.2594142872	0.0	-1.64177501202	53.5304031372	-18.2933502197	0.576317839278	0.0	0.0	0.0	0.0	0.0	0.118098801166	1.0	1
1.0	804.528808594	2.0	1.0	1978.5378418	3.0	1.0	27.4400005341	2.34961485446	0.0334253832698	0.984701752663	-0.171012192965	17.7207656737	15.0022266645	-1.64177501202	53.5304031372	-18.2933502197	0.576317839278	0.0	0.0	0.0	0.0	0.0	0.118098801166	1.0	1
1.0	3166.15356445	4.0	3.0	987.124023438	6.0	3.0	26.2399997711	0.0	-0.999344706535	0.0346956141293	0.0103109460324	37.1251344915	0.0	-6.83917999268	44.6747512817	-2.19063997269	0.780607818502	2.0	8.68000030518	28.7600002289	2.0	10.1400003433	0.972462377371	1.0	1
1.0	1964.96557617	2.0	1.0	688.619750977	3.0	3.0	39.0199999809	1.1971549501	0.0502847470343	-0.0856134146452	-0.995058655739	14.804554544	14.8046101941	-0.0392074622214	35.8982467651	-34.7710494995	0.424427658754	0.0	0.0	0.0	0.0	0.0	-1.0	0.0	1
1.0	6109.04394531	10.0	3.0	2771.65014648	7.0	1.0	39.2599992752	1.57080867387	0.00888378079981	0.869326651096	0.494158118963	55.1993001335	16.7555988979	-1.39910006523	33.3666992188	-53.3272514343	0.529780712758	0.0	0.0	0.0	0.0	0.0	0.998144887555	1.0	1
1.0	2107.54248047	4.0	3.0	546.04296875	1.0	1.0	41.9399995804	2.10828128293	-0.204433113337	-0.0744005516171	-0.976049005985	4.83181920739	1.12710134375	-0.404258847237	55.2220535278	-23.8275985718	0.317687883086	0.0	0.0	0.0	0.0	0.0	0.0421624848165	1.0	1
1.0	7258.23144531	12.0	4.0	3585.28149414	9.0	3.0	59.6000003815	0.0	0.998025774956	-0.0331852547824	0.0533231683075	51.1576134209	1.77279349548	-0.850752472878	35.5542984009	-51.3648529053	0.753601957552	2.0	12.5600004196	25.9600000381	0.0	13.5200004578	0.999744380853	1.0	1
1.0	962.497009277	1.0	1.0	371.201782227	3.0	3.0	31.8600001335	1.1971549501	0.0502847470343	-0.0856134146452	-0.995058655739	17.4815715552	14.8046101941	-0.0392074622214	35.8982467651	-34.7710494995	0.424427658754	0.0	0.0	0.0	0.0	0.0	0.0579430216781	1.0	1
1.0	3946.16162109	8.0	3.0	1594.5111084	3.0	2.0	31.8200001717	0.0	0.046188864857	0.993749916553	-0.101625479758	2.33388321038	1.82330134618	-9.37035942078	42.4604988098	-3.46629476547	0.506987425517	2.0	5.98000001907	17.3999996185	0.0	12.5600004196	0.983655837333	1.0	1
1.0	2064.19262695	4.0	2.0	546.04296875	1.0	1.0	28.0399999619	2.10828128293	-0.204433113337	-0.0744005516171	-0.976049005985	4.83181920739	1.12710134375	-0.404258847237	55.2220535278	-23.8275985718	0.317687883086	0.0	0.0	0.0	0.0	0.0	0.0841753924191	1.0	1
1.0	6095.52099609	8.0	3.0	1783.42480469	4.0	4.0	60.6599993706	0.0	0.998025774956	-0.0331852547824	0.0533231683075	51.1576134209	15.8561278278	-0.850752472878	35.5542984009	-51.3648529053	0.753601957552	1.0	12.5600004196	11.7399997711	0.0	12.5600004196	0.997172669502	1.0	1
1.0	4151.30566406	3.0	1.0	688.619750977	3.0	3.0	39.0199999809	1.1971549501	0.0502847470343	-0.0856134146452	-0.995058655739	14.804554544	14.8046101941	-0.0392074622214	35.8982467651	-34.7710494995	0.424427658754	0.0	0.0	0.0	0.0	0.0	0.287017034347	1.0	1
1.0	5921.82470703	8.0	4.0	1808.35375977	3.0	3.0	92.2599987984	1.69303868127	0.0502847544849	-0.0856484249234	-0.995055675507	46.0633891331	0.0	-0.307113498449	27.6249504089	-36.0830001831	0.242675346289	0.0	0.0	0.0	0.0	0.0	0.996321229919	1.0	1
1.0	1345.0222168	2.0	1.0	362.125396729	2.0	2.0	24.1599998474	0.0	-0.00612496165559	0.998390614986	-0.0563796795905	17.8494773584	4.50324776046	-0.17596450448	51.8081512451	-12.0080499649	0.842793194586	1.0	1.12000000477	3.0	0.0	1.12000000477	-1.0	0.0	1
1.0	6812.06640625	9.0	1.0	2410.33325195	6.0	2.0	48.6600008011	1.66636133576	-0.46447467804	0.703844070435	-0.537463247776	29.5783792978	14.2774652753	-2.86430501938	42.1698989868	-31.5857009888	0.218943345671	0.0	0.0	0.0	0.0	0.0	0.999831319531	1.0	1
1.0	1922.17114258	3.0	1.0	362.125396729	2.0	2.0	24.1599998474	0.0	-0.00612496165559	0.998390614986	-0.0563796795905	17.8494773584	4.50324776046	-0.17596450448	51.8081512451	-12.0080499649	0.842793194586	1.0	1.12000000477	3.0	0.0	1.12000000477	0.202812536158	1.0	1
1.0	8925.00488281	7.0	3.0	2979.39868164	8.0	5.0	55.8200006485	0.0	-0.00612552510574	0.998390674591	-0.0563785322011	2.5350293988	8.62554172931	-0.0826568976045	63.0451507568	-11.1481494904	0.245473022755	2.0	1.12000000477	5.1400001049	2.0	21.8199996948	0.999998868439	1.0	1
1.0	4240.15625	9.0	4.0	1022.07897949	3.0	3.0	37.8200011253	0.0	-0.00612552510574	0.998390674591	-0.0563785322011	2.5350293988	8.62554172931	-0.0826568976045	63.0451507568	-11.1481494904	0.245473022755	1.0	7.51999998093	6.40000009537	2.0	21.8199996948	0.989381768465	1.0	1
1.0	2944.1027832	8.0	4.0	947.825439453	2.0	2.0	43.2400007248	0.0	0.994935810566	0.0	-0.100512541831	11.2641594815	11.0260235543	-2.51802492142	55.0595016479	-18.001449585	0.895497804185	1.0	7.51999998093	6.40000009537	1.0	7.51999998093	0.975163066222	1.0	1
1.0	922.354553223	1.0	1.0	414.588012695	2.0	1.0	8.86000013351	0.0	-0.994935810566	0.0	0.100512541831	24.5683726981	10.9612604154	-2.51802492142	55.0595016479	-18.001449585	0.895497804185	1.0	7.51999998093	6.40000009537	1.0	7.51999998093	0.0513707460656	1.0	1
1.0	3904.31835938	7.0	2.0	158.904998779	1.0	1.0	17.779999733	2.19017127286	-0.73529291153	0.618971049786	-0.276078104973	21.8848903357	0.0	-2.25157356262	48.0510482788	-25.9391498566	0.632271263647	0.0	0.0	0.0	0.0	0.0	0.986673904654	1.0	1
1.0	4498.56982422	7.0	2.0	1799.37646484	3.0	2.0	55.5600004196	0.0	-0.00612496165559	0.998390614986	-0.0563796795905	24.0320991514	11.4883777375	-0.17596450448	51.8081512451	-12.0080499649	0.842793194586	1.0	1.12000000477	3.0	0.0	1.12000000477	0.989737726521	1.0	1
1.0	846.907958984	1.0	1.0	1026.64306641	1.0	1.0	31.0599994659	0.0	0.04294180125	0.985949873924	-0.161427363753	3.03611373716	3.11411908019	-1.00738358498	57.5278511047	-18.5918502808	0.433098951361	1.0	2.98000001907	2.16000008583	1.0	2.98000001907	-1.0	0.0	1
1.0	5542.41552734	8.0	2.0	3204.64916992	7.0	4.0	49.7599992752	0.0	0.04294180125	0.985949873924	-0.161427363753	17.5894979802	3.11411908019	-1.00738358498	57.5278511047	-18.5918502808	0.433098951361	3.0	2.98000001907	21.0199997425	3.0	12.3000001907	0.99999769226	1.0	1
1.0	4439.97265625	6.0	2.0	2059.10546875	6.0	2.0	8.80000019073	2.81668601584	0.177126243711	0.834399282932	0.521923482418	50.6494846573	28.677160937	-0.364393979311	41.5913467407	-44.5663986206	0.981723443783	1.0	27.6200008392	6.80000019073	1.0	27.6200008392	0.998130630195	1.0	1
1.0	5291.49853516	8.0	2.0	3242.38696289	7.0	4.0	61.2599992752	0.0	0.04294180125	0.985949873924	-0.161427363753	17.5894979802	3.11411908019	-1.00738358498	57.5278511047	-18.5918502808	0.433098951361	3.0	2.98000001907	21.0199997425	3.0	12.3000001907	0.999983167725	1.0	1
1.0	736.958984375	1.0	1.0	544.758972168	2.0	1.0	19.8400001526	0.0	-0.042933486402	-0.985950231552	0.161427408457	1.78706952455	16.4688668597	-1.02147841454	49.7554512024	-30.3176498413	0.614251708338	0.0	0.0	0.0	1.0	8.43999958038	0.0525881437327	1.0	1
1.0	2401.80395508	5.0	2.0	1089.87084961	4.0	2.0	49.0199995041	0.0	0.04294180125	0.985949873924	-0.161427363753	17.5894979802	3.11411908019	-1.00738358498	57.5278511047	-18.5918502808	0.433098951361	1.0	2.98000001907	2.16000008583	1.0	2.98000001907	0.985902758981	1.0	1
1.0	660.812988281	2.0	0.0	1240.32055664	4.0	0.0	0.0	10.0	0.0	0.0	0.0	0.0	0.0	0.0	0.0	0.0	2.0	0.0	0.0	0.0	0.0	0.0	0.495124997604	1.0	1
1.0	2976.81811523	5.0	2.0	1095.95227051	6.0	3.0	30.1999998093	1.13277977206	0.0190145093948	-0.143783137202	-0.989426553249	38.8851922697	10.0017310201	0.049125701189	42.3593521118	-34.9309005737	0.339392447109	0.0	0.0	0.0	0.0	0.0	0.966725876953	1.0	1
1.0	3380.57202148	5.0	2.0	1605.77563477	4.0	2.0	49.0199995041	0.0	0.04294180125	0.985949873924	-0.161427363753	17.5894979802	3.11411908019	-1.00738358498	57.5278511047	-18.5918502808	0.433098951361	1.0	2.98000001907	2.16000008583	1.0	2.98000001907	0.99295662526	1.0	1
1.0	3365.57275391	6.0	4.0	1886.90258789	4.0	2.0	62.7800002098	0.0	-0.042933486402	-0.985950231552	0.161427408457	30.5215066665	16.4688668597	-1.02147841454	49.7554512024	-30.3176498413	0.614251708338	0.0	0.0	0.0	1.0	8.43999958038	0.993138954897	1.0	1
1.0	1619.25439453	1.0	1.0	1187.30004883	1.0	1.0	41.3199996948	1.58672617578	0.0186359342188	0.234934523702	-0.971832513809	15.643033393	21.5811943927	3.90247011185	44.1693496704	-33.2041015625	0.73627692829	0.0	0.0	0.0	0.0	0.0	-1.0	0.0	1
1.0	5748.89941406	8.0	2.0	4078.0144043	11.0	2.0	24.4400010109	0.0	0.00374794960953	0.980664610863	-0.195660084486	72.7874816195	0.0	-6.5272397995	46.7864532471	-0.141620546579	0.810127054962	2.0	1.08000004292	8.56000041962	2.0	8.85999965668	0.991437490949	1.0	1
1.0	3511.49438477	12.0	4.0	2913.19921875	9.0	2.0	44.3199996948	1.58672617578	0.0186359342188	0.234934523702	-0.971832513809	15.643033393	31.969182009	3.90247011185	44.1693496704	-33.2041015625	0.73627692829	7.0	11.1199998856	45.692029953	0.0	20.6200008392	0.690098778864	1.0	1
1.0	5693.17626953	8.0	2.0	3671.70166016	9.0	2.0	18.2800002098	0.0	0.00375214475207	0.980662345886	-0.195671245456	48.3393289956	0.0	0.683075010777	26.6683502197	-35.5952987671	0.976862565538	1.0	8.85999965668	8.56000041962	1.0	8.85999965668	0.980881193473	1.0	1
1.0	2667.78442383	2.0	1.0	1187.30004883	1.0	1.0	41.3199996948	1.58672617578	0.0186359342188	0.234934523702	-0.971832513809	15.643033393	21.5811943927	3.90247011185	44.1693496704	-33.2041015625	0.73627692829	0.0	0.0	0.0	0.0	0.0	0.431245557268	1.0	1
1.0	5881.55859375	8.0	5.0	2168.71923828	4.0	3.0	67.0800004005	0.0	0.00375214475207	0.980662345886	-0.195671245456	48.3393289956	0.0	0.683075010777	26.6683502197	-35.5952987671	0.976862565538	2.0	8.85999965668	8.72520041466	2.0	10.5200004578	0.99859444272	1.0	1
1.0	2321.73925781	2.0	1.0	1391.83691406	2.0	2.0	56.9399995804	1.58672617578	0.0186359342188	0.234934523702	-0.971832513809	15.643033393	13.7414582629	3.90247011185	44.1693496704	-33.2041015625	0.73627692829	0.0	0.0	0.0	0.0	0.0	0.379865126279	1.0	1
1.0	6375.92138672	7.0	3.0	1715.83544922	5.0	3.0	83.7199997902	0.0	-0.736239433289	0.660862505436	-0.145644411445	1.47276796994	0.0	4.09647512436	69.4008483887	-14.9400501251	0.967362959411	1.0	10.5200004578	0.165199995041	1.0	10.5200004578	0.99187554256	1.0	1
1.0	855.470092773	3.0	0.0	43.617401123	1.0	0.0	0.0	10.0	0.0	0.0	0.0	0.0	0.0	0.0	0.0	0.0	2.0	0.0	0.0	0.0	0.0	0.0	0.495124997604	1.0	1
1.0	4621.88183594	7.0	4.0	1709.87561035	5.0	2.0	51.5000004768	0.0	0.00375214475207	0.980662345886	-0.195671245456	47.2168439309	0.0	0.683075010777	26.6683502197	-35.5952987671	0.976862565538	1.0	8.85999965668	8.56000041962	1.0	8.85999965668	0.98540769914	1.0	1
1.0	656.547973633	2.0	1.0	1122.3840332	2.0	2.0	32.4799995422	0.0	0.0265278648585	0.970083355904	-0.241318359971	16.5739152951	12.9568509619	-0.344795525074	49.0299987793	-27.3726501465	0.23186696168	1.0	1.12000000477	0.0	0.0	1.12000000477	-1.0	0.0	1
1.0	7264.76367188	9.0	3.0	5257.80078125	5.0	2.0	42.6400003433	2.14629209732	-0.25761204958	0.956617772579	0.136082753539	68.0981592308	3.7845686189	-16.0751495361	45.8028488159	-1.20559453964	0.217036488524	2.0	20.7199993134	22.4799995422	0.0	23.0799999237	0.992937603514	1.0	1
1.0	6962.41894531	8.0	2.0	3819.07080078	6.0	1.0	11.279999733	2.14629209732	-0.25761204958	0.956617772579	0.136082753539	68.0981592308	3.7845686189	-16.0751495361	45.8028488159	-1.20559453964	0.217036488524	2.0	20.7199993134	22.4799995422	0.0	23.0799999237	0.9971124942	1.0	1
1.0	5450.60253906	5.0	0.0	2167.57421875	6.0	0.0	0.0	10.0	0.0	0.0	0.0	0.0	0.0	0.0	0.0	0.0	2.0	0.0	0.0	0.0	0.0	0.0	0.495124997604	1.0	1
1.0	302.345001221	1.0	0.0	683.600036621	2.0	0.0	0.0	10.0	0.0	0.0	0.0	0.0	0.0	0.0	0.0	0.0	2.0	0.0	0.0	0.0	0.0	0.0	0.495124997604	1.0	1
1.0	5332.94384766	5.0	2.0	3041.03369141	4.0	3.0	57.8799991608	0.0	0.0265278648585	0.970083355904	-0.241318359971	16.5739152951	34.0520551619	-0.344795525074	49.0299987793	-27.3726501465	0.23186696168	1.0	1.12000000477	0.0	0.0	1.12000000477	0.977930478095	1.0	1
1.0	4003.45947266	3.0	0.0	993.375793457	3.0	0.0	0.0	10.0	0.0	0.0	0.0	0.0	0.0	0.0	0.0	0.0	2.0	0.0	0.0	0.0	0.0	0.0	0.495124997604	1.0	1
1.0	5727.07470703	5.0	2.0	2469.96289062	3.0	1.0	31.3600006104	3.42175390299	0.136708125472	0.91679340601	-0.375234276056	37.3806768066	29.4601858079	-1.40728211403	29.8399009705	-32.960899353	0.240420700997	0.0	0.0	0.0	0.0	0.0	0.985085988589	1.0	1
1.0	3260.14794922	3.0	1.0	1217.99987793	3.0	2.0	32.4799995422	0.0	0.0265278648585	0.970083355904	-0.241318359971	16.5739152951	12.9568509619	-0.344795525074	49.0299987793	-27.3726501465	0.23186696168	1.0	1.12000000477	0.0	0.0	1.12000000477	0.541620145642	1.0	1
1.0	6062.27783203	5.0	2.0	3139.27172852	4.0	3.0	43.8399991989	0.0	0.0265278648585	0.970083355904	-0.241318359971	16.5739152951	34.0520551619	-0.344795525074	49.0299987793	-27.3726501465	0.23186696168	1.0	1.12000000477	0.0	0.0	1.12000000477	0.980117603109	1.0	1
1.0	908.861755371	2.0	1.0	867.740478516	1.0	1.0	31.6400001049	0.0	0.0849482044578	0.953453958035	-0.289325594902	19.861244989	18.8504354368	-0.655456483364	52.970500946	-18.1875495911	0.419562395153	1.0	1.0	0.0	1.0	1.0	-1.0	0.0	1
1.0	5288.50732422	11.0	3.0	5756.51708984	7.0	2.0	21.8399999142	0.0	-0.154390633106	-0.257772177458	-0.953790903091	53.4714981669	45.9335166722	0.559386968613	58.6084518433	-22.3246498108	0.336543657397	3.0	1.0	22.3000001907	0.0	23.3199996948	0.97372204699	1.0	1
1.0	4985.75244141	8.0	4.0	6158.37841797	8.0	2.0	51.7599999905	0.0	0.084966853261	0.953451812267	-0.289327383041	16.1458172687	49.3350520578	-5.32981014252	31.6634979248	-49.5596504211	0.997666783795	3.0	1.0	24.6799993515	2.0	7.51999998093	0.944954997712	1.0	1
1.0	6708.79003906	9.0	2.0	5642.77978516	7.0	2.0	40.6799995899	0.0	-0.982122182846	0.129121050239	0.136980980635	0.0	40.2187837818	-1.14502096176	69.566696167	-10.6090507507	0.936654239161	4.0	1.0	38.0599994659	0.0	23.3199996948	0.993636703086	1.0	1
1.0	4883.82470703	5.0	1.0	2426.34545898	3.0	1.0	31.6400001049	0.0	0.0849482044578	0.953453958035	-0.289325594902	19.861244989	18.0490910497	-0.655456483364	52.970500946	-18.1875495911	0.419562395153	1.0	1.0	0.0	1.0	1.0	0.967818266109	1.0	1
1.0	4811.6640625	8.0	5.0	4028.9777832	5.0	3.0	89.5599999428	0.0	-0.982122182846	0.129121050239	0.136980980635	0.0	23.3192687842	-1.14502096176	69.566696167	-10.6090507507	0.936654239161	5.0	1.0	37.1199989319	2.0	7.51999998093	0.987968308558	1.0	1
1.0	4373.18261719	6.0	1.0	2877.54223633	4.0	1.0	31.6400001049	0.0	0.0849482044578	0.953453958035	-0.289325594902	19.861244989	18.0490910497	-0.655456483364	52.970500946	-18.1875495911	0.419562395153	1.0	1.0	0.0	1.0	1.0	0.945563387003	1.0	1
1.0	5025.19970703	6.0	2.0	3651.00610352	4.0	1.0	53.5600001812	0.0	0.084966853261	0.953451812267	-0.289327383041	53.4693293021	2.27655498234	-5.32981014252	31.6634979248	-49.5596504211	0.997666783795	2.0	1.0	16.7999992371	1.0	1.0	0.977050266105	1.0	1
1.0	908.861755371	2.0	1.0	228.274505615	2.0	2.0	15.5200002193	0.0	0.0849482044578	0.953453958035	-0.289325594902	19.861244989	2.06183129881	-0.655456483364	52.970500946	-18.1875495911	0.419562395153	1.0	1.0	0.0	1.0	1.0	0.175270911884	1.0	1
1.0	4469.12890625	5.0	2.0	3008.58227539	4.0	1.0	44.7200000286	0.0	0.0849667489529	0.953452467918	-0.289325147867	2.68863869203	28.8469261209	-3.23085999489	41.2107009888	-26.6136512756	0.479573199529	2.0	7.51999998093	24.6799993515	1.0	7.51999998093	0.987265447062	1.0	1
1.0	1234.63745117	2.0	1.0	873.06060791	2.0	2.0	33.6399998665	1.585972903	-0.346024155617	0.68675506115	-0.639245510101	30.1700751948	1.02027124178	1.24638152122	30.4413986206	-30.1217498779	0.13558994526	0.0	0.0	0.0	0.0	0.0	-1.0	0.0	1
1.0	8162.82080078	5.0	1.0	3183.13671875	3.0	2.0	6.69999980927	0.0	0.998193323612	-0.0286215376109	0.0528292655945	1.38611493058	1.64670482755	2.48189997673	60.9460983276	-14.2375497818	0.766518241555	2.0	22.6200008392	59.8400020599	1.0	22.6200008392	0.999319123446	1.0	1
1.0	7148.93164062	9.0	3.0	4293.75878906	5.0	3.0	48.1399998665	0.0	0.998193323612	-0.0286215376109	0.0528292655945	1.38611493058	34.1674846913	2.48189997673	60.9460983276	-14.2375497818	0.766518241555	4.0	11.9600000381	77.3600025177	1.0	22.6200008392	0.999701318608	1.0	1
1.0	2023.37109375	4.0	1.0	2883.95605469	3.0	1.0	10.8999996185	0.0	0.0412263385952	0.994544506073	-0.0958209186792	2.48619693849	20.4887458288	1.67362999916	38.7555503845	-23.2495498657	0.735680200986	1.0	5.78000020981	6.03999996185	0.0	5.78000020981	0.140854385809	1.0	1
1.0	4480.79101562	6.0	2.0	3708.45263672	3.0	2.0	33.4000000954	0.0	0.998193323612	-0.0286215376109	0.0528292655945	1.38611493058	34.1674846913	2.48189997673	60.9460983276	-14.2375497818	0.766518241555	1.0	22.6200008392	35.7400016785	1.0	22.6200008392	0.981108690825	1.0	1
1.0	3741.98217773	7.0	2.0	3645.07592773	3.0	2.0	21.1399998665	0.0	0.0412263385952	0.994544506073	-0.0958209186792	2.48619693849	20.4887458288	1.67362999916	38.7555503845	-23.2495498657	0.735680200986	1.0	5.78000020981	6.03999996185	0.0	5.78000020981	0.700614093969	1.0	1
1.0	8735.46582031	4.0	2.0	3954.87304688	4.0	4.0	64.9799995422	0.0	0.0412262231112	0.994544327259	-0.0958225950599	31.906408521	0.911071731124	0.684085965157	31.9861507416	-28.2104492188	0.973844058789	3.0	5.78000020981	47.4800014496	1.0	22.6200008392	0.999403852531	1.0	1
1.0	6987.53369141	7.0	3.0	3675.19995117	2.0	2.0	43.6400003433	0.0	0.998193323612	-0.0286215376109	0.0528292655945	1.38611493058	33.2186324575	2.48189997673	60.9460983276	-14.2375497818	0.766518241555	1.0	22.6200008392	35.7400016785	1.0	22.6200008392	0.974991787504	1.0	1
1.0	7317.12451172	4.0	1.0	3206.36865234	5.0	1.0	7.17999982834	1.585972903	-0.346024155617	0.68675506115	-0.639245510101	42.9558810444	1.02027124178	1.24638152122	30.4413986206	-30.1217498779	0.13558994526	0.0	0.0	0.0	0.0	0.0	0.995855419016	1.0	1
1.0	1364.63452148	2.0	1.0	1149.86206055	1.0	1.0	13.5200004578	2.49716836784	0.28912332654	0.923477172852	-0.252185732126	31.0971779725	20.3171427155	-4.15246963501	43.873550415	-38.5088996887	0.953995944686	0.0	0.0	0.0	0.0	0.0	-1.0	0.0	1
1.0	10839.9267578	9.0	2.0	4277.70361328	7.0	3.0	80.2399997711	0.0	-0.0289063360542	0.963120222092	-0.267514228821	27.8927215716	0.0	-15.2206497192	44.6535987854	-0.91129052639	0.308066502589	4.0	0.980000019073	33.6800003052	4.0	20.3199996948	0.999999972709	1.0	1
1.0	7527.69824219	11.0	3.0	3390.3137207	6.0	3.0	77.5600011349	0.0	0.00635286839679	-0.344305068254	0.938836336136	26.7411263582	6.3912634009	-13.128900528	41.5788002014	-5.14060497284	0.251511127896	3.0	3.94000005722	14.1800000668	1.0	20.3199996948	0.999947404192	1.0	1
1.0	10549.5361328	10.0	4.0	5778.81640625	5.0	2.0	100.280000687	0.0	-0.0289063360542	0.963120222092	-0.267514228821	27.8927215716	0.0	-15.2206497192	44.6535987854	-0.91129052639	0.308066502589	6.0	2.94000005722	61.2399997711	4.0	20.3199996948	0.999999990991	1.0	1
1.0	2941.84326172	7.0	3.0	3804.56689453	4.0	3.0	76.9399986267	0.0	-0.999503552914	-0.0310959033668	-0.00506544858217	0.0	35.2631625865	-4.21702003479	59.2816505432	-22.3407001495	0.980961225792	2.0	5.63999986649	11.7399997711	2.0	9.0	0.946165144721	1.0	1
1.0	7091.25732422	6.0	2.0	3741.82104492	2.0	2.0	36.6400003433	0.0	-0.999503552914	-0.0310959033668	-0.00506544858217	0.0	21.5975181382	-4.21702003479	59.2816505432	-22.3407001495	0.980961225792	0.0	0.0	0.0	1.0	9.0	0.999358000367	1.0	1
1.0	3213.41650391	6.0	2.0	1899.38684082	2.0	1.0	26.2000007629	0.0	-0.0288474280387	0.963103473186	-0.267580777407	25.6228288681	35.1786065448	-3.59782004356	25.357049942	-33.3656005859	0.785703773496	1.0	5.63999986649	4.65999984741	0.0	5.63999986649	0.507876141847	1.0	1
1.0	4783.51757812	6.0	1.0	3045.82495117	4.0	2.0	25.6000003815	0.0	0.999507188797	0.0309952422976	0.00496495701373	31.0188600482	1.99303640912	-5.54734516144	40.9789009094	-37.7250518799	0.650737886249	1.0	3.92000007629	2.96000003815	0.0	3.92000007629	0.96708660534	1.0	1
1.0	6727.86865234	9.0	4.0	3881.29882812	4.0	3.0	92.2600011826	0.0	-0.0288474280387	0.963103473186	-0.267580777407	44.1739284916	0.0	-3.59782004356	25.357049942	-33.3656005859	0.785703773496	4.0	3.92000007629	40.5399999619	1.0	18.7600002289	0.998666595648	1.0	1
1.0	6969.79150391	7.0	1.0	1530.70959473	4.0	2.0	25.6000003815	0.0	0.999507188797	0.0309952422976	0.00496495701373	33.1522778596	24.5899603469	-5.54734516144	40.9789009094	-37.7250518799	0.650737886249	1.0	3.92000007629	2.96000003815	0.0	3.92000007629	0.991046702444	1.0	1
1.0	1385.73962402	2.0	1.0	688.139404297	1.0	1.0	24.9400005341	1.66847232123	-0.0130723416805	0.976928293705	-0.213167130947	5.82945137505	22.0045929023	-4.75640487671	52.8341522217	-17.6247997284	0.778906207097	0.0	0.0	0.0	0.0	0.0	-1.0	0.0	1
1.0	6349.08349609	8.0	4.0	1225.55603027	4.0	3.0	65.8800010681	0.0	-0.997142791748	0.0	0.0755399540067	16.3654620411	13.8969193728	-3.97559499741	45.9152984619	-27.372051239	0.95428783851	2.0	7.03999996185	12.5	1.0	10.3000001907	0.995576743162	1.0	1
1.0	645.879760742	4.0	1.0	316.946990967	1.0	1.0	19.2800006866	0.0	-0.0130735216662	0.976928174496	-0.213167697191	1.82141303517	2.07272064828	-0.262481510639	39.5486526489	-34.2612991333	0.479771392798	1.0	7.03999996185	6.63999986649	0.0	7.03999996185	0.0146379552679	1.0	1
1.0	5248.65380859	4.0	1.0	982.499633789	5.0	1.0	22.5799999237	3.72899453958	0.285525768995	0.617815971375	-0.732651650906	58.178146998	1.30289559543	-8.2345199585	45.2876968384	-6.90297985077	0.881241195326	0.0	0.0	0.0	0.0	0.0	0.977414477259	1.0	1
1.0	2219.55102539	4.0	2.0	838.296325684	2.0	2.0	59.3800010681	0.0	-0.0130735216662	0.976928174496	-0.213167697191	25.7555790511	2.07272064828	-0.262481510639	39.5486526489	-34.2612991333	0.479771392798	1.0	7.03999996185	6.63999986649	1.0	10.3000001907	0.539791807279	1.0	1
1.0	5496.24707031	4.0	1.0	987.810302734	1.0	1.0	24.9400005341	1.66847232123	-0.0130723416805	0.976928293705	-0.213167130947	5.82945137505	1.56051533241	-4.75640487671	52.8341522217	-17.6247997284	0.778906207097	0.0	0.0	0.0	0.0	0.0	0.990345322481	1.0	1
1.0	1021.1217041	3.0	1.0	854.929382324	2.0	2.0	32.0	0.0	0.997142791748	0.0	-0.0755399540067	2.54629371809	16.3654620411	-3.97559499741	45.9152984619	-27.372051239	0.95428783851	0.0	0.0	0.0	1.0	10.3000001907	0.314669324791	1.0	1
1.0	5142.50488281	4.0	2.0	1154.6003418	2.0	2.0	48.0799999237	0.0	0.997142791748	0.0	-0.0755399540067	2.54629371809	16.3654620411	-3.97559499741	45.9152984619	-27.372051239	0.95428783851	0.0	0.0	0.0	1.0	10.3000001907	0.994204907131	1.0	1
1.0	3148.37988281	5.0	1.0	987.810302734	1.0	1.0	24.9400005341	1.66847232123	-0.0130723416805	0.976928293705	-0.213167130947	5.82945137505	1.56051533241	-4.75640487671	52.8341522217	-17.6247997284	0.778906207097	0.0	0.0	0.0	0.0	0.0	0.584807361884	1.0	1
1.0	5496.24707031	4.0	1.0	987.810302734	1.0	1.0	24.9400005341	1.66847232123	-0.0130723416805	0.976928293705	-0.213167130947	5.82945137505	1.56051533241	-4.75640487671	52.8341522217	-17.6247997284	0.778906207097	0.0	0.0	0.0	0.0	0.0	0.990203661167	1.0	1
1.0	962.554016113	3.0	1.0	959.030151367	1.0	1.0	37.3000006676	2.14535545534	-0.302713662386	0.624608337879	-0.719881117344	26.8112072304	17.3126697478	-2.19148993492	40.9906997681	-32.5390510559	0.860469332772	0.0	0.0	0.0	0.0	0.0	-1.0	0.0	1
1.0	7401.13378906	11.0	4.0	2515.57250977	7.0	3.0	55.4712005332	0.0	0.994902431965	0.0	-0.100842297077	20.9697867803	11.0182405499	-3.76793003082	57.9103012085	-24.8367500305	0.707843201293	6.0	8.10000038147	60.0199995041	3.0	11.8199996948	0.996858679867	1.0	1
1.0	2054.22802734	7.0	1.0	567.979003906	3.0	1.0	11.5999999046	0.0	-0.994902431965	0.0	0.100842297077	1.04887883211	1.55204932905	-3.76793003082	57.9103012085	-24.8367500305	0.779105220902	2.0	8.53999996185	19.7199993134	0.0	10.7399997711	0.709381405042	1.0	1
1.0	7100.9296875	10.0	2.0	2667.07128906	4.0	2.0	28.791200228	0.0	0.994902431965	0.0	-0.100842297077	2.14388738293	11.0182405499	-3.76793003082	57.9103012085	-24.8367500305	0.707843201293	3.0	8.96000003815	28.6399993896	1.0	9.56000041962	0.997019798647	1.0	1
1.0	5618.08398438	9.0	3.0	988.496032715	4.0	3.0	50.3000005484	0.0	-0.994902431965	0.0	0.100842297077	21.0714943815	1.55204932905	-3.76793003082	57.9103012085	-24.8367500305	0.779105220902	7.0	8.10000038147	72.3999996185	4.0	11.8199996948	0.845243501614	1.0	1
1.0	6474.37158203	12.0	4.0	1094.76196289	3.0	2.0	50.0512008145	0.0	-0.994902431965	0.0	0.100842297077	21.0714943815	1.55204932905	-3.76793003082	57.9103012085	-24.8367500305	0.779105220902	6.0	8.10000038147	61.1599998474	3.0	11.8199996948	0.998904751994	1.0	1
1.0	2118.11108398	4.0	1.0	1123.1270752	1.0	1.0	37.3000006676	2.14535545534	-0.302713662386	0.624608337879	-0.719881117344	26.8112072304	17.3126697478	-2.19148993492	40.9906997681	-32.5390510559	0.860469332772	0.0	0.0	0.0	0.0	0.0	0.362435609242	1.0	1
1.0	5900.86572266	9.0	2.0	543.593994141	3.0	1.0	10.9200000763	0.0	0.994893431664	0.0	-0.100930795074	26.5064549826	1.84890232406	-4.12949991226	54.4028015137	-29.1182994843	0.924395627862	1.0	9.56000041962	8.46000003815	1.0	9.56000041962	0.998589494272	1.0	1
1.0	3093.42529297	9.0	3.0	661.611022949	1.0	1.0	27.5512000993	0.0	-0.994902431965	0.0	0.100842297077	21.0714943815	1.55204932905	-3.76793003082	57.9103012085	-24.8367500305	0.779105220902	4.0	8.53999996185	40.1399993896	2.0	11.8199996948	0.670751667745	1.0	1
1.0	4054.28491211	8.0	3.0	905.706176758	2.0	2.0	63.2712008432	0.0	-0.00919097289443	0.994012534618	-0.108878724277	32.6090512207	1.10965665226	-4.33440971375	42.6000976562	-51.3219985962	0.12141503204	5.0	8.96000003815	56.1599998474	2.0	11.1199998856	0.970992805176	1.0	1
1.0	826.544067383	2.0	1.0	1125.58642578	1.0	1.0	34.8999996185	1.40887900546	-0.0472721904516	0.97209239006	-0.229786232114	6.72135565135	1.57679864969	-2.86693501472	57.6119499207	-15.234749794	0.387400980846	0.0	0.0	0.0	0.0	0.0	-1.0	0.0	1
1.0	2405.05224609	7.0	0.0	1276.8059082	4.0	0.0	0.0	10.0	0.0	0.0	0.0	0.0	0.0	0.0	0.0	0.0	2.0	0.0	0.0	0.0	0.0	0.0	0.495124997604	1.0	1
1.0	5060.28515625	9.0	1.0	3625.81713867	5.0	1.0	8.77999973297	1.81299748664	-0.0270306523889	0.964158117771	0.263947933912	4.88941766991	28.9185535296	-1.30530500412	45.6380996704	-40.7789993286	0.708286111483	0.0	0.0	0.0	0.0	0.0	0.999861096127	1.0	1
1.0	352.347595215	3.0	1.0	541.665039062	2.0	1.0	6.0	1.25568309158	0.032908488065	0.174276903272	0.984146654606	10.8623533025	2.2470710841	-1.90868496895	38.9161987305	-35.9154968262	0.391581215471	0.0	0.0	0.0	0.0	0.0	0.0114245069267	1.0	1
1.0	1004.28106689	3.0	1.0	1309.8894043	2.0	1.0	34.8999996185	1.40887900546	-0.0472721904516	0.97209239006	-0.229786232114	6.72135565135	1.57679864969	-2.86693501472	57.6119499207	-15.234749794	0.387400980846	0.0	0.0	0.0	0.0	0.0	0.130645500781	1.0	1
1.0	826.544067383	2.0	1.0	1066.30847168	3.0	1.0	18.4799995422	1.40887900546	-0.0472721904516	0.97209239006	-0.229786232114	6.72135565135	1.57679864969	-2.86693501472	57.6119499207	-15.234749794	0.387400980846	0.0	0.0	0.0	0.0	0.0	0.180802325714	1.0	1
1.0	3182.23266602	5.0	2.0	1774.53930664	3.0	1.0	43.6799993515	1.40887900546	-0.0472721904516	0.97209239006	-0.229786232114	6.72135565135	1.57679864969	-2.86693501472	57.6119499207	-15.234749794	0.387400980846	0.0	0.0	0.0	0.0	0.0	0.979961237892	1.0	1
1.0	1007.00299072	2.0	1.0	905.732299805	2.0	2.0	36.8200001717	2.22206437689	-0.475410073996	0.162366569042	-0.864651560783	20.5275661348	12.8520558481	-0.187668472528	42.1572494507	-33.4703483582	0.116444184907	0.0	0.0	0.0	0.0	0.0	-1.0	0.0	1
1.0	4662.57861328	3.0	1.0	3094.06958008	8.0	2.0	20.1199994087	2.22206437689	-0.475410073996	0.162366569042	-0.864651560783	20.5275661348	32.6384307685	-0.187668472528	42.1572494507	-33.4703483582	0.116444184907	0.0	0.0	0.0	0.0	0.0	0.980031372615	1.0	1
1.0	6053.42529297	5.0	2.0	2927.43164062	5.0	2.0	36.8200001717	2.22206437689	-0.475410073996	0.162366569042	-0.864651560783	34.6915751674	31.9842079925	-0.187668472528	42.1572494507	-33.4703483582	0.116444184907	1.0	19.9799995422	11.779999733	1.0	19.9799995422	0.951757853359	1.0	1
1.0	5906.33447266	6.0	2.0	3341.03833008	4.0	1.0	16.7000007629	2.25244092993	-0.112010404468	0.979760348797	0.165901690722	22.7824467695	13.4746946491	-0.531936526299	54.9047012329	-23.001750946	0.50260414278	1.0	19.9799995422	11.779999733	1.0	19.9799995422	0.983932703527	1.0	1
1.0	2515.06811523	2.0	0.0	220.864303589	2.0	0.0	0.0	10.0	0.0	0.0	0.0	0.0	0.0	0.0	0.0	0.0	2.0	0.0	0.0	0.0	0.0	0.0	0.495124997604	1.0	1
1.0	1007.00299072	2.0	1.0	613.756286621	2.0	2.0	20.1199994087	2.22206437689	-0.475410073996	0.162366569042	-0.864651560783	20.5275661348	1.12591967425	-0.187668472528	42.1572494507	-33.4703483582	0.116444184907	0.0	0.0	0.0	0.0	0.0	0.146752179161	1.0	1
1.0	4229.61425781	5.0	2.0	2061.63818359	1.0	1.0	34.960000515	1.91373456364	-0.0866696760058	0.774213850498	-0.626961886883	0.0	24.0142574809	0.453556507826	46.7025527954	-44.1020965576	0.676896396849	0.0	0.0	0.0	0.0	0.0	0.972488748088	1.0	1
1.0	1747.54394531	4.0	1.0	1076.68933105	2.0	2.0	36.8200001717	2.22206437689	-0.475410073996	0.162366569042	-0.864651560783	20.5275661348	31.9842079925	-0.187668472528	42.1572494507	-33.4703483582	0.116444184907	0.0	0.0	0.0	0.0	0.0	0.0476475913408	1.0	1
1.0	835.926757812	2.0	1.0	244.851104736	1.0	1.0	27.7200007439	2.02788805408	0.0588228106499	0.984725952148	-0.163873940706	8.01750989847	1.02808775235	-0.0871201455593	51.2792510986	-18.6797504425	0.809589216747	0.0	0.0	0.0	0.0	0.0	-1.0	0.0	1
1.0	8124.25927734	9.0	5.0	4389.9375	9.0	4.0	65.4800004959	0.0	0.0588170737028	0.984726250172	-0.163874298334	50.743119401	2.54039197285	-4.73899459839	47.9606018066	1.84937000275	0.940231867056	5.0	4.15999984741	46.4800004959	3.0	13.779999733	0.999539030692	1.0	1
1.0	7345.90283203	6.0	4.0	2558.24316406	7.0	4.0	88.3800003529	0.0	-0.992694497108	0.070487819612	0.097923643887	1.06407423541	14.753199838	-0.28468349576	67.2263031006	-16.710100174	0.757848583374	4.0	5.26000022888	20.9359996319	5.0	22.3600006104	0.998823987666	1.0	1
1.0	7753.75537109	8.0	4.0	2392.91699219	7.0	4.0	74.3000001907	0.0	-0.992694497108	0.070487819612	0.097923643887	1.06407423541	14.753199838	-0.28468349576	67.2263031006	-16.710100174	0.757848583374	6.0	4.15999984741	51.0400002003	5.0	9.88000011444	0.998926657959	1.0	1
1.0	1199.73876953	3.0	1.0	282.039001465	2.0	2.0	31.2800006866	1.21309111039	-0.108665838838	-0.146984130144	-0.98315179348	28.7525983307	15.6599237476	-0.720749020576	33.4562492371	-32.9991989136	0.284650194761	0.0	0.0	0.0	0.0	0.0	0.25690592067	1.0	1
1.0	5386.66308594	7.0	2.0	499.02142334	3.0	2.0	38.680000782	0.0	-0.992694497108	0.070487819612	0.097923643887	1.06407423541	2.31043965303	-0.28468349576	67.2263031006	-16.710100174	0.757848583374	0.0	0.0	0.0	1.0	9.61999988556	0.97250999437	1.0	1
1.0	899.546875	3.0	2.0	181.231002808	1.0	1.0	27.1400008202	0.0	0.0588169954717	0.98472315073	-0.163892954588	23.737954536	0.0	-1.93698501587	47.3815002441	-34.3417510986	0.246213518386	0.0	0.0	0.0	1.0	7.84000015259	0.141859252193	1.0	1
1.0	6302.12695312	9.0	3.0	962.341308594	2.0	2.0	22.1200003624	0.0	0.0588169954717	0.98472315073	-0.163892954588	26.8833931578	16.6618531748	-1.93698501587	47.3815002441	-34.3417510986	0.246213518386	0.0	0.0	0.0	1.0	7.84000015259	0.968533821752	1.0	1
1.0	6382.54980469	8.0	5.0	1489.81225586	4.0	4.0	101.120000839	0.0	0.992701351643	-0.0703900530934	-0.0979247912765	44.6796264909	1.78678050612	-2.86895990372	25.3615493774	-32.2183990479	0.970550395511	2.0	7.11999988556	17.0800004005	1.0	7.11999988556	0.997558165291	1.0	1
1.0	1089.63818359	2.0	1.0	352.085510254	2.0	2.0	38.6200008392	2.13376660368	-0.25560426712	-0.115969412029	-0.959800779819	34.6291327281	9.66384955795	-0.522806584835	36.9635009766	-42.1273498535	0.590454453195	0.0	0.0	0.0	0.0	0.0	-1.0	0.0	2
1.0	2964.77441406	7.0	2.0	969.578613281	5.0	5.0	46.080000639	0.0	-0.0584497377276	-0.987306535244	0.14768011868	45.2520804764	27.4918443924	0.964614510536	35.1037979126	-38.168800354	0.599396237369	3.0	0.980000019073	24.6999988556	0.0	8.27999973297	0.646086049091	1.0	2
1.0	887.972839355	4.0	2.0	157.815704346	2.0	2.0	31.5999994278	0.0	-0.0584497377276	-0.987306535244	0.14768011868	34.4374363333	6.56624361615	0.964614510536	35.1037979126	-38.168800354	0.599396237369	1.0	0.980000019073	0.0	0.0	0.980000019073	0.445786185062	1.0	2
1.0	1256.42504883	8.0	1.0	335.108398438	3.0	3.0	24.2599999905	2.13376660368	-0.25560426712	-0.115969412029	-0.959800779819	34.6291327281	9.66384955795	-0.522806584835	36.9635009766	-42.1273498535	0.590454453195	0.0	0.0	0.0	0.0	0.0	0.630913421676	1.0	2
1.0	1133.00708008	3.0	2.0	308.71661377	1.0	1.0	32.7000002861	2.57678095144	-0.160407975316	0.300224721432	-0.940284192562	11.9168501833	0.916937664767	-0.664900004864	57.8648986816	-27.9632987976	0.993868152183	0.0	0.0	0.0	0.0	0.0	0.0475413292284	1.0	2
1.0	710.586791992	4.0	2.0	1466.87304688	1.0	1.0	46.3200006485	0.0	-0.995600283146	0.0935386642814	-0.00552670052275	7.50021587244	2.10285495366	-2.02419996262	55.4481506348	-7.5886297226	0.735592511098	1.0	3.94000005722	4.21999979019	1.0	3.94000005722	-1.0	0.0	2
1.0	5220.02246094	7.0	4.0	3742.93041992	4.0	4.0	116.360001326	0.0	0.10499676317	0.99256080389	0.0616335980594	2.71365773692	35.5537967922	-4.77110958099	63.8573989868	-21.6973991394	0.29867457603	3.0	3.94000005722	33.5599999428	3.0	13.9399995804	0.996996173453	1.0	2
1.0	85.5707015991	1.0	0.0	1182.98413086	3.0	0.0	0.0	10.0	0.0	0.0	0.0	0.0	0.0	0.0	0.0	0.0	2.0	0.0	0.0	0.0	0.0	0.0	0.495124997604	1.0	2
1.0	5168.25683594	8.0	4.0	3048.96508789	3.0	3.0	63.9600009918	0.0	-0.995600283146	0.0935386642814	-0.00552670052275	15.9925962092	2.10285495366	-2.02419996262	55.4481506348	-7.5886297226	0.735592511098	2.0	3.94000005722	20.3799996376	3.0	13.9399995804	0.998866581795	1.0	2
1.0	3320.91503906	8.0	2.0	3211.12719727	2.0	1.0	46.3200006485	0.0	-0.995600283146	0.0935386642814	-0.00552670052275	7.50021587244	2.10285495366	-2.02419996262	55.4481506348	-7.5886297226	0.735592511098	1.0	3.94000005722	4.21999979019	1.0	3.94000005722	0.775870937449	1.0	2
1.0	4527.72070312	7.0	4.0	2997.453125	4.0	4.0	83.0600001812	0.0	0.104997210205	0.992560505867	0.0616378597915	3.64085583398	37.1081333472	-4.54502487183	65.9125518799	-23.3934001923	0.210162644454	1.0	13.8599996567	13.1800003052	2.0	13.9399995804	0.983002096005	1.0	2
1.0	2575.10986328	4.0	1.0	3975.30737305	3.0	2.0	36.8800010681	0.0	-0.995600283146	0.0935386642814	-0.00552670052275	7.50021587244	34.4190893539	-2.02419996262	55.4481506348	-7.5886297226	0.735592511098	1.0	3.94000005722	4.21999979019	1.0	3.94000005722	0.905676273431	1.0	2
1.0	4609.07763672	5.0	2.0	3687.03637695	3.0	2.0	59.7800002098	3.17379897823	-0.215599015355	0.926602125168	-0.308099925518	11.9504041463	2.23657332086	-4.13329982758	45.8477020264	-0.902132511139	0.89509459327	0.0	0.0	0.0	0.0	0.0	0.974530030157	1.0	2
1.0	710.586791992	4.0	2.0	2133.71191406	2.0	2.0	51.7200007439	0.0	-0.995600283146	0.0935386642814	-0.00552670052275	7.50021587244	2.10285495366	-2.02419996262	55.4481506348	-7.5886297226	0.735592511098	1.0	3.94000005722	4.21999979019	1.0	3.94000005722	0.0658226925194	1.0	2
1.0	5039.14550781	5.0	4.0	2497.38012695	3.0	3.0	74.5399999619	0.0	0.104996815324	0.992560565472	0.0616376250982	46.8931882226	15.3043732347	-2.23155498505	26.8248500824	-45.8089981079	0.393274116727	0.0	0.0	0.0	1.0	13.9399995804	0.983222860175	1.0	2
1.0	560.838806152	1.0	1.0	1318.98583984	1.0	1.0	27.4400005341	2.34961485446	0.0334253832698	0.984701752663	-0.171012192965	17.7207656737	0.0	-1.64177501202	53.5304031372	-18.2933502197	0.576317839278	0.0	0.0	0.0	0.0	0.0	-1.0	0.0	2
1.0	947.807983398	2.0	1.0	833.740844727	3.0	2.0	8.72000026703	0.0	0.0334362350404	0.98470646143	-0.170982927084	16.1987411692	24.0475201108	-3.07327985764	51.0778503418	-39.5727996826	0.607351493911	1.0	14.6199998856	16.2199993134	0.0	14.6199998856	0.968642621856	1.0	2
1.0	2399.89477539	2.0	1.0	1318.98583984	1.0	1.0	0.0	2.93312119743	-0.114604897797	0.658782303333	-0.743553340435	35.2016655746	8.98978029411	-0.792908489704	35.3647994995	-35.9844512939	0.346383710079	0.0	0.0	0.0	0.0	0.0	0.756837407858	1.0	2
1.0	665.840820312	1.0	1.0	1318.98583984	1.0	1.0	27.4400005341	2.34961485446	0.0334253832698	0.984701752663	-0.171012192965	22.2822999112	0.0	-1.64177501202	53.5304031372	-18.2933502197	0.576317839278	0.0	0.0	0.0	0.0	0.0	0.137550526406	1.0	2
1.0	501.070007324	2.0	1.0	668.826782227	3.0	3.0	34.1200003624	0.0	-0.0334304533899	-0.984703660011	0.171000361443	3.05724840488	12.0318334662	-1.30696499348	34.7971000671	-29.5406990051	0.772195238278	1.0	8.56000041962	7.84000015259	1.0	9.22000026703	0.972102129217	1.0	2
1.0	105.001998901	1.0	0.0	468.061004639	1.0	0.0	0.0	10.0	0.0	0.0	0.0	0.0	0.0	0.0	0.0	0.0	2.0	0.0	0.0	0.0	0.0	0.0	0.495124997604	1.0	2
1.0	163.761001587	1.0	1.0	679.552978516	3.0	1.0	14.2399997711	0.0	-0.0334302261472	-0.984703600407	0.171000614762	1.10418640118	14.807510734	-1.76041507721	49.479598999	-15.7796001434	0.368813486851	0.0	0.0	0.0	1.0	9.22000026703	0.370424916873	1.0	2
1.0	1964.96557617	2.0	1.0	688.619750977	3.0	3.0	39.0199999809	1.1971549501	0.0502847470343	-0.0856134146452	-0.995058655739	14.804554544	14.8046101941	-0.0392074622214	35.8982467651	-34.7710494995	0.424427658754	0.0	0.0	0.0	0.0	0.0	-1.0	0.0	2
1.0	5306.79248047	9.0	3.0	1673.45483398	3.0	3.0	43.9400000572	1.80486009441	-0.286642849445	0.24656753242	-0.925764739513	43.3994626096	12.4011524864	0.529479861259	44.3571014404	-49.3315505981	0.855284457182	0.0	0.0	0.0	0.0	0.0	0.988790458557	1.0	2
1.0	2588.77099609	10.0	5.0	915.730957031	2.0	2.0	84.220000267	0.0	0.046188864857	0.993749916553	-0.101625479758	28.0498245271	1.82330134618	-9.37035942078	42.4604988098	-3.46629476547	0.506987425517	2.0	5.98000001907	17.3400001526	1.0	10.1599998474	0.793589721081	1.0	2
1.0	5580.28369141	7.0	3.0	1224.96594238	3.0	3.0	51.7599992752	0.0	0.998025774956	-0.0331852547824	0.0533231683075	51.1576134209	19.1219786462	-0.850752472878	35.5542984009	-51.3648529053	0.753601957552	1.0	12.5600004196	11.7399997711	0.0	12.5600004196	0.977169594638	1.0	2
1.0	4261.27539062	4.0	2.0	578.649780273	2.0	2.0	45.2399997711	1.74714912079	0.0461951456964	0.993746578693	-0.101655110717	31.7364486629	0.0	-1.45549499989	52.2539978027	-17.078250885	0.239154940152	0.0	0.0	0.0	0.0	0.0	0.353239647074	1.0	2
1.0	5622.38964844	9.0	4.0	1737.38183594	6.0	5.0	78.1800003052	0.0	0.0461987257004	0.993750333786	-0.101616851985	26.4325875437	25.633813757	-2.31090497971	46.376701355	-26.6040000916	0.124899067803	2.0	10.1599998474	23.4200000763	1.0	10.1599998474	0.981471115368	1.0	2
1.0	4163.01123047	4.0	3.0	931.974975586	4.0	4.0	66.4600000381	0.0	0.046188864857	0.993749916553	-0.101625479758	25.8246266054	1.82330134618	-9.37035942078	42.4604988098	-3.46629476547	0.506987425517	2.0	5.98000001907	17.3400001526	1.0	10.1599998474	0.827845200784	1.0	2
1.0	5960.14697266	9.0	4.0	1673.45483398	3.0	3.0	67.6599998474	0.0	0.998025774956	-0.0331852547824	0.0533231683075	51.1576134209	19.1219786462	-0.850752472878	35.5542984009	-51.3648529053	0.753601957552	1.0	12.5600004196	11.7399997711	0.0	12.5600004196	0.992634386478	1.0	2
1.0	3301.15063477	10.0	4.0	2015.26611328	4.0	4.0	69.2600002289	0.0	0.0461987257004	0.993750333786	-0.101616851985	26.4325875437	25.633813757	-2.31090497971	46.376701355	-26.6040000916	0.124899067803	1.0	10.1599998474	11.6800003052	1.0	10.1599998474	0.923700688233	1.0	2
1.0	5563.33447266	6.0	2.0	889.225036621	3.0	3.0	37.539999485	1.1971549501	0.0502847470343	-0.0856134146452	-0.995058655739	27.220990592	8.58030383013	-0.0392074622214	35.8982467651	-34.7710494995	0.424427658754	0.0	0.0	0.0	0.0	0.0	0.999140564285	1.0	2
1.0	1345.0222168	2.0	1.0	362.125396729	2.0	2.0	24.1599998474	0.0	-0.00612496165559	0.998390614986	-0.0563796795905	17.8494773584	4.50324776046	-0.17596450448	51.8081512451	-12.0080499649	0.842793194586	1.0	1.12000000477	3.0	0.0	1.12000000477	-1.0	0.0	2
1.0	4142.50927734	6.0	1.0	1672.88098145	4.0	3.0	45.6000003815	0.0	-0.00612496165559	0.998390614986	-0.0563796795905	17.8494773584	11.4883777375	-0.17596450448	51.8081512451	-12.0080499649	0.842793194586	1.0	1.12000000477	3.0	0.0	1.12000000477	0.988104186221	1.0	2
1.0	1345.0222168	2.0	1.0	238.003387451	2.0	2.0	22.1199998856	0.0	-0.00612496165559	0.998390614986	-0.0563796795905	17.8494773584	4.50324776046	-0.17596450448	51.8081512451	-12.0080499649	0.842793194586	1.0	1.12000000477	3.0	0.0	1.12000000477	0.0171369725501	1.0	2
1.0	4717.7578125	7.0	2.0	1469.66064453	3.0	3.0	64.6600012779	0.0	-0.00612552510574	0.998390674591	-0.0563785322011	2.5350293988	8.62554172931	-0.0826568976045	63.0451507568	-11.1481494904	0.245473022755	0.0	0.0	0.0	1.0	21.8199996948	0.979034004071	1.0	2
1.0	843.256164551	1.0	1.0	203.220397949	1.0	1.0	17.1999998093	0.0	-0.00612496165559	0.998390614986	-0.0563796795905	17.8494773584	4.50324776046	-0.17596450448	51.8081512451	-12.0080499649	0.842793194586	1.0	1.12000000477	3.0	0.0	1.12000000477	0.0684473073953	1.0	2
1.0	3977.16455078	7.0	2.0	1656.26513672	3.0	3.0	20.720000267	0.0	0.00612552510574	-0.998390674591	0.0563785322011	0.0	28.5490175425	-0.0826568976045	63.0451507568	-11.1481494904	0.245473022755	0.0	0.0	0.0	1.0	21.8199996948	0.990522817375	1.0	2
1.0	1884.67919922	3.0	1.0	362.125396729	2.0	2.0	24.1599998474	0.0	-0.00612496165559	0.998390614986	-0.0563796795905	17.8494773584	4.50324776046	-0.17596450448	51.8081512451	-12.0080499649	0.842793194586	1.0	1.12000000477	3.0	0.0	1.12000000477	0.130645348454	1.0	2
1.0	4359.70703125	10.0	3.0	1720.27807617	2.0	2.0	55.8400006294	1.73268003379	-0.107745945454	-0.0499976761639	-0.992920458317	15.9750961905	16.359552267	-2.90369510651	46.9808502197	-37.1452484131	0.845542143105	0.0	0.0	0.0	0.0	0.0	0.993780000226	1.0	2
1.0	1345.0222168	2.0	1.0	238.003387451	2.0	2.0	22.1199998856	0.0	-0.00612496165559	0.998390614986	-0.0563796795905	17.8494773584	4.50324776046	-0.17596450448	51.8081512451	-12.0080499649	0.842793194586	1.0	1.12000000477	3.0	0.0	1.12000000477	0.0171369725501	1.0	2
1.0	4401.39892578	8.0	3.0	307.082000732	3.0	3.0	35.5200004578	0.0	-0.00612552510574	0.998390674591	-0.0563785322011	2.5350293988	8.62554172931	-0.0826568976045	63.0451507568	-11.1481494904	0.245473022755	2.0	1.12000000477	9.40000009537	2.0	21.8199996948	0.980186656475	1.0	2
1.0	846.907958984	1.0	1.0	1026.64306641	1.0	1.0	31.0599994659	0.0	0.04294180125	0.985949873924	-0.161427363753	3.03611373716	3.11411908019	-1.00738358498	57.5278511047	-18.5918502808	0.433098951361	1.0	2.98000001907	2.16000008583	1.0	2.98000001907	-1.0	0.0	2
1.0	2702.16967773	5.0	3.0	1637.59448242	4.0	2.0	57.8199996948	0.0	0.04294180125	0.985949873924	-0.161427363753	17.5894979802	3.11411908019	-1.00738358498	57.5278511047	-18.5918502808	0.433098951361	1.0	2.98000001907	2.16000008583	1.0	2.98000001907	0.98533931653	1.0	2
1.0	736.958984375	1.0	1.0	1136.59204102	1.0	1.0	23.9800000191	0.0	-0.042933486402	-0.985950231552	0.161427408457	1.78706952455	16.4688668597	-1.02147841454	49.7554512024	-30.3176498413	0.614251708338	0.0	0.0	0.0	1.0	8.43999958038	0.0131583915694	1.0	2
1.0	3365.57275391	6.0	4.0	1886.90258789	4.0	2.0	62.7800002098	0.0	-0.042933486402	-0.985950231552	0.161427408457	30.5215066665	16.4688668597	-1.02147841454	49.7554512024	-30.3176498413	0.614251708338	0.0	0.0	0.0	1.0	8.43999958038	0.993228345584	1.0	2
1.0	736.958984375	1.0	1.0	1136.59204102	1.0	1.0	23.9800000191	0.0	-0.042933486402	-0.985950231552	0.161427408457	1.78706952455	16.4688668597	-1.02147841454	49.7554512024	-30.3176498413	0.614251708338	0.0	0.0	0.0	1.0	8.43999958038	0.0131583915694	1.0	2
1.0	3181.71679688	6.0	3.0	1776.95349121	4.0	2.0	57.8199996948	0.0	0.04294180125	0.985949873924	-0.161427363753	17.5894979802	3.11411908019	-1.00738358498	57.5278511047	-18.5918502808	0.433098951361	1.0	2.98000001907	2.16000008583	1.0	2.98000001907	0.96585369178	1.0	2
1.0	1620.2598877	3.0	1.0	1429.59069824	2.0	1.0	31.0599994659	0.0	0.04294180125	0.985949873924	-0.161427363753	3.03611373716	3.11411908019	-1.00738358498	57.5278511047	-18.5918502808	0.433098951361	1.0	2.98000001907	2.16000008583	1.0	2.98000001907	0.58137552762	1.0	2
1.0	3475.52172852	6.0	3.0	1776.95349121	4.0	2.0	57.8199996948	0.0	0.04294180125	0.985949873924	-0.161427363753	17.5894979802	3.11411908019	-1.00738358498	57.5278511047	-18.5918502808	0.433098951361	1.0	2.98000001907	2.16000008583	1.0	2.98000001907	0.981697445117	1.0	2
1.0	2670.3449707	3.0	1.0	885.899963379	3.0	2.0	23.9800000191	0.0	-0.042933486402	-0.985950231552	0.161427408457	1.78706952455	15.9203223425	-1.02147841454	49.7554512024	-30.3176498413	0.614251708338	0.0	0.0	0.0	1.0	8.43999958038	0.95522818745	1.0	2
1.0	3475.52172852	6.0	2.0	996.820922852	6.0	1.0	19.6800003052	1.13277977206	0.0190145093948	-0.143783137202	-0.989426553249	38.8851922697	0.0	0.049125701189	42.3593521118	-34.9309005737	0.339392447109	0.0	0.0	0.0	0.0	0.0	0.996248727543	1.0	2
1.0	1619.25439453	1.0	1.0	1187.30004883	1.0	1.0	41.3199996948	1.58672617578	0.0186359342188	0.234934523702	-0.971832513809	15.643033393	21.5811943927	3.90247011185	44.1693496704	-33.2041015625	0.73627692829	0.0	0.0	0.0	0.0	0.0	-1.0	0.0	2
1.0	4788.66552734	6.0	3.0	2152.57885742	4.0	4.0	66.3000001907	0.0	0.00375214475207	0.980662345886	-0.195671245456	22.357982443	38.487695624	0.683075010777	26.6683502197	-35.5952987671	0.976862565538	1.0	8.85999965668	8.56000041962	1.0	8.85999965668	0.971737013962	1.0	2
1.0	1195.12402344	2.0	0.0	1135.07995605	2.0	0.0	0.0	10.0	0.0	0.0	0.0	0.0	0.0	0.0	0.0	0.0	2.0	0.0	0.0	0.0	0.0	0.0	0.495124997604	1.0	2
1.0	5266.27636719	8.0	5.0	2682.54589844	6.0	5.0	81.8800001144	0.0	-0.736239433289	0.660862505436	-0.145644411445	1.47276796994	28.8497035394	4.09647512436	69.4008483887	-14.9400501251	0.967362959411	2.0	8.85999965668	8.72520041466	2.0	10.5200004578	0.991804117303	1.0	2
1.0	1658.78137207	3.0	1.0	1615.07116699	3.0	1.0	7.90000009537	0.0	0.00375214475207	0.980662345886	-0.195671245456	20.5103182023	0.0	0.683075010777	26.6683502197	-35.5952987671	0.976862565538	1.0	8.85999965668	8.56000041962	1.0	8.85999965668	0.0351419714667	1.0	2
1.0	4554.26025391	6.0	2.0	709.779174805	3.0	2.0	22.9999990463	0.0	-0.736239433289	0.660862505436	-0.145644411445	1.47276796994	0.0	4.09647512436	69.4008483887	-14.9400501251	0.967362959411	1.0	10.5200004578	0.165199995041	1.0	10.5200004578	0.974750115435	1.0	2
1.0	1269.43823242	4.0	2.0	1187.30004883	1.0	1.0	41.3199996948	1.58672617578	0.0186359342188	0.234934523702	-0.971832513809	15.643033393	21.5811943927	3.90247011185	44.1693496704	-33.2041015625	0.73627692829	0.0	0.0	0.0	0.0	0.0	0.144011359416	1.0	2
1.0	5881.55859375	8.0	5.0	2210.19848633	5.0	4.0	73.0800004005	0.0	0.00375214475207	0.980662345886	-0.195671245456	48.3393289956	0.0	0.683075010777	26.6683502197	-35.5952987671	0.976862565538	2.0	8.85999965668	8.72520041466	2.0	10.5200004578	0.968370165257	1.0	2
1.0	1508.71069336	5.0	2.0	676.104003906	1.0	1.0	42.7999997139	1.58672617578	0.0186359342188	0.234934523702	-0.971832513809	34.1351612233	15.4119525112	3.90247011185	44.1693496704	-33.2041015625	0.73627692829	0.0	0.0	0.0	0.0	0.0	0.0745683241525	1.0	2
1.0	4625.45361328	4.0	2.0	1702.72277832	4.0	2.0	53.8199996948	1.58672617578	0.0186359342188	0.234934523702	-0.971832513809	15.643033393	31.4159318087	3.90247011185	44.1693496704	-33.2041015625	0.73627692829	0.0	0.0	0.0	0.0	0.0	0.97561176586	1.0	2
1.0	656.547973633	2.0	1.0	1122.3840332	2.0	2.0	32.4799995422	0.0	0.0265278648585	0.970083355904	-0.241318359971	16.5739152951	12.9568509619	-0.344795525074	49.0299987793	-27.3726501465	0.23186696168	1.0	1.12000000477	0.0	0.0	1.12000000477	-1.0	0.0	2
1.0	6081.27734375	6.0	2.0	3501.00976562	4.0	3.0	57.8799991608	0.0	0.0265278648585	0.970083355904	-0.241318359971	16.5739152951	34.0520551619	-0.344795525074	49.0299987793	-27.3726501465	0.23186696168	1.0	1.12000000477	0.0	0.0	1.12000000477	0.99565791663	1.0	2
1.0	302.345001221	1.0	0.0	392.059997559	1.0	0.0	0.0	10.0	0.0	0.0	0.0	0.0	0.0	0.0	0.0	0.0	2.0	0.0	0.0	0.0	0.0	0.0	0.495124997604	1.0	2
1.0	6081.27734375	6.0	2.0	3501.00976562	4.0	3.0	57.8799991608	0.0	0.0265278648585	0.970083355904	-0.241318359971	16.5739152951	34.0520551619	-0.344795525074	49.0299987793	-27.3726501465	0.23186696168	1.0	1.12000000477	0.0	0.0	1.12000000477	0.995987484339	1.0	2
1.0	2375.14111328	4.0	1.0	1210.46496582	3.0	1.0	12.0799999237	3.4773409197	0.613937795162	0.576231181622	-0.539479374886	3.95314113373	2.35801466281	-10.2521800995	47.3544502258	-8.42074966431	0.93425504589	0.0	0.0	0.0	0.0	0.0	0.387361432804	1.0	2
1.0	5727.07470703	5.0	2.0	3855.21289062	4.0	2.0	42.6400003433	2.14629209732	-0.25761204958	0.956617772579	0.136082753539	0.0	3.7845686189	-16.0751495361	45.8028488159	-1.20559453964	0.217036488524	0.0	0.0	0.0	0.0	0.0	0.97613550268	1.0	2
1.0	2976.80273438	3.0	1.0	2545.82299805	2.0	2.0	22.4399995804	2.92520946829	-0.0258016418666	0.299293547869	-0.95381218195	28.5003666436	30.3472532326	0.469321966171	39.5157012939	-39.8652992249	0.684170813449	0.0	0.0	0.0	0.0	0.0	0.691248205582	1.0	2
1.0	5312.55859375	5.0	2.0	3299.62109375	3.0	1.0	19.2800006866	3.42175390299	0.136708125472	0.91679340601	-0.375234276056	19.1339743301	40.6516981418	-1.40728211403	29.8399009705	-32.960899353	0.240420700997	0.0	0.0	0.0	0.0	0.0	0.977050321843	1.0	2
1.0	302.345001221	1.0	0.0	1476.5871582	2.0	0.0	0.0	10.0	0.0	0.0	0.0	0.0	0.0	0.0	0.0	0.0	2.0	0.0	0.0	0.0	0.0	0.0	0.495124997604	1.0	2
1.0	5351.94335938	6.0	2.0	3501.00976562	4.0	3.0	57.8799991608	0.0	0.0265278648585	0.970083355904	-0.241318359971	16.5739152951	34.0520551619	-0.344795525074	49.0299987793	-27.3726501465	0.23186696168	1.0	1.12000000477	0.0	0.0	1.12000000477	0.978777232057	1.0	2
1.0	908.861755371	2.0	1.0	867.740478516	1.0	1.0	31.6400001049	0.0	0.0849482044578	0.953453958035	-0.289325594902	19.861244989	18.8504354368	-0.655456483364	52.970500946	-18.1875495911	0.419562395153	1.0	1.0	0.0	1.0	1.0	-1.0	0.0	2
1.0	4813.47851562	7.0	3.0	3541.04467773	3.0	2.0	62.5999996662	0.0	-0.982122182846	0.129121050239	0.136980980635	0.0	2.04428662467	-1.14502096176	69.566696167	-10.6090507507	0.936654239161	3.0	1.0	29.2399988174	0.0	17.4799995422	0.991825603151	1.0	2
1.0	3726.60546875	7.0	4.0	1827.62597656	3.0	3.0	75.1399998665	0.0	-0.154390633106	-0.257772177458	-0.953790903091	15.3739591166	26.2176735927	0.559386968613	58.6084518433	-22.3246498108	0.336543657397	4.0	1.0	24.6799993515	2.0	7.51999998093	0.908633058113	1.0	2
1.0	4670.2890625	7.0	4.0	4028.9777832	5.0	3.0	86.3399999142	0.0	-0.982122182846	0.129121050239	0.136980980635	0.0	23.3192687842	-1.14502096176	69.566696167	-10.6090507507	0.936654239161	5.0	1.0	37.1199989319	2.0	7.51999998093	0.987968308558	1.0	2
1.0	2917.73071289	4.0	0.0	1130.35681152	2.0	0.0	0.0	10.0	0.0	0.0	0.0	0.0	0.0	0.0	0.0	0.0	2.0	0.0	0.0	0.0	0.0	0.0	0.495124997604	1.0	2
1.0	5226.36035156	7.0	3.0	3614.28149414	4.0	2.0	62.5999996662	0.0	-0.982122182846	0.129121050239	0.136980980635	0.0	2.04428662467	-1.14502096176	69.566696167	-10.6090507507	0.936654239161	3.0	1.0	29.2399988174	0.0	17.4799995422	0.996318006889	1.0	2
1.0	412.881988525	1.0	0.0	1485.74780273	4.0	0.0	0.0	10.0	0.0	0.0	0.0	0.0	0.0	0.0	0.0	0.0	2.0	0.0	0.0	0.0	0.0	0.0	0.495124997604	1.0	2
1.0	4670.2890625	7.0	4.0	3614.28149414	4.0	2.0	51.7400000095	0.0	-0.982122182846	0.129121050239	0.136980980635	0.0	2.04428662467	-1.14502096176	69.566696167	-10.6090507507	0.936654239161	3.0	1.0	29.2399988174	0.0	17.4799995422	0.983469610031	1.0	2
1.0	5154.89697266	7.0	3.0	3651.00610352	4.0	2.0	65.0400002003	0.0	-0.982122182846	0.129121050239	0.136980980635	0.0	2.04428662467	-1.14502096176	69.566696167	-10.6090507507	0.936654239161	3.0	1.0	29.2399988174	1.0	1.0	0.952900346952	1.0	2
1.0	5189.63574219	7.0	3.0	3149.52124023	3.0	2.0	65.0400002003	0.0	-0.982122182846	0.129121050239	0.136980980635	0.0	2.04428662467	-1.14502096176	69.566696167	-10.6090507507	0.936654239161	3.0	1.0	29.2399988174	1.0	1.0	0.980186639731	1.0	2
1.0	1234.63745117	2.0	1.0	873.06060791	2.0	2.0	33.6399998665	1.585972903	-0.346024155617	0.68675506115	-0.639245510101	30.1700751948	1.02027124178	1.24638152122	30.4413986206	-30.1217498779	0.13558994526	0.0	0.0	0.0	0.0	0.0	-1.0	0.0	2
1.0	8716.45605469	4.0	2.0	1132.09631348	2.0	2.0	41.4400000572	1.585972903	-0.346024155617	0.68675506115	-0.639245510101	34.1300763564	1.02027124178	1.24638152122	30.4413986206	-30.1217498779	0.13558994526	0.0	0.0	0.0	0.0	0.0	0.997688703563	1.0	2
1.0	3441.44897461	4.0	1.0	1391.59741211	2.0	2.0	33.6399998665	1.585972903	-0.346024155617	0.68675506115	-0.639245510101	30.1700751948	1.02027124178	1.24638152122	30.4413986206	-30.1217498779	0.13558994526	0.0	0.0	0.0	0.0	0.0	0.503432955287	1.0	2
1.0	8803.68164062	3.0	1.0	3886.65771484	3.0	3.0	48.1399998665	0.0	0.998193323612	-0.0286215376109	0.0528292655945	1.38611493058	34.1674846913	2.48189997673	60.9460983276	-14.2375497818	0.766518241555	1.0	22.6200008392	35.7400016785	1.0	22.6200008392	0.999570480437	1.0	2
1.0	4824.65673828	4.0	2.0	68.2154998779	1.0	1.0	5.96000003815	1.66497448211	-0.0526296198368	0.0822469592094	0.995221376419	23.6010483782	0.0	0.738254487514	31.4190998077	-29.5462493896	0.353760136574	0.0	0.0	0.0	0.0	0.0	0.754669879893	1.0	2
1.0	8996.453125	5.0	2.0	3013.59692383	3.0	1.0	12.779999733	0.0	0.998193323612	-0.0286215376109	0.0528292655945	1.38611493058	1.64670482755	2.48189997673	60.9460983276	-14.2375497818	0.766518241555	1.0	22.6200008392	35.7400016785	1.0	22.6200008392	0.999599872964	1.0	2
1.0	1267.89013672	3.0	2.0	1018.01300049	1.0	1.0	29.1400003433	1.34986294298	0.041226465255	0.994549691677	-0.0957667827606	33.4075843367	0.0	1.18029999733	34.587600708	-35.4130516052	0.602756967671	0.0	0.0	0.0	0.0	0.0	0.0398594205664	1.0	2
1.0	5965.95800781	6.0	1.0	2754.09594727	2.0	1.0	6.07999992371	3.03280725493	0.123681508005	0.92060136795	0.370399862528	1.67058350774	0.0	2.45769500732	55.6776008606	-17.2062492371	0.448685952621	0.0	0.0	0.0	0.0	0.0	0.990150254585	1.0	2
1.0	3615.26025391	7.0	2.0	953.891418457	2.0	2.0	41.4400000572	1.585972903	-0.346024155617	0.68675506115	-0.639245510101	34.1300763564	23.6010483782	1.24638152122	30.4413986206	-30.1217498779	0.13558994526	0.0	0.0	0.0	0.0	0.0	0.629146429025	1.0	2
1.0	6731.59521484	4.0	2.0	3081.81225586	4.0	2.0	16.1599998474	0.0	0.998193323612	-0.0286215376109	0.0528292655945	1.38611493058	32.6259215633	2.48189997673	60.9460983276	-14.2375497818	0.766518241555	1.0	22.6200008392	35.7400016785	1.0	22.6200008392	0.982697017212	1.0	2
1.0	1364.63452148	2.0	1.0	1149.86206055	1.0	1.0	13.5200004578	2.49716836784	0.28912332654	0.923477172852	-0.252185732126	31.0971779725	20.3171427155	-4.15246963501	43.873550415	-38.5088996887	0.953995944686	0.0	0.0	0.0	0.0	0.0	-1.0	0.0	2
1.0	6992.41552734	10.0	5.0	3328.55761719	5.0	4.0	93.8999996185	0.0	-0.0288474280387	0.963103473186	-0.267580777407	44.1739284916	0.0	-3.59782004356	25.357049942	-33.3656005859	0.785703773496	3.0	3.92000007629	35.3800001144	2.0	18.7600002289	0.999745502621	1.0	2
1.0	735.704589844	2.0	1.0	1665.91784668	2.0	1.0	14.1400003433	0.0	-0.0288474280387	0.963103473186	-0.267580777407	2.59800903862	35.1786065448	-3.59782004356	25.357049942	-33.3656005859	0.785703773496	1.0	5.63999986649	4.65999984741	0.0	5.63999986649	0.0513707270424	1.0	2
1.0	6429.59228516	5.0	2.0	2880.12670898	6.0	3.0	56.0799999237	0.0	-0.999507188797	-0.0309952571988	-0.00496302777901	1.96987502206	38.4670276514	-5.46857500076	66.4725952148	-14.1309499741	0.833920526663	2.0	7.88000011444	34.8400001526	2.0	18.7600002289	0.994574783029	1.0	2
1.0	3783.14379883	4.0	1.0	1219.02502441	2.0	2.0	25.6000003815	0.0	0.999507188797	0.0309952422976	0.00496495701373	31.0188600482	23.9895428146	-5.54734516144	40.9789009094	-37.7250518799	0.650737886249	1.0	3.92000007629	2.96000003815	0.0	3.92000007629	0.842077126489	1.0	2
1.0	6623.79736328	7.0	2.0	3400.4987793	3.0	2.0	40.4000005722	1.1811307958	0.686962485313	0.702615976334	-0.185508146882	28.0985897598	30.2007557151	-4.62946033478	44.4652023315	-45.9804000854	0.41119399861	0.0	0.0	0.0	0.0	0.0	0.993850450819	1.0	2
1.0	247.207992554	1.0	0.0	289.149688721	2.0	0.0	0.0	10.0	0.0	0.0	0.0	0.0	0.0	0.0	0.0	0.0	2.0	0.0	0.0	0.0	0.0	0.0	0.495124997604	1.0	2
1.0	6900.04833984	8.0	4.0	3282.19677734	4.0	3.0	78.4200000763	0.0	-0.0288474280387	0.963103473186	-0.267580777407	44.1739284916	0.0	-3.59782004356	25.357049942	-33.3656005859	0.785703773496	3.0	4.94000005722	37.5799999237	2.0	18.7600002289	0.999477313554	1.0	2
1.0	5148.55419922	10.0	4.0	1857.63391113	3.0	2.0	60.6800003052	0.0	0.999506950378	0.0309920143336	0.00503460830078	40.3744676555	2.59808611522	-9.83370494843	47.3281021118	-8.88057518005	0.227965839169	3.0	3.92000007629	14.6999998093	1.0	7.88000011444	0.720339332925	1.0	2
1.0	6633.60644531	6.0	2.0	4495.59472656	4.0	1.0	48.9200000763	0.0	-0.0288474280387	0.963103473186	-0.267580777407	33.6279116252	0.0	-3.59782004356	25.357049942	-33.3656005859	0.785703773496	2.0	5.63999986649	11.7399997711	1.0	7.88000011444	0.999936128802	1.0	2
1.0	1385.73962402	2.0	1.0	688.139404297	1.0	1.0	24.9400005341	1.66847232123	-0.0130723416805	0.976928293705	-0.213167130947	5.82945137505	22.0045929023	-4.75640487671	52.8341522217	-17.6247997284	0.778906207097	0.0	0.0	0.0	0.0	0.0	-1.0	0.0	2
1.0	5496.24707031	4.0	1.0	735.401428223	2.0	1.0	16.5200004578	1.66847232123	-0.0130723416805	0.976928293705	-0.213167130947	5.82945137505	1.56051533241	-4.75640487671	52.8341522217	-17.6247997284	0.778906207097	0.0	0.0	0.0	0.0	0.0	0.993343119096	1.0	2
1.0	2245.56811523	3.0	0.0	382.858398438	2.0	0.0	0.0	10.0	0.0	0.0	0.0	0.0	0.0	0.0	0.0	0.0	2.0	0.0	0.0	0.0	0.0	0.0	0.495124997604	1.0	2
1.0	5329.45703125	4.0	2.0	1047.82629395	2.0	2.0	48.0799999237	0.0	0.997142791748	0.0	-0.0755399540067	2.54629371809	16.3654620411	-3.97559499741	45.9152984619	-27.372051239	0.95428783851	0.0	0.0	0.0	1.0	10.3000001907	0.989152297252	1.0	2
1.0	3469.93579102	4.0	2.0	969.160949707	4.0	1.0	41.8600006104	0.0	-0.0130735216662	0.976928174496	-0.213167697191	37.2817197576	25.536304351	-0.262481510639	39.5486526489	-34.2612991333	0.479771392798	1.0	7.03999996185	6.63999986649	0.0	7.03999996185	0.768811754409	1.0	2
1.0	5346.09033203	5.0	3.0	1137.96728516	2.0	2.0	65.8800010681	0.0	-0.997142791748	0.0	0.0755399540067	16.3654620411	13.8969193728	-3.97559499741	45.9152984619	-27.372051239	0.95428783851	1.0	7.03999996185	6.63999986649	1.0	10.3000001907	0.990825336076	1.0	2
1.0	2245.61791992	6.0	1.0	442.370391846	1.0	1.0	24.9400005341	1.66847232123	-0.0130723416805	0.976928293705	-0.213167130947	5.82945137505	1.56051533241	-4.75640487671	52.8341522217	-17.6247997284	0.778906207097	0.0	0.0	0.0	0.0	0.0	0.156083409091	1.0	2
1.0	5496.24707031	4.0	1.0	904.622924805	2.0	2.0	24.9400005341	1.66847232123	-0.0130723416805	0.976928293705	-0.213167130947	5.82945137505	1.56051533241	-4.75640487671	52.8341522217	-17.6247997284	0.778906207097	0.0	0.0	0.0	0.0	0.0	0.990622596595	1.0	2
1.0	313.713989258	1.0	0.0	299.67098999	1.0	0.0	0.0	10.0	0.0	0.0	0.0	0.0	0.0	0.0	0.0	0.0	2.0	0.0	0.0	0.0	0.0	0.0	0.495124997604	1.0	2
1.0	962.554016113	3.0	1.0	959.030151367	1.0	1.0	37.3000006676	2.14535545534	-0.302713662386	0.624608337879	-0.719881117344	26.8112072304	17.3126697478	-2.19148993492	40.9906997681	-32.5390510559	0.860469332772	0.0	0.0	0.0	0.0	0.0	-1.0	0.0	2
1.0	6632.01708984	9.0	1.0	712.532043457	3.0	2.0	27.1399998665	0.0	-0.994902431965	0.0	0.100842297077	21.0714943815	1.55204932905	-3.76793003082	57.9103012085	-24.8367500305	0.779105220902	4.0	8.53999996185	43.2999992371	1.0	11.8199996948	0.996825423817	1.0	2
1.0	1068.82006836	4.0	2.0	852.764160156	2.0	2.0	42.9312005714	0.0	0.994902431965	0.0	-0.100842297077	2.14388738293	11.0182405499	-3.76793003082	57.9103012085	-24.8367500305	0.707843201293	3.0	8.96000003815	28.6399993896	1.0	9.56000041962	0.120697621585	1.0	2
1.0	4002.34399414	7.0	3.0	477.493103027	2.0	2.0	39.0512002185	0.0	0.994902431965	0.0	-0.100842297077	2.14388738293	11.0182405499	-3.76793003082	57.9103012085	-24.8367500305	0.707843201293	5.0	8.96000003815	51.8399991989	3.0	11.8199996948	0.96610508543	1.0	2
1.0	2486.71582031	5.0	3.0	662.322998047	2.0	2.0	38.0800008774	0.0	0.994902312756	0.0	-0.100843206048	0.0	14.7829074342	-4.77069473267	52.7276000977	-36.7109489441	0.558733639674	4.0	8.10000038147	44.220000267	3.0	11.8199996948	0.768958077795	1.0	2
1.0	5138.75488281	8.0	3.0	1034.14904785	3.0	2.0	54.4600006342	0.0	-0.994902431965	0.0	0.100842297077	40.1855955953	5.78286291599	-3.85953998566	45.1763000488	-39.1063499451	0.148654069602	4.0	8.10000038147	36.3599996567	1.0	9.56000041962	0.964302447116	1.0	2
1.0	6481.33105469	11.0	3.0	1087.80297852	3.0	2.0	53.5400006771	0.0	0.994902312756	0.0	-0.100843206048	33.5545217287	10.6986536514	-4.77069473267	52.7276000977	-36.7109489441	0.539735543026	5.0	8.53999996185	55.6999998093	2.0	11.1199998856	0.998258546711	1.0	2
1.0	5285.18115234	7.0	0.0	432.439025879	2.0	0.0	0.0	10.0	0.0	0.0	0.0	0.0	0.0	0.0	0.0	0.0	2.0	0.0	0.0	0.0	0.0	0.0	0.495124997604	1.0	2
1.0	6585.52685547	12.0	3.0	983.607055664	4.0	3.0	55.2712004855	0.0	-0.994902431965	0.0	0.100842297077	21.0714943815	1.55204932905	-3.76793003082	57.9103012085	-24.8367500305	0.779105220902	7.0	8.10000038147	70.0	3.0	11.8199996948	0.99824009917	1.0	2
1.0	826.544067383	2.0	1.0	1125.58642578	1.0	1.0	34.8999996185	1.40887900546	-0.0472721904516	0.97209239006	-0.229786232114	6.72135565135	1.57679864969	-2.86693501472	57.6119499207	-15.234749794	0.387400980846	0.0	0.0	0.0	0.0	0.0	-1.0	0.0	2
1.0	3139.73999023	4.0	1.0	1422.25183105	4.0	2.0	48.3399996758	1.25568309158	-0.032908488065	-0.174276903272	-0.984146654606	31.6138554927	0.0	-1.90868496895	38.9161987305	-35.9154968262	0.391581215471	0.0	0.0	0.0	0.0	0.0	0.975441763623	1.0	2
1.0	826.544067383	2.0	1.0	1954.80786133	4.0	2.0	48.3399996758	1.25568309158	-0.032908488065	-0.174276903272	-0.984146654606	31.6138554927	30.3763025864	-1.90868496895	38.9161987305	-35.9154968262	0.391581215471	0.0	0.0	0.0	0.0	0.0	0.136256741027	1.0	2
1.0	415.401000977	2.0	1.0	1180.65332031	3.0	1.0	14.8400001526	0.0	-0.0472540743649	0.972084879875	-0.229821711779	3.28691729723	32.2806874956	-2.82448005676	36.6060028076	-34.5198516846	0.678852334092	1.0	8.03999996185	7.21999979019	0.0	8.03999996185	0.208283665779	1.0	2
1.0	2962.00292969	5.0	1.0	1321.89538574	2.0	1.0	34.8999996185	1.40887900546	-0.0472721904516	0.97209239006	-0.229786232114	6.72135565135	1.57679864969	-2.86693501472	57.6119499207	-15.234749794	0.387400980846	0.0	0.0	0.0	0.0	0.0	0.797302048521	1.0	2
1.0	3139.73999023	4.0	1.0	1966.81384277	4.0	2.0	48.3399996758	1.25568309158	-0.032908488065	-0.174276903272	-0.984146654606	31.6138554927	30.3763025864	-1.90868496895	38.9161987305	-35.9154968262	0.391581215471	0.0	0.0	0.0	0.0	0.0	0.975441763623	1.0	2
1.0	2540.28662109	4.0	2.0	1321.89538574	2.0	1.0	43.6799993515	1.40887900546	-0.0472721904516	0.97209239006	-0.229786232114	6.72135565135	1.57679864969	-2.86693501472	57.6119499207	-15.234749794	0.387400980846	0.0	0.0	0.0	0.0	0.0	0.728483548871	1.0	2
1.0	1007.00299072	2.0	1.0	905.732299805	2.0	2.0	36.8200001717	2.22206437689	-0.475410073996	0.162366569042	-0.864651560783	20.5275661348	12.8520558481	-0.187668472528	42.1572494507	-33.4703483582	0.116444184907	0.0	0.0	0.0	0.0	0.0	-1.0	0.0	2
1.0	4229.61425781	5.0	1.0	1732.75708008	1.0	1.0	16.7000007629	2.25244092993	-0.112010404468	0.979760348797	0.165901690722	20.8114467285	13.4746946491	-0.531936526299	54.9047012329	-23.001750946	0.50260414278	0.0	0.0	0.0	0.0	0.0	0.972488748088	1.0	2
1.0	1056.91027832	3.0	2.0	855.825012207	1.0	1.0	34.960000515	1.91373456364	-0.0866696760058	0.774213850498	-0.626961886883	0.0	3.32827253239	0.453556507826	46.7025527954	-44.1020965576	0.676896396849	0.0	0.0	0.0	0.0	0.0	0.0428891698272	1.0	2
1.0	2062.43188477	4.0	1.0	1798.35949707	2.0	2.0	36.8200001717	2.22206437689	-0.475410073996	0.162366569042	-0.864651560783	20.5275661348	1.12591967425	-0.187668472528	42.1572494507	-33.4703483582	0.116444184907	0.0	0.0	0.0	0.0	0.0	0.220435166445	1.0	2
1.0	3464.44287109	4.0	1.0	2111.54541016	2.0	2.0	36.8200001717	2.22206437689	-0.475410073996	0.162366569042	-0.864651560783	32.1217080026	1.12591967425	-0.187668472528	42.1572494507	-33.4703483582	0.116444184907	0.0	0.0	0.0	0.0	0.0	0.714566508832	1.0	2
1.0	1153.66394043	3.0	1.0	812.993347168	3.0	2.0	36.8200001717	2.22206437689	-0.475410073996	0.162366569042	-0.864651560783	20.5275661348	31.9842079925	-0.187668472528	42.1572494507	-33.4703483582	0.116444184907	0.0	0.0	0.0	0.0	0.0	0.0571581333952	1.0	2
1.0	835.926757812	2.0	1.0	244.851104736	1.0	1.0	27.7200007439	2.02788805408	0.0588228106499	0.984725952148	-0.163873940706	8.01750989847	1.02808775235	-0.0871201455593	51.2792510986	-18.6797504425	0.809589216747	0.0	0.0	0.0	0.0	0.0	-1.0	0.0	2
1.0	6483.35791016	9.0	5.0	1587.23632812	4.0	4.0	116.500000715	0.0	-0.992694497108	0.070487819612	0.097923643887	1.06407423541	38.5254751745	-0.28468349576	67.2263031006	-16.710100174	0.757848583374	2.0	7.11999988556	17.0800004005	2.0	9.61999988556	0.991046687909	1.0	2
1.0	3322.53271484	6.0	2.0	2917.78149414	4.0	3.0	60.7000007629	1.21309111039	-0.108665838838	-0.146984130144	-0.98315179348	28.7525983307	39.7655259605	-0.720749020576	33.4562492371	-32.9991989136	0.284650194761	0.0	0.0	0.0	0.0	0.0	0.868118024305	1.0	2
1.0	4709.34716797	8.0	4.0	3361.24731445	4.0	3.0	56.9400005341	0.0	0.0588169954717	0.98472315073	-0.163892954588	3.56127490674	38.0951036932	-1.93698501587	47.3815002441	-34.3417510986	0.246213518386	1.0	7.11999988556	6.32000017166	2.0	7.84000015259	0.992099953882	1.0	2
1.0	2492.3269043	4.0	3.0	906.403015137	1.0	1.0	31.900001049	0.0	0.0588169954717	0.98472315073	-0.163892954588	26.8833931578	16.6618531748	-1.93698501587	47.3815002441	-34.3417510986	0.246213518386	0.0	0.0	0.0	1.0	7.84000015259	0.329951211253	1.0	2
1.0	6482.58886719	9.0	3.0	1160.57324219	3.0	3.0	36.6400008202	0.0	-0.992694497108	0.070487819612	0.097923643887	1.06407423541	13.2228729908	-0.28468349576	67.2263031006	-16.710100174	0.757848583374	0.0	0.0	0.0	1.0	9.61999988556	0.992189343181	1.0	2
1.0	472.883911133	3.0	2.0	607.893981934	1.0	1.0	40.0200009346	0.0	0.992701351643	-0.0703900530934	-0.0979247912765	31.8891432301	1.78678050612	-2.86895990372	25.3615493774	-32.2183990479	0.970550395511	1.0	7.11999988556	6.32000017166	1.0	7.11999988556	0.256906056507	1.0	2
1.0	4311.95068359	7.0	3.0	2579.80419922	3.0	3.0	60.1400001049	0.0	0.0588167794049	0.984723269939	-0.163892358541	14.7620741197	33.7455029891	-1.41422510147	53.6719970703	-33.9058532715	0.28415409321	1.0	10.720000267	10.7600002289	1.0	7.84000015259	0.973721971807	1.0	2
1.0	4728.78173828	5.0	1.0	317.790405273	3.0	1.0	7.44000005722	2.23652854588	-0.282906919718	0.290039986372	-0.914243102074	21.8509080317	15.1721270577	-0.505730986595	41.0130004883	-31.2328510284	0.767235267817	0.0	0.0	0.0	0.0	0.0	0.934998692042	1.0	2
1.0	5152.8125	6.0	2.0	2917.78149414	4.0	3.0	60.7000007629	1.21309111039	-0.108665838838	-0.146984130144	-0.98315179348	28.7525983307	39.7655259605	-0.720749020576	33.4562492371	-32.9991989136	0.284650194761	0.0	0.0	0.0	0.0	0.0	0.983840008655	1.0	2
1.0	1540.6529541	1.0	1.0	624.666992188	1.0	1.0	17.8400001526	1.26145152755	0.690309941769	0.709923863411	-0.139571845531	13.2849776064	0.0	0.127476006746	50.2409515381	-13.8446502686	0.952290001792	0.0	0.0	0.0	0.0	0.0	-1.0	0.0	3
1.0	8229.99804688	6.0	1.0	2580.15844727	4.0	2.0	43.0199995041	1.26145152755	0.690309941769	0.709923863411	-0.139571845531	23.9036391027	0.0	0.127476006746	50.2409515381	-13.8446502686	0.952290001792	0.0	0.0	0.0	0.0	0.0	0.999971445669	1.0	3
1.0	7129.89501953	5.0	1.0	2838.38378906	3.0	1.0	29.6999998093	1.26145152755	0.690309941769	0.709923863411	-0.139571845531	23.9036391027	0.0	0.127476006746	50.2409515381	-13.8446502686	0.952290001792	0.0	0.0	0.0	0.0	0.0	0.99924336164	1.0	3
1.0	5103.14990234	8.0	1.0	1486.73999023	3.0	1.0	17.8400001526	1.26145152755	0.690309941769	0.709923863411	-0.139571845531	58.1175275895	0.0	0.127476006746	50.2409515381	-13.8446502686	0.952290001792	0.0	0.0	0.0	0.0	0.0	0.976403364246	1.0	3
1.0	4085.1418457	6.0	4.0	1102.57348633	3.0	3.0	73.1399996281	0.0	-0.999276459217	-0.0343800783157	-0.0162640400231	28.301187577	1.77827071282	-6.69672966003	46.707901001	-4.81244468689	0.875348877416	2.0	7.44000005722	15.2800002098	0.0	9.39999961853	0.888836502961	1.0	3
1.0	5773.99511719	7.0	2.0	906.114990234	2.0	1.0	29.6999998093	1.26145152755	0.690309941769	0.709923863411	-0.139571845531	23.9036391027	0.0	0.127476006746	50.2409515381	-13.8446502686	0.952290001792	0.0	0.0	0.0	0.0	0.0	0.991710323458	1.0	3
1.0	4389.25830078	8.0	4.0	1244.31054688	4.0	3.0	73.1399996281	0.0	-0.999276459217	-0.0343800783157	-0.0162640400231	28.301187577	1.77827071282	-6.69672966003	46.707901001	-4.81244468689	0.875348877416	2.0	7.44000005722	15.2800002098	0.0	9.39999961853	0.781407225748	1.0	3
1.0	5964.23828125	6.0	1.0	334.118499756	3.0	1.0	13.3199996948	1.78589472949	-0.347565025091	0.161628559232	-0.923620462418	36.0960634816	0.0	0.664186954498	41.5697479248	-28.7628002167	0.188095312048	0.0	0.0	0.0	0.0	0.0	0.997017185151	1.0	3
1.0	4338.45898438	8.0	2.0	817.048461914	2.0	2.0	43.0199995041	1.26145152755	0.690309941769	0.709923863411	-0.139571845531	23.9036391027	0.0	0.127476006746	50.2409515381	-13.8446502686	0.952290001792	0.0	0.0	0.0	0.0	0.0	0.940811664543	1.0	3
1.0	5950.42529297	7.0	5.0	1049.9029541	2.0	2.0	72.7400000095	0.0	-0.999276459217	-0.0343800783157	-0.0162640400231	28.301187577	1.77827071282	-6.69672966003	46.707901001	-4.81244468689	0.875348877416	2.0	7.44000005722	15.2800002098	0.0	9.39999961853	0.977504358462	1.0	3
1.0	1430.6739502	2.0	1.0	589.959960938	1.0	1.0	28.259999752	2.40051656568	0.0184455979615	0.798627316952	-0.60154312849	12.033480427	1.75880355616	-0.436035513878	52.7146530151	-20.5680007935	0.930118273248	0.0	0.0	0.0	0.0	0.0	-1.0	0.0	3
1.0	8276.87109375	9.0	5.0	5455.99511719	7.0	3.0	100.720000267	0.0	0.00336824939586	0.994229316711	-0.107222735882	72.6370005803	2.08045692391	-10.6813497543	48.7438011169	0.356483519077	0.979476837853	6.0	6.67999982834	69.5200014114	5.0	16.2999992371	0.999859499919	1.0	3
1.0	3274.64428711	4.0	3.0	1159.48913574	4.0	2.0	42.2799987793	2.40051656568	-0.0184455979615	-0.798627316952	0.60154312849	15.0521848072	18.2864870463	-0.436035513878	52.7146530151	-20.5680007935	0.930118273248	1.0	16.2999992371	0.0	1.0	16.2999992371	0.878941386627	1.0	3
1.0	6562.15185547	8.0	4.0	4273.83105469	8.0	3.0	61.5999999046	0.0	0.00336824939586	0.994229316711	-0.107222735882	72.6370005803	2.08045692391	-10.6813497543	48.7438011169	0.356483519077	0.979476837853	2.0	6.67999982834	21.3000001907	3.0	15.9799995422	0.993708766434	1.0	3
1.0	6061.10205078	4.0	1.0	2265.33496094	2.0	2.0	46.3999991417	2.40051656568	0.0184455979615	0.798627316952	-0.60154312849	12.033480427	26.7634926972	-0.436035513878	52.7146530151	-20.5680007935	0.930118273248	0.0	0.0	0.0	0.0	0.0	0.981695643891	1.0	3
1.0	6755.18017578	5.0	1.0	1111.91003418	1.0	1.0	11.5600004196	3.103388405	-0.0267547890544	0.48783197999	0.872527420521	0.0	13.2093242366	-0.553596496582	58.4724502563	-16.7339496613	0.521891662792	0.0	0.0	0.0	0.0	0.0	0.975163016631	1.0	3
1.0	4375.19335938	5.0	2.0	657.958007812	2.0	1.0	38.8199996948	0.0	0.00328727462329	0.994222164154	-0.107291810215	30.2633386565	15.9649780805	-2.30408000946	36.1955490112	-29.2467498779	0.653961899311	1.0	6.67999982834	6.0	1.0	6.67999982834	0.606070228056	1.0	3
1.0	6165.22021484	4.0	2.0	2642.08789062	3.0	1.0	38.8199996948	0.0	0.00328727462329	0.994222164154	-0.107291810215	30.2633386565	34.1379941133	-2.30408000946	36.1955490112	-29.2467498779	0.653961899311	1.0	6.67999982834	6.0	1.0	6.67999982834	0.990193953302	1.0	3
1.0	308.755004883	1.0	1.0	657.958007812	2.0	2.0	14.3600001335	0.0	0.00328678404912	0.994222164154	-0.107291810215	1.47725459465	2.23071806177	0.0631942972541	52.2171516418	-36.8494491577	0.825398628665	1.0	15.9799995422	15.3000001907	1.0	15.9799995422	0.520483359299	1.0	3
1.0	5971.74609375	4.0	2.0	2052.12792969	3.0	3.0	79.7199995518	0.0	-0.00328678404912	-0.994222164154	0.107291810215	16.3357434589	27.3913391294	0.0631942972541	52.2171516418	-36.8494491577	0.322705071967	2.0	15.9799995422	31.220000267	1.0	15.9799995422	0.973122781859	1.0	3
1.0	1604.0715332	2.0	1.0	890.741088867	3.0	3.0	45.539999485	1.54975807394	-0.400309562683	0.887230217457	-0.229292035103	8.64193795252	26.5340393729	-2.72784996033	56.2010498047	-15.1032505035	0.299040393883	0.0	0.0	0.0	0.0	0.0	-1.0	0.0	3
1.0	6920.06347656	8.0	3.0	2973.13989258	9.0	3.0	59.8000001907	0.0	-0.995689451694	0.0703885480762	0.0603980608284	50.0796941939	3.29113437356	-4.80924987793	24.5903511047	-51.1688499451	0.891529893282	1.0	9.18000030518	9.38000011444	1.0	12.1000003815	0.99963989122	1.0	3
1.0	4119.45263672	10.0	1.0	1602.96435547	10.0	1.0	10.8000001907	1.95523146905	-0.0521718859673	0.0309451296926	-0.998158574104	0.0	19.8994419501	-3.10628509521	62.1595497131	-19.9957504272	0.148687927016	0.0	0.0	0.0	0.0	0.0	0.990489594527	1.0	3
1.0	8554.02148438	6.0	3.0	3489.8918457	12.0	5.0	58.8399996758	0.0	-0.995689451694	0.0703885480762	0.0603980608284	54.9460210739	3.29113437356	-4.80924987793	24.5903511047	-51.1688499451	0.891529893282	2.0	9.18000030518	14.1600003242	2.0	22.1800003052	0.999962700195	1.0	3
1.0	1660.34692383	3.0	2.0	834.465820312	2.0	2.0	43.539999485	1.54975807394	-0.400309562683	0.887230217457	-0.229292035103	8.64193795252	1.08115047357	-2.72784996033	56.2010498047	-15.1032505035	0.299040393883	0.0	0.0	0.0	0.0	0.0	0.00439446481506	1.0	3
1.0	6678.48925781	8.0	3.0	2327.12353516	5.0	3.0	55.0199999809	0.0	-0.995689451694	0.0703885480762	0.0603980608284	50.0796941939	3.29113437356	-4.80924987793	24.5903511047	-51.1688499451	0.891529893282	1.0	9.18000030518	9.38000011444	0.0	9.18000030518	0.99839652909	1.0	3
1.0	6646.08740234	7.0	2.0	2276.21923828	5.0	4.0	57.6199994087	0.0	-0.995689451694	0.0703885480762	0.0603980608284	54.9460210739	3.29113437356	-4.80924987793	24.5903511047	-51.1688499451	0.891529893282	1.0	9.18000030518	9.38000011444	0.0	9.18000030518	0.997378231165	1.0	3
1.0	6589.58154297	8.0	2.0	1038.83898926	5.0	3.0	42.6799995899	1.54975807394	-0.400309562683	0.887230217457	-0.229292035103	8.64193795252	1.08115047357	-2.72784996033	56.2010498047	-15.1032505035	0.299040393883	0.0	0.0	0.0	0.0	0.0	0.990236738796	1.0	3
1.0	1604.0715332	2.0	1.0	834.465820312	2.0	2.0	34.039999485	1.54975807394	-0.400309562683	0.887230217457	-0.229292035103	8.64193795252	1.08115047357	-2.72784996033	56.2010498047	-15.1032505035	0.299040393883	0.0	0.0	0.0	0.0	0.0	0.0963794000364	1.0	3
1.0	6078.15820312	9.0	2.0	2088.95898438	5.0	3.0	42.5599994659	0.0	-0.995689451694	0.0703885480762	0.0603980608284	54.9460210739	3.29113437356	-4.80924987793	24.5903511047	-51.1688499451	0.891529893282	1.0	9.18000030518	9.38000011444	0.0	9.18000030518	0.982475709595	1.0	3
1.0	1166.14404297	2.0	2.0	1392.05969238	1.0	1.0	53.3600003719	1.94446910055	-0.51541697979	0.810883045197	0.277153462172	16.7173706894	1.77339246932	-6.627409935	52.8001480103	-11.9984493256	0.391791157012	0.0	0.0	0.0	0.0	0.0	-1.0	0.0	3
1.0	8317.07226562	6.0	3.0	2830.41772461	7.0	2.0	64.8999993801	0.0	0.0335592105985	0.986688971519	-0.159118399024	3.22712933677	35.4542838814	-2.32303500175	47.5011978149	-44.6992492676	0.827505387526	1.0	11.1599998474	12.9200000763	3.0	18.7999992371	0.999936128799	1.0	3
1.0	2431.88623047	8.0	4.0	1392.05969238	1.0	1.0	65.5200002193	0.0	-0.999265491962	0.030985692516	0.0225466936827	18.3375244292	12.3982458587	-3.15381002426	39.3561477661	-44.8561477661	0.470636503571	1.0	8.31999969482	8.27999973297	1.0	8.31999969482	0.202812824208	1.0	3
1.0	5605.78515625	5.0	4.0	2778.42675781	7.0	5.0	110.779999256	0.0	-0.9992634058	0.0309853237122	0.0226397421211	3.59956554346	17.5758769243	-6.86445522308	61.635848999	-14.151599884	0.871693745934	3.0	6.67999982834	22.7199997902	4.0	14.3400001526	0.998305316435	1.0	3
1.0	2964.11279297	5.0	2.0	1794.00866699	2.0	2.0	33.3800001144	0.0	-0.999265193939	0.0309896487743	0.0225542280823	0.95086053856	1.79994413895	-7.28382492065	45.4948501587	-5.6084651947	0.398790556147	0.0	0.0	0.0	1.0	7.92000007629	0.691706054778	1.0	3
1.0	5606.47753906	3.0	1.0	1737.89306641	3.0	1.0	8.89999961853	0.0	0.0335591435432	0.986689031124	-0.1591180861	48.6704975339	19.0718000977	-3.19368505478	27.6175994873	-50.4021492004	0.346657441791	0.0	0.0	0.0	1.0	18.7999992371	0.994816529642	1.0	3
1.0	3619.10253906	5.0	2.0	1511.37231445	2.0	2.0	42.1000001431	0.0	-0.9992634058	0.0309853237122	0.0226397421211	3.59956554346	17.5758769243	-6.86445522308	61.635848999	-14.151599884	0.871693745934	2.0	8.10000038147	16.4800000191	1.0	8.10000038147	0.927416570329	1.0	3
1.0	6502.74414062	5.0	4.0	2646.03662109	2.0	2.0	84.879999876	0.0	-0.999265491962	0.030989062041	0.0225428212434	23.3886184002	14.2478354709	-4.40739488602	36.01404953	-48.7433509827	0.0900913324072	2.0	8.31999969482	21.1999998093	3.0	18.7999992371	0.999730541152	1.0	3
1.0	5955.43505859	5.0	2.0	1559.81201172	2.0	2.0	40.1999998093	0.0	0.0335592105985	0.986688971519	-0.159118399024	3.22712933677	4.60580997643	-2.32303500175	47.5011978149	-44.6992492676	0.827505387526	0.0	0.0	0.0	1.0	14.3400001526	0.991732048193	1.0	3
1.0	5614.50878906	5.0	2.0	1737.89306641	3.0	1.0	24.5999994278	0.0	0.999265491962	-0.030985692516	-0.0225466936827	28.8748238235	16.5906557845	-3.15381002426	39.3561477661	-44.8561477661	0.470636503571	1.0	8.31999969482	8.27999973297	2.0	18.7999992371	0.996752176916	1.0	3
1.0	1061.69787598	4.0	1.0	1332.37939453	1.0	1.0	41.4199998379	0.0	0.999440729618	0.0	-0.0334399864078	37.1746843694	2.27058693633	-2.46068501472	32.5078010559	-31.9591999054	0.522640401595	1.0	2.03999996185	2.22000002861	1.0	2.03999996185	-1.0	0.0	3
1.0	5299.79345703	7.0	1.0	1665.10327148	5.0	1.0	0.0	10.0	0.0	0.0	0.0	0.0	0.0	0.0	0.0	0.0	2.0	1.0	28.3199996948	10.9200000763	0.0	28.3199996948	0.974196383919	1.0	3
1.0	1465.61584473	3.0	1.0	3384.9543457	5.0	2.0	42.5400006771	0.0	-0.00764414621517	0.965312719345	-0.260984539986	13.802294114	34.7762447212	-2.03147006035	49.080947876	-34.6698989868	0.26034091246	1.0	12.6199998856	14.3800001144	0.0	12.6199998856	0.0920238988295	1.0	3
1.0	7999.11621094	11.0	3.0	7124.68310547	6.0	3.0	52.5799996853	0.0	0.00764394085854	-0.965327322483	0.260930538177	0.0	2.00154399055	-6.1861000061	57.614402771	-2.86494493484	0.78683088488	8.0	2.03999996185	76.0204006433	1.0	2.03999996185	0.999929769155	1.0	3
1.0	2507.10791016	5.0	1.0	778.016479492	3.0	2.0	21.240000248	2.55750662735	0.00841181818396	0.957798063755	0.287318885326	33.1153377072	0.0	-4.1060500145	51.5891990662	-1.30424702168	0.441958671652	0.0	0.0	0.0	0.0	0.0	0.974859473385	1.0	3
1.0	5141.46386719	8.0	1.0	4516.06054688	4.0	3.0	52.1400005817	0.0	-0.00764414621517	0.965312719345	-0.260984539986	13.802294114	34.8775793102	-2.03147006035	49.080947876	-34.6698989868	0.26034091246	2.0	12.6199998856	33.3000001907	0.0	16.8199996948	0.999303950575	1.0	3
1.0	2548.00585938	6.0	1.0	3713.85253906	2.0	1.0	41.4199998379	0.0	0.999440729618	0.0	-0.0334399864078	37.1746843694	39.864517517	-2.46068501472	32.5078010559	-31.9591999054	0.522640401595	1.0	2.03999996185	2.22000002861	1.0	2.03999996185	0.658983933579	1.0	3
1.0	3904.42114258	6.0	1.0	1784.11401367	3.0	2.0	19.6199996471	0.0	0.999437451363	0.0	-0.0335374251008	5.72151534653	0.0	-2.39466500282	50.5990982056	-29.7040500641	0.0521489669017	2.0	13.5600004196	32.8800001144	1.0	14.3999996185	0.97173700971	1.0	3
1.0	636.998474121	2.0	1.0	485.500976562	3.0	2.0	24.1000003815	0.0	-0.00764414621517	0.965312719345	-0.260984539986	13.802294114	17.8137417827	-2.03147006035	49.080947876	-34.6698989868	0.26034091246	1.0	12.6199998856	14.3800001144	0.0	12.6199998856	0.214162325304	1.0	3
1.0	4242.56640625	11.0	3.0	4639.79980469	4.0	3.0	67.9199998379	0.0	0.999440729618	0.0	-0.0334406457841	0.960205895912	34.9217160438	-3.56675505638	50.4714012146	-34.9946975708	0.918061058402	4.0	2.03999996185	38.6400001049	2.0	14.3999996185	0.999105907699	1.0	3
