valid	volumeS1	connectedComponentsS1	connectedComponentsS1Rel	volumeS2	connectedComponentsS2	connectedComponentsS2Rel	corticalSize	distanceMin	direction_x	direction_y	direction_z	distanceToExtremity1	distanceToExtremity2	gravityCenter_x	gravityCenter_y	gravityCenter_z	corticalDotProduct	junctions	junctionDepthMin	junctionsSize	plisDePassage	plisDePassageDepthMax	Potential	Class	cycle
1.0	804.364196777	1.0	1.0	1971.03198242	1.0	1.0	35.8599991798	3.90049991827	-0.31335234642	-0.937592923641	0.150763899088	16.6979031104	8.24473623042	-51.6307525635	3.6157951355	34.5541496277	0.447315085091	0.0	0.0	0.0	0.0	0.0	-1.0	0.0	1
1.0	1706.91796875	3.0	0.0	1729.47973633	3.0	0.0	0.0	10.0	0.0	0.0	0.0	0.0	0.0	0.0	0.0	0.0	2.0	0.0	0.0	0.0	0.0	0.0	0.498763688422	1.0	1
1.0	2480.08007812	2.0	2.0	454.233123779	4.0	3.0	51.6599998474	0.0	0.997892677784	-0.0560045614839	-0.0327664390206	2.00635699352	13.8742640767	-59.4609489441	-2.69798994064	32.8073501587	0.527678519541	1.0	8.65999984741	9.0	1.0	10.4600000381	0.209134544759	1.0	1
1.0	2884.82714844	7.0	6.0	7878.18261719	7.0	4.0	220.499595165	0.0	-0.997899472713	0.0559416562319	0.0326683297753	39.2275773988	20.1804033411	-69.172454834	54.5906982422	14.2912006378	0.868646209043	3.0	7.21999979019	24.8000001907	1.0	10.4600000381	0.983582189855	1.0	1
1.0	88.0342025757	1.0	1.0	6537.68798828	4.0	1.0	0.0	3.91044757379	-0.634138822556	-0.682420313358	-0.363552480936	0.0	1.75324365221	-43.3377990723	-0.955100059509	41.6289520264	0.963133963831	0.0	0.0	0.0	0.0	0.0	0.301419297157	1.0	1
1.0	4289.01318359	6.0	6.0	5080.1640625	3.0	3.0	298.239996433	0.0	-0.997895598412	0.0560104064643	0.0326685979962	21.5642559713	2.45854066331	-49.7061004639	-6.99568986893	39.032699585	0.795854067688	2.0	7.21999979019	14.7399997711	1.0	10.4600000381	0.987082476564	1.0	1
1.0	1228.62219238	2.0	1.0	1971.03198242	1.0	1.0	35.8599991798	3.90049991827	-0.31335234642	-0.937592923641	0.150763899088	28.9456837089	8.24473623042	-51.6307525635	3.6157951355	34.5541496277	0.447315085091	0.0	0.0	0.0	0.0	0.0	0.30474308864	1.0	1
1.0	1763.75	1.0	1.0	1443.44519043	2.0	1.0	28.8799991608	4.01535805138	0.542554557323	0.839058279991	0.0401966832578	2.01042350655	16.6979031104	-53.6209487915	3.98386001587	33.0832519531	0.958463512776	0.0	0.0	0.0	0.0	0.0	0.995171619704	1.0	1
1.0	2499.59619141	4.0	4.0	6869.58105469	3.0	3.0	169.179997444	0.0	-0.997895598412	0.0560104064643	0.0326685979962	21.5642559713	26.7753206789	-49.7061004639	-6.99568986893	39.032699585	0.795854067688	1.0	7.21999979019	5.73999977112	0.0	7.21999979019	0.889596775759	1.0	1
1.0	4175.31201172	5.0	5.0	4766.89990234	4.0	4.0	197.979997158	0.0	-0.997895598412	0.0560104064643	0.0326685979962	21.5642559713	2.45854066331	-49.7061004639	-6.99568986893	39.032699585	0.795854067688	1.0	7.21999979019	5.73999977112	1.0	10.4600000381	0.984282089078	1.0	1
1.0	1221.08654785	1.0	1.0	2578.046875	2.0	1.0	30.4399998188	2.97885548138	-0.966702103615	-0.123794741929	-0.223968505859	17.5935238062	37.0628978944	-52.9657516479	21.3084487915	34.4393997192	0.674876000083	0.0	0.0	0.0	0.0	0.0	-1.0	0.0	1
1.0	4770.74902344	11.0	8.0	10220.5927734	12.0	10.0	275.686798394	0.0	0.105037279427	0.99255657196	0.0616328567266	2.06078880148	9.51387652071	-56.129650116	70.6943969727	20.085899353	0.128401954562	13.0	8.03999996185	138.041199503	2.0	15.8999996185	0.995483130905	1.0	1
1.0	915.309997559	2.0	2.0	2359.05200195	3.0	2.0	20.9200003147	0.0	-0.105037592351	-0.992556631565	-0.0616311207414	3.61422595494	32.0226739949	-46.2267494202	15.0720005035	36.8712005615	0.505560232095	1.0	7.15999984741	6.63999986649	0.0	7.15999984741	0.720972678	1.0	1
1.0	4144.19628906	8.0	6.0	10137.3769531	15.0	11.0	186.451601326	0.0	0.104949317873	0.992565572262	0.0616379380226	14.6545986016	21.265713101	-57.0867004395	62.2214508057	32.325302124	0.43550846204	13.0	8.03999996185	114.620000124	2.0	23.2800006866	0.983655853488	1.0	1
1.0	2345.47363281	5.0	5.0	7100.55859375	5.0	5.0	168.080000877	0.0	0.105044879019	0.992555379868	0.0616392381489	13.093241166	18.0099858067	-40.2901496887	-8.636095047	40.9654998779	0.675152413758	2.0	9.03999996185	26.8599996567	0.0	17.6800003052	0.950071971785	1.0	1
1.0	1968.66345215	4.0	4.0	6433.02832031	5.0	4.0	191.979997635	0.0	-0.104935109615	-0.992567420006	-0.0616318508983	24.8104983383	48.7989545934	-46.4750976562	22.4057006836	30.0200996399	0.792495818264	1.0	9.80000019073	9.27999973297	0.0	9.80000019073	0.990447914308	1.0	1
1.0	1056.10693359	2.0	2.0	4301.14892578	8.0	4.0	76.0516002774	0.0	-0.995596826077	0.0935771986842	-0.00550629897043	26.3318892806	40.0850670908	-64.6891021729	5.5326499939	32.4346008301	0.373917140284	4.0	9.88000011444	37.3599996567	0.0	16.2999992371	0.478279719505	1.0	1
1.0	2636.80908203	6.0	6.0	6809.22265625	6.0	6.0	249.091597855	0.0	0.995591104031	-0.0936319082975	0.00560226477683	34.0004753266	43.3501040095	-48.9104003906	34.2525024414	27.0666503906	0.164479635977	6.0	8.03999996185	64.8800010681	1.0	8.03999996185	0.990193963143	1.0	1
1.0	2599.96337891	5.0	5.0	5461.89746094	4.0	4.0	117.440000772	0.0	0.105044879019	0.992555379868	0.0616392381489	13.093241166	18.0099858067	-40.2901496887	-8.636095047	40.9654998779	0.675152413758	1.0	9.03999996185	9.88000011444	0.0	9.03999996185	0.89957182681	1.0	1
1.0	1769.03894043	4.0	4.0	2978.97753906	7.0	4.0	67.0599999428	0.0	0.995596826077	-0.0935771986842	0.00550629897043	38.8224569713	39.3825264739	-64.6891021729	5.5326499939	32.4346008301	0.517076819066	2.0	9.88000011444	18.7999992371	0.0	16.2999992371	0.975184578688	1.0	1
1.0	778.337524414	1.0	1.0	2397.57202148	2.0	1.0	39.6000003815	3.16123236781	-0.882153511047	0.466268509626	-0.0663238763809	4.55771512915	16.3754088548	-62.3155479431	37.2341003418	28.9724006653	0.718524739584	0.0	0.0	0.0	0.0	0.0	-1.0	0.0	1
1.0	853.023681641	6.0	3.0	3542.74023438	9.0	4.0	49.4600000381	0.0	0.0334178842604	0.984706521034	-0.170986384153	1.10418621363	44.1357301563	-28.653049469	39.768951416	20.7418994904	0.903285615923	0.0	0.0	0.0	1.0	14.8999996185	0.977050251014	1.0	1
1.0	4996.85449219	9.0	8.0	6168.97412109	13.0	10.0	324.879999876	0.0	0.999348223209	-0.0346106998622	-0.0102569758892	8.02049162608	16.2317254594	-51.7743988037	65.7688980103	27.4817504883	0.961272786902	13.0	5.57999992371	93.8727997839	9.0	25.2000007629	0.998339199491	1.0	1
1.0	399.443603516	3.0	0.0	2010.84399414	6.0	0.0	0.0	10.0	0.0	0.0	0.0	0.0	0.0	0.0	0.0	0.0	2.0	0.0	0.0	0.0	0.0	0.0	0.498763688422	1.0	1
1.0	799.658203125	1.0	1.0	2397.57202148	2.0	1.0	39.6000003815	3.16123236781	-0.882153511047	0.466268509626	-0.0663238763809	4.55771512915	16.3754088548	-62.3155479431	37.2341003418	28.9724006653	0.718524739584	0.0	0.0	0.0	0.0	0.0	0.0131828359616	1.0	1
1.0	1509.92749023	4.0	1.0	1103.49462891	3.0	1.0	15.1599998474	3.16123236781	0.882153511047	-0.466268509626	0.0663238763809	2.20827476203	35.8072921169	-62.3155479431	37.2341003418	28.9724006653	0.718524739584	0.0	0.0	0.0	0.0	0.0	0.987254320133	1.0	1
1.0	1019.49395752	2.0	2.0	2000.95361328	3.0	2.0	36.0851999521	0.0	0.999344289303	-0.0346972085536	-0.0103470673785	13.8373199379	27.2537257873	-47.5063018799	28.5027503967	26.621099472	0.533320851019	4.0	8.03999996185	39.0400004387	1.0	8.03999996185	0.169728404214	1.0	1
1.0	1528.40307617	3.0	3.0	1770.50061035	7.0	4.0	77.0600004196	0.0	0.999348342419	-0.0346071831882	-0.0102586429566	21.0739406641	24.3847927512	-48.848197937	53.3945007324	27.7656497955	0.737291756308	3.0	5.57999992371	21.8927997649	1.0	10.7399997711	0.989251044969	1.0	1
1.0	2232.72485352	5.0	5.0	3363.78295898	5.0	4.0	87.159999609	0.0	-0.0334241427481	-0.984699308872	0.171026647091	11.0994087912	4.21328383002	-71.9775543213	55.0137023926	9.75662517548	0.646295013035	5.0	8.64000034332	25.738799721	3.0	17.6399993896	0.854397365878	1.0	1
1.0	1888.0715332	5.0	5.0	3511.82128906	5.0	4.0	122.683200717	0.0	-0.999347388744	0.0346350260079	0.0102577246726	13.4713188632	1.78384253464	-42.7926483154	-0.643242001534	40.6429519653	0.31810916481	10.0	5.57999992371	81.1756002903	7.0	17.6399993896	0.965663074434	1.0	1
1.0	1138.3605957	1.0	1.0	1898.93432617	1.0	1.0	56.1799998283	2.49013250404	-0.706945598125	0.696220815182	0.124517001212	25.4051371291	15.5938477246	-54.6099014282	31.2173500061	30.7928504944	0.0220635447206	0.0	0.0	0.0	0.0	0.0	-1.0	0.0	1
1.0	1710.34521484	6.0	4.0	1175.71508789	5.0	3.0	41.0556001663	0.0	0.998023033142	-0.0332690142095	0.053321801126	44.1119008436	12.3102606179	-67.1088562012	38.5419502258	27.2388496399	0.252015262307	6.0	5.28000020981	42.720000267	1.0	5.28000020981	0.966800848836	1.0	1
1.0	1702.87817383	5.0	4.0	5804.91796875	9.0	5.0	121.079998493	0.0	0.998025536537	-0.0331849865615	0.053326819092	22.6173189935	7.08821212671	-44.8556976318	-12.5939998627	36.5835494995	0.511123906293	2.0	6.40000009537	15.6999998093	1.0	8.88000011444	0.995646462944	1.0	1
1.0	927.047546387	1.0	1.0	2110.24731445	2.0	2.0	51.3600001335	0.0	-0.998025894165	0.0331819616258	-0.0533219575882	2.6712597705	23.7200264773	-49.4742507935	14.2513008118	37.8727493286	0.00431953599514	2.0	9.11999988556	22.1399993896	0.0	10.3000001907	0.0316299275345	1.0	1
1.0	1667.06054688	4.0	4.0	7458.94482422	5.0	4.0	178.959999084	0.0	0.998022973537	-0.0332723967731	0.0533201098442	2.48032970666	27.8850794357	-55.0579490662	52.0781478882	23.5397491455	0.499075753605	4.0	1.44000005722	23.1799998283	3.0	8.06000041962	0.727243423164	1.0	1
1.0	954.435974121	4.0	1.0	1742.56298828	3.0	1.0	12.5600004196	0.0	-0.998023033142	0.0332690142095	-0.053321801126	43.2193450115	37.1043044487	-67.1088562012	38.5419502258	27.2388496399	0.204701614544	1.0	7.36000013351	8.61999988556	1.0	7.36000013351	0.997981732106	1.0	1
1.0	1138.3605957	1.0	1.0	5253.90429688	3.0	2.0	59.779999733	2.49013250404	-0.706945598125	0.696220815182	0.124517001212	25.4051371291	44.5553195745	-54.6099014282	31.2173500061	30.7928504944	0.0220635447206	0.0	0.0	0.0	0.0	0.0	0.0316300466246	1.0	1
1.0	2282.68652344	5.0	4.0	1523.17895508	3.0	3.0	128.259998322	2.17501954695	-0.966365277767	0.0576064884663	0.250638365746	10.8527541345	27.3396257214	-46.7262992859	-8.95215988159	42.6006507874	0.0766483907343	0.0	0.0	0.0	0.0	0.0	0.966800836809	1.0	1
1.0	2083.72802734	1.0	1.0	1552.77832031	2.0	1.0	57.7199993134	3.55769586384	-0.856625676155	-0.109818667173	-0.504115402699	27.2849220214	11.3265918683	-59.9786529541	44.6642990112	34.4853515625	0.984530746835	0.0	0.0	0.0	0.0	0.0	-1.0	0.0	1
1.0	4268.62451172	8.0	5.0	10908.1279297	11.0	7.0	181.119998932	0.0	-0.00609923806041	0.998390853405	-0.0563785396516	2.32102596943	10.653278629	-60.4638977051	66.0501556396	14.4243507385	0.662138224138	3.0	6.63999986649	34.4280006886	4.0	22.4400005341	0.995374907455	1.0	1
1.0	2479.02685547	3.0	1.0	2435.97973633	5.0	1.0	57.7199993134	3.55769586384	-0.856625676155	-0.109818667173	-0.504115402699	27.2849220214	42.9057363723	-59.9786529541	44.6642990112	34.4853515625	0.984530746835	0.0	0.0	0.0	0.0	0.0	0.00571283801148	1.0	1
1.0	1954.91137695	5.0	2.0	3243.33447266	9.0	3.0	39.9400000572	2.07946871575	-0.0316363796592	-0.955998897552	-0.291659504175	12.9305346251	33.8419618087	-70.2104949951	8.19142532349	28.5356006622	0.338252396728	0.0	0.0	0.0	0.0	0.0	0.990081820171	1.0	1
1.0	432.32800293	1.0	1.0	1552.77832031	2.0	1.0	19.1000003815	3.96924425787	-0.943000257015	0.312507539988	-0.114409536123	7.0403532365	24.1181917626	-57.5547027588	26.4368495941	36.0370483398	0.866540945375	0.0	0.0	0.0	0.0	0.0	0.436951751478	1.0	1
1.0	5155.70947266	7.0	4.0	2189.83886719	4.0	4.0	102.520001173	0.0	0.00619290070608	-0.998390376568	0.0563760399818	50.2421743783	15.0657223388	-70.1389465332	9.75103569031	29.1948509216	0.211276957788	2.0	7.94000005722	17.9400000572	0.0	10.0600004196	0.992787584583	1.0	1
1.0	1894.82495117	2.0	2.0	4293.58398438	7.0	5.0	118.440000057	0.0	0.00610300246626	-0.998390734196	0.0563795790076	17.5247581447	35.9750188061	-49.1506996155	20.3485488892	35.5357513428	0.330151134448	2.0	6.63999986649	10.5479996204	1.0	6.63999986649	0.736427352656	1.0	1
1.0	655.294006348	3.0	0.0	1008.93060303	2.0	0.0	0.0	10.0	0.0	0.0	0.0	0.0	0.0	0.0	0.0	0.0	2.0	0.0	0.0	0.0	0.0	0.0	0.498763688422	1.0	1
1.0	2286.71899414	3.0	2.0	1433.91052246	6.0	5.0	66.9199998379	0.0	0.994935333729	0.0	-0.100516974926	34.2510810002	18.094754143	-35.5970497131	7.96468019485	40.9181518555	0.835662731214	2.0	6.63999986649	7.74799990654	2.0	6.65999984741	0.949642445342	1.0	1
1.0	3468.53637695	4.0	4.0	3094.24682617	7.0	6.0	101.300000906	0.0	-0.994935870171	0.0	0.100511498749	15.0608090237	26.8409062548	-56.89220047	-2.25759005547	42.142250061	0.997832752875	2.0	7.94000005722	17.9400000572	0.0	10.0600004196	0.990522800464	1.0	1
1.0	1349.51220703	1.0	1.0	2239.80102539	2.0	2.0	74.1400008202	1.66256431513	-0.881969213486	0.461876958609	-0.0938080996275	10.1614627492	31.4529387019	-51.4306488037	15.1090507507	35.4879493713	0.57961561286	0.0	0.0	0.0	0.0	0.0	-1.0	0.0	1
1.0	2536.88208008	5.0	5.0	4618.31347656	13.0	7.0	243.559998512	0.0	-0.0429162830114	-0.98596405983	0.161347702146	20.2027960555	42.1331378319	-47.8024978638	42.6536483765	33.6288986206	0.721763911145	5.0	4.32000017166	29.0600004196	6.0	11.6999998093	0.98810621525	1.0	1
1.0	4237.62646484	7.0	4.0	8803.69042969	13.0	6.0	219.879999638	0.0	0.0429157093167	0.985950946808	-0.161428049207	16.8202992448	25.5624968883	-58.3096008301	58.2912521362	29.5424499512	0.689701490156	10.0	3.55999994278	91.939999342	6.0	14.6599998474	0.980967452433	1.0	1
1.0	2354.19873047	8.0	7.0	6155.07421875	8.0	5.0	297.899998188	0.0	-0.998985528946	0.0365960374475	-0.0262423660606	19.5208765277	35.136690845	-74.1969985962	41.6440010071	15.0549497604	0.793870747528	8.0	3.55999994278	75.8800010681	4.0	11.6999998093	0.995431995357	1.0	1
1.0	1268.15600586	2.0	2.0	4666.71044922	6.0	5.0	130.859998703	0.0	-0.998985528946	0.0365960374475	-0.0262423660606	19.5208765277	35.136690845	-74.1969985962	41.6440010071	15.0549497604	0.793870747528	4.0	8.73999977112	31.6799995899	3.0	11.6999998093	0.650631035634	1.0	1
1.0	838.65411377	3.0	1.0	1619.08203125	5.0	2.0	25.5799999237	0.0	-0.998985528946	0.0365960374475	-0.0262423660606	1.24606085735	3.04487409058	-74.1969985962	41.6440010071	15.0549497604	0.793870747528	4.0	8.73999977112	40.340000391	1.0	8.73999977112	0.992769490061	1.0	1
1.0	467.640319824	2.0	2.0	5137.95166016	7.0	2.0	21.7399997711	0.0	-0.998985528946	0.0365960374475	-0.0262423660606	1.24606085735	35.136690845	-74.1969985962	41.6440010071	15.0549497604	0.793870747528	2.0	12.6999998093	22.6999998093	1.0	13.8800001144	0.872208345019	1.0	1
1.0	475.917816162	2.0	2.0	4296.63183594	8.0	3.0	43.7600007057	1.55074496671	-0.0429553426802	-0.985956788063	0.161381542683	2.70560645805	45.9182755286	-67.9591522217	33.3849487305	26.9441490173	0.646191074523	1.0	11.8400001526	10.5600004196	0.0	11.8400001526	0.978600125863	1.0	1
1.0	1761.60327148	2.0	1.0	2458.62011719	3.0	2.0	74.1400008202	1.66256431513	-0.881969213486	0.461876958609	-0.0938080996275	10.1614627492	33.4996285849	-51.4306488037	15.1090507507	35.4879493713	0.57961561286	0.0	0.0	0.0	0.0	0.0	0.111388853612	1.0	1
1.0	3011.52856445	8.0	1.0	986.579956055	2.0	1.0	4.67999982834	4.27153371635	0.149506852031	-0.276493519545	-0.949315011501	26.8172548891	7.7569723002	-61.9964523315	-5.93199968338	25.7326011658	0.776993424427	0.0	0.0	0.0	0.0	0.0	0.999388780942	1.0	1
1.0	1134.51000977	1.0	1.0	2396.34912109	2.0	1.0	40.4200000763	3.3026504912	-0.589829742908	0.661349534988	-0.463376313448	4.00502890866	34.6209674731	-59.2744979858	35.8052520752	26.1086502075	0.34381213768	0.0	0.0	0.0	0.0	0.0	-1.0	0.0	1
1.0	597.648132324	4.0	3.0	2014.00634766	12.0	3.0	22.2999992371	3.32301073728	-0.67603212595	-0.121037371457	-0.726863443851	0.0	14.7551747059	-60.0143966675	-3.71872997284	36.3129501343	0.37353233509	1.0	9.53999996185	6.03999996185	0.0	9.53999996185	0.97475010328	1.0	1
1.0	874.141601562	5.0	4.0	6305.34179688	13.0	6.0	112.500001192	0.0	-0.00372825213708	-0.980664849281	0.195659250021	16.5873221155	30.9750276586	-67.5899505615	46.9587478638	5.67277479172	0.521893589211	2.0	13.8599996567	25.5599994659	2.0	17.3199996948	0.735419953462	1.0	1
1.0	255.567016602	2.0	1.0	2769.40698242	8.0	2.0	31.1000003815	2.86430792207	-0.00734971603379	0.923533380032	0.383447617292	1.08829163191	34.8726866465	-63.6020507812	45.1471481323	24.7457504272	0.509023991731	0.0	0.0	0.0	0.0	0.0	0.976849996072	1.0	1
1.0	1134.51000977	1.0	1.0	2438.32177734	3.0	2.0	70.1800003052	3.3026504912	-0.589829742908	0.661349534988	-0.463376313448	4.00502890866	34.6209674731	-59.2744979858	35.8052520752	26.1086502075	0.34381213768	0.0	0.0	0.0	0.0	0.0	0.269992290443	1.0	1
1.0	1718.96655273	5.0	5.0	2772.4284668	7.0	5.0	152.279999733	1.82761865108	-0.322612971067	-0.931345880032	-0.168866142631	10.8405343969	32.9297895421	-68.1730957031	51.3293495178	7.70160484314	0.0773905040122	0.0	0.0	0.0	0.0	0.0	0.967256946417	1.0	1
1.0	472.987884521	4.0	3.0	2725.421875	8.0	5.0	79.5799994469	0.0	-0.999825954437	0.0	-0.0186548046768	1.53509241646	46.9733264364	-69.4814987183	31.6441993713	19.1773490906	0.546897965966	1.0	9.26000022888	8.18000030518	1.0	9.26000022888	0.971737023495	1.0	1
1.0	1309.21496582	2.0	2.0	2549.83007812	4.0	2.0	75.6199998856	2.97264871083	-0.736230969429	0.660872101784	-0.145643666387	13.9691716435	1.88209747059	-51.915599823	-5.1880197525	39.6694030762	0.413785524624	0.0	0.0	0.0	0.0	0.0	0.326029467283	1.0	1
1.0	858.554016113	1.0	1.0	1719.71105957	1.0	1.0	44.3200001717	2.75623654732	-0.821002840996	-0.0971856191754	-0.562591552734	23.5801238592	10.110163456	-60.1064987183	46.5758514404	28.2036495209	0.900158582846	0.0	0.0	0.0	0.0	0.0	-1.0	0.0	1
1.0	5034.16210938	8.0	5.0	5571.09277344	11.0	7.0	136.320001125	0.0	-0.993508219719	0.0	-0.113760091364	3.07787355985	13.718992447	-56.932849884	64.9179992676	14.5827999115	0.775461895058	9.0	8.31999969482	98.6000006199	3.0	14.8400001526	0.992051404094	1.0	1
1.0	325.841918945	2.0	2.0	7514.38964844	7.0	3.0	49.5600001812	0.0	0.0265243332833	0.970083475113	-0.241318270564	12.3690911184	0.0	-55.0423965454	-3.02015995979	43.1493492126	0.762337590579	1.0	8.31999969482	9.19999980927	1.0	8.31999969482	0.239172780542	1.0	1
1.0	4035.34472656	7.0	5.0	10662.3125	10.0	9.0	189.440000772	0.0	-0.993508219719	0.0	-0.113760091364	3.07787355985	13.718992447	-56.932849884	64.9179992676	14.5827999115	0.775461895058	9.0	1.79999995232	81.2776007652	5.0	20.6800003052	0.990193957455	1.0	1
1.0	1183.07397461	2.0	1.0	1208.2611084	1.0	1.0	44.3200001717	2.75623654732	-0.821002840996	-0.0971856191754	-0.562591552734	26.6673766032	10.110163456	-60.1064987183	46.5758514404	28.2036495209	0.900158582846	0.0	0.0	0.0	0.0	0.0	0.282170712732	1.0	1
1.0	3966.62329102	3.0	3.0	4835.15625	6.0	5.0	96.5199987888	0.0	0.0265206452459	0.97008317709	-0.241319909692	34.4233427218	27.9745157393	-69.3101959229	10.6441993713	30.5820503235	0.434090065425	3.0	1.79999995232	26.6400003433	2.0	12.4399995804	0.992937589453	1.0	1
1.0	2255.50317383	2.0	1.0	4294.52685547	4.0	1.0	3.75999999046	3.37431469777	-0.698047220707	-0.70921677351	0.0986998975277	2.12505768384	14.7952568244	-51.9101028442	3.17176055908	40.0755996704	0.385743566681	0.0	0.0	0.0	0.0	0.0	0.773233794455	1.0	1
1.0	4385.60449219	4.0	4.0	5366.90087891	6.0	6.0	160.159999132	0.0	0.0265206452459	0.97008317709	-0.241319909692	22.1841787731	27.9745157393	-69.3101959229	10.6441993713	30.5820503235	0.434090065425	4.0	8.60000038147	49.1200008392	1.0	12.4399995804	0.999450952057	1.0	1
1.0	886.567993164	2.0	2.0	1321.17810059	5.0	5.0	74.1200003624	0.0	0.993508219719	0.0	0.113760091364	3.88670472085	20.5162924411	-64.4668502808	46.4777984619	22.1105003357	0.82480238842	3.0	2.3599998951	26.6400003433	1.0	12.4399995804	0.798419768948	1.0	1
1.0	1618.40002441	6.0	5.0	5108.19726562	3.0	3.0	98.3200008869	0.0	-0.0265243332833	-0.970083475113	0.241318270564	17.0701473493	12.3690911184	-55.0423965454	-3.02015995979	43.1493492126	0.762337590579	4.0	2.3599998951	24.0799994469	1.0	8.31999969482	0.970992897186	1.0	1
1.0	840.429016113	2.0	2.0	2041.68395996	2.0	2.0	63.2600011826	2.86258621419	-0.866346001625	0.376012027264	-0.328724116087	12.7014114317	31.1728887072	-64.5342025757	32.2406005859	34.3694496155	0.684409259701	0.0	0.0	0.0	0.0	0.0	-1.0	0.0	1
1.0	2840.61547852	13.0	6.0	5888.23193359	9.0	6.0	108.799999952	0.0	0.0848893374205	0.953458786011	-0.289327055216	43.9655210306	48.4992347793	-68.2794494629	22.0237998962	27.2402496338	0.88181479568	5.0	19.8400001526	45.4599995613	1.0	8.76000022888	0.98270325871	1.0	1
1.0	546.676513672	2.0	1.0	547.304504395	4.0	2.0	36.9400005341	2.73742584058	0.915483295918	0.0886364206672	-0.392471581697	1.43296472017	25.5683897235	-48.4152984619	21.9983005524	42.8896026611	0.955613347245	0.0	0.0	0.0	0.0	0.0	0.882781554683	1.0	1
1.0	2980.9675293	15.0	9.0	5838.14990234	10.0	8.0	228.100001812	0.0	-0.982104122639	0.129156708717	0.137076795101	8.06548834074	25.9951265092	-54.7981491089	2.70529985428	44.2052993774	0.903222350795	10.0	1.0	75.0200009346	5.0	13.5	0.980847906042	1.0	1
1.0	241.002502441	3.0	1.0	1359.71496582	3.0	1.0	5.26000022888	3.6995946095	-0.464500099421	0.869425356388	0.168342530727	23.3735222987	29.3523126799	-49.0072021484	38.5974998474	33.6199493408	0.623128551306	0.0	0.0	0.0	0.0	0.0	0.634186632991	1.0	1
1.0	1164.97949219	6.0	5.0	1908.16918945	7.0	5.0	87.980001688	0.0	-0.0849857479334	-0.953450918198	0.28932467103	10.9584485667	26.601859207	-60.0849990845	58.4327011108	22.9794502258	0.437892975847	3.0	8.23999977112	28.9800004959	1.0	10.3999996185	0.99412435675	1.0	1
1.0	1704.89941406	6.0	6.0	3824.86230469	5.0	4.0	125.720001698	0.0	-0.9821190238	0.129149213433	0.13697694242	23.7350690874	2.46585496849	-50.0713500977	-2.43825483322	46.3797531128	0.470996271214	2.0	8.5	17.0200004578	1.0	8.5	0.817186983958	1.0	1
1.0	1187.59753418	4.0	2.0	449.308502197	4.0	3.0	18.2999999523	0.0	0.0848893374205	0.953458786011	-0.289327055216	30.3335360193	3.06396079285	-68.2794494629	22.0237998962	27.2402496338	0.88181479568	0.0	0.0	0.0	1.0	8.76000022888	0.999400525416	1.0	1
1.0	1255.15539551	4.0	4.0	3313.62988281	4.0	3.0	91.0800013542	0.0	0.0848975479603	0.953450143337	-0.28935316205	2.48625657459	32.6189173952	-57.8746490479	41.0394515991	33.7236480713	0.910742629989	1.0	8.5	7.92000007629	1.0	8.5	0.536944996292	1.0	1
1.0	1628.49023438	1.0	1.0	2095.01538086	2.0	1.0	18.1399993896	3.66299051899	-0.883326351643	0.270779103041	-0.382639825344	24.2595546318	32.0237901252	-63.3024520874	26.7784996033	33.9320487976	0.41728562011	0.0	0.0	0.0	0.0	0.0	-1.0	0.0	1
1.0	4270.27099609	7.0	6.0	5360.69091797	13.0	8.0	178.585999131	0.0	0.998190522194	-0.028719285503	0.0528283789754	25.5780401921	12.0035932343	-37.3538970947	11.2271499634	44.4306488037	0.820060452938	8.0	4.98000001907	76.0600005388	3.0	23.3199996948	0.980942076281	1.0	1
1.0	1401.66320801	2.0	0.0	2451.09790039	6.0	0.0	0.0	10.0	0.0	0.0	0.0	0.0	0.0	0.0	0.0	0.0	2.0	0.0	0.0	0.0	0.0	0.0	0.498763688422	1.0	1
1.0	2879.5456543	11.0	10.0	2864.65844727	13.0	11.0	182.57839942	0.0	0.998193323612	-0.0286184120923	0.0528303980827	0.0	35.487857049	-36.1136016846	65.9819946289	20.9800491333	0.431133208072	6.0	3.75999999046	52.7200008631	3.0	23.3199996948	0.996588323047	1.0	1
1.0	1542.53686523	1.0	1.0	1925.18078613	3.0	2.0	37.0199995041	0.0	0.998198330402	-0.0286222957075	0.0527334474027	12.1326486898	42.7585743071	-44.7385025024	35.7211990356	27.707901001	0.496821144392	2.0	10.5	22.9600000381	0.0	10.5	0.209545095938	1.0	1
1.0	4289.24755859	9.0	9.0	2616.67114258	10.0	10.0	301.538399458	0.0	-0.0412721149623	-0.994553029537	0.0957126244903	12.5242739842	1.36269013561	-41.5800018311	-8.37965011597	43.3591995239	0.478220797176	8.0	3.75999999046	79.5800008774	4.0	14.1000003815	0.981273798209	1.0	1
1.0	2258.58227539	2.0	1.0	2134.52612305	3.0	3.0	31.3199996948	2.52726733698	-0.802463054657	0.484164386988	0.3487662673	1.67066722399	25.9542495614	-50.9076004028	60.9575004578	26.3104991913	0.356012479109	0.0	0.0	0.0	0.0	0.0	0.408869049254	1.0	1
1.0	707.641235352	5.0	1.0	1365.49365234	3.0	1.0	9.69999980927	0.0	-0.0412717945874	-0.994542598724	0.0958207398653	35.3864375225	4.3939751238	-46.3225021362	34.4058494568	27.7579498291	0.116733023164	1.0	10.5	11.3400001526	0.0	10.5	0.998212058062	1.0	1
1.0	3039.22216797	6.0	4.0	2861.59960938	8.0	5.0	107.060000896	0.0	0.998190522194	-0.028719285503	0.0528283789754	21.207087567	12.0035932343	-37.3538970947	11.2271499634	44.4306488037	0.820060452938	2.0	8.02000045776	21.5799999237	0.0	13.0	0.891924840938	1.0	1
1.0	3038.796875	7.0	7.0	4104.69091797	9.0	7.0	241.500000715	0.0	-0.04116711393	-0.994546771049	0.0958228260279	19.3685818116	29.751816929	-69.8344497681	50.0551528931	19.4632492065	0.249391344101	7.0	3.75999999046	67.2600007057	3.0	9.93999958038	0.996338131186	1.0	1
1.0	1306.14343262	2.0	1.0	812.304016113	2.0	2.0	46.5	1.31115599347	-0.56382381916	-0.223422855139	-0.795100569725	2.96638726087	17.0579657304	-73.9299468994	39.5305480957	19.4215507507	0.424321108259	0.0	0.0	0.0	0.0	0.0	-1.0	0.0	1
1.0	3705.22021484	10.0	5.0	7364.53613281	7.0	4.0	97.3999996185	0.0	0.999506771564	0.0309935808182	0.00506352772936	1.40711426142	1.99297132937	-54.4673995972	-15.633600235	28.4164009094	0.0710558911708	4.0	4.84000015259	19.0792002194	1.0	6.32000017166	0.998034203728	1.0	1
1.0	4524.63427734	14.0	10.0	9452.234375	11.0	9.0	289.559998751	0.0	0.999506115913	0.0310143288225	0.00506545649841	17.2975993418	11.0364687657	-52.9029998779	-4.68463993073	42.9232025146	0.35423172483	13.0	4.84000015259	92.300000634	7.0	15.8000001907	0.998488158514	1.0	1
1.0	2755.88378906	9.0	6.0	11286.8193359	10.0	6.0	250.480000257	0.0	0.999506115913	0.0310143288225	0.00506545649841	17.2975993418	11.0364687657	-52.9029998779	-4.68463993073	42.9232025146	0.35423172483	5.0	3.70000004768	34.120000124	3.0	12.3599996567	0.9998234323	1.0	1
1.0	1348.56555176	3.0	3.0	2315.95581055	6.0	5.0	98.2199990749	0.0	-0.0289058424532	0.963136017323	-0.267457395792	0.0	9.10785674444	-37.0791473389	10.8923997879	40.2787475586	0.90836053806	1.0	8.64000034332	8.53999996185	2.0	10.7600002289	0.766250319719	1.0	1
1.0	1554.01953125	4.0	3.0	1923.1003418	6.0	5.0	132.487998962	0.0	0.686942756176	0.702633023262	-0.185516908765	11.4951974756	0.0	-53.9149475098	-3.64431500435	41.160697937	0.406087710104	4.0	4.84000015259	35.6400005817	1.0	13.8400001526	0.991918106789	1.0	1
1.0	1622.41381836	4.0	4.0	6176.24902344	6.0	4.0	119.680000067	0.0	-0.686942756176	-0.702633023262	0.185516908765	0.0	16.5393915959	-53.9149475098	-3.64431500435	41.160697937	0.406087710104	1.0	7.40000009537	5.42000007629	0.0	7.40000009537	0.991825623531	1.0	1
1.0	1604.61914062	4.0	4.0	5565.390625	5.0	4.0	128.659998894	1.18130437938	-0.727521240711	0.658509254456	-0.192557528615	30.4195406222	34.7664084222	-38.6053009033	12.1494503021	41.3694496155	0.819538322109	0.0	0.0	0.0	0.0	0.0	0.682661916489	1.0	1
1.0	1169.53479004	4.0	4.0	2777.7890625	8.0	7.0	162.419999123	0.0	-0.686942756176	-0.702633023262	0.185516908765	0.0	2.60856830637	-53.9149475098	-3.64431500435	41.160697937	0.406087710104	4.0	4.84000015259	33.9200003147	2.0	13.8400001526	0.967818282717	1.0	1
1.0	758.50970459	1.0	1.0	1357.74597168	1.0	1.0	21.5599996448	3.25030765544	-0.710788607597	0.660327315331	-0.2423787117	0.0	3.33879392205	-63.4239501953	43.1052017212	29.7735996246	0.218874668108	0.0	0.0	0.0	0.0	0.0	-1.0	0.0	1
1.0	819.378295898	4.0	2.0	2234.69580078	9.0	2.0	19.1800003052	2.18163472365	0.029309656471	0.877898991108	0.477948009968	26.9898827211	26.8392437701	-62.243850708	-2.28090453148	34.0314025879	0.754934617155	1.0	25.8199996948	2.03999996185	1.0	25.8199996948	0.969847795118	1.0	1
1.0	1286.9967041	6.0	2.0	4338.53173828	5.0	2.0	24.5199996829	3.25030765544	-0.710788607597	0.660327315331	-0.2423787117	33.9886694981	43.0044929098	-63.4239501953	43.1052017212	29.7735996246	0.218874668108	0.0	0.0	0.0	0.0	0.0	0.219609316852	1.0	1
1.0	3778.45556641	12.0	9.0	8925.55664062	6.0	4.0	222.0200032	0.0	-0.997134029865	0.0	0.0756553187966	9.57870185203	14.5461492154	-41.1613464355	-17.7698993683	40.6305007935	0.777012001733	8.0	6.98000001907	69.1784003247	4.0	21.2000007629	0.987812686755	1.0	1
1.0	2062.78710938	5.0	5.0	5176.38476562	4.0	4.0	143.399999738	0.0	-0.997138798237	0.0	0.0755920708179	18.4384052487	43.5065587806	-71.7689971924	48.1663017273	6.08683490753	0.0857308818755	1.0	4.96000003815	2.22000002861	1.0	4.96000003815	0.562716430069	1.0	1
1.0	1223.00354004	3.0	3.0	4889.86621094	4.0	4.0	103.360000134	0.0	-0.0130398273468	0.976930439472	-0.213159248233	9.67907932192	31.7085280948	-46.0530509949	1.01189208031	43.2868003845	0.597017875602	3.0	4.96000003815	16.1800000668	1.0	4.96000003815	0.0182967512837	1.0	1
1.0	63.4024009705	1.0	1.0	1351.68408203	4.0	1.0	5.42000007629	3.93936549001	0.360121399164	0.929610073566	0.0783431380987	3.0149824586	2.468933686	-70.2770996094	57.4686508179	7.93616008759	0.647004016957	0.0	0.0	0.0	0.0	0.0	0.988912771417	1.0	1
1.0	1016.02807617	3.0	2.0	1357.74597168	1.0	1.0	35.7799999118	3.25030765544	-0.710788607597	0.660327315331	-0.2423787117	28.8741232273	3.33879392205	-63.4239501953	43.1052017212	29.7735996246	0.218874668108	0.0	0.0	0.0	0.0	0.0	0.102116312439	1.0	1
1.0	1265.27392578	1.0	1.0	1595.16870117	2.0	2.0	62.5999991894	2.66950928654	-0.798278987408	0.567459344864	-0.201843008399	3.05662623077	2.87898708859	-62.7114028931	46.0039520264	28.7255001068	0.611860681418	0.0	0.0	0.0	0.0	0.0	-1.0	0.0	1
1.0	2754.03320312	7.0	6.0	2455.83959961	3.0	2.0	130.860799074	0.0	0.00924506783485	-0.994012057781	0.108878672123	37.6150101313	26.8242039502	-47.8628501892	30.6963996887	26.5580997467	0.391129945743	3.0	10.6400003433	21.9199999571	1.0	15.0200004578	0.999436286483	1.0	1
1.0	1647.90856934	8.0	6.0	5625.06347656	8.0	6.0	222.600799799	0.0	-0.994902431965	0.0	0.100842297077	16.814728123	12.3306445034	-44.7846984863	-9.47414016724	43.231048584	0.937212451071	8.0	5.90000009537	75.4999995232	3.0	17.5400009155	0.940253876029	1.0	1
1.0	3266.38500977	9.0	7.0	4405.921875	11.0	9.0	179.020002365	0.0	-0.994902431965	0.0	0.100842297077	16.814728123	12.3306445034	-44.7846984863	-9.47414016724	43.231048584	0.937212451071	6.0	5.90000009537	52.2999995947	6.0	17.9200000763	0.984810270585	1.0	1
1.0	3669.88500977	6.0	5.0	1239.56726074	5.0	5.0	187.980000496	0.0	0.00915049854666	-0.994012951851	0.108878567815	49.1397859102	8.92999847889	-71.4904022217	21.8494987488	23.6562995911	0.944714598344	2.0	5.90000009537	18.720000267	2.0	12.8599996567	0.98867225677	1.0	1
1.0	615.213195801	4.0	4.0	2471.3671875	3.0	3.0	86.3399999142	0.0	-0.00915050692856	0.994012951851	-0.108878672123	25.9785930296	19.1770297073	-46.888999939	10.6035995483	38.0897979736	0.285965748477	2.0	7.57999992371	16.6800003052	0.0	9.80000019073	0.984160887171	1.0	1
1.0	411.016998291	2.0	2.0	1163.30566406	2.0	2.0	47.2599992752	2.66950928654	-0.798278987408	0.567459344864	-0.201843008399	3.05662623077	2.87898708859	-62.7114028931	46.0039520264	28.7255001068	0.611860681418	0.0	0.0	0.0	0.0	0.0	0.167166328372	1.0	1
1.0	1630.55322266	6.0	5.0	1660.37866211	4.0	3.0	97.599998951	0.0	0.00915050692856	-0.994012951851	0.108878672123	26.5926030124	6.59247010385	-46.888999939	10.6035995483	38.0897979736	0.285965748477	2.0	9.80000019073	20.720000267	0.0	10.6400003433	0.991286315693	1.0	1
1.0	1245.52001953	2.0	2.0	1265.27392578	1.0	1.0	28.7799994946	2.66950928654	0.798278987408	-0.567459344864	0.201843008399	2.87898708859	3.05662623077	-62.7114028931	46.0039520264	28.7255001068	0.611860681418	0.0	0.0	0.0	0.0	0.0	0.944955102876	1.0	1
1.0	4144.03222656	8.0	5.0	1506.28369141	5.0	5.0	156.639998436	0.0	0.0091504836455	-0.99401307106	0.108877472579	15.2141985204	2.5745538165	-66.7995986938	54.7066001892	13.2777004242	0.885090714916	5.0	6.44000005722	40.8800001144	2.0	7.38000011444	0.970383656734	1.0	1
1.0	438.089996338	2.0	2.0	680.885131836	2.0	2.0	49.8800001144	2.32371902864	-0.989338994026	0.14558275044	0.00374075258151	18.5677141318	20.3536462027	-52.2424507141	24.0557498932	31.9209003448	0.861580803895	0.0	0.0	0.0	0.0	0.0	-1.0	0.0	1
1.0	2075.95556641	5.0	5.0	9531.796875	14.0	8.0	167.140000939	0.0	0.0473602153361	-0.972074091434	0.229845613241	11.6288244452	20.3297946409	-60.0943984985	62.8652496338	19.7405509949	0.608687634335	5.0	4.86000013351	58.2600009441	5.0	16.6200008392	0.999593463836	1.0	1
1.0	1395.14794922	5.0	4.0	4106.66259766	10.0	5.0	78.560000658	1.52936258577	0.885492861271	0.44306692481	-0.139978870749	15.2789766734	37.1700853566	-45.4774475098	47.2034492493	24.5235996246	0.114487092201	9.0	2.51999998093	74.0400000811	0.0	13.5799999237	0.595113721966	1.0	1
1.0	1843.40441895	6.0	5.0	9103.10839844	8.0	5.0	150.860001683	0.0	-0.998334765434	-0.0336529053748	0.0468526259065	11.3051293038	22.4633089857	-47.7413024902	62.3786506653	22.6150512695	0.871020011553	9.0	4.01999998093	59.3588004112	3.0	11.5399999619	0.976789624834	1.0	1
1.0	1169.94702148	5.0	2.0	947.755126953	3.0	3.0	52.4000000954	2.32371902864	-0.989338994026	0.14558275044	0.00374075258151	32.8555945341	24.2095924396	-52.2424507141	24.0557498932	31.9209003448	0.861580803895	0.0	0.0	0.0	0.0	0.0	0.278121143712	1.0	1
1.0	1672.17834473	7.0	6.0	5394.78027344	6.0	6.0	225.040002346	0.0	0.0472534149885	-0.972083210945	0.229829028249	20.3175689744	1.91131260572	-34.0126495361	10.4486150742	36.0740509033	0.928305679467	5.0	4.86000013351	38.379999876	2.0	11.2399997711	0.994512616059	1.0	1
1.0	708.437988281	3.0	2.0	680.885131836	2.0	2.0	49.8800001144	2.32371902864	-0.989338994026	0.14558275044	0.00374075258151	22.1257724371	20.3536462027	-52.2424507141	24.0557498932	31.9209003448	0.861580803895	0.0	0.0	0.0	0.0	0.0	0.136256736347	1.0	1
1.0	1569.45654297	6.0	4.0	1048.66796875	3.0	3.0	55.8600010872	0.0	-0.0473602153361	0.972074091434	-0.229845613241	2.67328457837	1.57669812926	-60.0943984985	62.8652496338	19.7405509949	0.410679988994	2.0	6.17999982834	17.1852003783	1.0	6.17999982834	0.998505319016	1.0	1
1.0	770.294006348	4.0	4.0	6029.79443359	7.0	6.0	129.600002289	0.0	0.0472534149885	-0.972083210945	0.229829028249	20.3175689744	1.91131260572	-34.0126495361	10.4486150742	36.0740509033	0.928305679467	2.0	6.17999982834	9.38520018756	2.0	10.8800001144	0.903520443799	1.0	1
1.0	1678.47546387	7.0	7.0	5091.00732422	5.0	5.0	149.90000248	0.0	0.0472534149885	-0.972083210945	0.229829028249	20.3175689744	1.91131260572	-34.0126495361	10.4486150742	36.0740509033	0.928305679467	3.0	6.17999982834	17.4652001113	3.0	12.5600004196	0.991732079484	1.0	1
1.0	1380.57592773	2.0	2.0	1329.99206543	1.0	1.0	35.2599999905	3.31022652395	-0.636831104755	-0.762045264244	-0.117188714445	30.4249774345	11.3410538963	-58.9116516113	14.0272293091	36.070350647	0.719389344681	0.0	0.0	0.0	0.0	0.0	-1.0	0.0	1
1.0	1138.77697754	3.0	2.0	2650.01855469	3.0	2.0	34.9800004959	0.0	-0.106014616787	0.937842130661	-0.330473929644	4.39002566842	7.44971507688	-24.109249115	52.118598938	17.1716003418	0.624723730665	3.0	7.42000007629	20.983599782	1.0	10.6000003815	0.982002157405	1.0	1
1.0	752.603942871	3.0	1.0	3651.88745117	7.0	3.0	45.9999997616	0.0	-0.993542850018	-0.113424226642	-0.00275462702848	0.0	43.4308083695	-72.3009033203	22.3644504547	25.4699497223	0.697935652892	1.0	7.57999992371	6.55999994278	1.0	7.57999992371	0.183852012134	1.0	1
1.0	1877.33886719	5.0	2.0	4131.26416016	9.0	4.0	95.460000515	0.0	0.993542850018	0.113424226642	0.00275293295272	2.78455534521	21.1548775163	-63.1417999268	61.5069503784	17.4382514954	0.925025546031	3.0	2.88000011444	33.3199999332	2.0	18.2600002289	0.99203430299	1.0	1
1.0	1595.78100586	3.0	3.0	6066.33691406	6.0	3.0	96.0400009155	0.0	-0.106013543904	0.937814474106	-0.330552756786	20.4477104592	32.4025453092	-71.9271469116	44.1420974731	16.6175498962	0.538128635684	3.0	7.0	23.0600004196	1.0	7.0	0.338909011802	1.0	1
1.0	1380.57592773	2.0	1.0	886.473999023	1.0	1.0	9.14000034332	3.93572098037	-0.975521743298	0.213731884956	0.0517302677035	25.7674281602	2.78356478807	-59.5401000977	39.6441497803	26.4890499115	0.752894812954	0.0	0.0	0.0	0.0	0.0	0.251948173006	1.0	1
1.0	4968.81640625	3.0	3.0	5104.38964844	5.0	5.0	168.800000906	0.0	0.10601682961	-0.937810480595	0.330563008785	31.5454870548	24.3844380329	-55.3701515198	-2.11144018173	34.6982498169	0.368146791513	3.0	6.92000007629	23.3199996948	3.0	7.57999992371	0.978261265871	1.0	1
1.0	1518.08398438	3.0	3.0	1760.09887695	3.0	2.0	73.3200011253	0.0	-0.993542850018	-0.113424226642	-0.00275462702848	12.5335466899	36.9120494796	-71.5944061279	36.1040496826	23.317150116	0.434340038434	1.0	7.0	6.55999994278	1.0	7.0	0.224966910294	1.0	1
1.0	307.950012207	2.0	2.0	1469.91467285	3.0	2.0	13.720000267	0.0	-0.10601682961	0.937810480595	-0.330563008785	10.3024693069	6.49545383746	-55.3701515198	-2.11144018173	34.6982498169	0.368146791513	1.0	7.17999982834	8.77999973297	1.0	7.17999982834	0.967420466763	1.0	1
1.0	1194.14196777	1.0	1.0	2194.87207031	1.0	1.0	28.4799990654	3.03501563808	-0.777189433575	-0.374790608883	-0.505478560925	1.0280930787	27.5714464982	-59.4340515137	34.1359481812	34.0624504089	0.901099706507	0.0	0.0	0.0	0.0	0.0	-1.0	0.0	1
1.0	2394.05615234	3.0	2.0	8574.12304688	15.0	8.0	159.439999104	0.0	-0.992694497108	0.0704847425222	0.0979261472821	15.0970858744	38.7869244996	-67.581451416	43.2344970703	26.0099983215	0.447018487567	5.0	5.21999979019	54.8799982071	0.0	18.2999992371	0.96671467252	1.0	1
1.0	3865.40917969	9.0	8.0	12482.4257812	9.0	6.0	198.640000582	0.0	-0.992701292038	0.0703881755471	0.0979264676571	1.06406740421	26.7439927043	-56.4809494019	71.702255249	18.738899231	0.858663182618	13.0	3.90000009537	119.85999918	2.0	9.73999977112	0.958347179363	1.0	1
1.0	5470.85351562	11.0	10.0	11032.46875	14.0	11.0	410.86000061	0.0	-0.992701292038	0.0703881755471	0.0979264676571	1.06406740421	19.1970383338	-56.4809494019	71.702255249	18.738899231	0.858663182618	21.0	1.48000001907	195.83999896	6.0	10.5200004578	0.999427298305	1.0	1
1.0	2017.25097656	2.0	2.0	3820.37207031	2.0	2.0	59.2199993134	0.0	-0.992686033249	0.0704738050699	0.0980199575424	32.9131575921	22.1690232879	-58.0437469482	-2.28223514557	38.2317504883	0.807974290169	1.0	3.90000009537	3.55999994278	1.0	3.90000009537	0.455254369052	1.0	1
1.0	2654.98632812	4.0	4.0	3190.8449707	5.0	4.0	147.499999523	0.0	-0.992685317993	0.0704838335514	0.0980198904872	12.6392675449	28.9046493746	-49.1593475342	47.8144989014	35.242149353	0.608835112704	2.0	11.3199996948	22.3199996948	0.0	13.0799999237	0.969233841697	1.0	1
1.0	295.031005859	2.0	2.0	2189.08496094	2.0	2.0	41.3799996376	0.0	-0.992694497108	0.0704847425222	0.0979261472821	0.0	15.1392460366	-67.581451416	43.2344970703	26.0099983215	0.447018487567	3.0	8.52000045776	41.2599992752	0.0	10.3000001907	0.768598454599	1.0	1
1.0	2863.453125	6.0	6.0	7546.97070312	7.0	7.0	222.600000381	0.0	-0.992685317993	0.0704838335514	0.0980198904872	12.6392675449	28.9046493746	-49.1593475342	47.8144989014	35.242149353	0.608835112704	5.0	1.48000001907	36.2199993134	1.0	1.48000001907	0.995159139308	1.0	1
1.0	548.864990234	3.0	3.0	6908.19921875	5.0	3.0	21.6999993324	2.80322133795	0.349389225245	-0.930466413498	0.110269978642	1.47160325644	32.251176903	-50.8788490295	26.4118995667	34.3555488586	0.649953154058	0.0	0.0	0.0	0.0	0.0	0.782261215796	1.0	1
1.0	4581.36914062	6.0	6.0	4029.92578125	7.0	7.0	194.280002594	0.0	-0.992685616016	0.0704800188541	0.0980195701122	47.611892143	23.0802096238	-67.4604492188	45.2593002319	25.6730499268	0.290893530931	7.0	3.18000006676	71.3599994183	3.0	10.5200004578	0.964394873393	1.0	1
1.0	804.364196777	1.0	1.0	1971.03198242	1.0	1.0	35.8599991798	3.90049991827	-0.31335234642	-0.937592923641	0.150763899088	16.6979031104	8.24473623042	-51.6307525635	3.6157951355	34.5541496277	0.447315085091	0.0	0.0	0.0	0.0	0.0	-1.0	0.0	2
1.0	3367.75195312	3.0	3.0	5063.83251953	3.0	3.0	235.579996586	0.0	0.0583542175591	0.987311780453	-0.147682979703	38.2560489721	9.6371137745	-31.1669502258	56.2296981812	16.9850006104	0.914696228072	1.0	7.26000022888	5.78000020981	0.0	7.26000022888	0.979293912081	1.0	2
1.0	1228.62219238	2.0	2.0	2713.02905273	2.0	2.0	94.0999994278	2.86669318904	0.799970567226	-0.597510874271	0.0550260283053	6.72504891527	37.0739784639	-40.6738510132	33.0316505432	26.78099823	0.981845742489	0.0	0.0	0.0	0.0	0.0	0.608373583153	1.0	2
1.0	1546.51794434	4.0	3.0	1576.67407227	2.0	2.0	111.180001259	2.32646724386	-0.871690869331	0.421065092087	0.250717490911	30.4193094108	19.4306643714	-53.5006027222	33.0008010864	25.0644989014	0.958569403111	0.0	0.0	0.0	0.0	0.0	0.964672710002	1.0	2
1.0	1228.62219238	2.0	1.0	1971.03198242	1.0	1.0	35.8599991798	3.90049991827	-0.31335234642	-0.937592923641	0.150763899088	28.9456837089	8.24473623042	-51.6307525635	3.6157951355	34.5541496277	0.447315085091	0.0	0.0	0.0	0.0	0.0	0.30474308864	1.0	2
1.0	1971.03198242	1.0	1.0	1915.60498047	3.0	2.0	48.359998703	2.6175904832	-0.298099935055	0.298945635557	-0.906514167786	5.98204165551	9.15698890746	-72.8797454834	49.0929489136	16.7504997253	0.557575154223	0.0	0.0	0.0	0.0	0.0	0.986006968643	1.0	2
1.0	1473.96899414	3.0	2.0	6859.52929688	4.0	3.0	113.219999313	0.0	-0.997895598412	0.0560104064643	0.0326685979962	21.5642559713	26.7753206789	-49.7061004639	-6.99568986893	39.032699585	0.795854067688	1.0	7.21999979019	5.73999977112	0.0	7.21999979019	0.622020377908	1.0	2
1.0	3002.55371094	4.0	3.0	872.757995605	2.0	2.0	85.0199990273	2.86669318904	-0.799970567226	0.597510874271	-0.0550260283053	41.4362636382	30.1302208042	-40.6738510132	33.0316505432	26.78099823	0.981845742489	0.0	0.0	0.0	0.0	0.0	0.984282080136	1.0	2
1.0	716.33001709	1.0	1.0	2059.06616211	2.0	2.0	52.5199990273	0.0	0.0584601834416	0.987306654453	-0.147675305605	1.77758545201	17.2518802925	-42.3526992798	8.68370437622	37.9231987	0.602801963285	1.0	8.65999984741	9.0	0.0	8.65999984741	0.163216483504	1.0	2
1.0	4336.58496094	5.0	5.0	4274.953125	3.0	3.0	126.259597301	0.0	0.0583542175591	0.987311780453	-0.147682979703	29.1292850165	9.6371137745	-31.1669502258	56.2296981812	16.9850006104	0.914696228072	3.0	7.26000022888	21.3200001717	0.0	8.65999984741	0.973900314796	1.0	2
1.0	1221.08654785	1.0	1.0	2578.046875	2.0	1.0	30.4399998188	2.97885548138	-0.966702103615	-0.123794741929	-0.223968505859	17.5935238062	37.0628978944	-52.9657516479	21.3084487915	34.4393997192	0.674876000083	0.0	0.0	0.0	0.0	0.0	-1.0	0.0	2
1.0	1741.11157227	4.0	4.0	3989.05078125	5.0	5.0	129.639996767	0.0	0.105044879019	0.992555379868	0.0616392381489	13.093241166	23.3459481932	-40.2901496887	-8.636095047	40.9654998779	0.675152413758	2.0	9.03999996185	20.8199996948	0.0	12.0399999619	0.999760685107	1.0	2
1.0	2556.7578125	5.0	5.0	5250.61279297	8.0	8.0	242.451598227	0.0	0.105044879019	0.992555379868	0.0616392381489	13.093241166	18.0099858067	-40.2901496887	-8.636095047	40.9654998779	0.675152413758	8.0	7.15999984741	83.0399999619	0.0	16.2399997711	0.994425348395	1.0	2
1.0	1488.45788574	3.0	3.0	1796.99060059	5.0	4.0	76.5599999428	1.44443761791	-0.0415529608727	-0.432081669569	-0.900876641273	10.4210972881	27.6102469616	-56.052947998	42.0888519287	33.8464012146	0.394588919169	1.0	10.3199996948	8.77999973297	0.0	10.3199996948	0.989250982659	1.0	2
1.0	1985.92895508	4.0	4.0	2739.0769043	4.0	4.0	137.359999895	0.99645421107	0.104947313666	0.992565870285	0.0616367608309	42.3833564878	42.4407986191	-66.8584976196	10.1298398972	34.5139007568	0.972108090736	0.0	0.0	0.0	0.0	0.0	0.745346326283	1.0	2
1.0	2222.90942383	5.0	5.0	2980.69873047	8.0	8.0	193.079999685	0.0	0.105048105121	0.992555141449	0.0616372898221	30.0210411859	22.2815795861	-45.4044494629	12.9182500839	38.573097229	0.300224375747	5.0	7.15999984741	44.4000000954	1.0	8.03999996185	0.996142764746	1.0	2
1.0	892.902526855	3.0	3.0	2018.31481934	4.0	3.0	57.1199989319	0.0	0.104935109615	0.992567420006	0.0616318508983	0.0	13.5177047513	-46.4750976562	22.4057006836	30.0200996399	0.792495818264	5.0	9.80000019073	45.8799991608	0.0	16.2600002289	0.972102015589	1.0	2
1.0	507.372009277	3.0	0.0	1638.66088867	2.0	0.0	0.0	10.0	0.0	0.0	0.0	0.0	0.0	0.0	0.0	0.0	2.0	0.0	0.0	0.0	0.0	0.0	0.498763688422	1.0	2
1.0	1428.57348633	2.0	2.0	4904.12939453	5.0	4.0	86.7400009632	1.20663583939	-0.791680514812	-0.609199821949	-0.0460164360702	14.7991642565	17.0497849967	-73.9893493652	46.7518005371	12.9552001953	0.7789660684	0.0	0.0	0.0	0.0	0.0	0.52749641356	1.0	2
1.0	2003.42590332	3.0	2.0	1944.15100098	6.0	5.0	101.839999914	0.0	-0.105037689209	-0.992556631565	-0.061631180346	25.2927267739	33.8966902687	-68.1669464111	37.4700012207	28.8691997528	0.953776615056	1.0	12.0399999619	10.9399995804	0.0	12.0399999619	0.998924771245	1.0	2
1.0	778.337524414	1.0	1.0	2397.57202148	2.0	1.0	39.6000003815	3.16123236781	-0.882153511047	0.466268509626	-0.0663238763809	4.55771512915	16.3754088548	-62.3155479431	37.2341003418	28.9724006653	0.718524739584	0.0	0.0	0.0	0.0	0.0	-1.0	0.0	2
1.0	2620.82202148	8.0	7.0	2867.60400391	8.0	8.0	176.380001307	0.0	-0.0334241427481	-0.984699308872	0.171026647091	11.0994087912	42.9900840096	-71.9775543213	55.0137023926	9.75662517548	0.646295013035	8.0	6.57999992371	56.5756008625	6.0	15.1599998474	0.966105146998	1.0	2
1.0	873.683105469	2.0	2.0	3849.6940918	4.0	3.0	96.1999998093	0.0	-0.999348282814	0.0346090011299	0.0102569758892	23.0178079549	37.5469659382	-42.9217987061	30.820098877	27.9557495117	0.926886418101	2.0	5.57999992371	21.4400005341	1.0	11.8999996185	0.655238361402	1.0	2
1.0	2121.50585938	4.0	2.0	1743.41357422	5.0	3.0	38.8199987411	0.0	-0.0334241427481	-0.984699308872	0.171026647091	11.0994087912	42.9900840096	-71.9775543213	55.0137023926	9.75662517548	0.646295013035	1.0	1.77999997139	0.0	1.0	5.46000003815	0.98185438313	1.0	2
1.0	2094.58911133	4.0	3.0	3375.81713867	4.0	3.0	100.620000839	0.0	0.999348342419	-0.0346071831882	-0.0102586429566	0.0	24.3847927512	-48.848197937	53.3945007324	27.7656497955	0.737291756308	3.0	10.1400003433	22.7867994606	1.0	15.1599998474	0.720972771881	1.0	2
1.0	2733.6105957	8.0	7.0	2683.54736328	7.0	7.0	139.643199563	0.0	-0.0334241427481	-0.984699308872	0.171026647091	11.0994087912	4.21328383002	-71.9775543213	55.0137023926	9.75662517548	0.646295013035	10.0	5.57999992371	83.6868005097	9.0	24.7600002289	0.965663066951	1.0	2
1.0	1935.70263672	3.0	2.0	3283.31103516	7.0	4.0	38.5400004387	0.0	-0.999347448349	0.0346072688699	0.0103471344337	16.4127676655	28.4338074201	-54.3474006653	56.0613021851	29.2042999268	0.278812491048	7.0	9.81999969482	46.2608006895	4.0	24.7600002289	0.917886715549	1.0	2
1.0	2218.3269043	7.0	7.0	3940.38256836	8.0	6.0	144.359999895	0.0	-0.0334241427481	-0.984699308872	0.171026647091	11.0994087912	42.9900840096	-71.9775543213	55.0137023926	9.75662517548	0.646295013035	10.0	5.57999992371	67.6648001969	7.0	24.7600002289	0.997260613907	1.0	2
1.0	2402.80151367	5.0	5.0	3169.86743164	8.0	6.0	180.762000561	0.0	-0.0334241427481	-0.984699308872	0.171026647091	11.0994087912	42.9900840096	-71.9775543213	55.0137023926	9.75662517548	0.646295013035	8.0	5.57999992371	71.3667998612	4.0	17.6399993896	0.934666429778	1.0	2
1.0	1245.53356934	4.0	3.0	1508.70556641	6.0	3.0	36.0199995041	0.0	0.0334178954363	0.984706819057	-0.170984715223	3.9317134687	8.52376510039	-54.6967468262	62.849647522	26.2242012024	0.999566801752	2.0	8.64000034332	17.0399999619	1.0	10.4200000763	0.997468689886	1.0	2
1.0	1138.3605957	1.0	1.0	1898.93432617	1.0	1.0	56.1799998283	2.49013250404	-0.706945598125	0.696220815182	0.124517001212	25.4051371291	15.5938477246	-54.6099014282	31.2173500061	30.7928504944	0.0220635447206	0.0	0.0	0.0	0.0	0.0	-1.0	0.0	2
1.0	295.894989014	2.0	1.0	1411.38903809	3.0	1.0	22.5200004578	2.49013250404	0.706945598125	-0.696220815182	-0.124517001212	12.6803821691	25.4051371291	-54.6099014282	31.2173500061	30.7928504944	0.0220635447206	0.0	0.0	0.0	0.0	0.0	0.995112203215	1.0	2
1.0	1243.13256836	2.0	1.0	7835.87939453	5.0	3.0	92.7800006866	0.0	-0.998023033142	0.0332690142095	-0.053321801126	13.4910414792	44.8170502155	-43.5334510803	36.7443504333	28.6040496826	0.74349201154	1.0	1.44000005722	0.0	1.0	1.44000005722	0.559985756731	1.0	2
1.0	1400.29150391	5.0	4.0	5456.67724609	6.0	5.0	99.6955981255	0.0	-0.99802595377	0.0331811159849	-0.0533219575882	31.6059778977	47.2992446691	-31.2036495209	32.0424003601	26.8264503479	0.986915665186	2.0	7.11999988556	14.3400001526	1.0	8.06000041962	0.997534474532	1.0	2
1.0	1161.23803711	3.0	3.0	7213.05810547	7.0	4.0	88.1156001091	0.0	-0.046189840883	-0.993750751019	0.101616896689	3.72513956096	43.5348661449	-49.894203186	15.6639995575	36.2615013123	0.982191049866	4.0	1.44000005722	26.4799995422	2.0	7.36000013351	0.598507928312	1.0	2
1.0	862.366027832	1.0	0.0	947.57598877	1.0	0.0	0.0	10.0	0.0	0.0	0.0	0.0	0.0	0.0	0.0	0.0	2.0	0.0	0.0	0.0	0.0	0.0	0.498763688422	1.0	2
1.0	1918.06152344	4.0	4.0	7900.06738281	6.0	4.0	161.200398207	0.0	0.998022973537	-0.0332723967731	0.0533201098442	26.7159787387	27.8850794357	-55.0579490662	52.0781478882	23.5397491455	0.499075753605	2.0	1.44000005722	10.7399997711	2.0	11.220000267	0.981663735154	1.0	2
1.0	1129.58251953	4.0	1.0	296.430999756	2.0	1.0	14.1199998856	0.0	-0.0461943224072	-0.993749678135	0.101624883711	12.2173789081	13.5451587571	-61.8134994507	45.068649292	28.2631988525	0.765625723113	1.0	5.28000020981	5.01999998093	1.0	5.28000020981	0.97007429904	1.0	2
1.0	1880.67956543	4.0	4.0	6939.50732422	7.0	5.0	181.759999275	0.0	-0.998023033142	0.0332690142095	-0.053321801126	29.5471072662	44.8170502155	-43.5334510803	36.7443504333	28.6040496826	0.74349201154	1.0	1.44000005722	0.0	1.0	1.44000005722	0.855461669847	1.0	2
1.0	388.471496582	3.0	1.0	6973.84521484	6.0	1.0	11.3199996948	0.0	0.99802595377	-0.0331811159849	0.0533219575882	2.86636645589	53.0442806699	-31.2036495209	32.0424003601	26.8264503479	0.986915665186	1.0	8.06000041962	7.42000007629	1.0	8.06000041962	0.986881689569	1.0	2
1.0	2083.72802734	1.0	1.0	1552.77832031	2.0	1.0	57.7199993134	3.55769586384	-0.856625676155	-0.109818667173	-0.504115402699	27.2849220214	11.3265918683	-59.9786529541	44.6642990112	34.4853515625	0.984530746835	0.0	0.0	0.0	0.0	0.0	-1.0	0.0	2
1.0	3718.88183594	8.0	7.0	2396.65307617	8.0	8.0	197.16000104	0.0	0.00610282225534	-0.998390853405	0.0563779175282	22.8158707544	1.80716427767	-45.9491004944	-5.65902519226	44.2531509399	0.0611558821838	6.0	6.63999986649	50.4479997158	2.0	11.2600002289	0.99444973443	1.0	2
1.0	844.537719727	4.0	3.0	3514.50952148	5.0	4.0	64.1400005817	1.84104591829	0.042219415307	0.920269429684	0.389000922441	0.0	25.911377049	-56.2317504883	-5.77159500122	43.03175354	0.672504817145	0.0	0.0	0.0	0.0	0.0	0.998850541585	1.0	2
1.0	2432.90600586	2.0	2.0	4071.93798828	7.0	4.0	111.599998474	0.0	0.994935870171	0.0	-0.100511498749	2.46166058594	26.5863443222	-56.89220047	-2.25759005547	42.142250061	0.997832752875	1.0	10.0600004196	10.5	0.0	10.0600004196	0.826457766874	1.0	2
1.0	4141.6875	3.0	2.0	4304.79199219	9.0	9.0	132.239999771	0.0	0.994934976101	0.0	-0.100520342588	22.2904269365	28.1784218286	-50.8395500183	49.3431015015	35.5615501404	0.920188707665	2.0	6.63999986649	7.58800005913	1.0	6.63999986649	0.981901698533	1.0	2
1.0	2415.81347656	3.0	2.0	4303.66552734	6.0	3.0	91.7999997139	0.0	0.994934976101	0.0	-0.100520342588	22.2904269365	24.6795776663	-50.8395500183	49.3431015015	35.5615501404	0.920188707665	1.0	6.63999986649	0.148000001907	1.0	6.63999986649	0.761492196077	1.0	2
1.0	4434.34033203	7.0	6.0	4270.69238281	9.0	9.0	260.66000247	0.0	0.00619290070608	-0.998390376568	0.0563760399818	20.1791512173	38.0583624206	-70.1389465332	9.75103569031	29.1948509216	0.211276957788	6.0	4.01999998093	43.5879998207	2.0	11.2600002289	0.970917442866	1.0	2
1.0	2348.69506836	3.0	2.0	1677.79956055	4.0	3.0	97.4599990845	0.0	-0.00610282225534	0.998390853405	-0.0563779175282	1.80716427767	1.01636546283	-45.9491004944	-5.65902519226	44.2531509399	0.0611558821838	2.0	10.0600004196	20.3000001907	0.0	11.2399997711	0.27812097213	1.0	2
1.0	388.6796875	3.0	2.0	6463.57373047	9.0	6.0	108.000000954	0.0	0.994935333729	0.0	-0.100516974926	4.73649913509	38.8348337824	-35.5970497131	7.96468019485	40.9181518555	0.835662731214	2.0	6.65999984741	17.9999995232	1.0	6.65999984741	0.973721983801	1.0	2
1.0	1349.51220703	1.0	1.0	2239.80102539	2.0	2.0	74.1400008202	1.66256431513	-0.881969213486	0.461876958609	-0.0938080996275	10.1614627492	31.4529387019	-51.4306488037	15.1090507507	35.4879493713	0.57961561286	0.0	0.0	0.0	0.0	0.0	-1.0	0.0	2
1.0	2005.13269043	6.0	6.0	2595.96704102	4.0	4.0	154.78000021	0.0	0.998985528946	-0.0365960374475	0.0262423660606	19.6436031759	34.8006005351	-74.1969985962	41.6440010071	15.0549497604	0.0214938771175	4.0	6.03999996185	35.5000004768	3.0	11.6999998093	0.966292628627	1.0	2
1.0	1684.51086426	3.0	3.0	5200.67626953	6.0	3.0	155.599999428	0.0	-0.998985409737	0.0365971960127	-0.0262442938983	42.5654726989	47.2670107759	-69.9567489624	29.7122993469	26.2077503204	0.145513373221	2.0	4.32000017166	3.94000005722	3.0	11.6999998093	0.785401077947	1.0	2
1.0	753.98034668	4.0	4.0	6517.00683594	9.0	4.0	90.6799993515	0.0	-0.998985409737	0.0365971960127	-0.0262442938983	1.74193517328	48.1810652121	-69.9567489624	29.7122993469	26.2077503204	0.539440030654	5.0	4.32000017166	40.0200004578	4.0	13.8800001144	0.997568507636	1.0	2
1.0	1504.73535156	2.0	2.0	2084.578125	2.0	2.0	73.8000006676	0.0	-0.0429158248007	-0.985966324806	0.161334052682	27.0065358503	4.44996990665	-65.443901062	33.8865013123	26.912399292	0.843296278887	1.0	12.6400003433	16.8600006104	0.0	12.6400003433	0.0328862391626	1.0	2
1.0	3410.69482422	6.0	5.0	3019.6159668	6.0	5.0	188.679998398	0.0	0.0429157093167	0.985950946808	-0.161428049207	16.8202992448	25.5624968883	-58.3096008301	58.2912521362	29.5424499512	0.689701490156	6.0	6.03999996185	66.0999999046	5.0	14.6599998474	0.999081046952	1.0	2
1.0	1145.76391602	1.0	1.0	1916.23339844	5.0	4.0	40.9399995804	0.0	-0.0429126918316	-0.985966444016	0.161334201694	2.74690622252	27.3503467512	-47.5716018677	15.6042995453	31.5830001831	0.612716308312	2.0	8.64000034332	19.0600004196	1.0	8.64000034332	0.0525885978528	1.0	2
1.0	2783.00585938	7.0	7.0	5791.12011719	8.0	7.0	269.099999428	0.0	-0.998985528946	0.0365960374475	-0.0262423660606	19.5208765277	35.136690845	-74.1969985962	41.6440010071	15.0549497604	0.793870747528	10.0	4.32000017166	83.9600012302	7.0	14.6199998856	0.996487183184	1.0	2
1.0	1349.51220703	1.0	1.0	4510.72119141	4.0	3.0	85.8200006485	1.66256431513	-0.881969213486	0.461876958609	-0.0938080996275	10.1614627492	41.3930337852	-51.4306488037	15.1090507507	35.4879493713	0.57961561286	0.0	0.0	0.0	0.0	0.0	0.137299010665	1.0	2
1.0	2268.59008789	4.0	4.0	4374.88037109	7.0	5.0	123.879998207	0.0	0.0429140254855	0.985951066017	-0.161427676678	25.9547433238	42.7968640087	-29.0797996521	11.5482501984	33.9247512817	0.516761569684	0.0	0.0	0.0	2.0	14.6199998856	0.99164802743	1.0	2
1.0	1134.51000977	1.0	1.0	2396.34912109	2.0	1.0	40.4200000763	3.3026504912	-0.589829742908	0.661349534988	-0.463376313448	4.00502890866	34.6209674731	-59.2744979858	35.8052520752	26.1086502075	0.34381213768	0.0	0.0	0.0	0.0	0.0	-1.0	0.0	2
1.0	1665.77893066	5.0	4.0	375.116210938	4.0	3.0	60.0400004387	1.82761865108	0.322612971067	0.931345880032	0.168866142631	3.17565838241	14.6639549586	-68.1730957031	51.3293495178	7.70160484314	0.0773905040122	0.0	0.0	0.0	0.0	0.0	0.966972640046	1.0	2
1.0	1371.1105957	3.0	1.0	2553.95019531	4.0	2.0	53.720000267	3.3026504912	-0.589829742908	0.661349534988	-0.463376313448	34.4206633167	37.2237937526	-59.2744979858	35.8052520752	26.1086502075	0.34381213768	0.0	0.0	0.0	0.0	0.0	0.23294859218	1.0	2
1.0	1134.51000977	1.0	1.0	3679.16235352	5.0	3.0	58.9600000381	3.3026504912	-0.589829742908	0.661349534988	-0.463376313448	4.00502890866	37.2237937526	-59.2744979858	35.8052520752	26.1086502075	0.34381213768	0.0	0.0	0.0	0.0	0.0	0.161179865076	1.0	2
1.0	254.606506348	3.0	2.0	1369.11962891	3.0	2.0	30.8400001526	1.85141029215	0.0189059376717	-0.167108550668	-0.985757231712	13.1407903219	14.1562637159	-67.5906982422	55.5182991028	5.71160507202	0.797183785747	0.0	0.0	0.0	0.0	0.0	0.978216312097	1.0	2
1.0	170.069000244	1.0	1.0	1451.01098633	2.0	2.0	20.080000639	0.0	-0.00372825213708	-0.980664849281	0.195659250021	0.0	1.49155079732	-67.5899505615	46.9587478638	5.67277479172	0.0963086474498	1.0	13.8599996567	12.779999733	0.0	13.8599996567	0.712424590503	1.0	2
1.0	858.554016113	1.0	1.0	1719.71105957	1.0	1.0	44.3200001717	2.75623654732	-0.821002840996	-0.0971856191754	-0.562591552734	23.5801238592	10.110163456	-60.1064987183	46.5758514404	28.2036495209	0.900158582846	0.0	0.0	0.0	0.0	0.0	-1.0	0.0	2
1.0	4504.390625	4.0	4.0	5424.89648438	6.0	6.0	191.719999075	0.0	0.0265280082822	0.970083355904	-0.241318359971	12.8367045011	32.3470719735	-39.1739997864	55.6978988647	20.8120498657	0.983023442867	6.0	2.3599998951	43.1576004028	1.0	12.4399995804	0.998910512147	1.0	2
1.0	810.926025391	3.0	1.0	764.2421875	4.0	1.0	11.8400001526	3.38824435569	-0.701934158802	-0.128621459007	-0.700531899929	12.7716621174	4.65477826151	-59.8581008911	-7.02027511597	36.114151001	0.825733853876	0.0	0.0	0.0	0.0	0.0	0.590839620256	1.0	2
1.0	3316.7043457	5.0	5.0	6021.70166016	7.0	7.0	253.680001736	0.0	-0.0265243332833	-0.970083475113	0.241318270564	0.0	12.3690911184	-55.0423965454	-3.02015995979	43.1493492126	0.762337590579	8.0	1.79999995232	52.1176009178	4.0	12.4399995804	0.989391074549	1.0	2
1.0	2177.88916016	2.0	2.0	5329.85791016	5.0	2.0	10.2800002098	2.5249673558	-0.852744281292	0.474980473518	-0.217303276062	38.1290143038	30.1798650152	-55.1804008484	63.1327972412	18.9787998199	0.76451309214	0.0	0.0	0.0	0.0	0.0	0.628105705474	1.0	2
1.0	1381.42700195	3.0	2.0	690.604003906	3.0	2.0	32.5200004578	2.93426319108	-0.461562663317	-0.714811384678	-0.525361359119	10.9369649091	7.63538455226	-64.0252990723	-1.65316009521	33.3485488892	0.760164286757	0.0	0.0	0.0	0.0	0.0	0.977050259614	1.0	2
1.0	1725.25	1.0	1.0	974.050048828	2.0	1.0	43.0400009155	0.0	0.993508279324	0.0	0.113759703934	18.6937833461	0.0	-33.9167480469	51.426700592	18.7444992065	0.977984674505	1.0	4.48000001907	4.15999984741	1.0	4.48000001907	0.493387168791	1.0	2
1.0	2460.21191406	3.0	3.0	5764.82177734	5.0	5.0	157.199999809	0.0	0.993508279324	0.0	0.113759703934	18.6937833461	48.0275860549	-33.9167480469	51.426700592	18.7444992065	0.977984674505	4.0	4.48000001907	31.039999485	2.0	12.4399995804	0.977640804194	1.0	2
1.0	1633.67407227	4.0	4.0	991.934326172	3.0	2.0	67.3999998569	0.0	-0.0265280082822	-0.970083355904	0.241318359971	10.9645553442	7.2546768394	-39.1739997864	55.6978988647	20.8120498657	0.983023442867	2.0	1.79999995232	0.0776000022888	1.0	1.79999995232	0.767878219102	1.0	2
1.0	840.429016113	2.0	2.0	2041.68395996	2.0	2.0	63.2600011826	2.86258621419	-0.866346001625	0.376012027264	-0.328724116087	12.7014114317	31.1728887072	-64.5342025757	32.2406005859	34.3694496155	0.684409259701	0.0	0.0	0.0	0.0	0.0	-1.0	0.0	2
1.0	709.988525391	3.0	1.0	738.393920898	3.0	2.0	25.2000005245	2.86258621419	0.866346001625	-0.376012027264	0.328724116087	31.1728887072	22.4121583313	-64.5342025757	32.2406005859	34.3694496155	0.684409259701	0.0	0.0	0.0	0.0	0.0	0.978064322716	1.0	2
1.0	1231.8416748	4.0	3.0	2347.54345703	7.0	4.0	58.3600001335	0.0	0.0848975479603	0.953450143337	-0.28935316205	2.48625657459	32.6189173952	-57.8746490479	41.0394515991	33.7236480713	0.910742629989	1.0	8.5	7.92000007629	1.0	8.5	0.927416546648	1.0	2
1.0	1501.11865234	5.0	5.0	2807.09204102	7.0	7.0	151.920000076	0.0	-0.0849857479334	-0.953450918198	0.28932467103	11.4310545914	26.601859207	-60.0849990845	58.4327011108	22.9794502258	0.437892975847	4.0	1.0	27.3800001144	3.0	10.3999996185	0.973122783124	1.0	2
1.0	840.429016113	2.0	2.0	2088.36352539	3.0	3.0	78.3400011063	1.84751456042	0.0105466712266	0.74613314867	-0.665713250637	18.0652960056	36.5790006674	-44.8591995239	31.2443008423	33.4662513733	0.325632353892	0.0	0.0	0.0	0.0	0.0	0.224619274883	1.0	2
1.0	3195.84936523	8.0	7.0	2560.06787109	7.0	7.0	208.040001392	0.0	-0.982104122639	0.129156708717	0.137076795101	29.9433110049	23.2100668554	-54.7981491089	2.70529985428	44.2052993774	0.903222350795	4.0	1.0	28.5399999619	4.0	11.1199998856	0.998285854982	1.0	2
1.0	1322.00610352	4.0	4.0	3727.25927734	6.0	4.0	127.599999428	0.0	0.0848975479603	0.953450143337	-0.28935316205	2.48625657459	41.5014213996	-57.8746490479	41.0394515991	33.7236480713	0.910742629989	2.0	1.0	7.92000007629	2.0	8.5	0.691706498691	1.0	2
1.0	1542.16906738	3.0	2.0	1233.65002441	4.0	4.0	66.5599999428	0.0	-0.0849833935499	-0.953423500061	0.289415627718	42.4410768335	23.8655387667	-62.7242012024	10.6830005646	34.1169013977	0.0443377367185	1.0	1.0	0.0	1.0	1.0	0.972818147419	1.0	2
1.0	1302.30639648	4.0	4.0	3698.95507812	4.0	3.0	94.3200016022	0.0	-0.9821190238	0.129149213433	0.13697694242	24.1631465495	2.46585496849	-50.0713500977	-2.43825483322	46.3797531128	0.470996271214	2.0	8.5	17.0200004578	1.0	8.5	0.650954068536	1.0	2
1.0	237.583999634	2.0	2.0	995.261413574	5.0	2.0	14.4000003338	2.80731545593	-0.529131054878	-0.311723172665	-0.789207816124	5.77974090039	10.4273500503	-66.9009552002	61.806350708	10.1855144501	0.244147265667	0.0	0.0	0.0	0.0	0.0	0.986055071991	1.0	2
1.0	1628.49023438	1.0	1.0	2095.01538086	2.0	1.0	18.1399993896	3.66299051899	-0.883326351643	0.270779103041	-0.382639825344	24.2595546318	32.0237901252	-63.3024520874	26.7784996033	33.9320487976	0.41728562011	0.0	0.0	0.0	0.0	0.0	-1.0	0.0	2
1.0	2129.55493164	6.0	6.0	4718.08886719	11.0	9.0	220.399998426	0.0	-0.0411672927439	-0.994551062584	0.0957782268524	1.02033966646	28.5080651571	-71.4379501343	45.5773468018	8.66893959045	0.650213799639	7.0	6.17999982834	79.2200007439	3.0	9.93999958038	0.964230554259	1.0	2
1.0	1376.13134766	1.0	1.0	2317.95483398	3.0	1.0	13.0799999237	2.87018995527	-0.769107580185	-0.638657152653	0.0243019424379	5.61234995644	21.8022590828	-46.118850708	12.6096744537	46.644203186	0.726474356923	0.0	0.0	0.0	0.0	0.0	0.316637077668	1.0	2
1.0	3540.25952148	9.0	7.0	1699.44104004	8.0	8.0	167.899998665	0.0	0.998190522194	-0.028719285503	0.0528283789754	23.7753511204	12.0035932343	-37.3538970947	11.2271499634	44.4306488037	0.820060452938	5.0	4.98000001907	43.4600000381	3.0	9.93999958038	0.97317902101	1.0	2
1.0	2660.35742188	5.0	5.0	2184.86669922	7.0	6.0	136.398400545	0.0	0.998190462589	-0.028719175607	0.0528300479054	9.19408346012	52.0662334673	-71.4979019165	43.0752487183	17.2779502869	0.495873261432	5.0	6.17999982834	51.2400012016	1.0	9.93999958038	0.922279726755	1.0	2
1.0	2727.27172852	8.0	8.0	4099.15234375	7.0	7.0	264.359999418	0.0	0.998190522194	-0.028719285503	0.0528283789754	23.7753511204	12.0035932343	-37.3538970947	11.2271499634	44.4306488037	0.280011577732	4.0	8.02000045776	47.5200004578	1.0	9.85999965668	0.997166872109	1.0	2
1.0	596.765991211	3.0	3.0	1856.39904785	4.0	1.0	47.0999991894	0.0	-0.998190522194	0.028719285503	-0.0528283789754	12.0035932343	35.4231735708	-37.3538970947	11.2271499634	44.4306488037	0.820060452938	4.0	8.02000045776	53.6000003815	0.0	13.0	0.788671463575	1.0	2
1.0	3201.25488281	4.0	4.0	2470.62963867	9.0	9.0	260.258401155	0.0	-0.998190522194	0.028719285503	-0.0528283789754	12.0035932343	21.207087567	-37.3538970947	11.2271499634	44.4306488037	0.280011577732	7.0	4.98000001907	73.860001564	2.0	12.0200004578	0.969953094885	1.0	2
1.0	2724.73803711	5.0	5.0	4011.35986328	9.0	6.0	162.820000172	0.0	-0.0411589331925	-0.994547247887	0.0958211794496	7.08138013553	31.7888443016	-71.8402557373	45.2411499023	15.6534500122	0.39129875988	2.0	12.6199998856	26.8000001907	1.0	12.0200004578	0.937776946156	1.0	2
1.0	3004.64868164	10.0	10.0	3866.22973633	8.0	7.0	252.680000544	0.0	0.04116711393	0.994546771049	-0.0958228260279	8.04536920274	29.0779913623	-69.8344497681	50.0551528931	19.4632492065	0.249391344101	9.0	3.75999999046	86.8200006485	2.0	12.0200004578	0.995891906042	1.0	2
1.0	1306.14343262	2.0	1.0	812.304016113	2.0	2.0	46.5	1.31115599347	-0.56382381916	-0.223422855139	-0.795100569725	2.96638726087	17.0579657304	-73.9299468994	39.5305480957	19.4215507507	0.424321108259	0.0	0.0	0.0	0.0	0.0	-1.0	0.0	2
1.0	1892.50183105	6.0	6.0	2291.21728516	7.0	7.0	184.567999125	0.0	-0.686942756176	-0.702633023262	0.185516908765	0.0	2.60856830637	-53.9149475098	-3.64431500435	41.160697937	0.406087710104	4.0	4.84000015259	35.6400005817	2.0	13.8400001526	0.990840704135	1.0	2
1.0	3200.19555664	6.0	4.0	849.757385254	3.0	3.0	116.159998894	0.0	0.686942756176	0.702633023262	-0.185516908765	2.60856830637	0.0	-53.9149475098	-3.64431500435	41.160697937	0.406087710104	1.0	7.40000009537	5.42000007629	0.0	7.40000009537	0.950752002376	1.0	2
1.0	2032.41845703	4.0	4.0	6278.85351562	7.0	7.0	210.327999115	0.0	0.0289058424532	-0.963136017323	0.267457395792	21.0063409647	33.7391532811	-37.0791473389	10.8923997879	40.2787475586	0.90836053806	3.0	8.64000034332	35.0600004196	2.0	13.8400001526	0.981276563893	1.0	2
1.0	805.387451172	2.0	1.0	121.026000977	1.0	1.0	21.4200000763	0.0	0.999503612518	0.0310949087143	0.0050615798682	21.8055266089	3.27891439099	-49.5465011597	15.6215496063	34.4165000916	0.633097224783	1.0	4.84000015259	3.70000004768	0.0	4.84000015259	0.685700464477	1.0	2
1.0	1321.21899414	4.0	1.0	723.599975586	1.0	1.0	17.6800003052	2.44370009427	-0.36016702652	0.90315747261	0.233636915684	5.81509105819	4.35097173449	-60.3226013184	-3.60064053535	38.1408004761	0.162314518711	0.0	0.0	0.0	0.0	0.0	0.998185171522	1.0	2
1.0	1115.8984375	2.0	2.0	1002.54901123	3.0	3.0	65.3799996376	0.0	0.0289019625634	-0.963135659695	0.267459213734	13.4728333469	23.8025547445	-65.269744873	30.3505992889	24.2760505676	0.650105829103	2.0	12.6000003815	24.8000001907	2.0	13.8400001526	0.609671468696	1.0	2
1.0	955.507080078	2.0	1.0	4667.37695312	4.0	2.0	28.319999218	0.0	0.0289019625634	-0.963135659695	0.267459213734	13.4728333469	47.592633557	-65.269744873	30.3505992889	24.2760505676	0.650105829103	2.0	12.6000003815	24.8000001907	2.0	13.8400001526	0.983469583687	1.0	2
1.0	1584.96044922	3.0	3.0	1850.84423828	5.0	4.0	95.5200002193	0.0	-0.0289086289704	0.963128268719	-0.267485111952	19.0631679767	36.0312453962	-61.5566482544	37.8268508911	25.17345047	0.91094604654	0.0	0.0	0.0	1.0	10.7600002289	0.650954504065	1.0	2
1.0	2338.83496094	5.0	5.0	713.630981445	5.0	5.0	87.8279998302	0.0	0.686942756176	0.702633023262	-0.185516908765	2.60856830637	0.0	-53.9149475098	-3.64431500435	41.160697937	0.406087710104	3.0	7.40000009537	27.2600002289	1.0	8.64000034332	0.985241287422	1.0	2
1.0	758.50970459	1.0	1.0	1357.74597168	1.0	1.0	21.5599996448	3.25030765544	-0.710788607597	0.660327315331	-0.2423787117	0.0	3.33879392205	-63.4239501953	43.1052017212	29.7735996246	0.218874668108	0.0	0.0	0.0	0.0	0.0	-1.0	0.0	2
1.0	83.1356964111	1.0	0.0	426.485015869	2.0	0.0	0.0	10.0	0.0	0.0	0.0	0.0	0.0	0.0	0.0	0.0	2.0	0.0	0.0	0.0	0.0	0.0	0.498763688422	1.0	2
1.0	1136.18603516	2.0	2.0	980.069702148	2.0	2.0	49.8399998546	0.0	-0.0131471930072	0.976927280426	-0.213167056441	1.85591591784	8.51801015743	-74.1580047607	31.2394485474	19.5827999115	0.120723561913	1.0	6.98000001907	5.90000009537	1.0	9.96000003815	0.331059898714	1.0	2
1.0	2248.30395508	3.0	3.0	412.671203613	2.0	2.0	34.1000008583	3.04174952634	-0.756541192532	-0.204404726624	0.621179640293	7.47373202437	12.6001019524	-30.5137500763	51.9933013916	26.9306488037	0.997115470189	0.0	0.0	0.0	0.0	0.0	0.996288009909	1.0	2
1.0	1563.47387695	4.0	4.0	5790.27050781	5.0	5.0	194.139998794	0.0	-0.0130398273468	0.976930439472	-0.213159248233	29.98367692	31.7085280948	-46.0530509949	1.01189208031	43.2868003845	0.0552479177524	2.0	8.27999973297	13.9600000381	0.0	8.27999973297	0.672956654591	1.0	2
1.0	2163.68994141	5.0	3.0	4309.44140625	3.0	2.0	58.9799997211	0.0	-0.997138798237	0.0	0.0755920708179	18.4384052487	3.12105477915	-71.7689971924	48.1663017273	6.08683490753	0.0857308818755	1.0	4.96000003815	2.22000002861	1.0	4.96000003815	0.594357146419	1.0	2
1.0	1265.27392578	1.0	1.0	1595.16870117	2.0	2.0	62.5999991894	2.66950928654	-0.798278987408	0.567459344864	-0.201843008399	3.05662623077	2.87898708859	-62.7114028931	46.0039520264	28.7255001068	0.611860681418	0.0	0.0	0.0	0.0	0.0	-1.0	0.0	2
1.0	1528.87194824	3.0	3.0	1933.55883789	6.0	4.0	125.760000467	0.0	0.00915050692856	-0.994012951851	0.108878672123	19.1770297073	6.59247010385	-46.888999939	10.6035995483	38.0897979736	0.369519148038	4.0	7.38000011444	40.0400004387	2.0	12.8599996567	0.975441773165	1.0	2
1.0	1428.61694336	2.0	1.0	1595.16870117	2.0	2.0	62.5999991894	2.66950928654	-0.798278987408	0.567459344864	-0.201843008399	3.05662623077	2.87898708859	-62.7114028931	46.0039520264	28.7255001068	0.611860681418	0.0	0.0	0.0	0.0	0.0	0.0105465089825	1.0	2
1.0	1245.52001953	2.0	1.0	1071.68994141	1.0	1.0	25.5599994659	2.66950928654	0.798278987408	-0.567459344864	0.201843008399	2.87898708859	3.05662623077	-62.7114028931	46.0039520264	28.7255001068	0.611860681418	0.0	0.0	0.0	0.0	0.0	0.983134900973	1.0	2
1.0	2251.36206055	2.0	2.0	1892.65966797	3.0	2.0	68.7399990559	2.66950928654	-0.798278987408	0.567459344864	-0.201843008399	30.0824024934	15.8050323832	-62.7114028931	46.0039520264	28.7255001068	0.611860681418	0.0	0.0	0.0	0.0	0.0	0.32524367434	1.0	2
1.0	1933.14501953	4.0	3.0	1089.31970215	3.0	3.0	72.2999992371	0.0	0.00915050692856	-0.994012951851	0.108878672123	19.1770297073	2.21193474189	-46.888999939	10.6035995483	38.0897979736	0.369519148038	2.0	7.38000011444	17.1799998283	1.0	7.38000011444	0.997636210522	1.0	2
1.0	1401.95703125	2.0	2.0	792.983032227	2.0	2.0	29.2599999905	2.97947474312	0.994901299477	0.0	-0.100853361189	24.6332386779	16.2525965395	-52.7802009583	22.3404006958	34.2536506653	0.773803030686	0.0	0.0	0.0	0.0	0.0	0.952331084087	1.0	2
1.0	970.093994141	2.0	2.0	2814.88696289	5.0	4.0	69.1600003242	0.0	0.00915049854666	-0.994012951851	0.108878567815	0.0	39.8182399101	-67.4021987915	8.92827987671	32.5117034912	0.489716352966	2.0	5.90000009537	18.720000267	2.0	12.8599996567	0.991377351888	1.0	2
1.0	683.12097168	2.0	2.0	1163.30566406	2.0	2.0	47.2599992752	2.66950928654	-0.798278987408	0.567459344864	-0.201843008399	3.05662623077	2.87898708859	-62.7114028931	46.0039520264	28.7255001068	0.611860681418	0.0	0.0	0.0	0.0	0.0	0.167166328372	1.0	2
1.0	970.093994141	2.0	2.0	1961.56799316	5.0	2.0	40.3199996948	3.30177225439	0.0353796556592	0.611421585083	-0.790513694286	0.0	3.64892442942	-64.4083480835	53.3173522949	21.8156509399	0.753807110072	0.0	0.0	0.0	0.0	0.0	0.964302485986	1.0	2
1.0	438.089996338	2.0	2.0	680.885131836	2.0	2.0	49.8800001144	2.32371902864	-0.989338994026	0.14558275044	0.00374075258151	18.5677141318	20.3536462027	-52.2424507141	24.0557498932	31.9209003448	0.861580803895	0.0	0.0	0.0	0.0	0.0	-1.0	0.0	2
1.0	1514.48193359	6.0	1.0	339.934387207	2.0	1.0	8.52000045776	2.94958299825	0.698011755943	0.690000474453	-0.19151738286	0.0	5.91343162554	-56.4566497803	57.5259017944	25.7290992737	0.00268155884371	0.0	0.0	0.0	0.0	0.0	0.997942377756	1.0	2
1.0	237.251998901	1.0	1.0	881.723083496	3.0	2.0	30.5799999237	2.62133742449	-0.618669748306	-0.56199914217	-0.54900342226	0.0	5.33625480715	-64.0550537109	34.5707473755	25.8262996674	0.486228044092	0.0	0.0	0.0	0.0	0.0	0.235440361743	1.0	2
1.0	1482.15246582	6.0	6.0	5584.80615234	8.0	8.0	171.760000229	0.0	-0.0473602153361	0.972074091434	-0.229845613241	2.67328457837	38.9150586188	-60.0943984985	62.8652496338	19.7405509949	0.410679988994	5.0	4.86000013351	36.6052002162	2.0	12.5600004196	0.968533889981	1.0	2
1.0	704.959960938	3.0	2.0	348.042022705	2.0	2.0	30.7399997711	2.32371902864	-0.989338994026	0.14558275044	0.00374075258151	18.5677141318	20.3536462027	-52.2424507141	24.0557498932	31.9209003448	0.861580803895	0.0	0.0	0.0	0.0	0.0	0.219188078257	1.0	2
1.0	1172.79199219	4.0	3.0	4422.8046875	5.0	4.0	125.98000145	0.0	0.0472534149885	-0.972083210945	0.229829028249	20.3175689744	1.91131260572	-34.0126495361	10.4486150742	36.0740509033	0.928305679467	2.0	10.8800001144	18.9600000381	2.0	11.2399997711	0.975717442527	1.0	2
1.0	633.838989258	3.0	2.0	1477.50610352	4.0	4.0	76.4400014877	2.23067258314	-0.88062107563	0.303822934628	-0.363590657711	2.46205041638	11.4008530489	-61.6420516968	53.0758972168	24.5619010925	0.922013396631	0.0	0.0	0.0	0.0	0.0	0.503624448857	1.0	2
1.0	1825.45239258	5.0	5.0	5040.66796875	6.0	6.0	167.380001068	0.0	-0.998339056969	-0.0336565226316	0.0467591583729	8.72499879029	37.2066612932	-65.6660995483	56.1228485107	19.9441986084	0.85124918565	3.0	6.17999982834	17.3651997298	3.0	12.5600004196	0.978795636171	1.0	2
1.0	706.143981934	3.0	3.0	412.831115723	3.0	3.0	88.5399990082	0.0	0.0472576729953	-0.972082495689	0.229831025004	9.82487155691	3.66232890358	-51.8336486816	4.7424697876	36.506652832	0.712475851153	2.0	7.42000007629	15.6999998093	0.0	8.53999996185	0.394434718787	1.0	2
1.0	2155.59521484	7.0	7.0	4911.36328125	6.0	6.0	243.380002499	0.0	0.0472534149885	-0.972083210945	0.229829028249	20.3175689744	1.91131260572	-34.0126495361	10.4486150742	36.0740509033	0.928305679467	4.0	6.17999982834	26.6651999205	4.0	12.5600004196	0.974308122832	1.0	2
1.0	1380.57592773	2.0	2.0	1329.99206543	1.0	1.0	35.2599999905	3.31022652395	-0.636831104755	-0.762045264244	-0.117188714445	30.4249774345	11.3410538963	-58.9116516113	14.0272293091	36.070350647	0.719389344681	0.0	0.0	0.0	0.0	0.0	-1.0	0.0	2
1.0	4557.79003906	3.0	2.0	5393.58691406	3.0	2.0	87.8600013256	2.05544647008	-0.727092683315	-0.678949713707	-0.101801373065	0.0	37.5880242637	-65.3240509033	60.7229499817	19.5635490417	0.153279952002	0.0	0.0	0.0	0.0	0.0	0.964552513514	1.0	2
1.0	152.897003174	1.0	1.0	3103.92260742	5.0	1.0	3.94000005722	0.0	0.106011882424	-0.93781465292	0.330552816391	1.13476319237	45.0871105452	-23.1365509033	43.598197937	16.2842502594	0.56762368482	1.0	10.6000003815	12.8599996567	1.0	10.6000003815	0.9652106741	1.0	2
1.0	2478.5715332	6.0	5.0	2933.41699219	4.0	4.0	77.5400009155	0.0	0.106014616787	-0.937842130661	0.330473929644	40.8390049108	4.39002566842	-24.109249115	52.118598938	17.1716003418	0.967042808501	4.0	1.65999996662	28.740000248	1.0	7.0	0.98362585141	1.0	2
1.0	3410.26782227	4.0	3.0	4227.90039062	3.0	2.0	53.2200009823	0.0	-0.106013543904	0.937814474106	-0.330552756786	20.4477104592	32.4025453092	-71.9271469116	44.1420974731	16.6175498962	0.538128635684	1.0	8.92000007629	8.64000034332	0.0	8.92000007629	0.872791631261	1.0	2
1.0	1521.32763672	3.0	3.0	5695.1171875	5.0	3.0	50.7800002098	0.0	-0.993542850018	-0.113424025476	-0.00275461771525	32.9141778084	19.1694215596	-57.272102356	-0.349662482738	35.3019485474	0.473768703946	2.0	1.65999996662	7.86000013351	0.0	7.42000007629	0.987076852027	1.0	2
1.0	1285.0300293	1.0	1.0	1425.53796387	2.0	2.0	67.220000267	1.26436547608	-0.624472379684	-0.745576679707	0.232700660825	2.04082315413	18.4109344304	-46.1738510132	11.5358505249	40.7196998596	0.43193549317	0.0	0.0	0.0	0.0	0.0	0.26529620172	1.0	2
1.0	137.507995605	1.0	1.0	1850.80688477	5.0	1.0	10.7399997711	0.0	-0.106013543904	0.937814474106	-0.330552756786	2.62049282455	23.0791622119	-71.9271469116	44.1420974731	16.6175498962	0.538128635684	1.0	8.92000007629	8.64000034332	0.0	8.92000007629	0.96772470836	1.0	2
1.0	1194.14196777	1.0	1.0	2194.87207031	1.0	1.0	28.4799990654	3.03501563808	-0.777189433575	-0.374790608883	-0.505478560925	1.0280930787	27.5714464982	-59.4340515137	34.1359481812	34.0624504089	0.901099706507	0.0	0.0	0.0	0.0	0.0	-1.0	0.0	2
1.0	2699.90307617	6.0	6.0	2571.70703125	4.0	4.0	184.280000687	0.0	0.992694616318	-0.0704842433333	-0.0979254543781	24.2379766239	14.2404522811	-64.8681488037	45.7582015991	29.804901123	0.803008735557	4.0	3.18000006676	42.019998312	2.0	10.3000001907	0.989260415405	1.0	2
1.0	2079.07397461	2.0	1.0	957.179992676	3.0	3.0	68.7000007629	0.0	0.992694497108	-0.0704847425222	-0.0979261472821	0.0	10.2727820847	-69.4413452148	34.7779006958	24.5685005188	0.934134063395	2.0	3.18000006676	12.0600001812	3.0	10.5200004578	0.709162983659	1.0	2
1.0	1891.06201172	6.0	5.0	2280.35302734	4.0	4.0	93.039999485	0.0	0.0587488636374	0.984726071358	-0.163899794221	10.4613874318	2.54039823211	-62.1083984375	1.67075490952	32.0513496399	0.445962931088	2.0	9.80000019073	19.779999733	2.0	10.5200004578	0.983655846531	1.0	2
1.0	372.552001953	2.0	1.0	1635.05810547	3.0	1.0	17.1800003052	2.52108503824	-0.0319236852229	-0.921664774418	0.386671602726	7.3269735844	3.51354814001	-50.262046814	52.3009490967	36.8947982788	0.898626664714	0.0	0.0	0.0	0.0	0.0	0.314593066954	1.0	2
1.0	3478.54589844	6.0	6.0	8241.81835938	5.0	5.0	212.980000973	0.0	-0.992685258389	0.0704874172807	0.0980180874467	2.35887818137	1.78670902144	-60.5528488159	64.191696167	15.8906497955	0.255345521356	5.0	3.90000009537	65.119998455	2.0	10.3000001907	0.986972992328	1.0	2
1.0	2476.1340332	4.0	3.0	5542.60302734	4.0	3.0	81.7399992943	0.0	-0.992686033249	0.0704738050699	0.0980199575424	32.9131575921	2.7868924937	-58.0437469482	-2.28223514557	38.2317504883	0.807974290169	1.0	3.90000009537	3.55999994278	1.0	3.90000009537	0.723076186784	1.0	2
1.0	4332.01416016	6.0	6.0	7388.34960938	7.0	7.0	304.93999958	0.0	-0.992685258389	0.0704874172807	0.0980180874467	2.35887818137	1.78670902144	-60.5528488159	64.191696167	15.8906497955	0.255345521356	8.0	1.48000001907	90.4599971771	2.0	9.19999980927	0.984380344172	1.0	2
1.0	2057.15307617	1.0	1.0	1703.58203125	4.0	2.0	47.2199988365	0.0	0.0587508901954	0.984726727009	-0.163895100355	20.4559189851	34.9255106886	-64.992401123	11.5868997574	27.7857513428	0.491589198051	1.0	9.19999980927	8.92000007629	1.0	9.19999980927	0.404039360221	1.0	2
1.0	4021.91503906	5.0	5.0	6597.57958984	4.0	4.0	139.480000973	0.0	-0.992694497108	0.0704847425222	0.0979261472821	27.0169880403	32.6961575135	-69.4413452148	34.7779006958	24.5685005188	0.934134063395	1.0	3.18000006676	3.1400001049	1.0	3.18000006676	0.9951591324	1.0	2
1.0	991.802978516	1.0	1.0	1644.24304199	2.0	1.0	23.1000006199	3.97112077204	-0.775145113468	-0.215359434485	-0.593944728374	1.59346834061	14.6999495281	-53.768951416	7.98581027985	45.3693008423	0.364474593953	0.0	0.0	0.0	0.0	0.0	-1.0	0.0	3
1.0	1004.27758789	5.0	2.0	2142.50219727	6.0	2.0	17.6200008392	3.24016977054	0.466782718897	-0.814550280571	-0.344415038824	21.4002527105	0.0	-52.244102478	-16.0880489349	38.770652771	0.912442395028	4.0	5.34000015259	21.3999996185	0.0	11.2600002289	0.99483015153	1.0	3
1.0	2155.2722168	4.0	4.0	3727.40649414	9.0	5.0	36.1800010204	3.21746800642	0.470967292786	-0.879639208317	-0.06651815027	24.3303675611	3.40325720639	-44.0204467773	3.81094455719	48.6238021851	0.0906444246383	6.0	5.23999977112	39.7799994946	0.0	20.7199993134	0.372698153156	1.0	3
1.0	3752.84228516	6.0	5.0	8791.35351562	10.0	6.0	224.100001574	0.0	-0.0219685398042	0.19565948844	0.980425775051	17.2718078555	26.0086381453	-52.6429519653	66.4722518921	21.3175010681	0.79906523235	4.0	4.69999980927	45.6800003052	4.0	12.5799999237	0.978140423791	1.0	3
1.0	2040.94299316	2.0	1.0	595.103027344	1.0	1.0	3.8599998951	4.33172017418	-0.167876586318	0.0405142232776	-0.984975159168	19.7486103476	6.87224147362	-73.5193023682	32.2052001953	18.5297660828	0.83637278346	0.0	0.0	0.0	0.0	0.0	0.181652931105	1.0	3
1.0	606.611022949	3.0	3.0	3159.31103516	6.0	3.0	48.3599996567	0.0	-0.99928021431	-0.0342927016318	-0.0162199307233	21.1101204411	46.0911488071	-63.9337997437	47.3871498108	24.5414009094	0.545040794084	1.0	14.3000001907	14.3999996185	0.0	14.3000001907	0.988391671519	1.0	3
1.0	1995.57397461	5.0	5.0	6723.02734375	4.0	4.0	179.740003824	0.0	-0.0314095802605	0.976060092449	-0.215221002698	10.2560552821	16.3881310845	-59.3266525269	-7.59610509872	36.7354507446	0.569474536795	2.0	2.92000007629	16.1799995899	1.0	2.92000007629	0.938549569214	1.0	3
1.0	1335.82714844	2.0	2.0	3849.37304688	3.0	3.0	92.8800022602	1.91868705273	0.272504866123	0.748809576035	0.604173243046	1.59343281087	10.0353009604	-52.0559997559	-7.6382598877	43.9333000183	0.754785320714	0.0	0.0	0.0	0.0	0.0	0.98246045577	1.0	3
1.0	1384.67199707	3.0	1.0	869.601013184	2.0	1.0	3.24000000954	4.06767741186	0.949474692345	0.213411286473	0.230116218328	36.1186616659	16.8992112596	-61.8922996521	35.8500518799	29.2302513123	0.924571690107	0.0	0.0	0.0	0.0	0.0	0.643292054763	1.0	3
1.0	1823.72180176	3.0	3.0	8946.72167969	7.0	5.0	186.980003715	0.0	-0.0314132794738	0.976059556007	-0.215222939849	23.8256982304	38.2442447352	-39.7443504333	15.9917497635	37.6302490234	0.84981573628	2.0	11.8999996185	20.720000267	2.0	11.9399995804	0.975011756089	1.0	3
1.0	780.997009277	1.0	1.0	2574.76806641	1.0	1.0	12.5599999428	4.18056220768	-0.905395805836	-0.253514558077	-0.340571314096	3.0971515419	32.6919680068	-63.2928466797	22.4208488464	28.3414993286	0.610110905985	0.0	0.0	0.0	0.0	0.0	-1.0	0.0	3
1.0	3714.51879883	6.0	3.0	2677.13305664	6.0	4.0	49.0599999428	0.0	0.00326345697977	0.994232833385	-0.107193656266	37.6459150826	16.7780533962	-68.8840942383	49.6425514221	19.2858009338	0.296304770401	4.0	5.17999982834	39.7199997902	1.0	5.17999982834	0.988632644065	1.0	3
1.0	783.503967285	2.0	1.0	5485.44335938	8.0	2.0	39.4600000381	0.0	0.0032673520036	0.994233012199	-0.107191734016	2.23064796945	36.6036928558	-50.0586013794	22.2014503479	31.7434997559	0.64886055175	1.0	9.52000045776	11.2600002289	0.0	9.52000045776	0.51210263588	1.0	3
1.0	2179.18310547	5.0	4.0	8155.39501953	10.0	6.0	209.779998302	0.0	0.0032673520036	0.994233012199	-0.107191734016	35.0947774254	36.6036928558	-50.0586013794	22.2014503479	31.7434997559	0.64886055175	1.0	9.52000045776	11.2600002289	1.0	17.1200008392	0.98309077214	1.0	3
1.0	1265.79797363	2.0	1.0	2737.66601562	2.0	2.0	28.740000248	1.70185489717	-0.733960568905	0.672503232956	-0.0950855016708	4.04427120227	30.8493182997	-49.9314002991	33.1339988708	27.5942993164	0.614591623836	0.0	0.0	0.0	0.0	0.0	0.549030204448	1.0	3
1.0	2590.90185547	5.0	4.0	7161.42041016	8.0	8.0	286.680000305	0.0	-0.00327124632895	-0.994233012199	0.107191726565	25.95191891	39.6131994615	-72.1435012817	44.9067497253	21.183599472	0.767573687171	4.0	9.52000045776	40.7864008397	3.0	17.1200008392	0.982703296566	1.0	3
1.0	780.997009277	1.0	1.0	2608.31982422	6.0	3.0	42.6000008583	3.16085434265	0.123150482774	0.837150812149	-0.532928168774	1.82208728548	30.3286796174	-53.7416000366	29.9258995056	30.0535507202	0.819861471273	0.0	0.0	0.0	0.0	0.0	0.59141113482	1.0	3
1.0	2416.66210938	2.0	2.0	1085.20092773	2.0	2.0	84.6599988937	0.0	0.00327124632895	0.994233012199	-0.107191726565	1.82215091542	23.4099085479	-72.1435012817	44.9067497253	21.183599472	0.767573687171	1.0	14.2399997711	16.0200004578	1.0	14.2399997711	0.993920111872	1.0	3
1.0	1470.44091797	2.0	2.0	1136.39099121	2.0	2.0	10.1799998283	0.0	0.00327124632895	0.994233012199	-0.107191726565	24.1502624485	1.06659940311	-72.1435012817	44.9067497253	21.183599472	0.901063572571	1.0	18.6399993896	18.2199993134	0.0	18.6399993896	0.576352117646	1.0	3
1.0	352.161010742	1.0	1.0	1299.28894043	3.0	1.0	7.88000011444	1.70185489717	-0.733960568905	0.672503232956	-0.0950855016708	4.04427120227	23.8796236087	-49.9314002991	33.1339988708	27.5942993164	0.614591623836	0.0	0.0	0.0	0.0	0.0	0.99818517971	1.0	3
1.0	92.7888031006	1.0	1.0	1245.77563477	2.0	1.0	20.0	3.83684769843	-0.856918036938	-0.464807569981	-0.222812443972	1.92565787881	11.5657679168	-60.390499115	14.4193000793	38.0071487427	0.54884682471	0.0	0.0	0.0	0.0	0.0	-1.0	0.0	3
1.0	1147.15405273	6.0	1.0	3589.54467773	12.0	2.0	18.4800004959	0.0	0.0535279177129	0.956509649754	-0.286747425795	2.6600730801	15.3677990492	-70.2055511475	54.6735992432	13.6336994171	0.915230069615	3.0	2.16000008583	29.4800000191	1.0	2.16000008583	0.989061448702	1.0	3
1.0	2863.22119141	10.0	6.0	4642.03125	11.0	7.0	94.8199989796	0.0	-0.995689570904	0.0703867897391	0.060398068279	4.5564244178	23.3054868816	-70.8876495361	52.1431503296	14.4363498688	0.894991619416	4.0	5.17999982834	35.5643997192	0.0	28.9799995422	0.88092508395	1.0	3
1.0	3639.65283203	12.0	10.0	10224.1181641	15.0	12.0	357.289999962	0.0	0.0536272414029	0.956503987312	-0.286747694016	18.9338810023	13.6979871576	-49.9309997559	67.7785949707	29.6295013428	0.643538960234	18.0	2.16000008583	175.264400482	5.0	12.3199996948	0.987852133767	1.0	3
1.0	435.789794922	2.0	0.0	492.931030273	2.0	0.0	0.0	10.0	0.0	0.0	0.0	0.0	0.0	0.0	0.0	0.0	2.0	0.0	0.0	0.0	0.0	0.0	0.498763688422	1.0	3
1.0	3751.94921875	7.0	3.0	508.363037109	3.0	3.0	82.5599999428	0.0	-0.995688915253	0.070396669209	0.0603980273008	15.4875640424	1.0811609307	-57.1334495544	-2.77818489075	40.9198493958	0.676892924367	3.0	8.0	33.240000248	1.0	8.0	0.987638040582	1.0	3
1.0	3609.97485352	5.0	5.0	830.028442383	4.0	4.0	144.339999676	0.0	-0.0536271296442	-0.956504702568	0.286745339632	51.8255266929	18.7674602844	-71.0596008301	13.989200592	32.0424995422	0.098004968169	1.0	12.9600000381	13.3800001144	0.0	12.9600000381	0.801583836739	1.0	3
1.0	2314.2109375	6.0	5.0	700.574829102	4.0	3.0	63.7800002098	0.0	-0.0536271296442	-0.956504702568	0.286745339632	51.8255266929	8.76832667154	-71.0596008301	13.989200592	32.0424995422	0.098004968169	2.0	12.9600000381	28.6000003815	0.0	16.1200008392	0.981046978667	1.0	3
1.0	435.789794922	2.0	2.0	2385.74755859	7.0	4.0	42.240000248	3.25110754068	-0.951832711697	-0.215625792742	-0.217990830541	15.3940255852	25.0386325142	-59.1976013184	48.8877487183	34.0632514954	0.419920558265	0.0	0.0	0.0	0.0	0.0	0.0614459917978	1.0	3
1.0	2915.26879883	5.0	4.0	4354.60546875	3.0	3.0	156.059999943	0.0	-0.995688915253	0.070396669209	0.0603980273008	29.0307555132	21.9267282187	-57.1334495544	-2.77818489075	40.9198493958	0.676892924367	2.0	5.40000009537	17.5199999809	1.0	5.40000009537	0.994893209261	1.0	3
1.0	1093.71630859	1.0	1.0	2703.38916016	1.0	1.0	67.1200010777	1.67711062044	-0.717963337898	0.690123558044	-0.0908741503954	1.46732674468	21.2705496446	-61.0205993652	54.1135482788	27.1790008545	0.689251622634	0.0	0.0	0.0	0.0	0.0	-1.0	0.0	3
1.0	2570.67358398	7.0	3.0	2518.10253906	8.0	3.0	59.7000007629	0.0	0.0335510522127	0.986689031124	-0.159119769931	17.7662282079	37.663100027	-64.0155487061	59.9356002808	23.3562507629	0.53785940257	2.0	1.46000003815	21.5000002384	1.0	19.2000007629	0.994933341122	1.0	3
1.0	1959.69091797	7.0	6.0	6844.54785156	12.0	6.0	151.459999681	0.0	0.0335510522127	0.986689031124	-0.159119769931	2.83093029245	47.1549923111	-64.0155487061	59.9356002808	23.3562507629	0.53494430796	6.0	1.46000003815	46.4400007129	3.0	17.3999996185	0.890121322164	1.0	3
1.0	3167.4519043	10.0	8.0	9698.72558594	13.0	10.0	190.819998741	0.0	-0.0335510522127	-0.986689031124	0.159119769931	1.77336510347	45.6328993353	-64.0155487061	59.9356002808	23.3562507629	0.53785940257	8.0	7.57999992371	86.5399999619	4.0	19.2000007629	0.995103633389	1.0	3
1.0	1664.39135742	2.0	2.0	2132.71411133	2.0	2.0	66.840000391	0.0	0.0335510522127	0.986689031124	-0.159119769931	2.83093029245	14.6610158713	-64.0155487061	59.9356002808	23.3562507629	0.53494430796	1.0	17.3999996185	16.9200000763	2.0	17.3999996185	0.355161488859	1.0	3
1.0	2979.43652344	8.0	6.0	5414.90527344	7.0	7.0	150.940002084	0.0	-0.0335510522127	-0.986689031124	0.159119769931	1.77336510347	39.8362367017	-64.0155487061	59.9356002808	23.3562507629	0.53785940257	6.0	1.46000003815	58.0400008559	4.0	19.2000007629	0.991347095363	1.0	3
1.0	3754.08105469	4.0	4.0	3083.9362793	6.0	4.0	171.880001068	0.0	-0.999263823032	0.0310417413712	0.022544875741	41.7380877502	30.5041357884	-67.2577514648	6.78449010849	37.9115524292	0.644756099441	2.0	8.80000019073	19.0799999237	2.0	11.1599998474	0.995729647807	1.0	3
1.0	1705.63037109	3.0	3.0	1183.63452148	6.0	4.0	116.860000253	0.0	-0.0335464254022	-0.986689984798	0.159114852548	4.95785148313	10.5539631619	-46.7182502747	9.99719047546	41.2881507874	0.702413544244	5.0	7.32000017166	49.3200006485	2.0	12.4200000763	0.988502737125	1.0	3
1.0	990.229980469	3.0	3.0	2162.52441406	6.0	6.0	76.3199995756	0.0	0.0335510522127	0.986689031124	-0.159119769931	2.83093029245	14.6610158713	-64.0155487061	59.9356002808	23.3562507629	0.53494430796	5.0	1.46000003815	43.8800010085	2.0	17.3999996185	0.895905020164	1.0	3
1.0	2002.93457031	3.0	3.0	1306.20227051	3.0	3.0	66.3400011063	0.0	0.0335510522127	0.986689031124	-0.159119769931	2.83093029245	14.6610158713	-64.0155487061	59.9356002808	23.3562507629	0.53494430796	1.0	17.3999996185	16.9200000763	1.0	17.3999996185	0.998651280983	1.0	3
1.0	1167.3651123	1.0	1.0	1925.33703613	2.0	1.0	40.960000515	3.0570426116	-0.983128905296	-0.136804267764	-0.12141725421	25.1778419246	32.9734500466	-55.4370994568	14.158949852	34.6817474365	0.990537246433	0.0	0.0	0.0	0.0	0.0	-1.0	0.0	3
1.0	3162.69921875	10.0	8.0	11339.0908203	18.0	10.0	313.239998817	0.0	-0.0076041216962	0.965339064598	-0.260888129473	6.00288889001	24.7865936879	-53.7321510315	-11.9713497162	40.8010482788	0.592500938983	13.0	3.44000005722	106.880000114	5.0	10.9600000381	0.980629916398	1.0	3
1.0	1888.71716309	5.0	1.0	1909.78710938	8.0	3.0	28.2199997902	0.0	0.00760392425582	-0.965313017368	0.260984629393	45.6909439761	21.1388363356	-70.4643554688	34.5999526978	25.1833000183	0.466159702726	1.0	10.0799999237	9.88000011444	1.0	10.0799999237	0.922922869506	1.0	3
1.0	1266.39465332	6.0	2.0	4865.6484375	11.0	3.0	29.2000002861	2.8678632974	-0.260267645121	0.858888447285	-0.441102415323	8.375041897	32.761878684	-37.268699646	-8.07198524475	47.2416496277	0.156272220043	0.0	0.0	0.0	0.0	0.0	0.993888070226	1.0	3
1.0	1454.45214844	2.0	1.0	5496.24707031	4.0	3.0	67.180000782	0.0	0.00760316615924	-0.965320050716	0.260958611965	13.1165497141	24.7174318887	-51.0082511902	35.6546020508	29.6112003326	0.704371783594	0.0	0.0	0.0	1.0	16.6200008392	0.666377924309	1.0	3
1.0	4294.31396484	7.0	4.0	3343.56494141	2.0	2.0	43.0999999046	2.47222568807	-0.325330734253	-0.909972310066	0.257119297981	42.2151628161	27.1743355276	-67.2286987305	10.9627494812	31.4708499908	0.175897859268	0.0	0.0	0.0	0.0	0.0	0.999754292971	1.0	3
1.0	1092.10913086	5.0	3.0	2144.26757812	6.0	4.0	30.6400002837	2.19117319428	0.00764337275177	-0.965320646763	0.260955244303	10.8502997463	16.6418145165	-69.4371490479	46.4264526367	25.5251502991	0.262807717971	0.0	0.0	0.0	0.0	0.0	0.63208004644	1.0	3
1.0	2772.22705078	5.0	5.0	3038.32275391	9.0	8.0	188.039998949	0.0	-0.999437451363	0.0	0.0335371866822	8.27968639767	7.57342368576	-66.0272979736	51.748500824	20.3946495056	0.671423867586	9.0	9.06000041962	88.3000001907	2.0	10.0799999237	0.991839905971	1.0	3
1.0	970.770690918	3.0	3.0	1130.3581543	5.0	4.0	45.2200011611	2.19117319428	-0.00764337275177	0.965320646763	-0.260955244303	0.0	10.8502997463	-69.4371490479	46.4264526367	25.5251502991	0.262807717971	0.0	0.0	0.0	0.0	0.0	0.998757072434	1.0	3
1.0	1502.6550293	5.0	4.0	4948.20068359	7.0	6.0	122.960000992	0.0	0.0076041216962	-0.965339064598	0.260888129473	14.1647142569	6.00288889001	-53.7321510315	-11.9713497162	40.8010482788	0.592500938983	3.0	8.64000034332	28.4400005341	0.0	11.720000267	0.971737026883	1.0	3
