valid	volumeS1	connectedComponentsS1	connectedComponentsS1Rel	volumeS2	connectedComponentsS2	connectedComponentsS2Rel	corticalSize	distanceMin	direction_x	direction_y	direction_z	distanceToExtremity1	distanceToExtremity2	gravityCenter_x	gravityCenter_y	gravityCenter_z	corticalDotProduct	junctions	junctionDepthMin	junctionsSize	plisDePassage	plisDePassageDepthMax	Potential	Class	cycle
1.0	2585.79199219	1.0	1.0	1938.87304688	3.0	2.0	63.8799996376	0.0	0.99788993597	-0.0560500063002	-0.0327735692263	13.0385162401	24.5492859322	-41.67029953	-31.9110488892	-53.5342483521	0.113543963301	2.0	16.3799991608	32.5599994659	0.0	16.6800003052	-1.0	0.0	1
1.0	5917.31494141	11.0	8.0	3835.28686523	15.0	12.0	185.180000424	0.0	0.997893154621	-0.0560521371663	-0.032670468092	28.0374341655	19.7518919057	-36.7243995667	-63.1423492432	-22.1717987061	0.0228379652989	15.0	2.92000007629	136.843999624	6.0	15.1999998093	0.992464375158	1.0	1
1.0	3319.13232422	8.0	2.0	3527.40136719	12.0	2.0	7.57999992371	2.7782548357	-0.152974814177	0.115822426975	-0.981419324875	21.6902457174	29.1469379026	-9.35890579224	-61.7375030518	-28.7466506958	0.79394644977	6.0	4.51999998093	42.8200011253	4.0	15.7600002289	0.753419247637	1.0	1
1.0	4941.95605469	15.0	12.0	8818.83007812	16.0	8.0	131.739999712	0.0	-0.0584630407393	-0.987321555614	0.147574335337	8.73827800588	51.5454067646	-61.3749008179	-13.7241001129	-46.4092483521	0.233548653818	12.0	1.96000003815	86.1504004002	6.0	22.5599994659	0.982217898505	1.0	1
1.0	2475.58496094	1.0	1.0	1107.125	2.0	1.0	46.7999992371	2.66858198008	-0.0189990829676	-0.680850982666	0.732175529003	31.3020956989	5.00569247938	-30.4309501648	-50.4102020264	-49.0273513794	0.356854748547	0.0	0.0	0.0	0.0	0.0	0.123793746791	1.0	1
1.0	3342.56542969	4.0	4.0	2539.30981445	5.0	3.0	79.0600011349	0.0	-0.997893154621	0.0560521371663	0.032670468092	27.2926426836	8.90397460233	-36.7243995667	-63.1423492432	-22.1717987061	0.564670113321	10.0	4.51999998093	100.373600006	4.0	15.1999998093	0.993581554795	1.0	1
1.0	1666.22888184	4.0	4.0	2155.34790039	7.0	4.0	38.7200007439	0.0	0.99788993597	-0.0560500063002	-0.0327735692263	13.0385162401	47.5060581263	-41.67029953	-31.9110488892	-53.5342483521	0.72745928708	9.0	7.30000019073	99.8000011444	2.0	15.7600002289	0.69058139539	1.0	1
1.0	2136.94995117	5.0	5.0	4344.4140625	9.0	7.0	154.640000343	0.0	-0.997893154621	0.0560521371663	0.032670468092	31.5871623022	4.8606524305	-36.7243995667	-63.1423492432	-22.1717987061	0.598091332136	8.0	3.18000006676	86.8267992735	3.0	15.1999998093	0.982474055151	1.0	1
1.0	2585.79199219	1.0	1.0	1984.66650391	4.0	3.0	77.7400000095	0.0	0.99788993597	-0.0560500063002	-0.0327735692263	13.0385162401	38.9713726014	-41.67029953	-31.9110488892	-53.5342483521	0.113543963301	2.0	16.3799991608	32.5599994659	0.0	16.6800003052	0.0912396975035	1.0	1
1.0	3658.71630859	6.0	6.0	6272.42236328	11.0	7.0	175.439999342	0.0	-0.99788993597	0.0560521744192	0.0327698029578	0.916923319547	45.3567060477	-60.5446014404	-27.9657497406	-38.3549499512	0.994694957194	15.0	2.92000007629	103.557201028	8.0	22.5599994659	0.981426996293	1.0	1
1.0	2484.80078125	1.0	1.0	3274.00561523	1.0	1.0	45.1599991322	0.0	0.995591282845	-0.0936355441809	0.0055098910816	16.6165508108	33.5022627714	-41.1581993103	-35.7915992737	-48.2376022339	0.243106726133	1.0	5.76000022888	5.51999998093	1.0	5.76000022888	-1.0	0.0	1
1.0	963.00201416	2.0	0.0	1340.66992188	2.0	0.0	0.0	10.0	0.0	0.0	0.0	0.0	0.0	0.0	0.0	0.0	2.0	0.0	0.0	0.0	0.0	0.0	0.498763688422	1.0	1
1.0	3465.93408203	12.0	7.0	6685.02636719	13.0	6.0	96.046399761	0.0	-0.995591938496	0.0936285257339	-0.00551714934409	19.5782901454	2.97330408246	-20.4725990295	-68.5731964111	-8.05476474762	0.317504825253	7.0	3.44000005722	48.2599995136	4.0	11.8800001144	0.973858473018	1.0	1
1.0	6314.36914062	17.0	13.0	11423.2841797	17.0	11.0	326.840001583	0.0	-0.99559122324	0.0936355367303	-0.0055266446434	17.3608714386	1.05304353447	-19.3374996185	-67.7703018188	-6.16932964325	0.846218257232	21.0	3.44000005722	181.700001717	18.0	15.1599998474	0.99999613707	1.0	1
1.0	1999.86608887	6.0	5.0	4771.19775391	7.0	6.0	69.1999998093	0.0	-0.104945518076	-0.992565989494	-0.0616379603744	11.1208939977	0.992881448354	-29.9092998505	-63.4306488037	-24.2616004944	0.129175095831	3.0	1.05999994278	16.3800001144	1.0	1.05999994278	0.691247723469	1.0	1
1.0	2022.80908203	1.0	1.0	1008.04986572	4.0	3.0	22.5999999046	2.18976486668	-0.29119426012	-0.63110524416	0.718965947628	21.597464752	30.1139071069	-30.6162490845	-46.2383003235	-48.7549514771	0.419236095756	0.0	0.0	0.0	0.0	0.0	0.986743537234	1.0	1
1.0	3375.25	6.0	4.0	3008.37744141	8.0	5.0	102.640001059	0.0	0.995600402355	-0.0935387611389	0.00550632877275	31.8919886614	7.59597747114	-31.8689994812	-57.3433532715	-33.0317001343	0.296631326961	7.0	4.88000011444	67.7000012398	7.0	18.5400009155	0.980117536653	1.0	1
1.0	3901.77905273	6.0	6.0	5166.49169922	11.0	6.0	199.060001135	0.0	0.995591282845	-0.0936355441809	0.00550807965919	6.30855686469	13.1607092619	-28.5809001923	-65.4773025513	-15.2525997162	0.24166821918	12.0	4.88000011444	130.180000782	5.0	12.5200004578	0.994780061807	1.0	1
1.0	3179.69262695	4.0	3.0	2927.80664062	3.0	3.0	69.5400002003	0.0	-0.104945518076	-0.992565989494	-0.0616379603744	14.068583914	22.9361993957	-32.4278030396	-57.7027511597	-34.8835983276	0.723486548936	7.0	8.96000003815	94.0	3.0	12.5200004578	0.800796957638	1.0	1
1.0	1570.69995117	7.0	7.0	2706.23461914	11.0	7.0	88.3715991266	0.0	0.105046235025	0.992555618286	0.0616334751248	0.99289182721	46.0373274496	-18.8876495361	-21.4283504486	-68.99659729	0.611860898745	7.0	5.69999980927	66.9200000763	5.0	18.5400009155	0.998360938814	1.0	1
1.0	3671.79589844	1.0	1.0	1530.73608398	2.0	2.0	50.5800004005	0.0	0.999347448349	-0.0346072688699	-0.0103471344337	24.8613984661	26.5440331911	-35.361000061	-50.2045974731	-45.0501022339	0.412015359851	1.0	5.98000001907	4.48000001907	1.0	5.98000001907	-1.0	0.0	1
1.0	3837.05419922	14.0	10.0	6888.87548828	12.0	9.0	136.340000868	0.0	-0.0335091091692	-0.984702765942	0.170990079641	9.48323466826	55.8018127314	-43.5795974731	-9.20843505859	-59.2555999756	0.615459680629	8.0	7.17999982834	67.8200007677	3.0	9.80000019073	0.999897065336	1.0	1
1.0	1864.48010254	5.0	5.0	3159.421875	5.0	4.0	97.240000248	0.0	0.0334196016192	0.984707057476	-0.17098288238	3.75686759983	11.5247988234	-31.4448509216	-13.0029506683	-66.039100647	0.447719864639	14.0	5.84000015259	138.200001359	6.0	18.7600002289	0.943235738881	1.0	1
1.0	5266.37255859	9.0	5.0	5988.74853516	11.0	6.0	129.240000725	0.0	0.999344468117	-0.0346922315657	-0.0103471037	30.4962823822	9.14339679497	-38.9594993591	-65.9743499756	-13.2916002274	0.529629973191	12.0	6.94000005722	126.820000648	1.0	18.7600002289	0.994498169494	1.0	1
1.0	2489.64892578	2.0	2.0	1881.79101562	4.0	3.0	40.460000515	0.0	0.999347448349	-0.0346072688699	-0.0103471344337	24.8613984661	30.9000856017	-35.361000061	-50.2045974731	-45.0501022339	0.412015359851	7.0	5.98000001907	54.3800001144	2.0	11.1999998093	0.176122776895	1.0	1
1.0	3821.14892578	9.0	8.0	3901.61376953	13.0	11.0	190.680001974	0.0	-0.999344348907	0.034695841372	0.0103461518884	29.4507984997	5.58163838096	-37.849647522	-61.8754501343	-28.5041999817	0.626993106946	13.0	6.46000003815	101.380001187	5.0	12.9200000763	0.970613541612	1.0	1
1.0	4255.73583984	4.0	4.0	2366.70678711	9.0	6.0	121.820000172	0.0	0.999348223209	-0.0346106998622	-0.0102569758892	9.14339679497	10.6735498133	-37.839099884	-66.0131988525	-13.303150177	0.526011880253	12.0	5.84000015259	96.5800013542	4.0	12.9200000763	0.973516089049	1.0	1
1.0	2983.24414062	6.0	4.0	3731.96557617	12.0	3.0	100.780001163	0.0	-0.99934732914	0.0346106663346	0.0103471335024	6.75666000136	42.1804612646	-33.7951011658	-34.3386001587	-56.8753967285	0.285025678849	1.0	7.76000022888	6.30000019073	1.0	7.76000022888	0.998029024122	1.0	1
1.0	3032.15600586	2.0	2.0	2170.37597656	2.0	2.0	70.7600002289	0.0	-0.0334178842604	-0.984706521034	0.170986384153	23.9989311603	36.0053014686	-42.4117507935	-43.6741485596	-44.2549972534	0.144155912085	3.0	18.7600002289	57.6200008392	1.0	18.7600002289	0.452463024603	1.0	1
1.0	3005.85961914	4.0	4.0	4274.80224609	9.0	7.0	156.040000677	0.0	-0.999345242977	0.0346956625581	0.0102586466819	2.09473564501	13.7163214038	-42.2601013184	-62.4035491943	-19.2877502441	0.902937730936	7.0	6.94000005722	70.0	1.0	7.76000022888	0.989251024641	1.0	1
1.0	3171.45385742	1.0	1.0	2039.70898438	2.0	1.0	24.5799994469	1.88110337304	0.96695882082	0.254004657269	0.0217324029654	29.4910678173	17.3177037258	-20.789899826	-43.2297973633	-55.6605529785	0.182378020466	0.0	0.0	0.0	0.0	0.0	-1.0	0.0	1
1.0	4266.84326172	11.0	7.0	5811.02929688	12.0	7.0	131.899998188	0.0	-0.0461898557842	-0.993751108646	0.1016131863	36.7572561168	5.57343179609	-34.5280990601	-59.1964988708	-33.0384979248	0.266643156215	6.0	7.36000013351	50.6599988937	4.0	16.7800006866	0.976197468956	1.0	1
1.0	7578.03515625	14.0	9.0	7044.48144531	14.0	10.0	187.652800005	0.0	0.0461879745126	0.993750929832	-0.101615980268	15.7664101219	0.0	-20.2807006836	-70.2593002319	-12.4169998169	0.503442218489	16.0	5.59999990463	149.839999199	6.0	16.8199996948	0.999995862928	1.0	1
1.0	6972.68164062	13.0	10.0	9714.23632812	13.0	10.0	231.01999855	0.0	-0.998023092747	0.0332690700889	-0.0533210486174	17.3609031867	2.67121619436	-21.9194488525	-70.831451416	-13.8814506531	0.447698530453	18.0	4.07999992371	167.059999943	10.0	16.7800006866	0.997611169458	1.0	1
1.0	3760.74072266	1.0	1.0	3025.74658203	4.0	2.0	24.5799994469	1.88110337304	0.96695882082	0.254004657269	0.0217324029654	29.4910678173	35.7614176688	-20.789899826	-43.2297973633	-55.6605529785	0.182378020466	3.0	7.44000005722	25.279999733	2.0	15.8199996948	0.156896281127	1.0	1
1.0	5447.38623047	7.0	6.0	3195.63818359	11.0	8.0	162.393197417	0.0	0.0461943224072	0.993749678135	-0.101624883711	21.2027361109	7.05783530031	-32.2032012939	-65.1597442627	-17.873298645	0.391472061837	11.0	6.38000011444	101.199599028	5.0	16.7800006866	0.987287676192	1.0	1
1.0	4712.19091797	6.0	4.0	2401.87841797	6.0	4.0	67.4527994804	0.0	-0.99802595377	0.0331811159849	-0.0533219575882	23.2042011132	3.64666958532	-33.7949485779	-64.720703125	-19.4412498474	0.748372373778	11.0	8.06000041962	98.8000006676	5.0	16.8199996948	0.876519579424	1.0	1
1.0	4615.62597656	5.0	5.0	6707.69970703	12.0	7.0	222.47639823	0.0	-0.0461907424033	-0.993750452995	0.101618885994	2.03501822617	31.0206839591	-40.9578018188	-9.49971008301	-64.5231018066	0.364431731369	9.0	5.98000001907	76.3995993137	5.0	11.8000001907	0.995112211736	1.0	1
1.0	2640.26489258	2.0	2.0	2570.89794922	3.0	2.0	41.3767992258	0.0	-0.046189840883	-0.993750751019	0.101616896689	8.06693704698	41.1220179623	-42.1421966553	-24.9417991638	-54.3119010925	0.307915280219	3.0	5.98000001907	39.4000005722	1.0	5.98000001907	0.242898354339	1.0	1
1.0	3285.71118164	8.0	8.0	5535.70703125	11.0	7.0	121.633199494	0.0	0.0461943224072	0.993749678135	-0.101624883711	21.2027361109	1.43317801101	-32.2032012939	-65.1597442627	-17.873298645	0.391472061837	7.0	9.65999984741	70.5796005726	4.0	16.8199996948	0.989584046993	1.0	1
1.0	2941.84594727	1.0	1.0	3191.64916992	2.0	2.0	58.9400010109	1.23030481609	0.741126060486	-0.670367479324	-0.0366009660065	26.6616403623	11.8220489147	-28.181098938	-56.3886489868	-36.2433013916	0.195184688402	0.0	0.0	0.0	0.0	0.0	-1.0	0.0	1
1.0	4687.50390625	11.0	5.0	2547.51049805	10.0	3.0	65.7400009632	0.0	0.99493598938	0.0	-0.100510403514	26.4064332285	3.02721217795	-29.5050010681	-65.617401123	-6.87180042267	0.926936085784	4.0	4.57999992371	23.2800004482	2.0	13.9399995804	0.998769025974	1.0	1
1.0	7912.17578125	11.0	7.0	6123.31787109	14.0	6.0	135.523601294	0.0	-0.994935870171	0.0	0.100511834025	32.9152345948	59.4978073127	-49.90650177	-26.1151008606	-49.3773498535	0.514675150799	9.0	9.06000041962	83.1800010204	1.0	14.8599996567	0.999288496104	1.0	1
1.0	2653.92456055	6.0	2.0	4082.16015625	11.0	2.0	37.3999996185	1.34851029466	-0.0923833623528	0.516744792461	-0.851140499115	10.2636134679	21.7253507902	-25.5746002197	-63.0789489746	-27.8134994507	0.815880537827	0.0	0.0	0.0	0.0	0.0	0.992365157844	1.0	1
1.0	3278.68823242	10.0	8.0	4308.22314453	10.0	8.0	136.983601332	0.0	-0.00620040344074	0.998390257359	-0.0563778840005	5.04705515398	27.0219079469	-52.3418502808	-7.64287471771	-56.2306518555	0.738586259219	5.0	12.1800003052	74.2600002289	2.0	14.8599996567	0.999894408121	1.0	1
1.0	3414.6965332	6.0	5.0	3174.49682617	4.0	3.0	69.2559992969	0.0	0.00610113702714	-0.998390734196	0.056379687041	22.4461192257	15.5444206343	-24.1749992371	-49.7358474731	-46.0945510864	0.582548638931	14.0	6.48000001907	124.320001125	1.0	10.0600004196	0.784468772448	1.0	1
1.0	3633.57348633	9.0	6.0	3151.03955078	11.0	7.0	82.9344004691	0.0	-0.00620040344074	0.998390257359	-0.0563778840005	5.04705515398	35.2017510673	-52.3418502808	-7.64287471771	-56.2306518555	0.738586259219	8.0	7.32000017166	88.7600004673	2.0	14.1400003433	0.995581070669	1.0	1
1.0	2846.00390625	1.0	1.0	3191.64916992	2.0	2.0	38.2800011635	1.23030481609	0.741126060486	-0.670367479324	-0.0366009660065	26.6616403623	11.8220489147	-28.181098938	-56.3886489868	-36.2433013916	0.195184688402	0.0	0.0	0.0	0.0	0.0	0.224619222814	1.0	1
1.0	4097.70605469	10.0	8.0	4899.1953125	12.0	7.0	147.257999092	0.0	-0.994934976101	0.0	0.100520342588	3.37914887961	42.9100502806	-32.0554504395	-29.6844997406	-61.5544509888	0.0671797561122	15.0	6.48000001907	150.920001507	5.0	14.1400003433	0.996752166464	1.0	1
1.0	4256.93066406	2.0	1.0	2397.84204102	1.0	1.0	42.1999995708	2.79291428733	-0.113597884774	0.87043774128	-0.478992372751	32.2559793741	17.5159017416	-29.803150177	-26.1804504395	-71.7212524414	0.105917331792	0.0	0.0	0.0	0.0	0.0	-1.0	0.0	1
1.0	4594.01464844	13.0	8.0	10545.3925781	14.0	8.0	102.622400135	0.0	-0.998987436295	0.0365989692509	-0.0261648651212	32.1127540873	1.28316689777	-31.5022506714	-67.0054931641	-18.219499588	0.369287437445	8.0	12.0799999237	130.540001869	6.0	25.8999996185	0.999861798968	1.0	1
1.0	4516.10009766	8.0	4.0	2917.99291992	7.0	4.0	56.6199989319	0.0	0.998987436295	-0.0365989133716	0.0261648241431	20.3394052126	45.5143358757	-51.2782516479	-21.4526004791	-53.4263000488	0.27470280325	3.0	10.3000001907	37.0600004196	1.0	15.8999996185	0.70725235206	1.0	1
1.0	6650.03320312	12.0	7.0	8998.42871094	15.0	8.0	157.584399283	0.0	0.0429158322513	0.985964357853	-0.161346018314	2.70557785979	69.7547553174	-61.1802978516	-1.7671649456	-50.363899231	0.946817160564	9.0	7.84000015259	88.8892002553	4.0	26.3199996948	0.999464122936	1.0	1
1.0	3795.66943359	2.0	1.0	2397.84204102	1.0	1.0	31.3799993992	2.79291428733	-0.113597884774	0.87043774128	-0.478992372751	15.6200678546	17.5159017416	-29.803150177	-26.1804504395	-71.7212524414	0.105917331792	0.0	0.0	0.0	0.0	0.0	0.111388807108	1.0	1
1.0	4564.32763672	7.0	7.0	3803.60717773	7.0	5.0	99.5200002193	0.0	0.0429979115725	0.985947549343	-0.161426961422	2.16911535255	12.9104895983	-36.4694519043	-58.1992492676	-30.1730499268	0.0522206726541	6.0	9.43999958038	84.4199991226	4.0	23.7600002289	0.998105887385	1.0	1
1.0	403.225036621	3.0	3.0	4828.64306641	5.0	2.0	17.9000000954	0.0	0.998985528946	-0.0365959256887	0.0262422859669	6.65006879952	30.1483466712	-23.817899704	-53.0615997314	-54.1714515686	0.773581139798	4.0	9.43999958038	51.0399990082	2.0	19.7600002289	0.983936025441	1.0	1
1.0	6088.58251953	6.0	6.0	4619.23242188	10.0	5.0	97.2763996124	0.0	-0.0429139696062	-0.98595058918	0.161430642009	13.625445239	5.14450746799	-22.432800293	-59.7290496826	-45.2432479858	0.388119586276	5.0	11.3599996567	81.9799995422	4.0	23.7600002289	0.996297665004	1.0	1
1.0	4624.7734375	5.0	5.0	7531.87109375	12.0	7.0	196.560000658	0.0	0.998987436295	-0.0365990251303	0.0261649042368	20.1537854543	52.5893520894	-60.159450531	-18.2875995636	-42.4224014282	0.830964185956	7.0	10.779999733	124.920000076	7.0	23.7600002289	0.999194306242	1.0	1
1.0	3430.90869141	6.0	6.0	5383.79101562	13.0	7.0	144.856399059	0.0	0.0429139696062	0.98595058918	-0.161430642009	3.81943354862	13.625445239	-22.432800293	-59.7290496826	-45.2432479858	0.388119586276	7.0	7.84000015259	100.529201075	4.0	23.7600002289	0.993048374241	1.0	1
1.0	2115.25756836	2.0	2.0	4519.89941406	1.0	1.0	41.1200008392	0.0	0.00372824585065	0.980663180351	-0.195667564869	18.4852759382	42.6833360839	-44.6133499146	-26.1791496277	-57.3432998657	0.902089912224	1.0	8.73999977112	8.81999969482	1.0	8.73999977112	-1.0	0.0	1
1.0	5535.37402344	15.0	9.0	9152.14257812	14.0	8.0	170.140001893	0.0	-0.999826014042	0.0	-0.0186547394842	51.1745496471	8.35476414935	-33.6854019165	-62.5433998108	-31.2444496155	0.248999678902	10.0	1.13999998569	109.239998817	3.0	18.4200000763	0.999479148642	1.0	1
1.0	3829.08105469	3.0	3.0	2045.32702637	6.0	5.0	117.580001116	0.0	-0.00372831872664	-0.980682373047	0.19557146728	4.73470893541	10.0287190519	-49.6066513062	-53.7160491943	-23.9850502014	0.632067154738	7.0	7.73999977112	85.7799987793	1.0	18.4200000763	0.980203884998	1.0	1
1.0	5522.52050781	12.0	9.0	10802.453125	17.0	10.0	209.319999695	0.0	-0.00372825865634	-0.980662703514	0.195670157671	54.6845217651	24.7183266834	-40.7989501953	-61.6748504639	-29.2210006714	0.738771206518	7.0	7.73999977112	62.1199989319	4.0	15.1400003433	0.99881048259	1.0	1
1.0	4286.48095703	5.0	4.0	5350.81054688	4.0	1.0	70.900001049	0.0	0.00372826005332	0.980663061142	-0.195668309927	36.2437384574	1.14256521876	-33.0851516724	-59.5186500549	-34.1665992737	0.156277735571	3.0	8.73999977112	35.4200000763	1.0	8.73999977112	0.884801729202	1.0	1
1.0	3025.49951172	3.0	2.0	5423.49023438	9.0	6.0	59.2199997902	0.0	0.00372787914239	0.980666637421	-0.19565024972	38.0430933328	16.9042556641	-52.9101486206	-52.3609008789	-21.9875984192	0.0232689756627	5.0	8.73999977112	57.1999988556	2.0	12.9799995422	0.823933730949	1.0	1
1.0	3168.46337891	8.0	8.0	5514.30126953	10.0	7.0	160.163600922	0.0	0.00372825283557	0.980663120747	-0.195667937398	12.2740323792	41.7490068641	-35.7713508606	-19.3473510742	-64.3657989502	0.460363642303	8.0	4.42000007629	76.9999983311	5.0	18.4200000763	0.981695673965	1.0	1
1.0	2324.72167969	6.0	4.0	5863.82128906	5.0	3.0	48.680000782	0.0	-0.00372825865634	-0.980662703514	0.195670157671	34.3001398944	1.57825488105	-40.7989501953	-61.6748504639	-29.2210006714	0.738771206518	3.0	8.06000041962	31.0399990082	1.0	8.73999977112	0.445445669916	1.0	1
1.0	2697.18359375	3.0	3.0	3261.93676758	10.0	6.0	95.0600008965	0.0	0.999825954437	0.0	0.0186565555632	0.992492008342	32.3447837826	-33.978099823	-12.2197999954	-72.7437438965	0.921001362334	1.0	10.5799999237	9.43999958038	2.0	21.4799995422	0.999720901808	1.0	1
1.0	1842.79907227	3.0	2.0	2632.43920898	1.0	1.0	32.279999733	0.0	0.0265243202448	0.970082581043	-0.241321831942	27.6576776101	1.11111393488	-36.1382980347	-54.1477012634	-37.3202514648	0.54293412732	1.0	6.51999998093	5.48000001907	1.0	6.51999998093	-1.0	0.0	1
1.0	3990.73388672	7.0	4.0	4011.0859375	10.0	3.0	66.9000000954	0.0	0.0265255235136	0.97007894516	-0.24133643508	3.92756941748	49.3925364115	-26.2861003876	-10.3975248337	-65.9403533936	0.501615237624	4.0	9.43999958038	55.92000103	2.0	15.9600000381	0.96566313152	1.0	1
1.0	4451.28125	8.0	5.0	5094.1953125	8.0	3.0	113.639998913	0.0	0.0265243202448	0.970082581043	-0.241321831942	48.2521058398	16.5420449868	-45.4662017822	-50.0120010376	-33.8118515015	0.639905152118	2.0	6.51999998093	12.0399999619	1.0	6.51999998093	0.883361974211	1.0	1
1.0	8322.12207031	10.0	8.0	4855.06591797	13.0	9.0	242.0400002	0.0	0.0265261642635	0.970082998276	-0.241320088506	28.7684370776	17.1108964602	-24.5199012756	-69.0924987793	-20.9881515503	0.696980525465	11.0	5.19999980927	96.1160006523	7.0	21.2000007629	0.999950802562	1.0	1
1.0	1951.35009766	3.0	3.0	1948.99035645	4.0	3.0	32.7607994229	0.0	0.993496894836	0.0	0.113859146833	31.0722583833	10.9369648242	-38.2770996094	-63.3446998596	-12.7747497559	0.405960931918	1.0	15.2399997711	14.1999998093	1.0	15.2399997711	0.79601764447	1.0	1
1.0	4756.7578125	5.0	5.0	7459.14404297	6.0	3.0	135.579999685	0.0	0.0265279971063	0.970082938671	-0.241320073605	39.8116671321	3.72006139682	-45.742099762	-55.8722991943	-21.1304512024	0.447812853775	4.0	6.23999977112	37.2800002098	3.0	15.9600000381	0.997566727314	1.0	1
1.0	5062.24609375	4.0	4.0	4193.09130859	5.0	2.0	113.800000429	0.0	-0.0265243444592	-0.970083475113	0.241318374872	16.5295907412	31.2589714498	-50.2405014038	-19.557100296	-51.3941497803	0.744449964396	2.0	6.48000001907	10.8400001526	3.0	15.4399995804	0.989800354539	1.0	1
1.0	5702.87792969	6.0	6.0	5657.22802734	9.0	7.0	176.380800739	0.0	-0.0265243202448	-0.970082581043	0.241321831942	7.41555387303	45.5984422261	-45.2453994751	-13.2295999527	-56.1615524292	0.495910379693	8.0	3.88000011444	72.2032001391	7.0	17.6800003052	0.996956366333	1.0	1
1.0	1239.69628906	3.0	2.0	2558.95703125	5.0	2.0	57.2800011635	0.0	-0.993508636951	0.0	-0.113756507635	7.74275922738	21.5476902441	-26.8242492676	-9.89284992218	-66.1291046143	0.251296912841	3.0	10.7600002289	33.8800001144	1.0	17.6800003052	0.940253950099	1.0	1
1.0	4959.48291016	5.0	3.0	3417.89111328	8.0	4.0	78.2800006866	0.0	-0.993508279324	0.0	-0.113759703934	30.9413697875	31.5863023071	-31.4881496429	-58.3208007812	-33.8636016846	0.705788064985	3.0	3.88000011444	22.039999485	2.0	15.9600000381	0.996142770488	1.0	1
1.0	2274.79003906	2.0	1.0	2239.12304688	3.0	1.0	29.6200008392	0.0	-0.0849857032299	-0.953450381756	0.289326369762	26.5941728125	1.45284735987	-48.2915992737	-50.0629997253	-32.2290496826	0.319639330564	1.0	2.75999999046	3.5	1.0	2.75999999046	-1.0	0.0	1
1.0	5072.40087891	11.0	8.0	5919.69921875	14.0	10.0	266.78000021	0.0	-0.982101380825	0.129166737199	0.13708691299	0.0	55.9504528806	-53.9221992493	-0.832260489464	-57.6579971313	0.498952143148	7.0	3.48000001907	30.7599999905	5.0	16.7199993134	0.999095640151	1.0	1
1.0	2238.046875	4.0	3.0	2731.02172852	8.0	2.0	59.740000248	0.0	-0.982096076012	0.129220873117	0.137073770165	26.0872560537	3.06283237451	-34.3256530762	-66.0857543945	-14.7648000717	0.85019384224	3.0	2.75999999046	32.1800003052	1.0	2.75999999046	0.213742747301	1.0	1
1.0	4633.41210938	15.0	9.0	5367.51611328	15.0	11.0	189.040000677	0.0	-0.982096016407	0.129221111536	0.137074023485	35.5175865272	8.45628562922	-31.5881500244	-66.8497467041	-16.5638008118	0.413316418229	9.0	3.48000001907	81.2799985409	2.0	4.07999992371	0.997001441123	1.0	1
1.0	2819.49121094	9.0	2.0	1880.01452637	6.0	3.0	76.2599992752	2.43774481302	0.685205519199	0.505048632622	-0.524803996086	24.7663419395	37.2834670511	-35.1623497009	-12.5947494507	-62.9679489136	0.984216144189	0.0	0.0	0.0	0.0	0.0	0.993920124011	1.0	1
1.0	3904.29272461	11.0	10.0	4402.68261719	12.0	10.0	304.52000165	0.0	0.982096016407	-0.129221111536	-0.137074023485	22.2120796669	5.33074044967	-31.5881500244	-66.8497467041	-16.5638008118	0.413316418229	9.0	2.75999999046	49.5360000208	4.0	5.53999996185	0.999915012881	1.0	1
1.0	471.179473877	1.0	1.0	625.328735352	4.0	1.0	6.84000015259	2.66501222389	0.709323883057	-0.534380197525	0.459671020508	3.55376330037	0.0	-29.7364006042	-70.6300506592	-14.2715501785	0.180534389277	0.0	0.0	0.0	0.0	0.0	0.432317881133	1.0	1
1.0	2268.99633789	7.0	4.0	956.81640625	3.0	2.0	33.9200003147	0.0	0.0848896428943	0.953458428383	-0.289328098297	16.4083035766	10.1640197173	-29.9885501862	-64.0654983521	-26.8477516174	0.296468838405	3.0	5.53999996185	20.7199997902	1.0	5.53999996185	0.990081832736	1.0	1
1.0	3130.02807617	5.0	3.0	2302.11962891	4.0	3.0	78.0400016308	0.0	0.0849857926369	0.953451454639	-0.289322972298	38.4017658601	15.1664037263	-30.8465003967	-49.6283988953	-40.0478515625	0.770816956028	2.0	2.75999999046	7.29999995232	1.0	2.75999999046	0.355161847212	1.0	1
1.0	2367.53271484	8.0	6.0	3336.66748047	10.0	8.0	173.080000877	0.0	-0.0848896428943	-0.953458428383	0.289328098297	10.1640197173	16.4083035766	-29.9885501862	-64.0654983521	-26.8477516174	0.296468838405	6.0	3.48000001907	41.7999997139	2.0	5.53999996185	0.998938850507	1.0	1
1.0	2150.19897461	1.0	1.0	1902.17834473	2.0	2.0	48.1400003433	0.0	-0.719802439213	0.686413764954	-0.103540539742	27.9643348684	21.3820957075	-32.2574501038	-46.1924972534	-47.2673492432	0.470000811555	2.0	4.21999979019	8.17999982834	0.0	5.57999992371	-1.0	0.0	1
1.0	7735.95019531	13.0	7.0	8031.03320312	20.0	13.0	300.128399745	0.0	0.0412699878216	0.994552731514	-0.0957167297602	2.09508361694	52.6424774038	-29.4831008911	-14.049249649	-67.0223007202	0.546503729839	13.0	3.09999990463	95.2799990177	4.0	13.720000267	0.974991839449	1.0	1
1.0	2073.44873047	3.0	2.0	1797.66027832	8.0	3.0	47.4000008106	0.0	0.998193621635	-0.0286192651838	0.0528250671923	1.38611997136	2.64504274744	-37.6031494141	-56.1480026245	-31.2182502747	0.316706726584	5.0	4.21999979019	41.4599995613	0.0	13.0	0.72669099686	1.0	1
1.0	5689.58398438	12.0	8.0	8058.82910156	21.0	14.0	230.608397976	0.0	-0.998192310333	0.0286501646042	-0.0528322122991	1.02024635582	50.2919942192	-45.9195022583	4.67189502716	-62.7158508301	0.730182293168	11.0	4.09999990463	100.300000191	4.0	12.2399997711	0.975639907875	1.0	1
1.0	2074.96386719	2.0	2.0	1539.62353516	7.0	3.0	74.6000006199	0.0	-0.0412720516324	-0.994553029537	0.0957124754786	12.3670515981	6.41406493282	-28.7486000061	-59.1176528931	-36.0597991943	0.415511943382	5.0	2.8599998951	28.6643994451	1.0	2.8599998951	0.629146558487	1.0	1
1.0	1350.69396973	4.0	4.0	3393.04785156	9.0	4.0	66.2599995136	0.0	0.0412695594132	0.994542360306	-0.0958245918155	2.49492492835	25.6724230854	-31.1487007141	-8.78214073181	-70.4125518799	0.54916495112	4.0	11.1599998474	51.1200008392	3.0	12.4200000763	0.989430421207	1.0	1
1.0	1894.16186523	2.0	1.0	1906.87927246	4.0	4.0	55.8800001144	0.0	0.0412674434483	0.994542837143	-0.0958203524351	2.48617501495	43.5220852025	-45.5158004761	-32.0924530029	-47.9243469238	0.346076828358	6.0	4.21999979019	55.2800002098	2.0	12.4200000763	0.728775732265	1.0	1
1.0	1143.38293457	2.0	1.0	1102.91162109	3.0	2.0	18.720000267	0.0	0.0411633737385	0.994557499886	-0.0957129001617	13.0779478332	27.0843103281	-36.9465484619	-43.0007476807	-43.6333007812	0.362563263998	1.0	12.3800001144	13.3400001526	0.0	12.3800001144	0.993992051546	1.0	1
1.0	2912.88891602	1.0	1.0	3866.47851562	13.0	5.0	54.2200001478	0.0	0.998190939426	-0.0287163928151	0.0528230555356	38.2902128926	29.3617294685	-29.9078502655	-44.3276519775	-51.5160522461	0.929839086541	0.0	0.0	0.0	1.0	11.1599998474	0.44863944109	1.0	1
1.0	2723.59301758	6.0	0.0	1070.48974609	2.0	0.0	0.0	10.0	0.0	0.0	0.0	0.0	0.0	0.0	0.0	0.0	2.0	0.0	0.0	0.0	0.0	0.0	0.498763688422	1.0	1
1.0	3118.92163086	1.0	1.0	2604.06347656	1.0	1.0	39.2800002098	0.0	-0.0288073699921	0.963104486465	-0.267581582069	2.20548430597	32.3398266018	-33.5148010254	-25.2893486023	-56.2309989929	0.805801830545	1.0	5.09999990463	5.09999990463	1.0	5.09999990463	-1.0	0.0	1
1.0	7384.42675781	14.0	10.0	7917.59082031	21.0	14.0	375.339999557	0.0	-0.028909785673	0.963107764721	-0.267558664083	23.434601299	46.1095601808	-54.9925498962	-2.8111448288	-49.6167984009	0.34706208618	21.0	3.94000005722	209.419998169	8.0	25.7999992371	0.999978427083	1.0	1
1.0	7632.02246094	11.0	6.0	6618.49707031	14.0	7.0	209.459999084	0.0	-0.999507188797	-0.0309955272824	-0.00496307061985	48.5068491939	14.134028689	-28.1431999207	-58.7719993591	-30.8089485168	0.893461236308	10.0	3.94000005722	114.0	5.0	25.7999992371	0.999452878489	1.0	1
1.0	5813.63867188	15.0	12.0	6464.76855469	14.0	10.0	238.694000006	0.0	0.0288015119731	-0.963109791279	0.26756310463	8.5832380964	47.8145176263	-54.964099884	-3.76071500778	-49.3530006409	0.194875719397	17.0	5.09999990463	163.800000191	7.0	15.4399995804	0.999996907237	1.0	1
1.0	3612.19360352	10.0	10.0	4302.10498047	9.0	7.0	282.26639986	0.0	0.999506890774	0.0309955775738	0.00502296816558	12.1158971961	5.65592268551	-30.0205993652	-65.2805023193	-8.58673000336	0.199819952877	17.0	7.40000009537	177.720000744	7.0	18.4200000763	0.999864233876	1.0	1
1.0	1929.26489258	5.0	5.0	3651.11303711	12.0	9.0	166.15400064	0.0	-0.999503552914	-0.0310958735645	-0.00506351143122	16.27525687	32.0607723227	-34.1558990479	-56.3498497009	-28.6423988342	0.0366223601191	8.0	7.40000009537	86.4400000572	3.0	14.1000003815	0.969918376838	1.0	1
1.0	3155.65429688	1.0	1.0	2567.33032227	2.0	2.0	45.2400009632	0.0	0.999506771564	0.0309935808182	0.00506545975804	1.97457573978	30.9007480741	-33.2457008362	-17.556098938	-59.8323974609	0.572031858924	3.0	4.84000015259	19.660000205	0.0	15.6199998856	1.95503234853e-07	1.0	1
1.0	4059.9309082	8.0	6.0	2988.27758789	13.0	7.0	109.412400007	0.0	-0.999506771564	-0.0309935808182	-0.00506545975804	20.3999236668	34.6165135006	-34.3069000244	-15.3341999054	-59.0029983521	0.492457635184	5.0	9.52000045776	64.9600000381	2.0	16.1200008392	0.999964335154	1.0	1
1.0	2761.83642578	2.0	1.0	2222.4934082	4.0	1.0	15.1000003815	3.30906326223	0.80967849493	0.156238868833	-0.565694391727	23.8931601463	15.3575565616	-31.6210517883	-39.9724006653	-46.2919502258	0.92366494871	0.0	0.0	0.0	0.0	0.0	0.477602376808	1.0	1
1.0	4407.06396484	10.0	10.0	3401.01342773	16.0	12.0	206.19999814	0.0	-0.0288053303957	0.963138818741	-0.267458170652	22.7667923702	48.887406676	-31.7796993256	-17.0354003906	-59.9568481445	0.0175522880652	7.0	4.94000005722	63.7400007248	4.0	18.4200000763	0.999358001289	1.0	1
1.0	1789.55395508	1.0	1.0	1996.63647461	3.0	2.0	64.6400003433	2.2764225924	0.869159281254	-0.403154104948	-0.286406934261	25.3856915016	27.7779352826	-24.8185501099	-47.4440994263	-52.5456008911	0.251202243881	0.0	0.0	0.0	0.0	0.0	-1.0	0.0	1
1.0	6167.84130859	11.0	6.0	3470.58325195	9.0	6.0	109.889600873	0.0	0.0131491916254	-0.976925134659	0.21317692101	16.7881494754	10.5395743837	-19.7645988464	-68.0513458252	-7.59370517731	0.250317607155	3.0	7.01999998093	35.7000007629	0.0	13.6999998093	0.991344878216	1.0	1
1.0	2164.23999023	6.0	3.0	1982.2800293	6.0	2.0	69.5896011591	0.0	0.0131491916254	-0.976925134659	0.21317692101	16.7881494754	10.5395743837	-19.7645988464	-68.0513458252	-7.59370517731	0.250317607155	2.0	7.01999998093	25.1400003433	0.0	11.3800001144	0.958330281172	1.0	1
1.0	2922.55126953	9.0	7.0	5458.46679688	9.0	7.0	217.029599071	0.0	0.0131491916254	-0.976925134659	0.21317692101	16.7881494754	3.22270721398	-19.7645988464	-68.0513458252	-7.59370517731	0.250317607155	6.0	7.01999998093	74.5200014114	1.0	13.5200004578	0.970915614744	1.0	1
1.0	1899.10595703	1.0	1.0	2604.05834961	5.0	2.0	64.6400003433	2.2764225924	0.869159281254	-0.403154104948	-0.286406934261	37.4231012422	27.7779352826	-24.8185501099	-47.4440994263	-52.5456008911	0.251202243881	0.0	0.0	0.0	0.0	0.0	0.0767041333343	1.0	1
1.0	140.121002197	1.0	1.0	2400.34130859	3.0	1.0	20.7399997711	0.0	-0.0131499040872	0.976932227612	-0.213144361973	3.57112807867	24.0962477597	-35.1093978882	-46.3004989624	-48.0144004822	0.343390352042	1.0	11.4600000381	11.0799999237	0.0	11.4600000381	0.120188221353	1.0	1
1.0	5267.56347656	5.0	5.0	3154.87890625	10.0	7.0	214.499999285	0.0	0.997134625912	0.0	-0.0756471604109	29.6174228601	10.3661875836	-37.0889968872	-57.313999176	-27.842300415	0.153471400866	4.0	3.6400001049	14.7000000477	2.0	5.63999986649	0.969410004073	1.0	1
1.0	346.295013428	1.0	0.0	1307.28137207	2.0	0.0	0.0	10.0	0.0	0.0	0.0	0.0	0.0	0.0	0.0	0.0	2.0	0.0	0.0	0.0	0.0	0.0	0.498763688422	1.0	1
1.0	2361.22290039	3.0	2.0	1445.48535156	6.0	1.0	30.0399999619	0.0	-0.997142970562	0.0	0.0755376070738	11.4356919262	2.54629353912	-37.195098877	-56.6836013794	-29.5731506348	0.404775396649	2.0	13.5200004578	23.1600008011	1.0	13.5200004578	0.97482644409	1.0	1
1.0	1936.86828613	2.0	2.0	3436.10522461	2.0	1.0	56.0999999046	1.85717258325	0.247403249145	-0.375670522451	-0.893119990826	25.8231354163	2.14393409272	-38.9127502441	-61.3109512329	-19.0859985352	0.384158018495	0.0	0.0	0.0	0.0	0.0	-1.0	0.0	1
1.0	2580.82324219	10.0	7.0	4884.98681641	10.0	5.0	83.680000782	0.0	0.00924515817314	-0.994022667408	0.108781538904	14.2067055735	69.9178108066	-59.8815498352	-5.07624006271	-49.8363494873	0.874414423318	3.0	3.03999996185	15.9000005722	0.0	9.46000003815	0.987153766788	1.0	1
1.0	2011.1862793	11.0	5.0	5397.06640625	9.0	4.0	36.220000267	0.0	0.00924515817314	-0.994022667408	0.108781538904	2.45646418449	41.7932196783	-59.8815498352	-5.07624006271	-49.8363494873	0.874414423318	2.0	8.15999984741	24.779999733	0.0	18.9799995422	0.751148741592	1.0	1
1.0	4181.33251953	7.0	5.0	1699.74316406	8.0	6.0	87.3999991417	0.0	-0.00924872327596	0.994014084339	-0.108859799802	9.30324558018	0.0	-36.3263473511	-62.5103988647	-8.23596954346	2.0	5.0	12.8000001907	66.3199996948	0.0	18.9799995422	0.984160902007	1.0	1
1.0	2053.81005859	3.0	2.0	3491.70947266	3.0	2.0	56.0999999046	0.0	-0.00924872327596	0.994014084339	-0.108859799802	15.9539172437	0.0	-36.3263473511	-62.5103988647	-8.23596954346	2.0	2.0	12.8599996567	20.6199998856	0.0	14.0	0.272434849586	1.0	1
1.0	3409.015625	8.0	7.0	4813.1640625	9.0	7.0	224.419996977	0.0	-0.00915414746851	0.994016051292	-0.108849622309	10.7929543772	4.60257659243	-32.7250976562	-65.3851013184	-5.14647483826	0.926060263758	6.0	8.42000007629	64.0	1.0	10.3000001907	0.988552872151	1.0	1
1.0	2229.78027344	4.0	2.0	3924.8581543	4.0	1.0	56.0999999046	1.85717258325	0.247403249145	-0.375670522451	-0.893119990826	30.0861771514	2.14393409272	-38.9127502441	-61.3109512329	-19.0859985352	0.384158018495	0.0	0.0	0.0	0.0	0.0	0.320520008408	1.0	1
1.0	4748.61816406	9.0	7.0	4828.52880859	10.0	9.0	279.139998198	0.0	-0.00924872327596	0.994014084339	-0.108859799802	22.0324333263	0.0	-36.3263473511	-62.5103988647	-8.23596954346	2.0	11.0	6.88000011444	125.360000134	0.0	17.8999996185	0.995600414478	1.0	1
1.0	1165.33508301	2.0	2.0	3772.37963867	4.0	2.0	45.4400000572	0.0	-0.00924872327596	0.994014084339	-0.108859799802	15.9539172437	0.0	-36.3263473511	-62.5103988647	-8.23596954346	2.0	1.0	14.0	10.8800001144	0.0	14.0	0.105079617168	1.0	1
1.0	6031.5078125	10.0	7.0	1622.01794434	5.0	4.0	96.07999897	0.0	0.00915415585041	-0.994013249874	0.10887517035	38.1775292416	23.9324780742	-32.7974014282	-60.2379989624	-32.3726997375	0.65490795424	5.0	8.42000007629	42.1599998474	0.0	16.8400001526	0.981854447049	1.0	1
1.0	1874.64819336	2.0	2.0	2173.58813477	1.0	1.0	37.7912006378	0.0	0.998335957527	0.0337501019239	-0.0467574670911	18.2836105978	5.19260663392	-28.4938011169	-44.4671020508	-51.4482002258	0.485290137478	1.0	13.3000001907	13.0	0.0	13.3000001907	-1.0	0.0	1
1.0	2252.63476562	9.0	7.0	3329.0012207	11.0	7.0	135.151200652	0.0	-0.998339474201	-0.0336517095566	0.0467531681061	1.45543345571	59.4100395257	-40.9507522583	-30.9382514954	-57.4262008667	0.747377045052	8.0	5.59999990463	71.0400009155	3.0	17.2999992371	0.970588140139	1.0	1
1.0	4094.81298828	11.0	6.0	8326.21191406	12.0	5.0	155.746360462	0.0	-0.998339533806	-0.0336500369012	0.0467533394694	42.3674036722	1.57679855456	-42.5018501282	-58.1119499207	-16.8875999451	0.654148007956	11.0	1.58000004292	124.879997969	3.0	10.3400001526	0.983655894533	1.0	1
1.0	2427.73242188	8.0	2.0	2138.72412109	4.0	2.0	28.1599998474	2.93371955612	-0.518282353878	0.831926882267	0.198194488883	5.96791291378	40.1858613736	-52.7259521484	-11.1262302399	-53.5931015015	0.0765849246061	0.0	0.0	0.0	0.0	0.0	0.978795671285	1.0	1
1.0	3734.56176758	6.0	6.0	4748.33642578	8.0	5.0	105.61160028	0.0	0.0472570136189	-0.972106933594	0.229727894068	32.9516935399	1.90685788408	-37.779548645	-62.4272003174	-22.5198001862	0.631854664995	6.0	3.59999990463	66.9600007534	2.0	11.4200000763	0.878941286299	1.0	1
1.0	762.468200684	3.0	2.0	4658.73095703	7.0	2.0	22.1799993515	3.36426815923	0.330174267292	0.20789372921	-0.92074161768	13.4036111862	28.5199539773	-15.5363006592	-67.1175994873	-28.7432003021	0.0754434739673	0.0	0.0	0.0	0.0	0.0	0.999967450559	1.0	1
1.0	1697.7421875	3.0	3.0	2350.49389648	2.0	2.0	64.7400007248	0.0	-0.047256834805	0.972107112408	-0.2297270298	18.7646486217	4.21721760016	-35.9709472656	-48.9420013428	-43.6146011353	0.0657889173003	3.0	9.06000041962	34.0600004196	1.0	9.06000041962	0.262234265432	1.0	1
1.0	4325.6796875	3.0	3.0	4015.06689453	12.0	8.0	173.640000343	0.0	-0.0472570136189	0.972106933594	-0.229727894068	37.2045795642	1.57670067123	-39.1350479126	-60.3931007385	-27.8094997406	0.683620255808	6.0	6.42000007629	52.9000005722	3.0	14.6599998474	0.99945909182	1.0	1
1.0	1572.82177734	5.0	3.0	2198.28686523	7.0	3.0	18.3399996758	2.93371955612	-0.518282353878	0.831926882267	0.198194488883	30.5246341242	51.5501686358	-52.7259521484	-11.1262302399	-53.5931015015	0.0765849246061	0.0	0.0	0.0	0.0	0.0	0.935713585455	1.0	1
1.0	2382.27856445	5.0	5.0	6477.38769531	10.0	8.0	123.679998636	0.0	0.0472570136189	-0.972106933594	0.229727894068	32.9516935399	1.90685788408	-37.779548645	-62.4272003174	-22.5198001862	0.631854664995	6.0	5.69999980927	67.259999752	3.0	14.6599998474	0.999759632261	1.0	1
1.0	2914.95410156	1.0	1.0	2640.39868164	1.0	1.0	38.1200003624	1.8935257908	-0.412671327591	0.854793727398	-0.314690500498	14.9390389841	44.849525668	-42.7516021729	-26.3924999237	-56.190246582	0.839416263005	0.0	0.0	0.0	0.0	0.0	-1.0	0.0	1
1.0	4266.84521484	8.0	8.0	7721.94189453	12.0	6.0	232.340002418	0.0	-0.993543982506	-0.113414108753	-0.00275311083533	19.7600702844	4.31075458194	-25.7426490784	-67.3160476685	-7.51945018768	0.406413691612	8.0	2.88000011444	78.7088003159	3.0	7.71999979019	0.995787470427	1.0	1
1.0	5569.2265625	13.0	12.0	10730.0595703	11.0	8.0	322.77480112	0.0	0.993542850018	0.113423846662	0.00275377067737	30.2454205297	1.98728697537	-36.4223022461	-63.1374511719	-5.53475999832	0.880497231423	19.0	2.88000011444	212.400002956	5.0	15.4399995804	0.999796605994	1.0	1
1.0	6657.49755859	12.0	11.0	9283.39453125	13.0	11.0	341.454800829	0.0	0.993542850018	0.113423846662	0.00275377067737	30.2454205297	1.98728697537	-36.4223022461	-63.1374511719	-5.53475999832	0.880497231423	22.0	2.88000011444	270.100001335	5.0	15.5600004196	0.999000374057	1.0	1
1.0	2618.41821289	2.0	2.0	2936.93457031	3.0	3.0	63.6799998283	0.0	0.106022179127	-0.937803447247	0.330581367016	1.66414722197	15.3592006319	-32.4161491394	-63.2437515259	-17.0003509521	0.843089677088	6.0	12.3999996185	72.7000007629	2.0	15.4399995804	0.513473222483	1.0	1
1.0	5440.40332031	9.0	9.0	5136.38818359	8.0	7.0	235.234799847	0.0	-0.106013379991	0.93781465292	-0.330552250147	13.759554217	47.4295367318	-28.9450492859	-23.039100647	-65.8486480713	0.141177163077	12.0	9.80000019073	159.300000668	0.0	27.2199993134	0.990987649809	1.0	1
1.0	1990.90087891	5.0	4.0	3682.3203125	9.0	4.0	59.699999094	0.0	-0.106022179127	0.937803447247	-0.330581367016	32.7197123062	1.66414722197	-32.4161491394	-63.2437515259	-17.0003509521	0.843089677088	6.0	12.3999996185	85.7199983597	2.0	16.0200004578	0.970060035181	1.0	1
1.0	3028.04785156	12.0	12.0	6013.18310547	12.0	8.0	175.419999957	0.0	-0.106101512909	0.937803924084	-0.330554515123	2.5335166845	49.0696631262	-48.7658996582	-8.38442993164	-57.5185508728	0.858035612387	12.0	5.90000009537	152.759998798	1.0	16.0200004578	0.966803656023	1.0	1
1.0	965.872009277	3.0	2.0	2747.88867188	5.0	1.0	17.3199999332	2.4392662496	0.0589405409992	-0.535377800465	0.84255361557	32.2977938659	32.9553702672	-47.683052063	-48.4600486755	-23.4368000031	0.807561757078	0.0	0.0	0.0	0.0	0.0	0.951306843172	1.0	1
1.0	2746.91088867	7.0	6.0	4897.40185547	12.0	6.0	97.479999423	0.0	-0.106101512909	0.937803924084	-0.330554515123	2.5335166845	49.0696631262	-48.7658996582	-8.38442993164	-57.5185508728	0.858035612387	7.0	5.90000009537	93.7088012695	2.0	7.71999979019	0.983154589365	1.0	1
1.0	1826.93371582	1.0	1.0	2018.78991699	2.0	2.0	35.0199999809	1.813262253	0.557127475739	-0.727202415466	-0.40098080039	11.3695886069	23.6859974945	-38.1870994568	-37.4644012451	-53.5147018433	0.557547861941	0.0	0.0	0.0	0.0	0.0	-1.0	0.0	1
1.0	8187.07373047	17.0	13.0	8831.24316406	10.0	8.0	310.038801551	0.0	-0.108658023179	-0.146918326616	-0.983162462711	30.0133038602	25.6725243428	-31.0845489502	-68.8776016235	-11.8009996414	0.820373777249	9.0	4.53999996185	86.4295986891	3.0	15.8800001144	0.999991151624	1.0	1
1.0	1866.11206055	2.0	2.0	180.830001831	1.0	1.0	27.7927997112	0.0	-0.992685258389	0.0704839602113	0.0980200618505	21.2961742819	2.1281668586	-25.4086494446	-49.2135009766	-50.7946510315	0.810842834702	1.0	10.7600002289	10.7600002289	0.0	10.7600002289	0.262234121117	1.0	1
1.0	8147.63769531	17.0	12.0	9254.24902344	11.0	9.0	329.111860916	0.0	-0.0588452965021	-0.984721362591	0.163893580437	32.1837286055	25.5638067898	-31.2337493896	-67.6835021973	-14.2238502502	0.449180680193	10.0	3.83999991417	115.059999704	4.0	15.8800001144	0.999983412485	1.0	1
1.0	3227.33398438	7.0	5.0	5224.02246094	6.0	4.0	122.61785911	0.0	-0.0588480643928	-0.984736680984	0.16380058229	25.9170415652	14.6884967979	-46.5756492615	-56.2154006958	-26.3601989746	0.483003760847	4.0	4.76000022888	41.7800006866	1.0	16.6399993896	0.923312892378	1.0	1
1.0	3621.33129883	9.0	9.0	7011.13525391	10.0	7.0	190.016799212	0.0	-0.0588490441442	-0.984718680382	0.163908272982	31.9145160749	0.0	-35.6000518799	-65.3556518555	-27.6061496735	0.900625388156	7.0	6.23999977112	75.2399988174	1.0	16.0400009155	0.9845564142	1.0	1
1.0	3567.51123047	6.0	6.0	6795.79589844	11.0	9.0	211.950000644	0.0	-0.0588432401419	-0.984721720219	0.163892090321	26.8045086762	14.8794860896	-36.81224823	-58.0467987061	-34.6368484497	0.672331673475	6.0	8.34000015259	75.3599996567	1.0	15.8800001144	0.843730938245	1.0	1
1.0	3491.14526367	8.0	7.0	4144.4609375	8.0	7.0	145.229200944	0.0	-0.0588480643928	-0.984736680984	0.16380058229	25.4602905952	10.109242759	-46.5756492615	-56.2154006958	-26.3601989746	0.483003760847	4.0	8.34000015259	48.7400007248	1.0	16.6399993896	0.978554566834	1.0	1
1.0	1218.90869141	2.0	2.0	2898.83789062	4.0	3.0	56.0799999237	0.0	0.0588432401419	0.984721720219	-0.163892090321	10.4466713276	15.2755603885	-36.81224823	-58.0467987061	-34.6368484497	0.672331673475	3.0	11.8800001144	45.7399997711	0.0	19.0799999237	0.186323770691	1.0	1
1.0	5379.21337891	8.0	8.0	5522.64453125	9.0	8.0	234.375860438	0.0	0.992694556713	-0.0704844966531	-0.0979258045554	37.4215300559	6.31885177529	-41.6751480103	-61.4720993042	-21.5624008179	0.12307954184	8.0	4.76000022888	76.1200008392	2.0	16.6399993896	0.987120053936	1.0	1
1.0	2585.79199219	1.0	1.0	1938.87304688	3.0	2.0	63.8799996376	0.0	0.99788993597	-0.0560500063002	-0.0327735692263	13.0385162401	24.5492859322	-41.67029953	-31.9110488892	-53.5342483521	0.113543963301	2.0	16.3799991608	32.5599994659	0.0	16.6800003052	-1.0	0.0	2
1.0	2139.83032227	6.0	5.0	4524.09570312	5.0	4.0	103.520000279	0.0	0.997893154621	-0.0560521371663	-0.032670468092	30.8390686383	9.47572751854	-36.7243995667	-63.1423492432	-22.1717987061	0.598091332136	6.0	2.92000007629	31.4371997118	4.0	22.5599994659	0.980741381478	1.0	2
1.0	1548.23999023	3.0	3.0	2547.79296875	2.0	1.0	76.9400000572	0.0	-0.0584629438818	-0.987321019173	0.147578254342	12.7730947961	25.712894003	-44.6537017822	-48.5828018188	-37.4736480713	0.261715462371	3.0	7.30000019073	39.6399993896	0.0	16.6800003052	0.466077490396	1.0	2
1.0	1084.51843262	4.0	2.0	994.031005859	3.0	1.0	10.6800003052	0.0	0.0584620274603	0.987305521965	-0.14768204093	29.7565931369	1.77766019029	-38.1356964111	-59.5692977905	-27.1347007751	0.964809397332	0.0	0.0	0.0	1.0	10.9600000381	0.996862252639	1.0	2
1.0	4483.41601562	6.0	4.0	4821.68066406	11.0	7.0	117.400000811	0.0	-0.99788993597	0.0560521744192	0.0327698029578	12.7645889313	47.9524631461	-60.5446014404	-27.9657497406	-38.3549499512	0.994694957194	6.0	8.72000026703	62.0800008774	3.0	22.5599994659	0.873294542023	1.0	2
1.0	1817.26147461	2.0	2.0	1175.86022949	6.0	6.0	87.7000002861	0.0	0.0584629438818	0.987321019173	-0.147578254342	16.863792327	26.2772651346	-44.6537017822	-48.5828018188	-37.4736480713	0.261715462371	1.0	7.30000019073	7.07999992371	1.0	11.8800001144	0.988333323441	1.0	2
1.0	1688.29492188	2.0	2.0	1899.75805664	1.0	1.0	61.1799998283	0.0	0.99788993597	-0.0560500063002	-0.0327735692263	24.8730573497	1.48141122687	-41.67029953	-31.9110488892	-53.5342483521	0.72745928708	2.0	16.3799991608	32.5599994659	0.0	16.6800003052	0.518717129664	1.0	2
1.0	4120.00683594	7.0	7.0	5106.63867188	12.0	10.0	266.380000591	0.0	0.997890472412	-0.0560426227748	-0.0327684432268	30.571091353	3.46214091318	-42.4563522339	-63.1355514526	-17.4420509338	0.724113852449	8.0	4.51999998093	88.7335996628	5.0	22.5599994659	0.983342134609	1.0	2
1.0	4786.61230469	5.0	3.0	4279.26220703	8.0	4.0	104.739999533	0.0	0.997890472412	-0.0560426227748	-0.0327684432268	30.571091353	3.46214091318	-42.4563522339	-63.1355514526	-17.4420509338	0.724113852449	5.0	3.18000006676	59.0003994703	4.0	15.1999998093	0.826960695998	1.0	2
1.0	2484.80078125	1.0	1.0	3274.00561523	1.0	1.0	45.1599991322	0.0	0.995591282845	-0.0936355441809	0.0055098910816	16.6165508108	33.5022627714	-41.1581993103	-35.7915992737	-48.2376022339	0.243106726133	1.0	5.76000022888	5.51999998093	1.0	5.76000022888	-1.0	0.0	2
1.0	3806.52612305	9.0	9.0	6373.71582031	8.0	8.0	226.031599689	0.0	0.995591282845	-0.0936355441809	0.00550807965919	6.30855686469	13.1607092619	-28.5809001923	-65.4773025513	-15.2525997162	0.24166821918	13.0	1.05999994278	101.060000658	8.0	14.5200004578	0.998130172137	1.0	2
1.0	1796.61499023	3.0	3.0	4562.86669922	5.0	3.0	80.5600001812	0.0	0.105046235025	0.992555618286	0.0616334751248	0.99289182721	37.5649200181	-18.8876495361	-21.4283504486	-68.99659729	0.360642993185	6.0	11.1199998856	86.8200006485	2.0	11.5200004578	0.916842273262	1.0	2
1.0	3551.31811523	3.0	3.0	6676.93701172	13.0	7.0	195.779999495	0.0	0.995591282845	-0.0936355441809	0.00550807965919	6.30855686469	13.1607092619	-28.5809001923	-65.4773025513	-15.2525997162	0.24166821918	12.0	1.05999994278	95.6800010204	7.0	15.1599998474	0.997150255489	1.0	2
1.0	1573.35498047	4.0	3.0	3972.40234375	9.0	4.0	34.3599991798	0.0	0.104935109615	0.992567420006	0.0616318508983	15.2659952056	4.12152332772	-28.9312000275	-63.8656005859	-16.9820995331	0.0230047597342	3.0	11.3199996948	34.9200000763	1.0	11.5200004578	0.875907299545	1.0	2
1.0	2465.43603516	8.0	8.0	4432.80615234	14.0	6.0	51.6115993746	0.0	0.995591282845	-0.0936355441809	0.00550807965919	6.30855686469	2.10287472604	-28.5809001923	-65.4773025513	-15.2525997162	0.935181170878	8.0	3.44000005722	56.2399997711	5.0	12.5200004578	0.992155110516	1.0	2
1.0	2678.19116211	5.0	3.0	2863.43725586	5.0	4.0	76.6000008583	0.0	0.104935109615	0.992567420006	0.0616318508983	15.2659952056	4.12152332772	-28.9312000275	-63.8656005859	-16.9820995331	0.217540933193	5.0	8.96000003815	57.4600009918	2.0	11.1199998856	0.916842244569	1.0	2
1.0	3789.98779297	6.0	6.0	5283.37597656	9.0	6.0	168.365199566	0.0	-0.104935109615	-0.992567420006	-0.0616318508983	8.1646579473	2.10323389283	-28.9312000275	-63.8656005859	-16.9820995331	0.217540933193	12.0	4.44000005722	118.64000082	6.0	15.9600000381	0.993472959876	1.0	2
1.0	2676.54003906	4.0	4.0	2755.85522461	8.0	6.0	86.9799976349	0.0	0.104936987162	0.992567002773	0.0616356655955	3.66868147511	43.4253383359	-29.2275009155	-28.7621002197	-62.2649002075	0.811299266585	7.0	5.48000001907	66.5400004387	3.0	18.5400009155	0.942504010569	1.0	2
1.0	1998.02905273	6.0	6.0	7871.56298828	10.0	7.0	205.945197105	0.0	0.105046235025	0.992555618286	0.0616334751248	0.99289182721	44.7127739271	-18.8876495361	-21.4283504486	-68.99659729	0.360642993185	8.0	3.44000005722	91.6800000668	3.0	18.5400009155	0.985085940626	1.0	2
1.0	3671.79589844	1.0	1.0	1530.73608398	2.0	2.0	50.5800004005	0.0	0.999347448349	-0.0346072688699	-0.0103471344337	24.8613984661	26.5440331911	-35.361000061	-50.2045974731	-45.0501022339	0.412015359851	1.0	5.98000001907	4.48000001907	1.0	5.98000001907	-1.0	0.0	2
1.0	873.139038086	5.0	3.0	1107.67456055	3.0	2.0	25.8400006294	0.0	0.0334203466773	0.984689235687	-0.171085357666	36.4266685574	22.719488371	-19.7028503418	-30.0370006561	-65.0924530029	0.615670576472	2.0	9.61999988556	11.2400003672	1.0	9.61999988556	0.989800373035	1.0	2
1.0	1487.20202637	4.0	3.0	4586.93066406	14.0	8.0	112.060000896	0.0	0.0334208868444	0.984704315662	-0.170998305082	3.31238901014	20.6442063502	-31.4158496857	-12.70470047	-64.2806015015	0.461837350604	12.0	5.84000015259	101.180000305	2.0	6.86000013351	0.924853503849	1.0	2
1.0	2330.62695312	8.0	8.0	4813.07177734	11.0	9.0	198.929601327	0.0	-0.999348223209	0.0346106998622	0.0102569758892	16.6080948382	7.56382830333	-37.839099884	-66.0131988525	-13.303150177	0.526011880253	7.0	8.31999969482	87.6000008583	0.0	21.1200008392	0.982322442003	1.0	2
1.0	5527.76220703	3.0	3.0	1627.10827637	10.0	6.0	132.800000668	0.0	0.999344289303	-0.0346990264952	-0.0103454003111	24.4751956022	14.2700627087	-37.8734016418	-64.2425537109	-22.6622009277	0.605977612028	10.0	2.09999990463	83.7800002098	2.0	11.1999998093	0.87894121146	1.0	2
1.0	3203.20556641	8.0	8.0	3634.41210938	10.0	8.0	182.079999924	0.0	0.999348223209	-0.0346106998622	-0.0102569758892	17.4565065055	10.6735498133	-37.839099884	-66.0131988525	-13.303150177	0.526011880253	15.0	2.09999990463	170.300001621	3.0	18.7600002289	0.979591777565	1.0	2
1.0	5560.64501953	3.0	2.0	2499.17797852	11.0	3.0	76.460000515	0.0	0.999347448349	-0.0346072688699	-0.0103471344337	38.5268867441	30.9000856017	-35.361000061	-50.2045974731	-45.0501022339	0.412015359851	2.0	5.98000001907	19.759999752	1.0	5.98000001907	0.833565303891	1.0	2
1.0	4364.56298828	7.0	7.0	3377.02734375	10.0	6.0	201.499999046	0.0	-0.999348223209	0.0346106998622	0.0102569758892	10.6735498133	9.14339679497	-37.839099884	-66.0131988525	-13.303150177	0.526011880253	22.0	2.09999990463	206.060001969	6.0	18.7600002289	0.968642612804	1.0	2
1.0	658.773010254	2.0	2.0	4543.75878906	2.0	2.0	69.460000515	0.0	0.0334203466773	0.984689235687	-0.171085357666	0.0	28.5807585645	-19.7028503418	-30.0370006561	-65.0924530029	0.615670576472	13.0	6.46000003815	115.120000362	2.0	11.1999998093	0.207863476404	1.0	2
1.0	1900.92590332	4.0	4.0	2675.02954102	6.0	4.0	60.4496001154	0.0	0.999348223209	-0.0346106998622	-0.0102569758892	9.14339679497	10.6735498133	-37.839099884	-66.0131988525	-13.303150177	0.526011880253	9.0	5.84000015259	90.6600003242	0.0	20.7199993134	0.998544188132	1.0	2
1.0	3171.45385742	1.0	1.0	2039.70898438	2.0	1.0	24.5799994469	1.88110337304	0.96695882082	0.254004657269	0.0217324029654	29.4910678173	17.3177037258	-20.789899826	-43.2297973633	-55.6605529785	0.182378020466	0.0	0.0	0.0	0.0	0.0	-1.0	0.0	2
1.0	5432.51855469	8.0	8.0	5807.14160156	9.0	7.0	236.31679976	0.0	0.99802595377	-0.0331811159849	0.0533219575882	23.1888291	10.9095272167	-17.852350235	-67.7582015991	-24.097650528	0.9006722298	8.0	7.36000013351	84.5400013924	3.0	16.7800006866	0.998647720305	1.0	2
1.0	4359.39599609	3.0	3.0	4257.96142578	8.0	5.0	128.756397884	0.0	0.0461943224072	0.993749678135	-0.101624883711	21.2027361109	1.43317801101	-32.2032012939	-65.1597442627	-17.873298645	0.391472061837	11.0	6.38000011444	103.679600477	7.0	16.8199996948	0.994955495106	1.0	2
1.0	4469.81640625	5.0	5.0	5992.25830078	13.0	10.0	181.413199227	0.0	0.998026072979	-0.0331819653511	0.0533185824752	14.4598943904	27.6439716274	-30.1007499695	-12.8742008209	-69.398147583	0.804846796822	15.0	6.38000011444	143.219600916	10.0	16.8199996948	0.966454773357	1.0	2
1.0	2781.27075195	3.0	3.0	2622.70605469	8.0	7.0	74.9800000191	0.0	-0.998022973537	0.0332707054913	-0.0533217974007	8.61447735187	23.1541939677	-42.7062492371	-23.2836494446	-53.0709533691	0.328409894212	7.0	7.36000013351	85.3000001907	2.0	13.0200004578	0.882489945878	1.0	2
1.0	5076.19335938	6.0	6.0	5041.72509766	9.0	7.0	180.67639637	0.0	-0.99802595377	0.0331811159849	-0.0533219575882	1.74231997593	28.3815177793	-33.7949485779	-64.720703125	-19.4412498474	0.308822773769	4.0	7.67999982834	29.039999485	3.0	16.7800006866	0.998647723348	1.0	2
1.0	3919.62207031	4.0	4.0	4419.50537109	8.0	6.0	120.139998198	0.0	0.0461943224072	0.993749678135	-0.101624883711	21.2027361109	1.51266679515	-32.2032012939	-65.1597442627	-17.873298645	0.391472061837	12.0	5.98000001907	96.9795982838	6.0	15.8199996948	0.959163727048	1.0	2
1.0	3635.78955078	5.0	5.0	7472.1953125	11.0	5.0	144.312797945	0.0	0.046189840883	0.993750751019	-0.101616896689	2.70622500338	48.0676861351	-46.6197967529	-22.6469993591	-53.3330001831	0.757481186583	13.0	5.98000001907	112.660000324	6.0	16.7800006866	0.965751904356	1.0	2
1.0	3048.60693359	1.0	1.0	2039.70898438	2.0	1.0	6.59999990463	3.53246374286	0.843958973885	0.00484849326313	-0.536385834217	1.51266832351	28.3607586765	-33.0022010803	-20.9645500183	-63.6479988098	0.388380678955	0.0	0.0	0.0	0.0	0.0	0.212903737198	1.0	2
1.0	3124.04785156	7.0	7.0	7474.08691406	11.0	8.0	195.919999361	0.0	-0.0461907424033	-0.993750452995	0.101618885994	2.03501822617	20.419454638	-40.9578018188	-9.49971008301	-64.5231018066	0.364431731369	8.0	7.36000013351	84.8000016212	3.0	11.8000001907	0.980477592215	1.0	2
1.0	2941.84594727	1.0	1.0	3191.64916992	2.0	2.0	58.9400010109	1.23030481609	0.741126060486	-0.670367479324	-0.0366009660065	26.6616403623	11.8220489147	-28.181098938	-56.3886489868	-36.2433013916	0.195184688402	0.0	0.0	0.0	0.0	0.0	-1.0	0.0	2
1.0	1253.19128418	3.0	2.0	457.3828125	4.0	2.0	22.2999997139	0.0	-0.00609926134348	0.998390853405	-0.0563778169453	1.88020862748	8.20490706176	-41.6112976074	-57.6676483154	-19.7025489807	0.955306377179	3.0	7.32000017166	15.6800000668	0.0	11.0799999237	0.979733288981	1.0	2
1.0	1554.57312012	6.0	2.0	2951.28710938	3.0	1.0	29.1999998093	2.10510805682	0.174523577094	0.65307533741	-0.736908495426	28.2044680056	0.0	-39.3614997864	-52.329750061	-35.3456001282	0.381428458076	0.0	0.0	0.0	0.0	0.0	0.314592701756	1.0	2
1.0	3983.55541992	9.0	8.0	5077.39111328	12.0	7.0	175.299601644	0.0	0.00620040344074	-0.998390257359	0.0563778840005	13.4767791153	31.786576062	-52.3418502808	-7.64287471771	-56.2306518555	0.738586259219	13.0	9.06000041962	157.820001364	3.0	14.8599996567	0.970917370846	1.0	2
1.0	3630.32202148	11.0	10.0	5355.51953125	10.0	8.0	238.40000093	0.0	-0.00620040344074	0.998390257359	-0.0563778840005	5.04705515398	35.2017510673	-52.3418502808	-7.64287471771	-56.2306518555	0.738586259219	16.0	5.46000003815	200.520001411	6.0	14.0200004578	0.994933340254	1.0	2
1.0	1032.63110352	4.0	4.0	1823.73852539	7.0	4.0	56.8235998154	0.0	0.00609862152487	-0.998385608196	0.0564713552594	17.1500489732	2.51873539484	-49.1775970459	-27.5620994568	-47.8572006226	0.755999764322	4.0	9.06000041962	52.3000011444	1.0	14.8599996567	0.997719771321	1.0	2
1.0	2605.85791016	5.0	5.0	3558.35644531	3.0	3.0	97.5160016716	0.0	0.994934976101	0.0	-0.100520342588	25.5608569789	17.9350486847	-38.6990509033	-54.5663986206	-29.2404499054	0.701142484203	9.0	6.48000001907	84.0600004196	3.0	13.279999733	0.580154239454	1.0	2
1.0	3815.40893555	10.0	8.0	3505.58300781	9.0	8.0	175.220399268	0.0	-0.00620040344074	0.998390257359	-0.0563778840005	5.04705515398	35.2017510673	-52.3418502808	-7.64287471771	-56.2306518555	0.738586259219	9.0	7.32000017166	112.179999828	5.0	14.2399997711	0.991732057616	1.0	2
1.0	2654.25878906	1.0	1.0	2874.0559082	1.0	1.0	13.3000000715	2.10510805682	0.174523577094	0.65307533741	-0.736908495426	16.0218953709	30.0857009658	-39.3614997864	-52.329750061	-35.3456001282	0.381428458076	0.0	0.0	0.0	0.0	0.0	0.468734140219	1.0	2
1.0	4854.92382812	13.0	11.0	4891.49267578	10.0	7.0	261.210800298	0.0	0.00620040344074	-0.998390257359	0.0563778840005	13.4767791153	35.7713126316	-52.3418502808	-7.64287471771	-56.2306518555	0.738586259219	21.0	6.48000001907	223.240000725	6.0	14.2399997711	0.995966306549	1.0	2
1.0	4256.93066406	2.0	1.0	2397.84204102	1.0	1.0	42.1999995708	2.79291428733	-0.113597884774	0.87043774128	-0.478992372751	32.2559793741	17.5159017416	-29.803150177	-26.1804504395	-71.7212524414	0.105917331792	0.0	0.0	0.0	0.0	0.0	-1.0	0.0	2
1.0	5261.265625	6.0	6.0	4760.26855469	12.0	5.0	127.559998751	0.0	0.998985111713	-0.0366060994565	0.0262443646789	14.6530411859	41.4926466279	-49.115447998	-6.37682533264	-66.2675476074	0.443572123234	5.0	10.3000001907	80.0200014114	3.0	23.7600002289	0.998723293117	1.0	2
1.0	5743.76318359	5.0	5.0	5439.27441406	10.0	5.0	117.679999113	0.0	0.0429117530584	0.985951602459	-0.161425098777	21.2752430251	42.1440894983	-49.7635993958	-6.94678020477	-66.1868438721	0.840002695345	4.0	14.8599996567	72.8199996948	4.0	21.3199996948	0.956365766613	1.0	2
1.0	4645.203125	8.0	8.0	6646.44628906	13.0	8.0	233.11800006	0.0	0.0429979115725	0.985947549343	-0.161426961422	17.9701232042	8.64654104051	-36.4694519043	-58.1992492676	-30.1730499268	0.0522206726541	15.0	9.43999958038	216.199999809	11.0	23.7600002289	0.999571515886	1.0	2
1.0	1785.08691406	2.0	2.0	3591.03564453	4.0	4.0	80.4780006707	0.0	0.042916148901	0.985964119434	-0.161347195506	3.81941855139	14.2302135042	-25.0104999542	-17.8176498413	-75.6016998291	0.0292989879319	5.0	9.92000007629	55.5	4.0	15.8999996185	0.790390955663	1.0	2
1.0	1329.79125977	2.0	0.0	1009.0534668	2.0	0.0	0.0	10.0	0.0	0.0	0.0	0.0	0.0	0.0	0.0	0.0	2.0	0.0	0.0	0.0	0.0	0.0	0.498763688422	1.0	2
1.0	4580.86865234	5.0	3.0	4901.61816406	9.0	6.0	156.139998913	0.0	0.0429979451001	0.985947489738	-0.161427095532	3.07411765155	40.1029811501	-48.4428482056	-5.99134016037	-67.6178436279	0.0894029753167	7.0	7.84000015259	95.5091987103	4.0	22.7600002289	0.986444759496	1.0	2
1.0	386.290008545	2.0	1.0	3032.42529297	6.0	2.0	15.4579999745	0.0	0.042916148901	0.985964119434	-0.161347195506	3.81941855139	41.0797963568	-25.0104999542	-17.8176498413	-75.6016998291	0.0292989879319	2.0	9.92000007629	20.720000267	2.0	12.0799999237	0.999848465126	1.0	2
1.0	1774.08300781	6.0	2.0	2911.59594727	9.0	2.0	24.7399997711	1.95276724018	-0.285817116499	0.944619715214	-0.161251872778	42.5216176296	47.0840524594	-57.1710510254	-34.0599517822	-37.1652488708	0.900707940103	0.0	0.0	0.0	0.0	0.0	0.900305029339	1.0	2
1.0	331.484985352	2.0	1.0	2296.796875	9.0	1.0	2.16000008583	3.24955379651	0.254244476557	-0.148396641016	-0.95568728447	4.37896476242	38.0661134201	-58.1205482483	-37.0795974731	-28.884601593	0.491366956168	0.0	0.0	0.0	0.0	0.0	0.974657998347	1.0	2
1.0	2115.25756836	2.0	2.0	4519.89941406	1.0	1.0	41.1200008392	0.0	0.00372824585065	0.980663180351	-0.195667564869	18.4852759382	42.6833360839	-44.6133499146	-26.1791496277	-57.3432998657	0.902089912224	1.0	8.73999977112	8.81999969482	1.0	8.73999977112	-1.0	0.0	2
1.0	2520.06884766	7.0	5.0	3106.43066406	8.0	5.0	29.0599999428	2.33033688332	0.215027913451	0.611457884312	-0.761500000954	38.6018042506	52.1981616078	-57.3534507751	-18.6302490234	-45.6924514771	0.355137457185	2.0	4.51999998093	13.9199997187	0.0	14.0399999619	0.999510218718	1.0	2
1.0	5929.08642578	9.0	9.0	5401.34863281	8.0	7.0	227.463602781	0.0	-0.999825954437	0.0	-0.0186548046768	28.8579089369	2.45763415771	-45.8913002014	-60.4430999756	-19.0786514282	0.78786074327	11.0	1.13999998569	66.3999997377	4.0	12.9799995422	0.979680352923	1.0	2
1.0	1087.66821289	2.0	0.0	712.758666992	3.0	0.0	0.0	10.0	0.0	0.0	0.0	0.0	0.0	0.0	0.0	0.0	2.0	0.0	0.0	0.0	0.0	0.0	0.498763688422	1.0	2
1.0	3429.19970703	5.0	5.0	4600.88037109	3.0	2.0	101.680000782	0.0	-0.00372825283557	-0.980663120747	0.195667937398	21.8031085107	42.6316106802	-35.7713508606	-19.3473510742	-64.3657989502	0.460363642303	1.0	18.4200000763	17.4599990845	1.0	18.4200000763	0.731358104257	1.0	2
1.0	5281.875	8.0	6.0	4985.67919922	15.0	11.0	198.86000061	0.0	0.999825954437	0.0	0.0186565555632	0.992492008342	32.3447837826	-33.978099823	-12.2197999954	-72.7437438965	0.921001362334	6.0	7.73999977112	63.7599992752	2.0	21.4799995422	0.996108799522	1.0	2
1.0	3290.78662109	3.0	3.0	5661.31347656	5.0	2.0	41.1200008392	0.0	0.00372824585065	0.980663180351	-0.195667564869	18.4852759382	49.8035777823	-44.6133499146	-26.1791496277	-57.3432998657	0.902089912224	3.0	8.73999977112	29.4399995804	2.0	12.9799995422	0.459424516798	1.0	2
1.0	4407.765625	10.0	9.0	7288.53710938	16.0	14.0	248.980801105	0.0	0.999825954437	0.0	0.0186565555632	0.992492008342	32.3447837826	-33.978099823	-12.2197999954	-72.7437438965	0.921001362334	19.0	1.13999998569	169.039999604	6.0	21.4799995422	0.966396769134	1.0	2
1.0	3605.7890625	5.0	4.0	5080.63720703	5.0	3.0	109.14000082	0.0	-0.999826014042	0.0	-0.0186547394842	21.8667485899	8.35476414935	-33.6854019165	-62.5433998108	-31.2444496155	0.248999678902	4.0	1.13999998569	35.4200000763	1.0	8.73999977112	0.643807391865	1.0	2
1.0	3063.59082031	10.0	9.0	4454.66210938	12.0	8.0	99.1076015234	0.0	-0.00372787914239	-0.980666637421	0.19565024972	38.4825034219	1.14258310915	-52.9101486206	-52.3609008789	-21.9875984192	0.0232689756627	6.0	1.13999998569	54.1799993515	2.0	8.73999977112	0.996435611894	1.0	2
1.0	1842.79907227	3.0	2.0	2632.43920898	1.0	1.0	32.279999733	0.0	0.0265243202448	0.970082581043	-0.241321831942	27.6576776101	1.11111393488	-36.1382980347	-54.1477012634	-37.3202514648	0.54293412732	1.0	6.51999998093	5.48000001907	1.0	6.51999998093	-1.0	0.0	2
1.0	6185.13037109	6.0	5.0	4999.94189453	10.0	6.0	172.500000477	0.0	0.0265255235136	0.97007894516	-0.24133643508	3.92756941748	29.5780200849	-26.2861003876	-10.3975248337	-65.9403533936	0.501615237624	8.0	5.19999980927	90.6400008202	3.0	19.8799991608	0.999069853461	1.0	2
1.0	2602.45214844	2.0	1.0	1707.66296387	4.0	3.0	66.2000002861	0.0	-0.0265243202448	-0.970082581043	0.241321831942	1.11111393488	27.6576776101	-36.1382980347	-54.1477012634	-37.3202514648	0.54293412732	5.0	6.51999998093	56.6000008583	1.0	6.51999998093	0.376098464696	1.0	2
1.0	4896.88525391	7.0	6.0	5162.64160156	8.0	6.0	154.880802646	0.0	-0.993508636951	0.0	-0.113756507635	7.74275922738	29.9292535466	-26.8242492676	-9.89284992218	-66.1291046143	0.251296912841	9.0	3.88000011444	93.1959996223	6.0	15.2399997711	0.99464095637	1.0	2
1.0	1451.61743164	5.0	5.0	3448.74365234	4.0	4.0	87.0000009537	0.0	-0.993508279324	0.0	-0.113759703934	30.9413697875	3.49078582768	-31.4881496429	-58.3208007812	-33.8636016846	0.705788064985	6.0	6.48000001907	57.1599998474	2.0	6.51999998093	0.854397687749	1.0	2
1.0	5362.27929688	5.0	5.0	5991.46923828	10.0	5.0	170.360001564	0.0	0.0265255235136	0.97007894516	-0.24133643508	3.92756941748	29.5780200849	-26.2861003876	-10.3975248337	-65.9403533936	0.501615237624	8.0	4.71999979019	84.727200307	6.0	19.8799991608	0.99772177538	1.0	2
1.0	597.017028809	1.0	0.0	476.232208252	3.0	0.0	0.0	10.0	0.0	0.0	0.0	0.0	0.0	0.0	0.0	0.0	2.0	0.0	0.0	0.0	0.0	0.0	0.498763688422	1.0	2
1.0	3044.39404297	3.0	1.0	1161.57800293	3.0	1.0	10.5200004578	0.0	-0.0265279971063	-0.970082938671	0.241320073605	3.61281478376	11.0460583841	-40.1399002075	-60.2789993286	-21.2515487671	0.351861217697	1.0	5.48000001907	6.51999998093	0.0	5.48000001907	0.993386632883	1.0	2
1.0	6294.42333984	3.0	3.0	1541.11352539	4.0	4.0	96.8000011444	0.0	0.993508279324	0.0	0.113759703934	26.6021331989	2.87002290677	-39.3809509277	-63.3446998596	-12.9012002945	0.593869735309	5.0	5.48000001907	65.4000005722	2.0	19.8799991608	0.991512079259	1.0	2
1.0	6869.08398438	7.0	7.0	5163.87207031	8.0	8.0	311.480003357	0.0	-0.993508636951	0.0	-0.113756507635	7.74275922738	29.9292535466	-26.8242492676	-9.89284992218	-66.1291046143	0.251296912841	13.0	4.71999979019	133.687199868	7.0	19.8799991608	0.999684362415	1.0	2
1.0	2274.79003906	2.0	1.0	2239.12304688	3.0	1.0	29.6200008392	0.0	-0.0849857032299	-0.953450381756	0.289326369762	26.5941728125	1.45284735987	-48.2915992737	-50.0629997253	-32.2290496826	0.319639330564	1.0	2.75999999046	3.5	1.0	2.75999999046	-1.0	0.0	2
1.0	4093.60913086	8.0	8.0	2194.56420898	6.0	6.0	268.500001669	0.0	-0.982096076012	0.129220873117	0.137073770165	19.7154673958	3.06283237451	-34.3256530762	-66.0857543945	-14.7648000717	0.85019384224	11.0	3.48000001907	82.2200005054	2.0	5.53999996185	0.998769025939	1.0	2
1.0	3364.70043945	5.0	4.0	3702.50708008	6.0	4.0	104.940001011	0.0	0.982109606266	-0.129116401076	-0.137075647712	31.6729689393	4.65797607636	-36.5752487183	-64.6275024414	-17.8516998291	0.151704549453	4.0	2.75999999046	13.9960000589	1.0	2.75999999046	0.899236191529	1.0	2
1.0	2033.2623291	5.0	4.0	2763.28588867	5.0	5.0	62.1800012589	0.0	-0.0849881470203	-0.953447639942	0.28933468461	2.48628574401	24.938465605	-40.2542991638	3.36998510361	-62.8242492676	0.293124637549	5.0	4.69999980927	32.1199998856	0.0	12.8999996185	0.988104215711	1.0	2
1.0	2819.15966797	7.0	6.0	4093.82128906	12.0	8.0	135.980001926	0.0	0.982096016407	-0.129221111536	-0.137074023485	22.2120796669	7.90474023186	-31.5881500244	-66.8497467041	-16.5638008118	0.413316418229	5.0	2.75999999046	33.0399997234	2.0	5.53999996185	0.974308123799	1.0	2
1.0	4664.09228516	6.0	5.0	4191.10888672	9.0	6.0	135.559999943	0.0	-0.982096076012	0.129220873117	0.137073770165	25.8959183764	10.2155371165	-34.3256530762	-66.0857543945	-14.7648000717	0.85019384224	5.0	3.48000001907	19.5600001812	1.0	3.48000001907	0.998876497517	1.0	2
1.0	3148.85498047	3.0	2.0	2239.12304688	3.0	3.0	53.0800008774	0.0	-0.0849857032299	-0.953450381756	0.289326369762	46.6995584559	1.45284735987	-48.2915992737	-50.0629997253	-32.2290496826	0.319639330564	1.0	2.75999999046	3.5	1.0	2.75999999046	0.304261327158	1.0	2
1.0	840.70501709	2.0	0.0	73.6771011353	1.0	0.0	0.0	10.0	0.0	0.0	0.0	0.0	0.0	0.0	0.0	0.0	2.0	0.0	0.0	0.0	0.0	0.0	0.498763688422	1.0	2
1.0	622.534545898	3.0	3.0	2838.94799805	7.0	3.0	33.0400009155	0.0	-0.0849881470203	-0.953447639942	0.28933468461	2.48628574401	28.2638999359	-40.2542991638	3.36998510361	-62.8242492676	0.293124637549	2.0	4.69999980927	19.2800002098	0.0	15.279999733	0.872278453144	1.0	2
1.0	2804.23168945	8.0	5.0	3431.56054688	9.0	6.0	163.019999981	0.0	0.982109606266	-0.129116401076	-0.137075647712	26.214337317	6.48868941194	-36.5752487183	-64.6275024414	-17.8516998291	0.151704549453	4.0	4.92000007629	25.2560000494	1.0	5.53999996185	0.981901731286	1.0	2
1.0	2150.19897461	1.0	1.0	1902.17834473	2.0	2.0	48.1400003433	0.0	-0.719802439213	0.686413764954	-0.103540539742	27.9643348684	21.3820957075	-32.2574501038	-46.1924972534	-47.2673492432	0.470000811555	2.0	4.21999979019	8.17999982834	0.0	5.57999992371	-1.0	0.0	2
1.0	1595.07104492	2.0	0.0	722.817504883	3.0	0.0	0.0	10.0	0.0	0.0	0.0	0.0	0.0	0.0	0.0	0.0	2.0	0.0	0.0	0.0	0.0	0.0	0.498763688422	1.0	2
1.0	2885.16235352	3.0	2.0	2577.67675781	11.0	4.0	19.1999996901	0.0	0.041271623224	0.994542658329	-0.095820337534	33.1195085497	39.3862548103	-46.8282012939	-33.5334472656	-43.6653518677	0.741761132723	1.0	13.720000267	13.6199998856	1.0	13.720000267	0.604445564638	1.0	2
1.0	1960.42797852	3.0	3.0	5813.41503906	12.0	6.0	128.893999934	0.0	0.0411629863083	0.994547128677	-0.0958208665252	1.82213942085	36.0152201398	-50.6187515259	-13.2309494019	-54.2184524536	0.0242508446389	10.0	4.09999990463	97.9399995804	3.0	12.4200000763	0.861292008485	1.0	2
1.0	5593.39550781	5.0	5.0	2782.11401367	12.0	8.0	147.880000234	0.0	0.998198449612	-0.028622245416	0.0527314841747	16.7968075972	5.99772106261	-25.3885002136	-62.2772979736	-34.1863021851	0.248653135491	12.0	2.8599998951	116.324399769	4.0	13.720000267	0.99687723629	1.0	2
1.0	3046.51806641	3.0	2.0	2444.52709961	6.0	3.0	47.1200003624	0.0	-0.719802439213	0.686413764954	-0.103540539742	33.9593421848	21.7627157782	-32.2574501038	-46.1924972534	-47.2673492432	0.470000811555	3.0	4.21999979019	20.9000000954	0.0	11.5	0.382713120028	1.0	2
1.0	4785.30957031	4.0	4.0	3038.3449707	9.0	4.0	127.500000834	0.0	-0.998198449612	0.028622245416	-0.0527314841747	17.138518579	2.46408998687	-25.3885002136	-62.2772979736	-34.1863021851	0.248653135491	5.0	4.21999979019	51.4800004959	2.0	12.4200000763	0.979734783422	1.0	2
1.0	1123.51599121	2.0	2.0	2870.92797852	3.0	3.0	67.7200006247	0.0	0.0412695594132	0.994542360306	-0.0958245918155	2.49492492835	20.6439174634	-31.1487007141	-8.78214073181	-70.4125518799	0.54916495112	3.0	9.19999980927	36.0199995041	0.0	15.5600004196	0.631816593242	1.0	2
1.0	2141.09594727	5.0	4.0	3628.70996094	13.0	6.0	99.659999609	0.0	0.0412695594132	0.994542360306	-0.0958245918155	2.49492492835	25.6724230854	-31.1487007141	-8.78214073181	-70.4125518799	0.54916495112	4.0	8.69999980927	47.8999996185	0.0	15.5600004196	0.991959267865	1.0	2
1.0	3118.92163086	1.0	1.0	2604.06347656	1.0	1.0	39.2800002098	0.0	-0.0288073699921	0.963104486465	-0.267581582069	2.20548430597	32.3398266018	-33.5148010254	-25.2893486023	-56.2309989929	0.805801830545	1.0	5.09999990463	5.09999990463	1.0	5.09999990463	-1.0	0.0	2
1.0	2148.40722656	8.0	8.0	4837.63916016	8.0	4.0	105.839999676	0.0	0.0289053618908	-0.963119983673	0.267515093088	9.86945775565	0.0	-29.582950592	-64.3264007568	-3.00464010239	0.0474995940021	6.0	7.40000009537	63.4800004959	2.0	18.4200000763	0.999280318938	1.0	2
1.0	2908.89550781	1.0	1.0	2814.08935547	2.0	2.0	58.9200005531	0.0	-0.0288073699921	0.963104486465	-0.267581582069	2.20548430597	32.3398266018	-33.5148010254	-25.2893486023	-56.2309989929	0.805801830545	3.0	5.09999990463	28.9599995613	1.0	5.09999990463	0.240829031711	1.0	2
1.0	480.401000977	2.0	1.0	1005.58630371	6.0	1.0	21.7600002289	1.31589894467	0.00629513850436	-0.344253212214	0.93885576725	18.0437580078	15.2831234223	-19.9402503967	-50.8382492065	-42.3888473511	0.916679828325	0.0	0.0	0.0	0.0	0.0	0.983469658106	1.0	2
1.0	2711.88891602	4.0	4.0	2361.68212891	5.0	3.0	55.7680004835	0.0	0.0289053618908	-0.963119983673	0.267515093088	9.75690504065	0.0	-29.582950592	-64.3264007568	-3.00464010239	0.0474995940021	11.0	4.84000015259	97.2800010443	5.0	14.1000003815	0.991347087147	1.0	2
1.0	4711.74462891	11.0	11.0	5683.75097656	11.0	9.0	367.287999511	0.0	0.0289053618908	-0.963119983673	0.267515093088	9.86945775565	0.0	-29.582950592	-64.3264007568	-3.00464010239	0.0474995940021	16.0	5.09999990463	159.420001984	5.0	14.1000003815	0.992189368668	1.0	2
1.0	3284.15771484	8.0	7.0	3665.83886719	10.0	9.0	225.752398491	0.0	0.999505996704	0.0310341864824	0.00496886996552	2.2068223312	25.2619258042	-24.5964012146	-8.84496021271	-66.5111541748	0.199041433696	19.0	4.84000015259	191.680001616	6.0	18.4200000763	0.999544265508	1.0	2
1.0	4065.56616211	7.0	7.0	5101.51513672	14.0	12.0	282.706400871	0.0	0.0289053618908	-0.963119983673	0.267515093088	9.86945775565	0.0	-29.582950592	-64.3264007568	-3.00464010239	0.0474995940021	20.0	7.32000017166	207.680002213	6.0	18.4200000763	0.999906878631	1.0	2
1.0	2865.26293945	5.0	3.0	3388.93798828	7.0	4.0	76.9939996004	0.0	-0.999503552914	-0.0310958735645	-0.00506351143122	23.4374354007	7.70615238188	-34.1558990479	-56.3498497009	-28.6423988342	0.0366223601191	5.0	5.09999990463	41.4399995804	2.0	7.40000009537	0.788823753984	1.0	2
1.0	1813.68041992	6.0	5.0	2466.86035156	8.0	5.0	76.0799995661	0.0	-0.999503552914	-0.0310958735645	-0.0050654434599	21.3689481092	2.42495688364	-35.0880012512	-59.3613510132	-20.5188999176	0.832539085587	5.0	4.84000015259	42.1200002432	1.0	11.6000003815	0.994933332615	1.0	2
1.0	1789.55395508	1.0	1.0	1996.63647461	3.0	2.0	64.6400003433	2.2764225924	0.869159281254	-0.403154104948	-0.286406934261	25.3856915016	27.7779352826	-24.8185501099	-47.4440994263	-52.5456008911	0.251202243881	0.0	0.0	0.0	0.0	0.0	-1.0	0.0	2
1.0	4404.04882812	7.0	7.0	4384.25439453	9.0	8.0	265.319998503	0.0	-0.0130402976647	0.976928770542	-0.213166937232	31.9647068498	28.2198386435	-36.417350769	-56.0741500854	-39.3698997498	0.262333895937	2.0	5.63999986649	16.2399997711	2.0	5.63999986649	0.987812708429	1.0	2
1.0	1624.86523438	4.0	4.0	3247.66674805	4.0	4.0	133.039998293	0.0	-0.0130402976647	0.976928770542	-0.213166937232	14.4196369729	27.7048973189	-36.417350769	-56.0741500854	-39.3698997498	0.262333895937	1.0	11.4600000381	11.0799999237	1.0	5.0	0.0475413304178	1.0	2
1.0	330.684997559	1.0	0.0	633.247009277	2.0	0.0	0.0	10.0	0.0	0.0	0.0	0.0	0.0	0.0	0.0	0.0	2.0	0.0	0.0	0.0	0.0	0.0	0.498763688422	1.0	2
1.0	4412.80371094	4.0	2.0	3306.59765625	7.0	3.0	81.460000515	2.2764225924	0.869159281254	-0.403154104948	-0.286406934261	38.8224318693	27.7779352826	-24.8185501099	-47.4440994263	-52.5456008911	0.251202243881	0.0	0.0	0.0	0.0	0.0	0.77764089118	1.0	2
1.0	5031.41162109	8.0	7.0	4002.82617188	11.0	9.0	299.219998121	0.0	0.997134625912	0.0	-0.0756471604109	29.6174228601	10.3661875836	-37.0889968872	-57.313999176	-27.842300415	0.153471400866	6.0	3.6400001049	53.2800009251	3.0	13.5200004578	0.978839117994	1.0	2
1.0	3409.6784668	5.0	2.0	1259.83532715	8.0	3.0	28.9599995613	0.0	0.997134625912	0.0	-0.0756471604109	28.5177397456	22.435144704	-37.0889968872	-57.313999176	-27.842300415	0.153471400866	1.0	3.6400001049	3.6400001049	0.0	3.6400001049	0.698161604954	1.0	2
1.0	2230.21362305	6.0	6.0	3908.38037109	9.0	6.0	163.299999475	0.0	-0.997134625912	0.0	0.0756471604109	28.7981425801	10.4757808154	-37.0889968872	-57.313999176	-27.842300415	0.288544112692	4.0	3.8599998951	20.5599999428	3.0	5.63999986649	0.971538304077	1.0	2
1.0	463.633392334	3.0	3.0	3322.55712891	4.0	3.0	88.0999996662	0.0	0.0130399884656	-0.97690564394	0.213272884488	2.39175547331	48.5254479174	-32.2448501587	-30.7334499359	-61.2483520508	0.629335759566	3.0	10.5799999237	33.1800003052	1.0	13.5200004578	0.308059069366	1.0	2
1.0	563.627319336	3.0	3.0	2283.94750977	4.0	3.0	57.1399989128	2.98487522267	0.569755077362	0.181256964803	-0.80157661438	14.9262263404	13.1613034291	-25.167301178	-61.8675498962	-35.7513999939	0.22759359317	0.0	0.0	0.0	0.0	0.0	0.974826452386	1.0	2
1.0	1936.86828613	2.0	2.0	3436.10522461	2.0	1.0	56.0999999046	1.85717258325	0.247403249145	-0.375670522451	-0.893119990826	25.8231354163	2.14393409272	-38.9127502441	-61.3109512329	-19.0859985352	0.384158018495	0.0	0.0	0.0	0.0	0.0	-1.0	0.0	2
1.0	2569.42797852	5.0	3.0	1185.25354004	5.0	3.0	50.7799984217	0.0	-0.00915414746851	0.994016051292	-0.108849622309	10.7929543772	4.60257659243	-32.7250976562	-65.3851013184	-5.14647483826	0.926060263758	2.0	12.8599996567	27.4200000763	1.0	10.3000001907	0.981079932898	1.0	2
1.0	2976.74829102	6.0	4.0	5166.50439453	4.0	3.0	129.519999504	1.85717258325	0.247403249145	-0.375670522451	-0.893119990826	25.8231354163	2.14393409272	-38.9127502441	-61.3109512329	-19.0859985352	0.384158018495	0.0	0.0	0.0	0.0	0.0	0.267546236503	1.0	2
1.0	2166.91503906	4.0	4.0	1382.4230957	8.0	5.0	84.7600002289	0.0	0.00915051717311	-0.994013130665	0.108876973391	26.992994359	8.48290106128	-34.7257995605	-62.070098877	-28.8377990723	0.959937021356	4.0	8.42000007629	26.8599996567	0.0	9.93999958038	0.988062555506	1.0	2
1.0	1480.48010254	6.0	5.0	5884.49609375	8.0	5.0	92.6399985552	0.0	-0.0091504836455	0.99401307106	-0.108877472579	18.9003418431	3.27891133959	-37.690700531	-62.7635002136	-11.2068004608	0.660941282067	5.0	3.03999996185	47.0600004196	0.0	17.8999996185	0.38511874388	1.0	2
1.0	3892.64501953	10.0	10.0	4877.21240234	10.0	8.0	191.559998393	0.0	-0.00915414746851	0.994016051292	-0.108849622309	10.7929543772	4.60257659243	-32.7250976562	-65.3851013184	-5.14647483826	0.926060263758	9.0	3.03999996185	97.3600006104	1.0	10.3000001907	0.986603952639	1.0	2
1.0	1843.88793945	2.0	2.0	1110.56665039	2.0	1.0	24.4399995804	0.0	0.994902431965	0.0	-0.100842475891	32.8403607705	3.41338366179	-31.4692001343	-47.4281997681	-49.6075515747	0.0066357217602	2.0	14.9600000381	32.4800004959	0.0	16.8400001526	0.944387748643	1.0	2
1.0	5011.76220703	6.0	4.0	1281.75610352	4.0	4.0	67.8200002909	0.0	0.00924872327596	-0.994014084339	0.108859799802	0.0	9.30324558018	-36.3263473511	-62.5103988647	-8.23596954346	2.0	5.0	12.8000001907	69.5800008774	0.0	17.8999996185	0.999465234694	1.0	2
1.0	5298.44384766	8.0	6.0	3437.03710938	10.0	7.0	183.059998989	0.0	0.00915051717311	-0.994013130665	0.108876973391	34.6213245317	8.48290106128	-34.7257995605	-62.070098877	-28.8377990723	0.959937021356	7.0	6.88000011444	63.7199997902	0.0	14.9600000381	0.995362734734	1.0	2
1.0	4028.62719727	8.0	8.0	4361.23876953	10.0	10.0	257.799997807	0.0	0.0091504836455	-0.99401307106	0.108877472579	24.4383199132	12.0783551948	-37.690700531	-62.7635002136	-11.2068004608	0.660941282067	6.0	3.03999996185	65.3400006294	0.0	17.8999996185	0.997202295459	1.0	2
1.0	1874.64819336	2.0	2.0	2173.58813477	1.0	1.0	37.7912006378	0.0	0.998335957527	0.0337501019239	-0.0467574670911	18.2836105978	5.19260663392	-28.4938011169	-44.4671020508	-51.4482002258	0.485290137478	1.0	13.3000001907	13.0	0.0	13.3000001907	-1.0	0.0	2
1.0	3206.83105469	5.0	4.0	1417.40820312	2.0	2.0	61.5400009155	0.0	-0.0472519174218	0.972084999084	-0.22982172668	33.8513320354	21.955823823	-52.1549491882	-35.2870025635	-36.5240478516	0.176685142973	2.0	3.59999990463	17.3199996948	1.0	3.59999990463	0.999611622216	1.0	2
1.0	1791.76123047	2.0	1.0	1505.43212891	1.0	1.0	9.02000045776	3.20465289636	0.837703943253	-0.495401144028	-0.229847475886	19.1188153643	2.09327113794	-30.7256507874	-33.9754486084	-57.0997467041	0.354815495775	0.0	0.0	0.0	0.0	0.0	0.418280118817	1.0	2
1.0	4183.00976562	3.0	3.0	6836.97900391	11.0	7.0	147.006400228	0.0	0.998336017132	0.0337465107441	-0.0467583723366	18.4736261885	3.25031655055	-25.1349983215	-66.223197937	-15.6296005249	0.0136159748325	7.0	1.58000004292	77.9599994421	2.0	23.6200008392	0.989853742737	1.0	2
1.0	2565.75537109	3.0	2.0	2256.47509766	1.0	1.0	36.9312005043	0.0	0.998331606388	0.0337499566376	-0.0468507632613	30.2768709541	7.51382956139	-30.6587982178	-43.5737991333	-51.5769500732	0.912317157432	1.0	9.06000041962	9.30000019073	1.0	9.06000041962	0.0342642874619	1.0	2
1.0	1289.49414062	3.0	3.0	3066.38671875	5.0	3.0	68.7199997902	0.0	-0.998339235783	-0.0336531177163	0.046757619828	2.10861203546	22.8378802895	-31.611000061	-56.8829498291	-35.4150009155	0.782722231171	5.0	8.56000041962	52.3600006104	4.0	17.2999992371	0.965573962125	1.0	2
1.0	1874.64819336	2.0	2.0	2545.73388672	2.0	2.0	51.1312007904	0.0	0.998335957527	0.0337501019239	-0.0467574670911	18.2836105978	27.4346719145	-28.4938011169	-44.4671020508	-51.4482002258	0.485290137478	1.0	13.3000001907	13.0	0.0	13.3000001907	0.136256736347	1.0	2
1.0	1819.69824219	7.0	5.0	2973.17285156	4.0	4.0	111.091200352	0.0	-0.0472570136189	0.972106933594	-0.229727894068	21.1929282419	13.3379573813	-39.1350479126	-60.3931007385	-27.8094997406	0.683620255808	4.0	5.69999980927	33.259999752	1.0	5.69999980927	0.998823990239	1.0	2
1.0	2240.92529297	3.0	3.0	2394.53173828	3.0	2.0	37.4000005722	0.0	-0.998339235783	-0.0336531177163	0.046757619828	2.10861203546	11.7191694561	-31.611000061	-56.8829498291	-35.4150009155	0.782722231171	4.0	8.56000041962	37.8400001526	4.0	16.5400009155	0.459771629718	1.0	2
1.0	5708.10107422	3.0	3.0	5700.83984375	10.0	7.0	119.935560148	0.0	0.998336017132	0.0337465107441	-0.0467583723366	18.4736261885	3.25031655055	-25.1349983215	-66.223197937	-15.6296005249	0.0136159748325	8.0	1.58000004292	96.5999983549	3.0	23.6200008392	0.99787070132	1.0	2
1.0	2914.95410156	1.0	1.0	2640.39868164	1.0	1.0	38.1200003624	1.8935257908	-0.412671327591	0.854793727398	-0.314690500498	14.9390389841	44.849525668	-42.7516021729	-26.3924999237	-56.190246582	0.839416263005	0.0	0.0	0.0	0.0	0.0	-1.0	0.0	2
1.0	3739.4609375	10.0	10.0	5510.78710938	13.0	9.0	200.899999738	0.0	-0.106101512909	0.937803924084	-0.330554515123	2.5335166845	49.0696631262	-48.7658996582	-8.38442993164	-57.5185508728	0.858035612387	9.0	9.80000019073	131.040000916	0.0	27.2199993134	0.993350076134	1.0	2
1.0	4015.89404297	2.0	1.0	3206.99194336	4.0	2.0	53.0400004387	1.8935257908	-0.412671327591	0.854793727398	-0.314690500498	24.7579536926	55.3852986994	-42.7516021729	-26.3924999237	-56.190246582	0.839416263005	0.0	0.0	0.0	0.0	0.0	0.28293577967	1.0	2
1.0	611.983398438	2.0	1.0	948.859008789	4.0	1.0	5.34000015259	3.09202203756	0.0254275854677	0.829121470451	-0.558489978313	4.50367966462	19.350799084	-41.2425498962	-19.5841503143	-63.6810493469	0.86618101	0.0	0.0	0.0	0.0	0.0	0.978261202942	1.0	2
1.0	1762.14160156	5.0	4.0	3900.58300781	11.0	6.0	54.660000205	0.0	-0.993543982506	-0.113414108753	-0.00275311083533	33.164638701	4.31075458194	-25.7426490784	-67.3160476685	-7.51945018768	0.406413691612	3.0	5.90000009537	25.8800005913	0.0	17.2000007629	0.79931927882	1.0	2
1.0	3413.21020508	7.0	7.0	9156.3515625	13.0	7.0	135.954798922	0.0	-0.106022179127	0.937803447247	-0.330581367016	32.7197123062	1.66414722197	-32.4161491394	-63.2437515259	-17.0003509521	0.843089677088	16.0	8.47999954224	199.739999771	3.0	16.0200004578	0.9863209534	1.0	2
1.0	5486.25439453	8.0	8.0	8064.37402344	11.0	7.0	220.914801106	0.0	0.993542909622	0.113423392177	0.00275462726131	2.77567519422	39.7135645604	-46.623298645	-12.2745494843	-57.3720474243	0.290398870932	12.0	9.80000019073	159.079999447	1.0	16.0200004578	0.997504715359	1.0	2
1.0	3938.17333984	9.0	9.0	9681.03417969	11.0	7.0	303.654800162	0.0	-0.993543982506	-0.113414108753	-0.00275311083533	21.0702151323	4.31075458194	-25.7426490784	-67.3160476685	-7.51945018768	0.406413691612	16.0	5.90000009537	180.668799877	4.0	15.4399995804	0.996313001378	1.0	2
1.0	1286.1048584	2.0	1.0	2596.87915039	2.0	1.0	7.73999977112	0.0	0.106022179127	-0.937803447247	0.330581367016	1.66414722197	15.3592006319	-32.4161491394	-63.2437515259	-17.0003509521	0.843089677088	1.0	12.3999996185	11.6800003052	1.0	12.3999996185	0.4663897886	1.0	2
1.0	855.920288086	3.0	2.0	3104.65209961	5.0	1.0	25.7599992752	0.0	-0.106013216078	0.937814891338	-0.330551713705	6.97276434147	43.2298304669	-53.112449646	-30.4057998657	-34.4835510254	0.535149170311	1.0	15.1199998856	15.9600000381	0.0	15.1199998856	0.992258092708	1.0	2
1.0	1826.93371582	1.0	1.0	2018.78991699	2.0	2.0	35.0199999809	1.813262253	0.557127475739	-0.727202415466	-0.40098080039	11.3695886069	23.6859974945	-38.1870994568	-37.4644012451	-53.5147018433	0.557547861941	0.0	0.0	0.0	0.0	0.0	-1.0	0.0	2
1.0	4428.03662109	7.0	5.0	4537.05957031	5.0	4.0	133.459999919	0.0	0.992685616016	-0.0704839900136	-0.0980165153742	40.228402891	37.5352256928	-22.1712493896	-33.5258026123	-62.6523513794	0.280105903894	2.0	8.34000015259	20.0	0.0	10.6999998093	0.982306977293	1.0	2
1.0	1877.16699219	5.0	4.0	4048.24707031	4.0	4.0	81.3394610882	0.0	-0.0588506422937	-0.984718084335	0.163911253214	29.0251220059	13.6431869619	-23.957950592	-56.4862518311	-46.7938499451	0.236431817304	6.0	4.76000022888	71.0799999237	0.0	19.0799999237	0.549030637481	1.0	2
1.0	4681.68115234	6.0	6.0	5778.21972656	11.0	9.0	264.915861353	0.0	0.0588490441442	0.984718680382	-0.163908272982	35.4448082705	17.6689715623	-35.6000518799	-65.3556518555	-27.6061496735	0.900625388156	4.0	4.76000022888	43.6199998856	2.0	16.6399993896	0.982307004052	1.0	2
1.0	2219.05664062	3.0	3.0	4253.71875	7.0	5.0	66.7927997112	0.0	-0.992685258389	0.0704839602113	0.0980200618505	21.2961742819	44.1230557367	-25.4086494446	-49.2135009766	-50.7946510315	0.810842834702	2.0	10.7600002289	19.4000005722	1.0	13.6000003815	0.459771345808	1.0	2
1.0	3459.2175293	6.0	4.0	6444.16650391	7.0	5.0	117.930000782	0.0	0.992694556713	-0.0704844966531	-0.0979258045554	2.58882896222	36.3944503764	-41.6751480103	-61.4720993042	-21.5624008179	0.12307954184	5.0	6.23999977112	70.2399997711	1.0	15.8800001144	0.985895953288	1.0	2
1.0	1826.93371582	1.0	1.0	534.340026855	2.0	2.0	43.5199995041	1.813262253	0.557127475739	-0.727202415466	-0.40098080039	11.3695886069	1.80352727437	-38.1870994568	-37.4644012451	-53.5147018433	0.557547861941	0.0	0.0	0.0	0.0	0.0	0.355161497193	1.0	2
1.0	1964.97106934	8.0	8.0	6463.34472656	11.0	10.0	108.119460464	0.0	0.0588452331722	0.984722137451	-0.163888767362	2.72756458271	57.4599781194	-22.7081489563	-31.1736984253	-64.46824646	0.887257863862	6.0	4.76000022888	50.1800012589	1.0	13.6000003815	0.989137718446	1.0	2
1.0	745.101013184	2.0	1.0	5420.98681641	6.0	1.0	12.9600000381	2.61907999877	0.427300691605	0.462943911552	-0.776593208313	11.1191615495	22.8376580592	-29.3415489197	-62.4769973755	-36.9994506836	0.915655508939	0.0	0.0	0.0	0.0	0.0	0.169728167454	1.0	2
1.0	1910.61499023	2.0	1.0	1504.18798828	4.0	2.0	23.3799996376	0.0	-0.0588478669524	-0.984737038612	0.163798183203	22.4962918137	22.6694155963	-41.210849762	-45.8836975098	-45.0907974243	0.947416167151	1.0	19.0799999237	20.0799999237	0.0	19.0799999237	0.999669024415	1.0	2
1.0	1862.62902832	3.0	3.0	2740.81811523	2.0	1.0	42.159999609	0.0	0.0314098149538	-0.976059734821	0.215222612023	22.4681136437	12.311182599	-37.4269485474	-50.5762481689	-33.2706489563	0.689708088117	2.0	10.5200004578	25.5999994278	1.0	10.5200004578	-1.0	0.0	3
1.0	6056.44433594	12.0	9.0	8881.26757812	12.0	10.0	350.672399759	0.0	0.0314092747867	-0.976041018963	0.21530765295	3.18700328816	55.1810351629	-56.0963516235	2.57033014297	-49.6054000854	0.215490002583	13.0	5.51999998093	161.15999794	4.0	16.5799999237	0.998105374635	1.0	3
1.0	3629.72509766	7.0	3.0	2439.55004883	5.0	2.0	31.879999876	0.0	0.999275743961	0.0343800932169	0.0163090247661	33.9577157689	0.0	-38.0112991333	-50.0503997803	-33.4001502991	0.425660814845	3.0	12.9200000763	40.9399986267	1.0	15.4200000763	0.44120888233	1.0	3
1.0	6675.32324219	13.0	9.0	7639.49804688	14.0	11.0	240.194400191	0.0	-0.0314092747867	0.976041018963	-0.21530765295	2.59883027504	56.6813594651	-56.0963516235	2.57033014297	-49.6054000854	0.215490002583	16.0	1.37999999523	174.679999828	6.0	16.5799999237	0.987097533875	1.0	3
1.0	2034.5020752	3.0	3.0	2740.81811523	2.0	1.0	42.159999609	0.0	0.0314098149538	-0.976059734821	0.215222612023	22.4681136437	12.311182599	-37.4269485474	-50.5762481689	-33.2706489563	0.689708088117	2.0	10.5200004578	25.5999994278	1.0	10.5200004578	0.181652448676	1.0	3
1.0	3818.65917969	7.0	6.0	3497.85205078	11.0	10.0	160.294399962	0.0	-0.999276697636	-0.0343733467162	-0.0162640362978	15.9844479926	3.82692687963	-27.48279953	-70.495803833	-6.20680522919	0.827689744244	6.0	1.37999999523	45.8199989796	2.0	10.5200004578	0.986592189038	1.0	3
1.0	2881.64086914	7.0	4.0	6288.45703125	5.0	1.0	42.159999609	0.0	0.0314098149538	-0.976059734821	0.215222612023	35.6230742394	12.311182599	-37.4269485474	-50.5762481689	-33.2706489563	0.689708088117	3.0	10.5200004578	31.2199993134	1.0	10.5200004578	0.397399859421	1.0	3
1.0	3475.37719727	6.0	5.0	6579.32958984	10.0	8.0	186.166801915	0.0	0.999279022217	0.034325927496	0.0162216201425	2.08629045938	33.6298606942	-28.9073982239	-4.90826034546	-65.5534973145	0.202760177837	8.0	8.07999992371	114.71999836	0.0	21.2600002289	0.976627757789	1.0	3
1.0	1862.62902832	3.0	3.0	3498.70532227	4.0	2.0	66.7999994755	0.0	0.999275743961	0.0343800932169	0.0163090247661	21.7392848393	26.2924585412	-38.0112991333	-50.0503997803	-33.4001502991	0.425660814845	2.0	10.5200004578	25.5999994278	1.0	10.5200004578	0.20954499564	1.0	3
1.0	1393.79736328	4.0	2.0	3838.7644043	5.0	3.0	44.6924010515	0.0	-0.999279022217	-0.034325927496	-0.0162216201425	1.75131617219	14.6107225442	-28.9073982239	-4.90826034546	-65.5534973145	0.621409815482	2.0	16.6599998474	31.9399995804	0.0	16.6599998474	0.970892162673	1.0	3
1.0	2666.88598633	3.0	3.0	2570.77685547	2.0	2.0	51.7800016403	0.0	0.733893990517	-0.672575891018	0.095085427165	21.7205922825	1.75878969382	-35.6697998047	-50.0070991516	-37.3135528564	0.562389738854	3.0	10.3800001144	31.5800004005	3.0	13.8400001526	-1.0	0.0	3
1.0	3826.20483398	6.0	5.0	2840.23291016	9.0	4.0	117.92000246	0.0	0.99953275919	0.0	0.0305648054928	33.9171678828	44.3013918811	-27.0139503479	-52.8432006836	-41.2014007568	0.411197777171	3.0	3.25999999046	23.3800005913	2.0	13.8400001526	0.979502835042	1.0	3
1.0	3157.9519043	5.0	5.0	3710.06176758	8.0	4.0	116.780001163	0.0	0.0032673520036	0.994233012199	-0.107191734016	17.6237602012	1.82208578029	-44.3160018921	-53.9779510498	-16.3400993347	0.808318354328	5.0	5.17999982834	42.2800006866	5.0	14.7399997711	0.739030872287	1.0	3
1.0	3571.84375	10.0	8.0	6127.22216797	13.0	5.0	144.920000434	0.0	0.00326724932529	0.994222462177	-0.107289612293	1.9591486009	62.3614405373	-52.6029968262	-2.78242015839	-59.2810516357	0.787152967598	1.0	6.61999988556	5.76000022888	1.0	15.5799999237	0.990735946222	1.0	3
1.0	1807.13305664	3.0	2.0	4530.22412109	7.0	4.0	57.640001297	0.0	0.00326724932529	0.994222462177	-0.107289612293	1.9591486009	42.0018568768	-52.6029968262	-2.78242015839	-59.2810516357	0.787152967598	3.0	10.0200004578	27.5999999046	3.0	15.5799999237	0.620327337014	1.0	3
1.0	4583.6328125	8.0	8.0	4760.63378906	8.0	6.0	166.860001087	0.0	0.00326724932529	0.994222462177	-0.107289612293	1.9591486009	42.0018568768	-52.6029968262	-2.78242015839	-59.2810516357	0.787152967598	6.0	9.81999969482	65.9200000763	3.0	15.5799999237	0.966338611019	1.0	3
1.0	4008.02709961	6.0	4.0	2483.578125	6.0	3.0	73.4600014687	0.0	0.00326345767826	0.994233012199	-0.107191734016	41.6855693497	47.4059617029	-46.776599884	-37.479850769	-40.4926986694	0.271346102642	1.0	5.17999982834	4.94000005722	1.0	5.17999982834	0.9512978766	1.0	3
1.0	4951.46337891	8.0	6.0	3785.67724609	7.0	7.0	189.580001354	0.0	0.00326724932529	0.994222462177	-0.107289612293	1.9591486009	31.8144119011	-52.6029968262	-2.78242015839	-59.2810516357	0.787152967598	7.0	5.17999982834	72.8000001907	4.0	15.5799999237	0.991444970233	1.0	3
1.0	805.429931641	3.0	3.0	3778.29516602	4.0	3.0	57.2600021362	0.0	0.999532818794	0.0	0.0305641815066	3.63133950602	24.7841740945	-37.0691986084	-21.2012996674	-61.2759017944	0.0895981496955	4.0	10.0200004578	38.2999997139	2.0	10.3800001144	0.350158602114	1.0	3
1.0	3892.84301758	5.0	4.0	3493.49389648	7.0	6.0	172.299999714	0.0	0.0032673520036	0.994233012199	-0.107191734016	33.7479719593	1.82208578029	-44.3160018921	-53.9779510498	-16.3400993347	0.808318354328	7.0	5.17999982834	83.960000515	3.0	14.7399997711	0.984556412811	1.0	3
1.0	1878.17321777	2.0	2.0	3583.44506836	2.0	2.0	43.3800003529	0.0	0.995683968067	-0.0703863948584	-0.0604912303388	17.5399431671	19.9357806378	-34.5447502136	-61.291847229	-24.6566009521	0.995010592011	0.0	0.0	0.0	1.0	16.1800003052	-1.0	0.0	3
1.0	5807.40673828	11.0	8.0	5989.31982422	16.0	8.0	182.817600854	0.0	0.0535310395062	0.956510424614	-0.286744266748	1.92216790757	23.9348257332	-39.9624481201	5.11033535004	-62.8036003113	0.0216250615975	7.0	10.9200000763	92.2400012016	0.0	21.3400001526	0.997985278486	1.0	3
1.0	2515.39941406	5.0	5.0	3152.78662109	6.0	5.0	98.110399954	0.0	-0.053533334285	-0.95650947094	0.286747038364	1.62785528857	52.7708519495	-27.7501487732	-25.2524986267	-57.3675994873	0.572977583984	7.0	4.78000020981	91.5999979973	2.0	20.8400001526	0.708069022381	1.0	3
1.0	3605.75048828	9.0	3.0	1713.8939209	8.0	2.0	17.220000267	0.0	0.0535697489977	0.956506967545	-0.286748588085	47.2765489265	39.0834365934	0.168602004647	-53.0195999146	-26.1320991516	0.969344937064	1.0	11.2399997711	11.2399997711	0.0	11.2399997711	0.999226561672	1.0	3
1.0	1968.03015137	9.0	8.0	5397.16113281	9.0	6.0	135.95000124	0.0	-0.0536254830658	-0.95650434494	0.286746919155	28.2960470649	8.51106332546	-30.3237991333	-66.9573974609	-9.40497970581	0.232321420086	6.0	8.10000038147	59.1399993896	1.0	15.220000267	0.603561422309	1.0	3
1.0	3817.97924805	10.0	10.0	3011.18701172	12.0	12.0	200.289998889	0.0	0.0535310395062	0.956510424614	-0.286744266748	2.65969829413	23.6819674398	-31.2481498718	-5.61224460602	-67.9432983398	0.649175702902	8.0	10.5799999237	91.4199991226	4.0	20.8400001526	0.993357594226	1.0	3
1.0	1575.31091309	6.0	6.0	3508.23925781	5.0	4.0	91.8904001638	0.0	-0.995689332485	0.0703902989626	0.0603980533779	28.2146787439	2.7090681408	-30.9189491272	-66.7087554932	-10.6956501007	0.0197467283993	5.0	13.4399995804	69.5799999237	4.0	20.8400001526	0.692393846799	1.0	3
1.0	4623.29931641	10.0	9.0	2081.68115234	5.0	5.0	161.612401366	0.0	-0.0535315088928	-0.95650857687	0.28675031662	22.9814622582	3.75348821663	-45.4485473633	-16.8851013184	-54.5971984863	0.308947902685	8.0	8.10000038147	94.8799991608	2.0	16.1800003052	0.993180714526	1.0	3
1.0	1180.25512695	4.0	3.0	2225.70800781	4.0	3.0	37.9199995995	0.0	0.995689868927	-0.0703832805157	-0.0603980831802	2.47244349492	5.41812166614	-34.1765518188	-65.7560501099	-11.9769496918	0.80547530208	4.0	3.55999994278	41.740000248	3.0	20.8400001526	0.859647589028	1.0	3
1.0	5055.90283203	9.0	7.0	3564.7409668	11.0	10.0	212.526001565	0.0	0.995688736439	-0.0703831985593	-0.0604165419936	30.3952312479	2.16232273139	-31.9673500061	-67.3569488525	-9.15300941467	0.243780556093	13.0	9.93999958038	178.539998055	4.0	20.8400001526	0.996497605179	1.0	3
1.0	2020.90197754	2.0	2.0	3686.42529297	1.0	1.0	64.5956003666	1.33166812187	-0.00389155256562	0.423847943544	-0.905725002289	32.0849915409	44.1132144304	-30.6278495789	-35.1129989624	-52.2175521851	0.354854670783	0.0	0.0	0.0	0.0	0.0	-1.0	0.0	3
1.0	3698.09423828	9.0	4.0	2075.74365234	6.0	5.0	61.5556013584	1.33166812187	0.00389155256562	-0.423847943544	0.905725002289	43.139057436	47.8787246906	-30.6278495789	-35.1129989624	-52.2175521851	0.354854670783	1.0	8.57999992371	0.0	1.0	8.57999992371	0.999446592862	1.0	3
1.0	3900.03930664	9.0	4.0	4991.06933594	5.0	3.0	90.8956003189	0.0	0.999263942242	-0.0310347527266	-0.0225471071899	18.5621752949	37.7810862885	-54.0791015625	-9.4024143219	-47.5217514038	0.888099680834	1.0	11.8800001144	10.0799999237	0.0	11.8800001144	0.73903091124	1.0	3
1.0	2911.75366211	7.0	5.0	2779.28515625	7.0	4.0	101.295600176	0.0	0.999262571335	-0.0310831982642	-0.0225434154272	41.0045861134	34.3270396884	-27.3913002014	-11.3582000732	-64.2879486084	0.246189320165	6.0	3.46000003815	56.779999733	1.0	9.61999988556	0.99378001427	1.0	3
1.0	2604.40991211	6.0	6.0	4452.76708984	9.0	8.0	120.179999828	0.0	0.0335511304438	0.986689269543	-0.159118130803	19.3440910063	49.5817072296	-48.9177474976	-20.5511016846	-54.7915496826	0.903927473213	2.0	10.5200004578	24.3800001144	1.0	14.2600002289	0.998914332468	1.0	3
1.0	5333.34619141	11.0	9.0	3659.97802734	13.0	13.0	278.890801311	0.0	-0.999262571335	0.0310831982642	0.0225434154272	3.59689632815	19.7513166953	-27.3913002014	-11.3582000732	-64.2879486084	0.246189320165	15.0	3.46000003815	159.979999065	4.0	20.3799991608	0.999246677982	1.0	3
1.0	1394.30297852	3.0	2.0	3686.42529297	1.0	1.0	62.0600004196	1.33166812187	-0.00389155256562	0.423847943544	-0.905725002289	32.0849915409	44.1132144304	-30.6278495789	-35.1129989624	-52.2175521851	0.354854670783	0.0	0.0	0.0	0.0	0.0	0.0570669315724	1.0	3
1.0	3506.65771484	8.0	7.0	2450.18969727	8.0	7.0	166.086399555	0.0	0.0335511304438	0.986689269543	-0.159118130803	16.4748417772	26.7866835015	-34.3943481445	-18.9359016418	-61.3940505981	0.283980975316	8.0	4.5	78.3400011063	3.0	14.2600002289	0.999672783102	1.0	3
1.0	2564.25585938	3.0	3.0	4942.16015625	5.0	3.0	99.3155995607	0.0	0.0335511304438	0.986689269543	-0.159118130803	2.36522766936	37.2503558467	-48.9177474976	-20.5511016846	-54.7915496826	0.903927473213	1.0	10.5200004578	10.0399999619	0.0	10.5200004578	0.660720988049	1.0	3
1.0	2194.89501953	8.0	7.0	3805.77050781	9.0	8.0	104.120399594	0.0	0.0335512124002	0.986685633659	-0.159140586853	1.79996360136	25.6268350655	-38.1117477417	-64.8408966064	-9.35517978668	0.210973916912	7.0	12.1400003433	100.020000458	1.0	12.1400003433	0.986367924113	1.0	3
1.0	3042.56787109	1.0	1.0	2947.69995117	1.0	1.0	51.0199999809	2.55224604704	0.762548267841	0.176666811109	-0.622341513634	0.0	37.0992614147	-27.7460002899	-32.6010971069	-61.7756500244	0.287856028689	0.0	0.0	0.0	0.0	0.0	-1.0	0.0	3
1.0	3258.62646484	9.0	4.0	4462.22949219	7.0	3.0	42.7167999893	0.0	-0.999440848827	0.0	0.0334359407425	2.24798025416	45.68457081	-22.9182014465	-13.8382997513	-70.5904998779	0.109283098882	4.0	10.8400001526	39.8999996185	1.0	10.8400001526	0.990936386519	1.0	3
1.0	6689.30761719	14.0	10.0	9103.71289062	13.0	9.0	235.480001092	0.0	-0.999440729618	0.0	0.0334395170212	32.415516156	1.72822228729	-43.2915000916	-59.4840011597	-2.12490987778	0.876477432612	11.0	0.959999978542	112.620000839	7.0	25.1200008392	0.999997808611	1.0	3
1.0	10675.6923828	8.0	5.0	9442.19628906	13.0	8.0	247.960000396	0.0	-0.999440729618	0.0	0.0334395170212	32.415516156	1.72822228729	-43.2915000916	-59.4840011597	-2.12490987778	0.876477432612	15.0	0.959999978542	123.280000687	5.0	11.4600000381	0.999999518853	1.0	3
1.0	3415.41088867	10.0	6.0	5999.09423828	12.0	7.0	108.960000038	0.0	0.999440610409	0.0	-0.0334429480135	28.8412269748	27.397358024	-27.5332489014	-68.9128036499	-19.7707004547	0.562448896939	4.0	6.80000019073	29.7199993134	1.0	7.96000003815	0.992653720757	1.0	3
1.0	1127.00048828	3.0	3.0	3672.33837891	7.0	6.0	90.4368008524	0.0	0.999440848827	0.0	-0.0334359407425	1.39784020393	25.567767431	-22.9182014465	-13.8382997513	-70.5904998779	0.0356193652693	7.0	5.42000007629	72.259999752	3.0	14.5799999237	0.996242962629	1.0	3
1.0	5415.62109375	4.0	2.0	5215.12841797	8.0	4.0	122.820001125	0.0	-0.999440073967	0.0	0.0334594249725	21.3002428484	10.845673006	-38.3866004944	-63.6711006165	-8.30871963501	0.292850962759	3.0	0.959999978542	16.9599990845	2.0	0.959999978542	0.827430386026	1.0	3
1.0	2669.75366211	6.0	5.0	3463.5871582	11.0	8.0	96.5248008966	0.0	-0.999440073967	0.0	0.0334594249725	21.3381251882	10.845673006	-38.3866004944	-63.6711006165	-8.30871963501	0.292850962759	5.0	0.959999978542	37.2399997711	3.0	9.89999961853	0.987420201314	1.0	3
1.0	5598.81787109	5.0	2.0	7840.77441406	10.0	5.0	167.599999547	0.0	-0.999440312386	0.0	0.033452257514	23.9899174433	4.00307449462	-45.3733520508	-59.8356018066	-3.748265028	0.411944288551	5.0	0.959999978542	45.5999994278	3.0	9.5	0.987254339835	1.0	3
1.0	1409.44213867	5.0	4.0	2201.49609375	3.0	3.0	54.8600010872	0.0	0.999440848827	0.0	-0.0334359407425	0.0	25.567767431	-22.9182014465	-13.8382997513	-70.5904998779	0.0356193652693	4.0	5.42000007629	36.1599993706	2.0	9.89999961853	0.993558174664	1.0	3
