valid	volumeS1	connectedComponentsS1	connectedComponentsS1Rel	volumeS2	connectedComponentsS2	connectedComponentsS2Rel	corticalSize	distanceMin	direction_x	direction_y	direction_z	distanceToExtremity1	distanceToExtremity2	gravityCenter_x	gravityCenter_y	gravityCenter_z	corticalDotProduct	junctions	junctionDepthMin	junctionsSize	plisDePassage	plisDePassageDepthMax	Potential	Class	cycle
1.0	424.257995605	1.0	1.0	333.381011963	1.0	1.0	25.7199993134	3.03838115203	-0.383340120316	-0.906773149967	-0.175535455346	1.77432686816	2.60656155054	-30.274148941	-11.7779502869	41.9350509644	0.64830415878	0.0	0.0	0.0	0.0	0.0	-1.0	0.0	1
1.0	1079.22924805	3.0	2.0	640.634399414	3.0	1.0	38.6999988556	3.03838115203	-0.383340120316	-0.906773149967	-0.175535455346	15.588413719	19.8514555692	-30.274148941	-11.7779502869	41.9350509644	0.64830415878	0.0	0.0	0.0	0.0	0.0	0.223089899294	1.0	1
1.0	600.552978516	2.0	1.0	333.381011963	1.0	1.0	25.7199993134	3.03838115203	-0.383340120316	-0.906773149967	-0.175535455346	1.77432686816	2.60656155054	-30.274148941	-11.7779502869	41.9350509644	0.64830415878	0.0	0.0	0.0	0.0	0.0	0.076704038528	1.0	1
1.0	525.25201416	2.0	2.0	540.663024902	1.0	1.0	28.7999992371	3.03838115203	-0.383340120316	-0.906773149967	-0.175535455346	21.5940965151	2.60656155054	-30.274148941	-11.7779502869	41.9350509644	0.64830415878	0.0	0.0	0.0	0.0	0.0	0.138181300789	1.0	1
1.0	600.552978516	2.0	1.0	1095.0222168	3.0	2.0	55.8199996948	3.03838115203	-0.383340120316	-0.906773149967	-0.175535455346	1.77432686816	21.48077034	-30.274148941	-11.7779502869	41.9350509644	0.64830415878	0.0	0.0	0.0	0.0	0.0	0.294750202935	1.0	1
1.0	599.68939209	1.0	1.0	650.265991211	2.0	1.0	22.779999733	3.43715000105	-0.699130237103	-0.685278058052	-0.203987494111	9.29952073364	17.9015483209	-33.8381500244	-2.48962497711	45.9719467163	0.0811709174602	0.0	0.0	0.0	0.0	0.0	-1.0	0.0	1
1.0	3488.67333984	5.0	2.0	864.670410156	2.0	1.0	46.1400003433	1.34924050796	-0.0096686212346	-0.0461978428066	0.998885512352	26.0541074232	8.00150205467	-16.5904998779	-5.08946990967	35.065700531	0.622410505886	0.0	0.0	0.0	0.0	0.0	0.975184618333	1.0	1
1.0	1111.23791504	4.0	1.0	839.281982422	4.0	3.0	45.3599991798	0.0	0.105044879019	0.992555379868	0.0616392381489	13.093241166	26.4259169056	-40.2901496887	-8.636095047	40.9654998779	0.675152413758	1.0	9.03999996185	9.88000011444	0.0	9.03999996185	0.324064151041	1.0	1
1.0	6012.84521484	7.0	7.0	5239.17773438	8.0	7.0	149.900000095	0.0	-0.995595097542	0.0935956016183	-0.00550628919154	31.1610383058	2.71363306038	-30.6893997192	6.97021961212	40.2005004883	0.432546780986	14.0	7.15999984741	134.67999959	2.0	17.2399997711	0.999881002012	1.0	1
1.0	599.68939209	1.0	1.0	798.649047852	3.0	2.0	35.4799995422	0.0	-0.995595097542	0.0935956016183	-0.00550628919154	3.4201887254	2.71363306038	-30.6893997192	6.97021961212	40.2005004883	0.432546780986	1.0	9.06000041962	10.6400003433	1.0	9.06000041962	0.220442347979	1.0	1
1.0	2574.38720703	4.0	4.0	1319.59692383	3.0	3.0	58.960000515	0.0	0.995600402355	-0.0935385897756	0.00550813041627	2.06073534037	27.7435749993	-23.210100174	-22.9927501678	25.693901062	0.241580725783	3.0	9.06000041962	36.8800001144	2.0	17.2399997711	0.966541585538	1.0	1
1.0	229.356002808	1.0	1.0	796.410400391	2.0	2.0	40.6199998856	3.32740138251	-0.73658400774	-0.642216682434	-0.212136164308	2.10287373285	13.7891404324	-36.9710006714	-22.342300415	39.2563476562	0.207809887766	0.0	0.0	0.0	0.0	0.0	0.684300822628	1.0	1
1.0	2394.18286133	3.0	3.0	2376.30908203	6.0	5.0	71.4999995232	0.0	0.995600402355	-0.0935385897756	0.00550813041627	2.06073534037	3.75973432078	-23.210100174	-22.9927501678	25.693901062	0.241580725783	4.0	9.03999996185	46.7600002289	2.0	17.2399997711	0.923893896732	1.0	1
1.0	1001.79498291	1.0	1.0	986.381958008	2.0	2.0	36.9200000763	2.57757248015	-0.834461450577	0.118996717036	0.538064956665	13.4277457262	30.1418269436	-27.0039997101	1.28584444523	41.8619995117	0.211522819406	0.0	0.0	0.0	0.0	0.0	-1.0	0.0	1
1.0	4904.81005859	4.0	3.0	5167.52490234	5.0	3.0	63.6419992447	0.0	-0.999346375465	0.034637324512	0.0103471241891	31.2313113268	11.2206850599	-23.7376995087	-0.514335513115	38.4990997314	0.684241418721	4.0	3.5	29.1000005007	5.0	17.3600006104	0.997894862535	1.0	1
1.0	1216.49243164	4.0	2.0	1380.16699219	3.0	2.0	56.3600001335	0.0	0.999346137047	-0.0346438027918	-0.0103471213952	20.7106173799	11.5212435423	-25.6753005981	9.05032920837	35.0643005371	0.937926664528	1.0	12.9200000763	12.220000267	1.0	12.9200000763	0.392949106229	1.0	1
1.0	3380.87524414	7.0	6.0	3895.03686523	5.0	4.0	123.601999283	0.0	0.999347388744	-0.0346350260079	-0.0102577246726	43.2541369167	13.4713188632	-42.7926483154	-0.643242001534	40.6429519653	0.742554172663	8.0	6.26000022888	34.8000001907	7.0	17.3600006104	0.987420195234	1.0	1
1.0	2286.78881836	3.0	3.0	2089.92578125	4.0	3.0	67.8799995184	0.0	-0.999345362186	0.0346942357719	0.0102560203522	1.12123458327	32.0317403174	-30.1833496094	-19.6110496521	23.8041496277	0.465577478527	1.0	16.0200004578	12.5200004578	1.0	16.0200004578	0.843351033028	1.0	1
1.0	2626.16674805	4.0	4.0	2343.83398438	5.0	3.0	91.6000001431	0.0	0.999346375465	-0.034637324512	-0.0103471241891	22.589590038	3.56768494958	-23.7376995087	-0.514335513115	38.4990997314	0.684241418721	6.0	3.5	52.7200003862	4.0	12.9200000763	0.974530019396	1.0	1
1.0	1155.81506348	2.0	2.0	832.361938477	2.0	2.0	61.8999996185	0.0	0.999347388744	-0.0346350260079	-0.0102577246726	15.5839222548	20.7288319666	-42.7926483154	-0.643242001534	40.6429519653	0.104713665529	2.0	6.57999992371	12.8400001526	2.0	8.35999965668	0.457689807403	1.0	1
1.0	1384.98999023	1.0	1.0	1125.93896484	2.0	1.0	8.30000019073	0.0	-0.999346494675	0.0346344560385	0.0103471251205	4.35181282079	12.7044254383	-25.7042999268	8.75211524963	33.3058013916	0.113009608609	1.0	13.4799995422	13.9399995804	0.0	13.4799995422	0.989251034926	1.0	1
1.0	2542.24682617	2.0	2.0	2042.22094727	3.0	2.0	54.0599997044	2.57757248015	-0.834461450577	0.118996717036	0.538064956665	13.4277457262	3.73935266846	-27.0039997101	1.28584444523	41.8619995117	0.211522819406	0.0	0.0	0.0	0.0	0.0	0.751148668085	1.0	1
1.0	819.313964844	2.0	1.0	271.226013184	2.0	1.0	9.35999965668	3.37853522055	-0.519882082939	-0.840250551701	0.153953254223	12.5155559157	3.06730881348	-42.4208984375	9.19477462769	42.5549507141	0.411904246506	0.0	0.0	0.0	0.0	0.0	0.970229370375	1.0	1
1.0	397.944000244	1.0	1.0	973.624816895	2.0	1.0	30.9800000191	3.52168991835	-0.854694664478	-0.259361922741	0.449698120356	10.6975972217	2.09659512804	-33.2873001099	3.946185112	44.0864486694	0.530905318855	0.0	0.0	0.0	0.0	0.0	-1.0	0.0	1
1.0	3293.64379883	4.0	2.0	2891.6394043	5.0	3.0	35.5399997234	0.0	-0.0461861081421	-0.993751108646	0.101615056396	0.0	30.3115987355	-32.1310997009	-15.0881004333	18.7267990112	0.937568178395	1.0	11.3800001144	2.77999997139	2.0	11.3800001144	0.987153737224	1.0	1
1.0	1753.03430176	5.0	1.0	973.624816895	2.0	1.0	30.9800000191	3.52168991835	-0.854694664478	-0.259361922741	0.449698120356	10.6975972217	2.09659512804	-33.2873001099	3.946185112	44.0864486694	0.530905318855	0.0	0.0	0.0	0.0	0.0	0.172287802556	1.0	1
1.0	3823.97412109	8.0	6.0	3433.29345703	5.0	5.0	146.46239996	0.0	-0.998025894165	0.0331819616258	-0.0533219575882	29.6971840326	11.8794328436	-49.4742507935	14.2513008118	37.8727493286	0.00431953599514	15.0	6.69999980927	104.999999881	9.0	16.2399997711	0.996546425041	1.0	1
1.0	104.772003174	1.0	0.0	1538.09643555	4.0	0.0	0.0	10.0	0.0	0.0	0.0	0.0	0.0	0.0	0.0	0.0	2.0	0.0	0.0	0.0	0.0	0.0	0.432768960305	1.0	1
1.0	1628.05493164	2.0	1.0	1198.00036621	4.0	2.0	11.6400001049	2.31667435688	-0.628190040588	-0.590012550354	-0.507210493088	0.0	23.083268664	-33.7933502197	-16.1658000946	17.313999176	0.416817016355	0.0	0.0	0.0	0.0	0.0	0.595113049457	1.0	1
1.0	462.625488281	2.0	2.0	1184.93786621	3.0	2.0	49.4600000381	0.0	-0.998025894165	0.0331819616258	-0.0533219575882	2.09660890258	1.77278911221	-49.4742507935	14.2513008118	37.8727493286	0.00431953599514	1.0	9.11999988556	11.1999998093	0.0	9.11999988556	0.0210903741831	1.0	1
1.0	2550.30371094	5.0	4.0	1393.94104004	5.0	4.0	146.100000143	0.0	-0.0461925491691	-0.993749976158	0.101622857153	31.3615867791	11.5084241356	-28.9444999695	5.85212993622	38.3338012695	0.88481909332	2.0	8.88000011444	19.8599996567	1.0	8.88000011444	0.974129098847	1.0	1
1.0	248.198791504	1.0	1.0	1217.34619141	2.0	1.0	10.6800003052	0.0	-0.994934976101	0.0	0.100520513952	3.87478862952	13.8194922855	-18.776550293	-6.24142980576	40.0302505493	0.0306809705986	1.0	4.38000011444	5.46000003815	1.0	4.38000011444	-1.0	0.0	1
1.0	4891.91845703	4.0	4.0	4269.77246094	6.0	4.0	70.5999996662	0.0	0.0061024078168	-0.998391091824	0.0563740879297	1.50102148228	36.111964664	-37.5513000488	-28.8083992004	28.1049499512	0.169711683939	8.0	6.65999984741	104.199997663	1.0	6.65999984741	0.968178017093	1.0	1
1.0	2745.94555664	8.0	3.0	4278.19091797	5.0	2.0	70.7599992752	0.0	-0.994934976101	0.0	0.100520513952	25.696346175	10.6271240587	-18.776550293	-6.24142980576	40.0302505493	0.0306809705986	3.0	4.38000011444	29.7000010014	1.0	4.38000011444	0.972510088874	1.0	1
1.0	5968.95166016	8.0	4.0	4176.39306641	6.0	4.0	81.3199999332	0.0	-0.994935870171	0.0	0.100511498749	0.0	27.4799377723	-56.89220047	-2.25759005547	42.142250061	0.997832752875	8.0	9.47999954224	64.49559962	4.0	13.3999996185	0.999969257765	1.0	1
1.0	2362.85791016	4.0	3.0	1856.10192871	2.0	1.0	109.359999657	0.0	0.00619683321565	-0.998390197754	0.0563795492053	4.29344063845	33.0502026431	-34.4555511475	15.3499498367	35.8477478027	0.949759962193	4.0	4.38000011444	35.0391993523	3.0	9.47999954224	0.725791130751	1.0	1
1.0	2404.21777344	3.0	2.0	945.930847168	5.0	3.0	64.1799995899	0.0	0.994935870171	0.0	-0.100511498749	26.3433719479	4.92480176717	-25.0468997955	4.13091993332	44.604549408	0.593101562212	3.0	4.38000011444	19.579199791	2.0	5.13999986649	0.99114795485	1.0	1
1.0	539.968078613	2.0	2.0	968.504516602	3.0	1.0	29.8000001907	0.0	0.00610112585127	-0.9983907938	0.0563795827329	17.9046418385	2.53502791211	-23.5943984985	-12.762049675	42.4004516602	0.458029825083	2.0	11.2399997711	21.5600004196	2.0	11.4200000763	0.360143266542	1.0	1
1.0	3424.91333008	4.0	3.0	1185.94055176	6.0	5.0	156.799999475	0.0	0.994935154915	0.0	-0.100518658757	1.50102148228	38.1848781995	-36.9966506958	-28.3010005951	28.0199508667	0.347573413283	7.0	4.38000011444	75.8391990662	5.0	13.3999996185	0.996233053433	1.0	1
1.0	472.84979248	1.0	1.0	992.69519043	2.0	1.0	9.72000026703	0.0	0.00610112585127	-0.9983907938	0.0563795827329	15.2687888066	2.53502791211	-23.5943984985	-12.762049675	42.4004516602	0.458029825083	0.0	0.0	0.0	1.0	10.6000003815	0.00571293814401	1.0	1
1.0	158.768005371	1.0	1.0	725.423950195	1.0	1.0	12.7600002289	0.0	-0.0060990662314	0.998390853405	-0.0563778914511	1.81847822184	0.0	-32.9792022705	9.41170501709	39.0599517822	0.999661246531	1.0	12.1000003815	13.3800001144	0.0	12.1000003815	0.971243023374	1.0	1
1.0	381.608001709	1.0	1.0	474.700012207	2.0	1.0	32.3000001907	1.57861018512	-0.998986721039	0.0365903303027	-0.0262046474963	4.00110697251	5.36873220334	-28.7084999084	-6.31937980652	40.7743492126	0.373652062963	0.0	0.0	0.0	0.0	0.0	-1.0	0.0	1
1.0	2769.30224609	2.0	2.0	4141.83105469	6.0	5.0	118.28000021	0.0	-0.0429120846093	-0.985953330994	0.161414414644	9.52786634468	26.4216095702	-33.8174972534	-23.2754993439	18.7527503967	0.253563762689	6.0	9.52000045776	59.9999995232	1.0	15.779999733	0.991537841025	1.0	1
1.0	179.257995605	1.0	0.0	123.926002502	1.0	0.0	0.0	10.0	0.0	0.0	0.0	0.0	0.0	0.0	0.0	0.0	2.0	0.0	0.0	0.0	0.0	0.0	0.432768960305	1.0	1
1.0	1393.29748535	3.0	3.0	2186.59204102	5.0	3.0	30.240000248	0.0	-0.0429124645889	-0.985950827599	0.161429360509	37.1246539162	32.5466527078	-33.7658996582	-22.0899505615	18.5586509705	0.394514354336	1.0	14.3400001526	14.3999996185	0.0	14.3400001526	0.981457254226	1.0	1
1.0	381.608001709	1.0	0.0	218.819000244	1.0	0.0	0.0	10.0	0.0	0.0	0.0	0.0	0.0	0.0	0.0	0.0	2.0	0.0	0.0	0.0	0.0	0.0	0.432768960305	1.0	1
1.0	1966.53771973	5.0	3.0	2199.77587891	3.0	3.0	55.0200009346	0.0	-0.998990416527	0.0365178883076	-0.0261649023741	20.0369571722	2.16798238633	-39.4709472656	-10.8583498001	40.0033988953	0.403758287371	3.0	6.48000001907	26.3999991417	1.0	6.48000001907	0.981697434719	1.0	1
1.0	795.256958008	3.0	2.0	365.769989014	2.0	2.0	28.6999998093	0.0	-0.0429124645889	-0.985950827599	0.161429360509	0.0	3.46753088965	-33.7658996582	-22.0899505615	18.5586509705	0.394514354336	1.0	14.3400001526	14.3999996185	1.0	10.9799995422	0.676400893495	1.0	1
1.0	202.350006104	1.0	1.0	653.958007812	3.0	2.0	46.7600002289	0.0	-0.998987734318	0.0365903154016	-0.0261648334563	1.20240048537	0.0	-21.3001499176	3.36155509949	34.1288986206	0.026205978736	0.0	0.0	0.0	1.0	10.9799995422	0.352641766044	1.0	1
1.0	1764.18774414	5.0	4.0	2183.30712891	4.0	3.0	112.580000877	0.0	-0.0429120846093	-0.985953330994	0.161414414644	5.27977341928	26.4216095702	-33.8174972534	-23.2754993439	18.7527503967	0.253563762689	3.0	6.48000001907	26.3999991417	2.0	10.9799995422	0.969609456499	1.0	1
1.0	236.067993164	1.0	1.0	577.224914551	3.0	1.0	10.3400001526	4.80741098021	-0.565189182758	-0.82495623827	0.00289908517152	2.63811377255	0.992472606371	-29.0901985168	-2.46833491325	41.2999992371	0.855916783858	0.0	0.0	0.0	0.0	0.0	-1.0	0.0	1
1.0	4015.01074219	5.0	2.0	2596.3840332	5.0	4.0	55.3400011063	0.0	-0.00382825173438	-0.980682015419	0.195571392775	16.5798097115	17.7725706378	-31.924200058	-21.3640499115	18.8101501465	0.116428629219	11.0	3.48000001907	75.6599988937	6.0	14.5799999237	0.999599843552	1.0	1
1.0	2705.37939453	6.0	5.0	1894.10876465	6.0	5.0	124.100000381	0.0	-0.999825954437	0.0	-0.0186548046768	12.8277728639	37.6437041535	-31.5480995178	-24.4074001312	27.578250885	0.404324217777	4.0	7.51999998093	35.6999998093	1.0	14.4399995804	0.881905305626	1.0	1
1.0	3039.05322266	9.0	4.0	2289.85058594	4.0	4.0	88.2800002098	0.0	-0.00382825173438	-0.980682015419	0.195571392775	21.5737824134	17.7725706378	-31.924200058	-21.3640499115	18.8101501465	0.116428629219	13.0	3.48000001907	81.3000004292	5.0	14.4399995804	0.992875466498	1.0	1
1.0	367.05847168	3.0	2.0	494.065979004	2.0	2.0	14.4800000191	3.90732651182	-0.997473359108	0.0637508034706	-0.0313480682671	8.88461021442	18.370736862	-40.7475509644	-23.3293495178	24.861700058	0.174633978264	0.0	0.0	0.0	0.0	0.0	0.249503238642	1.0	1
1.0	174.705001831	1.0	1.0	555.428955078	2.0	2.0	28.8800010681	3.96442929061	-0.470901191235	-0.505206763744	-0.72319996357	1.88210010588	13.3598355312	-52.3199996948	-12.4599151611	32.3771514893	0.88494803748	0.0	0.0	0.0	0.0	0.0	0.438372610888	1.0	1
1.0	655.526000977	1.0	1.0	481.887023926	2.0	1.0	13.3199996948	3.77287689531	-0.891822040081	-0.373602539301	0.25509724021	16.2958804358	3.96295894486	-38.3047485352	-6.01087522507	38.3284988403	0.635999993044	0.0	0.0	0.0	0.0	0.0	-1.0	0.0	1
1.0	1881.63916016	4.0	1.0	1444.60302734	4.0	1.0	19.6800003052	0.0	0.0265243332833	0.970083475113	-0.241318270564	3.83558822023	22.9808297543	-55.0423965454	-3.02015995979	43.1493492126	0.762337590579	1.0	8.31999969482	9.19999980927	1.0	8.31999969482	0.791136823233	1.0	1
1.0	1072.67700195	1.0	1.0	481.887023926	2.0	1.0	13.3199996948	3.77287689531	-0.891822040081	-0.373602539301	0.25509724021	16.2958804358	3.96295894486	-38.3047485352	-6.01087522507	38.3284988403	0.635999993044	0.0	0.0	0.0	0.0	0.0	0.118098801166	1.0	1
1.0	417.151000977	1.0	0.0	1078.01794434	4.0	0.0	0.0	10.0	0.0	0.0	0.0	0.0	0.0	0.0	0.0	0.0	2.0	0.0	0.0	0.0	0.0	0.0	0.432768960305	1.0	1
1.0	2058.95898438	3.0	3.0	140.205993652	1.0	1.0	38.0000004768	0.0	-0.993508279324	0.0	-0.113759703934	20.6966521876	3.90667317067	-31.1294498444	6.74213981628	34.0651016235	0.523551784358	1.0	8.60000038147	7.84000015259	0.0	8.60000038147	0.964761814686	1.0	1
1.0	1172.51098633	1.0	1.0	1559.90490723	4.0	2.0	39.039999485	2.43203210092	-0.961155474186	0.233078047633	0.147833809257	0.0	10.6559815925	-41.4232025146	12.2073001862	36.1914978027	0.106529658521	0.0	0.0	0.0	0.0	0.0	0.294258868648	1.0	1
1.0	360.063995361	1.0	1.0	783.244995117	2.0	1.0	20.7399997711	3.28834304733	-0.738746106625	0.246593385935	0.627252697945	4.54289473383	1.45282857798	-23.7113990784	4.57771015167	45.8190994263	0.0838995000424	0.0	0.0	0.0	0.0	0.0	-1.0	0.0	1
1.0	1374.22021484	7.0	3.0	860.338562012	4.0	2.0	56.1000008583	2.13384157723	0.357433289289	-0.912472426891	0.19908683002	28.2389802446	2.65946057046	-18.2633514404	-2.85782051086	43.9253501892	0.401669201202	0.0	0.0	0.0	0.0	0.0	0.983655898244	1.0	1
1.0	2852.0078125	14.0	8.0	3332.29223633	6.0	5.0	72.0599992275	0.0	-0.982105791569	0.129131019115	0.137089163065	15.9173704867	34.3956173853	-29.0864982605	-19.3163986206	27.581199646	0.185789853953	7.0	7.71999979019	51.9520006329	2.0	19.4799995422	0.8420773519	1.0	1
1.0	3433.87133789	8.0	5.0	3897.26342773	7.0	4.0	115.739999771	0.0	-0.0849858522415	-0.953450262547	0.289326906204	11.6521177945	15.5328657133	-43.4519004822	19.2617988586	40.4966506958	0.966960788643	10.0	7.71999979019	63.1527992897	0.0	32.4399986267	0.986973021333	1.0	1
1.0	670.492553711	4.0	3.0	964.765014648	3.0	2.0	38.4399998188	3.24175875483	-0.964227437973	-0.154430523515	0.215445205569	22.3508449176	18.5422431544	-22.4621009827	-9.92125034332	42.1022491455	0.0655193925305	0.0	0.0	0.0	0.0	0.0	0.432318011018	1.0	1
1.0	2085.09960938	6.0	2.0	372.795593262	3.0	3.0	63.2799999714	2.13384157723	0.357433289289	-0.912472426891	0.19908683002	25.7302377515	2.65946057046	-18.2633514404	-2.85782051086	43.9253501892	0.401669201202	0.0	0.0	0.0	0.0	0.0	0.987120058268	1.0	1
1.0	1667.34191895	5.0	2.0	99.6396026611	1.0	1.0	16.8000006676	0.0	-0.9821190238	0.129149213433	0.13697694242	1.02131337217	2.46585496849	-50.0713500977	-2.43825483322	46.3797531128	0.470996271214	1.0	8.89999961853	9.10000038147	0.0	8.89999961853	0.0228473092606	1.0	1
1.0	741.143615723	4.0	4.0	1064.40454102	3.0	2.0	57.1799995899	3.031649691	0.422189414501	-0.893771588802	-0.151421681046	13.6741538598	14.9615175643	-41.2473526001	2.62776017189	46.4238510132	0.385580453199	0.0	0.0	0.0	0.0	0.0	0.370046093429	1.0	1
1.0	879.041992188	1.0	1.0	571.881225586	1.0	1.0	0.0	4.26124386891	-0.323754876852	-0.933781087399	0.15243254602	13.2251299304	1.95218788407	-27.4212989807	-1.69641518593	41.3195495605	0.754404809267	0.0	0.0	0.0	0.0	0.0	-1.0	0.0	1
1.0	2229.0715332	5.0	2.0	3655.97680664	9.0	3.0	22.4799995422	0.0	0.0412721149623	0.994553029537	-0.0957126244903	0.911062336069	25.7174947894	-41.5800018311	-8.37965011597	43.3591995239	0.77050194706	2.0	4.48000001907	17.7800006866	1.0	4.48000001907	0.972943503179	1.0	1
1.0	1304.40405273	2.0	1.0	811.733215332	4.0	1.0	0.0	4.26124386891	-0.323754876852	-0.933781087399	0.15243254602	13.2251299304	1.95218788407	-27.4212989807	-1.69641518593	41.3195495605	0.754404809267	0.0	0.0	0.0	0.0	0.0	0.0883915110047	1.0	1
1.0	5413.64599609	4.0	3.0	5214.54394531	5.0	4.0	97.6600000858	0.0	0.998190522194	-0.028719285503	0.0528283789754	25.1295212392	12.0035932343	-37.3538970947	11.2271499634	44.4306488037	0.125542337996	10.0	3.6400001049	102.480000496	7.0	14.1000003815	0.996849474775	1.0	1
1.0	1110.91601562	2.0	2.0	981.642211914	3.0	1.0	32.1399993896	2.37262305725	-0.71775585413	-0.50260668993	-0.481884896755	31.2777063076	9.48255459524	-43.4557495117	4.93411493301	48.9270515442	0.985280411471	0.0	0.0	0.0	0.0	0.0	0.192536802235	1.0	1
1.0	1181.20788574	2.0	2.0	715.672241211	2.0	1.0	2.27999997139	4.02135560328	-0.00111908314284	-0.736908555031	0.675991535187	6.51968553161	0.0	-51.2770500183	16.9019508362	41.0833969116	0.513762472111	0.0	0.0	0.0	0.0	0.0	0.0883915110047	1.0	1
1.0	259.625	1.0	0.0	284.214996338	1.0	0.0	0.0	10.0	0.0	0.0	0.0	0.0	0.0	0.0	0.0	0.0	2.0	0.0	0.0	0.0	0.0	0.0	0.432768960305	1.0	1
1.0	542.936279297	1.0	1.0	788.295410156	2.0	1.0	5.36000013351	3.50409758353	-0.897579014301	0.368239402771	0.242387294769	2.62677447378	1.96992028005	-26.2396507263	-4.63047027588	44.0018997192	0.146016103016	0.0	0.0	0.0	0.0	0.0	-1.0	0.0	1
1.0	4264.5546875	9.0	6.0	1600.1887207	6.0	4.0	38.6799998283	0.0	0.0289058126509	-0.963135004044	0.267460972071	21.3532319418	9.88583013713	-31.1342506409	10.9656000137	35.9589500427	0.857673706203	5.0	6.34000015259	32.4395999908	4.0	12.4399995804	0.998305317049	1.0	1
1.0	5652.73291016	5.0	4.0	2720.01904297	6.0	4.0	59.2199997902	0.0	0.0289058424532	-0.963136017323	0.267457395792	23.1509284146	15.4354877607	-37.0791473389	10.8923997879	40.2787475586	0.90836053806	6.0	8.61999988556	54.4396004677	4.0	16.0599994659	0.99944023477	1.0	1
1.0	4747.19335938	7.0	4.0	1815.17370605	7.0	3.0	50.7199993134	0.0	-0.999506115913	-0.0310141481459	-0.00506353424862	29.5266928351	16.562686911	-21.4588012695	2.36787986755	31.1745986938	0.512252602319	5.0	6.34000015259	39.240000248	7.0	13.4200000763	0.997965729433	1.0	1
1.0	726.533081055	3.0	2.0	1084.85876465	4.0	3.0	36.2199995518	0.0	-0.999506294727	-0.0310245361179	-0.00496500777081	17.3891560207	11.4200468588	-24.471698761	3.3361749649	35.245552063	0.972939158399	1.0	7.63999986649	8.80000019073	1.0	7.63999986649	0.805476685294	1.0	1
1.0	915.820983887	1.0	1.0	1087.44116211	5.0	2.0	18.6600003242	0.0	0.0289058834314	-0.963106870651	0.267562240362	1.71905739785	9.04615750664	-17.7522506714	-6.19239521027	35.0596008301	0.19703098517	1.0	3.94000005722	4.67999982834	0.0	3.94000005722	0.335032522849	1.0	1
1.0	2568.86425781	6.0	2.0	303.882019043	2.0	2.0	12.259999752	0.0	-0.999506115913	-0.0310143288225	-0.00506545649841	16.8695170774	13.261429701	-52.9029998779	-4.68463993073	42.9232025146	0.35423172483	1.0	12.3599996567	11.9200000763	1.0	12.3599996567	0.973424070427	1.0	1
1.0	2036.52075195	5.0	1.0	510.93939209	3.0	1.0	2.38000011444	3.84563393673	0.0288527663797	-0.96311879158	0.267525136471	9.93928393787	1.99296990195	-54.7562484741	7.49236822128	40.9806976318	0.204366272415	0.0	0.0	0.0	0.0	0.0	0.761491878549	1.0	1
1.0	658.262023926	1.0	1.0	540.275817871	1.0	1.0	36.7200011611	2.8929033528	-0.642058193684	0.71591848135	0.274266302586	2.9949046735	13.6150505834	-36.580947876	-1.33250498772	47.8846511841	0.264684316742	0.0	0.0	0.0	0.0	0.0	-1.0	0.0	1
1.0	1694.48730469	6.0	3.0	2359.71728516	5.0	5.0	65.0600004196	3.19828080249	0.991716682911	0.115618959069	0.0559486113489	13.5212686568	24.8733362743	-40.9718475342	-6.37836503983	43.7213516235	0.51578702341	3.0	27.4400005341	27.6600003242	3.0	29.5200004578	0.550083084075	1.0	1
1.0	778.265991211	2.0	1.0	540.275817871	1.0	1.0	36.7200011611	2.8929033528	-0.642058193684	0.71591848135	0.274266302586	2.9949046735	13.6150505834	-36.580947876	-1.33250498772	47.8846511841	0.264684316742	0.0	0.0	0.0	0.0	0.0	0.0730650629509	1.0	1
1.0	882.390136719	3.0	3.0	316.147705078	2.0	2.0	80.0600013137	0.0	-0.0130398273468	0.976930439472	-0.213159248233	19.2941958992	0.0	-46.0530509949	1.01189208031	43.2868003845	0.620118781442	4.0	7.23999977112	31.3600006104	0.0	10.8999996185	0.308059338028	1.0	1
1.0	966.353027344	2.0	1.0	540.275817871	1.0	1.0	36.7200011611	2.8929033528	-0.642058193684	0.71591848135	0.274266302586	2.9949046735	13.6150505834	-36.580947876	-1.33250498772	47.8846511841	0.264684316742	0.0	0.0	0.0	0.0	0.0	0.0402357153304	1.0	1
1.0	354.007995605	1.0	1.0	163.343002319	1.0	1.0	23.7999992371	3.09452255313	-0.46668574214	-0.884222745895	-0.0188284218311	1.89273234739	4.57654818165	-29.695098877	-8.24172496796	43.9180526733	0.457235476286	0.0	0.0	0.0	0.0	0.0	-1.0	0.0	1
1.0	1714.8614502	6.0	2.0	1215.45507812	3.0	2.0	53.080000639	0.0	-0.994902431965	0.0	0.100842297077	1.52549413903	21.2442269212	-61.9424972534	-1.63944995403	37.8309516907	0.829913569889	1.0	6.44000005722	6.13999986649	2.0	16.5200004578	0.649940279237	1.0	1
1.0	46.0848007202	1.0	0.0	215.763397217	2.0	0.0	0.0	10.0	0.0	0.0	0.0	0.0	0.0	0.0	0.0	0.0	2.0	0.0	0.0	0.0	0.0	0.0	0.432768960305	1.0	1
1.0	1321.40893555	4.0	2.0	52.4203987122	1.0	1.0	13.0000004768	3.24735269566	0.113832496107	-0.98868894577	0.097654633224	12.959188392	4.19079915596	-17.7439002991	-5.80987358093	33.8109016418	0.956770376616	0.0	0.0	0.0	0.0	0.0	0.676513394437	1.0	1
1.0	466.096984863	1.0	1.0	595.752990723	1.0	1.0	40.1599998474	3.41010269525	-0.618610918522	-0.756120383739	-0.21354739368	3.96391944089	16.1539864265	-32.4954490662	-9.17391490936	41.5000495911	0.753950467622	0.0	0.0	0.0	0.0	0.0	-1.0	0.0	1
1.0	3482.359375	6.0	5.0	3722.01660156	3.0	3.0	85.7800006866	0.0	0.0472558401525	-0.972084701061	0.22982211411	2.34558333756	24.9578116716	-57.6079483032	11.7322998047	31.8270492554	0.794762058964	11.0	7.42000007629	104.779999256	6.0	17.7999992371	0.999878891815	1.0	1
1.0	1962.87402344	4.0	1.0	1108.2109375	1.0	1.0	0.0	10.0	0.0	0.0	0.0	0.0	0.0	0.0	0.0	0.0	2.0	3.0	12.3400001526	27.1799998283	3.0	17.7999992371	0.119398217299	1.0	1
1.0	3171.04931641	6.0	4.0	2617.6862793	2.0	2.0	32.8399991989	0.0	-0.0472576729953	0.972082495689	-0.229831025004	12.9394829087	1.90680343593	-51.8336486816	4.7424697876	36.506652832	0.712475851153	9.0	7.42000007629	66.9199995995	3.0	17.6200008392	0.99744412951	1.0	1
1.0	744.683959961	2.0	1.0	466.096984863	1.0	1.0	40.1599998474	3.41010269525	0.618610918522	0.756120383739	0.21354739368	21.7820100508	3.96391944089	-32.4954490662	-9.17391490936	41.5000495911	0.753950467622	0.0	0.0	0.0	0.0	0.0	0.0114253031408	1.0	1
1.0	735.490966797	2.0	2.0	246.315002441	2.0	2.0	82.5000009537	0.0	-0.0472533926368	0.972082316875	-0.229832753539	0.992476628665	5.078287397	-51.6459503174	0.88338547945	37.4188499451	0.89041184302	1.0	8.30000019073	7.61999988556	1.0	8.30000019073	0.966338645264	1.0	1
1.0	962.952026367	3.0	3.0	866.100952148	2.0	2.0	70.0599999428	0.0	0.0472534149885	-0.972083210945	0.229829028249	20.3175689744	13.0681773602	-34.0126495361	10.4486150742	36.0740509033	0.928305679467	1.0	10.8800001144	9.30000019073	1.0	10.8800001144	0.536945281354	1.0	1
1.0	1186.48205566	3.0	1.0	1080.64001465	2.0	2.0	4.59999990463	3.01974000986	-0.677333950996	-0.718592464924	-0.157618686557	28.0701167804	20.5425248295	-24.3869514465	-9.96093463898	17.8937492371	0.60807897053	0.0	0.0	0.0	0.0	0.0	0.70631184546	1.0	1
1.0	1511.88696289	3.0	2.0	434.321014404	1.0	1.0	48.8999991417	3.01974000986	-0.677333950996	-0.718592464924	-0.157618686557	22.689060735	8.09708167533	-24.3869514465	-9.96093463898	17.8937492371	0.60807897053	0.0	0.0	0.0	0.0	0.0	0.982898090131	1.0	1
1.0	609.901000977	1.0	1.0	641.479675293	2.0	1.0	15.8000001907	3.34535492501	-0.734234511852	-0.662447988987	-0.148533925414	2.04076552849	10.1719369201	-31.454750061	-13.213145256	40.2217483521	0.566078024294	0.0	0.0	0.0	0.0	0.0	-1.0	0.0	1
1.0	4166.27099609	3.0	2.0	4089.73999023	5.0	3.0	63.3800001144	0.0	-0.993542850018	-0.113423846662	-0.00275461771525	0.0	29.9278993902	-36.5552978516	-22.8176498413	24.5384502411	0.297281479558	2.0	13.4200000763	25.0199995041	2.0	18.3400001526	0.978667548347	1.0	1
1.0	3296.81689453	2.0	1.0	1709.09411621	5.0	1.0	19.2800006866	3.13286927284	-0.669247567654	-0.221430972219	0.709278523922	22.6946558098	1.70184975099	-29.6730995178	1.01123785973	39.2429504395	0.78050552564	0.0	0.0	0.0	0.0	0.0	0.868171301405	1.0	1
1.0	4017.37011719	4.0	3.0	2282.96777344	4.0	3.0	59.720000267	2.43930935341	-0.593254387379	0.175657212734	0.78561681509	27.3658186799	1.13476676985	-26.7049999237	-19.8829994202	30.4211997986	0.197158612382	1.0	18.3400001526	12.279999733	1.0	18.3400001526	0.968914019612	1.0	1
1.0	698.617980957	2.0	1.0	2020.77172852	3.0	1.0	15.8000001907	3.34535492501	-0.734234511852	-0.662447988987	-0.148533925414	2.04076552849	20.198208834	-31.454750061	-13.213145256	40.2217483521	0.566078024294	0.0	0.0	0.0	0.0	0.0	0.202214119604	1.0	1
1.0	705.446899414	2.0	2.0	641.479675293	2.0	2.0	43.2400007248	2.83422127068	-0.620133221149	-0.742758095264	-0.252478033304	24.1316099295	12.3923288023	-46.3684005737	3.24833059311	42.9442520142	0.74704830896	0.0	0.0	0.0	0.0	0.0	0.206782722792	1.0	1
1.0	1208.37097168	2.0	2.0	641.479675293	2.0	1.0	32.279999733	2.43930935341	-0.593254387379	0.175657212734	0.78561681509	11.8451827701	1.13476676985	-26.7049999237	-19.8829994202	30.4211997986	0.197158612382	0.0	0.0	0.0	0.0	0.0	0.132726767502	1.0	1
1.0	475.997009277	1.0	0.0	1162.13903809	2.0	0.0	0.0	10.0	0.0	0.0	0.0	0.0	0.0	0.0	0.0	0.0	2.0	0.0	0.0	0.0	0.0	0.0	0.432768960305	0.0	1
1.0	1192.50878906	4.0	0.0	1048.21289062	4.0	0.0	0.0	10.0	0.0	0.0	0.0	0.0	0.0	0.0	0.0	0.0	2.0	0.0	0.0	0.0	0.0	0.0	0.432768960305	1.0	1
1.0	760.898010254	2.0	1.0	3367.07617188	3.0	1.0	18.7399997711	0.0	-0.992685377598	0.0704830735922	0.0980200693011	8.76353993636	21.0839916026	-22.4427490234	2.76229000092	36.5050506592	0.81925972788	1.0	7.46000003815	13.0799999237	0.0	7.46000003815	0.197328228869	1.0	1
1.0	3845.85864258	5.0	2.0	4468.17626953	3.0	2.0	57.7216002941	0.0	0.0588460713625	0.984737157822	-0.163798347116	10.3223399729	1.78663853422	-18.1496505737	-13.1947994232	32.5873031616	0.915361367137	3.0	2.11999988556	23.0199995041	3.0	17.4200000763	0.993988972393	1.0	1
1.0	1747.72998047	3.0	3.0	4829.38818359	4.0	4.0	142.341599107	0.0	0.0588460713625	0.984737157822	-0.163798347116	10.3223399729	1.78663853422	-18.1496505737	-13.1947994232	32.5873031616	0.915361367137	5.0	1.48000001907	20.5399999619	4.0	5.36000013351	0.717579202425	1.0	1
1.0	2710.71801758	3.0	2.0	3656.08984375	3.0	2.0	73.3304003775	0.0	-0.992685675621	0.0704835429788	0.0980165153742	17.1990688337	2.09231435384	-17.5845489502	-4.69931983948	37.1630477905	0.920724320818	3.0	1.48000001907	7.07120013237	3.0	5.63999986649	0.971883545218	1.0	1
1.0	1299.10595703	2.0	1.0	339.029998779	1.0	1.0	26.2399997711	2.91268945823	-0.118166334927	-0.817971467972	-0.562991440296	20.3584695416	10.5799719539	-40.860748291	-15.0192508698	42.8733520508	0.911160884361	0.0	0.0	0.0	0.0	0.0	0.335032628677	1.0	1
1.0	2458.15209961	2.0	2.0	2862.33496094	3.0	3.0	60.5615993738	0.0	0.0588460713625	0.984737157822	-0.163798347116	10.3223399729	1.78663853422	-18.1496505737	-13.1947994232	32.5873031616	0.915361367137	4.0	1.48000001907	20.5399999619	3.0	5.36000013351	0.981063411073	1.0	1
1.0	1115.20800781	2.0	2.0	3422.0	3.0	3.0	41.5015999079	0.0	-0.992685675621	0.0704835429788	0.0980165153742	18.5019189039	2.09231435384	-17.5845489502	-4.69931983948	37.1630477905	0.131513007956	3.0	1.48000001907	8.94000005722	2.0	2.11999988556	0.17527090264	1.0	1
1.0	717.024047852	3.0	3.0	2348.22314453	4.0	3.0	73.7800006866	0.0	-0.992685377598	0.0704830735922	0.0980200693011	13.2880094956	2.36817792158	-22.4427490234	2.76229000092	36.5050506592	0.81925972788	2.0	3.90000009537	16.6399998665	1.0	3.90000009537	0.992099971292	1.0	1
1.0	424.257995605	1.0	1.0	333.381011963	1.0	1.0	25.7199993134	3.03838115203	-0.383340120316	-0.906773149967	-0.175535455346	1.77432686816	2.60656155054	-30.274148941	-11.7779502869	41.9350509644	0.64830415878	0.0	0.0	0.0	0.0	0.0	-1.0	0.0	2
1.0	333.381011963	1.0	1.0	719.574157715	3.0	3.0	64.6599979401	0.0	-0.997895598412	0.0560104064643	0.0326685979962	3.08895088998	12.3443355063	-49.7061004639	-6.99568986893	39.032699585	0.795854067688	1.0	7.21999979019	5.73999977112	0.0	7.21999979019	0.324526776169	1.0	2
1.0	434.375	2.0	2.0	424.257995605	1.0	1.0	41.9200000763	3.03838115203	0.383340120316	0.906773149967	0.175535455346	19.8514555692	1.77432686816	-30.274148941	-11.7779502869	41.9350509644	0.64830415878	0.0	0.0	0.0	0.0	0.0	0.0146380041333	1.0	2
1.0	525.25201416	2.0	2.0	333.381011963	1.0	1.0	28.7999992371	3.03838115203	-0.383340120316	-0.906773149967	-0.175535455346	21.5940965151	2.60656155054	-30.274148941	-11.7779502869	41.9350509644	0.64830415878	0.0	0.0	0.0	0.0	0.0	0.138181300789	1.0	2
1.0	599.68939209	1.0	1.0	650.265991211	2.0	1.0	22.779999733	3.43715000105	-0.699130237103	-0.685278058052	-0.203987494111	9.29952073364	17.9015483209	-33.8381500244	-2.48962497711	45.9719467163	0.0811709174602	0.0	0.0	0.0	0.0	0.0	-1.0	0.0	2
1.0	2522.98193359	4.0	4.0	1507.31433105	6.0	6.0	119.70000124	0.0	0.995600402355	-0.0935385897756	0.00550813041627	2.06073534037	3.75973432078	-23.210100174	-22.9927501678	25.693901062	0.241580725783	4.0	7.07999992371	44.5799999237	2.0	9.06000041962	0.993386611958	1.0	2
1.0	229.356002808	1.0	1.0	796.410400391	2.0	2.0	40.6199998856	3.32740138251	-0.73658400774	-0.642216682434	-0.212136164308	2.10287373285	13.7891404324	-36.9710006714	-22.342300415	39.2563476562	0.207809887766	0.0	0.0	0.0	0.0	0.0	0.684300822628	1.0	2
1.0	2522.98193359	4.0	4.0	1347.06494141	3.0	3.0	73.1600003242	0.0	0.995600402355	-0.0935385897756	0.00550813041627	2.06073534037	27.7435749993	-23.210100174	-22.9927501678	25.693901062	0.241580725783	4.0	9.03999996185	46.7600002289	2.0	17.2399997711	0.988819778875	1.0	2
1.0	2216.23242188	2.0	2.0	2328.48291016	4.0	2.0	42.2000002861	0.0	0.995600402355	-0.0935385897756	0.00550813041627	2.06073534037	3.75973432078	-23.210100174	-22.9927501678	25.693901062	0.241580725783	2.0	10.3199996948	26.2399997711	1.0	17.2399997711	0.778480893025	1.0	2
1.0	2574.38720703	4.0	4.0	2247.51000977	5.0	5.0	101.340000629	0.0	0.995600402355	-0.0935385897756	0.00550813041627	2.06073534037	3.75973432078	-23.210100174	-22.9927501678	25.693901062	0.241580725783	4.0	9.03999996185	46.7600002289	2.0	17.2399997711	0.979856324789	1.0	2
1.0	1968.90637207	2.0	2.0	2476.8659668	5.0	3.0	54.9000000954	0.0	0.995600402355	-0.0935385897756	0.00550813041627	2.06073534037	3.75973432078	-23.210100174	-22.9927501678	25.693901062	0.241580725783	3.0	9.06000041962	36.8800001144	2.0	17.2399997711	0.603561043015	1.0	2
1.0	847.015380859	2.0	1.0	650.265991211	2.0	1.0	22.779999733	3.43715000105	-0.699130237103	-0.685278058052	-0.203987494111	9.29952073364	17.9015483209	-33.8381500244	-2.48962497711	45.9719467163	0.0811709174602	0.0	0.0	0.0	0.0	0.0	0.156896236942	1.0	2
1.0	1001.79498291	1.0	1.0	986.381958008	2.0	2.0	36.9200000763	2.57757248015	-0.834461450577	0.118996717036	0.538064956665	13.4277457262	30.1418269436	-27.0039997101	1.28584444523	41.8619995117	0.211522819406	0.0	0.0	0.0	0.0	0.0	-1.0	0.0	2
1.0	746.458007812	2.0	1.0	154.020004272	1.0	1.0	13.5	0.0	-0.999347388744	0.0346350260079	0.0102577246726	13.4713188632	1.78384253464	-42.7926483154	-0.643242001534	40.6429519653	0.31810916481	1.0	6.57999992371	6.26000022888	1.0	6.57999992371	0.988819800955	1.0	2
1.0	2899.14990234	3.0	2.0	1457.63098145	3.0	1.0	28.6400003433	0.0	-0.999346375465	0.034637324512	0.0103471241891	22.1682333733	3.36349631081	-23.7376995087	-0.514335513115	38.4990997314	0.684241418721	2.0	3.5	13.7200003862	1.0	12.8599996567	0.967818185822	1.0	2
1.0	2525.98779297	3.0	2.0	1778.07495117	5.0	3.0	24.460000515	0.0	-0.999346375465	0.034637324512	0.0103471241891	22.1682333733	2.50051467433	-23.7376995087	-0.514335513115	38.4990997314	0.684241418721	1.0	12.8599996567	12.6000003815	1.0	12.8599996567	0.966541655621	1.0	2
1.0	891.781005859	1.0	1.0	1096.39599609	3.0	3.0	44.8756000996	0.0	-0.999346375465	0.034637324512	0.0103471241891	13.765333129	2.50051467433	-23.7376995087	-0.514335513115	38.4990997314	0.684241418721	1.0	12.8599996567	12.6000003815	2.0	12.8599996567	0.452462840682	1.0	2
1.0	1072.9119873	2.0	1.0	1220.75	3.0	1.0	20.6800003052	2.79710029249	0.700190842152	-0.278135955334	-0.657550930977	19.8589899086	3.36349631081	-27.0369491577	0.593110442162	41.0771484375	0.41309099814	0.0	0.0	0.0	0.0	0.0	0.967818260975	1.0	2
1.0	1402.54101562	4.0	2.0	796.175048828	3.0	2.0	29.4799995422	0.0	0.999347388744	-0.0346350260079	-0.0102577246726	8.88594663486	22.2167302956	-42.7926483154	-0.643242001534	40.6429519653	0.104713665529	2.0	6.26000022888	10.779999733	1.0	8.35999965668	0.329951385472	1.0	2
1.0	2984.33496094	4.0	4.0	2583.9777832	5.0	4.0	141.459997535	0.0	-0.999345362186	0.0346942357719	0.0102560203522	1.12123458327	25.910413012	-30.1833496094	-19.6110496521	23.8041496277	0.465577478527	5.0	3.5	37.020000577	3.0	16.0200004578	0.973169343098	1.0	2
1.0	1191.7130127	1.0	1.0	986.381958008	2.0	2.0	36.9200000763	2.57757248015	-0.834461450577	0.118996717036	0.538064956665	13.4277457262	30.1418269436	-27.0039997101	1.28584444523	41.8619995117	0.211522819406	0.0	0.0	0.0	0.0	0.0	0.00659170438165	1.0	2
1.0	1927.51208496	5.0	5.0	1843.125	5.0	4.0	104.315600038	0.0	-0.999345362186	0.0346942357719	0.0102560203522	1.12123458327	30.4440845288	-30.1833496094	-19.6110496521	23.8041496277	0.465577478527	3.0	6.26000022888	29.3200006485	3.0	16.0200004578	0.965215318277	1.0	2
1.0	397.944000244	1.0	1.0	973.624816895	2.0	1.0	30.9800000191	3.52168991835	-0.854694664478	-0.259361922741	0.449698120356	10.6975972217	2.09659512804	-33.2873001099	3.946185112	44.0864486694	0.530905318855	0.0	0.0	0.0	0.0	0.0	-1.0	0.0	2
1.0	397.944000244	1.0	1.0	1038.30627441	3.0	2.0	44.5199999809	2.727121203	-0.655978322029	-0.626652419567	0.420712739229	1.77284668991	0.0	-42.189201355	16.7811508179	40.8569488525	0.716571434685	0.0	0.0	0.0	0.0	0.0	0.156896236942	1.0	2
1.0	135.658401489	2.0	0.0	64.6815032959	1.0	0.0	0.0	10.0	0.0	0.0	0.0	0.0	0.0	0.0	0.0	0.0	2.0	0.0	0.0	0.0	0.0	0.0	0.432768960305	1.0	2
1.0	47.6668014526	1.0	1.0	1144.97607422	3.0	2.0	30.3199996948	0.0	-0.998025536537	0.0331849865615	-0.053326819092	3.66730968776	20.2909647293	-44.8556976318	-12.5939998627	36.5835494995	0.511123906293	1.0	6.40000009537	7.03999996185	0.0	6.40000009537	0.762412717792	1.0	2
1.0	219.018005371	1.0	1.0	973.624816895	2.0	1.0	6.88000011444	3.57589145563	-0.832657158375	-0.330634683371	0.444255322218	0.0	2.09659512804	-33.2638015747	4.45175504684	44.0347518921	0.264028304847	0.0	0.0	0.0	0.0	0.0	0.237929287326	1.0	2
1.0	842.195007324	2.0	2.0	529.373779297	2.0	2.0	47.7800002098	0.0	0.998025536537	-0.0331849865615	0.053326819092	7.58831073642	7.08821212671	-44.8556976318	-12.5939998627	36.5835494995	0.511123906293	1.0	6.40000009537	7.03999996185	0.0	6.40000009537	0.237929768658	1.0	2
1.0	248.198791504	1.0	1.0	1217.34619141	2.0	1.0	10.6800003052	0.0	-0.994934976101	0.0	0.100520513952	3.87478862952	13.8194922855	-18.776550293	-6.24142980576	40.0302505493	0.0306809705986	1.0	4.38000011444	5.46000003815	1.0	4.38000011444	-1.0	0.0	2
1.0	399.50201416	2.0	1.0	2386.06274414	3.0	1.0	15.4400002956	2.48810369556	-0.0746929123998	-0.115423381329	0.990504145622	1.01635105287	0.0	-19.7832984924	2.45874500275	41.1461486816	0.455622161643	0.0	0.0	0.0	0.0	0.0	0.964394780176	1.0	2
1.0	795.134277344	3.0	3.0	772.26751709	4.0	3.0	59.539999485	0.0	0.00610112585127	-0.9983907938	0.0563795827329	15.2687888066	2.53502791211	-23.5943984985	-12.762049675	42.4004516602	0.458029825083	3.0	10.0600004196	34.6800003052	3.0	13.3999996185	0.560889939601	1.0	2
1.0	1672.93139648	3.0	1.0	222.833007812	2.0	1.0	5.57999992371	2.67603999091	0.239457696676	0.677048325539	-0.695891916752	18.3319772911	6.81271451565	-35.1418991089	11.4786701202	39.9159011841	0.611623366161	0.0	0.0	0.0	0.0	0.0	0.98062996698	1.0	2
1.0	2970.74023438	3.0	2.0	841.746582031	2.0	1.0	50.3199989796	0.0	-0.994927048683	0.0	0.100599057972	29.630412636	7.04023532659	-23.5767993927	-0.7926030159	47.7593994141	0.32757233109	2.0	5.13999986649	14.1191997528	1.0	5.13999986649	0.990414442737	1.0	2
1.0	3238.07739258	4.0	3.0	1372.77661133	6.0	5.0	139.82000041	0.0	0.994935154915	0.0	-0.100518658757	1.50102148228	24.4713010283	-36.9966506958	-28.3010005951	28.0199508667	0.347573413283	8.0	4.38000011444	85.2399992943	6.0	13.3999996185	0.965958387358	1.0	2
1.0	472.84979248	1.0	0.0	254.139892578	1.0	0.0	0.0	10.0	0.0	0.0	0.0	0.0	0.0	0.0	0.0	0.0	2.0	0.0	0.0	0.0	0.0	0.0	0.432768960305	1.0	2
1.0	600.509033203	3.0	0.0	67.1183013916	1.0	0.0	0.0	10.0	0.0	0.0	0.0	0.0	0.0	0.0	0.0	0.0	2.0	0.0	0.0	0.0	0.0	0.0	0.432768960305	1.0	2
1.0	963.515319824	2.0	1.0	282.553894043	2.0	2.0	21.7600002289	0.0	-0.994935870171	0.0	0.100511498749	0.0	2.46166058594	-56.89220047	-2.25759005547	42.142250061	0.997832752875	1.0	10.0600004196	10.5	1.0	10.6000003815	0.700539573115	1.0	2
1.0	196.236999512	1.0	1.0	1686.08032227	4.0	2.0	13.9000000954	0.0	-0.00610282225534	0.998390853405	-0.0563779175282	1.80716427767	22.8158707544	-45.9491004944	-5.65902519226	44.2531509399	0.0611558821838	1.0	11.2399997711	9.80000019073	0.0	11.2399997711	0.96991843434	1.0	2
1.0	381.608001709	1.0	1.0	474.700012207	2.0	1.0	32.3000001907	1.57861018512	-0.998986721039	0.0365903303027	-0.0262046474963	4.00110697251	5.36873220334	-28.7084999084	-6.31937980652	40.7743492126	0.373652062963	0.0	0.0	0.0	0.0	0.0	-1.0	0.0	2
1.0	470.499786377	2.0	2.0	474.700012207	2.0	1.0	32.3000001907	1.57861018512	-0.998986721039	0.0365903303027	-0.0262046474963	16.0625850199	5.36873220334	-28.7084999084	-6.31937980652	40.7743492126	0.373652062963	0.0	0.0	0.0	0.0	0.0	0.117881870264	1.0	2
1.0	1755.9387207	4.0	3.0	1351.26501465	3.0	3.0	55.0200009346	0.0	-0.998990416527	0.0365178883076	-0.0261649023741	20.0369571722	2.16798238633	-39.4709472656	-10.8583498001	40.0033988953	0.403758287371	3.0	6.48000001907	26.3999991417	1.0	6.48000001907	0.967576153485	1.0	2
1.0	517.281005859	2.0	1.0	2455.65698242	3.0	1.0	32.3000001907	1.57861018512	-0.998986721039	0.0365903303027	-0.0262046474963	4.00110697251	5.36873220334	-28.7084999084	-6.31937980652	40.7743492126	0.373652062963	0.0	0.0	0.0	0.0	0.0	0.04602460918	1.0	2
1.0	1577.67578125	5.0	4.0	1698.30603027	4.0	3.0	115.539999962	0.0	-0.0429124645889	-0.985950827599	0.161429360509	0.0	25.9714962468	-33.7658996582	-22.0899505615	18.5586509705	0.394514354336	2.0	6.48000001907	20.0799994469	2.0	10.9799995422	0.979949120422	1.0	2
1.0	1505.79968262	4.0	2.0	218.819000244	1.0	1.0	9.05999994278	3.42991258582	-0.965187132359	-0.135299757123	0.22384776175	5.43703975834	1.77493495213	-40.8114509583	-22.6950492859	25.0181999207	0.499429432659	0.0	0.0	0.0	0.0	0.0	0.430549667186	1.0	2
1.0	517.281005859	2.0	1.0	474.700012207	2.0	1.0	32.3000001907	1.57861018512	-0.998986721039	0.0365903303027	-0.0262046474963	4.00110697251	5.36873220334	-28.7084999084	-6.31937980652	40.7743492126	0.373652062963	0.0	0.0	0.0	0.0	0.0	0.04602460918	1.0	2
1.0	236.067993164	1.0	1.0	577.224914551	3.0	1.0	10.3400001526	4.80741098021	-0.565189182758	-0.82495623827	0.00289908517152	2.63811377255	0.992472606371	-29.0901985168	-2.46833491325	41.2999992371	0.855916783858	0.0	0.0	0.0	0.0	0.0	-1.0	0.0	2
1.0	372.062011719	2.0	1.0	857.569274902	5.0	1.0	10.3400001526	4.80741098021	-0.565189182758	-0.82495623827	0.00289908517152	2.63811377255	16.1076603808	-29.0901985168	-2.46833491325	41.2999992371	0.855916783858	0.0	0.0	0.0	0.0	0.0	0.126756014467	1.0	2
1.0	83.1588973999	1.0	1.0	500.965393066	3.0	1.0	15.3000001907	2.97264871083	0.736230969429	-0.660872101784	0.145643666387	1.88209747059	25.5286021166	-51.915599823	-5.1880197525	39.6694030762	0.413785524624	0.0	0.0	0.0	0.0	0.0	0.975822569399	1.0	2
1.0	557.242980957	4.0	2.0	1282.23522949	6.0	3.0	63.6400003433	0.0	-0.999825954437	0.0	-0.0186548046768	7.27467481575	22.2618406512	-31.5480995178	-24.4074001312	27.578250885	0.404324217777	1.0	7.51999998093	11.1599998474	0.0	7.51999998093	0.294258909481	1.0	2
1.0	215.503097534	2.0	2.0	874.125976562	3.0	2.0	57.1600017548	3.70405187154	-0.406660348177	0.749801039696	0.52194416523	7.38026022875	13.4995084799	-18.6016998291	5.24134731293	33.5506515503	0.415292876758	0.0	0.0	0.0	0.0	0.0	0.438372610888	1.0	2
1.0	369.39440918	2.0	1.0	471.25592041	3.0	2.0	40.9199995995	3.74669183406	-0.317878305912	0.857900738716	0.403682619333	1.88206343922	21.9516965278	-33.346950531	-18.4046001434	36.2474975586	0.711472635994	0.0	0.0	0.0	0.0	0.0	0.368528263237	1.0	2
1.0	655.526000977	1.0	1.0	481.887023926	2.0	1.0	13.3199996948	3.77287689531	-0.891822040081	-0.373602539301	0.25509724021	16.2958804358	3.96295894486	-38.3047485352	-6.01087522507	38.3284988403	0.635999993044	0.0	0.0	0.0	0.0	0.0	-1.0	0.0	2
1.0	856.601013184	1.0	1.0	1317.85705566	3.0	2.0	39.039999485	2.43203210092	-0.961155474186	0.233078047633	0.147833809257	0.0	10.6559815925	-41.4232025146	12.2073001862	36.1914978027	0.106529658521	0.0	0.0	0.0	0.0	0.0	0.294258868648	1.0	2
1.0	871.601989746	1.0	1.0	1200.06103516	2.0	1.0	13.3199996948	3.77287689531	-0.891822040081	-0.373602539301	0.25509724021	16.2958804358	3.96295894486	-38.3047485352	-6.01087522507	38.3284988403	0.635999993044	0.0	0.0	0.0	0.0	0.0	0.118098801166	1.0	2
1.0	2050.34912109	2.0	2.0	898.142944336	4.0	4.0	114.480001211	0.0	-0.993508279324	0.0	-0.113759703934	22.4489130851	11.8713804738	-31.1294498444	6.74213981628	34.0651016235	0.523551784358	1.0	8.60000038147	7.84000015259	0.0	8.60000038147	0.970992841162	1.0	2
1.0	1900.0369873	2.0	2.0	1048.45495605	4.0	3.0	91.8400006294	0.0	-0.0265243332833	-0.970083475113	0.241318270564	23.4300778808	20.5857731535	-55.0423965454	-3.02015995979	43.1493492126	0.762337590579	1.0	8.31999969482	9.19999980927	1.0	8.31999969482	0.770569629654	1.0	2
1.0	360.063995361	1.0	1.0	783.244995117	2.0	1.0	20.7399997711	3.28834304733	-0.738746106625	0.246593385935	0.627252697945	4.54289473383	1.45282857798	-23.7113990784	4.57771015167	45.8190994263	0.0838995000424	0.0	0.0	0.0	0.0	0.0	-1.0	0.0	2
1.0	459.703613281	2.0	2.0	974.520629883	4.0	3.0	58.1400008202	0.0	0.9821190238	-0.129149213433	-0.13697694242	6.66839870194	24.1631465495	-50.0713500977	-2.43825483322	46.3797531128	0.470996271214	1.0	8.89999961853	9.10000038147	0.0	8.89999961853	0.219187558509	1.0	2
1.0	368.04699707	1.0	1.0	259.416595459	2.0	1.0	6.78000020981	2.31887258941	-0.219241023064	0.911949455738	0.346816271544	3.18607028255	1.45282863943	-48.0010490417	-5.08487510681	45.240650177	0.772713616605	0.0	0.0	0.0	0.0	0.0	0.991248100138	1.0	2
1.0	1167.18457031	3.0	2.0	780.030639648	4.0	2.0	70.2799992561	1.63555495372	-0.517788231373	-0.819495916367	-0.245604887605	15.4121268566	24.3210021092	-41.4716491699	-5.74156999588	45.0381011963	0.844406338331	0.0	0.0	0.0	0.0	0.0	0.780034644049	1.0	2
1.0	879.041992188	1.0	1.0	571.881225586	1.0	1.0	0.0	4.26124386891	-0.323754876852	-0.933781087399	0.15243254602	13.2251299304	1.95218788407	-27.4212989807	-1.69641518593	41.3195495605	0.754404809267	0.0	0.0	0.0	0.0	0.0	-1.0	0.0	2
1.0	986.676818848	1.0	1.0	1075.42016602	3.0	2.0	23.5600004196	0.0	0.0411596857011	0.99455755949	-0.0957140624523	17.9157280335	5.14870511719	-25.4440498352	8.16984558105	39.7508010864	0.610826038955	1.0	3.29999995232	3.6400001049	2.0	12.1199998856	0.532604478022	1.0	2
1.0	2114.72363281	3.0	2.0	934.99621582	4.0	3.0	73.6400003433	0.0	-0.0411596857011	-0.99455755949	0.0957140624523	21.6744840142	5.9642161379	-25.4440498352	8.16984558105	39.7508010864	0.0400990624948	3.0	3.29999995232	24.8800003529	2.0	3.6400001049	0.82981696523	1.0	2
1.0	1088.85998535	1.0	1.0	571.881225586	1.0	1.0	32.1399993896	2.37262305725	-0.71775585413	-0.50260668993	-0.481884896755	10.1556476744	9.48255459524	-43.4557495117	4.93411493301	48.9270515442	0.985280411471	0.0	0.0	0.0	0.0	0.0	0.23899975965	1.0	2
1.0	1833.15979004	2.0	1.0	550.184997559	2.0	1.0	2.27999997139	4.02135560328	-0.00111908314284	-0.736908555031	0.675991535187	6.51968553161	0.0	-51.2770500183	16.9019508362	41.0833969116	0.513762472111	0.0	0.0	0.0	0.0	0.0	0.171114750444	1.0	2
1.0	1748.08996582	2.0	2.0	209.88999939	1.0	1.0	22.4799995422	0.0	-0.0412721149623	-0.994553029537	0.0957126244903	7.65829598219	0.911062336069	-41.5800018311	-8.37965011597	43.3591995239	0.77050194706	1.0	10.5200004578	10.5200004578	0.0	10.5200004578	0.98060461422	1.0	2
1.0	542.936279297	1.0	1.0	788.295410156	2.0	1.0	5.36000013351	3.50409758353	-0.897579014301	0.368239402771	0.242387294769	2.62677447378	1.96992028005	-26.2396507263	-4.63047027588	44.0018997192	0.146016103016	0.0	0.0	0.0	0.0	0.0	-1.0	0.0	2
1.0	1821.36791992	7.0	4.0	448.74029541	2.0	2.0	67.9200005531	0.0	-0.999506294727	-0.0310243554413	-0.00496499799192	32.6280761186	17.3563437376	-31.3027000427	-1.05144500732	46.5906524658	0.837782085556	1.0	1.39999997616	0.0	1.0	1.39999997616	0.987120043562	1.0	2
1.0	1841.55603027	5.0	3.0	659.518127441	5.0	2.0	28.4400000572	0.0	0.0289058424532	-0.963136017323	0.267457395792	23.1509284146	4.93899082226	-37.0791473389	10.8923997879	40.2787475586	0.90836053806	2.0	3.94000005722	13.2199997902	1.0	8.64000034332	0.706311596948	1.0	2
1.0	2396.14672852	3.0	3.0	817.416687012	2.0	2.0	41.9799997807	2.46183058262	-0.332490980625	0.0664552673697	0.940762162209	32.5829697018	1.96987199829	-24.9530487061	1.76434993744	42.9758987427	0.0220916257392	0.0	0.0	0.0	0.0	0.0	0.977562970426	1.0	2
1.0	592.350341797	2.0	1.0	567.157409668	2.0	2.0	39.3200006485	2.62888566302	-0.999505996704	-0.0310254357755	-0.00502067944035	14.9534681542	15.8305222161	-38.9455490112	-9.00362968445	44.3114509583	0.0422526828141	0.0	0.0	0.0	0.0	0.0	0.374966329731	1.0	2
1.0	1276.78491211	4.0	2.0	637.24206543	1.0	1.0	20.6999998093	2.46183058262	0.332490980625	-0.0664552673697	-0.940762162209	35.2826283506	11.3567561447	-24.9530487061	1.76434993744	42.9758987427	0.0220916257392	1.0	10.8400001526	1.96000003815	1.0	10.8400001526	0.968178163132	1.0	2
1.0	561.98449707	2.0	2.0	1015.89776611	4.0	2.0	13.720000267	0.0	0.0289058834314	-0.963106870651	0.267562240362	1.71905739785	9.04615750664	-17.7522506714	-6.19239521027	35.0596008301	0.19703098517	1.0	3.94000005722	4.67999982834	0.0	3.94000005722	0.119398212599	1.0	2
1.0	2823.32885742	5.0	4.0	617.836975098	4.0	4.0	86.2600009441	0.0	-0.999506115913	-0.0310143288225	-0.00506545649841	28.9297584471	13.261429701	-52.9029998779	-4.68463993073	42.9232025146	0.35423172483	4.0	1.39999997616	28.9400005341	4.0	12.3599996567	0.974016738288	1.0	2
1.0	258.620788574	3.0	3.0	632.273376465	2.0	2.0	35.4600000381	0.0	-0.0289058834314	0.963106870651	-0.267562240362	9.04615750664	1.71905739785	-17.7522506714	-6.19239521027	35.0596008301	0.19703098517	1.0	3.94000005722	4.67999982834	1.0	12.0799999237	0.528764067768	1.0	2
1.0	328.006286621	3.0	3.0	932.153991699	3.0	3.0	70.92000103	0.0	-0.999506115913	-0.0310143288225	-0.00506545649841	3.11849634747	13.261429701	-52.9029998779	-4.68463993073	42.9232025146	0.35423172483	2.0	1.39999997616	11.9200000763	3.0	12.3599996567	0.971243026212	1.0	2
1.0	658.262023926	1.0	1.0	540.275817871	1.0	1.0	36.7200011611	2.8929033528	-0.642058193684	0.71591848135	0.274266302586	2.9949046735	13.6150505834	-36.580947876	-1.33250498772	47.8846511841	0.264684316742	0.0	0.0	0.0	0.0	0.0	-1.0	0.0	2
1.0	1092.05383301	3.0	3.0	2253.22460938	5.0	5.0	126.880001068	0.0	0.0130398273468	-0.976930439472	0.213159248233	6.79671883689	23.6841890521	-46.0530509949	1.01189208031	43.2868003845	0.0552479177524	3.0	8.27999973297	25.0200004578	0.0	10.8999996185	0.619770978342	1.0	2
1.0	365.941894531	3.0	0.0	1183.71606445	2.0	0.0	0.0	10.0	0.0	0.0	0.0	0.0	0.0	0.0	0.0	0.0	2.0	0.0	0.0	0.0	0.0	0.0	0.432768960305	1.0	2
1.0	1085.77770996	4.0	2.0	1723.99169922	3.0	1.0	51.3400010467	2.8929033528	-0.642058193684	0.71591848135	0.274266302586	21.9895002575	0.0	-36.580947876	-1.33250498772	47.8846511841	0.264684316742	0.0	0.0	0.0	0.0	0.0	0.32124835348	1.0	2
1.0	354.007995605	1.0	1.0	163.343002319	1.0	1.0	23.7999992371	3.09452255313	-0.46668574214	-0.884222745895	-0.0188284218311	1.89273234739	4.57654818165	-29.695098877	-8.24172496796	43.9180526733	0.457235476286	0.0	0.0	0.0	0.0	0.0	-1.0	0.0	2
1.0	582.385803223	2.0	1.0	821.536010742	1.0	1.0	23.7999992371	3.09452255313	-0.46668574214	-0.884222745895	-0.0188284218311	1.89273234739	4.57654818165	-29.695098877	-8.24172496796	43.9180526733	0.457235476286	0.0	0.0	0.0	0.0	0.0	0.187595612016	1.0	2
1.0	1012.20098877	2.0	2.0	209.42779541	2.0	2.0	53.8199996948	0.0	0.994902431965	0.0	-0.100842297077	12.3306445034	1.10965665226	-44.7846984863	-9.47414016724	43.231048584	0.937212451071	2.0	6.44000005722	8.31999993324	2.0	13.1000003815	0.0105465089825	1.0	2
1.0	406.428405762	2.0	2.0	163.343002319	1.0	1.0	27.5399992466	3.09452255313	-0.46668574214	-0.884222745895	-0.0188284218311	15.6934250254	4.57654818165	-29.695098877	-8.24172496796	43.9180526733	0.457235476286	0.0	0.0	0.0	0.0	0.0	0.0998615520135	1.0	2
1.0	536.301025391	2.0	1.0	821.536010742	1.0	1.0	23.7999992371	3.09452255313	-0.46668574214	-0.884222745895	-0.0188284218311	1.89273234739	4.57654818165	-29.695098877	-8.24172496796	43.9180526733	0.457235476286	0.0	0.0	0.0	0.0	0.0	0.177400085342	1.0	2
1.0	466.096984863	1.0	1.0	595.752990723	1.0	1.0	40.1599998474	3.41010269525	-0.618610918522	-0.756120383739	-0.21354739368	3.96391944089	16.1539864265	-32.4954490662	-9.17391490936	41.5000495911	0.753950467622	0.0	0.0	0.0	0.0	0.0	-1.0	0.0	2
1.0	1242.49304199	3.0	2.0	1030.07397461	2.0	2.0	44.759999752	3.01974000986	-0.677333950996	-0.718592464924	-0.157618686557	27.9198230944	22.2032380489	-24.3869514465	-9.96093463898	17.8937492371	0.60807897053	0.0	0.0	0.0	0.0	0.0	0.136256790165	1.0	2
1.0	195.74899292	1.0	1.0	866.100952148	2.0	2.0	53.4600000381	0.0	0.0472534149885	-0.972083210945	0.229829028249	0.0	13.0681773602	-34.0126495361	10.4486150742	36.0740509033	0.928305679467	1.0	10.8800001144	9.30000019073	1.0	10.8800001144	0.26754577609	1.0	2
1.0	754.765991211	2.0	2.0	1030.07397461	2.0	2.0	44.759999752	3.01974000986	-0.677333950996	-0.718592464924	-0.157618686557	2.65267311002	22.2032380489	-24.3869514465	-9.96093463898	17.8937492371	0.60807897053	0.0	0.0	0.0	0.0	0.0	0.532867354654	1.0	2
1.0	270.347991943	1.0	1.0	791.501953125	2.0	1.0	13.3000001907	0.0	-0.0472534149885	0.972083210945	-0.229829028249	1.91131260572	20.1056062213	-34.0126495361	10.4486150742	36.0740509033	0.928305679467	1.0	10.8800001144	9.30000019073	1.0	10.8800001144	0.164174659418	1.0	2
1.0	609.901000977	1.0	1.0	641.479675293	2.0	1.0	15.8000001907	3.34535492501	-0.734234511852	-0.662447988987	-0.148533925414	2.04076552849	10.1719369201	-31.454750061	-13.213145256	40.2217483521	0.566078024294	0.0	0.0	0.0	0.0	0.0	-1.0	0.0	2
1.0	1392.63391113	4.0	3.0	2555.13964844	4.0	3.0	71.5399999619	0.0	-0.993542850018	-0.113423846662	-0.00275461771525	0.0	12.5205056244	-36.5552978516	-22.8176498413	24.5384502411	0.297281479558	1.0	13.4200000763	12.7399997711	1.0	13.4200000763	0.669933518685	1.0	2
1.0	780.343017578	2.0	2.0	471.037689209	2.0	2.0	36.3800001144	0.0	-0.10601682961	0.937810480595	-0.330563008785	31.0674480144	1.98660497908	-55.3701515198	-2.11144018173	34.6982498169	0.368146791513	1.0	7.17999982834	8.77999973297	1.0	7.17999982834	0.27854270381	1.0	2
1.0	1875.51293945	5.0	3.0	1442.34667969	3.0	3.0	54.6599998474	0.0	-0.993542850018	-0.113423846662	-0.00275461771525	0.0	31.7895297109	-36.5552978516	-22.8176498413	24.5384502411	0.297281479558	3.0	4.53999996185	26.279999733	3.0	13.4200000763	0.822171173928	1.0	2
1.0	1616.35400391	3.0	3.0	1154.625	3.0	3.0	60.1400003433	0.0	-0.993542850018	-0.113423846662	-0.00275461771525	0.0	29.9278993902	-36.5552978516	-22.8176498413	24.5384502411	0.297281479558	1.0	13.4200000763	12.7399997711	1.0	13.4200000763	0.656581332105	1.0	2
1.0	475.997009277	1.0	0.0	1162.13903809	2.0	0.0	0.0	10.0	0.0	0.0	0.0	0.0	0.0	0.0	0.0	0.0	2.0	0.0	0.0	0.0	0.0	0.0	0.432768960305	0.0	2
1.0	1493.58203125	2.0	1.0	1872.22595215	3.0	1.0	38.0999984741	2.18044494813	-0.549776315689	-0.698262929916	-0.45844835043	0.0	20.5537743434	-45.109500885	-7.19864463806	48.0867996216	0.224122347178	0.0	0.0	0.0	0.0	0.0	0.68266170261	1.0	2
1.0	2615.89111328	3.0	2.0	1786.38696289	3.0	2.0	43.8304003775	0.0	-0.0588484928012	-0.984720647335	0.163896396756	18.0204948618	4.89864551163	-25.7117500305	0.346610993147	43.2468490601	0.95994129716	4.0	1.48000001907	10.6312000751	4.0	5.63999986649	0.997473129382	1.0	2
1.0	1686.03198242	3.0	3.0	2143.61206055	3.0	3.0	100.641598344	0.0	0.992686033249	-0.0704738050699	-0.0980199575424	41.0783521628	5.46877913193	-58.0437469482	-2.28223514557	38.2317504883	0.807974290169	4.0	2.11999988556	17.8800001144	3.0	5.36000013351	0.560890170013	1.0	2
1.0	509.510009766	1.0	1.0	2714.43603516	3.0	3.0	52.9319997132	0.0	-0.992685675621	0.0704835429788	0.0980165153742	13.071230238	2.09231435384	-17.5845489502	-4.69931983948	37.1630477905	0.920724320818	4.0	2.11999988556	23.7111999989	2.0	5.63999986649	0.983840038541	1.0	2
1.0	2158.9519043	2.0	2.0	3201.36499023	3.0	3.0	71.9415994883	0.0	0.0588460713625	0.984737157822	-0.163798347116	10.3223399729	1.78663853422	-18.1496505737	-13.1947994232	32.5873031616	0.915361367137	3.0	1.48000001907	7.46000003815	3.0	5.36000013351	0.898137048431	1.0	2
1.0	2665.66601562	3.0	3.0	3911.4519043	3.0	3.0	122.441600442	0.0	0.0588460713625	0.984737157822	-0.163798347116	10.3223399729	1.78663853422	-18.1496505737	-13.1947994232	32.5873031616	0.915361367137	4.0	1.48000001907	20.5399999619	3.0	5.36000013351	0.989737735478	1.0	2
1.0	358.54901123	1.0	1.0	516.952087402	2.0	1.0	9.80000019073	3.43872062512	-0.949762642384	-0.309657543898	0.0454214438796	4.2837346499	19.4133173682	-32.5664978027	1.20558309555	48.0663490295	0.138443895849	0.0	0.0	0.0	0.0	0.0	-1.0	0.0	3
1.0	4203.22607422	4.0	4.0	4116.07519531	7.0	7.0	145.075599059	0.0	-0.031410984695	0.976040959358	-0.215307682753	29.0555409395	9.88149513492	-24.7466506958	6.39550971985	44.3059005737	0.610775886302	16.0	1.13999998569	97.4619998932	1.0	11.8999996185	0.96479224024	1.0	3
1.0	2412.59570312	5.0	2.0	3082.04125977	5.0	2.0	33.1399998665	3.29960598761	-0.489279389381	-0.868587553501	-0.078494027257	26.3604068052	17.4957350262	-35.5184020996	4.10310316086	48.7621994019	0.251512440944	1.0	5.01999998093	0.0	0.0	5.01999998093	0.570155654033	1.0	3
1.0	3395.87084961	4.0	2.0	3127.61474609	5.0	3.0	53.1799993515	0.0	-0.031410984695	0.976040959358	-0.215307682753	15.9804456024	9.88149513492	-24.7466506958	6.39550971985	44.3059005737	0.610775886302	5.0	1.13999998569	31.3000004292	1.0	11.8999996185	0.976850026841	1.0	3
1.0	636.418823242	2.0	2.0	687.92010498	3.0	2.0	37.9999995232	0.0	0.031409278512	-0.976041376591	0.21530598402	2.50498557253	3.53768468235	-25.0074501038	-10.7540502548	27.0229988098	0.42878734248	1.0	8.22000026703	7.57999992371	0.0	8.22000026703	0.417554544754	1.0	3
1.0	939.142089844	2.0	2.0	1043.77722168	3.0	3.0	76.1999995708	0.0	0.0314132794738	-0.976059556007	0.215222939849	12.6946970071	15.8091990507	-39.7443504333	15.9917497635	37.6302490234	0.84981573628	2.0	11.8999996185	20.720000267	2.0	11.9399995804	0.583062791585	1.0	3
1.0	1096.48095703	2.0	1.0	287.988067627	2.0	1.0	4.82000017166	3.43872062512	-0.949762642384	-0.309657543898	0.0454214438796	29.8575204577	0.0	-32.5664978027	1.20558309555	48.0663490295	0.138443895849	0.0	0.0	0.0	0.0	0.0	0.227954610933	1.0	3
1.0	248.851989746	1.0	1.0	1380.02099609	2.0	1.0	11.8400001526	3.86592812117	-0.148908078671	-0.968528807163	0.199445202947	0.0	2.0804106991	-21.5257492065	-5.57414484024	40.8187026978	0.720338383307	0.0	0.0	0.0	0.0	0.0	-1.0	0.0	3
1.0	1641.32885742	6.0	3.0	908.721374512	4.0	3.0	46.4399995804	0.0	-0.999529957771	0.0	-0.0306577067822	0.0	18.3241415424	-47.6720504761	-6.96812009811	40.9112510681	0.651469568224	2.0	7.67999982834	9.90000009537	0.0	34.2599983215	0.967086654427	1.0	3
1.0	2183.16772461	6.0	1.0	2500.36083984	4.0	1.0	0.0	10.0	0.0	0.0	0.0	0.0	0.0	0.0	0.0	0.0	2.0	2.0	34.2599983215	9.38000011444	0.0	37.7200012207	0.77323381267	1.0	3
1.0	116.211997986	1.0	1.0	1512.66101074	3.0	1.0	18.9400005341	0.0	-0.00326738366857	-0.99423289299	0.107192769647	1.82214893107	24.0916557932	-23.5387001038	9.80795478821	36.8667984009	0.901882033352	1.0	8.57999992371	10.0600004196	0.0	8.57999992371	0.0968148093033	1.0	3
1.0	2091.43798828	4.0	2.0	1572.34887695	4.0	2.0	60.7600002289	0.0	-0.999529957771	0.0	-0.0306577067822	26.5478625759	23.2360705649	-47.6720504761	-6.96812009811	40.9112510681	0.651469568224	1.0	7.67999982834	7.40000009537	0.0	7.67999982834	0.970255103081	1.0	3
1.0	248.851989746	1.0	0.0	907.709960938	2.0	0.0	0.0	10.0	0.0	0.0	0.0	0.0	0.0	0.0	0.0	0.0	2.0	0.0	0.0	0.0	0.0	0.0	0.432768960305	1.0	3
1.0	418.654418945	2.0	2.0	935.910400391	1.0	1.0	36.6400001049	2.68150334795	-0.23736974597	-0.872433304787	-0.427218556404	0.0	2.88571385226	-19.3145999908	-7.82550001144	44.3888511658	0.873320036687	0.0	0.0	0.0	0.0	0.0	-1.0	0.0	3
1.0	1172.87194824	4.0	2.0	352.514892578	3.0	2.0	36.0216007233	0.0	0.995688855648	-0.0703973248601	-0.0603980235755	16.9841365809	2.47240539698	-20.2562503815	-9.92115497589	29.8952503204	0.632907685014	2.0	9.53999996185	22.8000001907	1.0	9.53999996185	0.997681422854	1.0	3
1.0	4904.1171875	6.0	4.0	2646.96289062	8.0	3.0	91.840000391	0.0	0.995689511299	-0.0703876689076	-0.0603980645537	41.3502718207	4.48460326898	-30.2822494507	-13.1364498138	49.3825492859	0.726924079626	8.0	3.01999998093	53.7400003672	3.0	9.30000019073	0.991946351197	1.0	3
1.0	5386.6328125	7.0	5.0	4363.42919922	11.0	6.0	207.400000572	0.0	-0.0536253042519	-0.956503808498	0.286748617887	29.3853268863	10.0342270885	-29.5567016602	5.79039001465	47.5333023071	0.423653182042	19.0	3.01999998093	134.794399977	8.0	16.5599994659	0.992223488271	1.0	3
1.0	351.092010498	1.0	1.0	935.910400391	1.0	1.0	3.77999997139	4.05583536295	-0.56900036335	-0.774933874607	0.275165557861	1.61896205109	21.468198851	-34.2654495239	-1.09703493118	49.9505004883	0.783299510712	0.0	0.0	0.0	0.0	0.0	0.257727002496	1.0	3
1.0	463.348602295	2.0	2.0	1374.36010742	3.0	2.0	6.05999994278	4.21142484715	-0.76337993145	-0.0392250753939	0.644757688046	10.8536042433	25.3683103489	-25.6693992615	16.2451496124	35.2696495056	0.790584425942	2.0	9.93999958038	18.4799995422	0.0	9.93999958038	0.286210606015	1.0	3
1.0	3186.30517578	5.0	3.0	718.570129395	5.0	4.0	126.299999952	0.0	0.995684027672	-0.0703872814775	-0.0604894682765	15.591921916	9.66931466713	-23.8513507843	-12.8687496185	47.5134010315	0.573379258948	3.0	7.34000015259	31.5999994278	0.0	12.9600000381	0.980881203789	1.0	3
1.0	404.42010498	1.0	1.0	887.38269043	4.0	3.0	53.3000004292	0.0	0.995684027672	-0.0703872814775	-0.0604894682765	0.0	3.45602877436	-23.8513507843	-12.8687496185	47.5134010315	0.573379258948	2.0	7.34000015259	20.7399997711	0.0	11.8999996185	0.431245609669	1.0	3
1.0	3002.93164062	6.0	3.0	901.943603516	3.0	2.0	39.6399998665	0.0	-0.995690226555	0.0703782364726	0.0603981055319	25.6002938318	2.70903339215	-45.8263511658	-2.44518518448	48.7597503662	0.622229245887	1.0	11.8999996185	11.5	0.0	11.8999996185	0.982778481721	1.0	3
1.0	347.377990723	1.0	1.0	547.683288574	2.0	1.0	20.6399993896	3.42223617529	-0.567492604256	-0.816370129585	-0.107200592756	0.0	0.0	-29.7993507385	-12.7869596481	42.9894485474	0.922496249041	0.0	0.0	0.0	0.0	0.0	-1.0	0.0	3
1.0	3700.74316406	6.0	4.0	4032.03320312	3.0	3.0	31.7800004482	0.0	0.999265432358	-0.0309871099889	-0.0225470587611	8.46709020598	23.0303152202	-39.7653999329	-13.6044502258	41.9092483521	0.0123304921015	6.0	5.69999980927	43.8380000591	5.0	20.9799995422	0.98309074208	1.0	3
1.0	4686.60009766	6.0	4.0	2906.34814453	6.0	4.0	97.6799995899	0.0	-0.0335511080921	-0.986688673496	0.159122049809	40.6875850856	27.2533944774	-49.7610473633	14.4119997025	37.6923522949	0.98640803324	4.0	7.32000017166	28.9400005341	2.0	20.9799995422	0.997667133801	1.0	3
1.0	2466.95507812	6.0	3.0	2163.13623047	4.0	2.0	70.0799999237	0.0	-0.999264061451	0.0310347545892	0.0225434508175	2.64686624205	24.2629802613	-55.1845016479	-8.99315452576	44.5663490295	0.908279516977	1.0	7.44000005722	7.34000015259	0.0	7.44000005722	0.971243083787	1.0	3
1.0	473.850982666	2.0	2.0	687.605285645	3.0	1.0	36.0599994659	3.42223617529	-0.567492604256	-0.816370129585	-0.107200592756	0.0	16.1740660776	-29.7993507385	-12.7869596481	42.9894485474	0.922496249041	0.0	0.0	0.0	0.0	0.0	0.17527090264	1.0	3
1.0	1676.6550293	4.0	4.0	2088.06811523	5.0	5.0	142.779999495	0.0	-0.0335525237024	-0.986688196659	0.159124746919	25.1915761822	11.8627919947	-32.1424484253	10.2958202362	39.3527488708	0.85307503674	3.0	5.69999980927	23.3028004169	3.0	16.8999996185	0.973722020404	1.0	3
1.0	347.377990723	1.0	0.0	282.120300293	2.0	0.0	0.0	10.0	0.0	0.0	0.0	0.0	0.0	0.0	0.0	0.0	2.0	0.0	0.0	0.0	0.0	0.0	0.432768960305	1.0	3
1.0	498.243286133	2.0	2.0	473.850982666	2.0	2.0	53.859998703	3.42223617529	0.567492604256	0.816370129585	0.107200592756	19.075781688	0.0	-29.7993507385	-12.7869596481	42.9894485474	0.922496249041	0.0	0.0	0.0	0.0	0.0	0.978554533045	1.0	3
1.0	1612.52392578	2.0	2.0	2006.25317383	4.0	3.0	62.6800000668	0.0	-0.0335471220315	-0.986689388752	0.159118160605	2.93457037999	21.2066741374	-34.6381492615	-20.995300293	26.6086502075	0.793898727355	2.0	16.1399993896	18.3628003597	2.0	16.8999996185	0.920744592086	1.0	3
1.0	1658.31030273	5.0	5.0	1679.47485352	3.0	3.0	117.599999428	0.0	-0.999264061451	0.0310347545892	0.0225434508175	2.64686624205	28.9667792187	-55.1845016479	-8.99315452576	44.5663490295	0.908279516977	3.0	7.44000005722	25.7028005123	2.0	16.8999996185	0.971565005565	1.0	3
1.0	704.257019043	1.0	1.0	748.579040527	2.0	2.0	34.6599998474	2.78700201607	-0.780239105225	-0.596695542336	0.187567085028	11.9882949803	0.0	-24.016998291	-3.37339496613	48.2090492249	0.502829881658	0.0	0.0	0.0	0.0	0.0	-1.0	0.0	3
1.0	5760.16552734	7.0	7.0	4747.03027344	10.0	8.0	139.800000668	0.0	0.0076041216962	-0.965339064598	0.260888129473	2.65858721144	28.6627475057	-53.7321510315	-11.9713497162	40.8010482788	0.592500938983	10.0	8.64000034332	58.5614626565	5.0	31.0200004578	0.999984374814	1.0	3
1.0	1983.37329102	5.0	2.0	834.504821777	3.0	2.0	55.4399995804	2.78700201607	-0.780239105225	-0.596695542336	0.187567085028	33.5359169576	0.0	-24.016998291	-3.37339496613	48.2090492249	0.502829881658	0.0	0.0	0.0	0.0	0.0	0.5369453102	1.0	3
1.0	6459.64111328	9.0	9.0	4291.90087891	10.0	9.0	193.860000134	0.0	0.0076041216962	-0.965339064598	0.260888129473	2.65858721144	27.0614959673	-53.7321510315	-11.9713497162	40.8010482788	0.592500938983	12.0	3.44000005722	77.1214625993	5.0	31.0200004578	0.999999397975	1.0	3
1.0	1266.07397461	2.0	2.0	442.063049316	3.0	2.0	57.4400004148	0.0	0.999440610409	0.0	-0.0334430113435	9.5493214628	8.93892159968	-33.7074508667	-11.9555997849	47.2791976929	0.85380930735	2.0	3.44000005722	10.3599996567	0.0	10.8599996567	0.810057760359	1.0	3
1.0	1472.5760498	2.0	1.0	596.246032715	2.0	2.0	34.6599998474	2.78700201607	-0.780239105225	-0.596695542336	0.187567085028	15.0166699215	0.0	-24.016998291	-3.37339496613	48.2090492249	0.502829881658	0.0	0.0	0.0	0.0	0.0	0.783621899486	1.0	3
1.0	1758.42211914	5.0	5.0	1013.28155518	7.0	4.0	65.2199997306	0.0	-0.999440729618	0.0	0.0334396250546	8.66269360208	33.2463598776	-35.9983978271	-25.5398006439	38.514503479	0.866207121908	3.0	5.76000022888	21.2399997711	2.0	8.88000011444	0.967818238063	1.0	3
1.0	777.156616211	2.0	1.0	748.579040527	2.0	2.0	34.6599998474	2.78700201607	-0.780239105225	-0.596695542336	0.187567085028	15.0166699215	0.0	-24.016998291	-3.37339496613	48.2090492249	0.502829881658	0.0	0.0	0.0	0.0	0.0	0.124593218954	1.0	3
1.0	1857.02502441	3.0	3.0	1428.88952637	6.0	3.0	42.3399996758	0.0	-0.999440610409	0.0	0.0334430113435	16.3111868569	33.0744834291	-33.7074508667	-11.9555997849	47.2791976929	0.85380930735	2.0	3.44000005722	8.53999996185	0.0	9.88000011444	0.980881204692	1.0	3
