valid	volumeS1	connectedComponentsS1	connectedComponentsS1Rel	volumeS2	connectedComponentsS2	connectedComponentsS2Rel	corticalSize	distanceMin	direction_x	direction_y	direction_z	distanceToExtremity1	distanceToExtremity2	gravityCenter_x	gravityCenter_y	gravityCenter_z	corticalDotProduct	junctions	junctionDepthMin	junctionsSize	plisDePassage	plisDePassageDepthMax	Potential	Class	cycle
1.0	1990.32324219	5.0	4.0	3859.20751953	6.0	3.0	0.0	10.0	0.0	0.0	0.0	0.0	0.0	0.0	0.0	0.0	2.0	6.0	13.6000003815	113.166801572	1.0	16.5599994659	0.0657808745565	1.0	1
1.0	154.720993042	1.0	1.0	1473.35095215	1.0	1.0	3.31999993324	3.18204330416	0.104114063084	-0.992796778679	-0.059286378324	3.7597154491	11.3710528294	-67.9648971558	-2.70710492134	-19.1688499451	0.853632739792	0.0	0.0	0.0	0.0	0.0	-1.0	0.0	1
1.0	2647.21435547	4.0	2.0	4026.23120117	7.0	3.0	18.7600002289	0.0	0.104936510324	0.992567062378	0.0616358891129	7.82684895057	41.1811762924	-68.1974029541	5.43212509155	-11.3808002472	0.415777366925	9.0	5.28000020981	56.9399991035	8.0	37.7200012207	0.96654163111	1.0	1
1.0	1604.87768555	4.0	1.0	4168.0390625	8.0	2.0	13.2400000095	0.0	-0.995595395565	0.0935863479972	-0.00560228899121	0.0	34.2968261596	-68.8768005371	3.52215480804	-22.4472503662	0.899730609178	1.0	9.52000045776	8.85999965668	1.0	9.52000045776	0.269992281602	1.0	1
1.0	3009.85229492	3.0	1.0	4724.96240234	6.0	2.0	15.7999994755	3.18204330416	0.104114063084	-0.992796778679	-0.059286378324	14.5635880389	34.0743089503	-67.9648971558	-2.70710492134	-19.1688499451	0.922694121986	9.0	24.1800003052	74.7443999946	5.0	38.7599983215	0.980117564531	1.0	1
1.0	823.682006836	1.0	1.0	3588.42407227	2.0	2.0	19.9399998188	0.0	-0.995595395565	0.0935863479972	-0.00560228899121	0.0	40.5351973967	-68.8768005371	3.52215480804	-22.4472503662	0.899730609178	1.0	9.52000045776	8.85999965668	2.0	20.8999996185	0.425864443782	1.0	1
1.0	668.960998535	1.0	1.0	717.466003418	4.0	1.0	6.69999980927	0.0	-0.995595753193	0.0935870632529	-0.00552716292441	2.78350346752	30.1371769577	-67.0424041748	1.58261501789	-6.1310300827	0.746401050548	0.0	0.0	0.0	1.0	20.8999996185	0.0329470718401	1.0	1
1.0	138.628997803	1.0	1.0	154.720993042	1.0	1.0	9.92000007629	0.0	0.995595395565	-0.0935863479972	0.00560228899121	3.90149390978	0.0	-68.8768005371	3.52215480804	-22.4472503662	0.899730609178	1.0	9.52000045776	8.85999965668	1.0	9.52000045776	0.0329470718401	1.0	1
1.0	65.119102478	1.0	0.0	947.426025391	1.0	0.0	0.0	10.0	0.0	0.0	0.0	0.0	0.0	0.0	0.0	0.0	2.0	0.0	0.0	0.0	0.0	0.0	2.08609287952e-07	0.0	1
1.0	2642.66381836	4.0	1.0	4838.82470703	4.0	1.0	0.0	10.0	0.0	0.0	0.0	0.0	0.0	0.0	0.0	0.0	2.0	7.0	23.3199996948	73.6008002758	0.0	42.3600006104	0.329951301549	1.0	1
1.0	223.699996948	1.0	1.0	1691.58203125	1.0	1.0	16.3999996185	3.10606507148	0.196473181248	-0.889649748802	-0.412215530872	2.50041579161	17.9089719815	-67.8530426025	-5.90629482269	-31.3667507172	0.935350238289	0.0	0.0	0.0	0.0	0.0	0.169727928957	1.0	1
1.0	100.638000488	1.0	1.0	944.853027344	1.0	1.0	5.53999996185	2.8632760874	0.404847681522	0.105524241924	-0.908274710178	0.0	8.04536294059	-65.0902481079	-4.6272354126	-39.78099823	0.498152211475	0.0	0.0	0.0	0.0	0.0	0.0723831873565	1.0	1
1.0	324.338012695	1.0	1.0	2331.09399414	1.0	1.0	30.5799999237	2.21057913204	0.193138405681	-0.958943009377	-0.207667574286	0.0	15.3360901295	-66.2779006958	-7.40281486511	-36.5652008057	0.674968290869	0.0	0.0	0.0	0.0	0.0	0.182502793424	1.0	1
1.0	352.552001953	1.0	1.0	597.247009277	1.0	1.0	25.5200004578	3.08717340757	0.173912867904	-0.817987978458	0.548315644264	11.3028377974	3.71576208081	-69.3398513794	-4.91022491455	-16.6527996063	0.957684944147	0.0	0.0	0.0	0.0	0.0	-1.0	0.0	1
1.0	472.523010254	2.0	1.0	3323.40185547	7.0	1.0	0.0	10.0	0.0	0.0	0.0	0.0	0.0	0.0	0.0	0.0	2.0	1.0	19.0599994659	16.7199993134	0.0	19.0599994659	0.217932520464	1.0	1
1.0	352.552001953	1.0	1.0	2696.27197266	3.0	2.0	44.4200000763	1.0087170349	0.046195961535	0.993739962578	-0.101719595492	3.65763936282	25.9786265494	-68.4938049316	0.741881489754	-28.0207500458	0.869201114143	0.0	0.0	0.0	0.0	0.0	0.17228779793	1.0	1
1.0	131.259002686	1.0	1.0	1201.95898438	1.0	1.0	13.0200004578	2.07947112347	-0.0316594280303	-0.955997824669	-0.291660547256	0.0	15.7261535824	-67.9648513794	-7.10122489929	-13.1282997131	0.647691564301	0.0	0.0	0.0	0.0	0.0	-1.0	0.0	1
1.0	3448.94946289	5.0	2.0	8486.82714844	6.0	3.0	79.942800045	0.0	-0.00609903829172	0.998385369778	-0.0564752183855	2.13231299963	31.0265629443	-62.8215026855	-8.846824646	-38.4812011719	0.958352641871	20.0	2.6400001049	211.363199867	19.0	39.0400009155	0.98250624646	1.0	1
1.0	1077.59692383	4.0	0.0	654.108032227	3.0	0.0	0.0	10.0	0.0	0.0	0.0	0.0	0.0	0.0	0.0	0.0	2.0	0.0	0.0	0.0	0.0	0.0	2.08609287952e-07	1.0	1
1.0	2770.66748047	7.0	1.0	4499.375	7.0	1.0	0.0	10.0	0.0	0.0	0.0	0.0	0.0	0.0	0.0	0.0	2.0	1.0	24.6200008392	18.1200008392	1.0	24.6200008392	0.995873264623	1.0	1
1.0	292.687988281	2.0	2.0	1040.5300293	1.0	1.0	13.0200004578	2.07947112347	-0.0316594280303	-0.955997824669	-0.291660547256	0.0	15.7261535824	-67.9648513794	-7.10122489929	-13.1282997131	0.647691564301	0.0	0.0	0.0	1.0	25.4400005341	0.2137427382	1.0	1
1.0	1381.52807617	3.0	1.0	2502.86791992	2.0	2.0	49.6399993896	0.0	0.994935870171	0.0	-0.100511498749	3.02606808469	7.91874597148	-63.2081985474	-10.2938995361	-36.8483505249	0.851794983611	3.0	2.6400001049	22.9399995804	2.0	25.4400005341	0.657489485217	1.0	1
1.0	131.259002686	1.0	1.0	2860.31005859	3.0	1.0	23.9200000763	0.0	0.994935154915	0.0	-0.10051908344	3.37914065875	23.4309213424	-67.6890563965	2.44403004646	-5.39035987854	0.397344034127	1.0	7.42000007629	8.03999996185	1.0	7.42000007629	0.267546245357	1.0	1
1.0	781.875	3.0	2.0	1264.41699219	1.0	1.0	13.0200004578	0.0	-0.00609903829172	0.998385369778	-0.0564752183855	3.24826376229	5.53416762044	-62.8215026855	-8.846824646	-38.4812011719	0.958352641871	1.0	11.6400003433	11.0399999619	3.0	26.1399993896	0.976789620896	1.0	1
1.0	85.4039001465	1.0	1.0	991.653015137	1.0	1.0	14.6599998474	2.54991763861	0.343167483807	-0.925669252872	0.159287616611	0.0	7.84433274227	-67.0247497559	-1.34594500065	-15.4385499954	0.87845102783	0.0	0.0	0.0	0.0	0.0	-1.0	0.0	1
1.0	2999.00317383	5.0	1.0	3019.46240234	6.0	2.0	0.0	10.0	0.0	0.0	0.0	0.0	0.0	0.0	0.0	0.0	2.0	6.0	5.17999982834	33.524400048	5.0	27.8999996185	0.974658046399	1.0	1
1.0	4328.62011719	5.0	3.0	4998.43798828	5.0	2.0	24.1999998093	2.54991763861	0.343167483807	-0.925669252872	0.159287616611	20.7160260172	21.032901975	-67.0247497559	-1.34594500065	-15.4385499954	0.87845102783	5.0	6.46000003815	40.1044004485	5.0	27.8999996185	0.650630735903	1.0	1
1.0	194.671691895	1.0	1.0	2711.04199219	2.0	1.0	14.8800001144	3.19538726346	0.208148166537	-0.973925590515	-0.0902402326465	0.0	16.1685947863	-66.5840454102	-3.88931512833	-37.119102478	0.549492359187	0.0	0.0	0.0	0.0	0.0	0.226299250337	1.0	1
1.0	189.781890869	2.0	2.0	991.653015137	1.0	1.0	24.1999998093	2.54991763861	0.343167483807	-0.925669252872	0.159287616611	0.0	7.84433274227	-67.0247497559	-1.34594500065	-15.4385499954	0.87845102783	0.0	0.0	0.0	0.0	0.0	0.0657012165851	1.0	1
1.0	280.075592041	2.0	2.0	3007.12988281	2.0	1.0	29.5399999619	2.54991763861	0.343167483807	-0.925669252872	0.159287616611	0.0	15.2380877443	-67.0247497559	-1.34594500065	-15.4385499954	0.87845102783	0.0	0.0	0.0	0.0	0.0	0.251116405062	1.0	1
1.0	5616.14160156	2.0	1.0	5063.80126953	5.0	3.0	13.1800003052	3.25043073881	0.21541313827	-0.845419466496	-0.488736242056	8.08794542626	15.0509235845	-66.15675354	-2.88267993927	-12.3082799911	0.417104389613	16.0	11.1999998093	129.583598733	0.0	32.9799995422	0.459424831388	1.0	1
1.0	980.570983887	1.0	0.0	1566.71704102	4.0	0.0	0.0	10.0	0.0	0.0	0.0	0.0	0.0	0.0	0.0	0.0	2.0	0.0	0.0	0.0	0.0	0.0	2.08609287952e-07	1.0	1
1.0	980.570983887	1.0	1.0	4407.35400391	4.0	2.0	17.7600002289	0.0	0.999825656414	0.0	0.0186732020229	1.08818717222	2.50977658303	-64.6177978516	1.96524000168	-7.42306995392	0.916276793783	1.0	18.1200008392	20.3600006104	0.0	18.1200008392	0.122429736669	1.0	1
1.0	66.5699005127	1.0	1.0	1009.40002441	1.0	1.0	4.15999984741	2.95563364197	0.249571204185	-0.966636240482	0.0576937422156	4.66805390466	5.35821551464	-70.0276947021	4.12342023849	-13.7414999008	0.948557454013	0.0	0.0	0.0	0.0	0.0	-1.0	0.0	1
1.0	561.231933594	3.0	3.0	2055.39013672	1.0	1.0	21.7999992371	1.45598419449	0.104111075401	0.302017003298	-0.94760042429	11.7040265043	0.0	-67.3093490601	-2.70875000954	-7.96358013153	0.239411754407	0.0	0.0	0.0	0.0	0.0	0.111593774773	1.0	1
1.0	86.123298645	1.0	1.0	1139.2199707	1.0	1.0	3.51999998093	2.80431633409	0.378918617964	-0.904214680195	-0.197019010782	0.0	1.02131369671	-71.2436523438	-3.00576210022	-11.030500412	0.783407395191	0.0	0.0	0.0	0.0	0.0	-1.0	0.0	1
1.0	1261.20654297	4.0	2.0	3824.08325195	6.0	1.0	29.7999997139	2.49195702901	0.075139708817	-0.961772382259	0.263339757919	0.0	33.6947232331	-68.9687042236	-4.84273004532	-35.4370498657	0.66262078025	0.0	0.0	0.0	0.0	0.0	0.164174664058	1.0	1
1.0	88.116897583	1.0	0.0	86.123298645	1.0	0.0	0.0	10.0	0.0	0.0	0.0	0.0	0.0	0.0	0.0	0.0	2.0	0.0	0.0	0.0	0.0	0.0	2.08609287952e-07	1.0	1
1.0	744.737915039	2.0	2.0	2667.20068359	4.0	3.0	53.8799996376	0.0	-0.982117950916	0.129157796502	0.1369766891	18.2851229174	14.3916115562	-69.4844512939	-7.00062990189	-13.2597503662	0.656689335771	1.0	7.63999986649	7.40000009537	0.0	7.63999986649	0.0513708911171	1.0	1
1.0	180.057006836	1.0	1.0	1541.41003418	1.0	1.0	15.3199996948	2.8731725109	0.082421310246	-0.991399168968	0.101658128202	1.38612035989	17.0718171109	-69.3903045654	-7.74494504929	-16.657699585	0.760655672184	0.0	0.0	0.0	0.0	0.0	-1.0	0.0	1
1.0	1108.48986816	4.0	1.0	5285.71240234	5.0	1.0	15.3199996948	2.8731725109	0.082421310246	-0.991399168968	0.101658128202	1.38612035989	21.795324285	-69.3903045654	-7.74494504929	-16.657699585	0.760655672184	0.0	0.0	0.0	0.0	0.0	0.0132926668798	1.0	1
1.0	180.057006836	1.0	0.0	682.15802002	1.0	0.0	0.0	10.0	0.0	0.0	0.0	0.0	0.0	0.0	0.0	0.0	2.0	0.0	0.0	0.0	0.0	0.0	2.08609287952e-07	1.0	1
1.0	125.505996704	1.0	1.0	429.532012939	1.0	1.0	5.42000007629	0.0	0.0289028137922	-0.963133394718	0.267467111349	0.0	2.40324380226	-64.0838470459	-1.84848499298	-13.5030498505	0.927362469999	0.0	0.0	0.0	1.0	11.7600002289	-1.0	0.0	1
1.0	3354.6652832	4.0	2.0	3576.36083984	6.0	4.0	21.6000003815	1.40353126507	0.524272620678	-0.645899713039	-0.554934024811	2.20544247296	16.2321226775	-58.2187995911	-12.0160999298	-37.6165008545	0.867115239253	7.0	1.96000003815	24.8175994307	2.0	14.1000003815	0.973122770859	1.0	1
1.0	2612.93920898	3.0	2.0	5182.08496094	8.0	3.0	16.4400005341	0.0	-0.0289028137922	0.963133394718	-0.267467111349	14.8647626869	17.9666121612	-64.0838470459	-1.84848499298	-13.5030498505	0.927362469999	1.0	1.96000003815	0.0	1.0	11.7600002289	0.813355652544	1.0	1
1.0	252.897994995	2.0	2.0	1684.51208496	3.0	3.0	44.8400001526	0.0	0.0289028137922	-0.963133394718	0.267467111349	8.15711387341	9.56044008681	-64.0838470459	-1.84848499298	-13.5030498505	0.927362469999	0.0	0.0	0.0	2.0	11.7600002289	0.045671306581	1.0	1
1.0	252.897994995	2.0	1.0	567.418029785	1.0	1.0	6.23999977112	1.48508588934	0.473234981298	-0.847215592861	0.241400867701	12.9784810034	8.92859591113	-63.2020492554	-12.4888496399	-25.1417007446	0.89031517242	0.0	0.0	0.0	0.0	0.0	0.598790582397	1.0	1
1.0	1996.39404297	2.0	1.0	3408.89331055	4.0	1.0	0.0	10.0	0.0	0.0	0.0	0.0	0.0	0.0	0.0	0.0	2.0	7.0	13.6800003052	49.822328046	6.0	20.4599990845	0.463207730486	1.0	1
1.0	411.528015137	1.0	1.0	2854.81689453	4.0	1.0	0.0	10.0	0.0	0.0	0.0	0.0	0.0	0.0	0.0	0.0	2.0	1.0	23.3400001526	9.35999965668	1.0	23.3400001526	0.084175342706	1.0	1
1.0	95.0280990601	1.0	0.0	1036.12573242	1.0	0.0	0.0	10.0	0.0	0.0	0.0	0.0	0.0	0.0	0.0	0.0	2.0	0.0	0.0	0.0	0.0	0.0	2.08609287952e-07	0.0	1
1.0	1093.32299805	1.0	1.0	4958.49316406	5.0	2.0	0.0	10.0	0.0	0.0	0.0	0.0	0.0	0.0	0.0	0.0	2.0	4.0	3.8599998951	13.9600001574	4.0	11.5799999237	0.0627591595498	1.0	1
1.0	569.053710938	2.0	2.0	1289.16796875	2.0	2.0	1.0	3.14690003825	0.4704028368	-0.862368106842	0.187196031213	0.0	8.09520674759	-63.9870986938	-3.39745545387	-35.5663986206	0.998997804046	1.0	11.2399997711	2.03600001335	0.0	11.2399997711	0.0456713565445	1.0	1
1.0	619.983093262	2.0	2.0	2325.29370117	3.0	3.0	33.6600005627	2.38861258582	0.421452134848	-0.784780144691	0.454420745373	0.0	19.8611611266	-65.1139984131	-1.36622548103	-35.1969528198	0.95671125173	1.0	12.8999996185	13.9399995804	0.0	12.8999996185	0.0114253031408	1.0	1
1.0	1797.37194824	5.0	2.0	5014.99169922	4.0	2.0	18.3600006104	3.34823834801	0.211895257235	-0.970333874226	-0.116415604949	0.0	18.4108371919	-68.1912536621	-2.62874507904	-27.9203491211	0.664093591107	1.0	34.5200004578	9.47999954224	0.0	34.5200004578	0.00953646060992	1.0	1
1.0	102.700996399	1.0	1.0	3658.15991211	1.0	1.0	18.3600006104	3.34823834801	0.211895257235	-0.970333874226	-0.116415604949	0.0	26.1997406797	-68.1912536621	-2.62874507904	-27.9203491211	0.664093591107	0.0	0.0	0.0	0.0	0.0	0.169994495783	1.0	1
1.0	578.700683594	3.0	0.0	835.914001465	3.0	0.0	0.0	10.0	0.0	0.0	0.0	0.0	0.0	0.0	0.0	0.0	2.0	0.0	0.0	0.0	0.0	0.0	2.08609287952e-07	1.0	1
1.0	226.865005493	1.0	1.0	2615.71289062	3.0	2.0	22.2399997711	0.0	-0.992686808109	0.0704647004604	0.0980186015368	0.0	38.111574557	-67.6620483398	3.17883014679	-30.5352516174	0.628204038364	1.0	9.42000007629	8.81999969482	0.0	9.42000007629	0.113763377385	1.0	1
1.0	105.800003052	1.0	0.0	198.339996338	1.0	0.0	0.0	10.0	0.0	0.0	0.0	0.0	0.0	0.0	0.0	0.0	2.0	0.0	0.0	0.0	0.0	0.0	2.08609287952e-07	1.0	1
1.0	226.865005493	1.0	1.0	2615.71289062	3.0	2.0	22.2399997711	0.0	-0.992686808109	0.0704647004604	0.0980186015368	0.0	38.111574557	-67.6620483398	3.17883014679	-30.5352516174	0.628204038364	1.0	9.42000007629	8.81999969482	0.0	9.42000007629	0.219188030594	1.0	1
1.0	154.720993042	1.0	1.0	1473.35095215	1.0	1.0	3.31999993324	3.18204330416	0.104114063084	-0.992796778679	-0.059286378324	3.7597154491	11.3710528294	-67.9648971558	-2.70710492134	-19.1688499451	0.853632739792	0.0	0.0	0.0	0.0	0.0	-1.0	0.0	2
1.0	668.960998535	1.0	1.0	1784.06896973	2.0	2.0	15.5399999619	0.0	-0.995595753193	0.0935870632529	-0.00552716292441	2.78350346752	30.1371769577	-67.0424041748	1.58261501789	-6.1310300827	0.746401050548	1.0	5.28000020981	5.19999980927	2.0	20.8999996185	0.0329470718401	1.0	2
1.0	138.628997803	1.0	1.0	2638.04492188	3.0	2.0	22.3999996185	0.0	0.995595395565	-0.0935863479972	0.00560228899121	3.90149390978	40.0608946173	-68.8768005371	3.52215480804	-22.4472503662	0.899730609178	1.0	9.52000045776	8.85999965668	1.0	9.52000045776	0.0329470718401	1.0	2
1.0	65.119102478	1.0	0.0	947.426025391	1.0	0.0	0.0	10.0	0.0	0.0	0.0	0.0	0.0	0.0	0.0	0.0	2.0	0.0	0.0	0.0	0.0	0.0	2.08609287952e-07	0.0	2
1.0	100.638000488	1.0	1.0	2554.79394531	2.0	2.0	23.1400003433	0.0	-0.0334159657359	-0.984705209732	0.170994237065	2.37663853922	18.1519129134	-68.7823486328	-1.07116603851	-29.472700119	0.889283491568	1.0	11.9200000763	11.4799995422	0.0	11.9200000763	0.0723831873565	1.0	2
1.0	100.638000488	1.0	1.0	1691.58203125	1.0	1.0	14.1800003052	2.21057913204	0.193138405681	-0.958943009377	-0.207667574286	0.0	15.3360901295	-66.2779006958	-7.40281486511	-36.5652008057	0.674968290869	0.0	0.0	0.0	0.0	0.0	0.0723831873565	1.0	2
1.0	324.338012695	1.0	1.0	2331.09399414	1.0	1.0	30.5799999237	2.21057913204	0.193138405681	-0.958943009377	-0.207667574286	0.0	15.3360901295	-66.2779006958	-7.40281486511	-36.5652008057	0.674968290869	0.0	0.0	0.0	0.0	0.0	0.182502793424	1.0	2
1.0	352.552001953	1.0	1.0	597.247009277	1.0	1.0	25.5200004578	3.08717340757	0.173912867904	-0.817987978458	0.548315644264	11.3028377974	3.71576208081	-69.3398513794	-4.91022491455	-16.6527996063	0.957684944147	0.0	0.0	0.0	0.0	0.0	-1.0	0.0	2
1.0	352.552001953	1.0	1.0	2801.52197266	3.0	2.0	46.5	1.0087170349	0.046195961535	0.993739962578	-0.101719595492	3.65763936282	25.9786265494	-68.4938049316	0.741881489754	-28.0207500458	0.869201114143	0.0	0.0	0.0	0.0	0.0	0.192678293162	1.0	2
1.0	535.210021973	2.0	1.0	597.247009277	1.0	1.0	25.5200004578	3.08717340757	0.173912867904	-0.817987978458	0.548315644264	11.3028377974	3.71576208081	-69.3398513794	-4.91022491455	-16.6527996063	0.957684944147	0.0	0.0	0.0	0.0	0.0	0.17228779793	1.0	2
1.0	131.259002686	1.0	1.0	1201.95898438	1.0	1.0	13.0200004578	2.07947112347	-0.0316594280303	-0.955997824669	-0.291660547256	0.0	15.7261535824	-67.9648513794	-7.10122489929	-13.1282997131	0.647691564301	0.0	0.0	0.0	0.0	0.0	-1.0	0.0	2
1.0	781.875	3.0	3.0	2667.39404297	2.0	1.0	23.9200000763	0.0	-0.00609903829172	0.998385369778	-0.0564752183855	3.24826376229	5.53416762044	-62.8215026855	-8.846824646	-38.4812011719	0.958352641871	3.0	7.42000007629	34.4200000763	5.0	26.1399993896	0.969233869865	1.0	2
1.0	292.687988281	2.0	2.0	1040.5300293	1.0	1.0	13.0200004578	2.07947112347	-0.0316594280303	-0.955997824669	-0.291660547256	0.0	15.7261535824	-67.9648513794	-7.10122489929	-13.1282997131	0.647691564301	0.0	0.0	0.0	1.0	25.4400005341	0.2137427382	1.0	2
1.0	1319.97802734	1.0	1.0	1033.91101074	3.0	3.0	31.2199993134	0.0	-0.00609903829172	0.998385369778	-0.0564752183855	3.24826376229	5.53416762044	-62.8215026855	-8.846824646	-38.4812011719	0.958352641871	4.0	2.6400001049	39.1399993896	2.0	26.8600006104	0.987691912413	1.0	2
1.0	781.875	3.0	3.0	4471.57128906	1.0	1.0	23.9200000763	0.0	-0.00609903829172	0.998385369778	-0.0564752183855	3.24826376229	17.6557478348	-62.8215026855	-8.846824646	-38.4812011719	0.958352641871	6.0	3.75999999046	79.7800006866	7.0	26.8600006104	0.859417888203	1.0	2
1.0	131.259002686	1.0	0.0	1758.25793457	2.0	0.0	0.0	10.0	0.0	0.0	0.0	0.0	0.0	0.0	0.0	0.0	2.0	0.0	0.0	0.0	0.0	0.0	2.08609287952e-07	1.0	2
1.0	1660.97607422	3.0	3.0	3558.54296875	3.0	3.0	63.7999992371	0.0	-0.00609903829172	0.998385369778	-0.0564752183855	3.24826376229	17.6557478348	-62.8215026855	-8.846824646	-38.4812011719	0.958352641871	8.0	2.6400001049	86.3400001526	7.0	26.8600006104	0.966338610388	1.0	2
1.0	85.4039001465	1.0	1.0	991.653015137	1.0	1.0	14.6599998474	2.54991763861	0.343167483807	-0.925669252872	0.159287616611	0.0	7.84433274227	-67.0247497559	-1.34594500065	-15.4385499954	0.87845102783	0.0	0.0	0.0	0.0	0.0	-1.0	0.0	2
1.0	280.075592041	2.0	2.0	2100.453125	2.0	1.0	29.5399999619	2.54991763861	0.343167483807	-0.925669252872	0.159287616611	0.0	15.2380877443	-67.0247497559	-1.34594500065	-15.4385499954	0.87845102783	0.0	0.0	0.0	0.0	0.0	0.251116405062	1.0	2
1.0	90.2937011719	1.0	0.0	580.679016113	1.0	0.0	0.0	10.0	0.0	0.0	0.0	0.0	0.0	0.0	0.0	0.0	2.0	0.0	0.0	0.0	0.0	0.0	2.08609287952e-07	1.0	2
1.0	980.570983887	1.0	1.0	3784.25585938	2.0	2.0	17.7600002289	0.0	0.999825656414	0.0	0.0186732020229	1.08818717222	2.50977658303	-64.6177978516	1.96524000168	-7.42306995392	0.916276793783	1.0	18.1200008392	20.3600006104	0.0	18.1200008392	0.122429736669	1.0	2
1.0	66.5699005127	1.0	1.0	1009.40002441	1.0	1.0	4.15999984741	2.95563364197	0.249571204185	-0.966636240482	0.0576937422156	4.66805390466	5.35821551464	-70.0276947021	4.12342023849	-13.7414999008	0.948557454013	0.0	0.0	0.0	0.0	0.0	-1.0	0.0	2
1.0	182.336898804	2.0	2.0	3522.42602539	2.0	1.0	21.7999992371	2.95563364197	0.249571204185	-0.966636240482	0.0576937422156	4.66805390466	17.9649745927	-70.0276947021	4.12342023849	-13.7414999008	0.948557454013	0.0	0.0	0.0	0.0	0.0	0.111593774773	1.0	2
1.0	215.354904175	2.0	1.0	1009.40002441	1.0	1.0	4.15999984741	2.95563364197	0.249571204185	-0.966636240482	0.0576937422156	4.66805390466	5.35821551464	-70.0276947021	4.12342023849	-13.7414999008	0.948557454013	0.0	0.0	0.0	0.0	0.0	0.0329470718401	1.0	2
1.0	331.121887207	2.0	2.0	3143.53100586	2.0	1.0	21.7999992371	2.95563364197	0.249571204185	-0.966636240482	0.0576937422156	4.66805390466	17.1773061331	-70.0276947021	4.12342023849	-13.7414999008	0.948557454013	0.0	0.0	0.0	0.0	0.0	0.201547927871	1.0	2
1.0	66.5699005127	1.0	0.0	295.028015137	1.0	0.0	0.0	10.0	0.0	0.0	0.0	0.0	0.0	0.0	0.0	0.0	2.0	0.0	0.0	0.0	0.0	0.0	2.08609287952e-07	1.0	2
1.0	86.123298645	1.0	1.0	1139.2199707	1.0	1.0	3.51999998093	2.80431633409	0.378918617964	-0.904214680195	-0.197019010782	0.0	1.02131369671	-71.2436523438	-3.00576210022	-11.030500412	0.783407395191	0.0	0.0	0.0	0.0	0.0	-1.0	0.0	2
1.0	86.123298645	1.0	1.0	2000.39355469	2.0	1.0	8.78000020981	2.73156550351	0.429432064295	-0.902832627296	-0.0219393987209	0.0	16.4538666827	-71.1315002441	-2.81852197647	-10.3376502991	0.813586010808	0.0	0.0	0.0	0.0	0.0	0.0570669315724	1.0	2
1.0	379.504302979	2.0	2.0	1139.2199707	1.0	1.0	12.3399996758	0.0	-0.982117950916	0.129157796502	0.1369766891	9.02456398084	1.79011639404	-69.4844512939	-7.00062990189	-13.2597503662	0.656689335771	1.0	7.63999986649	7.40000009537	0.0	7.63999986649	0.0570669315724	1.0	2
1.0	180.057006836	1.0	1.0	1541.41003418	1.0	1.0	15.3199996948	2.8731725109	0.082421310246	-0.991399168968	0.101658128202	1.38612035989	17.0718171109	-69.3903045654	-7.74494504929	-16.657699585	0.760655672184	0.0	0.0	0.0	0.0	0.0	-1.0	0.0	2
1.0	125.505996704	1.0	1.0	429.532012939	1.0	1.0	5.42000007629	0.0	0.0289028137922	-0.963133394718	0.267467111349	0.0	2.40324380226	-64.0838470459	-1.84848499298	-13.5030498505	0.927362469999	0.0	0.0	0.0	1.0	11.7600002289	-1.0	0.0	2
1.0	252.897994995	2.0	2.0	302.140014648	1.0	1.0	17.0	0.0	-0.028803518042	0.963105082512	-0.267579823732	14.2242757504	1.71870084364	-63.7555999756	-10.7264499664	-24.177898407	0.782481925671	0.0	0.0	0.0	2.0	11.7600002289	0.224619222814	1.0	2
1.0	252.897994995	2.0	2.0	1194.3770752	3.0	3.0	36.0399999619	0.0	0.0289028137922	-0.963133394718	0.267467111349	8.15711387341	9.56044008681	-64.0838470459	-1.84848499298	-13.5030498505	0.927362469999	0.0	0.0	0.0	2.0	11.7600002289	0.39924765831	1.0	2
1.0	127.391998291	1.0	0.0	125.505996704	1.0	0.0	0.0	10.0	0.0	0.0	0.0	0.0	0.0	0.0	0.0	0.0	2.0	0.0	0.0	0.0	0.0	0.0	2.08609287952e-07	1.0	2
1.0	95.0280990601	1.0	0.0	1036.12573242	1.0	0.0	0.0	10.0	0.0	0.0	0.0	0.0	0.0	0.0	0.0	0.0	2.0	0.0	0.0	0.0	0.0	0.0	2.08609287952e-07	0.0	2
1.0	44.0987014771	1.0	1.0	2880.81469727	3.0	1.0	0.0	10.0	0.0	0.0	0.0	0.0	0.0	0.0	0.0	0.0	2.0	2.0	11.2399997711	6.15599989891	0.0	13.3000001907	0.0342639326353	1.0	2
1.0	569.053710938	2.0	2.0	604.243896484	2.0	2.0	30.5200004578	2.38861258582	0.421452134848	-0.784780144691	0.454420745373	0.0	10.5898829182	-65.1139984131	-1.36622548103	-35.1969528198	0.95671125173	1.0	13.3000001907	4.11999988556	0.0	13.3000001907	0.324850470663	1.0	2
1.0	619.983093262	2.0	0.0	927.905029297	1.0	0.0	0.0	10.0	0.0	0.0	0.0	0.0	0.0	0.0	0.0	0.0	2.0	0.0	0.0	0.0	0.0	0.0	2.08609287952e-07	1.0	2
1.0	102.700996399	1.0	0.0	2507.65991211	1.0	0.0	0.0	10.0	0.0	0.0	0.0	0.0	0.0	0.0	0.0	0.0	2.0	0.0	0.0	0.0	0.0	0.0	2.08609287952e-07	1.0	2
1.0	105.800003052	1.0	1.0	226.865005493	1.0	1.0	9.11999988556	0.0	0.992686808109	-0.0704647004604	-0.0980186015368	1.81493429796	0.0	-67.6620483398	3.17883014679	-30.5352516174	0.628204038364	1.0	9.42000007629	8.81999969482	0.0	9.42000007629	0.27284214664	1.0	2
1.0	332.665008545	1.0	1.0	2509.91308594	2.0	1.0	23.9200000763	2.82994164558	0.362798064947	-0.885969460011	0.288852334023	0.0	24.5026205493	-67.7399520874	-7.27081489563	-34.1027488708	0.720506543781	0.0	0.0	0.0	0.0	0.0	0.108120704679	1.0	2
1.0	226.865005493	1.0	0.0	575.851989746	2.0	0.0	0.0	10.0	0.0	0.0	0.0	0.0	0.0	0.0	0.0	0.0	2.0	0.0	0.0	0.0	0.0	0.0	2.08609287952e-07	1.0	2
1.0	230.654006958	1.0	0.0	1208.81994629	1.0	0.0	0.0	10.0	0.0	0.0	0.0	0.0	0.0	0.0	0.0	0.0	2.0	0.0	0.0	0.0	0.0	0.0	2.08609287952e-07	0.0	3
1.0	2525.1862793	3.0	2.0	7609.86669922	3.0	1.0	8.17999994755	0.0	0.0314129851758	-0.976050436497	0.215264454484	19.5612788062	2.59882981139	-70.5473480225	5.76612997055	-2.9482049942	0.918971434022	14.0	7.42000007629	130.911862589	15.0	31.2999992371	0.688946224228	1.0	3
1.0	4267.98339844	2.0	1.0	5292.01171875	4.0	1.0	21.279999733	0.0	0.0314129889011	-0.976049542427	0.215268492699	10.6218971978	5.41015974577	-65.8323516846	-0.354156494141	-0.0876577496529	0.963758184116	16.0	5.84000015259	59.8673318061	9.0	31.2999992371	0.967058061911	1.0	3
1.0	303.052398682	1.0	1.0	2174.53710938	3.0	1.0	0.0	10.0	0.0	0.0	0.0	0.0	0.0	0.0	0.0	0.0	2.0	2.0	27.1599998474	10.8199996948	2.0	28.4599990845	0.00483394731883	1.0	3
1.0	1509.08740234	1.0	1.0	3319.34130859	3.0	1.0	10.4600000381	3.17943390156	0.259507000446	-0.690931022167	-0.674737334251	7.99750505335	11.5909192581	-67.9089508057	-3.68603587151	-5.01709461212	0.117595340266	1.0	5.84000015259	2.92000007629	0.0	5.84000015259	0.10116621473	1.0	3
1.0	1351.5324707	1.0	1.0	1364.07495117	2.0	1.0	10.4600000381	3.17943390156	0.259507000446	-0.690931022167	-0.674737334251	7.99750505335	2.52772538855	-67.9089508057	-3.68603587151	-5.01709461212	0.117595340266	0.0	0.0	0.0	0.0	0.0	0.10116621473	1.0	3
1.0	121.013000488	1.0	1.0	1206.11999512	1.0	1.0	19.6399993896	2.67976864172	0.293769329786	-0.949352681637	0.111486203969	4.6782781052	5.46397175165	-69.9598007202	-2.66516447067	-15.233300209	0.880965438554	0.0	0.0	0.0	0.0	0.0	-1.0	0.0	3
1.0	1747.38000488	2.0	0.0	4355.41259766	4.0	0.0	0.0	10.0	0.0	0.0	0.0	0.0	0.0	0.0	0.0	0.0	2.0	0.0	0.0	0.0	0.0	0.0	2.08609287952e-07	1.0	3
1.0	92.1303024292	1.0	0.0	2177.13256836	1.0	0.0	0.0	10.0	0.0	0.0	0.0	0.0	0.0	0.0	0.0	0.0	2.0	0.0	0.0	0.0	0.0	0.0	2.08609287952e-07	0.0	3
1.0	3262.06298828	4.0	1.0	1552.59741211	5.0	2.0	0.0	10.0	0.0	0.0	0.0	0.0	0.0	0.0	0.0	0.0	2.0	4.0	11.279999733	18.4368005916	0.0	25.9400005341	0.135393955752	1.0	3
1.0	525.851318359	2.0	1.0	2149.96972656	1.0	1.0	7.99039983749	0.0	-0.0535331480205	-0.956512629986	0.286736518145	1.07415214864	24.3943954218	-58.1287498474	-9.5980796814	-37.9939002991	0.185220977453	2.0	7.55999994278	16.1800003052	0.0	10.5799999237	0.135394150011	1.0	3
1.0	319.42199707	1.0	1.0	3912.90283203	2.0	1.0	0.0	10.0	0.0	0.0	0.0	0.0	0.0	0.0	0.0	0.0	2.0	2.0	33.7400016785	11.0812001824	0.0	36.2999992371	0.135394150011	1.0	3
1.0	897.503967285	2.0	2.0	1798.5559082	3.0	2.0	4.65999984741	0.0	-0.0535350032151	-0.956508457661	0.286750018597	1.61895089098	23.9914852744	-59.348449707	-10.852399826	-38.7899017334	0.528432857457	3.0	7.55999994278	22.5015995428	0.0	25.5	0.241243656147	1.0	3
1.0	268.347991943	1.0	0.0	1074.3046875	1.0	0.0	0.0	10.0	0.0	0.0	0.0	0.0	0.0	0.0	0.0	0.0	2.0	0.0	0.0	0.0	0.0	0.0	2.08609287952e-07	0.0	3
1.0	3707.66162109	6.0	2.0	5315.45117188	5.0	2.0	14.9200000763	3.27223172434	0.158160582185	-0.987296581268	0.0151858236641	13.6651066416	23.1125856135	-68.6093521118	-9.70268535614	-19.5848999023	0.206082126061	7.0	11.720000267	36.4097685367	4.0	25.3199996948	0.882781468916	1.0	3
1.0	268.347991943	1.0	1.0	3268.94287109	2.0	1.0	10.3400001526	0.0	-0.0335469059646	-0.986672461033	0.159223422408	1.04237027544	28.7255970519	-69.3694458008	-2.82305502892	-18.4383010864	0.199378157476	1.0	11.9200000763	12.2600002289	0.0	11.9200000763	0.158610489817	1.0	3
1.0	51.0447006226	1.0	0.0	842.610961914	2.0	0.0	0.0	10.0	0.0	0.0	0.0	0.0	0.0	0.0	0.0	0.0	2.0	0.0	0.0	0.0	0.0	0.0	2.08609287952e-07	1.0	3
1.0	400.233001709	2.0	2.0	2256.09301758	1.0	1.0	25.1999998093	0.0	-0.999265253544	0.030987104401	0.0225543752313	5.81593787339	15.3772087712	-66.8999023438	-12.5734500885	-8.02773475647	0.617782328008	1.0	8.52000045776	7.48000001907	0.0	8.52000045776	0.28862943954	1.0	3
1.0	4515.25195312	1.0	1.0	4836.88427734	5.0	2.0	18.0799994469	0.0	-0.00760352332145	0.965324819088	-0.2609410882	11.3145354724	12.0523325948	-67.3332519531	0.559640467167	-6.83824491501	0.0385386501421	6.0	20.1200008392	78.0400013924	3.0	27.3600006104	0.984284653466	1.0	3
1.0	1178.73986816	2.0	1.0	2778.53833008	7.0	2.0	16.5999999046	0.0	-0.00760352332145	0.965324819088	-0.2609410882	3.05386476261	12.0523325948	-67.3332519531	0.559640467167	-6.83824491501	0.0385386501421	1.0	20.1200008392	23.6800003052	1.0	20.1200008392	0.0329470718401	1.0	3
1.0	4386.54541016	2.0	2.0	6375.40380859	5.0	4.0	23.6799995899	0.0	0.00760397640988	-0.965320646763	0.260956376791	0.0	18.7612427957	-63.1804504395	-10.5637493134	-3.96741485596	0.95576147959	13.0	15.5	138.160002232	9.0	40.0400009155	0.999566910877	1.0	3
1.0	267.457000732	1.0	0.0	972.603027344	1.0	0.0	0.0	10.0	0.0	0.0	0.0	0.0	0.0	0.0	0.0	0.0	2.0	0.0	0.0	0.0	0.0	0.0	2.08609287952e-07	1.0	3
1.0	1123.5300293	2.0	2.0	3537.3449707	1.0	1.0	31.5799999237	0.0	0.00760397640988	-0.965320646763	0.260956376791	0.0	14.2668783135	-63.1804504395	-10.5637493134	-3.96741485596	0.95576147959	0.0	0.0	0.0	1.0	24.2999992371	0.615983282095	1.0	3
1.0	1390.98706055	3.0	3.0	2910.51904297	1.0	1.0	27.5799999237	0.0	0.00760397640988	-0.965320646763	0.260956376791	0.0	14.2668783135	-63.1804504395	-10.5637493134	-3.96741485596	0.95576147959	3.0	15.5	25.3400006294	1.0	24.2999992371	0.026361090704	1.0	3
