valid	volumeS1	connectedComponentsS1	connectedComponentsS1Rel	volumeS2	connectedComponentsS2	connectedComponentsS2Rel	corticalSize	distanceMin	direction_x	direction_y	direction_z	distanceToExtremity1	distanceToExtremity2	gravityCenter_x	gravityCenter_y	gravityCenter_z	corticalDotProduct	junctions	junctionDepthMin	junctionsSize	plisDePassage	plisDePassageDepthMax	Potential	Class	cycle
1.0	9825.65332031	6.0	1.0	1948.78637695	3.0	3.0	0.0	10.0	0.0	0.0	0.0	0.0	0.0	0.0	0.0	0.0	2.0	13.0	13.0200004578	258.516401887	2.0	42.5	0.988668036774	1.0	1
1.0	2218.00195312	7.0	1.0	566.377990723	3.0	1.0	0.0	10.0	0.0	0.0	0.0	0.0	0.0	0.0	0.0	0.0	2.0	0.0	0.0	0.0	1.0	16.5599994659	0.141769636493	1.0	1
1.0	9295.76171875	6.0	2.0	1315.61364746	1.0	1.0	0.0	10.0	0.0	0.0	0.0	0.0	0.0	0.0	0.0	0.0	2.0	8.0	16.2199993134	178.100002289	1.0	43.7799987793	0.990622614853	1.0	1
1.0	1174.54870605	4.0	0.0	1535.18493652	1.0	0.0	0.0	10.0	0.0	0.0	0.0	0.0	0.0	0.0	0.0	0.0	2.0	0.0	0.0	0.0	0.0	0.0	0.00323373194517	1.0	1
1.0	7331.44921875	5.0	1.0	1535.18493652	1.0	1.0	0.0	10.0	0.0	0.0	0.0	0.0	0.0	0.0	0.0	0.0	2.0	8.0	13.0200004578	164.820000648	2.0	42.5	0.966407590573	1.0	1
1.0	7060.08691406	4.0	1.0	1665.52319336	4.0	4.0	45.7200000286	1.72130471147	-0.0419187732041	-0.131147488952	-0.990476250648	26.9107367975	23.7360357144	-73.9214019775	1.46091508865	-10.6658849716	0.643626972711	6.0	16.2199993134	179.220002651	2.0	43.7799987793	0.98439585646	1.0	1
1.0	6703.17822266	4.0	1.0	2749.31396484	2.0	2.0	0.0	10.0	0.0	0.0	0.0	0.0	0.0	0.0	0.0	0.0	2.0	7.0	13.0200004578	183.669599533	3.0	43.7799987793	0.983582253135	1.0	1
1.0	6532.1015625	3.0	2.0	3038.10400391	3.0	3.0	47.7200000286	1.72130471147	-0.0419187732041	-0.131147488952	-0.990476250648	26.9107367975	23.7360357144	-73.9214019775	1.46091508865	-10.6658849716	0.643626972711	9.0	13.0200004578	175.480000019	3.0	43.7799987793	0.995206769195	1.0	1
1.0	4420.61523438	1.0	1.0	154.720993042	1.0	1.0	14.2600002289	0.0	0.104936510324	0.992567062378	0.0616358891129	35.099793584	2.10324887008	-68.1974029541	5.43212509155	-11.3808002472	0.415777366925	2.0	2.11999988556	5.19999980927	2.0	5.28000020981	-1.0	0.0	1
1.0	6763.68994141	6.0	3.0	1508.30615234	4.0	3.0	17.2000000477	0.0	-0.105040483177	-0.992555737495	-0.0616411678493	21.6947683033	2.33152361429	-68.2934494019	23.476650238	-33.9916000366	0.607065954136	25.0	8.85999965668	168.666401476	18.0	38.7599983215	0.998130173792	1.0	1
1.0	4405.06054688	8.0	3.0	172.907592773	2.0	2.0	10.9600002766	0.0	-0.105040483177	-0.992555737495	-0.0616411678493	0.992891696403	2.33152361429	-68.2934494019	23.476650238	-33.9916000366	0.607065954136	3.0	11.6599998474	29.0799999237	2.0	34.8600006104	0.76787813863	1.0	1
1.0	4368.78320312	6.0	4.0	1895.89086914	2.0	2.0	30.0999994278	0.0	0.995595753193	-0.0935870632529	0.00552716292441	42.4436790555	2.78350346752	-67.0424041748	1.58261501789	-6.1310300827	0.746401050548	10.0	5.28000020981	59.8203998804	11.0	36.8199996948	0.992155099133	1.0	1
1.0	5733.72802734	1.0	1.0	154.720993042	1.0	1.0	14.2600002289	0.0	0.104936510324	0.992567062378	0.0616358891129	47.7875696762	2.10324887008	-68.1974029541	5.43212509155	-11.3808002472	0.415777366925	2.0	2.11999988556	5.19999980927	2.0	5.28000020981	0.739429221718	1.0	1
1.0	5149.21484375	2.0	2.0	1120.25805664	2.0	2.0	42.5	0.0	-0.104936510324	-0.992567062378	-0.0616358891129	34.5311459044	7.82684895057	-68.1974029541	5.43212509155	-11.3808002472	0.415777366925	9.0	5.28000020981	58.3347993344	8.0	27.3799991608	0.999605083431	1.0	1
1.0	5750.44140625	1.0	1.0	438.207000732	2.0	2.0	14.2600002289	0.0	0.104936510324	0.992567062378	0.0616358891129	35.099793584	2.10324887008	-68.1974029541	5.43212509155	-11.3808002472	0.415777366925	6.0	2.11999988556	39.1399998665	6.0	27.0	0.953781462289	1.0	1
1.0	5784.35839844	1.0	1.0	1790.34851074	3.0	3.0	51.9200000763	0.0	0.995595753193	-0.0935870632529	0.00552716292441	42.4436790555	2.78350346752	-67.0424041748	1.58261501789	-6.1310300827	0.746401050548	10.0	5.28000020981	105.559999943	11.0	39.0	0.999915533738	1.0	1
1.0	4464.30908203	7.0	3.0	1493.0715332	1.0	1.0	8.84000015259	0.0	-0.104936510324	-0.992567062378	-0.0616358891129	48.3980537465	5.26269873726	-68.1974029541	5.43212509155	-11.3808002472	0.415777366925	12.0	5.28000020981	94.5347991437	11.0	37.7200012207	0.993299155901	1.0	1
1.0	7399.27929688	2.0	2.0	2182.64257812	3.0	3.0	59.6799993515	0.0	0.995595753193	-0.0935870632529	0.00552716292441	42.4436790555	2.78350346752	-67.0424041748	1.58261501789	-6.1310300827	0.746401050548	25.0	2.11999988556	196.516398951	21.0	37.7200012207	0.999999956325	1.0	1
1.0	4821.01513672	1.0	1.0	65.119102478	1.0	1.0	0.0	10.0	0.0	0.0	0.0	0.0	0.0	0.0	0.0	0.0	2.0	1.0	16.9599990845	13.279999733	1.0	16.9599990845	-1.0	0.0	1
1.0	11386.6279297	7.0	1.0	582.061096191	3.0	2.0	0.0	10.0	0.0	0.0	0.0	0.0	0.0	0.0	0.0	0.0	2.0	12.0	18.0400009155	136.111600876	3.0	32.5800018311	0.999980189961	1.0	1
1.0	10468.0371094	5.0	2.0	794.813049316	3.0	3.0	42.3799991608	0.0	-0.0334237776697	-0.984688520432	0.171088695526	44.4283594293	0.0	-72.7024536133	16.1819000244	-34.2061462402	0.408505529892	7.0	7.98000001907	86.4799997807	5.0	18.3199996948	0.999006503761	1.0	1
1.0	9197.79980469	6.0	2.0	1985.74487305	5.0	5.0	52.9599987268	0.0	-0.999347567558	0.0346042104065	0.0103445192799	43.5555315276	2.09467190652	-73.9639511108	23.0277004242	-17.2645988464	0.0981885859016	15.0	7.98000001907	190.871200323	6.0	32.5800018311	0.984488881818	1.0	1
1.0	7348.95654297	2.0	1.0	968.496704102	5.0	5.0	51.859998703	0.0	-0.999347567558	0.0346042104065	0.0103445192799	43.5555315276	2.09467190652	-73.9639511108	23.0277004242	-17.2645988464	0.0981885859016	4.0	7.98000001907	59.9200000763	4.0	32.5800018311	0.997366703395	1.0	1
1.0	9093.04199219	2.0	1.0	1812.12976074	4.0	4.0	51.859998703	0.0	-0.999347567558	0.0346042104065	0.0103445192799	43.5555315276	2.09467190652	-73.9639511108	23.0277004242	-17.2645988464	0.0981885859016	16.0	7.98000001907	172.760400295	8.0	31.3199996948	0.999907368154	1.0	1
1.0	5797.47070312	2.0	1.0	370.288116455	2.0	2.0	0.0	10.0	0.0	0.0	0.0	0.0	0.0	0.0	0.0	0.0	2.0	3.0	16.9599990845	29.9195997715	2.0	26.6399993896	0.673643242181	1.0	1
1.0	6687.50195312	2.0	1.0	1691.2800293	1.0	1.0	0.0	10.0	0.0	0.0	0.0	0.0	0.0	0.0	0.0	0.0	2.0	6.0	18.3199996948	116.339599848	5.0	45.5800018311	0.994848225345	1.0	1
1.0	3908.37207031	1.0	1.0	352.552001953	1.0	1.0	15.9600000381	0.0	-0.998024463654	0.0332203768194	-0.0533257313073	33.8956989036	3.35254351084	-69.7314987183	4.63835000992	-12.6221504211	0.0631959871342	1.0	11.5799999237	11.6800003052	0.0	11.5799999237	-1.0	0.0	1
1.0	7041.55224609	6.0	1.0	1196.22692871	3.0	3.0	19.5399999619	0.0	-0.998024463654	0.0332203768194	-0.0533257313073	45.6606583602	3.35254351084	-69.7314987183	4.63835000992	-12.6221504211	0.0631959871342	13.0	11.5799999237	138.622399867	2.0	43.4399986267	0.978554595918	1.0	1
1.0	7283.23681641	4.0	1.0	655.181030273	3.0	3.0	43.3400001526	0.0	0.0461935810745	0.993750572205	-0.101616881788	27.6660289193	6.8201870415	-72.6329956055	25.3752994537	-16.3784999847	0.107789669214	4.0	12.6999998093	41.9748007059	1.0	12.6999998093	0.608566268965	1.0	1
1.0	11489.5292969	9.0	1.0	878.44329834	3.0	3.0	20.8600006104	0.0	0.0461935810745	0.993750572205	-0.101616881788	42.6518021241	0.0	-72.6329956055	25.3752994537	-16.3784999847	0.107789669214	17.0	12.6999998093	132.1528005	2.0	33.8199996948	0.992711394613	1.0	1
1.0	4047.7890625	1.0	1.0	352.552001953	1.0	1.0	15.9600000381	0.0	-0.998024463654	0.0332203768194	-0.0533257313073	33.8956989036	3.35254351084	-69.7314987183	4.63835000992	-12.6221504211	0.0631959871342	1.0	11.5799999237	11.6800003052	0.0	11.5799999237	0.182502798033	1.0	1
1.0	8436.46191406	2.0	1.0	1342.66125488	4.0	4.0	36.6199998856	0.0	-0.998024463654	0.0332203768194	-0.0533257313073	45.6606583602	15.8866193409	-69.7314987183	4.63835000992	-12.6221504211	0.0631959871342	12.0	11.5799999237	102.218401223	0.0	35.0200004578	0.989251044663	1.0	1
1.0	6510.35839844	2.0	1.0	496.827026367	2.0	2.0	20.8600006104	0.0	0.0461935810745	0.993750572205	-0.101616881788	27.6660289193	0.0	-72.6329956055	25.3752994537	-16.3784999847	0.107789669214	5.0	12.6999998093	46.8200006485	2.0	31.2800006866	0.85686965134	1.0	1
1.0	6781.59375	4.0	2.0	2033.57202148	2.0	2.0	34.8599996567	0.0	-0.998024463654	0.0332203768194	-0.0533257313073	45.6606583602	3.35254351084	-69.7314987183	4.63835000992	-12.6221504211	0.0631959871342	17.0	11.5799999237	157.418000311	3.0	43.4399986267	0.993299163655	1.0	1
1.0	8050.44238281	2.0	1.0	1194.50634766	3.0	3.0	15.9600000381	0.0	-0.998024463654	0.0332203768194	-0.0533257313073	35.1022315828	3.35254351084	-69.7314987183	4.63835000992	-12.6221504211	0.0631959871342	13.0	11.5799999237	91.3056011498	2.0	43.4399986267	0.917261713341	1.0	1
1.0	9776.33105469	2.0	1.0	1479.98400879	4.0	4.0	24.8800001144	0.0	-0.998024463654	0.0332203768194	-0.0533257313073	45.6606583602	15.8866193409	-69.7314987183	4.63835000992	-12.6221504211	0.0631959871342	14.0	11.5799999237	128.818800449	2.0	41.9799995422	0.990522833049	1.0	1
1.0	4408.12548828	1.0	1.0	131.259002686	1.0	1.0	14.9199995995	0.0	-0.994935154915	0.0	0.10051908344	31.3260228633	3.37914065875	-67.6890563965	2.44403004646	-5.39035987854	0.397344034127	1.0	7.42000007629	8.03999996185	1.0	7.42000007629	-1.0	0.0	1
1.0	12445.03125	7.0	1.0	1963.92211914	4.0	4.0	50.8399996758	0.0	0.00609923992306	-0.99838924408	0.0564064718783	18.6349451289	1.50108369504	-63.2154006958	-11.0295495987	-0.539524018764	0.398284661143	9.0	6.0	92.3008007258	5.0	34.2599983215	0.999988879969	1.0	1
1.0	6848.82714844	5.0	3.0	1258.9552002	4.0	3.0	27.7228000164	0.0	-0.00610281573609	0.998389780521	-0.056396856904	31.6943817064	5.12362859034	-67.9389038086	5.13091468811	-2.49639987946	0.416197521399	14.0	7.42000007629	172.592799902	8.0	36.9000015259	0.91535872	1.0	1
1.0	9314.97070312	10.0	2.0	1823.22802734	4.0	4.0	50.8399996758	0.0	0.00609923992306	-0.99838924408	0.0564064718783	18.6349451289	1.50108369504	-63.2154006958	-11.0295495987	-0.539524018764	0.398284661143	7.0	6.0	73.1600012779	7.0	34.2599983215	0.999304563273	1.0	1
1.0	2830.07202148	2.0	1.0	1065.28552246	2.0	1.0	6.90280008316	0.0	-0.00610281573609	0.998389780521	-0.056396856904	24.4061028679	5.12362859034	-67.9389038086	5.13091468811	-2.49639987946	0.416197521399	4.0	10.4600000381	47.2399997711	4.0	28.7399997711	0.801426352715	1.0	1
1.0	10007.8574219	4.0	2.0	1775.17419434	5.0	5.0	78.1628000736	0.0	-0.00609549600631	0.9983907938	-0.0563795827329	53.358633723	5.01581048045	-73.3218002319	23.0206489563	-10.5297498703	0.420963859371	14.0	6.0	135.997201085	9.0	18.6800003052	0.991347100087	1.0	1
1.0	8566.04492188	3.0	1.0	1673.86206055	3.0	3.0	14.9199995995	0.0	-0.994935154915	0.0	0.10051908344	32.658715479	10.3617590201	-67.6890563965	2.44403004646	-5.39035987854	0.397344034127	15.0	7.42000007629	187.47559981	7.0	39.0400009155	0.985895945675	1.0	1
1.0	8762.07910156	7.0	4.0	3050.98046875	5.0	5.0	33.580000639	2.01629119036	-0.00612348504364	0.998389363289	-0.056402258575	24.359129215	22.1040375502	-67.672454834	-15.1064500809	-10.4340496063	0.92906520385	15.0	4.38000011444	152.693599597	6.0	39.0400009155	0.998399341631	1.0	1
1.0	6637.41796875	1.0	1.0	1171.7890625	2.0	2.0	43.7199997902	0.0	0.00609923992306	-0.99838924408	0.0564064718783	18.2845520925	1.50108369504	-63.2154006958	-11.0295495987	-0.539524018764	0.398284661143	2.0	6.0	13.7399997711	2.0	7.42000007629	0.647650244158	1.0	1
1.0	11773.0703125	5.0	1.0	1618.77905273	3.0	3.0	43.7199997902	0.0	0.00609923992306	-0.99838924408	0.0564064718783	18.6349451289	1.50108369504	-63.2154006958	-11.0295495987	-0.539524018764	0.398284661143	7.0	6.0	75.347998783	4.0	36.9000015259	0.999973196666	1.0	1
1.0	4155.44677734	1.0	1.0	85.4039001465	1.0	1.0	15.7399997711	1.9620270153	0.0190165322274	-0.143769532442	-0.989428460598	20.288590156	1.20238636246	-68.1253967285	3.12566995621	-14.2460002899	0.720221548272	0.0	0.0	0.0	0.0	0.0	-1.0	0.0	1
1.0	6414.01269531	8.0	2.0	1347.98400879	4.0	3.0	12.8000001907	2.11330550598	-0.04561214149	-0.713742434978	0.698921501637	43.4328335157	0.0	-70.1506500244	6.79914474487	-27.2460002899	0.761357106156	9.0	4.80000019073	95.4548001289	1.0	7.28000020981	0.990226304215	1.0	1
1.0	10239.0966797	6.0	3.0	2083.79833984	4.0	3.0	30.2600002289	0.0	-0.0429944433272	-0.985947847366	0.161425858736	47.6215636005	6.10383996286	-67.4875488281	6.97108507156	-33.7228507996	0.659418941846	17.0	3.90000009537	239.708799362	7.0	34.9399986267	0.999981299214	1.0	1
1.0	8157.20556641	6.0	3.0	2870.9621582	4.0	4.0	33.9000000954	0.0	0.0429126136005	0.985954999924	-0.16140383482	36.6510860423	1.7900765998	-73.0982055664	13.5043506622	1.50177502632	0.971381775237	13.0	3.90000009537	161.623600312	10.0	36.3199996948	0.999965289573	1.0	1
1.0	7314.00976562	5.0	3.0	1987.54931641	5.0	5.0	54.259999752	0.0	0.0429944433272	0.985947847366	-0.161425858736	48.7542222249	0.0	-67.4875488281	6.97108507156	-33.7228507996	0.659418941846	9.0	3.90000009537	94.8295980692	6.0	34.9399986267	0.999582646431	1.0	1
1.0	6996.18115234	5.0	3.0	2645.31542969	3.0	3.0	33.8600001335	0.0	0.0429944433272	0.985947847366	-0.161425858736	48.7542222249	0.0	-67.4875488281	6.97108507156	-33.7228507996	0.659418941846	12.0	3.90000009537	162.968800068	7.0	36.3199996948	0.999643598272	1.0	1
1.0	3716.06152344	6.0	4.0	1163.14672852	3.0	3.0	19.4600000381	0.0	0.0429126136005	0.985954999924	-0.16140383482	29.9268372736	1.7900765998	-73.0982055664	13.5043506622	1.50177502632	0.971381775237	4.0	5.61999988556	41.3200006485	1.0	18.3400001526	0.772466722647	1.0	1
1.0	6140.89257812	6.0	4.0	1416.32067871	4.0	3.0	25.3400001526	0.0	0.0429944433272	0.985947847366	-0.161425858736	48.7542222249	0.0	-67.4875488281	6.97108507156	-33.7228507996	0.659418941846	10.0	4.80000019073	102.774799824	1.0	18.3400001526	0.993574440896	1.0	1
1.0	12468.171875	6.0	3.0	3932.69482422	2.0	2.0	28.0600004196	0.0	0.999825656414	0.0	0.0186732020229	41.9531630389	2.56127911551	-64.6177978516	1.96524000168	-7.42306995392	0.104921172328	45.0	8.14000034332	296.024800526	0.0	39.0999984741	0.974530060822	1.0	1
1.0	14109.6083984	3.0	1.0	2486.69824219	3.0	3.0	39.2600002289	0.0	0.999825656414	0.0	0.0186732020229	49.5125235446	1.49147924587	-72.2965011597	20.6305007935	-4.30288982391	0.215087341438	35.0	8.14000034332	210.201598814	0.0	39.0999984741	0.995197195708	1.0	1
1.0	12879.1142578	3.0	1.0	683.101989746	3.0	3.0	0.0	10.0	0.0	0.0	0.0	0.0	0.0	0.0	0.0	0.0	2.0	18.0	8.43999958038	105.946686512	0.0	36.9000015259	0.982627768864	1.0	1
1.0	8475.19824219	3.0	1.0	1782.48388672	2.0	2.0	0.0	10.0	0.0	0.0	0.0	0.0	0.0	0.0	0.0	0.0	2.0	8.0	15.2399997711	41.3871998489	0.0	25.2800006866	0.720973157706	1.0	1
1.0	3563.31225586	2.0	1.0	192.136001587	1.0	1.0	0.0	10.0	0.0	0.0	0.0	0.0	0.0	0.0	0.0	0.0	2.0	1.0	23.5799999237	0.239600002766	0.0	23.5799999237	0.0351417732284	1.0	1
1.0	12835.5595703	2.0	1.0	1205.38378906	4.0	4.0	0.0	10.0	0.0	0.0	0.0	0.0	0.0	0.0	0.0	0.0	2.0	26.0	5.21999979019	210.947198808	0.0	39.0999984741	0.977834275994	1.0	1
1.0	5528.82470703	1.0	1.0	66.5699005127	1.0	1.0	16.6399993896	0.0	-0.0265206452459	-0.97008317709	0.241319909692	34.2217122788	3.50166695291	-71.2971954346	9.21944046021	-12.3613500595	0.3073309307	1.0	8.64000034332	8.88000011444	1.0	8.64000034332	-1.0	0.0	1
1.0	7947.22998047	6.0	2.0	1353.25402832	2.0	2.0	18.8000001907	0.0	-0.0265279486775	-0.97008305788	0.241319656372	36.7820542721	3.9628443408	-72.9805984497	31.5992012024	-27.5555496216	0.0663311360974	10.0	13.1999998093	106.479999781	6.0	22.7600002289	0.990936361372	1.0	1
1.0	6592.68164062	4.0	1.0	689.101989746	2.0	2.0	6.88000011444	0.0	-0.0265207216144	-0.970085501671	0.24131052196	39.1429741758	2.08105606887	-67.4611053467	-4.54296970367	-6.58253479004	0.906346726969	3.0	16.5599994659	43.4399995804	3.0	30.2800006866	0.914715295678	1.0	1
1.0	5571.85644531	13.0	4.0	2607.86523438	2.0	2.0	30.5999994278	0.0	0.0265243127942	0.97008317709	-0.241319462657	27.6392003501	0.0	-61.2518005371	-12.2490005493	-2.05743002892	0.298297577862	16.0	5.48000001907	167.440000057	4.0	22.7600002289	0.978777149204	1.0	1
1.0	8297.64453125	3.0	2.0	388.093597412	3.0	3.0	20.5199995041	0.0	-0.0265206452459	-0.97008317709	0.241319909692	42.5106017092	3.50166695291	-71.2971954346	9.21944046021	-12.3613500595	0.3073309307	3.0	8.64000034332	34.5999994278	4.0	22.7600002289	0.983655910418	1.0	1
1.0	9832.62207031	3.0	2.0	1850.8260498	2.0	2.0	28.8399991989	0.0	-0.0265206452459	-0.97008317709	0.241319909692	42.5106017092	3.50166695291	-71.2971954346	9.21944046021	-12.3613500595	0.3073309307	20.0	6.59999990463	210.079999924	13.0	22.7600002289	0.999866011878	1.0	1
1.0	5797.09960938	2.0	2.0	445.464904785	2.0	2.0	30.039999485	0.0	0.0265243127942	0.97008317709	-0.241319462657	9.34598716579	0.0	-61.2518005371	-12.2490005493	-2.05743002892	0.816471156758	2.0	8.64000034332	29.0800008774	3.0	18.0	0.863049632692	1.0	1
1.0	9459.546875	3.0	1.0	2177.32763672	3.0	3.0	50.0799994469	0.0	0.0265243127942	0.97008317709	-0.241319462657	16.7943427461	0.0	-61.2518005371	-12.2490005493	-2.05743002892	0.816471156758	21.0	5.96000003815	237.519999981	13.0	30.2800006866	0.999549444547	1.0	1
1.0	1298.73974609	5.0	2.0	484.733978271	2.0	2.0	6.51999998093	0.0	0.0265243127942	0.97008317709	-0.241319462657	9.34598716579	0.0	-61.2518005371	-12.2490005493	-2.05743002892	0.816471156758	2.0	14.8800001144	27.4400005341	1.0	14.8800001144	0.655238366845	1.0	1
1.0	10684.9238281	4.0	2.0	1096.32385254	4.0	4.0	25.1199994087	0.0	-0.0265206452459	-0.97008317709	0.241319909692	42.5106017092	3.50166695291	-71.2971954346	9.21944046021	-12.3613500595	0.3073309307	18.0	5.96000003815	182.919999361	5.0	30.2800006866	0.999998444555	1.0	1
1.0	4470.37939453	1.0	1.0	86.123298645	1.0	1.0	11.279999733	0.0	-0.0849879160523	-0.953445374966	0.289342314005	23.0956219872	3.51294670387	-70.8056945801	2.40469503403	-4.99845504761	0.37858967069	1.0	8.31999969482	8.35999965668	1.0	8.31999969482	-1.0	0.0	1
1.0	8893.16699219	4.0	3.0	1073.34460449	2.0	2.0	34.7999997139	2.43102862765	0.0152447195724	-0.275438845158	-0.961197733879	35.7535675734	0.0	-74.8219451904	9.91778564453	-7.98058509827	0.300497140656	15.0	20.2600002289	104.62198317	4.0	28.5200004578	0.98996843776	1.0	1
1.0	1043.99609375	3.0	0.0	86.123298645	1.0	0.0	0.0	10.0	0.0	0.0	0.0	0.0	0.0	0.0	0.0	0.0	2.0	0.0	0.0	0.0	0.0	0.0	0.00323373194517	1.0	1
1.0	6851.01855469	4.0	2.0	1591.70849609	3.0	3.0	35.9400000572	0.0	0.0849858224392	0.953450798988	-0.289325028658	4.9371651802	1.75640134374	-62.8600006104	-13.595199585	1.26128005981	0.833272965045	9.0	3.88000011444	52.7279993594	7.0	33.8600006104	0.968533760316	1.0	1
1.0	2827.18212891	4.0	1.0	515.269104004	2.0	1.0	0.0	10.0	0.0	0.0	0.0	0.0	0.0	0.0	0.0	0.0	2.0	3.0	29.1599998474	18.4199998379	0.0	33.2400016785	0.186323485316	1.0	1
1.0	11226.3994141	4.0	2.0	1241.87145996	2.0	2.0	23.259999752	0.0	-0.0849879160523	-0.953445374966	0.289342314005	39.1127986594	3.51294670387	-70.8056945801	2.40469503403	-4.99845504761	0.37858967069	22.0	8.31999969482	189.430382173	7.0	28.5200004578	0.999995884704	1.0	1
1.0	11621.4599609	4.0	2.0	921.424438477	3.0	3.0	23.259999752	0.0	-0.0849879160523	-0.953445374966	0.289342314005	39.1127986594	3.51294670387	-70.8056945801	2.40469503403	-4.99845504761	0.37858967069	21.0	8.31999969482	188.011184258	9.0	29.3600006104	0.999922436191	1.0	1
1.0	9148.66503906	3.0	2.0	2378.15771484	4.0	4.0	64.6200003624	0.0	0.0849858224392	0.953450798988	-0.289325028658	21.9819091358	1.75640134374	-62.8600006104	-13.595199585	1.26128005981	0.833272965045	19.0	3.88000011444	158.51599969	12.0	29.3600006104	0.999708107592	1.0	1
1.0	8041.70117188	3.0	1.0	1463.4675293	3.0	3.0	33.5199995041	0.0	-0.0849879160523	-0.953445374966	0.289342314005	39.1127986594	3.51294670387	-70.8056945801	2.40469503403	-4.99845504761	0.37858967069	11.0	8.31999969482	96.6156001091	6.0	29.3600006104	0.997613263399	1.0	1
1.0	3772.95092773	1.0	1.0	180.057006836	1.0	1.0	13.1400003433	0.0	0.0411593802273	0.994557678699	-0.0957133546472	20.9322244364	2.49491299487	-67.9269561768	0.0299225002527	-10.377699852	0.191236752839	1.0	10.3400001526	10.5799999237	1.0	10.3400001526	-1.0	0.0	1
1.0	10012.3964844	8.0	1.0	875.905212402	4.0	4.0	13.1400003433	0.0	0.0411593802273	0.994557678699	-0.0957133546472	44.0007744257	2.49491299487	-67.9269561768	0.0299225002527	-10.377699852	0.191236752839	7.0	10.3400001526	73.7548001707	4.0	33.2200012207	0.99599947953	1.0	1
1.0	3772.95092773	1.0	1.0	534.479003906	1.0	1.0	0.0	10.0	0.0	0.0	0.0	0.0	0.0	0.0	0.0	0.0	2.0	2.0	11.3999996185	25.6200003624	1.0	11.3999996185	0.316637347957	1.0	1
1.0	8241.72558594	6.0	1.0	1047.0892334	5.0	5.0	42.4091997147	0.0	0.0412678718567	0.994553208351	-0.0957124903798	27.9640718979	9.02268346748	-70.9554977417	19.7390499115	-16.6513004303	0.334819204282	10.0	10.3400001526	152.13999939	10.0	39.3800010681	0.993720685811	1.0	1
1.0	7814.52294922	3.0	2.0	671.580200195	3.0	3.0	0.0	10.0	0.0	0.0	0.0	0.0	0.0	0.0	0.0	0.0	2.0	9.0	7.86000013351	72.6399996281	9.0	33.2200012207	0.947164995286	1.0	1
1.0	8238.04785156	2.0	1.0	791.460449219	3.0	3.0	23.375200212	0.0	-0.998190462589	0.0287193898112	-0.0528304427862	52.535612117	2.62500589012	-71.4481048584	18.2805500031	-17.9268493652	0.308744200862	10.0	10.3400001526	125.119998932	9.0	39.3800010681	0.990236721875	1.0	1
1.0	6827.64697266	2.0	1.0	534.479003906	1.0	1.0	0.0	10.0	0.0	0.0	0.0	0.0	0.0	0.0	0.0	0.0	2.0	3.0	11.3999996185	26.0548003614	1.0	11.3999996185	0.828432059285	1.0	1
1.0	3535.72167969	4.0	3.0	1008.22741699	3.0	2.0	0.920000016689	0.954496741084	-0.0412678718567	-0.994553208351	0.0957124903798	26.6207130563	1.02033676852	-70.9554977417	19.7390499115	-16.6513004303	0.825503429899	5.0	11.3999996185	29.4148000181	2.0	29.6800003052	0.991139555443	1.0	1
1.0	3496.71118164	1.0	1.0	456.296813965	3.0	3.0	24.8940000534	0.0	0.0412678718567	0.994553208351	-0.0957124903798	27.9640718979	9.02268346748	-70.9554977417	19.7390499115	-16.6513004303	0.334819204282	3.0	10.3400001526	39.8200006485	3.0	24.0400009155	0.58730039485	1.0	1
1.0	7628.50732422	2.0	1.0	1251.45898438	3.0	3.0	13.1400003433	0.0	0.0411593802273	0.994557678699	-0.0957133546472	42.30924776	2.49491299487	-67.9269561768	0.0299225002527	-10.377699852	0.191236752839	14.0	7.86000013351	92.9396007881	8.0	30.6599998474	0.988557831682	1.0	1
1.0	5481.59667969	1.0	1.0	125.505996704	1.0	1.0	7.63999986649	0.0	-0.0288100410253	0.963136255741	-0.267466962337	28.1380264726	3.54933208309	-64.2326049805	2.65656518936	-11.8342494965	0.512651470287	1.0	8.06000041962	9.07999992371	1.0	8.06000041962	-1.0	0.0	1
1.0	12074.7978516	9.0	2.0	3073.15844727	6.0	6.0	34.3200001717	0.0	0.0289062224329	-0.963117718697	0.267523288727	34.512840241	5.78275583778	-60.9549484253	-8.53571510315	-4.30469036102	0.237326158306	42.0	2.38000011444	272.95260727	21.0	28.8799991608	0.99999979613	1.0	1
1.0	1161.99206543	6.0	1.0	480.144012451	3.0	1.0	0.0	10.0	0.0	0.0	0.0	0.0	0.0	0.0	0.0	0.0	2.0	1.0	21.2600002289	9.02000045776	0.0	21.2600002289	0.499348219519	1.0	1
1.0	10205.7861328	10.0	2.0	1174.88793945	5.0	5.0	34.3200001717	0.0	0.0289062224329	-0.963117718697	0.267523288727	17.7785032732	2.59804727852	-60.9549484253	-8.53571510315	-4.30469036102	0.237326158306	22.0	1.96000003815	173.206397995	10.0	21.2600002289	0.999829382165	1.0	1
1.0	8316.43457031	4.0	3.0	489.819763184	3.0	3.0	43.3488001823	0.0	0.999503552914	0.0310958735645	0.0050654434599	27.7718508469	0.0	-69.2453994751	24.3910503387	-35.4531021118	0.59192650453	4.0	3.3599998951	23.3915997744	4.0	11.7600002289	0.972818195235	1.0	1
1.0	7667.88085938	3.0	1.0	2359.7800293	4.0	4.0	35.960000515	0.0	-0.0288098435849	0.96311968565	-0.26752653718	34.0712455302	9.04617146602	-68.3352050781	6.79630994797	-7.19762992859	0.376528928137	15.0	7.90000009537	141.404397845	9.0	28.8799991608	0.998205775206	1.0	1
1.0	4037.37988281	5.0	4.0	1112.40002441	4.0	3.0	9.68000030518	3.4920337481	0.497018367052	-0.46298211813	0.733907580376	38.1600851686	15.2050293869	-67.1284942627	1.44917488098	-18.1096496582	0.616918234918	9.0	3.11999988556	57.2600004673	3.0	19.0	0.949642272358	1.0	1
1.0	11064.5644531	5.0	2.0	2252.30371094	3.0	3.0	29.2399997711	0.0	-0.0289028137922	0.963133394718	-0.267467111349	27.2385339602	0.0	-64.0838470459	-1.84848499298	-13.5030498505	0.927362469999	26.0	3.11999988556	144.617807299	13.0	28.8799991608	0.999972888821	1.0	1
1.0	6828.70166016	2.0	1.0	307.417999268	2.0	2.0	14.6800003052	0.0	-0.0288098435849	0.96311968565	-0.26752653718	29.7322027562	1.39510851858	-68.3352050781	6.79630994797	-7.19762992859	0.376528928137	3.0	12.1000003815	35.720000267	2.0	28.0799999237	0.947349500117	1.0	1
1.0	8799.88183594	3.0	1.0	1184.69396973	4.0	4.0	14.0800004005	0.0	-0.999506771564	-0.0309935808182	-0.00506545975804	34.9628439069	1.73161049516	-68.5080032349	30.2080993652	-20.9944000244	0.0693687720608	23.0	1.96000003815	164.828160509	12.0	21.2600002289	0.999813052436	1.0	1
1.0	11157.6708984	5.0	1.0	307.856994629	2.0	2.0	0.0	10.0	0.0	0.0	0.0	0.0	0.0	0.0	0.0	0.0	2.0	14.0	13.6800003052	105.759601116	15.0	40.8800010681	0.997588214981	1.0	1
1.0	8574.0703125	7.0	2.0	1739.37597656	2.0	2.0	19.2567994595	0.0	0.997134804726	0.0	-0.0756454095244	50.8725559333	1.78556177868	-74.1090011597	23.252199173	-17.0863990784	0.0384743345227	27.0	6.80000019073	214.313974395	18.0	40.0800018311	0.995064675946	1.0	1
1.0	10216.1181641	7.0	2.0	1298.58996582	2.0	2.0	33.8367991447	0.0	-0.0130321029574	0.976928770542	-0.213167384267	40.9574959315	1.83474829127	-70.2938537598	19.2090492249	-37.2983016968	0.826403598096	27.0	5.90000009537	194.257230043	18.0	29.9400005341	0.986604180214	1.0	1
1.0	5556.48486328	2.0	1.0	398.022094727	3.0	3.0	12.844799757	0.0	-0.997134208679	0.0	0.0756529346108	36.1359231178	9.99580119197	-75.1056518555	22.0694999695	-18.3522987366	0.254897296817	4.0	2.75999999046	34.580000639	5.0	27.4400005341	0.862461569933	1.0	1
1.0	6897.6875	3.0	1.0	1677.74401855	2.0	2.0	14.3215997219	0.0	0.997134804726	0.0	-0.0756454095244	34.7135095383	21.3657752874	-74.1090011597	23.252199173	-17.0863990784	0.0281407525467	16.0	2.75999999046	72.2620799094	10.0	40.8800010681	0.97091554289	1.0	1
1.0	7470.77929688	3.0	1.0	1057.7401123	2.0	2.0	24.0847995281	0.0	0.997134804726	0.0	-0.0756454095244	34.7135095383	0.0	-74.1090011597	23.252199173	-17.0863990784	0.0281407525467	17.0	2.75999999046	147.796830893	11.0	40.8800010681	0.977414380682	1.0	1
1.0	4515.47949219	3.0	1.0	365.50100708	1.0	1.0	0.0	10.0	0.0	0.0	0.0	0.0	0.0	0.0	0.0	0.0	2.0	2.0	27.7800006866	8.64081579447	1.0	27.7800006866	0.308058815271	1.0	1
1.0	7598.12158203	3.0	1.0	900.333007812	1.0	1.0	0.0	10.0	0.0	0.0	0.0	0.0	0.0	0.0	0.0	0.0	2.0	12.0	13.8999996185	84.7400009632	6.0	24.0400009155	0.992353639006	1.0	1
1.0	6641.83496094	5.0	2.0	931.815063477	2.0	2.0	0.0	10.0	0.0	0.0	0.0	0.0	0.0	0.0	0.0	0.0	2.0	7.0	6.86000013351	112.580000877	6.0	39.5999984741	0.966800881333	1.0	1
1.0	5781.33300781	1.0	1.0	44.6786003113	1.0	1.0	0.0	10.0	0.0	0.0	0.0	0.0	0.0	0.0	0.0	0.0	2.0	1.0	20.5400009155	0.0	1.0	20.5400009155	0.320520414865	1.0	1
1.0	6237.34082031	7.0	1.0	732.236999512	4.0	2.0	0.0	10.0	0.0	0.0	0.0	0.0	0.0	0.0	0.0	0.0	2.0	5.0	4.36000013351	58.3999996185	3.0	39.2200012207	0.981079951173	1.0	1
1.0	7310.17333984	2.0	1.0	220.505004883	1.0	1.0	0.0	10.0	0.0	0.0	0.0	0.0	0.0	0.0	0.0	0.0	2.0	3.0	4.36000013351	25.1999998093	3.0	15.2399997711	0.979856383172	1.0	1
1.0	5309.79882812	2.0	1.0	791.611572266	2.0	2.0	0.0	10.0	0.0	0.0	0.0	0.0	0.0	0.0	0.0	0.0	2.0	6.0	6.86000013351	66.7000007629	4.0	33.5400009155	0.75343765475	1.0	1
1.0	8785.69921875	3.0	1.0	106.031997681	1.0	1.0	0.0	10.0	0.0	0.0	0.0	0.0	0.0	0.0	0.0	0.0	2.0	3.0	16.5799999237	25.9000000954	1.0	18.8400001526	0.982414551562	1.0	1
1.0	2395.15332031	2.0	1.0	246.929611206	2.0	1.0	0.0	10.0	0.0	0.0	0.0	0.0	0.0	0.0	0.0	0.0	2.0	1.0	16.9599990845	5.61999988556	0.0	16.9599990845	0.0998611554647	1.0	1
1.0	5927.64648438	1.0	1.0	1237.20800781	2.0	2.0	0.0	10.0	0.0	0.0	0.0	0.0	0.0	0.0	0.0	0.0	2.0	11.0	1.89999997616	123.060799241	4.0	39.5999984741	0.989137699283	1.0	1
1.0	5251.54052734	1.0	1.0	95.0280990601	1.0	1.0	0.0	10.0	0.0	0.0	0.0	0.0	0.0	0.0	0.0	0.0	2.0	3.0	12.8999996185	31.1599998474	1.0	12.8999996185	-1.0	0.0	1
1.0	11081.9677734	5.0	2.0	1604.69213867	3.0	3.0	47.1551990509	0.0	-0.0472540706396	0.972094237804	-0.229782238603	32.3698980297	3.60862288834	-64.9782562256	-1.14145648479	-5.30002498627	0.934078011542	33.0	3.57999992371	260.980398297	11.0	34.0999984741	0.999929211495	1.0	1
1.0	5709.22167969	4.0	1.0	95.0280990601	1.0	1.0	0.0	10.0	0.0	0.0	0.0	0.0	0.0	0.0	0.0	0.0	2.0	3.0	12.8999996185	31.1599998474	1.0	12.8999996185	0.141859006892	1.0	1
1.0	11287.2246094	5.0	2.0	1519.07653809	4.0	4.0	46.0463991165	0.0	0.0472607836127	-0.97209751606	0.22976693511	38.8673838507	2.1822130816	-67.382850647	3.33610486984	-7.89267969131	0.582234527661	35.0	2.51999998093	191.088231352	16.0	30.2999992371	0.999994461184	1.0	1
1.0	95.0280990601	1.0	1.0	44.0987014771	1.0	1.0	0.0	10.0	0.0	0.0	0.0	0.0	0.0	0.0	0.0	0.0	2.0	1.0	13.3000001907	4.11999988556	0.0	13.3000001907	0.884035812945	1.0	1
1.0	7334.51953125	2.0	1.0	1598.00366211	4.0	4.0	19.3463993073	0.0	0.0472607836127	-0.97209751606	0.22976693511	37.3784061827	2.1822130816	-67.382850647	3.33610486984	-7.89267969131	0.582234527661	34.0	3.16000008583	223.446400225	17.0	35.4399986267	0.999165123562	1.0	1
1.0	5927.41064453	2.0	1.0	793.052612305	2.0	2.0	0.0	10.0	0.0	0.0	0.0	0.0	0.0	0.0	0.0	0.0	2.0	10.0	5.30000019073	101.800000191	5.0	34.0999984741	0.854871187016	1.0	1
1.0	7211.35742188	2.0	1.0	861.889648438	3.0	3.0	0.0	10.0	0.0	0.0	0.0	0.0	0.0	0.0	0.0	0.0	2.0	13.0	5.59999990463	80.945432511	9.0	35.4399986267	0.999611621409	1.0	1
1.0	6107.45361328	3.0	1.0	787.960998535	3.0	3.0	0.0	10.0	0.0	0.0	0.0	0.0	0.0	0.0	0.0	0.0	2.0	13.0	3.16000008583	65.4227998853	8.0	22.4200000763	0.856401543073	1.0	1
1.0	9138.60351562	2.0	1.0	1895.23266602	3.0	3.0	22.8063993454	0.0	0.0472607836127	-0.97209751606	0.22976693511	37.3784061827	2.1822130816	-67.382850647	3.33610486984	-7.89267969131	0.582234527661	35.0	3.16000008583	275.966399729	17.0	35.4399986267	0.999950324638	1.0	1
1.0	12220.8847656	7.0	1.0	1253.92138672	2.0	2.0	22.0599994659	3.50847539607	0.136008515954	-0.366160064936	-0.920558810234	34.3730838203	1.98727156978	-69.2611999512	6.61287021637	-20.8031005859	0.955315292907	13.0	22.9200000763	151.430800691	0.0	40.1800003052	0.979066352694	1.0	1
1.0	8645.84179688	5.0	2.0	568.778564453	4.0	4.0	0.0	10.0	0.0	0.0	0.0	0.0	0.0	0.0	0.0	0.0	2.0	7.0	13.6400003433	73.3000001907	1.0	15.5600004196	0.775800622403	1.0	1
1.0	12275.4648438	8.0	1.0	1221.13745117	3.0	3.0	22.0599994659	3.50847539607	0.136008515954	-0.366160064936	-0.920558810234	34.3730838203	1.98727156978	-69.2611999512	6.61287021637	-20.8031005859	0.955315292907	18.0	8.69999980927	199.853199974	0.0	40.1800003052	0.979066352694	1.0	1
1.0	7908.56933594	3.0	1.0	59.073299408	1.0	1.0	0.0	10.0	0.0	0.0	0.0	0.0	0.0	0.0	0.0	0.0	2.0	1.0	36.1399993896	9.43999958038	0.0	36.1399993896	0.48847617954	1.0	1
1.0	5363.33544922	1.0	1.0	302.236602783	2.0	2.0	0.0	10.0	0.0	0.0	0.0	0.0	0.0	0.0	0.0	0.0	2.0	5.0	8.69999980927	53.5623991489	0.0	30.5599994659	0.220434735462	1.0	1
1.0	7112.32275391	7.0	2.0	979.866638184	3.0	2.0	5.36000013351	2.88071685956	-0.185588181019	-0.966923892498	0.174971953034	31.8771381097	5.98307153592	-73.0860519409	26.8413009644	-27.7247009277	0.51620059848	12.0	26.4400005341	95.817599535	0.0	42.5600013733	0.97156501599	1.0	1
1.0	9904.35253906	7.0	1.0	514.870300293	3.0	3.0	24.6800003052	1.21309111039	-0.108660914004	-0.146976917982	-0.983153402805	47.1639641356	1.02808813122	-72.5894470215	5.35758495331	-11.6041002274	0.358329457423	12.0	26.4400005341	80.5588005483	0.0	43.4199981689	0.921609668588	1.0	1
1.0	10734.9365234	8.0	1.0	404.708007812	2.0	2.0	0.0	10.0	0.0	0.0	0.0	0.0	0.0	0.0	0.0	0.0	2.0	9.0	26.4400005341	68.200398637	0.0	43.4199981689	0.985072909579	1.0	1
1.0	2050.51293945	7.0	1.0	451.927001953	1.0	1.0	0.0	10.0	0.0	0.0	0.0	0.0	0.0	0.0	0.0	0.0	2.0	1.0	39.2400016785	8.92000007629	0.0	39.2400016785	0.158610294584	1.0	1
1.0	10208.3994141	5.0	2.0	813.309936523	3.0	3.0	21.6000003815	0.0	-0.0588479749858	-0.984736979008	0.163798481226	39.5589855143	3.13085892347	-73.5059509277	23.7680015564	-24.1893005371	0.205412814281	22.0	10.7600002289	165.830800727	2.0	12.6999998093	0.98490266188	1.0	1
1.0	4141.81787109	1.0	1.0	466.571014404	1.0	1.0	0.0	10.0	0.0	0.0	0.0	0.0	0.0	0.0	0.0	0.0	2.0	6.0	25.0200004578	41.6772004068	0.0	41.5400009155	0.0171369725501	1.0	1
1.0	4342.28271484	5.0	2.0	1280.56567383	3.0	3.0	1.48000001907	3.82465688126	0.0974769666791	-0.964383721352	0.245890930295	39.0732178568	4.60971862942	-71.8516540527	11.723484993	-30.690448761	0.975626612768	17.0	12.6999998093	129.99759984	1.0	12.6999998093	0.560889861163	1.0	1
1.0	9180.52441406	4.0	2.0	389.681884766	2.0	2.0	31.4400005341	1.72130471147	-0.0419187732041	-0.131147488952	-0.990476250648	26.9107367975	0.0	-73.9214019775	1.46091508865	-10.6658849716	0.643626972711	6.0	13.5600004196	34.0096001625	1.0	15.2600002289	0.998723488656	1.0	2
1.0	7569.43994141	3.0	1.0	162.604003906	1.0	1.0	0.0	10.0	0.0	0.0	0.0	0.0	0.0	0.0	0.0	0.0	2.0	1.0	29.0400009155	29.1599998474	1.0	29.0400009155	0.972547100627	1.0	2
1.0	8523.95507812	2.0	1.0	542.363220215	3.0	3.0	41.8800001144	1.72130471147	-0.0419187732041	-0.131147488952	-0.990476250648	26.9107367975	23.7360357144	-73.9214019775	1.46091508865	-10.6658849716	0.643626972711	1.0	29.0400009155	29.1599998474	1.0	29.0400009155	0.981291850799	1.0	2
1.0	7637.02539062	4.0	1.0	61.7122001648	1.0	1.0	16.2799994946	2.6975322042	-0.198855057359	0.841596186161	0.50216782093	41.1464458141	0.0	-77.6351013184	19.4204998016	-9.40864944458	0.46469925457	0.0	0.0	0.0	0.0	0.0	0.97725040377	1.0	2
1.0	7317.53662109	4.0	2.0	1944.2010498	3.0	3.0	31.4400005341	1.72130471147	-0.0419187732041	-0.131147488952	-0.990476250648	26.9107367975	0.0	-73.9214019775	1.46091508865	-10.6658849716	0.643626972711	4.0	14.0200004578	162.649600983	2.0	42.5	0.992994382413	1.0	2
1.0	8489.85449219	3.0	2.0	613.99810791	4.0	4.0	43.8800001144	1.72130471147	-0.0419187732041	-0.131147488952	-0.990476250648	26.9107367975	23.7360357144	-73.9214019775	1.46091508865	-10.6658849716	0.643626972711	6.0	14.0200004578	56.0896000862	2.0	29.0400009155	0.991654622804	1.0	2
1.0	7772.23388672	3.0	1.0	1419.11108398	3.0	3.0	16.2799994946	2.6975322042	-0.198855057359	0.841596186161	0.50216782093	41.1464458141	0.0	-77.6351013184	19.4204998016	-9.40864944458	0.46469925457	10.0	13.5600004196	198.989603043	3.0	43.7799987793	0.990891951487	1.0	2
1.0	8539.89941406	3.0	1.0	61.7122001648	1.0	1.0	12.4399995804	2.6975322042	-0.198855057359	0.841596186161	0.50216782093	41.1464458141	0.0	-77.6351013184	19.4204998016	-9.40864944458	0.46469925457	0.0	0.0	0.0	0.0	0.0	0.992994392025	1.0	2
1.0	4420.61523438	1.0	1.0	154.720993042	1.0	1.0	14.2600002289	0.0	0.104936510324	0.992567062378	0.0616358891129	35.099793584	2.10324887008	-68.1974029541	5.43212509155	-11.3808002472	0.415777366925	2.0	2.11999988556	5.19999980927	2.0	5.28000020981	-1.0	0.0	2
1.0	7677.48291016	2.0	1.0	1647.76904297	2.0	2.0	28.1599998474	0.0	0.104936510324	0.992567062378	0.0616358891129	47.7875696762	2.10324887008	-68.1974029541	5.43212509155	-11.3808002472	0.415777366925	20.0	2.11999988556	171.120800987	14.0	39.0	0.999992433036	1.0	2
1.0	4742.64208984	1.0	1.0	586.91796875	2.0	2.0	51.8400001526	0.0	0.104936510324	0.992567062378	0.0616358891129	35.099793584	2.10324887008	-68.1974029541	5.43212509155	-11.3808002472	0.415777366925	3.0	2.11999988556	18.6799993515	3.0	8.56000041962	0.666377924309	1.0	2
1.0	6452.26855469	1.0	1.0	512.09753418	2.0	2.0	12.5600004196	0.0	-0.105040483177	-0.992555737495	-0.0616411678493	31.2884658084	2.33152361429	-68.2934494019	23.476650238	-33.9916000366	0.607065954136	10.0	11.6599998474	60.52480039	8.0	38.7599983215	0.996833775509	1.0	2
1.0	8202.42089844	2.0	1.0	1361.50610352	2.0	2.0	0.0	10.0	0.0	0.0	0.0	0.0	0.0	0.0	0.0	0.0	2.0	21.0	14.3400001526	173.781200543	15.0	39.0	0.999963670803	1.0	2
1.0	7639.46044922	2.0	2.0	293.349975586	1.0	1.0	30.4799997807	0.0	0.104936510324	0.992567062378	0.0616358891129	47.7875696762	2.10324887008	-68.1974029541	5.43212509155	-11.3808002472	0.415777366925	2.0	2.11999988556	5.19999980927	2.0	5.28000020981	0.993888063848	1.0	2
1.0	6439.41210938	3.0	2.0	288.625	2.0	2.0	24.1800003052	0.0	0.995595395565	-0.0935863479972	0.00560228899121	40.5351973967	0.0	-68.8768005371	3.52215480804	-22.4472503662	0.899730609178	5.0	2.11999988556	23.6199994087	4.0	27.0	0.80777953212	1.0	2
1.0	3177.18237305	2.0	2.0	1141.07495117	2.0	2.0	47.720000267	0.0	0.105040483177	0.992555737495	0.0616411678493	19.8220184628	0.992891696403	-68.2934494019	23.476650238	-33.9916000366	0.607065954136	5.0	2.11999988556	32.3799991608	6.0	25.0	0.964761813448	1.0	2
1.0	6104.73583984	2.0	2.0	2495.49389648	2.0	2.0	45.779999733	0.0	0.995595753193	-0.0935870632529	0.00552716292441	30.1371769577	2.78350346752	-67.0424041748	1.58261501789	-6.1310300827	0.746401050548	15.0	2.11999988556	138.665999383	14.0	39.0	0.998910511609	1.0	2
1.0	6606.83886719	1.0	1.0	2231.69848633	2.0	2.0	30.4200003147	0.0	0.995595753193	-0.0935870632529	0.00552716292441	42.4436790555	2.78350346752	-67.0424041748	1.58261501789	-6.1310300827	0.746401050548	20.0	5.28000020981	159.566000432	17.0	39.0	0.99999846492	1.0	2
1.0	4821.01513672	1.0	1.0	65.119102478	1.0	1.0	0.0	10.0	0.0	0.0	0.0	0.0	0.0	0.0	0.0	0.0	2.0	1.0	16.9599990845	13.279999733	1.0	16.9599990845	-1.0	0.0	2
1.0	7339.31689453	1.0	1.0	1551.84887695	1.0	1.0	0.0	10.0	0.0	0.0	0.0	0.0	0.0	0.0	0.0	0.0	2.0	8.0	18.3199996948	144.440800428	5.0	43.6199989319	0.965662974181	1.0	2
1.0	5913.10107422	2.0	1.0	1084.55297852	3.0	3.0	29.5599994659	2.81724512567	-0.16973926127	-0.556361615658	-0.813418924809	29.7686451158	0.0	-71.1985015869	3.69175505638	-8.53050041199	0.306864000394	3.0	14.8199996948	66.5199985504	2.0	43.6199989319	0.982778421557	1.0	2
1.0	9095.03125	3.0	1.0	1915.90856934	2.0	2.0	0.0	10.0	0.0	0.0	0.0	0.0	0.0	0.0	0.0	0.0	2.0	14.0	14.8199996948	195.66039896	7.0	45.5800018311	0.999505896485	1.0	2
1.0	7293.50878906	1.0	1.0	302.983703613	2.0	2.0	0.0	10.0	0.0	0.0	0.0	0.0	0.0	0.0	0.0	0.0	2.0	8.0	16.9599990845	89.5316004753	3.0	23.3199996948	0.986391695126	1.0	2
1.0	2995.32006836	5.0	2.0	2656.24975586	3.0	2.0	0.0	10.0	0.0	0.0	0.0	0.0	0.0	0.0	0.0	0.0	2.0	4.0	14.8199996948	46.6399998665	1.0	17.2399997711	0.599354124905	1.0	2
1.0	7565.359375	2.0	1.0	489.758117676	3.0	3.0	0.0	10.0	0.0	0.0	0.0	0.0	0.0	0.0	0.0	0.0	2.0	5.0	16.7399997711	62.0200001001	3.0	32.5800018311	0.996956370637	1.0	2
1.0	5432.7421875	1.0	1.0	65.119102478	1.0	1.0	0.0	10.0	0.0	0.0	0.0	0.0	0.0	0.0	0.0	0.0	2.0	1.0	16.9599990845	13.279999733	1.0	16.9599990845	0.118098801166	1.0	2
1.0	9335.66210938	3.0	1.0	1504.97155762	2.0	2.0	0.0	10.0	0.0	0.0	0.0	0.0	0.0	0.0	0.0	0.0	2.0	14.0	15.1599998474	181.932399273	6.0	43.6199989319	0.999792988401	1.0	2
1.0	3908.37207031	1.0	1.0	352.552001953	1.0	1.0	15.9600000381	0.0	-0.998024463654	0.0332203768194	-0.0533257313073	33.8956989036	3.35254351084	-69.7314987183	4.63835000992	-12.6221504211	0.0631959871342	1.0	11.5799999237	11.6800003052	0.0	11.5799999237	-1.0	0.0	2
1.0	7703.97412109	1.0	1.0	1243.60009766	3.0	3.0	29.7800006866	0.0	0.0461935810745	0.993750572205	-0.101616881788	27.6660289193	0.0	-72.6329956055	25.3752994537	-16.3784999847	0.107789669214	14.0	6.23999977112	130.732399881	3.0	31.2800006866	0.982597485122	1.0	2
1.0	4728.40039062	8.0	3.0	611.940002441	3.0	2.0	0.0	10.0	0.0	0.0	0.0	0.0	0.0	0.0	0.0	0.0	2.0	7.0	15.9399995804	40.0163996518	0.0	41.9799995422	0.937120397781	1.0	2
1.0	8881.96972656	4.0	1.0	367.830993652	1.0	1.0	0.0	10.0	0.0	0.0	0.0	0.0	0.0	0.0	0.0	0.0	2.0	7.0	15.9399995804	68.5547991991	0.0	35.0200004578	0.978102445035	1.0	2
1.0	9628.13378906	3.0	1.0	402.324279785	2.0	2.0	0.0	10.0	0.0	0.0	0.0	0.0	0.0	0.0	0.0	0.0	2.0	12.0	6.23999977112	99.7039985955	2.0	43.4399986267	0.99146742615	1.0	2
1.0	5912.71826172	3.0	3.0	2249.78442383	2.0	2.0	18.8999996185	1.0087170349	-0.046195961535	-0.993739962578	0.101719595492	45.9749820915	3.65763936282	-68.4938049316	0.741881489754	-28.0207500458	0.869201114143	10.0	16.2800006866	76.1827997565	3.0	43.4399986267	0.881318175459	1.0	2
1.0	8309.38964844	5.0	1.0	1656.484375	3.0	3.0	20.8600006104	0.0	0.0461935810745	0.993750572205	-0.101616881788	27.6660289193	0.0	-72.6329956055	25.3752994537	-16.3784999847	0.107789669214	20.0	6.23999977112	191.053998828	4.0	43.4399986267	0.994336723526	1.0	2
1.0	438.17199707	2.0	1.0	449.612304688	2.0	1.0	0.0	10.0	0.0	0.0	0.0	0.0	0.0	0.0	0.0	0.0	2.0	1.0	17.7999992371	9.02000045776	0.0	17.7999992371	0.187595698276	1.0	2
1.0	10144.0292969	3.0	1.0	1294.94433594	5.0	5.0	48.5600004196	0.0	0.0461935810745	0.993750572205	-0.101616881788	27.6660289193	6.8201870415	-72.6329956055	25.3752994537	-16.3784999847	0.107789669214	20.0	6.23999977112	157.565599442	3.0	31.2800006866	0.99632124383	1.0	2
1.0	4408.12548828	1.0	1.0	131.259002686	1.0	1.0	14.9199995995	0.0	-0.994935154915	0.0	0.10051908344	31.3260228633	3.37914065875	-67.6890563965	2.44403004646	-5.39035987854	0.397344034127	1.0	7.42000007629	8.03999996185	1.0	7.42000007629	-1.0	0.0	2
1.0	8953.390625	4.0	1.0	1400.43261719	3.0	3.0	43.7199997902	0.0	0.00609923992306	-0.99838924408	0.0564064718783	18.6349451289	1.50108369504	-63.2154006958	-11.0295495987	-0.539524018764	0.398284661143	6.0	6.0	44.5799994469	5.0	17.6800003052	0.993636696432	1.0	2
1.0	8164.765625	3.0	1.0	1171.7890625	2.0	2.0	25.2999997139	0.0	0.00609923992306	-0.99838924408	0.0564064718783	18.6349451289	1.50108369504	-63.2154006958	-11.0295495987	-0.539524018764	0.398284661143	2.0	6.0	13.7399997711	2.0	7.42000007629	0.934276432328	1.0	2
1.0	9845.25488281	5.0	1.0	3099.60473633	5.0	5.0	60.3399996758	0.0	-0.994935154915	0.0	0.10051908344	34.0752246339	1.86699649558	-67.3842468262	5.63827991486	-2.58140993118	0.710406374528	25.0	4.38000011444	278.14959991	12.0	39.0400009155	0.999891967547	1.0	2
1.0	4880.28564453	1.0	1.0	131.259002686	1.0	1.0	14.9199995995	0.0	-0.994935154915	0.0	0.10051908344	31.3260228633	3.37914065875	-67.6890563965	2.44403004646	-5.39035987854	0.397344034127	1.0	7.42000007629	8.03999996185	1.0	7.42000007629	0.0285566844319	1.0	2
1.0	8973.36132812	4.0	1.0	2288.40527344	3.0	3.0	28.8000001907	0.0	0.00609923992306	-0.99838924408	0.0564064718783	18.2845520925	1.50108369504	-63.2154006958	-11.0295495987	-0.539524018764	0.398284661143	14.0	4.38000011444	149.605198592	9.0	39.0400009155	0.999220420244	1.0	2
1.0	7793.39550781	2.0	1.0	1223.55175781	4.0	4.0	34.2027993202	0.0	-0.00609549600631	0.9983907938	-0.0563795827329	51.7924942339	2.46239141803	-73.3218002319	23.0206489563	-10.5297498703	0.420963859371	17.0	10.4600000381	224.052801371	7.0	36.9000015259	0.942454980412	1.0	2
1.0	9738.29492188	5.0	1.0	1974.21606445	4.0	4.0	10.8999996185	0.0	-0.994935154915	0.0	0.10051908344	31.3260228633	3.37914065875	-67.6890563965	2.44403004646	-5.39035987854	0.397344034127	19.0	7.42000007629	212.193198577	10.0	39.0400009155	0.999928398155	1.0	2
1.0	4632.10400391	1.0	1.0	251.826004028	2.0	2.0	14.9199995995	0.0	-0.994935154915	0.0	0.10051908344	23.4309213424	3.37914065875	-67.6890563965	2.44403004646	-5.39035987854	0.397344034127	4.0	7.42000007629	23.8608005047	3.0	12.0	0.516305187062	1.0	2
1.0	4491.72802734	4.0	3.0	1686.2947998	4.0	4.0	31.319999218	0.0	0.99493509531	0.0	-0.100519500673	42.0409903521	0.0	-72.1181488037	20.2586994171	-15.0268497467	0.243198655944	7.0	10.5399999619	111.840001106	1.0	15.9799995422	0.98270324898	1.0	2
1.0	4155.44677734	1.0	1.0	85.4039001465	1.0	1.0	15.7399997711	1.9620270153	0.0190165322274	-0.143769532442	-0.989428460598	20.288590156	1.20238636246	-68.1253967285	3.12566995621	-14.2460002899	0.720221548272	0.0	0.0	0.0	0.0	0.0	-1.0	0.0	2
1.0	9335.03417969	6.0	1.0	1542.59802246	1.0	1.0	0.0	10.0	0.0	0.0	0.0	0.0	0.0	0.0	0.0	0.0	2.0	13.0	6.46000003815	144.935600996	6.0	23.9200000763	0.999807969121	1.0	2
1.0	133.757003784	1.0	0.0	85.4039001465	1.0	0.0	0.0	10.0	0.0	0.0	0.0	0.0	0.0	0.0	0.0	0.0	2.0	0.0	0.0	0.0	0.0	0.0	0.00323373194517	1.0	2
1.0	7205.10546875	5.0	2.0	1957.61572266	3.0	3.0	40.0199995041	0.0	0.0429944433272	0.985947847366	-0.161425858736	36.0776421623	0.0	-67.4875488281	6.97108507156	-33.7228507996	0.659418941846	15.0	3.90000009537	154.640001126	3.0	20.9599990845	0.996919661087	1.0	2
1.0	7831.83105469	3.0	1.0	339.219909668	3.0	2.0	15.7399997711	1.9620270153	0.0190165322274	-0.143769532442	-0.989428460598	36.8600142709	1.20238636246	-68.1253967285	3.12566995621	-14.2460002899	0.720221548272	3.0	23.9200000763	21.8600000143	1.0	23.9200000763	0.994992359334	1.0	2
1.0	6343.2265625	3.0	1.0	3108.22729492	3.0	3.0	15.7399997711	1.9620270153	0.0190165322274	-0.143769532442	-0.989428460598	36.8600142709	1.20238636246	-68.1253967285	3.12566995621	-14.2460002899	0.720221548272	15.0	3.90000009537	185.259201288	11.0	34.9399986267	0.99227962085	1.0	2
1.0	4155.44677734	1.0	1.0	175.697601318	2.0	2.0	19.6599998474	1.9620270153	0.0190165322274	-0.143769532442	-0.989428460598	20.288590156	1.20238636246	-68.1253967285	3.12566995621	-14.2460002899	0.720221548272	0.0	0.0	0.0	0.0	0.0	0.0525879416374	1.0	2
1.0	5202.95654297	2.0	1.0	857.609008789	2.0	2.0	5.09999990463	3.50479669218	-0.207936286926	0.432122021914	0.877515256405	25.1210886871	2.85472413772	-71.7708969116	11.258600235	-5.25439167023	0.971372864622	2.0	6.46000003815	16.2000007629	1.0	8.27999973297	0.995122112327	1.0	2
1.0	4225.15087891	2.0	1.0	85.4039001465	1.0	1.0	15.7399997711	1.9620270153	0.0190165322274	-0.143769532442	-0.989428460598	20.288590156	1.20238636246	-68.1253967285	3.12566995621	-14.2460002899	0.720221548272	0.0	0.0	0.0	0.0	0.0	0.251116409529	1.0	2
1.0	9295.65820312	5.0	3.0	2361.41552734	4.0	4.0	42.7800002098	0.0	0.0429126136005	0.985954999924	-0.16140383482	36.6510860423	1.7900765998	-73.0982055664	13.5043506622	1.50177502632	0.971381775237	18.0	3.90000009537	191.365198374	10.0	34.9399986267	0.999993120986	1.0	2
1.0	12115.6962891	3.0	3.0	2551.61328125	1.0	1.0	72.4400005341	0.0	-0.999825954437	0.0	-0.0186548046768	36.3509322327	1.53509241646	-71.9897003174	24.9615001678	-20.3041496277	0.676158162739	23.0	5.21999979019	212.564401299	0.0	40.7000007629	0.979143114328	1.0	2
1.0	10809.4863281	3.0	1.0	296.6328125	2.0	2.0	0.0	10.0	0.0	0.0	0.0	0.0	0.0	0.0	0.0	0.0	2.0	7.0	15.2399997711	36.3520002365	0.0	24.0599994659	0.836228071333	1.0	2
1.0	11703.3525391	4.0	4.0	2627.31396484	1.0	1.0	83.6200008392	0.0	-0.00382817536592	-0.980662465096	0.195669338107	28.1853276412	1.472948249	-70.1427993774	28.5963497162	-31.4784011841	0.621592900755	32.0	5.21999979019	252.498753696	0.0	40.7000007629	0.983222878817	1.0	2
1.0	114.913497925	2.0	0.0	1894.30493164	2.0	0.0	0.0	10.0	0.0	0.0	0.0	0.0	0.0	0.0	0.0	0.0	2.0	0.0	0.0	0.0	0.0	0.0	0.00323373194517	1.0	2
1.0	12138.2695312	2.0	2.0	2753.31738281	5.0	5.0	112.280000687	0.0	-0.00382817536592	-0.980662465096	0.195669338107	28.1853276412	1.472948249	-70.1427993774	28.5963497162	-31.4784011841	0.621592900755	39.0	5.21999979019	352.226399034	0.0	39.0999984741	0.970740545121	1.0	2
1.0	68.701499939	1.0	0.0	1561.06494141	1.0	0.0	0.0	10.0	0.0	0.0	0.0	0.0	0.0	0.0	0.0	0.0	2.0	0.0	0.0	0.0	0.0	0.0	0.00323373194517	1.0	2
1.0	13471.5722656	2.0	2.0	1420.01501465	5.0	5.0	112.280000687	0.0	-0.00382817536592	-0.980662465096	0.195669338107	28.1853276412	1.472948249	-70.1427993774	28.5963497162	-31.4784011841	0.621592900755	31.0	5.21999979019	283.986798644	0.0	40.7000007629	0.975611749691	1.0	2
1.0	11250.578125	2.0	1.0	1434.15588379	4.0	4.0	0.0	10.0	0.0	0.0	0.0	0.0	0.0	0.0	0.0	0.0	2.0	20.0	11.1999998093	147.459997028	0.0	40.7000007629	0.825339962158	1.0	2
1.0	5528.82470703	1.0	1.0	66.5699005127	1.0	1.0	16.6399993896	0.0	-0.0265206452459	-0.97008317709	0.241319909692	34.2217122788	3.50166695291	-71.2971954346	9.21944046021	-12.3613500595	0.3073309307	1.0	8.64000034332	8.88000011444	1.0	8.64000034332	-1.0	0.0	2
1.0	6508.47167969	3.0	2.0	1060.69567871	4.0	4.0	38.0799994469	0.0	0.0265243127942	0.97008317709	-0.241319462657	9.34598716579	0.0	-61.2518005371	-12.2490005493	-2.05743002892	0.816471156758	8.0	9.07999992371	104.720000267	7.0	18.6399993896	0.966972652901	1.0	2
1.0	2911.56811523	5.0	3.0	1099.47497559	4.0	3.0	12.6399996281	0.0	0.0265243127942	0.97008317709	-0.241319462657	16.7943427461	0.0	-61.2518005371	-12.2490005493	-2.05743002892	0.298297577862	3.0	14.8800001144	31.1199998856	2.0	18.0	0.977930405763	1.0	2
1.0	7391.84521484	5.0	2.0	999.418945312	5.0	5.0	29.759999752	0.0	-0.0265207216144	-0.970085501671	0.24131052196	27.9111482703	10.1000464379	-67.4611053467	-4.54296970367	-6.58253479004	0.906346726969	10.0	5.96000003815	93.6000003815	5.0	19.1200008392	0.981854386345	1.0	2
1.0	66.5699005127	1.0	0.0	1053.09301758	2.0	0.0	0.0	10.0	0.0	0.0	0.0	0.0	0.0	0.0	0.0	0.0	2.0	0.0	0.0	0.0	0.0	0.0	0.00323373194517	1.0	2
1.0	9652.71582031	5.0	2.0	1651.08398438	3.0	3.0	50.7999992371	0.0	0.0265243127942	0.97008317709	-0.241319462657	16.7943427461	0.0	-61.2518005371	-12.2490005493	-2.05743002892	0.816471156758	21.0	5.96000003815	229.319999933	9.0	27.2399997711	0.999578179643	1.0	2
1.0	8045.26611328	5.0	2.0	2552.95703125	3.0	3.0	33.5599999428	0.0	0.0265206806362	0.970083534718	-0.241318404675	48.9896029612	0.0	-70.3036956787	11.5843000412	-31.5713500977	0.755134099505	21.0	5.48000001907	251.679997206	9.0	22.7600002289	0.999266276125	1.0	2
1.0	11242.8574219	5.0	2.0	664.697875977	2.0	2.0	20.5199995041	0.0	-0.0265206452459	-0.97008317709	0.241319909692	42.2808076571	3.50166695291	-71.2971954346	9.21944046021	-12.3613500595	0.3073309307	11.0	6.59999990463	115.640000582	5.0	30.2800006866	0.999959094219	1.0	2
1.0	1354.41101074	4.0	0.0	1201.87805176	3.0	0.0	0.0	10.0	0.0	0.0	0.0	0.0	0.0	0.0	0.0	0.0	2.0	0.0	0.0	0.0	0.0	0.0	0.00323373194517	1.0	2
1.0	4470.37939453	1.0	1.0	86.123298645	1.0	1.0	11.279999733	0.0	-0.0849879160523	-0.953445374966	0.289342314005	23.0956219872	3.51294670387	-70.8056945801	2.40469503403	-4.99845504761	0.37858967069	1.0	8.31999969482	8.35999965668	1.0	8.31999969482	-1.0	0.0	2
1.0	9141.21777344	3.0	2.0	2296.99829102	3.0	3.0	53.3400006294	0.0	0.0849858224392	0.953450798988	-0.289325028658	21.9819091358	1.75640134374	-62.8600006104	-13.595199585	1.26128005981	0.833272965045	19.0	3.88000011444	184.004001437	10.0	31.7600002289	0.999937571732	1.0	2
1.0	133.079498291	2.0	0.0	489.66003418	2.0	0.0	0.0	10.0	0.0	0.0	0.0	0.0	0.0	0.0	0.0	0.0	2.0	0.0	0.0	0.0	0.0	0.0	0.00323373194517	1.0	2
1.0	10286.8681641	2.0	2.0	1028.47546387	3.0	3.0	39.3599996567	0.0	-0.0849879160523	-0.953445374966	0.289342314005	39.1127986594	3.51294670387	-70.8056945801	2.40469503403	-4.99845504761	0.37858967069	14.0	8.31999969482	150.5528001	4.0	27.2600002289	0.999859499688	1.0	2
1.0	4470.37939453	1.0	1.0	449.36328125	2.0	2.0	28.2599992752	0.0	-0.0849879160523	-0.953445374966	0.289342314005	23.0956219872	3.51294670387	-70.8056945801	2.40469503403	-4.99845504761	0.37858967069	1.0	8.31999969482	8.35999965668	1.0	8.31999969482	0.2137427382	1.0	2
1.0	10917.5800781	3.0	2.0	884.91217041	2.0	2.0	28.0799999237	2.43102862765	0.0152447195724	-0.275438845158	-0.961197733879	46.3820801954	0.0	-74.8219451904	9.91778564453	-7.98058509827	0.300497140656	18.0	17.2199993134	80.0967988763	6.0	28.5200004578	0.999988622892	1.0	2
1.0	6753.81835938	2.0	1.0	854.251403809	2.0	2.0	16.5399999619	0.0	-0.0849879160523	-0.953445374966	0.289342314005	39.1127986594	3.51294670387	-70.8056945801	2.40469503403	-4.99845504761	0.37858967069	8.0	8.31999969482	53.4359990507	4.0	31.7600002289	0.993263817666	1.0	2
1.0	10506.6201172	3.0	1.0	1066.43945312	2.0	2.0	0.0	10.0	0.0	0.0	0.0	0.0	0.0	0.0	0.0	0.0	2.0	25.0	11.1199998856	169.787184099	8.0	29.3600006104	0.999628968086	1.0	2
1.0	9635.79101562	3.0	2.0	2066.36328125	5.0	5.0	64.6200003624	0.0	0.0849858224392	0.953450798988	-0.289325028658	9.31597348886	1.75640134374	-62.8600006104	-13.595199585	1.26128005981	0.833272965045	25.0	3.88000011444	190.896400137	13.0	33.8600006104	0.999690949142	1.0	2
1.0	9462.19433594	3.0	2.0	1303.5390625	4.0	4.0	46.0200004578	0.0	0.0849858224392	0.953450798988	-0.289325028658	21.9819091358	1.75640134374	-62.8600006104	-13.595199585	1.26128005981	0.833272965045	18.0	3.88000011444	104.928784162	7.0	28.5200004578	0.999888200233	1.0	2
1.0	3772.95092773	1.0	1.0	180.057006836	1.0	1.0	13.1400003433	0.0	0.0411593802273	0.994557678699	-0.0957133546472	20.9322244364	2.49491299487	-67.9269561768	0.0299225002527	-10.377699852	0.191236752839	1.0	10.3400001526	10.5799999237	1.0	10.3400001526	-1.0	0.0	2
1.0	7678.38818359	3.0	1.0	717.240234375	3.0	3.0	29.2691993713	0.0	-0.998190462589	0.0287193898112	-0.0528304427862	52.535612117	7.48032095637	-71.4481048584	18.2805500031	-17.9268493652	0.308744200862	9.0	18.7000007629	113.400000572	8.0	30.6599998474	0.986709695829	1.0	2
1.0	4870.83300781	2.0	1.0	126.697998047	1.0	1.0	0.0	10.0	0.0	0.0	0.0	0.0	0.0	0.0	0.0	0.0	2.0	2.0	24.0400009155	27.5399999619	1.0	33.2200012207	0.853066642063	1.0	2
1.0	6764.65673828	2.0	1.0	720.649841309	3.0	3.0	20.873999536	0.0	0.0412678718567	0.994553208351	-0.0957124903798	52.8988221176	1.02024538118	-70.9554977417	19.7390499115	-16.6513004303	0.334819204282	7.0	18.7000007629	91.1800012589	5.0	39.3800010681	0.972224602491	1.0	2
1.0	1793.85778809	6.0	1.0	610.500427246	2.0	1.0	0.0	10.0	0.0	0.0	0.0	0.0	0.0	0.0	0.0	0.0	2.0	1.0	30.2399997711	10.4200000763	1.0	30.2399997711	0.575568568664	1.0	2
1.0	2934.34106445	2.0	1.0	1107.81982422	4.0	2.0	0.0	10.0	0.0	0.0	0.0	0.0	0.0	0.0	0.0	0.0	2.0	2.0	22.9200000763	16.7347992361	2.0	35.9399986267	0.994044884391	1.0	2
1.0	384.370788574	3.0	0.0	180.057006836	1.0	0.0	0.0	10.0	0.0	0.0	0.0	0.0	0.0	0.0	0.0	0.0	2.0	0.0	0.0	0.0	0.0	0.0	0.00323373194517	1.0	2
1.0	5925.05810547	2.0	1.0	1278.28198242	3.0	3.0	20.873999536	0.0	0.0412678718567	0.994553208351	-0.0957124903798	52.8988221176	1.02024538118	-70.9554977417	19.7390499115	-16.6513004303	0.334819204282	9.0	7.86000013351	71.02480077	5.0	30.6599998474	0.970214269604	1.0	2
1.0	5467.15576172	2.0	1.0	1482.3359375	4.0	4.0	23.375200212	0.0	-0.998190462589	0.0287193898112	-0.0528304427862	52.535612117	2.62500589012	-71.4481048584	18.2805500031	-17.9268493652	0.308744200862	8.0	7.86000013351	89.3248002455	5.0	39.3800010681	0.929243432807	1.0	2
1.0	7041.65576172	2.0	1.0	1286.91125488	5.0	5.0	42.4091997147	0.0	0.0412678718567	0.994553208351	-0.0957124903798	52.8988221176	9.02268346748	-70.9554977417	19.7390499115	-16.6513004303	0.334819204282	13.0	7.86000013351	121.604800217	10.0	30.6599998474	0.983294572936	1.0	2
1.0	5481.59667969	1.0	1.0	125.505996704	1.0	1.0	7.63999986649	0.0	-0.0288100410253	0.963136255741	-0.267466962337	28.1380264726	3.54933208309	-64.2326049805	2.65656518936	-11.8342494965	0.512651470287	1.0	8.06000041962	9.07999992371	1.0	8.06000041962	-1.0	0.0	2
1.0	11254.6835938	5.0	2.0	1285.05090332	2.0	2.0	9.68000030518	0.0	0.0289062224329	-0.963117718697	0.267523288727	17.7785032732	2.59804727852	-60.9549484253	-8.53571510315	-4.30469036102	0.237326158306	22.0	1.96000003815	171.719759822	11.0	28.0799999237	0.99999452414	1.0	2
1.0	6024.2578125	6.0	3.0	1446.35070801	3.0	2.0	3.11999988556	2.04138927781	0.265662163496	-0.845841825008	-0.462574571371	40.2849370899	8.5408459748	-70.4258499146	29.2080497742	-26.5839500427	0.575660783136	4.0	4.67999982834	33.4808060959	1.0	4.67999982834	0.874983528249	1.0	2
1.0	8884.88476562	4.0	2.0	553.580993652	3.0	3.0	13.0599999428	0.0	-0.0289028137922	0.963133394718	-0.267467111349	27.2385339602	0.0	-64.0838470459	-1.84848499298	-13.5030498505	0.927362469999	10.0	3.11999988556	79.9367990494	5.0	14.8400001526	0.999783119231	1.0	2
1.0	6871.19873047	3.0	2.0	537.905029297	3.0	3.0	13.0599999428	0.0	-0.0289028137922	0.963133394718	-0.267467111349	25.5682629575	0.0	-64.0838470459	-1.84848499298	-13.5030498505	0.927362469999	5.0	8.06000041962	32.8951999992	5.0	28.0799999237	0.860903957791	1.0	2
1.0	7872.86181641	8.0	5.0	2421.30786133	4.0	3.0	25.928800106	0.0	0.999503552914	0.0310958735645	0.0050654434599	38.1276105972	0.0	-69.2453994751	24.3910503387	-35.4531021118	0.59192650453	20.0	1.96000003815	108.085205881	9.0	21.2000007629	0.99871149787	1.0	2
1.0	7840.76708984	4.0	1.0	377.901977539	2.0	2.0	21.720000267	0.0	-0.999506771564	-0.0309935808182	-0.00506545975804	34.9628439069	1.73161049516	-68.5080032349	30.2080993652	-20.9944000244	0.0693687720608	4.0	3.94000005722	33.0199995041	2.0	14.5600004196	0.928998317028	1.0	2
1.0	4546.63427734	7.0	3.0	538.871826172	3.0	2.0	4.42880010605	0.0	0.999503552914	0.0310958735645	0.0050654434599	38.1276105972	0.0	-69.2453994751	24.3910503387	-35.4531021118	0.59192650453	8.0	1.96000003815	31.5268002748	3.0	16.0599994659	0.971883631535	1.0	2
1.0	6089.41308594	2.0	1.0	787.967956543	2.0	2.0	7.63999986649	0.0	-0.0288100410253	0.963136255741	-0.267466962337	30.3062971467	3.54933208309	-64.2326049805	2.65656518936	-11.8342494965	0.512651470287	2.0	8.06000041962	17.3275995255	2.0	28.8799991608	0.51210444934	1.0	2
1.0	9478.96679688	7.0	1.0	1167.06787109	3.0	3.0	14.0800004005	0.0	-0.999506771564	-0.0309935808182	-0.00506545975804	43.3397891666	1.73161049516	-68.5080032349	30.2080993652	-20.9944000244	0.0693687720608	17.0	5.65999984741	179.119598016	8.0	28.0799999237	0.999962238457	1.0	2
1.0	4888.40771484	2.0	1.0	2058.22314453	2.0	2.0	24.0847995281	0.0	0.997134804726	0.0	-0.0756454095244	37.6691204724	0.0	-74.1090011597	23.252199173	-17.0863990784	0.0281407525467	17.0	2.75999999046	109.631644785	13.0	40.0800018311	0.970915525055	1.0	2
1.0	3531.93969727	2.0	1.0	121.249000549	1.0	1.0	0.0	10.0	0.0	0.0	0.0	0.0	0.0	0.0	0.0	0.0	2.0	1.0	40.8800010681	17.7243995667	1.0	40.8800010681	0.0256127475366	1.0	2
1.0	8767.26660156	3.0	1.0	274.932983398	1.0	1.0	0.0	10.0	0.0	0.0	0.0	0.0	0.0	0.0	0.0	0.0	2.0	15.0	16.0400009155	74.0395574123	7.0	25.0599994659	0.997249038245	1.0	2
1.0	7454.70263672	4.0	2.0	740.193969727	2.0	2.0	24.3399994373	0.0	-0.0130321029574	0.976928770542	-0.213167384267	36.2023940319	1.83474829127	-70.2938537598	19.2090492249	-37.2983016968	0.826403598096	11.0	5.90000009537	69.6601521373	5.0	27.4400005341	0.987176062456	1.0	2
1.0	5140.41455078	1.0	1.0	126.752998352	1.0	1.0	0.0	10.0	0.0	0.0	0.0	0.0	0.0	0.0	0.0	0.0	2.0	4.0	16.4799995422	15.3372297287	2.0	22.0200004578	0.771787678042	1.0	2
1.0	7521.29199219	4.0	2.0	746.698120117	2.0	2.0	23.561599493	0.0	-0.0130321029574	0.976928770542	-0.213167384267	36.2023940319	1.83474829127	-70.2938537598	19.2090492249	-37.2983016968	0.826403598096	12.0	2.75999999046	87.0996000767	9.0	40.8800010681	0.993581546863	1.0	2
1.0	3524.01049805	1.0	1.0	153.828994751	1.0	1.0	0.0	10.0	0.0	0.0	0.0	0.0	0.0	0.0	0.0	0.0	2.0	0.0	0.0	0.0	1.0	25.0200004578	0.494232169462	1.0	2
1.0	6748.63183594	4.0	2.0	2139.73999023	2.0	2.0	28.6367993355	0.0	0.997134804726	0.0	-0.0756454095244	34.7135095383	1.78556177868	-74.1090011597	23.252199173	-17.0863990784	0.0384743345227	17.0	5.90000009537	107.256742969	9.0	40.0800018311	0.997249040891	1.0	2
1.0	8964.13574219	3.0	1.0	905.989990234	3.0	3.0	0.0	10.0	0.0	0.0	0.0	0.0	0.0	0.0	0.0	0.0	2.0	13.0	1.89999997616	164.599199891	5.0	39.5999984741	0.99893884896	1.0	2
1.0	158.722000122	1.0	0.0	202.25100708	1.0	0.0	0.0	10.0	0.0	0.0	0.0	0.0	0.0	0.0	0.0	0.0	2.0	0.0	0.0	0.0	0.0	0.0	0.00323373194517	1.0	2
1.0	7202.64404297	2.0	1.0	1464.16101074	3.0	3.0	10.9399995804	0.0	0.994901537895	0.0	-0.10085092485	36.4880317503	0.0	-73.2042541504	16.9957008362	-16.4157505035	0.925862973589	15.0	1.89999997616	188.519200921	9.0	39.5999984741	0.989137688671	1.0	2
1.0	4009.35180664	1.0	1.0	202.25100708	1.0	1.0	10.9399995804	0.0	0.994901537895	0.0	-0.10085092485	30.1184524462	0.0	-73.2042541504	16.9957008362	-16.4157505035	0.925862973589	0.0	0.0	0.0	1.0	24.4200000763	0.58825992371	1.0	2
1.0	7554.77880859	2.0	1.0	911.90802002	4.0	4.0	10.9399995804	0.0	0.994901537895	0.0	-0.10085092485	30.1184524462	0.0	-73.2042541504	16.9957008362	-16.4157505035	0.925862973589	8.0	4.36000013351	118.779998779	6.0	39.5999984741	0.99479376277	1.0	2
1.0	1750.64697266	3.0	3.0	600.067016602	2.0	2.0	0.0	10.0	0.0	0.0	0.0	0.0	0.0	0.0	0.0	0.0	2.0	3.0	5.46000003815	25.1599998474	2.0	31.4599990845	0.182502410831	1.0	2
1.0	7144.56787109	3.0	1.0	1807.72705078	3.0	3.0	10.9399995804	0.0	0.994901537895	0.0	-0.10085092485	51.0612749983	0.0	-73.2042541504	16.9957008362	-16.4157505035	0.925862973589	15.0	1.89999997616	181.560800195	9.0	39.5999984741	0.998382388136	1.0	2
1.0	4009.35180664	1.0	1.0	202.25100708	1.0	1.0	10.9399995804	0.0	0.994901537895	0.0	-0.10085092485	30.1184524462	0.0	-73.2042541504	16.9957008362	-16.4157505035	0.925862973589	0.0	0.0	0.0	1.0	24.4200000763	0.58825992371	1.0	2
1.0	9111.90625	3.0	1.0	1416.10595703	2.0	2.0	0.0	10.0	0.0	0.0	0.0	0.0	0.0	0.0	0.0	0.0	2.0	15.0	4.36000013351	192.560001373	8.0	39.5999984741	0.997757495362	1.0	2
1.0	5251.54052734	1.0	1.0	95.0280990601	1.0	1.0	0.0	10.0	0.0	0.0	0.0	0.0	0.0	0.0	0.0	0.0	2.0	3.0	12.8999996185	31.1599998474	1.0	12.8999996185	-1.0	0.0	2
1.0	8148.34130859	1.0	1.0	1718.78308105	2.0	2.0	19.3463993073	0.0	0.0472607836127	-0.97209751606	0.22976693511	37.3784061827	2.1822130816	-67.382850647	3.33610486984	-7.89267969131	0.582234527661	26.0	3.57999992371	179.771601096	16.0	35.4399986267	0.999683807608	1.0	2
1.0	6960.62011719	1.0	1.0	184.308502197	2.0	2.0	0.0	10.0	0.0	0.0	0.0	0.0	0.0	0.0	0.0	0.0	2.0	5.0	3.8599998951	45.7599996328	2.0	12.8999996185	0.657489425662	1.0	2
1.0	8439.89355469	2.0	1.0	1353.4810791	2.0	2.0	0.0	10.0	0.0	0.0	0.0	0.0	0.0	0.0	0.0	0.0	2.0	30.0	3.16000008583	228.623600423	15.0	35.4399986267	0.999976362233	1.0	2
1.0	6951.88427734	2.0	1.0	1225.73059082	2.0	2.0	0.0	10.0	0.0	0.0	0.0	0.0	0.0	0.0	0.0	0.0	2.0	17.0	5.59999990463	146.842800617	9.0	34.0999984741	0.989137673011	1.0	2
1.0	7833.60693359	2.0	1.0	642.87310791	2.0	2.0	4.56879997253	0.0	-0.0472540706396	0.972094237804	-0.229782238603	18.9029223678	3.60862288834	-64.9782562256	-1.14145648479	-5.30002498627	0.934078011542	15.0	3.16000008583	98.4531992078	7.0	27.3600006104	0.997719775589	1.0	2
1.0	8776.62695312	2.0	1.0	1285.64135742	2.0	2.0	8.02880001068	0.0	-0.0472540706396	0.972094237804	-0.229782238603	30.8818116041	3.60862288834	-64.9782562256	-1.14145648479	-5.30002498627	0.934078011542	23.0	3.16000008583	126.721431759	15.0	35.4399986267	0.999797487069	1.0	2
1.0	7640.89306641	2.0	1.0	1593.47802734	2.0	2.0	0.0	10.0	0.0	0.0	0.0	0.0	0.0	0.0	0.0	0.0	2.0	37.0	3.16000008583	284.291999653	18.0	34.0999984741	0.999304563634	1.0	2
1.0	9311.35058594	2.0	1.0	1722.48571777	2.0	2.0	0.0	10.0	0.0	0.0	0.0	0.0	0.0	0.0	0.0	0.0	2.0	39.0	3.16000008583	287.479200259	20.0	35.4399986267	0.999941038091	1.0	2
1.0	6242.68554688	6.0	1.0	241.993103027	2.0	2.0	0.0	10.0	0.0	0.0	0.0	0.0	0.0	0.0	0.0	0.0	2.0	12.0	3.8599998951	78.6399995089	2.0	11.4799995422	0.979961204878	1.0	2
1.0	4518.9140625	1.0	1.0	55.448600769	1.0	1.0	0.0	10.0	0.0	0.0	0.0	0.0	0.0	0.0	0.0	0.0	2.0	1.0	32.5200004578	14.5399999619	0.0	32.5200004578	0.151414196797	1.0	2
1.0	8398.34570312	3.0	1.0	156.566696167	2.0	2.0	0.0	10.0	0.0	0.0	0.0	0.0	0.0	0.0	0.0	0.0	2.0	4.0	17.7800006866	33.2799994946	0.0	36.1399993896	0.792326199726	1.0	2
1.0	4304.26757812	1.0	1.0	147.955993652	1.0	1.0	0.0	10.0	0.0	0.0	0.0	0.0	0.0	0.0	0.0	0.0	2.0	2.0	9.85999965668	16.8199996948	0.0	13.6400003433	0.0524039522483	1.0	2
1.0	10316.7041016	5.0	1.0	300.468597412	3.0	3.0	0.0	10.0	0.0	0.0	0.0	0.0	0.0	0.0	0.0	0.0	2.0	11.0	12.6999998093	79.8960009068	1.0	12.6999998093	0.983469580403	1.0	2
1.0	890.891601562	3.0	0.0	813.175964355	1.0	0.0	0.0	10.0	0.0	0.0	0.0	0.0	0.0	0.0	0.0	0.0	2.0	0.0	0.0	0.0	0.0	0.0	0.00323373194517	1.0	2
1.0	10214.5292969	4.0	1.0	679.119995117	3.0	3.0	44.8000006676	0.0	-0.0588479749858	-0.984736979008	0.163798481226	39.5589855143	9.988244397	-73.5059509277	23.7680015564	-24.1893005371	0.205412814281	12.0	10.7600002289	59.8392003011	1.0	10.7600002289	0.986673867034	1.0	2
1.0	2724.1340332	5.0	1.0	1039.22888184	3.0	1.0	0.0	10.0	0.0	0.0	0.0	0.0	0.0	0.0	0.0	0.0	2.0	4.0	24.9200000763	24.220000267	0.0	32.2799987793	0.503624119656	1.0	2
1.0	9534.99414062	5.0	1.0	745.221313477	2.0	2.0	26.1600003242	1.21309111039	-0.108660914004	-0.146976917982	-0.983153402805	36.1778394851	1.02808813122	-72.5894470215	5.35758495331	-11.6041002274	0.358329457423	9.0	25.0599994659	56.0711998343	0.0	42.5600013733	0.972818081703	1.0	2
1.0	8596.97558594	5.0	1.0	625.971618652	4.0	4.0	0.0	10.0	0.0	0.0	0.0	0.0	0.0	0.0	0.0	0.0	2.0	10.0	16.8199996948	87.5188005865	0.0	43.4199981689	0.902465675884	1.0	2
1.0	9287.50390625	4.0	1.0	804.680297852	1.0	1.0	0.0	10.0	0.0	0.0	0.0	0.0	0.0	0.0	0.0	0.0	2.0	14.0	19.5200004578	97.57519917	0.0	43.4199981689	0.969233781029	1.0	2
1.0	226.865005493	1.0	0.0	66.4292984009	1.0	0.0	0.0	10.0	0.0	0.0	0.0	0.0	0.0	0.0	0.0	0.0	2.0	0.0	0.0	0.0	0.0	0.0	0.00323373194517	1.0	2
1.0	4587.54589844	1.0	1.0	230.654006958	1.0	1.0	0.0	10.0	0.0	0.0	0.0	0.0	0.0	0.0	0.0	0.0	2.0	5.0	23.7399997711	52.7448012605	2.0	29.2600002289	-1.0	0.0	3
1.0	7676.56201172	6.0	2.0	3061.57958984	2.0	2.0	7.03999996185	0.0	0.0314129851758	-0.976050436497	0.215264454484	18.6326650693	2.59882981139	-70.5473480225	5.76612997055	-2.9482049942	0.918971434022	31.0	3.8599998951	268.813758645	16.0	42.2799987793	0.999979444897	1.0	3
1.0	4424.03857422	6.0	2.0	1773.29052734	1.0	1.0	25.5599994659	0.0	0.0314058288932	-0.976049184799	0.215271160007	14.8713750873	1.11747459657	-70.6125488281	7.12497520447	-1.84535002708	0.445842376011	16.0	8.39999961853	159.688802145	9.0	28.4599990845	0.979943702389	1.0	3
1.0	2602.39477539	4.0	3.0	1048.47998047	1.0	1.0	10.8199996948	0.0	-0.0314129889011	0.976049542427	-0.215268492699	5.41015974577	9.04860583744	-65.8323516846	-0.354156494141	-0.0876577496529	0.963758184116	2.0	20.5400009155	22.5399999619	3.0	28.4599990845	0.983755204755	1.0	3
1.0	4655.36328125	2.0	1.0	1721.00610352	3.0	3.0	5.61999988556	1.65543950241	0.0219676103443	-0.195689484477	-0.980419814587	37.8742739282	2.26883464608	-73.3437042236	29.4609489441	-23.6561508179	0.599328612565	12.0	10.1800003052	93.2876142333	6.0	42.2799987793	0.456646644412	1.0	3
1.0	4790.78808594	4.0	1.0	852.11541748	2.0	2.0	0.0	10.0	0.0	0.0	0.0	0.0	0.0	0.0	0.0	0.0	2.0	7.0	12.9399995804	63.3288009018	3.0	23.7600002289	0.964117176674	1.0	3
1.0	6427.13964844	3.0	1.0	880.309997559	3.0	3.0	18.1800003052	0.0	0.031412679702	-0.976040899754	0.215307593346	35.5842753409	2.83477761195	-72.0972442627	27.3275489807	-25.9636993408	0.829854456401	11.0	3.88000011444	86.3641416803	5.0	29.2600002289	0.930605534851	1.0	3
1.0	7376.578125	2.0	1.0	1299.03295898	3.0	3.0	14.6600003242	0.0	0.031412679702	-0.976040899754	0.215307593346	35.5842753409	2.83477761195	-72.0972442627	27.3275489807	-25.9636993408	0.829854456401	21.0	3.88000011444	129.734120419	8.0	42.2799987793	0.999073113363	1.0	3
1.0	7448.48779297	2.0	1.0	1546.4050293	3.0	3.0	0.0	10.0	0.0	0.0	0.0	0.0	0.0	0.0	0.0	0.0	2.0	20.0	5.23999977112	119.757064767	11.0	33.0200004578	0.975948227806	1.0	3
1.0	2821.14160156	1.0	1.0	1471.84643555	2.0	2.0	12.6599998474	0.0	0.0314129851758	-0.976050436497	0.215264454484	1.37023915041	17.6317690879	-70.5473480225	5.76612997055	-2.9482049942	0.918971434022	6.0	20.5400009155	104.320001602	3.0	29.2600002289	0.980134637366	1.0	3
1.0	3844.34594727	1.0	1.0	121.013000488	1.0	1.0	17.8799991608	0.0	-0.00327116530389	-0.994228839874	0.107229970396	23.670425185	0.979573118698	-70.2109985352	3.98095989227	-7.04003000259	0.326019112351	1.0	1.05999994278	0.0	1.0	1.05999994278	-1.0	0.0	3
1.0	9528.93066406	6.0	1.0	946.652038574	2.0	2.0	17.8799991608	0.0	-0.00327116530389	-0.994228839874	0.107229970396	38.9819700585	0.979573118698	-70.2109985352	3.98095989227	-7.04003000259	0.326019112351	8.0	1.05999994278	70.3049691445	4.0	42.6800003052	0.986367986929	1.0	3
1.0	5520.16650391	2.0	1.0	256.825012207	1.0	1.0	0.0	10.0	0.0	0.0	0.0	0.0	0.0	0.0	0.0	0.0	2.0	2.0	30.7000007629	34.5199995041	1.0	30.7000007629	0.329951296238	1.0	3
1.0	9459.54882812	7.0	2.0	2335.23388672	1.0	1.0	0.0	10.0	0.0	0.0	0.0	0.0	0.0	0.0	0.0	0.0	2.0	16.0	22.4400005341	192.308705621	5.0	44.3400001526	0.999296574695	1.0	3
1.0	9628.12695312	4.0	1.0	1404.20202637	1.0	1.0	0.0	10.0	0.0	0.0	0.0	0.0	0.0	0.0	0.0	0.0	2.0	10.0	22.4400005341	140.197329942	3.0	44.3400001526	0.998914332939	1.0	3
1.0	4719.99316406	1.0	1.0	121.013000488	1.0	1.0	17.8799991608	0.0	-0.00327116530389	-0.994228839874	0.107229970396	23.670425185	0.979573118698	-70.2109985352	3.98095989227	-7.04003000259	0.326019112351	1.0	1.05999994278	0.0	1.0	1.05999994278	0.61680026633	1.0	3
1.0	9766.51367188	4.0	1.0	858.611999512	3.0	3.0	17.8799991608	0.0	-0.00327116530389	-0.994228839874	0.107229970396	38.9819700585	0.979573118698	-70.2109985352	3.98095989227	-7.04003000259	0.326019112351	8.0	1.05999994278	99.4352016449	3.0	42.6800003052	0.99921146491	1.0	3
1.0	165.156005859	1.0	0.0	121.013000488	1.0	0.0	0.0	10.0	0.0	0.0	0.0	0.0	0.0	0.0	0.0	0.0	2.0	0.0	0.0	0.0	0.0	0.0	0.00323373194517	1.0	3
1.0	9415.86035156	4.0	1.0	946.652038574	2.0	2.0	17.8799991608	0.0	-0.00327116530389	-0.994228839874	0.107229970396	38.9819700585	0.979573118698	-70.2109985352	3.98095989227	-7.04003000259	0.326019112351	12.0	1.05999994278	91.8834963115	4.0	42.6800003052	0.99883733965	1.0	3
1.0	4551.77539062	1.0	1.0	92.1303024292	1.0	1.0	0.0	10.0	0.0	0.0	0.0	0.0	0.0	0.0	0.0	0.0	2.0	1.0	25.2800006866	7.55999994278	0.0	25.2800006866	-1.0	0.0	3
1.0	10624.6328125	6.0	2.0	381.44519043	4.0	3.0	21.8200001717	0.0	0.0536272525787	0.95650690794	-0.286738008261	37.3126821605	3.40036578051	-71.1605987549	9.15773010254	-3.22975492477	0.164159376841	8.0	8.19999980927	77.1896008998	1.0	8.19999980927	0.965811082638	1.0	3
1.0	8928.53320312	7.0	1.0	2167.02832031	2.0	1.0	0.0	10.0	0.0	0.0	0.0	0.0	0.0	0.0	0.0	0.0	2.0	24.0	11.279999733	214.154001079	0.0	41.7200012207	0.843984161103	1.0	3
1.0	7531.02783203	7.0	1.0	1429.02246094	4.0	2.0	0.0	10.0	0.0	0.0	0.0	0.0	0.0	0.0	0.0	0.0	2.0	14.0	11.279999733	107.244800523	0.0	40.9399986267	0.975399073285	1.0	3
1.0	3732.40380859	3.0	1.0	1216.86035156	2.0	1.0	0.0	10.0	0.0	0.0	0.0	0.0	0.0	0.0	0.0	0.0	2.0	1.0	9.18000030518	6.03999996185	0.0	9.18000030518	0.402198551109	1.0	3
1.0	7037.19238281	3.0	2.0	2941.57666016	3.0	3.0	67.6000006199	0.0	0.0536272525787	0.95650690794	-0.286738008261	37.3126821605	3.40036578051	-71.1605987549	9.15773010254	-3.22975492477	0.164159376841	27.0	9.81999969482	320.747205839	0.0	41.7200012207	0.959022887568	1.0	3
1.0	4695.01074219	1.0	1.0	222.669311523	2.0	2.0	20.1599998474	2.23138077724	0.135587230325	-0.96240323782	-0.235363841057	17.9472853294	1.64545579184	-72.2351531982	19.2441501617	-26.3717498779	0.711282855488	1.0	25.2800006866	7.55999994278	0.0	25.2800006866	0.195215865574	1.0	3
1.0	4502.50488281	2.0	1.0	268.347991943	1.0	1.0	11.3800001144	0.0	-0.0335474610329	-0.98668885231	0.159121766686	31.6503637916	3.28111511956	-71.0926513672	2.11414504051	-10.2673501968	0.199964792829	1.0	13.3000001907	14.5	0.0	13.3000001907	-1.0	0.0	3
1.0	8991.66992188	7.0	2.0	1746.00952148	6.0	4.0	17.9600000381	1.41799153291	0.48287910223	-0.575484573841	-0.660034298897	34.4961097604	15.4319933973	-73.143951416	23.6852493286	-21.8418502808	0.270696045923	11.0	3.11999988556	80.6968014911	3.0	31.7800006866	0.990522820793	1.0	3
1.0	2752.66503906	3.0	0.0	268.347991943	1.0	0.0	0.0	10.0	0.0	0.0	0.0	0.0	0.0	0.0	0.0	0.0	2.0	0.0	0.0	0.0	0.0	0.0	0.00323373194517	1.0	3
1.0	8364.71289062	8.0	1.0	2367.93798828	7.0	7.0	48.9028160721	0.0	-0.0335469059646	-0.986672461033	0.159223422408	35.5736871222	14.4745756832	-69.3694458008	-2.82305502892	-18.4383010864	0.199378157476	19.0	3.11999988556	124.256801877	4.0	23.9400005341	0.97251004647	1.0	3
1.0	4267.61328125	2.0	1.0	375.29699707	2.0	2.0	20.5628160387	0.0	0.999265491962	-0.0309871118516	-0.0225452296436	39.9526926413	3.22705298186	-71.2783966064	11.9813499451	-11.8443498611	0.0340281930652	3.0	11.8800001144	41.4400005341	0.0	13.3000001907	0.191832029279	1.0	3
1.0	6350.40234375	8.0	4.0	1648.02709961	3.0	3.0	24.4200003147	0.0	0.99926251173	-0.0310833118856	-0.0225434992462	33.5532986039	0.950856755085	-73.1017990112	23.4961013794	-19.5839500427	0.0432294367925	12.0	7.03999996185	104.400401	2.0	18.2199993134	0.991541771598	1.0	3
1.0	8787.96386719	3.0	1.0	2508.40258789	4.0	4.0	29.8428160101	0.0	0.999265491962	-0.0309871118516	-0.0225452296436	46.0508445913	3.22705298186	-71.2783966064	11.9813499451	-11.8443498611	0.0340281930652	28.0	3.11999988556	257.199371319	4.0	22.2999992371	0.980629912464	1.0	3
1.0	8754.41796875	5.0	1.0	2323.39501953	3.0	3.0	32.0400002003	0.0	-0.0335474610329	-0.98668885231	0.159121766686	41.4152255475	3.28111511956	-71.0926513672	2.11414504051	-10.2673501968	0.199964792829	22.0	3.11999988556	131.25177063	3.0	20.8799991608	0.993263839178	1.0	3
1.0	6681.63378906	4.0	2.0	1710.55395508	2.0	2.0	21.720000267	0.0	0.0335469059646	0.986672461033	-0.159223422408	34.6651599981	1.04237027544	-69.3694458008	-2.82305502892	-18.4383010864	0.199378157476	14.0	7.03999996185	107.473601844	3.0	22.2999992371	0.67651292184	1.0	3
1.0	8402.54296875	5.0	1.0	2208.45019531	5.0	5.0	23.4128159434	0.0	0.99926251173	-0.0310833118856	-0.0225434992462	33.5532986039	0.950856755085	-73.1017990112	23.4961013794	-19.5839500427	0.0432294367925	25.0	6.11999988556	213.029602319	5.0	18.2199993134	0.986212410236	1.0	3
1.0	2202.18139648	7.0	3.0	2585.11962891	1.0	1.0	8.85999965668	1.8991813929	0.254263758659	-0.194932922721	-0.947286188602	17.6269018368	5.12597606616	-66.6710510254	-5.68937015533	-1.59321594238	0.67517110937	4.0	29.8199996948	15.2566559613	2.0	32.3199996948	0.989251044587	1.0	3
1.0	7370.34228516	6.0	1.0	732.114013672	2.0	1.0	0.0	10.0	0.0	0.0	0.0	0.0	0.0	0.0	0.0	0.0	2.0	2.0	31.3799991608	22.6800003052	2.0	41.9000015259	0.91253627686	1.0	3
1.0	280.382904053	3.0	1.0	1452.76391602	2.0	1.0	0.0	10.0	0.0	0.0	0.0	0.0	0.0	0.0	0.0	0.0	2.0	1.0	33.0	9.65999984741	0.0	33.0	0.978216152796	1.0	3
1.0	3640.14477539	6.0	5.0	4006.93969727	1.0	1.0	29.1599991322	0.0	0.00760352332145	-0.965324819088	0.2609410882	33.3577829758	11.3145354724	-67.3332519531	0.559640467167	-6.83824491501	0.0385386501421	20.0	11.0799999237	180.338800047	9.0	42.2799987793	0.998740592861	1.0	3
1.0	6950.43505859	6.0	5.0	5258.8203125	2.0	1.0	46.5199987888	0.0	-0.00760397640988	0.965320646763	-0.260956376791	20.9513187502	0.0	-63.1804504395	-10.5637493134	-3.96741485596	0.95576147959	37.0	19.7800006866	356.399057608	17.0	42.2799987793	0.999909778954	1.0	3
1.0	6332.54101562	3.0	2.0	2587.66894531	2.0	2.0	38.3800003529	0.0	-0.00760397640988	0.965320646763	-0.260956376791	20.9513187502	0.0	-63.1804504395	-10.5637493134	-3.96741485596	0.95576147959	8.0	19.7800006866	161.439201985	4.0	26.2199993134	0.995987457449	1.0	3
1.0	8597.765625	5.0	2.0	1423.83984375	3.0	3.0	3.72000002861	0.0	0.00760337105021	-0.965346038342	0.260862350464	40.4609694802	2.17399804078	-70.9265441895	23.1263999939	-25.3412494659	0.146095777352	18.0	25.1399993896	166.837859601	12.0	42.2799987793	0.999940045491	1.0	3
1.0	4357.86132812	2.0	2.0	1292.59997559	1.0	1.0	28.0399990082	0.0	-0.0075957053341	0.965321004391	-0.260955393314	27.2388387884	1.72823928271	-68.3567504883	1.48659002781	-7.05481004715	0.901388795283	3.0	20.1200008392	89.2000007629	1.0	23.5	0.711339647754	1.0	3
1.0	5827.59326172	5.0	2.0	2670.52050781	1.0	1.0	18.4400005341	0.0	-0.00770720653236	0.965311765671	-0.26098626852	42.4904704829	3.84902269199	-71.9776000977	20.9209499359	-26.4975013733	0.173988870916	20.0	19.7800006866	159.829855155	6.0	33.9000015259	0.99245819441	1.0	3
