valid	volumeS1	connectedComponentsS1	connectedComponentsS1Rel	volumeS2	connectedComponentsS2	connectedComponentsS2Rel	corticalSize	distanceMin	direction_x	direction_y	direction_z	distanceToExtremity1	distanceToExtremity2	gravityCenter_x	gravityCenter_y	gravityCenter_z	corticalDotProduct	junctions	junctionDepthMin	junctionsSize	plisDePassage	plisDePassageDepthMax	Potential	Class	cycle
1.0	7513.66113281	1.0	1.0	2101.53295898	1.0	1.0	34.6800005436	3.52869667308	-0.170458197594	0.631343007088	0.756538152695	41.6729106217	2.69384273878	-44.512550354	78.46534729	-56.914100647	0.490985870774	0.0	0.0	0.0	0.0	0.0	-1.0	0.0	1
1.0	13353.8681641	18.0	5.0	2420.66943359	3.0	2.0	111.159998894	0.0	-0.0584627389908	-0.987321674824	0.147573590279	63.9184125557	2.45369184584	-26.3689994812	90.3419036865	-51.1643486023	0.403177041763	3.0	23.8600006104	72.2799987793	1.0	29.7399997711	0.984620854644	1.0	1
1.0	19384.5253906	22.0	5.0	6331.35839844	7.0	4.0	209.639998198	0.0	0.997889816761	-0.0560519471765	-0.032773565501	43.267041616	35.8367022771	-65.5127029419	55.4765510559	-53.4200515747	0.99665127465	3.0	7.78000020981	39.279999733	0.0	16.8400001526	0.999999219268	1.0	1
1.0	22720.2832031	19.0	4.0	6365.33837891	8.0	5.0	187.039998293	0.0	-0.997891247272	0.0560442395508	0.0327424556017	49.6303515984	32.2072708206	-63.1053009033	69.6464538574	-9.15065479279	0.5998492004	5.0	12.4799995422	84.4003983736	2.0	23.0799999237	0.999999995107	1.0	1
1.0	8125.53027344	4.0	3.0	1397.30810547	3.0	3.0	42.4199995995	0.0	-0.0584627389908	-0.987321674824	0.147573590279	27.4629035547	2.45369184584	-26.3689994812	90.3419036865	-51.1643486023	0.403177041763	2.0	27.8199996948	56.3600006104	4.0	29.7399997711	0.700033230284	1.0	1
1.0	11287.2333984	11.0	6.0	6376.75976562	6.0	5.0	83.6532001495	0.0	-0.997890651226	0.0560385212302	0.0327702686191	41.7540790532	2.6219086142	-26.0848503113	88.5680541992	-53.9120483398	0.615503002746	12.0	4.65999984741	183.800399065	3.0	12.4799995422	0.988750176839	1.0	1
1.0	3887.06323242	3.0	3.0	2328.30883789	6.0	4.0	51.2399995327	0.0	0.997896373272	-0.055937372148	-0.0327693521976	1.75331066662	24.1907474321	-64.1703491211	71.6399002075	-15.3939495087	0.846300392354	4.0	19.5599994659	83.0	5.0	29.7399997711	0.891865036195	1.0	1
1.0	11732.9316406	12.0	6.0	5714.17675781	8.0	7.0	159.413197994	0.0	-0.997890651226	0.0560385212302	0.0327702686191	41.7540790532	2.6219086142	-26.0848503113	88.5680541992	-53.9120483398	0.615503002746	11.0	12.4799995422	187.38039887	5.0	29.7399997711	0.997328321172	1.0	1
1.0	9207.50878906	6.0	3.0	2403.99194336	3.0	3.0	107.479998589	0.0	0.0584569759667	0.987324237823	-0.147559031844	34.5516483135	1.77433468248	-35.1218032837	97.0371551514	-32.3096504211	0.895290815605	4.0	8.26000022888	32.9799995422	3.0	20.0200004578	0.668932643822	1.0	1
1.0	11531.9462891	5.0	1.0	1673.64416504	3.0	1.0	13.1400001049	0.0	-0.997895479202	0.0559512227774	0.0327738784254	45.3125326998	0.0	-33.0187988281	75.963394165	-60.764251709	0.190669744609	3.0	19.5599994659	46.359998703	1.0	23.9200000763	0.975007788572	1.0	1
1.0	3909.4987793	2.0	1.0	1909.21203613	1.0	1.0	13.8600001335	3.74958659119	-0.737106621265	0.180384412408	0.651256740093	30.8300264708	0.0	-42.2029495239	90.0713500977	-26.9060497284	0.0383385033191	0.0	0.0	0.0	0.0	0.0	-1.0	0.0	1
1.0	14627.9257812	13.0	3.0	6326.27539062	5.0	4.0	105.680000305	0.0	0.105033896863	0.992557048798	0.0616312026978	54.4744492399	0.99299030582	-43.4657516479	57.0085983276	-53.554397583	0.369978858772	4.0	16.5799999237	57.8199987411	1.0	16.5799999237	0.999999998295	1.0	1
1.0	11895.6689453	10.0	2.0	3672.74316406	1.0	1.0	110.800000906	2.08995212737	-0.791675925255	-0.609205663204	-0.0460184402764	60.9982672523	0.0	-48.9367523193	60.4231491089	-51.5843963623	0.546352740888	0.0	0.0	0.0	0.0	0.0	0.999458138746	1.0	1
1.0	17865.3300781	16.0	8.0	6086.98876953	6.0	6.0	193.880001068	0.0	0.104935511947	0.992567420006	0.0616320855916	66.2995554091	14.772608829	-38.1838989258	77.1568984985	-46.7965011597	0.254910142868	6.0	2.0	62.7999997139	5.0	23.2800006866	1.0	1.0	1
1.0	3312.79003906	5.0	2.0	275.118988037	1.0	1.0	15.8000001907	0.0	-0.105044707656	-0.992555499077	-0.0616375505924	19.0855293684	4.17282247231	-36.9797515869	78.7771453857	-41.2130966187	0.25065717448	2.0	17.1399993896	37.0799999237	1.0	17.1399993896	0.932120046468	1.0	1
1.0	97.0503997803	1.0	1.0	1980.80773926	3.0	1.0	4.07999992371	3.39173990369	0.579083383083	-0.637724399567	-0.507907450199	0.0	25.7668079563	-51.1184501648	70.1957550049	-42.8069534302	0.718881352677	0.0	0.0	0.0	0.0	0.0	0.980117529332	1.0	1
1.0	9313.0234375	9.0	4.0	3453.71606445	2.0	2.0	51.1600008011	0.0	0.105043910444	0.992555618286	0.0616370812058	40.4475039197	2.10332869447	-58.1163482666	69.4723510742	-34.7230987549	0.950803359063	4.0	7.80000019073	37.6199994087	1.0	23.0799999237	0.999834549023	1.0	1
1.0	5930.46826172	10.0	6.0	4463.11376953	5.0	5.0	64.9800000191	0.0	-0.105033896863	-0.992557048798	-0.0616312026978	29.9141134904	6.96310659428	-43.4657516479	57.0085983276	-53.554397583	0.420477526529	7.0	4.76000022888	77.9599990845	2.0	17.1399993896	0.979323725581	1.0	1
1.0	650.144836426	2.0	0.0	1662.48193359	2.0	0.0	0.0	10.0	0.0	0.0	0.0	0.0	0.0	0.0	0.0	0.0	2.0	0.0	0.0	0.0	0.0	0.0	5.19273550825e-05	1.0	1
1.0	6646.17431641	7.0	5.0	2745.31689453	2.0	2.0	39.9200000763	0.0	0.105037935078	0.992562830448	0.0615314394236	9.70243196953	14.6745410625	-46.8604507446	65.1188964844	-49.4512481689	0.307711155448	2.0	16.8400001526	40.1199998856	2.0	23.2800006866	0.998002889132	1.0	1
1.0	4971.23144531	1.0	1.0	3054.87744141	1.0	1.0	49.9999985695	2.40463509803	-0.0278261750937	-0.530790627003	-0.847046077251	34.2467743968	4.21328412242	-40.3119506836	80.6571960449	-54.0442504883	0.500299072604	0.0	0.0	0.0	0.0	0.0	-1.0	0.0	1
1.0	13461.5800781	18.0	5.0	4515.98046875	4.0	3.0	129.739997625	0.0	0.0334208533168	0.984700739384	-0.171019077301	15.1157719168	28.7575800356	-51.8522491455	86.6728057861	2.13688993454	0.670599609016	3.0	4.61999988556	25.2400007248	2.0	9.22000026703	0.999173878386	1.0	1
1.0	10583.8154297	20.0	3.0	1033.99755859	3.0	2.0	30.3599996567	0.0	0.0334208533168	0.984700739384	-0.171019077301	35.5071615602	35.1480135802	-51.8522491455	86.6728057861	2.13688993454	0.670599609016	3.0	4.61999988556	22.2000007629	2.0	9.22000026703	0.999465236242	1.0	1
1.0	22559.71875	18.0	9.0	5682.35351562	7.0	7.0	203.300001144	0.0	0.0334208533168	0.984700739384	-0.171019077301	15.1157719168	35.1480135802	-51.8522491455	86.6728057861	2.13688993454	0.670599609016	21.0	4.61999988556	244.179999828	7.0	17.9599990845	1.0	1.0	1
1.0	7287.82763672	3.0	1.0	2547.90087891	1.0	1.0	16.6800003052	0.0	0.999345302582	-0.0346959941089	-0.010254336521	38.2709790027	0.0	-51.1707496643	73.8626556396	-49.9748497009	0.791248126962	2.0	18.2000007629	34.7599992752	0.0	20.5799999237	0.347457195806	1.0	1
1.0	8643.33789062	9.0	2.0	1593.13183594	5.0	2.0	4.48000001907	3.64963016988	0.57852178812	-0.0731092169881	-0.812383890152	38.4217080138	6.28395403682	-43.9525985718	85.4496002197	-43.045501709	0.251946716067	2.0	16.2199993134	19.1600008011	0.0	23.4400005341	0.992844202585	1.0	1
1.0	7430.65820312	4.0	1.0	4401.35058594	1.0	1.0	49.9999985695	2.40463509803	-0.0278261750937	-0.530790627003	-0.847046077251	35.1901734139	4.21328412242	-40.3119506836	80.6571960449	-54.0442504883	0.500299072604	0.0	0.0	0.0	0.0	0.0	0.415011525465	1.0	1
1.0	11569.1396484	7.0	2.0	5601.36230469	5.0	3.0	43.279999733	0.0	0.0334173701704	0.984691381454	-0.171073585749	38.656208842	1.57435856387	-52.7274475098	48.4187469482	-58.2189483643	0.303323905781	3.0	6.26000022888	25.2600007057	1.0	6.26000022888	0.999986835818	1.0	1
1.0	10081.9140625	3.0	1.0	4284.05371094	3.0	2.0	92.8599984646	1.25474700787	0.735116362572	0.665884971619	-0.127283588052	49.8762559851	29.0884963327	-66.7142028809	69.147102356	-18.1245002747	0.795484417919	2.0	23.4400005341	20.7800006866	0.0	23.4400005341	0.974859341399	1.0	1
1.0	9649.10449219	9.0	5.0	3958.08691406	4.0	3.0	64.7200012207	0.0	0.999345302582	-0.0346959941089	-0.010254336521	49.8207871394	36.9511891523	-51.1707496643	73.8626556396	-49.9748497009	0.791248126962	3.0	10.0600004196	41.8399991989	0.0	20.5799999237	0.999313065079	1.0	1
1.0	3649.70288086	2.0	0.0	1254.98266602	1.0	0.0	0.0	10.0	0.0	0.0	0.0	0.0	0.0	0.0	0.0	0.0	2.0	0.0	0.0	0.0	0.0	0.0	5.19273550825e-05	0.0	1
1.0	12369.4785156	15.0	6.0	3831.9309082	6.0	6.0	26.5400004387	0.0	-0.998023033142	0.0332690142095	-0.053321801126	48.3706245472	3.04848725871	-33.2560501099	88.9533538818	-38.3725509644	0.891675604332	4.0	13.0399999619	58.9800004959	1.0	15.6599998474	0.99996625623	1.0	1
1.0	5561.24316406	12.0	2.0	2984.65673828	6.0	4.0	59.3600006104	0.0	0.998022913933	-0.0332723930478	0.0533217936754	44.4404016902	8.2559250966	-45.9054489136	51.643447876	-62.5100479126	0.52174490924	2.0	3.59999990463	8.52000045776	2.0	9.02000045776	0.891482388999	1.0	1
1.0	12135.1005859	17.0	8.0	5303.87060547	7.0	7.0	137.881600857	0.0	-0.99802595377	0.0331812277436	-0.0533212944865	19.1346094722	39.6554773049	-47.2590484619	87.7750015259	-10.0977497101	0.78645484555	6.0	15.0200004578	107.679998398	4.0	23.9599990845	0.999790794643	1.0	1
1.0	7332.01855469	4.0	0.0	4243.22265625	2.0	0.0	0.0	10.0	0.0	0.0	0.0	0.0	0.0	0.0	0.0	0.0	2.0	0.0	0.0	0.0	0.0	0.0	5.19273550825e-05	1.0	1
1.0	11479.4833984	9.0	5.0	4078.23510742	4.0	4.0	121.361600876	0.0	0.998025715351	-0.0331879891455	0.0533221252263	51.023748083	2.85530058331	-34.2618484497	89.879196167	-39.9621505737	0.442737553478	4.0	4.05999994278	60.7799992561	3.0	23.9599990845	0.999697399822	1.0	1
1.0	3696.93676758	3.0	2.0	1306.40991211	2.0	2.0	22.9800004959	2.70287440908	-0.196865484118	0.227527156472	0.953664183617	22.8087914158	17.9162825488	-54.1273994446	77.0494003296	-37.4484024048	0.531600500623	0.0	0.0	0.0	0.0	0.0	0.242897976306	1.0	1
1.0	8025.59228516	9.0	4.0	3839.97705078	5.0	5.0	122.200000763	0.0	0.046194318682	0.99374961853	-0.101625815034	2.10503610528	12.2367223947	-60.7544021606	71.1535491943	-13.3607997894	0.547841269385	5.0	3.59999990463	59.6599993706	6.0	23.9599990845	0.998993328392	1.0	1
1.0	1707.80004883	3.0	1.0	717.850952148	2.0	1.0	8.53999996185	0.0	-0.998023033142	0.0332690142095	-0.053321801126	4.40009943892	3.64667178804	-62.4151496887	68.4364471436	-16.044549942	0.32424234842	4.0	13.0399999619	61.0800008774	0.0	23.8999996185	0.433389725264	1.0	1
1.0	11144.2236328	9.0	5.0	6084.45117188	5.0	5.0	188.760001779	0.0	0.998022913933	-0.0332723930478	0.0533217936754	31.5059936695	8.2559250966	-45.9054489136	51.643447876	-62.5100479126	0.52174490924	7.0	9.02000045776	144.400000572	5.0	28.1200008392	0.999923988581	1.0	1
1.0	6302.47119141	1.0	1.0	858.664001465	1.0	1.0	21.6200008392	1.80229021182	0.337693661451	0.937166392803	-0.0876480266452	46.3795542423	11.1254752699	-54.9358520508	72.8562469482	-33.3665504456	0.898816718812	0.0	0.0	0.0	0.0	0.0	-1.0	0.0	1
1.0	10505.0253906	18.0	2.0	3463.35888672	6.0	1.0	6.40000009537	3.28930083293	-0.647005677223	0.0346785634756	0.76169615984	72.5921278636	18.6921654534	-39.6238479614	79.8287963867	-48.1558990479	0.975352186737	1.0	26.5200004578	27.3199996948	0.0	26.5200004578	0.999979390806	1.0	1
1.0	7301.87988281	13.0	4.0	7559.38818359	9.0	7.0	73.9400004148	0.0	0.994935870171	0.0	-0.100511498749	51.6664016473	24.4513348378	-46.4976005554	69.5690002441	-49.1421508789	0.886829203084	5.0	3.3599998951	67.4799997807	2.0	13.220000267	0.999400525164	1.0	1
1.0	16445.1074219	19.0	6.0	8064.71826172	7.0	4.0	190.175201908	0.0	0.994936227798	0.0	-0.100508131087	67.1097177071	13.0687104471	-43.1633987427	71.5983963013	-49.5949478149	0.503519669311	10.0	7.01999998093	115.160000563	7.0	19.0	0.999999999727	1.0	1
1.0	8264.72949219	10.0	6.0	6686.56152344	7.0	7.0	199.64000082	0.0	-0.994935870171	0.0	0.100511498749	48.2082425879	19.8073290613	-48.3471984863	57.0171012878	-55.7938499451	0.504880544355	13.0	3.3599998951	168.019999504	5.0	23.7199993134	0.997640358832	1.0	1
1.0	8520.87304688	10.0	5.0	5699.47607422	7.0	6.0	173.640398933	0.0	0.994935870171	0.0	-0.100511498749	47.5682497056	1.12117599897	-48.3471984863	57.0171012878	-55.7938499451	0.312161268257	14.0	7.01999998093	186.999999046	4.0	15.0200004578	0.998226140073	1.0	1
1.0	4294.81787109	6.0	1.0	2076.8659668	5.0	1.0	1.51999998093	2.63447721923	-0.661749780178	-0.741830766201	-0.108509749174	40.47295772	11.6471195493	-66.9394989014	60.5279006958	-14.0722503662	0.0597020610011	0.0	0.0	0.0	0.0	0.0	0.694675060024	1.0	1
1.0	9524.04980469	11.0	7.0	5756.38183594	7.0	7.0	282.318798438	0.0	0.994936227798	0.0	-0.100508131087	45.1637447279	13.0687104471	-43.1633987427	71.5983963013	-49.5949478149	0.503519669311	15.0	3.3599998951	225.679997921	4.0	13.8199996948	0.999944312066	1.0	1
1.0	9792.859375	8.0	2.0	2346.51611328	3.0	3.0	79.8000006676	0.0	-0.994936048985	0.0	0.100509814918	37.8010939977	1.1212786659	-50.0536994934	83.736000061	-29.9478492737	0.268397903588	4.0	3.3599998951	25.9799997807	4.0	13.8199996948	0.994933338591	1.0	1
1.0	9664.16699219	10.0	6.0	6924.57617188	8.0	7.0	205.474400781	0.0	0.994935870171	0.0	-0.100511498749	48.4653393339	15.4526939983	-46.4976005554	69.5690002441	-49.1421508789	0.886829203084	14.0	5.57999992371	211.11999774	6.0	23.7199993134	0.998997740874	1.0	1
1.0	5940.28320312	1.0	0.0	1129.74694824	1.0	0.0	0.0	10.0	0.0	0.0	0.0	0.0	0.0	0.0	0.0	0.0	2.0	0.0	0.0	0.0	0.0	0.0	5.19273550825e-05	0.0	1
1.0	5782.75830078	17.0	5.0	5372.85546875	4.0	1.0	46.7199997902	0.0	0.0429124087095	0.985951125622	-0.161427557468	39.8901617583	38.5783592771	-56.2369995117	55.2308502197	-58.3442497253	0.292186698281	6.0	3.55999994278	59.4400010109	3.0	10.8199996948	0.997403362901	1.0	1
1.0	1537.36743164	11.0	5.0	6266.54980469	2.0	2.0	58.8400006294	0.0	-0.042916148901	-0.985964119434	0.161347195506	6.66578845419	36.7800948167	-40.5838012695	94.9669494629	-22.9524993896	0.863410047808	8.0	3.55999994278	62.0600013733	3.0	10.8199996948	0.676400826563	1.0	1
1.0	18861.3144531	20.0	10.0	9433.96191406	8.0	6.0	185.858001471	0.0	0.0429963283241	0.985947608948	-0.161426976323	66.2895469491	20.2318546289	-24.0332489014	93.1614532471	-39.2270507812	0.489779491177	12.0	5.71999979019	105.412000937	5.0	25.0200004578	0.999999999989	1.0	1
1.0	2050.44189453	5.0	5.0	5019.58789062	3.0	3.0	45.8608004302	0.0	-0.0429979115725	-0.985947549343	0.161426961422	15.7653733638	2.85102411229	-30.2738494873	84.0626525879	-53.4613494873	0.0528429114891	15.0	2.96000003815	167.735601187	6.0	15.7600002289	0.777720361223	1.0	1
1.0	8125.77636719	9.0	8.0	4681.60839844	7.0	6.0	152.740800783	0.0	0.0429139919579	0.985951066017	-0.161427557468	28.6587899387	1.79001345464	-29.004699707	83.8325500488	-54.698348999	0.160633448758	18.0	2.96000003815	163.632000966	6.0	6.96000003815	0.997369015366	1.0	1
1.0	1717.52490234	6.0	6.0	5745.86328125	3.0	3.0	117.11999917	0.0	-0.042916148901	-0.985964119434	0.161347195506	21.4219407354	36.7800948167	-40.5838012695	94.9669494629	-22.9524993896	0.863410047808	10.0	1.77999997139	52.5000009537	7.0	23.1599998474	0.988859389754	1.0	1
1.0	5194.27783203	9.0	5.0	4632.77587891	6.0	5.0	53.9600007534	0.0	-0.998985469341	0.0365958921611	-0.0262444559485	35.0411640977	1.72937510536	-50.5065498352	57.9895019531	-58.6824493408	0.606688395511	5.0	5.71999979019	45.5520008039	3.0	25.0200004578	0.9953104907	1.0	1
1.0	979.91003418	4.0	2.0	4177.54589844	2.0	1.0	15.2179999352	2.60128049496	0.761882841587	0.241655617952	-0.600946843624	0.0	37.1136648568	-46.8454971313	94.6943969727	-22.3839988708	0.445658034178	0.0	0.0	0.0	0.0	0.0	0.999056551189	1.0	1
1.0	7475.88720703	11.0	8.0	6117.59667969	6.0	5.0	111.620001554	0.0	0.0429963283241	0.985947608948	-0.161426976323	12.7841552949	1.20239768635	-24.0332489014	93.1614532471	-39.2270507812	0.489779491177	12.0	5.21999979019	139.827598853	5.0	17.1599998474	0.998130633893	1.0	1
1.0	5622.07958984	1.0	1.0	875.078491211	1.0	1.0	5.65999984741	3.66829659619	-0.740817964077	0.0411849804223	0.670442044735	32.6304972903	1.84606294042	-40.8789520264	77.1082992554	-53.4272499084	0.231813570972	0.0	0.0	0.0	0.0	0.0	-1.0	0.0	1
1.0	12578.4667969	20.0	7.0	3021.5	8.0	7.0	116.063600779	0.0	-0.999824345112	0.0	-0.018742389977	70.3999632655	1.49147090688	-25.6335506439	80.5149002075	-53.8225021362	0.984773035475	17.0	3.0	172.859997272	5.0	24.7800006866	0.992556582911	1.0	1
1.0	3547.94116211	3.0	1.0	100.384002686	1.0	1.0	4.51999998093	2.97075753849	0.507478177547	0.443254113197	-0.738912522793	19.476891362	3.97115751504	-62.8137512207	67.3587493896	-16.364200592	0.960263038104	0.0	0.0	0.0	0.0	0.0	0.0614459917978	1.0	1
1.0	25322.3671875	19.0	7.0	4155.76269531	10.0	6.0	153.897198822	0.0	-0.999825656414	0.0	-0.0186732020229	31.9404168165	29.2867370527	-49.6208000183	80.5194015503	5.13408994675	0.600326014845	16.0	4.71999979019	191.259999275	2.0	10.1199998856	0.999999989576	1.0	1
1.0	2391.29541016	5.0	3.0	1058.20361328	3.0	3.0	39.8035991192	0.0	-0.999824345112	0.0	-0.018742389977	37.6180632684	1.49147090688	-25.6335506439	80.5149002075	-53.8225021362	0.984773035475	10.0	3.0	71.8136003017	4.0	8.93999958038	0.562994725353	1.0	1
1.0	10616.4316406	10.0	6.0	3979.12548828	6.0	6.0	214.760002375	0.0	0.00372824585065	0.980663180351	-0.195667564869	22.5098050525	0.992492568844	-45.5084495544	47.5829467773	-67.4225997925	0.770060463197	25.0	1.86000001431	245.133598208	7.0	24.7800006866	0.999563090102	1.0	1
1.0	6507.00830078	7.0	3.0	1283.31018066	2.0	2.0	39.1600005627	0.0	0.00372824585065	0.980663180351	-0.195667564869	22.5098050525	0.992492568844	-45.5084495544	47.5829467773	-67.4225997925	0.770060463197	12.0	7.96000003815	127.679998398	3.0	24.7800006866	0.636021570957	1.0	1
1.0	10881.8300781	10.0	4.0	1039.50866699	4.0	4.0	70.7199988365	0.0	-0.00372786656953	-0.980667173862	0.195647656918	58.789354669	6.7260383072	-58.3964500427	69.801399231	-19.6812000275	0.0530553021119	5.0	4.71999979019	34.740000248	1.0	4.71999979019	0.97985637837	1.0	1
1.0	1746.8190918	3.0	2.0	386.581390381	3.0	2.0	19.8600001335	0.0	0.00372789450921	0.980666875839	-0.195649132133	20.8303726249	2.17647848279	-20.7564506531	87.2232971191	-52.7406997681	0.95751558361	4.0	4.0	35.2599990368	1.0	4.0	0.926737310472	1.0	1
1.0	7166.91943359	12.0	4.0	691.201049805	2.0	2.0	39.0400002003	0.0	0.00372789450921	0.980666875839	-0.195649132133	40.4743871559	0.0	-38.0270500183	64.8744049072	-60.2508010864	0.0528211796351	3.0	8.47999954224	46.1999998093	1.0	22.8600006104	0.980030862694	1.0	1
1.0	6166.70117188	1.0	1.0	1890.85290527	1.0	1.0	16.0800004005	3.86683335657	-0.505712151527	0.688191473484	0.520238101482	36.7982425883	1.04052843488	-50.0886993408	63.5451507568	-62.9457015991	0.660427006142	0.0	0.0	0.0	0.0	0.0	-1.0	0.0	1
1.0	17885.1679688	21.0	10.0	6897.66796875	9.0	7.0	167.55919981	0.0	0.0265261530876	0.970082521439	-0.24132181704	64.5387333927	0.0	-29.5425987244	85.0740966797	-56.6513519287	0.103513226414	24.0	4.71999979019	263.596799582	5.0	32.5600013733	0.999999997566	1.0	1
1.0	16663.5625	14.0	5.0	4982.66357422	7.0	6.0	84.561601162	0.0	0.0265243444592	0.970083475113	-0.241318374872	52.3256329728	0.0	-36.6074981689	72.125	-63.5628509521	0.513782228885	7.0	9.88000011444	106.040000916	1.0	21.6399993896	0.99996979365	1.0	1
1.0	19258.7226562	22.0	9.0	8051.984375	4.0	4.0	215.572801113	0.0	0.0265243444592	0.970083475113	-0.241318374872	56.2455677872	0.0	-36.6074981689	72.125	-63.5628509521	0.513782228885	18.0	4.71999979019	183.221601218	5.0	21.6399993896	0.999999999626	1.0	1
1.0	6003.94189453	1.0	1.0	2304.6394043	3.0	3.0	25.6400003433	1.94895355316	-0.820997595787	-0.0971724465489	-0.56260150671	22.0267314774	5.20597999116	-37.7113494873	89.6279449463	-48.4336013794	0.591272578059	6.0	15.3599996567	50.7600002289	1.0	15.3599996567	0.251562337392	1.0	1
1.0	7901.24462891	10.0	6.0	7927.609375	4.0	4.0	98.5463998318	0.0	-0.0265243444592	-0.970083475113	0.241318374872	9.50859711242	20.873276926	-28.1627998352	96.2005996704	-38.6950492859	0.868863752396	9.0	3.68000006676	77.6823994666	3.0	21.6399993896	0.998485498824	1.0	1
1.0	10147.3925781	10.0	6.0	6011.19140625	4.0	4.0	78.5199999809	0.0	-0.0265243444592	-0.970083475113	0.241318374872	49.6934664378	2.92321051956	-36.1382980347	90.317199707	-47.490650177	0.862580998948	10.0	8.60000038147	104.920000076	3.0	15.9200000763	0.999303951178	1.0	1
1.0	11850.8427734	11.0	9.0	7132.61914062	5.0	5.0	209.666399479	0.0	0.0265261530876	0.970082521439	-0.24132181704	31.0011124414	0.0	-29.5425987244	85.0740966797	-56.6513519287	0.103513226414	20.0	3.68000006676	255.256000847	7.0	21.7600002289	0.999892912855	1.0	1
1.0	10285.2324219	4.0	2.0	2985.26489258	2.0	2.0	44.8000006676	0.0	-0.0265243444592	-0.970083475113	0.241318374872	21.6896566922	2.92321051956	-36.1382980347	90.317199707	-47.490650177	0.862580998948	3.0	8.60000038147	47.9600000381	0.0	18.7199993134	0.95196163802	1.0	1
1.0	8272.81640625	9.0	7.0	4271.09619141	6.0	6.0	43.3200001717	0.0	0.993508279324	0.0	0.113759703934	54.7872685982	8.59005336171	-42.0855484009	87.4245986938	-49.3160018921	0.104394042302	9.0	8.60000038147	69.9624001533	1.0	15.3599996567	0.969046896358	1.0	1
1.0	4782.44189453	2.0	2.0	1401.06994629	1.0	1.0	14.4399995804	0.0	0.0849857032299	0.953450381756	-0.289326369762	29.639048405	2.04421948491	-39.1542015076	78.5242004395	-49.3744506836	0.777286583449	0.0	0.0	0.0	1.0	12.8999996185	-1.0	0.0	1
1.0	13508.6699219	17.0	6.0	3419.49707031	2.0	2.0	71.1816001981	0.0	-0.982110619545	0.129215195775	0.136975243688	66.6468851702	2.46585825355	-27.8586502075	80.6640472412	-55.0598526001	0.432538113259	5.0	9.31999969482	90.7199993134	3.0	22.3400001526	0.999938982009	1.0	1
1.0	3271.2824707	4.0	2.0	3141.20214844	3.0	3.0	44.9799995422	0.0	0.982106208801	-0.129129424691	-0.137087583542	51.314162761	13.2323626311	-50.6674003601	54.8170013428	-55.8449020386	0.667676315897	4.0	18.0799999237	78.5	3.0	22.3400001526	0.691706498691	1.0	1
1.0	8559.30273438	18.0	5.0	2345.74072266	10.0	7.0	85.879998941	0.0	0.982096791267	-0.129213377833	-0.137075766921	56.1631745264	15.6752936301	-26.7338504791	79.9349517822	-53.5163993835	0.945135204756	8.0	7.36000013351	98.759999752	3.0	22.3400001526	0.999767730737	1.0	1
1.0	3747.08789062	6.0	2.0	216.605010986	2.0	2.0	14.8400001526	2.8887281638	-0.057688895613	-0.706707715988	-0.705149769783	31.7820834484	1.02133537588	-54.4094009399	73.5702514648	-39.8773498535	0.98277731096	1.0	17.8199996948	11.3800001144	0.0	17.8199996948	0.660720657581	1.0	1
1.0	1510.0949707	2.0	2.0	2324.83691406	3.0	3.0	29.279999733	0.0	-0.0849857032299	-0.953450381756	0.289326369762	2.04421948491	25.8079255022	-39.1542015076	78.5242004395	-49.3744506836	0.777286583449	2.0	17.8199996948	18.1600003242	1.0	12.8999996185	0.990304792741	1.0	1
1.0	6018.44726562	3.0	2.0	292.244995117	1.0	1.0	12.2031999677	0.0	0.982110619545	-0.129215195775	-0.136975243688	26.9479256051	0.0	-27.8586502075	80.6640472412	-55.0598526001	0.432538113259	2.0	1.01999998093	17.2999992371	2.0	17.1599998474	0.459771231117	1.0	1
1.0	9732.3671875	5.0	3.0	3709.13769531	4.0	4.0	103.236799479	0.0	0.0849857032299	0.953450381756	-0.289326369762	51.5456389571	2.04421948491	-39.1542015076	78.5242004395	-49.3744506836	0.777286583449	6.0	8.47999954224	68.0599989891	3.0	12.8999996185	0.99983700301	1.0	1
1.0	4042.72998047	7.0	4.0	1911.53979492	5.0	4.0	72.0999996662	0.0	-0.982119619846	0.12913069129	0.136990264058	0.0	2.25498234287	-46.6135025024	48.5499992371	-57.8275527954	0.346328155533	4.0	7.13999986649	51.4799985886	0.0	18.0799999237	0.999593463365	1.0	1
1.0	11030.5859375	6.0	4.0	1985.46398926	2.0	2.0	47.6968007088	0.0	-0.982106149197	0.129235178232	0.136988371611	52.3454089537	2.72598010471	-55.3237991333	73.9420471191	-31.3894500732	0.969146736046	4.0	4.88000011444	47.2600002289	3.0	9.31999969482	0.996677218622	1.0	1
1.0	2810.30712891	3.0	0.0	696.218994141	1.0	0.0	0.0	10.0	0.0	0.0	0.0	0.0	0.0	0.0	0.0	0.0	2.0	0.0	0.0	0.0	0.0	0.0	5.19273550825e-05	0.0	1
1.0	11025.8447266	18.0	9.0	6337.90185547	7.0	4.0	186.919999063	0.0	-0.0411630310118	-0.994545757771	0.0958349108696	61.5604146887	1.96272599443	-33.3429489136	70.4048995972	-53.2150497437	0.898031978508	18.0	4.98000001907	243.590400189	9.0	20.9799995422	0.999984657174	1.0	1
1.0	12611.8652344	22.0	6.0	4456.17626953	8.0	7.0	138.136399517	0.0	-0.0412674434483	-0.994542837143	0.0958203524351	44.7144363536	9.30946128896	-51.1091003418	58.1024475098	-54.2890472412	0.759623380092	12.0	4.42000007629	128.120000839	7.0	13.6400003433	0.999983383333	1.0	1
1.0	7378.12207031	22.0	5.0	2469.42138672	5.0	5.0	103.25999856	0.0	-0.0412674434483	-0.994542837143	0.0958203524351	54.4514795084	9.30946128896	-51.1091003418	58.1024475098	-54.2890472412	0.759623380092	3.0	13.6400003433	45.3000001907	2.0	13.6400003433	0.987169606832	1.0	1
1.0	5630.37304688	2.0	1.0	1246.04504395	2.0	1.0	25.2200000286	2.05981791108	0.0427306704223	-0.294163435698	-0.954799413681	50.6970267413	18.559960286	-51.9285507202	76.7488555908	-27.5810508728	0.97002193156	0.0	0.0	0.0	0.0	0.0	0.612814201889	1.0	1
1.0	8835.86914062	11.0	8.0	3058.2578125	5.0	5.0	176.354398727	0.0	0.0412722416222	0.994553387165	-0.095708720386	36.8271910416	0.0	-47.0440979004	50.2807502747	-58.8931999207	0.533104493329	10.0	8.10000038147	140.919999123	5.0	16.1000003815	0.99492074215	1.0	1
1.0	3483.28857422	4.0	0.0	696.218994141	1.0	0.0	0.0	10.0	0.0	0.0	0.0	0.0	0.0	0.0	0.0	0.0	2.0	0.0	0.0	0.0	0.0	0.0	5.19273550825e-05	1.0	1
1.0	9063.85839844	8.0	6.0	2602.92675781	5.0	5.0	181.334398985	0.0	0.998193562031	-0.0286156330258	0.0528271347284	32.5993394555	0.0	-43.5048522949	43.9468994141	-62.2757492065	0.326631512786	8.0	4.98000001907	111.559998512	3.0	16.1000003815	0.982998398405	1.0	1
1.0	3120.75268555	4.0	1.0	216.431503296	2.0	1.0	6.15999984741	0.0	-0.998190641403	0.0287155490369	-0.052828386426	39.0548489825	5.68074639139	-46.3946990967	61.142250061	-54.3519515991	0.655010057981	0.0	0.0	0.0	1.0	13.3800001144	0.251493483856	1.0	1
1.0	10112.3398438	10.0	7.0	1781.78637695	5.0	5.0	161.759998322	0.0	0.998193562031	-0.0286156330258	0.0528271347284	32.5993394555	0.0	-43.5048522949	43.9468994141	-62.2757492065	0.326631512786	10.0	4.98000001907	151.339998245	4.0	16.1000003815	0.999724213322	1.0	1
1.0	5808.04589844	1.0	0.0	912.666015625	1.0	0.0	0.0	10.0	0.0	0.0	0.0	0.0	0.0	0.0	0.0	0.0	2.0	0.0	0.0	0.0	0.0	0.0	5.19273550825e-05	0.0	1
1.0	17675.7324219	27.0	13.0	6586.41992188	10.0	8.0	238.559999704	0.0	0.999506831169	0.0309916511178	0.00506545975804	49.4612289421	19.0068505998	-45.5882987976	61.7473983765	-63.0139007568	0.883054597369	8.0	3.94000005722	68.7999992371	9.0	25.8799991608	0.99999999999	1.0	1
1.0	20490.1601562	26.0	13.0	3865.44018555	9.0	7.0	226.680000305	0.0	-0.0289050340652	0.963109135628	-0.267554372549	35.7899536346	2.62677737942	-45.4789505005	42.9943008423	-66.5722045898	0.366969531144	8.0	7.40000009537	75.3799996376	5.0	21.4799995422	0.999999999983	1.0	1
1.0	4684.56738281	10.0	4.0	3560.63330078	3.0	3.0	69.5000009537	0.0	0.999506831169	0.0309916511178	0.00506545975804	41.0298193641	0.0	-45.5882987976	61.7473983765	-63.0139007568	0.883054597369	6.0	8.38000011444	61.6799993515	4.0	25.8799991608	0.979269688549	1.0	1
1.0	3563.14990234	6.0	4.0	5573.67431641	4.0	3.0	65.1400004625	0.0	0.999506831169	0.0309916511178	0.00506545975804	41.0298193641	0.0	-45.5882987976	61.7473983765	-63.0139007568	0.883054597369	6.0	2.79999995232	82.4399995804	2.0	25.6000003815	0.987409201289	1.0	1
1.0	11704.6132812	10.0	6.0	4549.26904297	6.0	6.0	154.579999208	0.0	-0.0289050340652	0.963109135628	-0.267554372549	43.314731009	2.62677737942	-45.4789505005	42.9943008423	-66.5722045898	0.366969531144	7.0	7.40000009537	84.5799987316	4.0	16.3799991608	0.999985371557	1.0	1
1.0	8102.66210938	8.0	5.0	2164.30053711	3.0	3.0	35.6599997282	0.0	0.0289058424532	-0.963136017323	0.267457395792	29.731151878	2.59828044048	-36.8646469116	80.9973983765	-50.7118530273	0.737170962614	7.0	2.79999995232	79.7999989986	3.0	25.8799991608	0.934276422023	1.0	1
1.0	6887.43798828	6.0	5.0	2220.41723633	5.0	4.0	69.5400007963	0.0	-0.0288053005934	0.963137805462	-0.267461746931	27.2323893006	16.4081774246	-53.7015991211	51.6272010803	-55.9370498657	0.0794849257951	6.0	8.53999996185	81.7199993134	3.0	17.5400009155	0.995825935047	1.0	1
1.0	8978.88378906	7.0	4.0	1708.79553223	2.0	2.0	43.8600006104	0.0	0.999503552914	0.0310958735645	0.0050654434599	41.0639809157	0.0	-37.9062004089	68.1538467407	-58.8452987671	0.408435752646	7.0	5.92000007629	97.0799992085	2.0	8.38000011444	0.828259868974	1.0	1
1.0	7165.16357422	12.0	9.0	5651.84814453	7.0	7.0	127.999999285	0.0	-0.0289050340652	0.963109135628	-0.267554372549	43.314731009	2.62677737942	-45.4789505005	42.9943008423	-66.5722045898	0.366969531144	13.0	2.79999995232	142.079998493	3.0	11.3599996567	0.998681737052	1.0	1
1.0	3623.32592773	2.0	1.0	1829.57592773	1.0	1.0	25.5399999619	3.75630141745	-0.817666828632	-0.326773554087	0.473962068558	31.6011114231	1.7989234058	-45.1242523193	87.5552520752	-38.9830513	0.794331241454	0.0	0.0	0.0	0.0	0.0	-1.0	0.0	1
1.0	14377.671875	19.0	8.0	5983.42236328	9.0	6.0	149.860001802	0.0	0.997142195702	0.0	-0.0755478143692	51.531494717	0.0	-50.6820526123	47.9207000732	-54.6835479736	0.0735067707802	16.0	5.94000005722	207.020002365	5.0	26.2399997711	0.999999284915	1.0	1
1.0	2529.00512695	3.0	2.0	1186.42895508	3.0	1.0	30.7399997711	0.0	0.99713408947	0.0	-0.0756542831659	2.61372765846	3.2227788475	-61.801651001	72.5223999023	-11.2131004333	0.330938146971	1.0	22.6200008392	27.2600002289	0.0	22.6200008392	0.850776928981	1.0	1
1.0	18618.4804688	15.0	5.0	6143.89697266	4.0	3.0	174.100001335	0.0	0.997137367725	0.0	-0.0756113901734	27.2657967634	29.2856424193	-58.6237487793	76.6227035522	-4.34947013855	0.461048416548	10.0	5.94000005722	78.4799995422	4.0	14.3800001144	0.999999974415	1.0	1
1.0	5123.65185547	4.0	2.0	1940.38793945	1.0	1.0	47.4600000381	2.29737028634	-0.395481169224	-0.50046736002	-0.770147442818	1.84507731256	21.2402862588	-60.12474823	75.3020019531	-6.34715986252	0.249135159413	0.0	0.0	0.0	0.0	0.0	0.400742319896	1.0	1
1.0	10429.2373047	8.0	5.0	2511.00854492	3.0	3.0	25.9200005531	0.0	0.0131457941607	-0.976932287216	0.213144376874	35.1818742038	2.54456917542	-52.0269012451	53.1827011108	-54.1344985962	0.696196990649	7.0	3.33999991417	70.240000248	5.0	26.2399997711	0.99649876988	1.0	1
1.0	3880.94995117	3.0	1.0	2818.44311523	1.0	1.0	25.5399999619	3.75630141745	-0.817666828632	-0.326773554087	0.473962068558	31.6011114231	1.7989234058	-45.1242523193	87.5552520752	-38.9830513	0.794331241454	0.0	0.0	0.0	0.0	0.0	0.0109788583999	1.0	1
1.0	9146.17773438	10.0	8.0	5744.20458984	5.0	4.0	185.52000308	0.0	0.997134029865	0.0	-0.0756553187966	24.1667988124	2.07170642721	-37.4397506714	69.1249008179	-63.537399292	0.493022545885	20.0	3.33999991417	256.380000591	9.0	26.2399997711	0.99654955839	1.0	1
1.0	4120.69091797	3.0	1.0	1829.57592773	1.0	1.0	25.5399999619	3.75630141745	-0.817666828632	-0.326773554087	0.473962068558	31.6011114231	1.7989234058	-45.1242523193	87.5552520752	-38.9830513	0.794331241454	0.0	0.0	0.0	0.0	0.0	0.0803414692246	1.0	1
1.0	9500.68066406	7.0	6.0	6439.23925781	4.0	3.0	126.060002327	0.0	-0.0131457941607	0.976932287216	-0.213144376874	26.5351914262	0.0	-52.0269012451	53.1827011108	-54.1344985962	0.696196990649	10.0	8.88000011444	152.340001106	5.0	26.2399997711	0.989987217601	1.0	1
1.0	6110.04980469	2.0	0.0	1016.85864258	1.0	0.0	0.0	10.0	0.0	0.0	0.0	0.0	0.0	0.0	0.0	0.0	2.0	0.0	0.0	0.0	0.0	0.0	5.19273550825e-05	0.0	1
1.0	17415.8789062	22.0	5.0	3862.08398438	7.0	6.0	109.559999943	0.0	-0.00915230065584	0.994012951851	-0.1088783741	70.9218745189	11.5731582116	-22.8275985718	83.8943023682	-46.165397644	0.046956715977	8.0	6.13999986649	89.2000012398	8.0	27.3799991608	0.999999998905	1.0	1
1.0	698.668334961	4.0	0.0	2665.96118164	2.0	0.0	0.0	10.0	0.0	0.0	0.0	0.0	0.0	0.0	0.0	0.0	2.0	0.0	0.0	0.0	0.0	0.0	5.19273550825e-05	1.0	1
1.0	20523.1015625	17.0	3.0	3450.18310547	5.0	3.0	66.0199992657	0.0	0.994902431965	0.0	-0.100842297077	58.5086375848	7.84501307195	-48.4679031372	79.4557037354	-39.9387512207	0.995214660655	7.0	5.59999990463	114.499999046	2.0	17.0599994659	0.999999999816	1.0	1
1.0	6639.31933594	9.0	3.0	1404.03955078	2.0	1.0	81.0199997425	1.02414841749	0.00915048271418	-0.994012951851	0.1088783741	14.1962342063	32.6550626718	-61.5158004761	69.1409988403	-29.6340999603	0.029729900155	0.0	0.0	0.0	0.0	0.0	0.954255223731	1.0	1
1.0	10378.7412109	11.0	4.0	1822.30419922	5.0	5.0	152.539999008	0.0	-0.00915230065584	0.994012951851	-0.1088783741	49.1483092233	1.04888225442	-22.8275985718	83.8943023682	-46.165397644	0.046956715977	4.0	5.59999990463	55.0999994278	2.0	17.0599994659	0.998757072046	1.0	1
1.0	6585.22753906	3.0	1.0	541.681030273	1.0	1.0	3.46000003815	0.0	0.994893431664	0.0	-0.100930772722	35.2484975513	0.0	-61.1903991699	65.2388000488	-32.3731994629	0.123471663698	1.0	7.17999982834	7.11999988556	1.0	7.17999982834	0.110291800133	1.0	1
1.0	7219.9296875	12.0	4.0	2953.35546875	6.0	6.0	173.420000792	0.0	-0.00924685224891	0.994012057781	-0.108878277242	47.0471111213	5.88764311771	-27.7160491943	78.1751022339	-51.3123016357	0.0275856062365	10.0	6.23999977112	112.660000324	4.0	17.0599994659	0.998399336916	1.0	1
1.0	5144.99755859	9.0	5.0	3345.85791016	3.0	3.0	49.9000012875	0.0	-0.994902431965	0.0	0.100842297077	28.4056654624	7.144079859	-27.0580005646	80.908203125	-50.1123504639	0.0387135366476	5.0	4.80000019073	35.6200008392	6.0	16.2399997711	0.951837812821	1.0	1
1.0	11270.796875	9.0	6.0	2978.21118164	5.0	5.0	148.180000305	0.0	0.994902431965	0.0	-0.100842297077	29.4993255395	18.3504914794	-48.4679031372	79.4557037354	-39.9387512207	0.995214660655	9.0	5.59999990463	111.579999447	4.0	17.0599994659	0.999933024377	1.0	1
1.0	5406.6953125	1.0	0.0	1405.66101074	1.0	0.0	0.0	10.0	0.0	0.0	0.0	0.0	0.0	0.0	0.0	0.0	2.0	0.0	0.0	0.0	0.0	0.0	5.19273550825e-05	0.0	1
1.0	23497.1503906	12.0	5.0	5780.0859375	12.0	10.0	192.922799945	0.0	-0.0472530014813	0.972107291222	-0.229727074504	35.4696302747	0.0	-47.9668502808	49.0743026733	-61.6446990967	0.581642401065	22.0	1.0	224.400002655	10.0	24.7199993134	1.0	1.0	1
1.0	10280.8564453	15.0	5.0	4654.07568359	11.0	8.0	129.178800493	0.0	-0.0472570136189	0.972106933594	-0.229727894068	56.7177149749	2.18990673371	-34.9000473022	77.3712005615	-52.7021026611	0.906938522899	19.0	1.0	210.740001276	8.0	20.4599990845	0.999676499286	1.0	1
1.0	17654.8027344	17.0	5.0	5582.41845703	10.0	6.0	70.8203997612	0.0	-0.0472530014813	0.972107291222	-0.229727074504	45.1607932721	30.1956281486	-67.6803436279	61.4756011963	-37.9260025024	0.16272328788	8.0	6.09999990463	90.2400012016	6.0	22.6599998474	0.999999999825	1.0	1
1.0	6599.71582031	4.0	2.0	1986.85595703	1.0	1.0	33.9799990654	0.0	0.0473567210138	-0.972102344036	0.229726806283	5.8228953083	15.3492111402	-63.7146987915	68.1845016479	-12.151599884	0.150933559132	4.0	7.17999982834	27.8800001144	0.0	12.220000267	0.679599211833	1.0	1
1.0	6264.41162109	8.0	6.0	4141.33398438	8.0	6.0	61.7587992251	0.0	-0.998334765434	-0.0336569435894	0.0468500368297	37.4337794652	5.36634586275	-37.6130523682	79.9686508179	-51.5963516235	0.873346271878	8.0	5.30000019073	75.4000010677	4.0	15.5200004578	0.998974587007	1.0	1
1.0	5442.08349609	5.0	4.0	2986.71459961	4.0	4.0	50.2388001978	0.0	0.998334825039	0.0336530283093	-0.0468510016799	19.3193572394	1.45536770814	-46.813999176	60.7724494934	-61.2382507324	0.478760047529	9.0	4.0	155.480002064	2.0	17.3799991608	0.868118185838	1.0	1
1.0	10740.625	8.0	6.0	5204.79150391	5.0	5.0	167.961599618	0.0	-0.998331785202	-0.0337504558265	0.0468464680016	38.1607928617	2.10866645525	-34.4878501892	79.800994873	-53.2970504761	0.206356600372	16.0	4.0	236.740003705	3.0	20.4599990845	0.999984333545	1.0	1
1.0	3822.02880859	3.0	3.0	1684.81982422	5.0	5.0	32.7600004673	0.0	-0.998334825039	-0.0336530283093	0.0468510016799	1.45536770814	2.33896411216	-46.813999176	60.7724494934	-61.2382507324	0.478760047529	7.0	16.2000007629	127.540000916	1.0	17.3799991608	0.5801542268	1.0	1
1.0	8636.31933594	7.0	4.0	5197.18945312	7.0	7.0	119.85999918	0.0	-0.0329141505063	-0.174276873469	-0.984146475792	31.4450496033	3.23763180234	-53.5260467529	59.0229034424	-58.1317977905	0.925524561975	11.0	4.73999977112	126.340001106	4.0	15.5200004578	0.999211464963	1.0	1
1.0	5078.49658203	1.0	1.0	1489.13000488	1.0	1.0	23.6799998283	2.43930935341	-0.593254506588	0.175656586885	0.785616874695	37.4804637267	0.0	-46.0703010559	82.0269012451	-42.1464004517	0.245044696721	0.0	0.0	0.0	0.0	0.0	-1.0	0.0	1
1.0	6010.99414062	21.0	8.0	2378.19702148	7.0	5.0	16.6216002926	0.0	0.106013186276	-0.937814593315	0.330552488565	39.7747296871	35.790011984	-54.4383506775	80.2364959717	-12.0491504669	0.925702679544	8.0	7.23999977112	70.8399991989	0.0	26.3199996948	0.978465337365	1.0	1
1.0	7375.04101562	18.0	8.0	6757.06835938	4.0	4.0	185.420001626	0.0	-0.106013216078	0.937814891338	-0.330551713705	70.5182128623	0.0	-17.4973506927	85.087097168	-52.3728485107	0.960444316568	14.0	1.12000000477	138.46786495	4.0	21.7600002289	0.948989377569	1.0	1
1.0	18129.2929688	17.0	6.0	5873.69433594	5.0	4.0	252.815200761	0.0	0.0355090983212	-0.291509032249	-0.95590877533	62.8069487326	15.5471298298	-42.8090515137	68.53465271	-52.2322006226	0.977718299676	8.0	1.12000000477	50.4000000954	2.0	4.32000017166	0.999999895327	1.0	1
1.0	8534.29785156	4.0	1.0	2818.81396484	3.0	2.0	44.2600007057	2.43930935341	-0.593254506588	0.175656586885	0.785616874695	37.4804637267	0.0	-46.0703010559	82.0269012451	-42.1464004517	0.245044696721	0.0	0.0	0.0	0.0	0.0	0.964882926524	1.0	1
1.0	9500.96582031	8.0	8.0	4441.56054688	5.0	4.0	196.359999657	0.0	0.106013096869	-0.937813818455	0.33055472374	47.7281342361	17.4464783717	-46.5413513184	71.354598999	-47.5347518921	0.0999961305564	11.0	1.22000002861	122.462399721	3.0	27.2000007629	0.999391092442	1.0	1
1.0	5043.11376953	2.0	1.0	1489.13000488	1.0	1.0	2.01999998093	3.19324290212	-0.975559771061	-0.217079952359	0.0340504311025	14.2127490628	1.22491864438	-42.9050521851	84.0133514404	-38.8117980957	0.0545918853282	0.0	0.0	0.0	0.0	0.0	0.215893686099	1.0	1
1.0	9277.99707031	9.0	6.0	3874.90991211	7.0	6.0	181.600000143	0.0	-0.106025636196	0.937830626965	-0.330503046513	35.9654307254	15.4553824775	-37.9914512634	85.6521453857	-39.1729011536	0.838443254114	15.0	1.12000000477	120.522398934	3.0	16.4799995422	0.987557463371	1.0	1
1.0	198.158401489	2.0	1.0	2274.15966797	5.0	1.0	6.78000020981	0.0	0.106022574008	-0.937803566456	0.330580919981	0.0	4.22372865217	-42.6938514709	67.4739532471	-49.9131507874	0.0759944235708	1.0	7.71999979019	7.0	0.0	7.71999979019	0.804425865341	1.0	1
1.0	4715.91162109	8.0	7.0	5544.09130859	8.0	4.0	120.395201281	0.0	0.993542611599	0.113424196839	0.00284272036515	17.0485701518	51.096448088	-48.6865005493	45.7296485901	-62.0622024536	0.0798851077563	12.0	1.22000002861	110.257462938	2.0	27.2000007629	0.981308801163	1.0	1
1.0	5335.14501953	2.0	0.0	2030.59594727	1.0	0.0	0.0	10.0	0.0	0.0	0.0	0.0	0.0	0.0	0.0	0.0	2.0	0.0	0.0	0.0	0.0	0.0	5.19273550825e-05	0.0	1
1.0	19968.3378906	19.0	8.0	8004.88183594	5.0	5.0	135.987199783	0.0	0.0588395409286	0.984721958637	-0.163892135024	74.5054887543	20.8825306314	-65.09324646	59.9831008911	-42.8957519531	0.45710523086	6.0	6.44000005722	58.3800001144	3.0	15.7600002289	0.999999999947	1.0	1
1.0	18415.046875	16.0	7.0	4933.55419922	9.0	7.0	55.9399995804	0.0	-0.992694973946	0.0704809352756	0.097924053669	65.1128335049	25.5515865126	-30.5881500244	91.6073989868	-38.257598877	0.91163881105	10.0	6.73999977112	91.9623993598	3.0	22.3600006104	0.999999999254	1.0	1
1.0	12595.9121094	15.0	3.0	3934.66479492	3.0	2.0	24.6999998093	0.0	-0.992694556713	0.0704811662436	0.0979279503226	66.7610773803	2.36817081238	-40.11095047	75.6520004272	-57.143699646	0.288565689615	2.0	9.52000045776	23.2600002289	2.0	9.96000003815	0.992949946364	1.0	1
1.0	3830.90600586	1.0	1.0	1872.85839844	1.0	1.0	19.7399997711	0.0	0.0588480830193	0.984736979008	-0.163798779249	31.0933577166	2.0561084943	-52.4673500061	73.5478057861	-44.9545974731	0.733799783871	1.0	4.15999984741	2.81999993324	1.0	4.15999984741	0.374966760015	1.0	1
1.0	14538.3779297	8.0	5.0	5761.81494141	5.0	3.0	106.58719945	0.0	-0.992694556713	0.0704811662436	0.0979279503226	46.6724162878	2.36817081238	-40.11095047	75.6520004272	-57.143699646	0.288565689615	5.0	6.44000005722	42.9399995804	4.0	9.96000003815	0.999984153542	1.0	1
1.0	15668.4853516	8.0	5.0	6438.83496094	4.0	3.0	154.267198801	0.0	0.0588480830193	0.984736979008	-0.163798779249	43.8710855094	18.6790493328	-52.4673500061	73.5478057861	-44.9545974731	0.733799783871	5.0	4.15999984741	37.2599995136	4.0	9.96000003815	0.999998350207	1.0	1
1.0	15580.5732422	8.0	5.0	6526.74609375	5.0	4.0	163.327199221	0.0	0.0588480830193	0.984736979008	-0.163798779249	43.8710855094	18.6790493328	-52.4673500061	73.5478057861	-44.9545974731	0.733799783871	6.0	4.15999984741	46.1199991703	4.0	9.96000003815	0.999997364412	1.0	1
1.0	7498.91113281	5.0	3.0	4510.40527344	4.0	3.0	74.9199998379	0.0	0.0588480830193	0.984736979008	-0.163798779249	35.1840244537	18.6790493328	-52.4673500061	73.5478057861	-44.9545974731	0.733799783871	2.0	4.15999984741	11.6799995899	1.0	4.15999984741	0.997667137968	1.0	1
1.0	15092.0146484	7.0	4.0	7015.30566406	5.0	4.0	149.507199287	0.0	-0.992694556713	0.0704811662436	0.0979279503226	48.3542099348	2.36817081238	-40.11095047	75.6520004272	-57.143699646	0.288565689615	5.0	6.44000005722	45.779999733	4.0	9.96000003815	0.999995333572	1.0	1
1.0	7513.66113281	1.0	1.0	2101.53295898	1.0	1.0	34.6800005436	3.52869667308	-0.170458197594	0.631343007088	0.756538152695	41.6729106217	2.69384273878	-44.512550354	78.46534729	-56.914100647	0.490985870774	0.0	0.0	0.0	0.0	0.0	-1.0	0.0	2
1.0	11228.9501953	9.0	3.0	3447.7668457	6.0	5.0	113.739999533	0.0	-0.0584627389908	-0.987321674824	0.147573590279	39.3697842638	2.45369184584	-26.3689994812	90.3419036865	-51.1643486023	0.403177041763	4.0	19.5599994659	84.0799999237	3.0	29.7399997711	0.993045293574	1.0	2
1.0	7235.66748047	11.0	5.0	4494.09960938	5.0	4.0	139.339998484	0.0	-0.0584632195532	-0.98732149601	0.147574797273	41.2223595174	3.68489739076	-28.662399292	86.4421005249	-53.4935493469	0.926917497933	4.0	6.40000009537	48.5003989935	4.0	29.7399997711	0.971538313208	1.0	2
1.0	6322.83886719	12.0	3.0	4930.12695312	4.0	2.0	68.1999981403	0.0	-0.997889816761	0.0560521669686	0.0327736921608	34.3249286057	15.139531616	-31.9843997955	96.3263473511	-39.8262481689	0.375383039073	1.0	18.7999992371	18.4200000763	2.0	13.1199998856	0.985383341213	1.0	2
1.0	3451.91357422	4.0	3.0	2086.64575195	4.0	3.0	59.0731999874	0.0	0.997895479202	-0.0559512227774	-0.0327738784254	32.3634868499	0.979459237388	-33.0187988281	75.963394165	-60.764251709	0.0693013668053	5.0	18.7999992371	97.5599994659	2.0	25.4200000763	0.885716463529	1.0	2
1.0	7784.24804688	11.0	6.0	4942.97705078	7.0	5.0	120.340000153	0.0	-0.997889816761	0.0560521669686	0.0327736921608	34.3249286057	15.8739166158	-31.9843997955	96.3263473511	-39.8262481689	0.375383039073	3.0	7.78000020981	34.2399997711	1.0	8.26000022888	0.9997645267	1.0	2
1.0	2876.00830078	8.0	4.0	2159.7175293	4.0	2.0	28.1732001305	0.0	-0.997890651226	0.0560385212302	0.0327702686191	30.6718155473	2.6219086142	-26.0848503113	88.5680541992	-53.9120483398	0.615503002746	3.0	18.7999992371	73.9600009918	2.0	20.0200004578	0.84874307281	1.0	2
1.0	14362.3876953	9.0	2.0	4640.34375	3.0	2.0	106.099998713	1.3156975443	-0.0668356567621	-0.635200977325	-0.769449651241	60.3428883865	35.5810047182	-59.4179496765	79.5070953369	-20.4923000336	0.716730736476	0.0	0.0	0.0	0.0	0.0	0.999677438615	1.0	2
1.0	14921.7773438	9.0	3.0	4000.11279297	5.0	4.0	105.620000839	0.0	0.997889816761	-0.0560519471765	-0.032773565501	31.0792420209	0.0	-65.5127029419	55.4765510559	-53.4200515747	0.99665127465	1.0	7.78000020981	7.65999984741	1.0	25.4200000763	0.999890005745	1.0	2
1.0	7361.93847656	10.0	5.0	5307.12988281	7.0	2.0	54.2532002926	0.0	-0.997890651226	0.0560385212302	0.0327702686191	41.7540790532	2.6219086142	-26.0848503113	88.5680541992	-53.9120483398	0.615503002746	3.0	8.26000022888	63.7000007629	1.0	8.26000022888	0.994729514788	1.0	2
1.0	3909.4987793	2.0	1.0	1909.21203613	1.0	1.0	13.8600001335	3.74958659119	-0.737106621265	0.180384412408	0.651256740093	30.8300264708	0.0	-42.2029495239	90.0713500977	-26.9060497284	0.0383385033191	0.0	0.0	0.0	0.0	0.0	-1.0	0.0	2
1.0	6391.01025391	7.0	5.0	5022.08789062	5.0	5.0	116.099999666	0.0	-0.104935511947	-0.992567420006	-0.0616320855916	50.3648903756	14.6015684497	-38.1838989258	77.1568984985	-46.7965011597	0.254910142868	9.0	2.0	115.139999866	5.0	23.0799999237	0.997150249397	1.0	2
1.0	5409.33837891	9.0	2.0	1788.27990723	2.0	2.0	38.5400002003	0.0	-0.105033896863	-0.992557048798	-0.0616312026978	29.9141134904	6.96310659428	-43.4657516479	57.0085983276	-53.554397583	0.420477526529	3.0	7.80000019073	23.8399996758	0.0	13.720000267	0.902057230012	1.0	2
1.0	7741.22607422	8.0	6.0	4527.58496094	7.0	6.0	215.840000629	0.0	0.104935511947	0.992567420006	0.0616320855916	49.440861436	14.772608829	-38.1838989258	77.1568984985	-46.7965011597	0.254910142868	9.0	2.0	96.6999998093	3.0	15.1599998474	0.998600600677	1.0	2
1.0	8265.2109375	5.0	4.0	4860.83984375	3.0	3.0	172.380001068	0.0	-0.105033896863	-0.992557048798	-0.0616312026978	29.9141134904	6.96310659428	-43.4657516479	57.0085983276	-53.554397583	0.420477526529	9.0	2.0	110.679999828	3.0	17.1399993896	0.998757072072	1.0	2
1.0	1523.03710938	4.0	3.0	3240.30664062	5.0	4.0	31.1199996471	0.0	-0.995591282845	0.0936355441809	-0.0055098910816	18.965346878	2.9195603671	-36.4724998474	78.4032974243	-44.8776016235	0.384814032465	2.0	15.1599998474	31.9600009918	2.0	23.0799999237	0.975184598408	1.0	2
1.0	2035.06616211	3.0	1.0	2225.47485352	2.0	1.0	14.4399995804	0.0	-0.995591282845	0.0936355441809	-0.0055098910816	35.0927680722	24.4850449888	-36.4724998474	78.4032974243	-44.8776016235	0.384814032465	2.0	15.1599998474	29.6800003052	1.0	15.1599998474	0.909167817587	1.0	2
1.0	6528.51074219	6.0	2.0	1475.82312012	2.0	2.0	13.6000003815	3.36630357792	-0.344944596291	-0.63997811079	-0.686615765095	43.3374434727	3.92822732662	-58.1198501587	74.6898040771	-28.9341506958	0.714363745144	2.0	13.720000267	14.1600003242	0.0	19.7600002289	0.980881206272	1.0	2
1.0	3510.58911133	3.0	3.0	2308.12207031	2.0	2.0	43.0400004387	0.0	-0.104935511947	-0.992567420006	-0.0616320855916	22.8506392077	2.10282608953	-38.1838989258	77.1568984985	-46.7965011597	0.254910142868	3.0	2.0	42.2199997902	2.0	23.2800006866	0.568968403876	1.0	2
1.0	7685.98876953	7.0	6.0	4042.33447266	4.0	4.0	146.660000563	0.0	0.995600163937	-0.0935352891684	0.00560414744541	35.4128485858	22.416598589	-47.3500976562	65.5768508911	-47.6051483154	0.436545844624	6.0	7.80000019073	72.4200000763	2.0	23.0799999237	0.999644606097	1.0	2
1.0	4971.23144531	1.0	1.0	3054.87744141	1.0	1.0	49.9999985695	2.40463509803	-0.0278261750937	-0.530790627003	-0.847046077251	34.2467743968	4.21328412242	-40.3119506836	80.6571960449	-54.0442504883	0.500299072604	0.0	0.0	0.0	0.0	0.0	-1.0	0.0	2
1.0	12247.4453125	7.0	2.0	6035.09570312	5.0	5.0	109.800000191	0.0	0.99934732914	-0.0346106700599	-0.010343731381	31.1103022103	13.0130802952	-35.0130004883	86.6641998291	-50.6441001892	0.251755657824	4.0	4.57999992371	34.6400003433	2.0	6.26000022888	0.999993708382	1.0	2
1.0	11352.3896484	9.0	6.0	3675.26074219	8.0	6.0	145.139998436	0.0	0.0334173701704	0.984691381454	-0.171073585749	38.656208842	16.9166612182	-52.7274475098	48.4187469482	-58.2189483643	0.303323905781	7.0	5.53999996185	78.6599993706	2.0	6.26000022888	0.999825590876	1.0	2
1.0	9304.51757812	5.0	2.0	4426.22167969	4.0	4.0	75.2399988174	0.0	0.99934732914	-0.0346106700599	-0.010345431976	45.1872355503	31.3406441732	-59.7439002991	76.7703018188	-21.368598938	0.750317617868	4.0	5.53999996185	46.42000103	1.0	5.53999996185	0.987745567667	1.0	2
1.0	8788.52734375	9.0	1.0	253.333007812	2.0	1.0	0.0	10.0	0.0	0.0	0.0	0.0	0.0	0.0	0.0	0.0	2.0	1.0	16.4799995422	15.2399997711	0.0	16.4799995422	0.964761845925	1.0	2
1.0	12239.5996094	7.0	2.0	5035.70166016	4.0	4.0	108.459998608	0.0	0.0334173701704	0.984691381454	-0.171073585749	38.656208842	32.9032495607	-52.7274475098	48.4187469482	-58.2189483643	0.303323905781	5.0	6.26000022888	54.5800013542	1.0	6.26000022888	0.999972090776	1.0	2
1.0	400.942016602	1.0	0.0	205.991699219	2.0	0.0	0.0	10.0	0.0	0.0	0.0	0.0	0.0	0.0	0.0	0.0	2.0	0.0	0.0	0.0	0.0	0.0	5.19273550825e-05	1.0	2
1.0	12489.203125	9.0	4.0	3221.38769531	7.0	5.0	105.259999514	0.0	0.0334173701704	0.984691381454	-0.171073585749	38.656208842	1.57435856387	-52.7274475098	48.4187469482	-58.2189483643	0.303323905781	8.0	4.57999992371	86.4599990845	2.0	6.26000022888	0.999982406357	1.0	2
1.0	5412.81005859	2.0	1.0	2802.26538086	1.0	1.0	16.6800003052	0.0	0.999345302582	-0.0346959941089	-0.010254336521	38.2709790027	0.0	-51.1707496643	73.8626556396	-49.9748497009	0.791248126962	2.0	18.2000007629	34.1399993896	0.0	20.5799999237	0.364724286268	1.0	2
1.0	8339.30175781	9.0	1.0	1449.81945801	4.0	1.0	16.3799991608	2.40463509803	0.0278261750937	0.530790627003	0.847046077251	36.5898320608	0.0	-40.3119506836	80.6571960449	-54.0442504883	0.500299072604	0.0	0.0	0.0	0.0	0.0	0.99882087921	1.0	2
1.0	3649.70288086	2.0	0.0	1254.98266602	1.0	0.0	0.0	10.0	0.0	0.0	0.0	0.0	0.0	0.0	0.0	0.0	2.0	0.0	0.0	0.0	0.0	0.0	5.19273550825e-05	0.0	2
1.0	14088.5097656	9.0	5.0	4175.97363281	5.0	5.0	144.620000601	0.0	-0.998025774956	0.0331841483712	-0.053323443979	39.5312414719	0.0	-38.9618988037	48.9056015015	-67.6471557617	0.781385248858	10.0	3.59999990463	134.220002174	4.0	28.1200008392	0.999977398441	1.0	2
1.0	3242.84912109	2.0	2.0	2431.26904297	4.0	2.0	51.659999609	0.0	0.998022913933	-0.0332723930478	0.0533217936754	30.5114753533	8.2559250966	-45.9054489136	51.643447876	-62.5100479126	0.52174490924	3.0	2.07999992371	21.0600004196	2.0	10.3000001907	0.858264910895	1.0	2
1.0	12304.5136719	9.0	4.0	3177.59643555	3.0	3.0	114.720001221	0.0	-0.046194318682	-0.99374961853	0.101625815034	22.1838797084	20.3453720501	-60.7544021606	71.1535491943	-13.3607997894	0.547841269385	1.0	4.05999994278	2.94000005722	1.0	4.05999994278	0.999158497675	1.0	2
1.0	2933.53540039	6.0	4.0	1676.96899414	3.0	3.0	52.9199998379	0.0	-0.998025774956	0.0331841483712	-0.053323443979	23.0771998883	0.0	-38.9618988037	48.9056015015	-67.6471557617	0.781385248858	5.0	2.07999992371	46.3800001144	1.0	10.3000001907	0.724750045349	1.0	2
1.0	5672.88769531	7.0	5.0	1540.06896973	3.0	3.0	62.1799998283	0.0	0.998022913933	-0.0332723930478	0.0533217936754	42.2940924463	8.2559250966	-45.9054489136	51.643447876	-62.5100479126	0.52174490924	3.0	3.59999990463	18.9800004959	4.0	22.0400009155	0.983310384515	1.0	2
1.0	7172.72949219	8.0	6.0	3044.32788086	4.0	4.0	116.460000515	0.0	-0.998025774956	0.0331841483712	-0.053323443979	39.5312414719	0.0	-38.9618988037	48.9056015015	-67.6471557617	0.781385248858	3.0	9.02000045776	44.5	2.0	23.9599990845	0.990422860217	1.0	2
1.0	12531.6064453	11.0	6.0	3883.85083008	5.0	5.0	144.681601644	0.0	-0.998025774956	0.0331841483712	-0.053323443979	39.5312414719	0.0	-38.9618988037	48.9056015015	-67.6471557617	0.781385248858	9.0	4.05999994278	163.400001049	4.0	28.1200008392	0.999767527814	1.0	2
1.0	10972.1875	6.0	2.0	4090.16894531	5.0	4.0	50.3600006104	0.0	0.998025715351	-0.0331879891455	0.0533221252263	51.023748083	2.85530058331	-34.2618484497	89.879196167	-39.9621505737	0.442737553478	3.0	23.9599990845	82.0200004578	2.0	28.1200008392	0.99944805092	1.0	2
1.0	10311.5458984	6.0	4.0	4256.41015625	4.0	4.0	117.720000744	0.0	0.998025715351	-0.0331879891455	0.0533221252263	44.8925171851	2.85530058331	-34.2618484497	89.879196167	-39.9621505737	0.442737553478	6.0	4.05999994278	99.039999485	4.0	23.9599990845	0.999424273855	1.0	2
1.0	6302.47119141	1.0	1.0	858.664001465	1.0	1.0	21.6200008392	1.80229021182	0.337693661451	0.937166392803	-0.0876480266452	46.3795542423	11.1254752699	-54.9358520508	72.8562469482	-33.3665504456	0.898816718812	0.0	0.0	0.0	0.0	0.0	-1.0	0.0	2
1.0	4160.33496094	9.0	3.0	1145.31604004	3.0	2.0	21.7788003832	1.4602465296	0.596061229706	0.511086463928	0.619275033474	36.3883301392	16.1985499982	-44.0270004272	70.1889038086	-47.1605529785	0.516942223008	2.0	14.6199998856	37.6199998856	0.0	23.2000007629	0.970255129489	1.0	2
1.0	6302.47119141	1.0	1.0	1065.97595215	2.0	2.0	37.5800008774	1.80229021182	0.337693661451	0.937166392803	-0.0876480266452	46.3795542423	11.1254752699	-54.9358520508	72.8562469482	-33.3665504456	0.898816718812	0.0	0.0	0.0	0.0	0.0	0.153036218022	1.0	2
1.0	10849.5136719	8.0	3.0	5177.69873047	6.0	5.0	137.259999514	0.0	0.99493509531	0.0	-0.100519500673	46.1526565568	23.5687558733	-63.1314506531	63.0271987915	-15.3552494049	0.195036580308	7.0	7.01999998093	68.3399999142	5.0	13.8199996948	0.990304827889	1.0	2
1.0	5979.52880859	7.0	3.0	2340.20507812	8.0	3.0	64.3588003069	0.0	-0.994936227798	0.0	0.100508131087	45.5247368802	21.4386129027	-43.1633987427	71.5983963013	-49.5949478149	0.503519669311	7.0	10.4399995804	120.299999475	0.0	25.8799991608	0.939174734041	1.0	2
1.0	10172.8701172	9.0	4.0	5375.65771484	6.0	6.0	129.855600245	0.0	0.00609860988334	-0.998385608196	0.0564712509513	21.2562905941	3.61420691349	-32.1663970947	89.091796875	-36.5941009521	0.14941464403	5.0	3.3599998951	68.479998827	4.0	23.7199993134	0.99644185884	1.0	2
1.0	9509.17675781	9.0	3.0	4692.359375	5.0	5.0	108.980000496	0.0	-0.00609926180914	0.998390972614	-0.0563759468496	30.5974330846	10.6670733839	-58.4255981445	51.6612472534	-49.9365501404	0.622579712635	7.0	5.57999992371	54.4999992847	6.0	13.8199996948	0.98540770249	1.0	2
1.0	8483.62011719	7.0	2.0	5312.29199219	6.0	5.0	123.74000001	0.0	-0.994936048985	0.0	0.100509814918	38.4107270932	31.4201400652	-50.0536994934	83.736000061	-29.9478492737	0.268397903588	3.0	5.80000019073	22.3199996948	4.0	13.8199996948	0.964792228984	1.0	2
1.0	7875.14306641	12.0	6.0	6057.41015625	3.0	3.0	147.759999752	0.0	-0.994935870171	0.0	0.100511498749	48.2082425879	19.8073290613	-48.3471984863	57.0171012878	-55.7938499451	0.504880544355	6.0	14.720000267	116.879999399	1.0	23.7199993134	0.990840690571	1.0	2
1.0	9389.16015625	9.0	6.0	5810.22314453	8.0	7.0	201.198798075	0.0	0.00609864341095	-0.998391091824	0.0563739836216	39.3303697633	19.795517123	-44.2302017212	78.4943008423	-43.8366470337	0.706303523168	12.0	5.57999992371	182.059996605	5.0	23.7199993134	0.999407334814	1.0	2
1.0	5940.28320312	1.0	0.0	1129.74694824	1.0	0.0	0.0	10.0	0.0	0.0	0.0	0.0	0.0	0.0	0.0	0.0	2.0	0.0	0.0	0.0	0.0	0.0	5.19273550825e-05	0.0	2
1.0	6069.06542969	6.0	5.0	3383.77783203	5.0	4.0	82.7200007439	0.0	0.0429963283241	0.985947608948	-0.161426976323	12.7841552949	40.1440898839	-24.0332489014	93.1614532471	-39.2270507812	0.489779491177	10.0	3.55999994278	93.1000008583	5.0	18.9400005341	0.996753439113	1.0	2
1.0	8790.04199219	3.0	0.0	1678.27001953	2.0	0.0	0.0	10.0	0.0	0.0	0.0	0.0	0.0	0.0	0.0	0.0	2.0	0.0	0.0	0.0	0.0	0.0	5.19273550825e-05	1.0	2
1.0	6203.86523438	8.0	8.0	8103.89355469	6.0	6.0	221.080802128	0.0	-0.042916148901	-0.985964119434	0.161347195506	21.4219407354	36.265373609	-40.5838012695	94.9669494629	-22.9524993896	0.863410047808	13.0	2.96000003815	86.6520004701	8.0	25.0200004578	0.998317267569	1.0	2
1.0	7874.20214844	4.0	2.0	1400.34533691	4.0	3.0	46.9600002766	0.0	0.0429963283241	0.985947608948	-0.161426976323	42.7877974114	1.20239768635	-24.0332489014	93.1614532471	-39.2270507812	0.489779491177	1.0	14.9399995804	15.3599996567	0.0	14.9399995804	0.930839047616	1.0	2
1.0	8477.32519531	8.0	5.0	1988.41540527	5.0	4.0	98.0007988662	0.0	0.0429139919579	0.985951066017	-0.161427557468	38.4308316051	1.79001345464	-29.004699707	83.8325500488	-54.698348999	0.160633448758	11.0	1.77999997139	115.780000448	4.0	23.1599998474	0.994214652489	1.0	2
1.0	1728.75598145	4.0	2.0	2305.56713867	3.0	2.0	7.82000017166	0.0	-0.998985350132	0.0365989468992	-0.0262444522232	2.74688695177	3.06021966254	-55.5615501404	57.1707992554	-57.3494491577	0.768060805051	4.0	10.6999998093	57.5355997086	1.0	14.6199998856	0.559181475507	1.0	2
1.0	6230.01318359	10.0	9.0	4508.64794922	5.0	4.0	188.520000458	0.0	-0.0429979115725	-0.985947549343	0.161426961422	28.0384981262	2.85102411229	-30.2738494873	84.0626525879	-53.4613494873	0.0528429114891	14.0	3.55999994278	168.787599845	5.0	14.6199998856	0.993822424756	1.0	2
1.0	7913.23779297	3.0	2.0	1809.5489502	2.0	1.0	20.5419991016	0.0	-0.0429155752063	-0.985951006413	0.161427542567	34.283896144	0.0	-48.3798980713	64.6258468628	-58.4312515259	0.0911300001949	2.0	11.8199996948	23.720000267	1.0	23.1599998474	0.979419952148	1.0	2
1.0	9270.53027344	7.0	7.0	5544.26660156	6.0	6.0	129.098001242	0.0	0.0429963283241	0.985947608948	-0.161426976323	12.7841552949	1.20239768635	-24.0332489014	93.1614532471	-39.2270507812	0.489779491177	2.0	14.9399995804	29.9200000763	0.0	15.3599996567	0.999983605029	1.0	2
1.0	5622.07958984	1.0	1.0	875.078491211	1.0	1.0	5.65999984741	3.66829659619	-0.740817964077	0.0411849804223	0.670442044735	32.6304972903	1.84606294042	-40.8789520264	77.1082992554	-53.4272499084	0.231813570972	0.0	0.0	0.0	0.0	0.0	-1.0	0.0	2
1.0	5092.27978516	11.0	5.0	3279.95605469	3.0	3.0	106.520000458	0.0	0.00372786656953	0.980667173862	-0.195647656918	45.8892167839	12.3957613244	-58.3964500427	69.801399231	-19.6812000275	0.0530553021119	3.0	1.86000001431	5.43360006809	2.0	8.93999958038	0.974968297789	1.0	2
1.0	5973.41992188	3.0	2.0	941.262084961	3.0	3.0	28.3400001526	0.0	0.999826014042	0.0	0.0186547394842	8.07338106671	1.49155070575	-59.9335021973	65.4401016235	-24.6635513306	0.276167964192	10.0	3.38000011444	63.0599994659	1.0	3.38000011444	0.767878153306	1.0	2
1.0	9852.13183594	8.0	3.0	800.342407227	3.0	2.0	33.7800006866	0.0	0.00372824585065	0.980663180351	-0.195667564869	22.5098050525	0.992492568844	-45.5084495544	47.5829467773	-67.4225997925	0.770060463197	2.0	12.4600000381	22.5799999237	1.0	12.4600000381	0.991209728604	1.0	2
1.0	10255.1230469	10.0	6.0	2522.00683594	4.0	4.0	151.843601465	0.0	0.00372789450921	0.980666875839	-0.195649132133	51.3751150181	2.17647848279	-20.7564506531	87.2232971191	-52.7406997681	0.95751558361	16.0	1.86000001431	119.740000367	6.0	24.7800006866	0.999322059195	1.0	2
1.0	9283.49511719	11.0	8.0	4115.77539062	4.0	4.0	187.099999666	0.0	0.00372789450921	0.980666875839	-0.195649132133	51.3751150181	2.17647848279	-20.7564506531	87.2232971191	-52.7406997681	0.95751558361	22.0	3.38000011444	204.159998655	6.0	24.7800006866	0.999755370251	1.0	2
1.0	10678.375	8.0	3.0	910.079406738	2.0	2.0	40.0	2.72131218155	-0.431609064341	-0.760281920433	-0.48547399044	47.8921798951	4.05934156753	-41.0837478638	81.9375457764	-42.746799469	0.97348897447	1.0	16.9200000763	9.81999969482	0.0	16.9200000763	0.988472550803	1.0	2
1.0	8709.40136719	12.0	5.0	1178.38635254	3.0	2.0	31.6800003052	0.0	0.736232936382	-0.660869598389	0.145644828677	40.9363249522	0.0	-52.9529495239	66.9746551514	-48.1357498169	0.751125405174	4.0	9.06000041962	57.8999996185	0.0	27.8799991608	0.983368481306	1.0	2
1.0	6757.06494141	3.0	1.0	875.078491211	1.0	1.0	5.65999984741	3.66829659619	-0.740817964077	0.0411849804223	0.670442044735	32.6304972903	1.84606294042	-40.8789520264	77.1082992554	-53.4272499084	0.231813570972	0.0	0.0	0.0	0.0	0.0	0.462885205762	1.0	2
1.0	8026.58398438	15.0	7.0	1494.59680176	4.0	4.0	139.319999218	0.0	0.00383203476667	0.980662643909	-0.195668235421	35.6590979149	0.992489217254	-37.9376983643	59.053150177	-64.9113006592	0.844888291147	14.0	3.0	117.373599291	3.0	8.93999958038	0.972462392652	1.0	2
1.0	6166.70117188	1.0	1.0	1890.85290527	1.0	1.0	16.0800004005	3.86683335657	-0.505712151527	0.688191473484	0.520238101482	36.7982425883	1.04052843488	-50.0886993408	63.5451507568	-62.9457015991	0.660427006142	0.0	0.0	0.0	0.0	0.0	-1.0	0.0	2
1.0	12788.8095703	11.0	5.0	4380.34423828	2.0	2.0	108.119999409	0.0	-0.0265243444592	-0.970083475113	0.241318374872	21.6896566922	2.92321051956	-36.1382980347	90.317199707	-47.490650177	0.862580998948	8.0	8.60000038147	92.0560000837	2.0	15.279999733	0.995239116092	1.0	2
1.0	2102.03295898	2.0	0.0	2441.42602539	2.0	0.0	0.0	10.0	0.0	0.0	0.0	0.0	0.0	0.0	0.0	0.0	2.0	0.0	0.0	0.0	0.0	0.0	5.19273550825e-05	1.0	2
1.0	12416.5634766	6.0	3.0	3802.21923828	5.0	5.0	88.161601305	0.0	0.0265261530876	0.970082521439	-0.24132181704	49.574597085	2.35801121385	-29.5425987244	85.0740966797	-56.6513519287	0.103513226414	18.0	10.6800003052	215.880001068	2.0	21.7600002289	0.998966446865	1.0	2
1.0	5803.37158203	9.0	4.0	3005.47119141	3.0	2.0	34.8400001526	0.0	-0.0265243444592	-0.970083475113	0.241318374872	46.3404227491	10.4174838133	-34.8136978149	90.9574966431	-49.3730506897	0.14690076686	7.0	14.0799999237	84.0	3.0	21.7600002289	0.998757074639	1.0	2
1.0	10380.3613281	7.0	6.0	6562.62402344	4.0	4.0	145.520799398	0.0	0.0265261530876	0.970082521439	-0.24132181704	31.0011124414	2.35801121385	-29.5425987244	85.0740966797	-56.6513519287	0.517857395565	17.0	3.68000006676	196.416000694	7.0	21.7600002289	0.999605083785	1.0	2
1.0	6231.86279297	2.0	2.0	2207.78686523	2.0	2.0	37.960000515	0.0	-0.0264289975166	-0.970086097717	0.241318121552	32.4158429889	1.52135266894	-48.8330535889	54.2268981934	-64.2002487183	0.704503609686	3.0	14.0799999237	33.279999733	0.0	17.1200008392	0.312215213786	1.0	2
1.0	10540.3730469	8.0	7.0	7166.41113281	6.0	6.0	168.148000956	0.0	-0.0265261530876	-0.970082521439	0.24132181704	49.9596571375	1.04052940603	-29.5425987244	85.0740966797	-56.6513519287	0.517857395565	24.0	3.68000006676	298.802399352	7.0	21.7600002289	0.999757510779	1.0	2
1.0	2449.04516602	1.0	1.0	2144.30908203	2.0	1.0	16.0800004005	3.86683335657	-0.505712151527	0.688191473484	0.520238101482	10.1627720679	43.3627905145	-50.0886993408	63.5451507568	-62.9457015991	0.660427006142	0.0	0.0	0.0	0.0	0.0	0.0920241092251	1.0	2
1.0	2929.75463867	6.0	2.0	2949.99316406	6.0	3.0	3.88000011444	1.23345449385	-0.743711531162	-0.663457214832	0.0819618180394	39.5224848535	20.873276926	-27.6108493805	96.2005996704	-38.6318511963	0.052408965733	1.0	12.1999998093	4.92000007629	0.0	12.1999998093	0.994981968742	1.0	2
1.0	4782.44189453	2.0	2.0	1401.06994629	1.0	1.0	14.4399995804	0.0	0.0849857032299	0.953450381756	-0.289326369762	29.639048405	2.04421948491	-39.1542015076	78.5242004395	-49.3744506836	0.777286583449	0.0	0.0	0.0	1.0	12.8999996185	-1.0	0.0	2
1.0	6628.53417969	4.0	4.0	5629.03759766	6.0	5.0	138.999999285	0.0	0.0849857032299	0.953450381756	-0.289326369762	51.5456389571	13.3584767011	-39.1542015076	78.5242004395	-49.3744506836	0.777286583449	8.0	1.77999997139	96.2800006866	4.0	20.5599994659	0.997035449999	1.0	2
1.0	9921.91210938	7.0	6.0	3628.61767578	5.0	5.0	163.460000277	0.0	0.0849857926369	0.953451454639	-0.289322972298	35.3813025179	2.01047264454	-25.856300354	89.4551010132	-44.1448516846	0.248891908008	11.0	1.77999997139	115.339999199	5.0	14.1599998474	0.99950632994	1.0	2
1.0	9108.24804688	6.0	5.0	3663.33984375	7.0	7.0	179.543199424	0.0	-0.982109308243	0.129116490483	0.137077644467	32.641264568	1.00528518706	-16.4338493347	88.7084960938	-45.6012992859	0.0647543094759	12.0	1.01999998093	112.439999104	6.0	20.5599994659	0.999823432315	1.0	2
1.0	7047.2265625	7.0	4.0	2935.9519043	6.0	6.0	116.876800537	0.0	0.0849857479334	0.953450918198	-0.28932467103	47.8040455828	24.5266552536	-56.0442008972	79.3771972656	-14.4265499115	0.758208018167	5.0	4.88000011444	41.5799994469	3.0	8.92000007629	0.998488152491	1.0	2
1.0	8447.68652344	6.0	6.0	3671.75878906	4.0	4.0	147.620000124	0.0	0.0849857032299	0.953450381756	-0.289326369762	43.2342724355	2.04421948491	-39.1542015076	78.5242004395	-49.3744506836	0.777286583449	9.0	1.77999997139	77.1599993706	5.0	14.1599998474	0.989501786751	1.0	2
1.0	7084.72216797	3.0	1.0	434.289001465	3.0	1.0	36.2800002098	1.79870783997	-0.139675453305	0.572584211826	0.807860195637	32.7976935905	1.02137139656	-47.6982498169	68.3572540283	-54.1336517334	0.602474300455	0.0	0.0	0.0	0.0	0.0	0.960614547112	1.0	2
1.0	8115.17871094	7.0	6.0	5448.84277344	4.0	4.0	252.918399591	0.0	-0.982109308243	0.129116490483	0.137077644467	32.641264568	1.00528518706	-16.4338493347	88.7084960938	-45.6012992859	0.0647543094759	7.0	1.01999998093	55.3999991417	3.0	12.8999996185	0.999873228966	1.0	2
1.0	5545.37744141	5.0	3.0	1809.15673828	4.0	4.0	130.379999742	0.0	-0.982096791267	0.129213377833	0.137075766921	14.4333547772	25.8806471647	-26.7338504791	79.9349517822	-53.5163993835	0.945135204756	4.0	8.47999954224	63.2399988174	3.0	17.1599998474	0.988371364259	1.0	2
1.0	3635.44287109	5.0	2.0	799.361999512	2.0	2.0	6.27999997139	3.17968555047	0.832688510418	0.475145190954	-0.284371048212	28.0147913079	0.0	-57.9671020508	50.0431518555	-56.2433509827	0.107261198493	0.0	0.0	0.0	0.0	0.0	0.995427329079	1.0	2
1.0	2810.30712891	3.0	0.0	696.218994141	1.0	0.0	0.0	10.0	0.0	0.0	0.0	0.0	0.0	0.0	0.0	0.0	2.0	0.0	0.0	0.0	0.0	0.0	5.19273550825e-05	0.0	2
1.0	7396.34326172	10.0	7.0	1622.25952148	3.0	3.0	119.11999917	0.0	-0.041161455214	-0.99455755949	0.0957133099437	39.2107053449	2.49492909582	-25.0387496948	79.5740509033	-49.5180969238	0.77560009059	7.0	6.90000009537	88.3799991608	3.0	13.6400003433	0.980433686201	1.0	2
1.0	3831.87890625	9.0	5.0	1495.88928223	4.0	4.0	46.3464000076	0.0	-0.998193025589	0.0286257751286	-0.0528320521116	41.5767302238	2.90436983893	-32.7462997437	66.8769989014	-57.0210494995	0.128069219446	5.0	4.98000001907	67.8199996948	2.0	15.8599996567	0.736979249641	1.0	2
1.0	8064.54296875	8.0	5.0	2546.07495117	4.0	4.0	61.4543998241	0.0	0.998193562031	-0.0286156330258	0.0528271347284	32.5993394555	0.0	-43.5048522949	43.9468994141	-62.2757492065	0.326631512786	7.0	8.10000038147	105.63999939	2.0	16.1000003815	0.995855417613	1.0	2
1.0	9370.46875	9.0	6.0	1536.51428223	4.0	4.0	104.379999399	0.0	0.998193562031	-0.0286156330258	0.0528271347284	32.5993394555	0.0	-43.5048522949	43.9468994141	-62.2757492065	0.326631512786	6.0	14.9600000381	105.859998703	1.0	16.1000003815	0.99679322483	1.0	2
1.0	8941.33691406	8.0	5.0	1305.15185547	6.0	6.0	134.246398434	0.0	0.998193562031	-0.0286156330258	0.0528271347284	32.5993394555	0.0	-43.5048522949	43.9468994141	-62.2757492065	0.326631512786	10.0	4.98000001907	143.419999123	2.0	8.92000007629	0.987722331904	1.0	2
1.0	1390.31030273	5.0	3.0	2032.97033691	5.0	4.0	43.3599994183	0.0	-0.998193800449	0.0286155324429	-0.0528232119977	26.0917360268	13.6459814892	-34.9449501038	85.5191040039	-42.2333526611	0.470973857025	1.0	8.10000038147	7.88000011444	1.0	8.10000038147	0.82135307817	1.0	2
1.0	5358.86181641	7.0	5.0	3127.91357422	3.0	3.0	139.726399645	0.0	-0.998193383217	0.0286231040955	-0.0528271235526	40.8771102498	18.2812042044	-33.8001480103	67.9263000488	-55.782749176	0.951247096104	3.0	13.8400001526	49.1599998474	0.0	18.1000003815	0.989430422454	1.0	2
1.0	2810.30712891	3.0	1.0	1161.99291992	2.0	1.0	7.82000017166	0.0	0.998193562031	-0.0286156330258	0.0528271347284	24.5848237431	0.0	-43.5048522949	43.9468994141	-62.2757492065	0.326631512786	1.0	24.0	23.7399997711	0.0	24.0	0.0751873353336	1.0	2
1.0	7885.71728516	10.0	6.0	1734.81140137	6.0	6.0	75.3007995933	0.0	-0.998193025589	0.0286257751286	-0.0528320521116	55.5018442052	2.90436983893	-32.7462997437	66.8769989014	-57.0210494995	0.128069219446	5.0	8.92000007629	65.6800003052	2.0	13.6400003433	0.997497048097	1.0	2
1.0	5808.04589844	1.0	0.0	912.666015625	1.0	0.0	0.0	10.0	0.0	0.0	0.0	0.0	0.0	0.0	0.0	0.0	2.0	0.0	0.0	0.0	0.0	0.0	5.19273550825e-05	0.0	2
1.0	3789.17895508	11.0	7.0	2755.39648438	5.0	4.0	71.5000002384	0.0	0.999507308006	0.0309924148023	0.00496257236227	58.803238922	4.33520428571	-60.1431503296	77.0001068115	-10.4955501556	0.354520136637	7.0	5.92000007629	70.6199989319	3.0	8.38000011444	0.982307032148	1.0	2
1.0	6417.96240234	2.0	0.0	912.666015625	1.0	0.0	0.0	10.0	0.0	0.0	0.0	0.0	0.0	0.0	0.0	0.0	2.0	0.0	0.0	0.0	0.0	0.0	5.19273550825e-05	1.0	2
1.0	4103.45410156	10.0	4.0	3634.89453125	5.0	2.0	45.1999998093	0.0	0.0288073159754	-0.963104605675	0.26758107543	34.0420317973	34.5641630527	-55.5242004395	76.7277526855	-45.4015007019	0.841813146035	3.0	8.38000011444	28.5	5.0	25.8799991608	0.993780014743	1.0	2
1.0	7240.8359375	2.0	0.0	912.666015625	1.0	0.0	0.0	10.0	0.0	0.0	0.0	0.0	0.0	0.0	0.0	0.0	2.0	0.0	0.0	0.0	0.0	0.0	5.19273550825e-05	1.0	2
1.0	873.526000977	3.0	1.0	1644.73706055	2.0	1.0	3.70000004768	0.0	0.999506950378	0.0309879109263	0.00506548024714	35.1135400348	5.65580824947	-41.9737014771	71.5867996216	-56.9325027466	0.0803375935786	2.0	22.8799991608	47.1199989319	0.0	22.8999996185	0.975717415647	1.0	2
1.0	3495.73095703	3.0	3.0	2459.93115234	2.0	1.0	26.5600004196	0.0	0.999506831169	0.0309916511178	0.00506545975804	42.0602503235	0.0	-45.5882987976	61.7473983765	-63.0139007568	0.883054597369	4.0	8.38000011444	76.0799987316	3.0	25.8799991608	0.754196686036	1.0	2
1.0	7663.27978516	12.0	10.0	3969.38427734	5.0	5.0	113.699998856	0.0	-0.999503552914	-0.0310958735645	-0.0050654434599	47.095773455	37.8667634856	-37.9062004089	68.1538467407	-58.8452987671	0.576682724085	5.0	7.40000009537	59.7199985981	1.0	8.38000011444	0.998572048712	1.0	2
1.0	4465.76513672	5.0	5.0	1749.93994141	3.0	3.0	64.6800006628	0.0	0.999506831169	0.0309916511178	0.00506545975804	42.0602503235	0.0	-45.5882987976	61.7473983765	-63.0139007568	0.883054597369	7.0	5.92000007629	66.3399991989	7.0	25.8799991608	0.944340115503	1.0	2
1.0	9703.203125	12.0	8.0	5438.515625	6.0	6.0	173.359999657	0.0	-0.999507129192	-0.030987797305	-0.00502392556518	59.5479118774	31.9202384987	-61.1365013123	76.7266998291	-7.5128698349	0.21578185373	6.0	2.79999995232	77.1399993896	4.0	25.6000003815	0.999846052846	1.0	2
1.0	3623.32592773	2.0	1.0	1829.57592773	1.0	1.0	25.5399999619	3.75630141745	-0.817666828632	-0.326773554087	0.473962068558	31.6011114231	1.7989234058	-45.1242523193	87.5552520752	-38.9830513	0.794331241454	0.0	0.0	0.0	0.0	0.0	-1.0	0.0	2
1.0	6336.03808594	7.0	5.0	4970.07226562	6.0	4.0	71.5000009537	0.0	-0.997142195702	0.0	0.0755478143692	31.1894186566	4.81440453703	-36.5512466431	83.040802002	-49.0478515625	0.0344028894365	6.0	5.94000005722	80.8799996376	1.0	21.3400001526	0.972744484172	1.0	2
1.0	6007.45458984	6.0	2.0	4413.4140625	1.0	1.0	38.7600002289	3.58460591511	-0.535626590252	-0.622789561749	-0.570295810699	24.9599370174	21.1391507273	-53.6506500244	85.943145752	-13.1725101471	0.741429305562	2.0	14.3800001144	20.1999998093	2.0	14.3800001144	0.570172562239	1.0	2
1.0	11465.8779297	6.0	5.0	5397.21728516	5.0	4.0	112.300001144	0.0	-0.997134029865	0.0	0.0756553187966	50.0471768658	1.83474829127	-37.4397506714	69.1249008179	-63.537399292	0.493022545885	17.0	3.33999991417	207.64000082	11.0	26.2399997711	0.985904913864	1.0	2
1.0	5919.46582031	6.0	4.0	3886.296875	3.0	3.0	53.1600008011	0.0	-0.0130403498188	0.976928591728	-0.213167786598	16.2980204845	0.927906068934	-46.3897514343	63.9828491211	-52.1273994446	0.527456234164	6.0	14.3800001144	90.9400005341	2.0	14.9200000763	0.822276280682	1.0	2
1.0	9418.06640625	7.0	6.0	6870.99755859	3.0	2.0	136.68000102	0.0	-0.997134685516	0.0	0.0756470039487	22.4299179127	6.34242212389	-29.9458007812	70.5837020874	-61.2239990234	0.170932387496	14.0	3.38000011444	118.460000396	5.0	18.3799991608	0.994729506304	1.0	2
1.0	4871.80859375	2.0	2.0	1829.57592773	1.0	1.0	68.6200003624	3.02705958848	0.50908857584	0.851725876331	0.124063722789	38.7272655566	10.4146530156	-59.2040023804	78.8262023926	-28.7989006042	0.697167515821	0.0	0.0	0.0	0.0	0.0	0.494232463158	1.0	2
1.0	8611.84082031	9.0	7.0	6816.95800781	6.0	5.0	143.66000092	0.0	-0.997134685516	0.0	0.0756470039487	22.4299179127	7.69959629197	-29.9458007812	70.5837020874	-61.2239990234	0.170932387496	14.0	3.33999991417	167.580001712	7.0	21.0200004578	0.997552698383	1.0	2
1.0	2649.6340332	3.0	2.0	2432.24804688	3.0	3.0	58.4800004959	0.0	0.997134029865	0.0	-0.0756553187966	26.0529336585	7.89320447774	-37.4397506714	69.1249008179	-63.537399292	0.493022545885	3.0	8.34000015259	34.5199995041	2.0	13.1599998474	0.664867996277	1.0	2
1.0	4546.93652344	8.0	6.0	4199.03955078	5.0	4.0	69.620000124	0.0	0.0130403498188	-0.976928591728	0.213167786598	37.0678546304	10.9359846557	-46.3897514343	63.9828491211	-52.1273994446	0.527456234164	5.0	14.0	61.1000003815	2.0	18.3799991608	0.972147837516	1.0	2
1.0	6110.04980469	2.0	0.0	1016.85864258	1.0	0.0	0.0	10.0	0.0	0.0	0.0	0.0	0.0	0.0	0.0	0.0	2.0	0.0	0.0	0.0	0.0	0.0	5.19273550825e-05	0.0	2
1.0	13149.5917969	8.0	4.0	1516.72314453	3.0	3.0	177.299998641	0.0	-0.00915230065584	0.994012951851	-0.1088783741	49.1483092233	1.04888225442	-22.8275985718	83.8943023682	-46.165397644	0.046956715977	4.0	5.59999990463	55.0999994278	2.0	17.0599994659	0.99990413829	1.0	2
1.0	11203.9873047	9.0	5.0	2656.52563477	3.0	3.0	140.739999771	0.0	-0.994902431965	0.0	0.100842297077	29.6622561154	16.1530420034	-48.4679031372	79.4557037354	-39.9387512207	0.995214660655	6.0	5.59999990463	66.0200004578	2.0	12.720000267	0.996618388282	1.0	2
1.0	12778.8183594	10.0	5.0	1408.35864258	5.0	5.0	112.479999542	0.0	-0.00915230065584	0.994012951851	-0.1088783741	49.1483092233	1.04888225442	-22.8275985718	83.8943023682	-46.165397644	0.046956715977	3.0	6.23999977112	20.6600006819	1.0	12.5	0.999912818649	1.0	2
1.0	9240.30175781	9.0	4.0	1470.31030273	6.0	4.0	69.7599992752	0.0	-0.00915230065584	0.994012951851	-0.1088783741	24.3410456876	48.7727834394	-22.8275985718	83.8943023682	-46.165397644	0.046956715977	2.0	6.23999977112	10.900000453	0.0	8.73999977112	0.978554527026	1.0	2
1.0	8135.26953125	11.0	4.0	2393.99121094	7.0	6.0	131.179999828	0.0	-0.00924685224891	0.994012057781	-0.108878277242	31.0955547831	5.88764311771	-27.7160491943	78.1751022339	-51.3123016357	0.0275856062365	8.0	4.80000019073	107.120000362	4.0	22.7800006866	0.997938756804	1.0	2
1.0	7317.94042969	3.0	2.0	1227.91357422	3.0	2.0	40.8599996567	2.18770881746	0.947860658169	0.24428935349	0.20465311408	22.1757773279	7.50392232269	-29.2948989868	88.2545013428	-43.6385498047	0.987083546355	0.0	0.0	0.0	0.0	0.0	0.51112987285	1.0	2
1.0	7348.45800781	13.0	5.0	2789.27416992	5.0	3.0	86.1400003433	0.0	-0.994902431965	0.0	0.100842297077	28.4056654624	7.144079859	-27.0580005646	80.908203125	-50.1123504639	0.0387135366476	5.0	5.59999990463	56.140001297	3.0	16.2399997711	0.996282299779	1.0	2
1.0	9480.76757812	6.0	1.0	1477.45666504	1.0	1.0	5.09999990463	3.13045681408	-0.631167888641	-0.493215441704	0.598636507988	46.9352891979	7.62063997606	-59.6428527832	78.3043060303	-20.6405487061	0.592379833329	0.0	0.0	0.0	0.0	0.0	0.93382799395	1.0	2
1.0	11304.7529297	8.0	3.0	2331.23999023	5.0	4.0	94.7999994755	0.0	0.00924873910844	-0.994012176991	0.108877263963	11.2886994054	58.0302504472	-38.8476486206	90.7523040771	-24.9077987671	0.990880547283	2.0	17.0599994659	46.6399993896	2.0	17.0599994659	0.999727685776	1.0	2
1.0	5406.6953125	1.0	0.0	1405.66101074	1.0	0.0	0.0	10.0	0.0	0.0	0.0	0.0	0.0	0.0	0.0	0.0	2.0	0.0	0.0	0.0	0.0	0.0	5.19273550825e-05	0.0	2
1.0	8115.32324219	5.0	4.0	4036.48583984	8.0	6.0	125.904799104	0.0	-0.0472570136189	0.972106933594	-0.229727894068	39.5897202689	2.18990673371	-34.9000473022	77.3712005615	-52.7021026611	0.906938522899	12.0	7.55999994278	129.86000162	6.0	20.4599990845	0.980186645063	1.0	2
1.0	5574.78222656	5.0	3.0	2286.04394531	4.0	4.0	28.0788003504	0.0	0.0473567210138	-0.972102344036	0.229726806283	0.99248602275	15.3492111402	-63.7146987915	68.1845016479	-12.151599884	0.880346512591	9.0	1.0	137.720001295	4.0	20.4599990845	0.947932024869	1.0	2
1.0	2777.79736328	6.0	3.0	1470.92346191	3.0	3.0	31.8400001526	0.0	0.998335182667	0.0336497686803	-0.046846460551	25.4259428094	26.0493382341	-54.1374511719	82.835144043	-37.0643501282	0.899489159308	3.0	6.13999986649	21.6000004001	2.0	15.3599996567	0.988761022585	1.0	2
1.0	4201.56835938	10.0	3.0	4412.45654297	3.0	3.0	72.7227996588	0.0	0.998334825039	0.0336530283093	-0.0468510016799	19.3193572394	1.89396206997	-46.813999176	60.7724494934	-61.2382507324	0.188427298367	2.0	7.86000013351	32.0600004196	1.0	17.0599994659	0.930546643758	1.0	2
1.0	7642.35253906	12.0	4.0	3087.47167969	3.0	3.0	51.2199990749	2.28952177993	-0.580207169056	-0.809073746204	-0.0935911238194	45.8438925796	11.9151503421	-55.4650001526	72.8854522705	-53.2632980347	0.660056789652	0.0	0.0	0.0	0.0	0.0	0.999533736542	1.0	2
1.0	6009.12109375	2.0	0.0	390.25100708	1.0	0.0	0.0	10.0	0.0	0.0	0.0	0.0	0.0	0.0	0.0	0.0	2.0	0.0	0.0	0.0	0.0	0.0	5.19273550825e-05	1.0	2
1.0	10193.2226562	8.0	5.0	4467.15283203	10.0	8.0	143.721600085	0.0	-0.0472570136189	0.972106933594	-0.229727894068	35.0514160805	2.18990673371	-34.9000473022	77.3712005615	-52.7021026611	0.906938522899	15.0	1.0	191.580001887	4.0	17.0599994659	0.999943024971	1.0	2
1.0	6111.42236328	3.0	0.0	2916.25805664	2.0	0.0	0.0	10.0	0.0	0.0	0.0	0.0	0.0	0.0	0.0	0.0	2.0	0.0	0.0	0.0	0.0	0.0	5.19273550825e-05	1.0	2
1.0	9666.24121094	7.0	4.0	4822.39599609	5.0	5.0	116.240400314	0.0	0.998335182667	0.0336497686803	-0.046846460551	36.4003525044	26.0493382341	-54.1374511719	82.835144043	-37.0643501282	0.899489159308	6.0	6.13999986649	44.4200010486	3.0	20.4599990845	0.999714702182	1.0	2
1.0	5078.49658203	1.0	1.0	1489.13000488	1.0	1.0	23.6799998283	2.43930935341	-0.593254506588	0.175656586885	0.785616874695	37.4804637267	0.0	-46.0703010559	82.0269012451	-42.1464004517	0.245044696721	0.0	0.0	0.0	0.0	0.0	-1.0	0.0	2
1.0	10195.5458984	5.0	3.0	3190.43676758	5.0	4.0	92.6152002364	0.0	-0.106102958322	0.937805831432	-0.330548554659	25.9153732079	0.0	-32.9535980225	90.9255981445	-27.8227500916	0.839831086064	7.0	9.34000015259	53.7023992389	0.0	27.0400009155	0.983313148891	1.0	2
1.0	3198.06933594	5.0	4.0	4159.02929688	3.0	3.0	59.8800001144	0.0	-0.106013216078	0.937814891338	-0.330551713705	49.5777472251	0.0	-17.4973506927	85.087097168	-52.3728485107	0.960444316568	8.0	10.779999733	91.7966649575	3.0	20.7600002289	0.677742932248	1.0	2
1.0	7946.23144531	6.0	6.0	4744.19140625	7.0	5.0	94.0999999046	0.0	-0.993543982506	-0.113414302468	-0.002752691973	20.1086021724	31.3355369209	-40.174949646	89.5705490112	-23.7673492432	0.0764906799521	5.0	1.22000002861	60.0600010157	1.0	1.22000002861	0.970617354701	1.0	2
1.0	2487.82397461	6.0	5.0	6689.25097656	3.0	1.0	26.8600003719	0.0	0.993542611599	0.113424196839	0.00284272036515	17.0485701518	51.096448088	-48.6865005493	45.7296485901	-62.0622024536	0.0798851077563	6.0	1.22000002861	57.4408008605	3.0	20.7600002289	0.408592805212	1.0	2
1.0	171.403411865	2.0	2.0	3662.69897461	6.0	2.0	26.42000103	0.0	0.106009833515	-0.937814712524	0.330553352833	11.839773566	32.6601873725	-49.2623519897	84.7604980469	-22.4809494019	0.950823696899	1.0	7.36000013351	7.46000003815	0.0	7.36000013351	0.965856518894	1.0	2
1.0	4084.83105469	4.0	4.0	2884.67797852	6.0	5.0	38.1400003433	0.0	-0.106013543904	0.937814474106	-0.330552756786	33.545725219	1.13476339457	-47.9646492004	54.2666015625	-59.8117485046	0.83229782287	6.0	16.4799995422	70.0399985313	4.0	27.2000007629	0.628598855336	1.0	2
1.0	8627.9296875	7.0	7.0	5164.44287109	8.0	6.0	144.575200751	0.0	0.106013216078	-0.937814891338	0.330551713705	34.5905055837	0.0	-44.5907516479	44.5802993774	-61.4887504578	0.153234234699	21.0	1.22000002861	201.804798827	3.0	16.4799995422	0.996863945503	1.0	2
1.0	7710.87548828	2.0	1.0	2376.47363281	3.0	2.0	39.2999998331	0.0	-0.106009885669	0.937815189362	-0.330551832914	35.9303663956	0.0	-46.7973480225	63.7635993958	-52.6882514954	0.262645248336	3.0	18.5400009155	53.2999982834	0.0	26.3199996948	0.77389507585	1.0	2
1.0	5954.26074219	8.0	6.0	4446.51757812	5.0	4.0	98.9200019836	0.0	0.993542611599	0.113424196839	0.00284272036515	31.4252237705	4.06918777072	-48.6865005493	45.7296485901	-62.0622024536	0.0798851077563	6.0	1.22000002861	67.4999982119	2.0	27.2000007629	0.97222877335	1.0	2
1.0	5335.14501953	2.0	0.0	2030.59594727	1.0	0.0	0.0	10.0	0.0	0.0	0.0	0.0	0.0	0.0	0.0	0.0	2.0	0.0	0.0	0.0	0.0	0.0	5.19273550825e-05	0.0	2
1.0	8655.03613281	9.0	6.0	5857.03076172	8.0	5.0	113.779999256	0.0	-0.0588462352753	-0.984737038612	0.16379879415	40.2413368697	2.73702810452	-17.6377487183	88.358505249	-51.1554031372	0.272044697768	4.0	6.44000005722	60.2199978828	2.0	24.7600002289	0.985735012213	1.0	2
1.0	6019.69775391	10.0	7.0	7483.85058594	5.0	3.0	96.8671996593	0.0	-0.0588462352753	-0.984737038612	0.16379879415	38.3904656769	2.73702810452	-17.6377487183	88.358505249	-51.1554031372	0.272044697768	7.0	7.88000011444	102.419998646	3.0	24.7600002289	0.961916528629	1.0	2
1.0	13901.4716797	7.0	5.0	7321.578125	7.0	6.0	169.327199936	0.0	-0.0588462352753	-0.984737038612	0.16379879415	40.2413368697	2.73702810452	-17.6377487183	88.358505249	-51.1554031372	0.272044697768	7.0	4.15999984741	89.8599979877	5.0	24.7600002289	0.999965928347	1.0	2
1.0	11803.5009766	8.0	5.0	5653.19824219	5.0	3.0	106.58719945	0.0	-0.992694556713	0.0704811662436	0.0979279503226	46.6724162878	2.36817081238	-40.11095047	75.6520004272	-57.143699646	0.288565689615	5.0	6.44000005722	42.9399995804	4.0	9.96000003815	0.996897042317	1.0	2
1.0	12122.8867188	9.0	5.0	6894.375	5.0	3.0	102.612800255	0.0	0.0588467232883	0.984721601009	-0.163891464472	52.913590174	1.0281133101	-32.720249176	71.1137008667	-60.2296524048	0.757400815841	14.0	7.59999990463	180.899998188	2.0	9.96000003815	0.999676499884	1.0	2
1.0	6792.85009766	4.0	0.0	2213.87182617	2.0	0.0	0.0	10.0	0.0	0.0	0.0	0.0	0.0	0.0	0.0	0.0	2.0	0.0	0.0	0.0	0.0	0.0	5.19273550825e-05	1.0	2
1.0	9748.578125	7.0	5.0	6387.52636719	6.0	5.0	166.840000987	0.0	-0.0588462352753	-0.984737038612	0.16379879415	40.2413368697	2.73702810452	-17.6377487183	88.358505249	-51.1554031372	0.272044697768	8.0	4.15999984741	102.039999247	3.0	24.7600002289	0.969233866253	1.0	2
1.0	2539.04956055	5.0	4.0	3970.93652344	2.0	2.0	5.92000007629	0.0	0.0588467232883	0.984721601009	-0.163891464472	23.9604324214	1.0281133101	-32.720249176	71.1137008667	-60.2296524048	0.367933105541	10.0	7.59999990463	113.57999897	0.0	25.7800006866	0.230037448001	1.0	2
1.0	9186.5625	5.0	4.0	5399.33740234	4.0	3.0	75.619998455	0.0	-0.992694556713	0.0704811662436	0.0979279503226	48.3542099348	2.36817081238	-40.11095047	75.6520004272	-57.143699646	0.288565689615	10.0	6.44000005722	117.520001888	2.0	9.52000045776	0.98328125753	1.0	2
1.0	5920.08105469	1.0	0.0	1558.91101074	1.0	0.0	0.0	10.0	0.0	0.0	0.0	0.0	0.0	0.0	0.0	0.0	2.0	0.0	0.0	0.0	0.0	0.0	5.19273550825e-05	0.0	3
1.0	14688.171875	17.0	5.0	4919.62597656	4.0	3.0	95.1191985905	0.0	-0.999275743961	-0.0343799777329	-0.0163089688867	47.7542872748	28.4618698181	-49.6784973145	84.854598999	-29.6543502808	0.794233068878	4.0	3.88000011444	47.1200006008	2.0	8.31999969482	0.999956727136	1.0	3
1.0	12172.7783203	13.0	3.0	4972.27294922	3.0	3.0	51.750800252	0.0	0.0314996913075	-0.97603815794	0.215307354927	59.1699711902	10.530698485	-28.3381004333	83.4573516846	-48.4814987183	0.748258306124	15.0	7.07999992371	153.503999524	1.0	7.71999979019	0.98816636486	1.0	3
1.0	13252.9990234	15.0	4.0	3050.25976562	5.0	3.0	57.5392000973	0.0	0.0314996913075	-0.97603815794	0.215307354927	68.6018255366	8.48230252989	-28.3381004333	83.4573516846	-48.4814987183	0.748258306124	3.0	10.8599996567	40.5599994659	2.0	17.9799995422	0.999480974361	1.0	3
1.0	8320.96582031	6.0	0.0	2169.10693359	2.0	0.0	0.0	10.0	0.0	0.0	0.0	0.0	0.0	0.0	0.0	0.0	2.0	0.0	0.0	0.0	0.0	0.0	5.19273550825e-05	1.0	3
1.0	7819.41503906	9.0	2.0	3761.62304688	5.0	3.0	15.7199997902	2.60021341988	0.301948100328	0.654124677181	0.693504333496	58.8943490632	35.2293480252	-57.2450485229	82.0883026123	-10.9869747162	0.976355390983	2.0	27.5	7.46199992299	0.0	28.1000003815	0.975249132248	1.0	3
1.0	530.622558594	2.0	1.0	3995.48999023	3.0	1.0	1.23080003262	0.0	-0.99927598238	-0.0343733206391	-0.0163090005517	4.2389816127	11.871576882	-30.8385009766	77.6654968262	-57.0895500183	0.933275270356	5.0	9.53999996185	56.2599992752	0.0	18.5599994659	0.043478421908	1.0	3
1.0	10666.8076172	12.0	8.0	4818.39794922	5.0	4.0	109.830798745	0.0	0.99927598238	0.0343733206391	0.0163090005517	52.096687882	0.0	-30.8385009766	77.6654968262	-57.0895500183	0.933275270356	7.0	3.88000011444	67.4023998752	2.0	7.71999979019	0.998842430328	1.0	3
1.0	924.432006836	5.0	3.0	1047.13891602	1.0	1.0	5.98000001907	1.32335934279	0.037286888808	-0.775888800621	-0.629766821861	21.1850982303	1.11747186687	-31.4680500031	78.5935974121	-55.2039489746	0.733912412833	6.0	9.53999996185	46.5199995041	1.0	10.8599996567	0.148741924352	1.0	3
1.0	8031.90332031	10.0	4.0	4756.04980469	8.0	6.0	42.2999998331	0.0	0.0315013974905	-0.976038098335	0.215307340026	48.6020921562	1.59123610559	-40.9482002258	60.1394500732	-60.4939002991	0.697742095691	3.0	7.07999992371	24.8000001907	0.0	9.53999996185	0.977504344356	1.0	3
1.0	4219.87792969	1.0	1.0	1998.54711914	1.0	1.0	50.0799994469	2.44179235228	-0.199333995581	0.72068887949	0.663983047009	21.3339610165	2.89635719639	-47.8330497742	64.6669006348	-58.2411499023	0.349076329966	0.0	0.0	0.0	0.0	0.0	-1.0	0.0	3
1.0	21225.4804688	22.0	6.0	6511.37011719	6.0	3.0	163.479999542	0.0	0.0032673520036	0.994233012199	-0.107191734016	70.1380871799	21.0405420255	-62.6968994141	66.5584564209	-43.2935028076	0.891131515343	12.0	4.55999994278	71.905200839	9.0	32.0800018311	0.999999999445	1.0	3
1.0	5316.42138672	6.0	4.0	2155.27319336	5.0	5.0	86.3439997509	0.0	0.00326735060662	0.994232594967	-0.107195578516	34.8987021021	47.0606261223	-55.8881988525	53.5337486267	-56.5429000854	0.676909257813	3.0	16.2399997711	49.5	4.0	18.7000007629	0.991825611264	1.0	3
1.0	11681.1132812	22.0	8.0	4941.58007812	5.0	4.0	182.60400141	0.0	0.00326735060662	0.994232594967	-0.107195578516	44.888581401	1.06660255616	-55.8881988525	53.5337486267	-56.5429000854	0.676909257813	7.0	1.05999994278	63.3400011063	4.0	17.3400001526	0.999350626974	1.0	3
1.0	6100.61669922	2.0	1.0	1984.40600586	2.0	1.0	50.0799994469	2.44179235228	-0.199333995581	0.72068887949	0.663983047009	35.3439755589	2.89635719639	-47.8330497742	64.6669006348	-58.2411499023	0.349076329966	0.0	0.0	0.0	0.0	0.0	0.370046093429	1.0	3
1.0	10985.6669922	9.0	6.0	4954.40234375	6.0	6.0	143.624000199	0.0	-0.99953275919	0.0	-0.0305649135262	61.6814168281	24.3763506474	-35.9773483276	69.2021026611	-62.0834999084	0.983416295501	8.0	14.8400001526	132.679999352	3.0	21.8199996948	0.999372502448	1.0	3
1.0	5546.12841797	5.0	2.0	1292.11413574	2.0	2.0	15.7800002098	0.0	0.999529957771	0.0	0.0306577067822	3.14130189861	2.95472587944	-62.0270500183	74.7240982056	-12.9399499893	0.990679031558	3.0	14.6199998856	52.9399995804	2.0	21.8199996948	0.549030535885	1.0	3
1.0	3139.56518555	3.0	3.0	1750.99914551	4.0	2.0	71.0064000785	0.0	-0.99953275919	0.0	-0.0305649135262	20.6748677074	24.3763506474	-35.9773483276	69.2021026611	-62.0834999084	0.983416295501	4.0	14.8400001526	76.6599998474	0.0	27.5599994659	0.985072901454	1.0	3
1.0	10457.8867188	3.0	1.0	3249.69091797	1.0	1.0	65.8800005913	2.44179235228	-0.199333995581	0.72068887949	0.663983047009	50.6334218559	2.89635719639	-47.8330497742	64.6669006348	-58.2411499023	0.349076329966	0.0	0.0	0.0	0.0	0.0	0.98996842291	1.0	3
1.0	8155.61914062	7.0	4.0	1958.42895508	3.0	2.0	45.3135989979	0.0	0.00326735060662	0.994232594967	-0.107195578516	38.007678638	1.06660255616	-55.8881988525	53.5337486267	-56.5429000854	0.676909257813	2.0	12.5	31.0800008774	2.0	17.3400001526	0.995530402824	1.0	3
1.0	4588.44628906	1.0	1.0	693.955993652	1.0	1.0	3.55999994278	3.53775357258	-0.71118247509	-0.559637308121	0.425471007824	31.7031475547	20.3322592944	-51.8161010742	72.4654541016	-31.0907497406	0.623597908811	0.0	0.0	0.0	0.0	0.0	-1.0	0.0	3
1.0	12097.0917969	21.0	6.0	7628.53271484	7.0	5.0	121.359998465	0.0	-0.995684325695	0.0703828930855	0.060489486903	55.4154751178	16.1929496996	-48.2005500793	66.1283493042	-45.9696006775	0.670939564123	13.0	3.55999994278	173.119999528	2.0	3.55999994278	0.997212087728	1.0	3
1.0	8485.40234375	18.0	2.0	1741.29016113	5.0	2.0	29.5600004196	0.0	-0.995684325695	0.0703828930855	0.060489486903	54.6371112835	2.41768518457	-48.2005500793	66.1283493042	-45.9696006775	0.670939564123	4.0	8.68000030518	47.4600009918	2.0	12.7600002289	0.987745560204	1.0	3
1.0	16038.3603516	20.0	3.0	6171.83105469	6.0	4.0	119.439997911	0.0	-0.995684325695	0.0703828930855	0.060489486903	56.155046294	2.41768518457	-48.2005500793	66.1283493042	-45.9696006775	0.670939564123	5.0	8.68000030518	67.5200014114	1.0	8.68000030518	0.999999931625	1.0	3
1.0	2618.08447266	4.0	3.0	875.153991699	2.0	2.0	20.5600003004	0.0	-0.0707698315382	-0.25029322505	-0.965580105782	29.8527582867	2.14823569834	-34.9174499512	75.8636474609	-44.2308502197	2.0	5.0	12.0	79.359998703	0.0	24.8600006104	0.680779937355	1.0	3
1.0	7489.1171875	8.0	4.0	6437.19824219	6.0	6.0	118.299999475	0.0	0.0535316541791	0.956509411335	-0.286747545004	42.9433430389	2.14823569834	-34.9890518188	75.1983947754	-44.6614990234	0.651731575461	10.0	3.55999994278	114.760001302	4.0	12.7600002289	0.994664379007	1.0	3
1.0	6247.80957031	3.0	0.0	1297.64892578	3.0	0.0	0.0	10.0	0.0	0.0	0.0	0.0	0.0	0.0	0.0	0.0	2.0	0.0	0.0	0.0	0.0	0.0	5.19273550825e-05	1.0	3
1.0	10328.3398438	8.0	3.0	4878.96142578	4.0	4.0	94.4800001383	0.0	0.0707698315382	0.25029322505	0.965580105782	42.4478098088	0.0	-34.9174499512	75.8636474609	-44.2308502197	2.0	7.0	3.55999994278	65.6199998856	2.0	8.68000030518	0.985534428653	1.0	3
1.0	5336.29394531	2.0	1.0	1338.61608887	3.0	1.0	18.7000002861	0.0	0.995689332485	-0.0703902989626	-0.0603980533779	31.9523399253	4.8163109787	-60.350151062	64.8170471191	-28.1369495392	0.904203591949	1.0	8.68000030518	8.68000030518	1.0	8.68000030518	0.253619204851	1.0	3
1.0	10270.0302734	7.0	2.0	4937.27099609	3.0	3.0	108.919999599	0.0	0.053623713553	0.956504404545	-0.286746948957	42.2626280329	17.1336933963	-57.9242019653	77.6365966797	-10.6014003754	0.954117105648	2.0	6.48000001907	14.3000001907	1.0	8.68000030518	0.988062511951	1.0	3
1.0	5336.97851562	3.0	2.0	1254.84399414	1.0	1.0	52.1000013351	2.53862366625	0.0389008894563	0.552553653717	0.832569003105	37.7962266066	22.4656500447	-59.6804504395	71.2594985962	-36.5275001526	0.806559548969	0.0	0.0	0.0	0.0	0.0	-1.0	0.0	3
1.0	20675.1035156	18.0	6.0	3336.59936523	12.0	9.0	216.120000601	0.0	0.0335511751473	0.986688613892	-0.159122362733	52.3138610584	0.950855304605	-33.3915481567	64.2445983887	-62.8724517822	0.277374718204	17.0	4.26000022888	201.540000439	2.0	14.8999996185	0.999999999279	1.0	3
1.0	1254.84399414	1.0	0.0	350.011993408	1.0	0.0	0.0	10.0	0.0	0.0	0.0	0.0	0.0	0.0	0.0	0.0	2.0	0.0	0.0	0.0	0.0	0.0	5.19273550825e-05	1.0	3
1.0	15906.0244141	14.0	6.0	4733.06591797	3.0	3.0	162.779999733	0.0	0.0335540734231	0.986669480801	-0.159240409732	49.3090593621	30.3764357599	-49.264251709	56.4727478027	-59.7031021118	0.215407322784	8.0	4.92000007629	43.7148003578	4.0	13.9799995422	0.9999897347	1.0	3
1.0	10771.0625	5.0	3.0	1776.15100098	3.0	2.0	74.6800012589	0.0	0.758422791958	0.639942467213	-0.123565897346	37.1587484485	9.36109442713	-67.7638473511	56.8591995239	-23.5947494507	0.132661075543	2.0	4.92000007629	2.0748000145	1.0	4.92000007629	0.856401545615	1.0	3
1.0	11690.6767578	11.0	2.0	1648.92602539	3.0	3.0	27.7199993134	0.0	-0.758395433426	-0.639989495277	0.123490028083	55.3758510917	9.57301967716	-68.837348938	55.9533500671	-23.4198989868	0.952300993316	6.0	4.92000007629	86.5000004768	2.0	12.5799999237	0.999574457019	1.0	3
1.0	4888.87060547	4.0	3.0	1485.48254395	4.0	3.0	62.2199993134	0.0	0.0335470549762	0.986689448357	-0.15911783278	39.8867564498	9.31262946945	-43.3450508118	71.5036010742	-53.3611488342	0.769233796464	4.0	7.44000005722	56.4799990654	1.0	7.44000005722	0.935713599993	1.0	3
1.0	11079.2275391	9.0	5.0	2818.80810547	6.0	6.0	109.62000078	0.0	-0.999265670776	0.0309832505882	0.0225430876017	55.1957658341	8.22780069555	-68.8145523071	55.6708526611	-21.8893508911	0.178674045851	10.0	4.92000007629	132.000002384	1.0	7.44000005722	0.999759632723	1.0	3
1.0	7865.65332031	6.0	3.0	2987.67407227	3.0	3.0	90.2200012207	0.0	0.0335540734231	0.986669480801	-0.159240409732	33.2380823092	30.3764357599	-49.264251709	56.4727478027	-59.7031021118	0.215407322784	1.0	5.5	5.82000017166	0.0	5.5	0.91809400219	1.0	3
1.0	13691.0849609	9.0	5.0	2779.69067383	3.0	3.0	99.8000020981	0.0	0.0335499309003	0.986669719219	-0.159239798784	54.9652696264	4.03438848559	-19.4813499451	91.0487518311	-45.2657012939	0.331018822836	3.0	10.5	24.5999994278	0.0	21.2600002289	0.999350625687	1.0	3
1.0	3796.45751953	1.0	1.0	2670.75488281	1.0	1.0	20.3799996376	0.0	-0.999440729618	0.0	0.0334397517145	17.3639867836	3.49966256899	-33.3992996216	83.1384963989	-46.4117965698	0.670194513048	1.0	3.18000006676	3.01999998093	1.0	3.18000006676	-1.0	0.0	3
1.0	18162.3183594	19.0	7.0	5932.01025391	7.0	5.0	138.300002337	0.0	-0.00760412914678	0.965339004993	-0.260888367891	46.7744801584	1.39935984184	-40.4777488708	63.6251525879	-62.3527526855	0.510547970211	13.0	2.42000007629	155.338799834	7.0	23.3199996948	0.999999999996	1.0	3
1.0	7917.34619141	13.0	8.0	6503.74511719	4.0	3.0	62.3199999332	0.0	-0.732273161411	0.663161456585	-0.154896512628	40.5754914444	22.0005155058	-29.881149292	89.8983459473	-30.4771499634	0.667243171857	7.0	2.42000007629	68.2800005674	3.0	18.2199993134	0.99981855556	1.0	3
1.0	8784.19335938	16.0	6.0	5046.47021484	10.0	5.0	64.7000000477	0.0	0.999440729618	0.0	-0.0334397517145	51.7273609359	43.947322701	-51.9547996521	80.6445999146	-20.0818996429	0.764388794616	3.0	2.42000007629	11.0000003576	3.0	22.2800006866	0.983868222287	1.0	3
1.0	9141.36425781	8.0	6.0	8046.23730469	4.0	4.0	160.864398599	0.0	0.999440848827	0.0	-0.0334358774126	44.8974438297	1.92671613503	-45.1294021606	53.7644996643	-64.8934020996	0.824728126337	17.0	3.18000006676	171.119999409	9.0	24.5799999237	0.999806193468	1.0	3
1.0	5156.22900391	4.0	3.0	4014.58007812	5.0	2.0	18.0243996382	0.0	0.00760415848345	-0.965338766575	0.26088938117	29.9092722007	17.2031212279	-34.3109512329	68.0360488892	-60.1763534546	0.886590706344	3.0	8.85999965668	27.1599998474	1.0	8.85999965668	0.996791821655	1.0	3
1.0	3332.08569336	1.0	1.0	2767.15869141	1.0	1.0	20.3799996376	0.0	-0.999440729618	0.0	0.0334397517145	19.288790016	3.49966256899	-33.3992996216	83.1384963989	-46.4117965698	0.670194513048	1.0	3.18000006676	3.01999998093	1.0	3.18000006676	0.0985558316141	1.0	3
1.0	6485.72021484	9.0	5.0	4016.07641602	4.0	3.0	49.6123998202	0.0	0.0077051948756	-0.965312540531	0.2609834373	33.5837191097	17.7048527058	-31.6384010315	86.2866516113	-38.3817977905	0.581687656387	14.0	4.92000007629	156.467206344	5.0	23.3199996948	0.980629924538	1.0	3
1.0	8711.81054688	9.0	5.0	7826.14550781	4.0	3.0	108.207998399	0.0	-0.999440729618	0.0	0.0334397517145	42.3063722807	10.0788885701	-54.0788002014	62.0108985901	-57.8844985962	0.672569715912	13.0	3.18000006676	139.634399429	10.0	24.5200004578	0.999754292787	1.0	3
