valid	volumeS1	connectedComponentsS1	connectedComponentsS1Rel	volumeS2	connectedComponentsS2	connectedComponentsS2Rel	corticalSize	distanceMin	direction_x	direction_y	direction_z	distanceToExtremity1	distanceToExtremity2	gravityCenter_x	gravityCenter_y	gravityCenter_z	corticalDotProduct	junctions	junctionDepthMin	junctionsSize	plisDePassage	plisDePassageDepthMax	Potential	Class	cycle
1.0	1987.03686523	2.0	0.0	333.381011963	1.0	0.0	0.0	10.0	0.0	0.0	0.0	0.0	0.0	0.0	0.0	0.0	2.0	0.0	0.0	0.0	0.0	0.0	1.3370440656e-11	0.0	1
1.0	14156.84375	16.0	3.0	2708.05639648	4.0	3.0	73.0599994659	3.12510482612	0.803545594215	0.266142636538	-0.532430768013	5.57526576136	20.4185490615	-35.3991508484	9.75468063354	38.229347229	0.834854117659	1.0	16.4599990845	5.21999979019	0.0	16.4599990845	0.999996998028	1.0	1
1.0	2257.92407227	6.0	0.0	804.846923828	2.0	0.0	0.0	10.0	0.0	0.0	0.0	0.0	0.0	0.0	0.0	0.0	2.0	0.0	0.0	0.0	0.0	0.0	1.3370440656e-11	1.0	1
1.0	7442.17382812	16.0	1.0	1588.70654297	7.0	1.0	0.0	10.0	0.0	0.0	0.0	0.0	0.0	0.0	0.0	0.0	2.0	2.0	33.3400001526	14.0999999046	0.0	36.4000015259	0.978991819545	1.0	1
1.0	5844.62109375	7.0	1.0	673.606994629	2.0	1.0	6.98000001907	3.90049991827	-0.31335234642	-0.937592923641	0.150763899088	10.2176653539	6.65009977219	-51.6307525635	3.6157951355	34.5541496277	0.447315085091	0.0	0.0	0.0	0.0	0.0	0.5266969716	1.0	1
1.0	8367.77734375	7.0	3.0	1574.63427734	5.0	2.0	45.5799994469	0.0	0.0584601834416	0.987306654453	-0.147675305605	1.77758545201	21.8851056107	-42.3526992798	8.68370437622	37.9231987	0.602801963285	1.0	8.65999984741	9.0	0.0	8.65999984741	0.998398604329	1.0	1
1.0	6782.45996094	8.0	1.0	1269.62402344	3.0	1.0	12.9799995422	3.58146611439	-0.517037093639	-0.85151219368	-0.0871758237481	0.0	18.5936570741	-41.8052978516	-1.198595047	43.8495025635	0.674988856223	0.0	0.0	0.0	0.0	0.0	0.81989158366	1.0	1
1.0	8220.31347656	7.0	3.0	1315.59106445	4.0	3.0	52.5599994659	0.0	0.0584601834416	0.987306654453	-0.147675305605	1.77758545201	12.481251118	-42.3526992798	8.68370437622	37.9231987	0.602801963285	1.0	8.65999984741	9.0	0.0	8.65999984741	0.999108038996	1.0	1
1.0	2355.47998047	5.0	1.0	540.663024902	1.0	1.0	6.98000001907	3.90049991827	-0.31335234642	-0.937592923641	0.150763899088	10.2176653539	6.65009977219	-51.6307525635	3.6157951355	34.5541496277	0.447315085091	0.0	0.0	0.0	0.0	0.0	0.372734614092	1.0	1
1.0	5749.78320312	8.0	3.0	1693.88208008	4.0	2.0	78.9799995422	3.12510482612	0.803545594215	0.266142636538	-0.532430768013	5.57526576136	20.4185490615	-35.3991508484	9.75468063354	38.229347229	0.834854117659	0.0	0.0	0.0	0.0	0.0	0.988668005222	1.0	1
1.0	4703.14257812	1.0	1.0	650.265991211	2.0	1.0	3.5	3.45182561808	-0.104993365705	-0.992561519146	-0.0616277307272	1.05303950884	16.9855234319	-38.2688980103	0.543859958649	43.3711509705	0.382996200405	0.0	0.0	0.0	0.0	0.0	-1.0	0.0	1
1.0	19415.3027344	20.0	7.0	4915.12060547	8.0	6.0	101.840000629	0.0	0.99559533596	-0.0935870185494	0.00560047756881	11.2375500327	0.0	-32.5952987671	9.0543050766	42.129650116	0.538878035644	18.0	7.07999992371	149.299999475	9.0	34.8600006104	0.999999999999	1.0	1
1.0	3463.62060547	1.0	1.0	798.649047852	3.0	1.0	7.63999986649	0.0	0.104946188629	0.992565751076	0.0616399422288	2.78351957261	3.64645360811	-34.2024002075	8.79346466064	40.271900177	0.502708278427	1.0	12.4799995422	12.4799995422	0.0	12.4799995422	0.0658228883625	1.0	1
1.0	11684.6699219	15.0	4.0	5216.1015625	6.0	4.0	6.0	4.11510621945	-0.601394414902	-0.331577450037	0.726898312569	31.3110757282	11.931473086	-21.8061485291	10.502409935	32.3088989258	0.775802309243	8.0	10.3199996948	68.4399995804	4.0	34.8600006104	0.999999982644	1.0	1
1.0	4481.32958984	1.0	1.0	426.07699585	2.0	1.0	1.0	3.45182561808	-0.104993365705	-0.992561519146	-0.0616277307272	1.05303950884	2.95477684203	-38.2688980103	0.543859958649	43.3711509705	0.382996200405	0.0	0.0	0.0	0.0	0.0	0.026361090704	1.0	1
1.0	6301.80615234	6.0	2.0	2506.73583984	5.0	2.0	37.7399997711	1.45122707668	-0.995595932007	0.0935863405466	-0.00550811551511	12.8563609419	15.92701838	-37.2264022827	10.3992500305	43.9831008911	0.264280432921	0.0	0.0	0.0	0.0	0.0	0.976749259645	1.0	1
1.0	5166.41308594	5.0	2.0	1157.26904297	2.0	1.0	10.8800001144	3.43715000105	-0.699130237103	-0.685278058052	-0.203987494111	2.973343349	15.0306886114	-33.8381500244	-2.48962497711	45.9719467163	0.0811709174602	0.0	0.0	0.0	0.0	0.0	0.452462616944	1.0	1
1.0	6819.625	12.0	2.0	2353.87744141	6.0	4.0	22.2000002861	1.45122707668	-0.995595932007	0.0935863405466	-0.00550811551511	4.51778649778	15.92701838	-37.2264022827	10.3992500305	43.9831008911	0.264280432921	2.0	16.9400005341	9.16000008583	0.0	20.2399997711	0.992937585645	1.0	1
1.0	5628.83203125	4.0	1.0	833.157958984	3.0	1.0	3.5	3.45182561808	-0.104993365705	-0.992561519146	-0.0616277307272	1.05303950884	16.9855234319	-38.2688980103	0.543859958649	43.3711509705	0.382996200405	0.0	0.0	0.0	0.0	0.0	0.137550030522	1.0	1
1.0	9260.97070312	9.0	3.0	2801.30224609	6.0	3.0	32.1800003052	0.0	0.99559533596	-0.0935870185494	0.00560047756881	3.32275798628	34.8601510417	-32.5952987671	9.0543050766	42.129650116	0.538878035644	6.0	7.15999984741	55.1599991322	1.0	13.6999998093	0.999940045236	1.0	1
1.0	3287.96899414	1.0	0.0	986.381958008	2.0	0.0	0.0	10.0	0.0	0.0	0.0	0.0	0.0	0.0	0.0	0.0	2.0	0.0	0.0	0.0	0.0	0.0	1.3370440656e-11	0.0	1
1.0	17120.4882812	15.0	3.0	3509.67016602	5.0	5.0	88.1755993366	0.0	-0.999346375465	0.034637324512	0.0103471241891	13.765333129	11.2206850599	-23.7376995087	-0.514335513115	38.4990997314	0.684241418721	6.0	12.8599996567	59.4400011301	2.0	12.8599996567	0.999999999956	1.0	1
1.0	19764.9433594	12.0	6.0	3415.46411133	6.0	6.0	140.15559864	0.0	0.999346375465	-0.034637324512	-0.0103471241891	13.1576378695	11.9262921873	-23.7376995087	-0.514335513115	38.4990997314	0.56630074465	7.0	3.5	55.0115996599	3.0	17.2199993134	0.999999999999	1.0	1
1.0	11352.3886719	18.0	5.0	3898.72241211	7.0	6.0	99.6999983788	0.0	0.999346375465	-0.034637324512	-0.0103471241891	13.1576378695	3.56768494958	-23.7376995087	-0.514335513115	38.4990997314	0.684241418721	9.0	3.5	99.2000018358	3.0	12.9200000763	0.999998316519	1.0	1
1.0	5863.03515625	11.0	2.0	2068.82080078	5.0	3.0	24.0800004005	0.0	0.999346375465	-0.034637324512	-0.0103471241891	13.1576378695	3.56768494958	-23.7376995087	-0.514335513115	38.4990997314	0.56630074465	1.0	3.5	1.12000000477	0.0	3.5	0.912536258215	1.0	1
1.0	6660.90283203	11.0	2.0	2770.10986328	5.0	2.0	18.8000001907	2.79710029249	0.700190842152	-0.278135955334	-0.657550930977	14.6474257625	3.36349631081	-27.0369491577	0.593110442162	41.0771484375	0.41309099814	0.0	0.0	0.0	0.0	0.0	0.999082031301	1.0	1
1.0	5887.90771484	12.0	0.0	1828.72302246	2.0	0.0	0.0	10.0	0.0	0.0	0.0	0.0	0.0	0.0	0.0	0.0	2.0	0.0	0.0	0.0	0.0	0.0	1.3370440656e-11	1.0	1
1.0	9786.64355469	12.0	4.0	3158.98095703	5.0	4.0	99.8399982452	0.0	0.999346375465	-0.034637324512	-0.0103471241891	13.1576378695	3.56768494958	-23.7376995087	-0.514335513115	38.4990997314	0.56630074465	4.0	3.5	23.8000003099	2.0	12.9200000763	0.999999770042	1.0	1
1.0	1041.10302734	4.0	1.0	225.01600647	1.0	1.0	25.2399997711	0.0	-0.999347388744	0.0346350260079	0.0102577246726	2.10728163685	6.54153651564	-42.7926483154	-0.643242001534	40.6429519653	0.742554172663	2.0	6.26000022888	10.4600000381	1.0	6.57999992371	0.381744360704	1.0	1
1.0	7061.80810547	10.0	1.0	1870.78393555	4.0	1.0	9.35999965668	3.37853522055	-0.519882082939	-0.840250551701	0.153953254223	21.4685691719	3.06730881348	-42.4208984375	9.19477462769	42.5549507141	0.411904246506	0.0	0.0	0.0	0.0	0.0	0.999700573591	1.0	1
1.0	2413.43652344	2.0	0.0	973.624816895	2.0	0.0	0.0	10.0	0.0	0.0	0.0	0.0	0.0	0.0	0.0	0.0	2.0	0.0	0.0	0.0	0.0	0.0	1.3370440656e-11	0.0	1
1.0	16511.8457031	23.0	6.0	4217.69775391	7.0	5.0	114.279999256	0.0	-0.046189840883	-0.993750751019	0.101616896689	32.9913740515	11.4613450925	-49.894203186	15.6639995575	36.2615013123	0.982191049866	13.0	8.88000011444	108.52399841	1.0	8.88000011444	0.999999999827	1.0	1
1.0	12689.5751953	21.0	2.0	2179.17285156	6.0	2.0	0.0	10.0	0.0	0.0	0.0	0.0	0.0	0.0	0.0	0.0	2.0	5.0	6.23999977112	34.8199996948	1.0	6.23999977112	0.999994499982	1.0	1
1.0	11088.7910156	22.0	4.0	2802.69213867	6.0	3.0	21.819999218	3.08895610497	0.957909524441	0.286513566971	0.0178688801825	3.04848814174	1.77284668991	-44.3199005127	17.7444992065	39.2072525024	0.350324819207	3.0	14.4200000763	24.9600000381	0.0	22.7199993134	0.999122251139	1.0	1
1.0	3126.60986328	6.0	1.0	532.242614746	2.0	1.0	25.9600000381	3.52168991835	-0.854694664478	-0.259361922741	0.449698120356	10.6975972217	2.09659512804	-33.2873001099	3.946185112	44.0864486694	0.530905318855	0.0	0.0	0.0	0.0	0.0	0.503295982638	1.0	1
1.0	6975.48779297	9.0	4.0	2089.59716797	6.0	3.0	86.5403990746	0.0	-0.046189840883	-0.993750751019	0.101616896689	32.9913740515	11.4613450925	-49.894203186	15.6639995575	36.2615013123	0.982191049866	3.0	8.88000011444	29.0399990082	1.0	8.88000011444	0.997709740497	1.0	1
1.0	2780.01049805	2.0	0.0	973.624816895	2.0	0.0	0.0	10.0	0.0	0.0	0.0	0.0	0.0	0.0	0.0	0.0	2.0	0.0	0.0	0.0	0.0	0.0	1.3370440656e-11	1.0	1
1.0	7507.16455078	7.0	2.0	1918.24584961	5.0	2.0	62.5203995705	0.0	-0.046189840883	-0.993750751019	0.101616896689	32.9913740515	22.1088868699	-49.894203186	15.6639995575	36.2615013123	0.982191049866	2.0	9.18000030518	20.3799991608	0.0	10.3000001907	0.998938846546	1.0	1
1.0	3741.13061523	9.0	1.0	1588.39733887	6.0	1.0	12.6999998093	0.0	-0.046189840883	-0.993750751019	0.101616896689	3.72513956096	22.1088868699	-49.894203186	15.6639995575	36.2615013123	0.982191049866	1.0	10.3000001907	10.9399995804	0.0	10.3000001907	0.634449201477	1.0	1
1.0	6499.23486328	6.0	3.0	1986.34143066	7.0	3.0	75.4199991226	0.0	-0.998025894165	0.0331819616258	-0.0533219575882	2.6712597705	31.6734788734	-49.4742507935	14.2513008118	37.8727493286	0.00431953599514	2.0	9.11999988556	22.1399993896	0.0	10.3000001907	0.998757072936	1.0	1
1.0	4547.35351562	1.0	1.0	1217.34619141	2.0	1.0	40.7999997139	0.0	0.994927048683	0.0	-0.100599057972	7.04023532659	3.86471388558	-23.5767993927	-0.7926030159	47.7593994141	0.32757233109	2.0	5.13999986649	11.0599999428	2.0	5.30000019073	-1.0	0.0	1
1.0	13194.5107422	13.0	2.0	3978.00561523	4.0	2.0	0.0	4.44862904379	-0.724414229393	0.132883101702	0.676436305046	8.43485674064	28.1413424659	-27.6201992035	15.4070005417	26.0874481201	0.69940207446	6.0	8.61999988556	57.0999996662	2.0	10.8800001144	0.99999327377	1.0	1
1.0	21965.7851562	19.0	1.0	3419.39819336	5.0	1.0	0.0	10.0	0.0	0.0	0.0	0.0	0.0	0.0	0.0	0.0	2.0	4.0	15.9399995804	18.7000002861	0.0	18.1000003815	1.0	1.0	1
1.0	14250.6445312	16.0	4.0	3877.37817383	7.0	3.0	55.9000005722	0.0	0.994935333729	0.0	-0.100516974926	4.73649913509	17.1950057673	-35.5970497131	7.96468019485	40.9181518555	0.835662731214	5.0	6.40000009537	44.0999999046	1.0	6.65999984741	0.999958624066	1.0	1
1.0	8090.34716797	4.0	1.0	1524.47436523	3.0	1.0	60.539999485	0.0	0.994927048683	0.0	-0.100599057972	7.04023532659	3.86471388558	-23.5767993927	-0.7926030159	47.7593994141	0.32757233109	2.0	5.13999986649	11.0599999428	2.0	5.30000019073	0.951297850997	1.0	1
1.0	13996.0458984	5.0	2.0	1794.90002441	5.0	2.0	103.080000401	0.0	0.994927048683	0.0	-0.100599057972	7.04023532659	14.8955704483	-23.5767993927	-0.7926030159	47.7593994141	0.32757233109	4.0	5.13999986649	31.8400001526	2.0	5.30000019073	0.999999863328	1.0	1
1.0	6294.84960938	2.0	1.0	1721.50500488	4.0	1.0	50.3399987221	0.0	0.994935870171	0.0	-0.100511498749	11.5837914513	4.92480176717	-25.0468997955	4.13091993332	44.604549408	0.593101562212	2.0	5.13999986649	14.1191997528	1.0	5.13999986649	0.299068241584	1.0	1
1.0	9281.99804688	3.0	1.0	1371.44921875	2.0	1.0	50.3399987221	0.0	0.994935870171	0.0	-0.100511498749	11.5837914513	4.92480176717	-25.0468997955	4.13091993332	44.604549408	0.593101562212	2.0	5.13999986649	14.1191997528	1.0	5.13999986649	0.997414793075	1.0	1
1.0	4894.66503906	2.0	1.0	1524.47436523	3.0	1.0	40.7999997139	0.0	0.994927048683	0.0	-0.100599057972	7.04023532659	3.86471388558	-23.5767993927	-0.7926030159	47.7593994141	0.32757233109	2.0	5.13999986649	11.0599999428	2.0	5.30000019073	0.169727928957	1.0	1
1.0	13424.7255859	6.0	3.0	2299.10253906	4.0	1.0	93.9600000381	0.0	0.00609912816435	-0.998390853405	0.0563784651458	7.16487597437	13.0233413016	-21.8941001892	-2.31468009949	47.6763534546	0.0940453010599	4.0	5.30000019073	33.4191994667	2.0	6.65999984741	0.999996244193	1.0	1
1.0	2382.40698242	1.0	1.0	474.700012207	2.0	1.0	15.779999733	3.12361327875	0.0877528190613	-0.995616972446	0.0323462598026	7.90014098976	2.85471547168	-32.7402992249	2.41553020477	41.2060012817	0.289870501007	0.0	0.0	0.0	0.0	0.0	-1.0	0.0	1
1.0	13613.9541016	19.0	4.0	3221.34594727	7.0	5.0	32.1399993896	0.0	-0.0429126918316	-0.985966444016	0.161334201694	2.74690622252	34.0063929437	-47.5716018677	15.6042995453	31.5830001831	0.612716308312	6.0	4.80000019073	66.1400003433	1.0	8.64000034332	0.999999571774	1.0	1
1.0	6789.46728516	10.0	1.0	598.625976562	3.0	1.0	15.779999733	3.12361327875	0.0877528190613	-0.995616972446	0.0323462598026	7.90014098976	15.6712339906	-32.7402992249	2.41553020477	41.2060012817	0.289870501007	0.0	0.0	0.0	0.0	0.0	0.962620494624	1.0	1
1.0	15895.9453125	20.0	3.0	2699.3359375	6.0	3.0	46.4000000954	0.0	-0.0429136566818	-0.985951304436	0.16142629087	14.1069331071	9.75125231322	-29.2074012756	9.36172485352	35.5825500488	0.793643744395	4.0	4.80000019073	40.759999752	0.0	10.6400003433	0.999999993479	1.0	1
1.0	3490.46411133	7.0	0.0	1511.79394531	3.0	0.0	0.0	10.0	0.0	0.0	0.0	0.0	0.0	0.0	0.0	0.0	2.0	0.0	0.0	0.0	0.0	0.0	1.3370440656e-11	1.0	1
1.0	4288.63867188	5.0	1.0	1456.1920166	3.0	1.0	19.9200000763	0.0	0.998987734318	-0.0365903154016	0.0261648334563	21.4168232698	15.8190799433	-21.3001499176	3.36155509949	34.1288986206	0.026205978736	0.0	0.0	0.0	1.0	10.9799995422	0.997115517971	1.0	1
1.0	4180.03710938	4.0	1.0	2181.23608398	3.0	1.0	21.2399997711	3.12361327875	0.0877528190613	-0.995616972446	0.0323462598026	7.90014098976	2.85471547168	-32.7402992249	2.41553020477	41.2060012817	0.289870501007	0.0	0.0	0.0	0.0	0.0	0.822529274164	1.0	1
1.0	5015.92871094	8.0	2.0	996.709960938	2.0	1.0	37.259999752	0.0	-0.0429126918316	-0.985966444016	0.161334201694	16.0434851226	4.72753979126	-47.5716018677	15.6042995453	31.5830001831	0.612716308312	1.0	8.64000034332	9.03999996185	1.0	8.64000034332	0.983936010947	1.0	1
1.0	6417.93847656	6.0	1.0	2531.78515625	5.0	3.0	66.2999997139	0.0	0.998987734318	-0.0365903154016	0.0261648334563	21.4168232698	15.8190799433	-21.3001499176	3.36155509949	34.1288986206	0.026205978736	0.0	0.0	0.0	1.0	10.9799995422	0.999868885243	1.0	1
1.0	6659.06689453	8.0	3.0	3317.78295898	6.0	4.0	67.9200005531	0.0	-0.0429126918316	-0.985966444016	0.161334201694	2.74690622252	34.0063929437	-47.5716018677	15.6042995453	31.5830001831	0.612716308312	2.0	8.64000034332	18.5399999619	3.0	14.6199998856	0.999953021156	1.0	1
1.0	2136.16503906	1.0	0.0	577.224914551	3.0	0.0	0.0	10.0	0.0	0.0	0.0	0.0	0.0	0.0	0.0	0.0	2.0	0.0	0.0	0.0	0.0	0.0	1.3370440656e-11	0.0	1
1.0	9497.81054688	23.0	4.0	1426.96862793	4.0	4.0	32.5799999237	3.66112004866	-0.892957627773	-0.449930012226	-0.0137721886858	2.94555822338	2.63883485371	-49.2160491943	4.04912471771	40.7882003784	0.576901825971	4.0	6.32000017166	33.1999998093	1.0	11.3999996185	0.997468688684	1.0	1
1.0	8513.90917969	23.0	2.0	975.250366211	3.0	1.0	53.6000003815	3.67964668008	0.807370245457	0.560975909233	-0.182918801904	4.11637296999	2.56128661732	-36.670249939	12.8089256287	39.2741508484	0.925236633382	0.0	0.0	0.0	0.0	0.0	0.979143079513	1.0	1
1.0	11846.1503906	25.0	5.0	2316.02758789	4.0	2.0	87.8800001144	2.53282455639	0.499159574509	-0.699076116085	0.511988520622	20.9093683072	16.1656955164	-32.7548980713	20.413848877	33.7525482178	0.332810144066	5.0	13.9799995422	36.200800404	1.0	14.5799999237	0.999886118063	1.0	1
1.0	4228.62988281	8.0	0.0	279.3203125	3.0	0.0	0.0	10.0	0.0	0.0	0.0	0.0	0.0	0.0	0.0	0.0	2.0	0.0	0.0	0.0	0.0	0.0	1.3370440656e-11	1.0	1
1.0	6042.42285156	10.0	0.0	834.219360352	3.0	0.0	0.0	10.0	0.0	0.0	0.0	0.0	0.0	0.0	0.0	0.0	2.0	0.0	0.0	0.0	0.0	0.0	1.3370440656e-11	1.0	1
1.0	6939.91015625	8.0	2.0	1518.30322266	7.0	3.0	76.2999992371	2.53282455639	0.499159574509	-0.699076116085	0.511988520622	20.9093683072	16.1656955164	-32.7548980713	20.413848877	33.7525482178	0.332810144066	0.0	0.0	0.0	0.0	0.0	0.997468688611	1.0	1
1.0	5830.31738281	11.0	2.0	1221.75231934	6.0	2.0	56.3999996185	2.53282455639	0.499159574509	-0.699076116085	0.511988520622	20.9093683072	16.1656955164	-32.7548980713	20.413848877	33.7525482178	0.332810144066	0.0	0.0	0.0	0.0	0.0	0.974968269118	1.0	1
1.0	2592.70117188	4.0	0.0	577.224914551	3.0	0.0	0.0	10.0	0.0	0.0	0.0	0.0	0.0	0.0	0.0	0.0	2.0	0.0	0.0	0.0	0.0	0.0	1.3370440656e-11	1.0	1
1.0	7183.08447266	8.0	2.0	1282.23522949	6.0	2.0	42.9200000763	3.66112004866	-0.892957627773	-0.449930012226	-0.0137721886858	2.94555822338	2.63883485371	-49.2160491943	4.04912471771	40.7882003784	0.576901825971	0.0	0.0	0.0	0.0	0.0	0.9986898145	1.0	1
1.0	4447.47167969	1.0	1.0	481.887023926	2.0	1.0	3.75999999046	3.37431469777	-0.698047220707	-0.70921677351	0.0986998975277	2.12505768384	14.7952568244	-51.9101028442	3.17176055908	40.0755996704	0.385743566681	0.0	0.0	0.0	0.0	0.0	-1.0	0.0	1
1.0	19652.6601562	13.0	4.0	3432.53100586	8.0	4.0	51.2399992943	0.0	-0.0265243332833	-0.970082998276	0.241320103407	31.6387829761	23.5239094104	-46.7632980347	20.3689994812	28.8419494629	0.769674142992	6.0	6.51999998093	53.5600004196	2.0	14.8400001526	0.999999999998	1.0	1
1.0	4122.95117188	1.0	1.0	806.406982422	3.0	1.0	23.599998951	0.0	-0.0265243332833	-0.970082998276	0.241320103407	8.22804442309	0.0	-46.7632980347	20.3689994812	28.8419494629	0.769674142992	2.0	8.60000038147	22.4800004959	0.0	15.1599998474	0.214161642854	1.0	1
1.0	19918.3007812	10.0	3.0	3137.16625977	8.0	4.0	72.3599984646	0.0	-0.0265243332833	-0.970082998276	0.241320103407	31.6387829761	23.5239094104	-46.7632980347	20.3689994812	28.8419494629	0.769674142992	3.0	8.60000038147	35.5200004578	0.0	15.1599998474	1.0	1.0	1
1.0	6080.85595703	5.0	0.0	898.142944336	4.0	0.0	0.0	10.0	0.0	0.0	0.0	0.0	0.0	0.0	0.0	0.0	2.0	0.0	0.0	0.0	0.0	0.0	1.3370440656e-11	1.0	1
1.0	3985.90625	2.0	2.0	515.888977051	2.0	1.0	41.7599987984	0.0	-0.0265243332833	-0.970082998276	0.241320103407	30.2188930426	0.0	-46.7632980347	20.3689994812	28.8419494629	0.769674142992	2.0	8.60000038147	22.4800004959	0.0	15.1599998474	0.288226037659	1.0	1
1.0	8673.4296875	9.0	3.0	1479.73791504	4.0	2.0	70.0399987698	0.0	-0.0265243332833	-0.970082998276	0.241320103407	31.6387829761	0.0	-46.7632980347	20.3689994812	28.8419494629	0.45730318842	1.0	8.60000038147	8.88000011444	0.0	8.60000038147	0.999492697608	1.0	1
1.0	4585.24853516	3.0	1.0	324.519989014	1.0	1.0	5.71999979019	0.0	-0.0265243332833	-0.970082998276	0.241320103407	23.239971018	0.0	-46.7632980347	20.3689994812	28.8419494629	0.769674142992	1.0	15.1599998474	13.6000003815	0.0	15.1599998474	0.886224571655	1.0	1
1.0	11550.8320312	6.0	2.0	1380.58898926	4.0	2.0	62.4399988651	0.0	-0.0265243332833	-0.970082998276	0.241320103407	31.6387829761	0.0	-46.7632980347	20.3689994812	28.8419494629	0.769674142992	2.0	8.60000038147	22.4800004959	0.0	15.1599998474	0.999990019394	1.0	1
1.0	3288.03466797	1.0	1.0	783.244995117	2.0	1.0	10.3999996185	3.30112100692	0.422487705946	-0.795067071915	0.435169577599	2.01047003218	2.25512492354	-31.670999527	11.8509349823	48.2050018311	0.338319145256	0.0	0.0	0.0	0.0	0.0	-1.0	0.0	1
1.0	12468.984375	29.0	4.0	2861.3762207	10.0	5.0	40.5999994278	1.50169904169	0.837125658989	-0.546938717365	0.00886899791658	22.2926749513	27.7187844265	-29.9052009583	18.6427001953	35.2055969238	0.375850085941	9.0	13.3199996948	50.2300005648	4.0	21.8400001526	0.999999692395	1.0	1
1.0	17272.4511719	27.0	6.0	3800.31640625	8.0	5.0	38.9199988842	0.0	-0.0849894434214	-0.953420579433	0.289423525333	3.08629818625	29.8141330243	-61.1229019165	-3.82321500778	21.1403999329	0.0579908896567	11.0	9.23999977112	61.4616102558	3.0	21.5599994659	0.999999999907	1.0	1
1.0	13278.1845703	28.0	4.0	1674.03662109	8.0	4.0	42.3400001526	0.0	-0.0849858522415	-0.953450262547	0.289326906204	33.1949722899	36.5388533061	-43.4519004822	19.2617988586	40.4966506958	0.966960788643	5.0	9.64000034332	34.9400002956	2.0	14.9200000763	0.999999999717	1.0	1
1.0	5718.27246094	7.0	2.0	1646.67810059	7.0	3.0	48.6399993896	1.50169904169	0.837125658989	-0.546938717365	0.00886899791658	22.2926749513	27.7187844265	-29.9052009583	18.6427001953	35.2055969238	0.375850085941	1.0	13.5	2.03999996185	1.0	13.5	0.989137670177	1.0	1
1.0	4108.9453125	9.0	1.0	1996.2590332	8.0	2.0	10.279999733	0.0	-0.0849858522415	-0.953450262547	0.289326906204	3.56330332966	36.5388533061	-43.4519004822	19.2617988586	40.4966506958	0.966960788643	1.0	9.64000034332	8.22000026703	0.0	9.64000034332	0.99451261084	1.0	1
1.0	2009.7800293	1.0	1.0	574.974975586	2.0	1.0	9.31999969482	0.0	-0.0849937275052	-0.953441381454	0.289353698492	1.02124741682	1.02124741682	-33.9917984009	19.7613487244	34.0754508972	0.56329129549	1.0	8.39999961853	8.46000003815	1.0	8.39999961853	0.0513707460656	1.0	1
1.0	5494.87060547	10.0	2.0	1437.50109863	6.0	2.0	18.3199996948	0.0	-0.0849858522415	-0.953450262547	0.289326906204	3.56330332966	36.5388533061	-43.4519004822	19.2617988586	40.4966506958	0.966960788643	1.0	9.64000034332	8.22000026703	0.0	9.64000034332	0.997693603327	1.0	1
1.0	6527.81738281	9.0	2.0	1115.38098145	4.0	1.0	23.8799991608	3.031649691	0.422189414501	-0.893771588802	-0.151421681046	1.77686624743	14.9615175643	-41.2473526001	2.62776017189	46.4238510132	0.385580453199	0.0	0.0	0.0	0.0	0.0	0.998938844686	1.0	1
1.0	4880.14306641	8.0	1.0	740.842651367	4.0	1.0	20.6000003815	2.13384157723	0.357433289289	-0.912472426891	0.19908683002	2.65942924679	2.65946057046	-18.2633514404	-2.85782051086	43.9253501892	0.401669201202	0.0	0.0	0.0	0.0	0.0	0.977050249121	1.0	1
1.0	3010.19580078	1.0	0.0	571.881225586	1.0	0.0	0.0	10.0	0.0	0.0	0.0	0.0	0.0	0.0	0.0	0.0	2.0	0.0	0.0	0.0	0.0	0.0	1.3370440656e-11	0.0	1
1.0	14840.9638672	26.0	2.0	4551.46875	6.0	2.0	15.3599998951	2.87018995527	-0.769107580185	-0.638657152653	0.0243019424379	14.3835779444	28.9771441223	-46.118850708	12.6096744537	46.644203186	0.726474356923	3.0	5.30000019073	27.1799998283	1.0	6.84000015259	0.99999968369	1.0	1
1.0	18118.0351562	27.0	3.0	3861.06005859	8.0	2.0	79.3600001335	0.0	0.0411596857011	0.99455755949	-0.0957140624523	23.4404678384	5.14870511719	-25.4440498352	8.16984558105	39.7508010864	0.610826038955	3.0	3.29999995232	25.2200000286	2.0	12.1199998856	0.999999999976	1.0	1
1.0	19461.2363281	25.0	2.0	5347.41845703	8.0	2.0	27.7000000477	0.0	0.998190522194	-0.028719285503	0.0528283789754	8.85886838038	12.0035932343	-37.3538970947	11.2271499634	44.4306488037	0.125542337996	1.0	8.02000045776	16.2600002289	0.0	8.02000045776	1.0	1.0	1
1.0	6736.33837891	11.0	1.0	409.760986328	2.0	1.0	8.64000034332	3.4866316121	-0.826110959053	-0.311603665352	-0.469514518976	9.5080734542	1.72296689157	-49.5208511353	-3.16227006912	42.4481506348	0.30339935364	0.0	0.0	0.0	0.0	0.0	0.998653253158	1.0	1
1.0	9856.98144531	11.0	1.0	487.537231445	3.0	2.0	20.3600006104	0.0	0.0412721149623	0.994553029537	-0.0957126244903	1.36269013561	14.5895025256	-41.5800018311	-8.37965011597	43.3591995239	0.166575575378	1.0	10.5200004578	10.5200004578	1.0	10.5200004578	0.999943045755	1.0	1
1.0	5435.56494141	5.0	2.0	571.881225586	1.0	1.0	15.3599998951	2.87018995527	-0.769107580185	-0.638657152653	0.0243019424379	5.61234995644	2.22836592004	-46.118850708	12.6096744537	46.644203186	0.726474356923	0.0	0.0	0.0	0.0	0.0	0.652639372548	1.0	1
1.0	9178.53320312	9.0	2.0	1191.46020508	4.0	2.0	36.2999994755	0.0	0.998190522194	-0.028719285503	0.0528283789754	1.72304236257	14.5945567118	-37.3538970947	11.2271499634	44.4306488037	0.820060452938	1.0	13.0	13.279999733	0.0	13.0	0.999875774996	1.0	1
1.0	4904.31933594	6.0	0.0	487.537231445	3.0	0.0	0.0	10.0	0.0	0.0	0.0	0.0	0.0	0.0	0.0	0.0	2.0	0.0	0.0	0.0	0.0	0.0	1.3370440656e-11	1.0	1
1.0	10032.3056641	9.0	2.0	981.642211914	3.0	1.0	47.4999992847	2.37262305725	-0.71775585413	-0.50260668993	-0.481884896755	10.1556476744	9.48255459524	-43.4557495117	4.93411493301	48.9270515442	0.985280411471	0.0	0.0	0.0	0.0	0.0	0.999898680983	1.0	1
1.0	4122.74609375	1.0	1.0	788.295410156	2.0	2.0	16.0599997044	3.35308817393	0.291134089231	-0.920848548412	0.259381592274	2.62669987594	3.12197845765	-35.4348487854	4.99822425842	44.8563499451	0.0204680000914	0.0	0.0	0.0	0.0	0.0	-1.0	0.0	1
1.0	22481.2304688	19.0	3.0	1878.40124512	6.0	5.0	46.1199994087	0.0	-0.999506294727	-0.0310245361179	-0.00496500777081	1.71879390533	15.2812246418	-24.471698761	3.3361749649	35.245552063	0.972939158399	4.0	7.63999986649	35.3800010681	2.0	8.64000034332	1.0	1.0	1
1.0	4282.30859375	6.0	2.0	813.581298828	3.0	3.0	35.220000267	0.0	-0.999506294727	-0.0310243554413	-0.00496499799192	0.985931094671	14.7218760339	-31.3027000427	-1.05144500732	46.5906524658	0.837782085556	1.0	1.39999997616	0.0	1.0	1.39999997616	0.623829099242	1.0	1
1.0	21038.8984375	21.0	5.0	3062.75683594	6.0	4.0	76.4400005341	0.0	-0.999506294727	-0.0310243554413	-0.00496499799192	0.985931094671	14.7218760339	-31.3027000427	-1.05144500732	46.5906524658	0.837782085556	9.0	1.39999997616	54.0732009262	5.0	16.0599994659	1.0	1.0	1
1.0	1225.34997559	1.0	0.0	694.593505859	3.0	0.0	0.0	10.0	0.0	0.0	0.0	0.0	0.0	0.0	0.0	0.0	2.0	0.0	0.0	0.0	0.0	0.0	1.3370440656e-11	1.0	1
1.0	7280.50097656	7.0	2.0	1439.99023438	6.0	2.0	24.4599995613	0.0	0.999503612518	0.0310949087143	0.0050615798682	23.4194274116	22.7306044718	-30.6266002655	10.506149292	36.0932998657	0.321311672191	1.0	12.1800003052	11.5	1.0	12.1800003052	0.998651288959	1.0	1
1.0	6330.58398438	6.0	2.0	1260.7557373	6.0	4.0	70.8600003719	0.0	-0.999506294727	-0.0310243554413	-0.00496499799192	0.985931094671	28.5375531826	-31.3027000427	-1.05144500732	46.5906524658	0.837782085556	1.0	1.39999997616	0.0	1.0	1.39999997616	0.931308490253	1.0	1
1.0	6264.79296875	9.0	0.0	288.695007324	2.0	0.0	0.0	10.0	0.0	0.0	0.0	0.0	0.0	0.0	0.0	0.0	2.0	0.0	0.0	0.0	0.0	0.0	1.3370440656e-11	1.0	1
1.0	5834.78808594	4.0	2.0	1181.87548828	4.0	3.0	31.9799993038	0.0	0.999503612518	0.0310949087143	0.0050615798682	12.1221496006	2.4033048627	-30.6266002655	10.506149292	36.0932998657	0.321311672191	2.0	8.64000034332	20.0399999619	2.0	12.1800003052	0.910605241403	1.0	1
1.0	6418.45019531	7.0	2.0	1317.57006836	5.0	2.0	20.6999998093	1.18130437938	0.727521240711	-0.658509254456	0.192557528615	15.1730221882	3.27886505835	-38.6053009033	12.1494503021	41.3694496155	0.819538322109	0.0	0.0	0.0	0.0	0.0	0.998011643935	1.0	1
1.0	3103.28393555	2.0	0.0	540.275817871	1.0	0.0	0.0	10.0	0.0	0.0	0.0	0.0	0.0	0.0	0.0	0.0	2.0	0.0	0.0	0.0	0.0	0.0	1.3370440656e-11	0.0	1
1.0	10130.6806641	19.0	3.0	2260.47216797	5.0	5.0	49.9400005341	0.0	0.0130398273468	-0.976930439472	0.213159248233	8.96218115832	14.9554213138	-46.0530509949	1.01189208031	43.2868003845	0.0552479177524	8.0	8.27999973297	63.0999994278	6.0	29.4200000763	0.999477155553	1.0	1
1.0	5539.58691406	20.0	3.0	2711.15991211	4.0	4.0	48.7600002289	0.0	0.0130398273468	-0.976930439472	0.213159248233	8.96218115832	23.6841890521	-46.0530509949	1.01189208031	43.2868003845	0.0552479177524	9.0	8.27999973297	58.0399999619	7.0	29.5200004578	0.920455078433	1.0	1
1.0	14825.4482422	20.0	5.0	3400.11401367	5.0	4.0	104.120000601	0.0	0.0130398273468	-0.976930439472	0.213159248233	8.96218115832	23.6841890521	-46.0530509949	1.01189208031	43.2868003845	0.0552479177524	10.0	8.27999973297	65.2599990368	6.0	27.4400005341	0.999999995107	1.0	1
1.0	8279.03808594	6.0	3.0	1991.79992676	4.0	3.0	44.4000003338	0.0	-0.711412012577	0.695829749107	-0.0985590592027	0.0	11.505458693	-41.2037963867	14.609749794	39.9382019043	0.677398847054	1.0	9.02000045776	7.46000003815	0.0	9.02000045776	0.994412554768	1.0	1
1.0	7035.98339844	11.0	2.0	1586.79516602	5.0	3.0	71.7399997115	0.0	0.0130398273468	-0.976930439472	0.213159248233	13.1916639515	14.9554213138	-46.0530509949	1.01189208031	43.2868003845	0.0552479177524	2.0	8.27999973297	13.9600000381	0.0	8.27999973297	0.996177940394	1.0	1
1.0	2593.99145508	6.0	1.0	470.430786133	2.0	2.0	25.0	0.0	-0.711412012577	0.695829749107	-0.0985590592027	0.0	0.0	-41.2037963867	14.609749794	39.9382019043	0.677398847054	1.0	9.02000045776	7.46000003815	0.0	9.02000045776	0.747020011624	1.0	1
1.0	9005.66992188	7.0	3.0	1574.53491211	3.0	2.0	66.4800002575	2.80338905477	0.657871186733	0.240629091859	-0.713654756546	1.85591498616	3.2417901844	-33.2751998901	14.1174497604	41.8460006714	0.634612976484	0.0	0.0	0.0	0.0	0.0	0.999101486505	1.0	1
1.0	6298.97021484	8.0	2.0	540.275817871	1.0	1.0	62.6200007796	2.8929033528	-0.642058193684	0.71591848135	0.274266302586	2.9949046735	13.6150505834	-36.580947876	-1.33250498772	47.8846511841	0.264684316742	0.0	0.0	0.0	0.0	0.0	0.896270236177	1.0	1
1.0	8197.36035156	8.0	3.0	2219.08666992	5.0	2.0	53.9000005722	2.80338905477	0.657871186733	0.240629091859	-0.713654756546	1.85591498616	3.2417901844	-33.2751998901	14.1174497604	41.8460006714	0.634612976484	0.0	0.0	0.0	0.0	0.0	0.987452837081	1.0	1
1.0	2726.47485352	1.0	0.0	163.343002319	1.0	0.0	0.0	10.0	0.0	0.0	0.0	0.0	0.0	0.0	0.0	0.0	2.0	0.0	0.0	0.0	0.0	0.0	1.3370440656e-11	0.0	1
1.0	9391.64355469	24.0	3.0	2641.09057617	5.0	3.0	37.259999752	3.09889333107	-0.767083704472	0.365236371756	0.527432441711	2.3713797338	18.0507013762	-23.1506004333	3.24206495285	35.712097168	0.439369704361	1.0	22.2199993134	7.8407998085	0.0	22.2199993134	0.99870355013	1.0	1
1.0	3212.6574707	9.0	0.0	1175.54101562	4.0	0.0	0.0	10.0	0.0	0.0	0.0	0.0	0.0	0.0	0.0	0.0	2.0	0.0	0.0	0.0	0.0	0.0	1.3370440656e-11	1.0	1
1.0	13492.7910156	18.0	3.0	3091.12133789	5.0	4.0	22.5799999237	0.0	0.00915050692856	-0.994012951851	0.108878672123	34.4599191988	25.9785930296	-46.888999939	10.6035995483	38.0897979736	0.300163126417	4.0	7.57999992371	36.180000186	2.0	17.5400009155	0.999992127796	1.0	1
1.0	4102.03125	9.0	0.0	658.192993164	1.0	0.0	0.0	10.0	0.0	0.0	0.0	0.0	0.0	0.0	0.0	0.0	2.0	0.0	0.0	0.0	0.0	0.0	1.3370440656e-11	1.0	1
1.0	6038.51806641	5.0	3.0	1328.7220459	4.0	3.0	39.0799999237	0.0	-0.00915050692856	0.994012951851	-0.108878672123	2.21193474189	15.1472308341	-46.888999939	10.6035995483	38.0897979736	0.369519148038	2.0	10.3000001907	12.7799996138	1.0	15.0200004578	0.991903933001	1.0	1
1.0	3432.15380859	7.0	1.0	52.4203987122	1.0	1.0	9.56000041962	3.53646721743	0.669183373451	-0.540657520294	-0.509787261486	0.0	0.0	-22.0418014526	-7.26241016388	42.24974823	0.515145366564	0.0	0.0	0.0	0.0	0.0	0.192678059004	1.0	1
1.0	6127.13085938	10.0	1.0	1000.87139893	3.0	3.0	57.07999897	2.76339105588	-0.669199407101	-0.223354414105	0.708720684052	19.7812871572	26.5249165728	-36.2106018066	11.314699173	39.28150177	0.549873055479	0.0	0.0	0.0	0.0	0.0	0.970383611377	1.0	1
1.0	3748.12890625	4.0	1.0	1000.87139893	3.0	3.0	57.07999897	2.76339105588	-0.669199407101	-0.223354414105	0.708720684052	19.7812871572	26.5249165728	-36.2106018066	11.314699173	39.28150177	0.549873055479	0.0	0.0	0.0	0.0	0.0	0.7272433802	1.0	1
1.0	5652.80419922	9.0	2.0	696.686401367	4.0	1.0	28.6199998856	3.1682170954	0.679604589939	-0.714483678341	0.166284963489	31.48074651	16.4668494151	-36.1213989258	18.7545509338	33.7451477051	0.601670930639	0.0	0.0	0.0	0.0	0.0	0.97787275034	1.0	1
1.0	3862.81030273	1.0	0.0	595.752990723	1.0	0.0	0.0	10.0	0.0	0.0	0.0	0.0	0.0	0.0	0.0	0.0	2.0	0.0	0.0	0.0	0.0	0.0	1.3370440656e-11	0.0	1
1.0	13478.0351562	20.0	3.0	1640.49194336	3.0	3.0	19.8400006294	0.0	0.0472533926368	-0.972082316875	0.229832753539	2.12153055649	36.2211098685	-51.6459503174	0.88338547945	37.4188499451	0.89041184302	6.0	7.78000020981	40.9400000572	2.0	8.30000019073	0.999993196499	1.0	1
1.0	14677.0644531	15.0	3.0	2015.98803711	3.0	3.0	48.7999997139	2.92367742911	0.996644675732	-0.0794232785702	-0.0197828821838	4.10540690983	19.4088178445	-38.1919021606	11.8201503754	39.1480484009	0.999843924134	6.0	6.42000007629	37.6343998909	0.0	17.8600006104	0.999999947055	1.0	1
1.0	17344.1054688	18.0	4.0	1533.64208984	2.0	2.0	57.6400003433	0.0	-0.0472534149885	0.972083210945	-0.229829028249	17.7752865424	20.3175689744	-34.0126495361	10.4486150742	36.0740509033	0.928305679467	7.0	6.42000007629	46.9344000816	1.0	10.8800001144	0.999999999924	1.0	1
1.0	4783.82177734	3.0	1.0	1030.07397461	2.0	1.0	40.1599998474	3.41010269525	-0.618610918522	-0.756120383739	-0.21354739368	3.96391944089	21.7820100508	-32.4954490662	-9.17391490936	41.5000495911	0.753950467622	0.0	0.0	0.0	0.0	0.0	0.660720821472	1.0	1
1.0	5757.9296875	2.0	1.0	595.752990723	1.0	1.0	4.28000020981	3.11657020365	-0.641250669956	-0.702922284603	-0.307730138302	0.0	2.12153055649	-46.4371490479	4.85099983215	38.7000007629	0.754197168862	0.0	0.0	0.0	0.0	0.0	0.9757173429	1.0	1
1.0	4068.59594727	2.0	0.0	595.752990723	1.0	0.0	0.0	10.0	0.0	0.0	0.0	0.0	0.0	0.0	0.0	0.0	2.0	0.0	0.0	0.0	0.0	0.0	1.3370440656e-11	1.0	1
1.0	8390.86230469	7.0	2.0	1276.38891602	3.0	2.0	39.1799998283	0.0	-0.0472534149885	0.972083210945	-0.229829028249	10.2987462515	0.0	-34.0126495361	10.4486150742	36.0740509033	0.928305679467	1.0	10.8800001144	9.30000019073	1.0	10.8800001144	0.999992713684	1.0	1
1.0	1282.50598145	3.0	0.0	595.752990723	1.0	0.0	0.0	10.0	0.0	0.0	0.0	0.0	0.0	0.0	0.0	0.0	2.0	0.0	0.0	0.0	0.0	0.0	1.3370440656e-11	1.0	1
1.0	8402.59472656	6.0	4.0	1300.42199707	3.0	2.0	97.4599995613	0.0	0.0472569465637	-0.972107470036	0.229725643992	32.063062697	0.992482746733	-34.6844482422	20.2365989685	28.9103012085	0.985359406063	2.0	10.8800001144	18.9600000381	2.0	11.2399997711	0.999962667318	1.0	1
1.0	3767.67993164	1.0	0.0	641.479675293	2.0	0.0	0.0	10.0	0.0	0.0	0.0	0.0	0.0	0.0	0.0	0.0	2.0	0.0	0.0	0.0	0.0	0.0	1.3370440656e-11	0.0	1
1.0	8336.50097656	16.0	1.0	1060.26086426	5.0	1.0	0.0	10.0	0.0	0.0	0.0	0.0	0.0	0.0	0.0	0.0	2.0	1.0	21.2999992371	8.39999961853	0.0	21.2999992371	0.966803505961	1.0	1
1.0	17254.3613281	18.0	1.0	4030.73730469	4.0	1.0	34.6800003052	1.26436547608	-0.624472379684	-0.745576679707	0.232700660825	2.04082315413	18.4109344304	-46.1738510132	11.5358505249	40.7196998596	0.43193549317	0.0	0.0	0.0	0.0	0.0	0.999999999973	1.0	1
1.0	12368.1425781	18.0	1.0	1996.6784668	6.0	1.0	34.6800003052	1.26436547608	-0.624472379684	-0.745576679707	0.232700660825	37.7685499189	18.4109344304	-46.1738510132	11.5358505249	40.7196998596	0.43193549317	0.0	0.0	0.0	0.0	0.0	0.999945965927	1.0	1
1.0	6127.18554688	4.0	1.0	2555.13964844	4.0	2.0	27.4400005341	2.83422127068	-0.620133221149	-0.742758095264	-0.252478033304	13.0472311752	30.4315662162	-46.3684005737	3.24833059311	42.9442520142	0.74704830896	0.0	0.0	0.0	0.0	0.0	0.991072814338	1.0	1
1.0	7392.51269531	5.0	1.0	2555.13964844	4.0	2.0	27.4400005341	2.83422127068	-0.620133221149	-0.742758095264	-0.252478033304	13.0472311752	30.4315662162	-46.3684005737	3.24833059311	42.9442520142	0.74704830896	0.0	0.0	0.0	0.0	0.0	0.99979269007	1.0	1
1.0	1972.61157227	5.0	1.0	1069.07995605	2.0	2.0	27.4400005341	2.83422127068	-0.620133221149	-0.742758095264	-0.252478033304	13.0472311752	29.0447997025	-46.3684005737	3.24833059311	42.9442520142	0.74704830896	0.0	0.0	0.0	0.0	0.0	0.188454718766	1.0	1
1.0	6107.16601562	5.0	1.0	2384.69775391	4.0	1.0	7.23999977112	3.78713606795	-0.622719168663	-0.77329647541	-0.119303584099	7.23107183075	24.3378711924	-43.4207496643	-2.70980978012	41.8984527588	0.915273048198	0.0	0.0	0.0	0.0	0.0	0.981484606547	1.0	1
1.0	3782.546875	3.0	1.0	1164.62597656	3.0	1.0	34.6800003052	1.26436547608	-0.624472379684	-0.745576679707	0.232700660825	2.04082315413	18.4109344304	-46.1738510132	11.5358505249	40.7196998596	0.43193549317	0.0	0.0	0.0	0.0	0.0	0.49209859066	1.0	1
1.0	7945.30859375	5.0	1.0	2650.68554688	5.0	1.0	34.6800003052	1.26436547608	-0.624472379684	-0.745576679707	0.232700660825	2.04082315413	18.4109344304	-46.1738510132	11.5358505249	40.7196998596	0.43193549317	0.0	0.0	0.0	0.0	0.0	0.999546903528	1.0	1
1.0	3072.3659668	1.0	0.0	1162.13903809	2.0	0.0	0.0	10.0	0.0	0.0	0.0	0.0	0.0	0.0	0.0	0.0	2.0	0.0	0.0	0.0	0.0	0.0	1.3370440656e-11	0.0	1
1.0	19861.9726562	16.0	3.0	6320.72412109	4.0	2.0	8.93999958038	3.61929556468	-0.0113823767751	-0.982677996159	-0.184971481562	0.0	12.6898832857	-71.9255523682	17.1016998291	23.9198989868	0.00804340899928	8.0	12.5	67.6799998283	0.0	30.8799991608	1.0	1.0	1
1.0	9850.14648438	17.0	0.0	2846.59423828	3.0	0.0	0.0	10.0	0.0	0.0	0.0	0.0	0.0	0.0	0.0	0.0	2.0	0.0	0.0	0.0	0.0	0.0	1.3370440656e-11	1.0	1
1.0	11633.0507812	21.0	4.0	4744.85839844	5.0	3.0	18.6799993515	0.0	-0.0588484928012	-0.984720647335	0.163896396756	17.5296837032	23.4890958816	-25.7117500305	0.346610993147	43.2468490601	0.95994129716	5.0	5.36000013351	30.3600001335	1.0	5.36000013351	0.999992106976	1.0	1
1.0	3472.02392578	4.0	0.0	2092.86083984	3.0	0.0	0.0	10.0	0.0	0.0	0.0	0.0	0.0	0.0	0.0	0.0	2.0	0.0	0.0	0.0	0.0	0.0	1.3370440656e-11	1.0	1
1.0	10014.5615234	5.0	1.0	3622.19702148	3.0	1.0	9.73999977112	0.0	-0.0588484928012	-0.984720647335	0.163896396756	8.97209143354	23.4890958816	-25.7117500305	0.346610993147	43.2468490601	0.95994129716	1.0	5.36000013351	5.38000011444	1.0	5.36000013351	0.999343165757	1.0	1
1.0	7678.47216797	5.0	1.0	2143.61206055	3.0	1.0	9.73999977112	0.0	-0.0588484928012	-0.984720647335	0.163896396756	17.5296837032	30.1246215568	-25.7117500305	0.346610993147	43.2468490601	0.95994129716	1.0	5.36000013351	5.38000011444	1.0	5.36000013351	0.986824303353	1.0	1
1.0	7215.25683594	6.0	1.0	2041.74902344	3.0	1.0	1.48000001907	2.74515210173	0.681953310966	-0.692754983902	0.234585210681	0.0	13.0302400615	-26.8668498993	18.7209510803	33.6916007996	0.537993885471	0.0	0.0	0.0	0.0	0.0	0.997870695528	1.0	1
1.0	7997.35205078	4.0	0.0	4074.24902344	2.0	0.0	0.0	10.0	0.0	0.0	0.0	0.0	0.0	0.0	0.0	0.0	2.0	0.0	0.0	0.0	0.0	0.0	1.3370440656e-11	1.0	1
1.0	9649.04199219	4.0	1.0	5260.33300781	2.0	1.0	18.680000782	2.58997299769	0.751283884048	-0.659587025642	0.0227489098907	8.00567713633	36.6020593082	-29.2105998993	16.2318496704	33.5979003906	0.942873513408	0.0	0.0	0.0	0.0	0.0	0.987120046125	1.0	1
1.0	1987.03686523	2.0	0.0	333.381011963	1.0	0.0	0.0	10.0	0.0	0.0	0.0	0.0	0.0	0.0	0.0	0.0	2.0	0.0	0.0	0.0	0.0	0.0	1.3370440656e-11	0.0	2
1.0	7521.64550781	8.0	2.0	424.257995605	1.0	1.0	19.4800000191	3.82314003994	0.220990985632	-0.917426645756	0.33089479804	24.3705981106	1.77433320462	-35.9325485229	21.1560497284	29.8313484192	0.862349008197	0.0	0.0	0.0	0.0	0.0	0.982726574393	1.0	2
1.0	1756.40124512	4.0	0.0	333.381011963	1.0	0.0	0.0	10.0	0.0	0.0	0.0	0.0	0.0	0.0	0.0	0.0	2.0	0.0	0.0	0.0	0.0	0.0	1.3370440656e-11	1.0	2
1.0	5974.29980469	9.0	3.0	1223.96411133	3.0	1.0	28.9199995995	3.22687150339	0.858641207218	0.349944680929	-0.374531775713	2.00630443129	22.9464608471	-37.8554992676	10.9582595825	35.9055480957	0.938535376122	0.0	0.0	0.0	0.0	0.0	0.971124640213	1.0	2
1.0	4143.71679688	6.0	0.0	799.706054688	2.0	0.0	0.0	10.0	0.0	0.0	0.0	0.0	0.0	0.0	0.0	0.0	2.0	0.0	0.0	0.0	0.0	0.0	1.3370440656e-11	1.0	2
1.0	8986.85546875	9.0	2.0	1269.62402344	3.0	1.0	45.6799988747	3.03838115203	-0.383340120316	-0.906773149967	-0.175535455346	1.77432686816	2.60656155054	-30.274148941	-11.7779502869	41.9350509644	0.64830415878	0.0	0.0	0.0	0.0	0.0	0.999731371387	1.0	2
1.0	1577.52990723	3.0	0.0	295.316192627	2.0	0.0	0.0	10.0	0.0	0.0	0.0	0.0	0.0	0.0	0.0	0.0	2.0	0.0	0.0	0.0	0.0	0.0	1.3370440656e-11	1.0	2
1.0	5594.21826172	11.0	1.0	207.281997681	1.0	1.0	6.98000001907	3.90049991827	-0.31335234642	-0.937592923641	0.150763899088	28.9456837089	6.65009977219	-51.6307525635	3.6157951355	34.5541496277	0.447315085091	0.0	0.0	0.0	0.0	0.0	0.978839132495	1.0	2
1.0	5168.82226562	8.0	1.0	540.663024902	1.0	1.0	12.9799995422	3.58146611439	-0.517037093639	-0.85151219368	-0.0871758237481	0.0	18.5836794863	-41.8052978516	-1.198595047	43.8495025635	0.674988856223	0.0	0.0	0.0	0.0	0.0	0.89911221065	1.0	2
1.0	7936.49609375	10.0	2.0	1024.27722168	4.0	2.0	53.740000248	0.0	0.0584601834416	0.987306654453	-0.147675305605	21.2041553697	9.02309663142	-42.3526992798	8.68370437622	37.9231987	0.602801963285	1.0	8.65999984741	9.0	0.0	8.65999984741	0.980880451377	1.0	2
1.0	4703.14257812	1.0	1.0	650.265991211	2.0	1.0	3.5	3.45182561808	-0.104993365705	-0.992561519146	-0.0616277307272	1.05303950884	16.9855234319	-38.2688980103	0.543859958649	43.3711509705	0.382996200405	0.0	0.0	0.0	0.0	0.0	-1.0	0.0	2
1.0	9127.94140625	6.0	2.0	2664.70214844	6.0	3.0	29.7399997711	0.0	0.104946188629	0.992565751076	0.0616399422288	2.78351957261	17.2991786593	-34.2024002075	8.79346466064	40.271900177	0.502708278427	6.0	12.4799995422	61.2999985218	1.0	13.6999998093	0.995825917052	1.0	2
1.0	2663.00585938	4.0	1.0	229.356002808	1.0	1.0	1.0	3.45182561808	-0.104993365705	-0.992561519146	-0.0616277307272	1.05303950884	2.95477684203	-38.2688980103	0.543859958649	43.3711509705	0.382996200405	0.0	0.0	0.0	0.0	0.0	0.425864531612	1.0	2
1.0	8779.02148438	8.0	3.0	3237.91186523	6.0	3.0	78.8800001144	0.0	0.104942411184	0.992566406727	0.0616361387074	3.7903822478	32.5920836181	-28.486000061	3.02215504646	45.4561004639	0.0783331046337	3.0	7.07999992371	31.4600000381	3.0	13.6999998093	0.999925966352	1.0	2
1.0	5988.8359375	4.0	1.0	380.386993408	3.0	2.0	5.76000022888	2.9835716884	-0.907063186169	0.420713037252	0.0153904408216	0.0	5.88275051685	-42.7290000916	8.42817020416	43.8009986877	0.94374265795	1.0	21.2399997711	10.4799995422	0.0	21.2399997711	0.532237403452	1.0	2
1.0	8683.18457031	12.0	3.0	2049.64306641	5.0	3.0	64.1600003242	0.0	0.104946188629	0.992565751076	0.0616399422288	2.78351957261	32.3288979071	-34.2024002075	8.79346466064	40.271900177	0.502708278427	7.0	7.15999984741	65.6799991131	1.0	13.6999998093	0.999881001957	1.0	2
1.0	4278.07958984	1.0	1.0	1779.05297852	5.0	2.0	7.63999986649	0.0	0.104946188629	0.992565751076	0.0616399422288	2.78351957261	28.2340086044	-34.2024002075	8.79346466064	40.271900177	0.502708278427	6.0	12.4799995422	56.0199987888	0.0	22.4200000763	0.0658228883625	1.0	2
1.0	7374.29003906	9.0	3.0	1826.24230957	5.0	3.0	49.0199999809	0.0	0.105037592351	0.992556631565	0.0616311207414	36.2062973728	21.3256436262	-46.2267494202	15.0720005035	36.8712005615	0.505560232095	3.0	7.15999984741	28.4000000954	2.0	13.6999998093	0.99868981224	1.0	2
1.0	8927.6875	10.0	4.0	3208.81591797	7.0	4.0	55.3800005913	0.0	0.104942411184	0.992566406727	0.0616361387074	3.7903822478	32.5920836181	-28.486000061	3.02215504646	45.4561004639	0.0783331046337	6.0	7.07999992371	64.7399988174	2.0	13.6999998093	0.999610254875	1.0	2
1.0	7487.97070312	4.0	1.0	2741.03344727	6.0	3.0	36.3199996948	1.45122707668	-0.995595932007	0.0935863405466	-0.00550811551511	4.51778649778	29.9512229917	-37.2264022827	10.3992500305	43.9831008911	0.264280432921	0.0	0.0	0.0	0.0	0.0	0.995987474052	1.0	2
1.0	3287.96899414	1.0	0.0	986.381958008	2.0	0.0	0.0	10.0	0.0	0.0	0.0	0.0	0.0	0.0	0.0	0.0	2.0	0.0	0.0	0.0	0.0	0.0	1.3370440656e-11	0.0	2
1.0	7571.55712891	13.0	2.0	1945.92895508	3.0	2.0	23.9200005531	0.0	-0.999346375465	0.034637324512	0.0103471241891	3.56768494958	3.36349631081	-23.7376995087	-0.514335513115	38.4990997314	0.56630074465	1.0	3.5	1.12000000477	0.0	3.5	0.999932492548	1.0	2
1.0	4600.36523438	3.0	1.0	1197.34301758	2.0	2.0	25.0200004578	2.79710029249	-0.700190842152	0.278135955334	0.657550930977	13.1576378695	30.1418269436	-27.0369491577	0.593110442162	41.0771484375	0.41309099814	0.0	0.0	0.0	0.0	0.0	0.294259138688	1.0	2
1.0	7283.33789062	6.0	0.0	2124.42089844	5.0	0.0	0.0	10.0	0.0	0.0	0.0	0.0	0.0	0.0	0.0	0.0	2.0	0.0	0.0	0.0	0.0	0.0	1.3370440656e-11	1.0	2
1.0	4193.59375	3.0	0.0	986.381958008	2.0	0.0	0.0	10.0	0.0	0.0	0.0	0.0	0.0	0.0	0.0	0.0	2.0	0.0	0.0	0.0	0.0	0.0	1.3370440656e-11	1.0	2
1.0	7926.49853516	16.0	3.0	1021.14794922	3.0	2.0	24.2600002289	0.0	0.999346375465	-0.034637324512	-0.0103471241891	13.1576378695	3.56768494958	-23.7376995087	-0.514335513115	38.4990997314	0.56630074465	2.0	3.5	13.3400002718	1.0	12.9200000763	0.999904893638	1.0	2
1.0	2907.22094727	3.0	1.0	684.215942383	2.0	1.0	23.2199993134	0.0	-0.999347388744	0.0346350260079	0.0102577246726	13.4713188632	19.6392170295	-42.7926483154	-0.643242001534	40.6429519653	0.742554172663	2.0	6.26000022888	10.779999733	1.0	8.35999965668	0.370425341652	1.0	2
1.0	10940.21875	11.0	2.0	2165.07104492	4.0	3.0	46.6199994087	0.0	-0.999346375465	0.034637324512	0.0103471241891	3.56768494958	3.36349631081	-23.7376995087	-0.514335513115	38.4990997314	0.56630074465	3.0	3.5	13.9600001574	2.0	8.35999965668	0.999999904932	1.0	2
1.0	7120.20068359	11.0	0.0	1982.91699219	3.0	0.0	0.0	10.0	0.0	0.0	0.0	0.0	0.0	0.0	0.0	0.0	2.0	0.0	0.0	0.0	0.0	0.0	1.3370440656e-11	1.0	2
1.0	9255.99804688	13.0	2.0	2110.68017578	4.0	3.0	68.7399978638	0.0	0.999347388744	-0.0346350260079	-0.0102577246726	15.5839222548	22.2167302956	-42.7926483154	-0.643242001534	40.6429519653	0.104713665529	2.0	8.35999965668	13.259999752	1.0	8.35999965668	0.999993952344	1.0	2
1.0	2413.43652344	2.0	0.0	973.624816895	2.0	0.0	0.0	10.0	0.0	0.0	0.0	0.0	0.0	0.0	0.0	0.0	2.0	0.0	0.0	0.0	0.0	0.0	1.3370440656e-11	0.0	2
1.0	6017.12158203	7.0	4.0	1668.49841309	5.0	2.0	92.3799996376	0.0	0.0461925491691	0.993749976158	-0.101622857153	11.5084241356	3.08005026611	-28.9444999695	5.85212993622	38.3338012695	0.88481909332	1.0	8.88000011444	8.65999984741	1.0	8.88000011444	0.99848150313	1.0	2
1.0	2780.01049805	2.0	0.0	973.624816895	2.0	0.0	0.0	10.0	0.0	0.0	0.0	0.0	0.0	0.0	0.0	0.0	2.0	0.0	0.0	0.0	0.0	0.0	1.3370440656e-11	1.0	2
1.0	7153.26806641	8.0	4.0	2072.58227539	6.0	3.0	118.279999256	0.0	-0.046189840883	-0.993750751019	0.101616896689	32.9913740515	11.4613450925	-49.894203186	15.6639995575	36.2615013123	0.982191049866	3.0	8.88000011444	30.7999992371	1.0	8.88000011444	0.999442196762	1.0	2
1.0	4507.49902344	6.0	0.0	987.311767578	3.0	0.0	0.0	10.0	0.0	0.0	0.0	0.0	0.0	0.0	0.0	0.0	2.0	0.0	0.0	0.0	0.0	0.0	1.3370440656e-11	1.0	2
1.0	6311.85742188	8.0	2.0	1769.8013916	5.0	3.0	66.5399990082	0.0	-0.998025894165	0.0331819616258	-0.0533219575882	2.6712597705	31.6734788734	-49.4742507935	14.2513008118	37.8727493286	0.00431953599514	2.0	9.11999988556	22.1399993896	0.0	10.3000001907	0.999712941256	1.0	2
1.0	4616.6015625	6.0	1.0	1471.88757324	3.0	1.0	6.88000011444	3.57589145563	-0.832657158375	-0.330634683371	0.444255322218	0.0	2.09659512804	-33.2638015747	4.45175504684	44.0347518921	0.264028304847	0.0	0.0	0.0	0.0	0.0	0.854040843921	1.0	2
1.0	5041.28369141	6.0	1.0	1313.82202148	4.0	1.0	6.88000011444	3.57589145563	-0.832657158375	-0.330634683371	0.444255322218	24.6653792955	2.09659512804	-33.2638015747	4.45175504684	44.0347518921	0.264028304847	0.0	0.0	0.0	0.0	0.0	0.97188353775	1.0	2
1.0	3147.0559082	7.0	1.0	548.866516113	3.0	1.0	8.88000011444	4.21735703819	-0.492568135262	-0.0230685006827	0.869968116283	1.74238058386	13.5647453188	-24.1864509583	12.5070495605	28.4988002777	0.831497559072	0.0	0.0	0.0	0.0	0.0	0.764612234593	1.0	2
1.0	5461.18310547	8.0	3.0	1769.8013916	5.0	2.0	43.3999991417	0.0	-0.046189840883	-0.993750751019	0.101616896689	3.72513956096	32.3782076929	-49.894203186	15.6639995575	36.2615013123	0.982191049866	1.0	10.3000001907	10.9399995804	0.0	10.3000001907	0.989692767086	1.0	2
1.0	4547.35351562	1.0	1.0	1217.34619141	2.0	1.0	40.7999997139	0.0	0.994927048683	0.0	-0.100599057972	7.04023532659	3.86471388558	-23.5767993927	-0.7926030159	47.7593994141	0.32757233109	2.0	5.13999986649	11.0599999428	2.0	5.30000019073	-1.0	0.0	2
1.0	9832.28613281	6.0	2.0	1697.3338623	2.0	1.0	48.0399999619	0.0	0.994935333729	0.0	-0.100516974926	4.73649913509	26.131306808	-35.5970497131	7.96468019485	40.9181518555	0.835662731214	2.0	6.65999984741	20.9800000191	1.0	6.65999984741	0.99644185215	1.0	2
1.0	5654.63183594	3.0	2.0	678.352172852	4.0	3.0	94.6599998474	0.0	0.994935870171	0.0	-0.100511498749	11.5837914513	4.92480176717	-25.0468997955	4.13091993332	44.604549408	0.593101562212	3.0	6.48000001907	29.2991995811	1.0	9.47999954224	0.807473742827	1.0	2
1.0	10401.2685547	3.0	1.0	1567.40197754	4.0	1.0	40.7999997139	0.0	0.994927048683	0.0	-0.100599057972	7.04023532659	14.8955704483	-23.5767993927	-0.7926030159	47.7593994141	0.32757233109	2.0	5.13999986649	11.0599999428	2.0	5.30000019073	0.996012041678	1.0	2
1.0	2389.12597656	2.0	1.0	1060.58691406	3.0	1.0	14.1000003815	0.0	0.00619683321565	-0.998390197754	0.0563795492053	2.77678258016	25.9064083831	-34.4555511475	15.3499498367	35.8477478027	0.949759962193	1.0	9.47999954224	11.1599998474	1.0	9.47999954224	0.679599249041	1.0	2
1.0	12377.4619141	5.0	2.0	1019.22698975	5.0	3.0	68.8800001144	0.0	0.994935870171	0.0	-0.100511498749	11.5837914513	4.92480176717	-25.0468997955	4.13091993332	44.604549408	0.593101562212	3.0	6.48000001907	31.5191998482	0.0	12.1000003815	0.999969952412	1.0	2
1.0	8291.33203125	4.0	1.0	1217.34619141	2.0	1.0	60.539999485	0.0	0.994927048683	0.0	-0.100599057972	7.04023532659	3.86471388558	-23.5767993927	-0.7926030159	47.7593994141	0.32757233109	2.0	5.13999986649	11.0599999428	2.0	5.30000019073	0.813355835718	1.0	2
1.0	13065.7929688	5.0	1.0	2071.60449219	4.0	1.0	12.7600002289	0.0	-0.0060990662314	0.998390853405	-0.0563778914511	1.81847822184	27.3621260022	-32.9792022705	9.41170501709	39.0599517822	0.999661246531	1.0	12.1000003815	13.3800001144	0.0	12.1000003815	0.999995884712	1.0	2
1.0	12209.5654297	5.0	3.0	1636.13195801	5.0	2.0	104.420000553	0.0	0.994927048683	0.0	-0.100599057972	7.04023532659	14.8955704483	-23.5767993927	-0.7926030159	47.7593994141	0.32757233109	4.0	5.13999986649	29.6199998856	3.0	9.47999954224	0.99997741821	1.0	2
1.0	13586.0	6.0	2.0	1507.68078613	6.0	3.0	101.559999466	0.0	0.994935870171	0.0	-0.100511498749	11.5837914513	4.92480176717	-25.0468997955	4.13091993332	44.604549408	0.593101562212	3.0	6.48000001907	29.2991995811	1.0	9.47999954224	0.999998731477	1.0	2
1.0	2382.40698242	1.0	1.0	474.700012207	2.0	1.0	15.779999733	3.12361327875	0.0877528190613	-0.995616972446	0.0323462598026	7.90014098976	2.85471547168	-32.7402992249	2.41553020477	41.2060012817	0.289870501007	0.0	0.0	0.0	0.0	0.0	-1.0	0.0	2
1.0	4217.29052734	8.0	2.0	1321.77490234	3.0	2.0	25.8000001907	0.0	0.0429136566818	0.985951304436	-0.16142629087	19.337763422	1.7338169431	-29.2074012756	9.36172485352	35.5825500488	0.793643744395	2.0	8.64000034332	18.5399999619	1.0	8.64000034332	0.974658115777	1.0	2
1.0	2645.03881836	1.0	1.0	474.700012207	2.0	1.0	15.779999733	3.12361327875	0.0877528190613	-0.995616972446	0.0323462598026	7.90014098976	2.85471547168	-32.7402992249	2.41553020477	41.2060012817	0.289870501007	0.0	0.0	0.0	0.0	0.0	0.257271210662	1.0	2
1.0	5126.94238281	9.0	3.0	1533.63891602	4.0	3.0	62.460000515	0.0	0.0429136566818	0.985951304436	-0.16142629087	19.337763422	1.7338169431	-29.2074012756	9.36172485352	35.5825500488	0.793643744395	2.0	8.64000034332	18.5399999619	3.0	14.6199998856	0.993048398008	1.0	2
1.0	2286.34033203	8.0	1.0	1191.32897949	4.0	1.0	13.6800003052	0.0	0.0429136566818	0.985951304436	-0.16142629087	9.21389964831	1.7338169431	-29.2074012756	9.36172485352	35.5825500488	0.793643744395	1.0	9.52000045776	9.5	0.0	9.52000045776	0.915317284597	1.0	2
1.0	6549.49755859	7.0	3.0	3022.34106445	5.0	2.0	40.3000001907	0.0	-0.0429126918316	-0.985966444016	0.161334201694	2.74690622252	34.0063929437	-47.5716018677	15.6042995453	31.5830001831	0.612716308312	1.0	8.64000034332	9.03999996185	2.0	14.6199998856	0.999929358292	1.0	2
1.0	2241.39086914	2.0	1.0	580.945983887	2.0	1.0	13.3400001526	0.0	-0.0429140254855	-0.985951066017	0.161427676678	2.74689761379	15.2029988198	-29.0797996521	11.5482501984	33.9247512817	0.516761569684	0.0	0.0	0.0	1.0	14.6199998856	0.251117008198	1.0	2
1.0	3298.9675293	9.0	1.0	2518.01806641	5.0	1.0	12.1199998856	0.0	-0.0429126918316	-0.985966444016	0.161334201694	2.74690622252	34.0063929437	-47.5716018677	15.6042995453	31.5830001831	0.612716308312	1.0	8.64000034332	9.03999996185	1.0	8.64000034332	0.988859394561	1.0	2
1.0	3145.12548828	9.0	1.0	1323.2109375	2.0	1.0	15.779999733	3.12361327875	0.0877528190613	-0.995616972446	0.0323462598026	7.90014098976	2.85471547168	-32.7402992249	2.41553020477	41.2060012817	0.289870501007	0.0	0.0	0.0	0.0	0.0	0.800064624933	1.0	2
1.0	4620.71191406	8.0	2.0	1458.45202637	3.0	1.0	11.4400000572	1.09654456484	-0.0429136566818	-0.985951304436	0.16142629087	19.0757876302	9.75125231322	-29.2074012756	9.36172485352	35.5825500488	0.100436807524	0.0	0.0	0.0	0.0	0.0	0.991082548171	1.0	2
1.0	2136.16503906	1.0	0.0	577.224914551	3.0	0.0	0.0	10.0	0.0	0.0	0.0	0.0	0.0	0.0	0.0	0.0	2.0	0.0	0.0	0.0	0.0	0.0	1.3370440656e-11	0.0	2
1.0	4344.63769531	7.0	1.0	342.036987305	2.0	1.0	18.3999996185	2.53282455639	0.499159574509	-0.699076116085	0.511988520622	19.8384514671	16.1656955164	-32.7548980713	20.413848877	33.7525482178	0.332810144066	0.0	0.0	0.0	0.0	0.0	0.996956370441	1.0	2
1.0	2812.65625	3.0	0.0	553.984924316	4.0	0.0	0.0	10.0	0.0	0.0	0.0	0.0	0.0	0.0	0.0	0.0	2.0	0.0	0.0	0.0	0.0	0.0	1.3370440656e-11	1.0	2
1.0	5347.21826172	11.0	2.0	1176.26623535	6.0	2.0	42.9200000763	3.66112004866	-0.892957627773	-0.449930012226	-0.0137721886858	2.94555822338	2.63883485371	-49.2160491943	4.04912471771	40.7882003784	0.576901825971	0.0	0.0	0.0	0.0	0.0	0.997061354793	1.0	2
1.0	4597.10986328	5.0	1.0	878.691345215	5.0	2.0	32.5799999237	3.66112004866	-0.892957627773	-0.449930012226	-0.0137721886858	2.94555822338	2.63883485371	-49.2160491943	4.04912471771	40.7882003784	0.576901825971	0.0	0.0	0.0	0.0	0.0	0.914715233483	1.0	2
1.0	6062.97070312	8.0	1.0	1199.07641602	5.0	1.0	10.3400001526	4.80741098021	-0.565189182758	-0.82495623827	0.00289908517152	2.63811377255	16.1076603808	-29.0901985168	-2.46833491325	41.2999992371	0.855916783858	0.0	0.0	0.0	0.0	0.0	0.999942116367	1.0	2
1.0	5159.99023438	5.0	0.0	1518.30322266	7.0	0.0	0.0	10.0	0.0	0.0	0.0	0.0	0.0	0.0	0.0	0.0	2.0	0.0	0.0	0.0	0.0	0.0	1.3370440656e-11	1.0	2
1.0	7249.03271484	9.0	2.0	1092.08325195	5.0	2.0	42.9200000763	3.66112004866	-0.892957627773	-0.449930012226	-0.0137721886858	2.94555822338	2.63883485371	-49.2160491943	4.04912471771	40.7882003784	0.576901825971	0.0	0.0	0.0	0.0	0.0	0.993697725581	1.0	2
1.0	4208.74707031	5.0	0.0	767.37689209	4.0	0.0	0.0	10.0	0.0	0.0	0.0	0.0	0.0	0.0	0.0	0.0	2.0	0.0	0.0	0.0	0.0	0.0	1.3370440656e-11	1.0	2
1.0	6970.99121094	7.0	1.0	1518.30322266	7.0	3.0	57.8999996185	3.66112004866	-0.892957627773	-0.449930012226	-0.0137721886858	2.94555822338	27.2038035598	-49.2160491943	4.04912471771	40.7882003784	0.576901825971	0.0	0.0	0.0	0.0	0.0	0.99996759318	1.0	2
1.0	4447.47167969	1.0	1.0	481.887023926	2.0	1.0	3.75999999046	3.37431469777	-0.698047220707	-0.70921677351	0.0986998975277	2.12505768384	14.7952568244	-51.9101028442	3.17176055908	40.0755996704	0.385743566681	0.0	0.0	0.0	0.0	0.0	-1.0	0.0	2
1.0	9683.50292969	9.0	2.0	1053.37597656	2.0	2.0	38.1600005627	3.08853032762	0.873711287975	-0.0102808829397	-0.486336141825	3.94246361329	13.6720634262	-39.3257980347	8.16971492767	37.4487991333	0.841516941469	0.0	0.0	0.0	0.0	0.0	0.998154636708	1.0	2
1.0	5028.36425781	2.0	1.0	517.2109375	3.0	1.0	3.75999999046	3.37431469777	-0.698047220707	-0.70921677351	0.0986998975277	2.12505768384	14.7952568244	-51.9101028442	3.17176055908	40.0755996704	0.385743566681	0.0	0.0	0.0	0.0	0.0	0.639930885794	1.0	2
1.0	7665.72900391	8.0	2.0	1380.58898926	4.0	2.0	32.1999998093	2.43203210092	-0.961155474186	0.233078047633	0.147833809257	17.9950565478	10.6559815925	-41.4232025146	12.2073001862	36.1914978027	0.106529658521	0.0	0.0	0.0	0.0	0.0	0.989391053	1.0	2
1.0	8015.48193359	5.0	2.0	481.887023926	2.0	1.0	17.0799996853	3.37431469777	-0.698047220707	-0.70921677351	0.0986998975277	21.1845387726	14.7952568244	-51.9101028442	3.17176055908	40.0755996704	0.385743566681	0.0	0.0	0.0	0.0	0.0	0.990447913187	1.0	2
1.0	9011.10351562	7.0	2.0	722.613037109	2.0	1.0	41.7599987984	0.0	-0.0265243332833	-0.970082998276	0.241320103407	23.239971018	0.0	-46.7632980347	20.3689994812	28.8419494629	0.769674142992	2.0	8.60000038147	22.4800004959	0.0	15.1599998474	0.999525052202	1.0	2
1.0	4741.4765625	2.0	1.0	481.887023926	2.0	1.0	3.75999999046	3.37431469777	-0.698047220707	-0.70921677351	0.0986998975277	2.12505768384	14.7952568244	-51.9101028442	3.17176055908	40.0755996704	0.385743566681	0.0	0.0	0.0	0.0	0.0	0.282170976055	1.0	2
1.0	11772.6972656	6.0	2.0	1486.79296875	4.0	2.0	61.9200015068	0.0	-0.993508279324	0.0	-0.113759703934	18.0022213836	11.8713804738	-31.1294498444	6.74213981628	34.0651016235	0.523551784358	1.0	8.60000038147	7.84000015259	0.0	8.60000038147	0.999999906177	1.0	2
1.0	9460.05175781	5.0	2.0	1559.90490723	4.0	2.0	66.0399985313	0.0	-0.0265243332833	-0.970082998276	0.241320103407	31.6387829761	0.0	-46.7632980347	20.3689994812	28.8419494629	0.769674142992	2.0	8.60000038147	22.4800004959	0.0	15.1599998474	0.999825591123	1.0	2
1.0	8573.16894531	8.0	1.0	1375.59094238	4.0	1.0	17.1200008392	0.0	-0.993508279324	0.0	-0.113759703934	42.9499022157	11.8713804738	-31.1294498444	6.74213981628	34.0651016235	0.523551784358	1.0	8.60000038147	7.84000015259	0.0	8.60000038147	0.990064469057	1.0	2
1.0	3288.03466797	1.0	1.0	783.244995117	2.0	1.0	10.3999996185	3.30112100692	0.422487705946	-0.795067071915	0.435169577599	2.01047003218	2.25512492354	-31.670999527	11.8509349823	48.2050018311	0.338319145256	0.0	0.0	0.0	0.0	0.0	-1.0	0.0	2
1.0	5990.44384766	8.0	0.0	1195.2286377	5.0	0.0	0.0	10.0	0.0	0.0	0.0	0.0	0.0	0.0	0.0	0.0	2.0	0.0	0.0	0.0	0.0	0.0	1.3370440656e-11	1.0	2
1.0	3451.34570312	1.0	1.0	189.804000854	1.0	1.0	14.4399995804	2.03685047117	-0.930957555771	0.359892189503	0.0616090595722	2.67859187088	4.59285709825	-39.9907531738	18.0482501984	44.8315010071	0.672519385494	0.0	0.0	0.0	0.0	0.0	0.57635144892	1.0	2
1.0	5700.75732422	11.0	2.0	1547.03845215	7.0	2.0	21.5199995041	2.03685047117	0.930958747864	-0.359893143177	-0.0615852326155	21.1684087105	27.7187844265	-30.8924503326	18.7725486755	35.3433494568	0.761373233759	0.0	0.0	0.0	0.0	0.0	0.970917352123	1.0	2
1.0	6048.71289062	10.0	2.0	1390.35009766	7.0	2.0	18.3199996948	0.0	-0.0849858522415	-0.953450262547	0.289326906204	3.56330332966	36.5388533061	-43.4519004822	19.2617988586	40.4966506958	0.966960788643	1.0	9.64000034332	8.22000026703	0.0	9.64000034332	0.999009121242	1.0	2
1.0	5246.98291016	12.0	4.0	822.016174316	6.0	3.0	51.6599998474	0.0	-0.0849937275052	-0.953441381454	0.289353698492	28.2714322745	31.7970263342	-33.9917984009	19.7613487244	34.0754508972	0.56329129549	3.0	8.39999961853	18.720000267	2.0	13.5	0.991918098921	1.0	2
1.0	3935.78710938	3.0	2.0	783.244995117	2.0	1.0	31.1399993896	3.28834304733	-0.738746106625	0.246593385935	0.627252697945	4.54289473383	1.45282857798	-23.7113990784	4.57771015167	45.8190994263	0.0838995000424	0.0	0.0	0.0	0.0	0.0	0.335032620211	1.0	2
1.0	6979.47900391	10.0	3.0	1255.68005371	5.0	2.0	70.4799995422	2.13384157723	0.357433289289	-0.912472426891	0.19908683002	26.6409923938	2.65946057046	-18.2633514404	-2.85782051086	43.9253501892	0.401669201202	0.0	0.0	0.0	0.0	0.0	0.999721146372	1.0	2
1.0	1307.1439209	6.0	0.0	99.6396026611	1.0	0.0	0.0	10.0	0.0	0.0	0.0	0.0	0.0	0.0	0.0	0.0	2.0	0.0	0.0	0.0	0.0	0.0	1.3370440656e-11	1.0	2
1.0	5179.77392578	10.0	2.0	1805.5480957	7.0	3.0	54.6199989319	0.0	-0.0849858522415	-0.953450262547	0.289326906204	3.56330332966	36.5388533061	-43.4519004822	19.2617988586	40.4966506958	0.966960788643	1.0	9.64000034332	8.22000026703	0.0	9.64000034332	0.998488157174	1.0	2
1.0	3010.19580078	1.0	0.0	571.881225586	1.0	0.0	0.0	10.0	0.0	0.0	0.0	0.0	0.0	0.0	0.0	0.0	2.0	0.0	0.0	0.0	0.0	0.0	1.3370440656e-11	0.0	2
1.0	10150.4414062	10.0	2.0	697.427246094	3.0	2.0	38.3000001907	0.0	0.0412721149623	0.994553029537	-0.0957126244903	1.36269013561	12.5242739842	-41.5800018311	-8.37965011597	43.3591995239	0.478220797176	2.0	10.5200004578	24.1800003052	2.0	14.1000003815	0.999983529937	1.0	2
1.0	5417.54443359	7.0	1.0	287.66619873	1.0	1.0	18.4200000763	0.0	0.0412721149623	0.994553029537	-0.0957126244903	1.36269013561	7.65829598219	-41.5800018311	-8.37965011597	43.3591995239	0.478220797176	2.0	10.5200004578	24.1800003052	2.0	14.1000003815	0.907902065939	1.0	2
1.0	10106.703125	10.0	3.0	907.245239258	4.0	3.0	68.8999996185	0.0	0.0412721149623	0.994553029537	-0.0957126244903	1.36269013561	20.3086013317	-41.5800018311	-8.37965011597	43.3591995239	0.478220797176	3.0	10.5200004578	37.4600000381	2.0	14.1000003815	0.99963703148	1.0	2
1.0	4290.85058594	7.0	1.0	409.760986328	2.0	1.0	8.64000034332	3.4866316121	-0.826110959053	-0.311603665352	-0.469514518976	9.5080734542	1.72296689157	-49.5208511353	-3.16227006912	42.4481506348	0.30339935364	0.0	0.0	0.0	0.0	0.0	0.746937451886	1.0	2
1.0	6775.19677734	11.0	2.0	697.427246094	3.0	1.0	11.2399997711	3.25428943736	-0.00791294407099	-0.898636102676	-0.438623428345	2.04048861009	6.37371734781	-35.4463005066	-4.24960136414	46.0487976074	0.524949504773	0.0	0.0	0.0	0.0	0.0	0.99530921332	1.0	2
1.0	2985.61474609	2.0	1.0	209.88999939	1.0	1.0	6.69999980927	0.0	0.0412721149623	0.994553029537	-0.0957126244903	1.36269013561	0.0	-41.5800018311	-8.37965011597	43.3591995239	0.478220797176	1.0	14.1000003815	13.6599998474	1.0	14.1000003815	0.57556823385	1.0	2
1.0	6588.25439453	6.0	1.0	431.457214355	2.0	1.0	0.0	4.26124386891	-0.323754876852	-0.933781087399	0.15243254602	11.5055502218	1.95218788407	-27.4212989807	-1.69641518593	41.3195495605	0.754404809267	0.0	0.0	0.0	0.0	0.0	0.989886214196	1.0	2
1.0	6662.37060547	12.0	3.0	619.651000977	3.0	2.0	26.5799999237	0.0	0.0412721149623	0.994553029537	-0.0957126244903	1.36269013561	12.5242739842	-41.5800018311	-8.37965011597	43.3591995239	0.478220797176	1.0	14.1000003815	13.6599998474	1.0	14.1000003815	0.995855415049	1.0	2
1.0	4122.74609375	1.0	1.0	788.295410156	2.0	2.0	16.0599997044	3.35308817393	0.291134089231	-0.920848548412	0.259381592274	2.62669987594	3.12197845765	-35.4348487854	4.99822425842	44.8563499451	0.0204680000914	0.0	0.0	0.0	0.0	0.0	-1.0	0.0	2
1.0	9923.27148438	6.0	3.0	1333.80310059	7.0	4.0	93.1799995899	0.0	0.999503612518	0.0310949087143	0.0050615798682	31.2263931537	3.27891439099	-49.5465011597	15.6215496063	34.4165000916	0.633097224783	4.0	4.84000015259	33.6799995899	2.0	12.1800003052	0.999999928742	1.0	2
1.0	8330.10253906	5.0	1.0	817.416687012	2.0	2.0	22.9799997807	2.68359090702	-0.267964571714	-0.339633792639	0.90157854557	8.67028474835	1.96987199829	-24.9957008362	3.18870019913	42.5802497864	0.234917440733	0.0	0.0	0.0	0.0	0.0	0.998635799716	1.0	2
1.0	5665.91748047	12.0	4.0	1368.44677734	6.0	4.0	63.2999999523	0.0	-0.999506294727	-0.0310243554413	-0.00496499799192	0.985931094671	14.7218760339	-31.3027000427	-1.05144500732	46.5906524658	0.837782085556	3.0	1.39999997616	18.4799995422	2.0	8.64000034332	0.988888004612	1.0	2
1.0	9744.51171875	7.0	4.0	1365.64074707	6.0	5.0	118.960000277	0.0	-0.999506294727	-0.0310243554413	-0.00496499799192	0.985931094671	14.7218760339	-31.3027000427	-1.05144500732	46.5906524658	0.837782085556	5.0	1.39999997616	33.6799995899	3.0	12.1800003052	0.999973501266	1.0	2
1.0	5947.37011719	7.0	2.0	590.143676758	4.0	3.0	17.0	0.0	0.0288039892912	-0.963113307953	0.267550170422	10.5718710088	13.3015531478	-30.1189994812	10.0466899872	36.2276992798	0.756273185827	1.0	9.46000003815	9.93999958038	0.0	9.46000003815	0.98973776537	1.0	2
1.0	2489.13598633	4.0	1.0	1122.17382812	4.0	1.0	8.53999996185	0.0	-0.0288039892912	0.963113307953	-0.267550170422	12.0620675315	22.7306044718	-30.1189994812	10.0466899872	36.2276992798	0.756273185827	1.0	9.46000003815	9.93999958038	0.0	9.46000003815	0.267546524261	1.0	2
1.0	7155.82519531	8.0	3.0	1097.24780273	6.0	4.0	89.9200003147	0.0	0.999503612518	0.0310949087143	0.0050615798682	28.8999912005	3.27891439099	-49.5465011597	15.6215496063	34.4165000916	0.633097224783	3.0	4.84000015259	19.3199994564	1.0	6.34000015259	0.999559620211	1.0	2
1.0	6396.20214844	9.0	2.0	971.307617188	6.0	4.0	49.9399995804	0.0	0.999503612518	0.0310949087143	0.0050615798682	6.12953110738	25.1870147173	-49.5465011597	15.6215496063	34.4165000916	0.633097224783	2.0	4.84000015259	12.2400000095	1.0	8.64000034332	0.999446592685	1.0	2
1.0	7345.49316406	9.0	5.0	1204.9387207	5.0	3.0	52.379999876	0.0	-0.0289058424532	0.963136017323	-0.267457395792	15.3259598716	26.5686161184	-37.0791473389	10.8923997879	40.2787475586	0.90836053806	3.0	6.34000015259	25.7199997902	3.0	12.1800003052	0.999992196689	1.0	2
1.0	3103.28393555	2.0	0.0	540.275817871	1.0	0.0	0.0	10.0	0.0	0.0	0.0	0.0	0.0	0.0	0.0	0.0	2.0	0.0	0.0	0.0	0.0	0.0	1.3370440656e-11	0.0	2
1.0	4042.01074219	11.0	2.0	1588.57226562	5.0	2.0	47.1399993896	0.0	0.0130398273468	-0.976930439472	0.213159248233	0.0	14.9554213138	-46.0530509949	1.01189208031	43.2868003845	0.620118781442	2.0	8.27999973297	14.4400000572	0.0	9.02000045776	0.993628211361	1.0	2
1.0	3161.01196289	3.0	0.0	540.275817871	1.0	0.0	0.0	10.0	0.0	0.0	0.0	0.0	0.0	0.0	0.0	0.0	2.0	0.0	0.0	0.0	0.0	0.0	1.3370440656e-11	1.0	2
1.0	7314.21435547	11.0	2.0	1019.88378906	3.0	2.0	57.8200006485	2.8929033528	-0.642058193684	0.71591848135	0.274266302586	2.9949046735	0.0	-36.580947876	-1.33250498772	47.8846511841	0.264684316742	0.0	0.0	0.0	0.0	0.0	0.993581541418	1.0	2
1.0	651.676574707	6.0	1.0	532.773620605	3.0	1.0	10.4799995422	0.0	0.0130398273468	-0.976930439472	0.213159248233	0.0	19.9742378289	-46.0530509949	1.01189208031	43.2868003845	0.620118781442	1.0	8.27999973297	6.98000001907	0.0	8.27999973297	0.324526556995	1.0	2
1.0	4692.91064453	7.0	1.0	435.181121826	2.0	1.0	14.2399997711	3.53090645798	-0.732512712479	-0.676557958126	0.0754618421197	16.7173913435	7.40735654373	-40.4841003418	5.95869970322	44.181098938	0.895951402918	0.0	0.0	0.0	0.0	0.0	0.969409923961	1.0	2
1.0	855.24597168	3.0	1.0	222.351104736	1.0	1.0	22.3399991989	0.0	0.0130398273468	-0.976930439472	0.213159248233	0.0	7.33519823913	-46.0530509949	1.01189208031	43.2868003845	0.0552479177524	2.0	8.27999973297	13.9600000381	0.0	8.27999973297	0.170332419741	1.0	2
1.0	9624.12304688	11.0	3.0	1751.73925781	4.0	2.0	100.619999826	0.0	-0.711412012577	0.695829749107	-0.0985590592027	21.9238945952	8.62974583453	-41.2037963867	14.609749794	39.9382019043	0.677398847054	3.0	8.27999973297	21.4200000763	0.0	9.02000045776	0.99915256759	1.0	2
1.0	2348.43017578	4.0	0.0	916.272827148	2.0	0.0	0.0	10.0	0.0	0.0	0.0	0.0	0.0	0.0	0.0	0.0	2.0	0.0	0.0	0.0	0.0	0.0	1.3370440656e-11	1.0	2
1.0	4294.14111328	7.0	1.0	636.756530762	3.0	1.0	11.8599996567	0.0	0.0130398273468	-0.976930439472	0.213159248233	0.0	19.9742378289	-46.0530509949	1.01189208031	43.2868003845	0.0552479177524	1.0	8.27999973297	6.98000001907	0.0	8.27999973297	0.992241323408	1.0	2
1.0	2726.47485352	1.0	0.0	163.343002319	1.0	0.0	0.0	10.0	0.0	0.0	0.0	0.0	0.0	0.0	0.0	0.0	2.0	0.0	0.0	0.0	0.0	0.0	1.3370440656e-11	0.0	2
1.0	8104.109375	10.0	3.0	1027.13452148	4.0	4.0	67.5399990082	0.0	-0.00915050692856	0.994012951851	-0.108878672123	25.9785930296	19.5230235479	-46.888999939	10.6035995483	38.0897979736	0.369519148038	2.0	10.3000001907	12.7799996138	1.0	15.0200004578	0.997481990526	1.0	2
1.0	4120.09375	9.0	0.0	948.45098877	2.0	0.0	0.0	10.0	0.0	0.0	0.0	0.0	0.0	0.0	0.0	0.0	2.0	0.0	0.0	0.0	0.0	0.0	1.3370440656e-11	1.0	2
1.0	7402.32128906	6.0	1.0	596.034484863	4.0	1.0	13.0399999619	4.19944040113	-0.767894327641	-0.134309634566	0.626337945461	35.0592204932	1.10965854989	-24.8355503082	16.3530006409	28.9449501038	0.929021158641	0.0	0.0	0.0	0.0	0.0	0.997585874265	1.0	2
1.0	5209.26074219	9.0	0.0	736.876464844	3.0	0.0	0.0	10.0	0.0	0.0	0.0	0.0	0.0	0.0	0.0	0.0	2.0	0.0	0.0	0.0	0.0	0.0	1.3370440656e-11	1.0	2
1.0	2849.97924805	6.0	0.0	821.536010742	1.0	0.0	0.0	10.0	0.0	0.0	0.0	0.0	0.0	0.0	0.0	0.0	2.0	0.0	0.0	0.0	0.0	0.0	1.3370440656e-11	1.0	2
1.0	8215.51660156	7.0	3.0	543.614135742	3.0	3.0	53.3799991608	2.76339105588	0.669199407101	0.223354414105	-0.708720684052	9.40598041921	3.72602374931	-36.2106018066	11.314699173	39.28150177	0.549873055479	1.0	15.0200004578	1.87999999523	1.0	15.0200004578	0.999523797266	1.0	2
1.0	8341.89355469	7.0	3.0	1227.96435547	3.0	2.0	54.4199991226	2.76339105588	0.669199407101	0.223354414105	-0.708720684052	9.40598041921	27.8585890215	-36.2106018066	11.314699173	39.28150177	0.549873055479	0.0	0.0	0.0	0.0	0.0	0.999957890263	1.0	2
1.0	3862.81030273	1.0	0.0	595.752990723	1.0	0.0	0.0	10.0	0.0	0.0	0.0	0.0	0.0	0.0	0.0	0.0	2.0	0.0	0.0	0.0	0.0	0.0	1.3370440656e-11	0.0	2
1.0	6356.328125	8.0	2.0	595.752990723	1.0	1.0	19.8400006294	0.0	0.0472533926368	-0.972082316875	0.229832753539	2.12153055649	0.992476628665	-51.6459503174	0.88338547945	37.4188499451	0.89041184302	1.0	8.30000019073	7.61999988556	1.0	8.30000019073	0.997355121752	1.0	2
1.0	6927.8515625	7.0	2.0	900.41796875	2.0	1.0	40.4799995422	2.92367742911	0.996644675732	-0.0794232785702	-0.0197828821838	13.0187062408	13.8334057709	-38.1919021606	11.8201503754	39.1480484009	0.999843924134	0.0	0.0	0.0	0.0	0.0	0.999414065672	1.0	2
1.0	6845.61181641	7.0	2.0	1080.64001465	2.0	1.0	48.4800000191	3.08309581632	-0.77653247118	-0.519039332867	-0.357205152512	22.1640273777	3.66234501794	-47.0135498047	5.79790496826	38.496799469	0.97031974093	0.0	0.0	0.0	0.0	0.0	0.999987245833	1.0	2
1.0	4714.35742188	9.0	2.0	466.096984863	1.0	1.0	40.4799995422	2.92367742911	0.996644675732	-0.0794232785702	-0.0197828821838	13.0187062408	13.8334057709	-38.1919021606	11.8201503754	39.1480484009	0.999843924134	0.0	0.0	0.0	0.0	0.0	0.987265425945	1.0	2
1.0	6662.20507812	4.0	1.0	916.666992188	2.0	1.0	10.3199996948	4.20002376913	-0.749509453773	-0.20631274581	0.629023492336	12.3366101655	4.96399502506	-24.7223510742	21.2659988403	26.6588516235	0.978299266978	0.0	0.0	0.0	0.0	0.0	0.999116060464	1.0	2
1.0	1320.32104492	5.0	1.0	646.318969727	1.0	1.0	8.32000017166	3.08309581632	-0.77653247118	-0.519039332867	-0.357205152512	0.0	3.66234501794	-47.0135498047	5.79790496826	38.496799469	0.97031974093	0.0	0.0	0.0	0.0	0.0	0.0741313571912	1.0	2
1.0	187.598999023	1.0	0.0	270.347991943	1.0	0.0	0.0	10.0	0.0	0.0	0.0	0.0	0.0	0.0	0.0	0.0	2.0	0.0	0.0	0.0	0.0	0.0	1.3370440656e-11	1.0	2
1.0	5469.18066406	4.0	0.0	1080.64001465	2.0	0.0	0.0	10.0	0.0	0.0	0.0	0.0	0.0	0.0	0.0	0.0	2.0	0.0	0.0	0.0	0.0	0.0	1.3370440656e-11	1.0	2
1.0	8653.00390625	5.0	1.0	484.887023926	2.0	1.0	4.03999996185	3.08309581632	-0.77653247118	-0.519039332867	-0.357205152512	22.1640273777	3.66234501794	-47.0135498047	5.79790496826	38.496799469	0.97031974093	0.0	0.0	0.0	0.0	0.0	0.999987533977	1.0	2
1.0	3767.67993164	1.0	0.0	641.479675293	2.0	0.0	0.0	10.0	0.0	0.0	0.0	0.0	0.0	0.0	0.0	0.0	2.0	0.0	0.0	0.0	0.0	0.0	1.3370440656e-11	0.0	2
1.0	8318.5390625	5.0	1.0	2555.13964844	4.0	2.0	27.4400005341	2.83422127068	-0.620133221149	-0.742758095264	-0.252478033304	13.0472311752	30.4315662162	-46.3684005737	3.24833059311	42.9442520142	0.74704830896	0.0	0.0	0.0	0.0	0.0	0.999141778105	1.0	2
1.0	5284.01123047	5.0	1.0	2321.64306641	3.0	1.0	7.23999977112	3.78713606795	-0.622719168663	-0.77329647541	-0.119303584099	7.23107183075	24.3378711924	-43.4207496643	-2.70980978012	41.8984527588	0.915273048198	0.0	0.0	0.0	0.0	0.0	0.91294842645	1.0	2
1.0	6166.84375	5.0	1.0	2147.15673828	4.0	1.0	20.2000007629	2.83422127068	-0.620133221149	-0.742758095264	-0.252478033304	13.0472311752	2.26947732269	-46.3684005737	3.24833059311	42.9442520142	0.74704830896	0.0	0.0	0.0	0.0	0.0	0.979841940844	1.0	2
1.0	5568.76123047	3.0	1.0	641.479675293	2.0	2.0	27.4400005341	2.83422127068	-0.620133221149	-0.742758095264	-0.252478033304	13.0472311752	12.3923288023	-46.3684005737	3.24833059311	42.9442520142	0.74704830896	0.0	0.0	0.0	0.0	0.0	0.607984807177	1.0	2
1.0	7195.80957031	5.0	1.0	2072.26049805	5.0	1.0	34.6800003052	1.26436547608	-0.624472379684	-0.745576679707	0.232700660825	2.04082315413	18.4109344304	-46.1738510132	11.5358505249	40.7196998596	0.43193549317	0.0	0.0	0.0	0.0	0.0	0.996647819616	1.0	2
1.0	2945.65942383	4.0	1.0	2001.42993164	4.0	2.0	27.4400005341	2.83422127068	-0.620133221149	-0.742758095264	-0.252478033304	13.0472311752	30.4315662162	-46.3684005737	3.24833059311	42.9442520142	0.74704830896	0.0	0.0	0.0	0.0	0.0	0.622796007547	1.0	2
1.0	7582.83691406	5.0	1.0	2650.68554688	5.0	1.0	34.6800003052	1.26436547608	-0.624472379684	-0.745576679707	0.232700660825	2.04082315413	18.4109344304	-46.1738510132	11.5358505249	40.7196998596	0.43193549317	0.0	0.0	0.0	0.0	0.0	0.997976495453	1.0	2
1.0	3538.4765625	1.0	0.0	1603.44799805	3.0	0.0	0.0	10.0	0.0	0.0	0.0	0.0	0.0	0.0	0.0	0.0	2.0	0.0	0.0	0.0	0.0	0.0	1.3370440656e-11	1.0	2
1.0	6927.30957031	7.0	1.0	1069.07995605	2.0	2.0	27.4400005341	2.83422127068	-0.620133221149	-0.742758095264	-0.252478033304	13.0472311752	29.0447997025	-46.3684005737	3.24833059311	42.9442520142	0.74704830896	0.0	0.0	0.0	0.0	0.0	0.995866896121	1.0	2
1.0	3072.3659668	1.0	0.0	1162.13903809	2.0	0.0	0.0	10.0	0.0	0.0	0.0	0.0	0.0	0.0	0.0	0.0	2.0	0.0	0.0	0.0	0.0	0.0	1.3370440656e-11	0.0	2
1.0	6294.21728516	2.0	1.0	3200.97607422	1.0	1.0	1.48000001907	2.74515210173	0.681953310966	-0.692754983902	0.234585210681	0.0	20.6360138469	-26.8668498993	18.7209510803	33.6916007996	0.537993885471	0.0	0.0	0.0	0.0	0.0	0.988887967569	1.0	2
1.0	1965.61999512	2.0	0.0	2935.67797852	2.0	0.0	0.0	10.0	0.0	0.0	0.0	0.0	0.0	0.0	0.0	0.0	2.0	0.0	0.0	0.0	0.0	0.0	1.3370440656e-11	1.0	2
1.0	4909.69287109	4.0	1.0	5260.33300781	2.0	1.0	18.680000782	2.58997299769	0.751283884048	-0.659587025642	0.0227489098907	8.00567713633	36.6020593082	-29.2105998993	16.2318496704	33.5979003906	0.942873513408	0.0	0.0	0.0	0.0	0.0	0.974881224144	1.0	2
1.0	5247.35400391	6.0	0.0	3369.00585938	4.0	0.0	0.0	10.0	0.0	0.0	0.0	0.0	0.0	0.0	0.0	0.0	2.0	0.0	0.0	0.0	0.0	0.0	1.3370440656e-11	1.0	2
1.0	8876.08496094	6.0	1.0	5165.50585938	2.0	1.0	18.680000782	2.58997299769	0.751283884048	-0.659587025642	0.0227489098907	8.00567713633	36.6020593082	-29.2105998993	16.2318496704	33.5979003906	0.942873513408	0.0	0.0	0.0	0.0	0.0	0.999020373233	1.0	2
1.0	9415.77246094	4.0	0.0	4224.67089844	3.0	0.0	0.0	10.0	0.0	0.0	0.0	0.0	0.0	0.0	0.0	0.0	2.0	0.0	0.0	0.0	0.0	0.0	1.3370440656e-11	1.0	2
1.0	8212.47070312	5.0	1.0	2663.68505859	3.0	1.0	17.2000007629	2.58997299769	0.751283884048	-0.659587025642	0.0227489098907	8.00567713633	19.527037625	-29.2105998993	16.2318496704	33.5979003906	0.942873513408	0.0	0.0	0.0	0.0	0.0	0.997035451566	1.0	2
1.0	7224.75976562	7.0	0.0	3313.41113281	2.0	0.0	0.0	10.0	0.0	0.0	0.0	0.0	0.0	0.0	0.0	0.0	2.0	0.0	0.0	0.0	0.0	0.0	1.3370440656e-11	1.0	2
1.0	7526.66015625	7.0	0.0	4445.30615234	2.0	0.0	0.0	10.0	0.0	0.0	0.0	0.0	0.0	0.0	0.0	0.0	2.0	0.0	0.0	0.0	0.0	0.0	1.3370440656e-11	1.0	2
1.0	3570.5144043	2.0	0.0	516.952087402	2.0	0.0	0.0	10.0	0.0	0.0	0.0	0.0	0.0	0.0	0.0	0.0	2.0	0.0	0.0	0.0	0.0	0.0	1.3370440656e-11	0.0	3
1.0	10959.8828125	15.0	3.0	2797.09008789	6.0	4.0	51.9999995232	0.0	0.0314132794738	-0.976059556007	0.215222939849	28.115692257	23.8256982304	-39.7443504333	15.9917497635	37.6302490234	0.84981573628	12.0	2.88000011444	64.3599995673	3.0	15.0600004196	0.999285988306	1.0	3
1.0	19084.5332031	15.0	5.0	3856.0324707	8.0	5.0	104.419999242	0.0	0.031410984695	-0.976040959358	0.215307682753	19.2481701643	5.89059441234	-24.7466506958	6.39550971985	44.3059005737	0.610775886302	13.0	1.13999998569	67.2779995501	4.0	17.1200008392	0.999999998158	1.0	3
1.0	18471.0078125	13.0	3.0	4028.05834961	8.0	5.0	78.1799993515	0.0	-0.031410984695	0.976040959358	-0.215307682753	5.89059441234	9.88149513492	-24.7466506958	6.39550971985	44.3059005737	0.610775886302	13.0	1.13999998569	51.6661511376	2.0	17.1200008392	0.999999964848	1.0	3
1.0	3930.32714844	5.0	0.0	326.940185547	2.0	0.0	0.0	10.0	0.0	0.0	0.0	0.0	0.0	0.0	0.0	0.0	2.0	0.0	0.0	0.0	0.0	0.0	1.3370440656e-11	1.0	3
1.0	12253.0996094	9.0	2.0	1578.14611816	6.0	3.0	82.5399999619	0.0	-0.031410984695	0.976040959358	-0.215307682753	18.7582687483	1.1174732631	-24.7466506958	6.39550971985	44.3059005737	0.610775886302	5.0	1.13999998569	37.9600006342	1.0	11.8999996185	0.999994891433	1.0	3
1.0	4487.2890625	4.0	1.0	1245.82824707	4.0	1.0	18.3199996948	3.360877832	0.1380995363	-0.81491369009	-0.562889039516	2.11616350457	3.48135640095	-23.8086509705	-3.11508011818	42.2093505859	0.431135199113	0.0	0.0	0.0	0.0	0.0	0.425504963504	1.0	3
1.0	10131.3398438	9.0	1.0	1323.87902832	4.0	2.0	44.4599990845	0.0	-0.031410984695	0.976040959358	-0.215307682753	5.89059441234	1.1174732631	-24.7466506958	6.39550971985	44.3059005737	0.610775886302	1.0	1.13999998569	1.12000000477	0.0	1.13999998569	0.972510083864	1.0	3
1.0	8034.19238281	8.0	1.0	1760.59790039	6.0	4.0	62.7199993134	0.0	-0.031410984695	0.976040959358	-0.215307682753	5.89059441234	1.1174732631	-24.7466506958	6.39550971985	44.3059005737	0.610775886302	2.0	1.13999998569	13.0400000811	0.0	11.8999996185	0.998345025191	1.0	3
1.0	12550.4755859	9.0	2.0	1696.05700684	5.0	3.0	83.819999218	0.0	-0.031410984695	0.976040959358	-0.215307682753	18.7582687483	1.1174732631	-24.7466506958	6.39550971985	44.3059005737	0.610775886302	3.0	1.13999998569	15.5200001001	0.0	8.42000007629	0.999959558856	1.0	3
1.0	2974.01708984	1.0	0.0	1380.02099609	2.0	0.0	0.0	10.0	0.0	0.0	0.0	0.0	0.0	0.0	0.0	0.0	2.0	0.0	0.0	0.0	0.0	0.0	1.3370440656e-11	0.0	3
1.0	18751.703125	21.0	4.0	2993.51757812	5.0	4.0	72.5800001621	0.0	0.999532818794	0.0	0.0305630192161	17.5963331599	21.7571126841	-55.5919494629	-15.6583003998	20.797000885	0.939973589796	10.0	10.720000267	75.2600007057	1.0	10.720000267	0.999999999997	1.0	3
1.0	3937.22802734	7.0	0.0	1607.90002441	3.0	0.0	0.0	10.0	0.0	0.0	0.0	0.0	0.0	0.0	0.0	0.0	2.0	0.0	0.0	0.0	0.0	0.0	1.3370440656e-11	1.0	3
1.0	18755.0234375	21.0	2.0	886.43347168	4.0	3.0	15.0399997234	0.0	0.00326734874398	0.994233012199	-0.107191629708	18.0115825153	21.5419597289	-55.0572967529	-15.1713504791	20.760799408	0.213915912584	4.0	10.720000267	32.5200004578	1.0	10.720000267	0.999999999997	1.0	3
1.0	5102.82666016	5.0	1.0	1719.60913086	4.0	2.0	44.5799999237	2.92569650036	-0.490285933018	-0.827713489532	-0.272965371609	1.0666024392	16.1827495833	-35.5522499084	-8.02770996094	45.8562507629	0.701941014	0.0	0.0	0.0	0.0	0.0	0.993340116616	1.0	3
1.0	7403.06787109	7.0	1.0	953.215942383	2.0	1.0	33.3200006485	3.30786946373	-0.688483834267	-0.699839115143	0.190302982926	28.7006813303	6.84667414498	-51.8461990356	13.4173755646	37.8394508362	0.916765849222	0.0	0.0	0.0	0.0	0.0	0.973722004328	1.0	3
1.0	1298.54736328	5.0	1.0	1581.38098145	4.0	2.0	44.6000003815	3.30786946373	-0.688483834267	-0.699839115143	0.190302982926	28.7006813303	30.9823686564	-51.8461990356	13.4173755646	37.8394508362	0.916765849222	0.0	0.0	0.0	0.0	0.0	0.446149497893	1.0	3
1.0	9648.04492188	8.0	3.0	1828.32104492	4.0	3.0	59.3999998569	0.0	0.999532818794	0.0	0.0305630192161	17.5963331599	21.7571126841	-55.5919494629	-15.6583003998	20.797000885	0.939973589796	2.0	10.720000267	26.0600004196	1.0	10.720000267	0.999964740246	1.0	3
1.0	1464.74133301	4.0	0.0	104.224998474	1.0	0.0	0.0	10.0	0.0	0.0	0.0	0.0	0.0	0.0	0.0	0.0	2.0	0.0	0.0	0.0	0.0	0.0	1.3370440656e-11	1.0	3
1.0	8251.52050781	10.0	5.0	2340.29003906	5.0	4.0	153.060000658	0.0	0.999532818794	0.0	0.0305630192161	17.5963331599	21.7571126841	-55.5919494629	-15.6583003998	20.797000885	0.939973589796	3.0	8.57999992371	36.1200008392	1.0	10.720000267	0.985407705598	1.0	3
1.0	5244.08837891	2.0	1.0	935.910400391	1.0	1.0	4.63999986649	4.5966835257	-0.306472092867	-0.905853509903	0.29241117835	0.0	20.345921962	-42.0503005981	7.0868844986	45.6378479004	0.720191496477	0.0	0.0	0.0	0.0	0.0	-1.0	0.0	3
1.0	24328.1894531	17.0	4.0	4420.03417969	8.0	4.0	59.6912002563	0.0	-0.995689511299	0.0703876689076	0.0603980645537	21.3111641591	23.2022287375	-35.2735481262	14.7570495605	40.2894515991	0.169094092926	20.0	3.01999998093	127.984799691	7.0	20.4400005341	1.0	1.0	3
1.0	8618.53027344	8.0	1.0	935.910400391	1.0	1.0	4.63999986649	4.5966835257	-0.306472092867	-0.905853509903	0.29241117835	0.0	20.345921962	-42.0503005981	7.0868844986	45.6378479004	0.720191496477	0.0	0.0	0.0	0.0	0.0	0.445445383727	1.0	3
1.0	17019.3476562	23.0	3.0	2077.2109375	3.0	3.0	5.30000019073	2.93232839955	0.163853108883	-0.70711928606	-0.687847673893	0.0	4.10654999265	-19.8509502411	-4.07330513	39.5276489258	0.535951201357	5.0	14.0799999237	35.9612005875	0.0	28.9799995422	0.999983815728	1.0	3
1.0	9440.54296875	3.0	2.0	1130.97644043	4.0	2.0	16.8788003922	0.0	-0.0535314716399	-0.956509709358	0.286746561527	27.5792946125	28.3824880355	-35.7536468506	17.0606002808	38.3828010559	0.347028898977	1.0	12.3199996948	13.3800001144	0.0	12.3199996948	0.790313294763	1.0	3
1.0	8469.66503906	6.0	2.0	727.350952148	5.0	2.0	28.3712005615	0.0	-0.995689511299	0.0703876689076	0.0603980645537	21.3111641591	6.00844937271	-35.2735481262	14.7570495605	40.2894515991	0.169094092926	1.0	12.3199996948	12.0799999237	1.0	12.3199996948	0.989156657645	1.0	3
1.0	4848.28271484	2.0	1.0	524.752685547	2.0	1.0	8.99880027771	0.0	-0.0535314716399	-0.956509709358	0.286746561527	5.38844784343	6.51132898282	-35.7536468506	17.0606002808	38.3828010559	0.347028898977	1.0	12.3199996948	13.3800001144	0.0	12.3199996948	0.113762974965	1.0	3
1.0	9415.109375	7.0	4.0	1374.60412598	7.0	2.0	94.7600002289	0.0	0.995689511299	-0.0703876689076	-0.0603980645537	26.6844473944	31.0835979904	-35.2735481262	14.7570495605	40.2894515991	0.713269476566	2.0	12.3199996948	26.8599996567	1.0	13.0399999619	0.99951450368	1.0	3
1.0	8787.87011719	6.0	2.0	935.910400391	1.0	1.0	11.1199998856	4.46034741883	-0.177495166659	-0.982844173908	0.0501290671527	1.92565787881	6.89408018779	-55.8486022949	8.06393909454	40.1458511353	0.264823848735	0.0	0.0	0.0	0.0	0.0	0.956851892354	1.0	3
1.0	10184.9960938	5.0	2.0	1901.38024902	5.0	1.0	19.4800000191	0.0	-0.0535314716399	-0.956509709358	0.286746561527	27.5792946125	33.6097946639	-35.7536468506	17.0606002808	38.3828010559	0.347028898977	2.0	12.3199996948	26.8599996567	1.0	13.0399999619	0.979323707798	1.0	3
1.0	2653.8449707	2.0	0.0	547.683288574	2.0	0.0	0.0	10.0	0.0	0.0	0.0	0.0	0.0	0.0	0.0	0.0	2.0	0.0	0.0	0.0	0.0	0.0	1.3370440656e-11	0.0	3
1.0	14257.21875	23.0	4.0	4932.70019531	5.0	4.0	26.3000004292	0.0	-0.0336548238993	-0.986682534218	0.159138202667	3.69326322922	23.1698805465	-52.8358001709	17.8885498047	34.2478485107	0.69909242643	8.0	9.06000041962	52.0399999619	0.0	20.1399993896	0.999999999989	1.0	3
1.0	8302.39453125	24.0	1.0	3015.37866211	4.0	1.0	7.0	2.44563286483	-0.857798993587	0.0894480794668	0.506142199039	2.08483394217	4.96298425709	-35.7584991455	9.37502002716	42.5717506409	0.802289596286	0.0	0.0	0.0	0.0	0.0	0.999877500542	1.0	3
1.0	6310.30810547	13.0	1.0	1157.52636719	6.0	1.0	0.0	10.0	0.0	0.0	0.0	0.0	0.0	0.0	0.0	0.0	2.0	1.0	13.6800003052	15.8800001144	0.0	13.6800003052	0.995825931929	1.0	3
1.0	4346.69628906	6.0	1.0	1539.55297852	3.0	1.0	5.38000011444	3.89893577923	-0.841132044792	-0.529908180237	0.108139671385	1.72322767337	28.0814561464	-55.1538009644	8.19295978546	40.3239517212	0.882118205265	0.0	0.0	0.0	0.0	0.0	0.848598290501	1.0	3
1.0	4827.29248047	9.0	3.0	1679.47485352	3.0	2.0	32.0600004196	2.10240105558	0.933857619762	-0.0714968666434	-0.350425720215	4.96298425709	0.950859784031	-36.2599487305	9.48451042175	43.3109512329	0.380575462774	0.0	0.0	0.0	0.0	0.0	0.983281217053	1.0	3
1.0	2813.52807617	2.0	0.0	547.683288574	2.0	0.0	0.0	10.0	0.0	0.0	0.0	0.0	0.0	0.0	0.0	0.0	2.0	0.0	0.0	0.0	0.0	0.0	1.3370440656e-11	1.0	3
1.0	7177.42480469	7.0	2.0	2227.15820312	4.0	2.0	31.2600011826	0.0	-0.0335525237024	-0.986688196659	0.159124746919	15.0916445658	3.59962748477	-32.1424484253	10.2958202362	39.3527488708	0.85307503674	0.0	0.0	0.0	1.0	12.9600000381	0.999255233652	1.0	3
1.0	2589.88598633	5.0	0.0	422.042297363	3.0	0.0	0.0	10.0	0.0	0.0	0.0	0.0	0.0	0.0	0.0	0.0	2.0	0.0	0.0	0.0	0.0	0.0	1.3370440656e-11	1.0	3
1.0	4608.76123047	8.0	3.0	2082.22485352	5.0	3.0	47.4800004959	2.10240105558	0.933857619762	-0.0714968666434	-0.350425720215	4.96298425709	0.950859784031	-36.2599487305	9.48451042175	43.3109512329	0.380575462774	0.0	0.0	0.0	0.0	0.0	0.996359756816	1.0	3
1.0	3506.39111328	1.0	0.0	748.579040527	2.0	0.0	0.0	10.0	0.0	0.0	0.0	0.0	0.0	0.0	0.0	0.0	2.0	0.0	0.0	0.0	0.0	0.0	1.3370440656e-11	0.0	3
1.0	23794.3085938	16.0	8.0	5406.53955078	11.0	7.0	107.220001638	0.0	-0.999440431595	0.0	0.0334491208196	3.59891480688	16.3893015847	-65.3706054688	-8.56634998322	8.08248519897	0.110153496255	11.0	3.70000004768	82.5799999237	5.0	31.0200004578	1.0	1.0	3
1.0	2916.85131836	7.0	0.0	675.387084961	2.0	0.0	0.0	10.0	0.0	0.0	0.0	0.0	0.0	0.0	0.0	0.0	2.0	0.0	0.0	0.0	0.0	0.0	1.3370440656e-11	1.0	3
1.0	21446.265625	20.0	7.0	5587.71875	10.0	8.0	182.880002022	0.0	-0.999440610409	0.0	0.0334430113435	2.79690530333	13.8469826362	-33.7074508667	-11.9555997849	47.2791976929	0.85380930735	12.0	3.44000005722	83.8399999142	3.0	30.4200000763	1.0	1.0	3
1.0	3634.18334961	2.0	1.0	620.786743164	2.0	2.0	19.1600003242	0.0	-0.999440610409	0.0	0.0334430113435	2.79690530333	13.8436342371	-33.7074508667	-11.9555997849	47.2791976929	0.85380930735	2.0	3.44000005722	10.3599996567	0.0	10.8599996567	0.245377336955	1.0	3
1.0	5592.26904297	14.0	6.0	2288.44482422	9.0	6.0	127.480000973	0.0	-0.999440729618	0.0	0.0334396250546	38.5204714837	0.0	-36.358001709	19.8806991577	26.2364997864	0.158079649297	5.0	3.44000005722	22.0399997234	3.0	9.97999954224	0.99892477164	1.0	3
1.0	2866.19165039	5.0	2.0	877.193237305	3.0	3.0	35.9599995613	0.0	-0.0075991791673	0.96532022953	-0.260958135128	32.5584372124	0.0	-32.7114486694	15.1339998245	29.1870002747	0.848620504902	2.0	3.44000005722	10.3599996567	1.0	9.97999954224	0.730333869395	1.0	3
1.0	5093.60009766	9.0	5.0	775.695495605	7.0	3.0	47.6600007415	0.0	-0.999440610409	0.0	0.0334430113435	0.0	33.0744834291	-33.7074508667	-11.9555997849	47.2791976929	0.85380930735	4.0	3.44000005722	21.2800004482	1.0	8.88000011444	0.999381803293	1.0	3
1.0	4714.93261719	6.0	3.0	1083.87609863	4.0	3.0	39.0799998641	0.0	-0.999440610409	0.0	0.0334430113435	0.0	32.4354824084	-33.7074508667	-11.9555997849	47.2791976929	0.85380930735	3.0	3.44000005722	16.0	1.0	8.88000011444	0.954372987867	1.0	3
1.0	8231.44433594	7.0	3.0	2144.12988281	6.0	2.0	55.8000011444	0.0	0.00770689314231	-0.965315163136	0.260973662138	30.8437905966	17.3950940355	-44.6342010498	7.2707400322	38.8663024902	0.920139294731	1.0	11.8199996948	10.1199998856	0.0	11.8199996948	0.999397886036	1.0	3
