valid	volumeS1	connectedComponentsS1	connectedComponentsS1Rel	volumeS2	connectedComponentsS2	connectedComponentsS2Rel	corticalSize	distanceMin	direction_x	direction_y	direction_z	distanceToExtremity1	distanceToExtremity2	gravityCenter_x	gravityCenter_y	gravityCenter_z	corticalDotProduct	junctions	junctionDepthMin	junctionsSize	plisDePassage	plisDePassageDepthMax	Potential	Class	cycle
1.0	630.145019531	1.0	1.0	2381.97192383	2.0	1.0	21.4200000763	3.12097259401	0.252400875092	-0.92631316185	0.279710173607	2.07217254829	22.6480645943	-66.9465484619	-23.9917488098	-31.9334487915	0.193753410392	0.0	0.0	0.0	0.0	0.0	-1.0	0.0	1
1.0	829.939025879	4.0	4.0	6048.09033203	11.0	3.0	62.5400004387	1.15603202621	-0.691316723824	0.718405604362	-0.0772955194116	14.4922850374	25.6837416037	-68.7712554932	-14.0926494598	-17.5806503296	0.954688333173	2.0	15.5600004196	16.0	0.0	25.1399993896	0.257569538883	1.0	1
1.0	689.626220703	2.0	0.0	1882.88818359	6.0	0.0	0.0	10.0	0.0	0.0	0.0	0.0	0.0	0.0	0.0	0.0	2.0	0.0	0.0	0.0	0.0	0.0	0.0126026522244	1.0	1
1.0	1944.1953125	2.0	2.0	3430.70800781	6.0	1.0	24.6000001431	0.0	-0.0584630407393	-0.987321555614	0.147574335337	0.979459130672	1.34690769598	-61.3749008179	-13.7241001129	-46.4092483521	0.233548653818	1.0	1.96000003815	0.0	0.0	1.96000003815	0.0219550704382	1.0	1
1.0	933.04296875	2.0	2.0	5857.06201172	8.0	4.0	94.840000391	0.0	0.0583500824869	0.987312138081	-0.147681996226	16.5112108896	34.340225116	-63.8521499634	-24.6744003296	-11.7308998108	0.518399975839	3.0	8.68000030518	23.4599995613	0.0	18.5799999237	0.363242451104	1.0	1
1.0	827.421020508	1.0	1.0	3101.61230469	1.0	1.0	26.5799999237	0.0	-0.995591461658	0.0936337485909	-0.00550989201292	1.43863003554	16.3620593369	-58.3624000549	-17.7681007385	-36.3915023804	0.754967013748	2.0	6.73999977112	14.0399999619	2.0	7.78000020981	-1.0	0.0	1
1.0	1995.35705566	3.0	3.0	6725.90625	9.0	4.0	44.5600004196	0.0	-0.105033688247	-0.992557048798	-0.0616318024695	5.6337616688	51.111773731	-57.1699523926	-29.9604988098	-2.46951007843	0.518520030254	7.0	7.78000020981	79.8415999413	2.0	21.8400001526	0.974530067597	1.0	1
1.0	347.835998535	2.0	1.0	6982.40576172	9.0	2.0	32.2467283022	0.0	-0.104945503175	-0.992565870285	-0.0616398751736	3.64645700481	36.7261794309	-57.3234024048	-32.6411514282	-29.9906005859	0.858491896628	4.0	4.61999988556	28.9799997807	1.0	6.05999994278	0.0197725224431	1.0	1
1.0	379.028991699	1.0	1.0	2613.75439453	6.0	1.0	0.0	10.0	0.0	0.0	0.0	0.0	0.0	0.0	0.0	0.0	2.0	1.0	26.5799999237	8.84000015259	0.0	26.5799999237	0.976444317814	1.0	1
1.0	1578.5369873	2.0	2.0	4366.76123047	8.0	3.0	24.0400004387	0.0	-0.995600163937	0.0935403779149	-0.00552680762485	1.82044869755	16.2987607432	-53.8022003174	-22.9835510254	1.64085006714	0.0808809773847	4.0	5.48000001907	46.5599992275	2.0	6.05999994278	0.982778459963	1.0	1
1.0	1195.57397461	2.0	2.0	4763.8046875	6.0	4.0	56.1600008011	1.40920189346	-0.104991532862	-0.992561578751	-0.0616303235292	5.6337616688	46.0219736562	-57.2220535278	-30.453250885	-2.50010490417	0.856816506248	2.0	1.44000005722	9.42000007629	2.0	7.78000020981	0.586532177907	1.0	1
1.0	1405.34899902	2.0	2.0	7614.99902344	4.0	2.0	69.5919278872	0.0	-0.104938909411	-0.992567002773	-0.0616323053837	0.0	26.5783147313	-56.5209999084	-33.917098999	-4.52690029144	0.255118390905	7.0	6.53999996185	72.1963992119	2.0	7.78000020981	0.532237406015	1.0	1
1.0	2074.22094727	4.0	4.0	5888.57470703	7.0	3.0	86.5631999969	0.0	0.104938209057	0.992567002773	0.0616336725652	2.88264454317	44.7024686371	-53.8057022095	-10.2169151306	-46.8227005005	0.284283592433	9.0	4.61999988556	94.6963989735	6.0	14.5200004578	0.965663028371	1.0	1
1.0	565.70501709	1.0	0.0	2235.3137207	1.0	0.0	0.0	10.0	0.0	0.0	0.0	0.0	0.0	0.0	0.0	0.0	2.0	0.0	0.0	0.0	0.0	0.0	0.0126026522244	0.0	1
1.0	1366.93200684	4.0	4.0	9677.50683594	14.0	5.0	42.5200002193	0.0	-0.0334177836776	-0.984703600407	0.171003267169	2.10718827827	25.4943847673	-56.6792526245	-15.8064498901	-1.77070999146	0.436437637542	8.0	7.59999990463	90.1200003624	1.0	7.59999990463	0.409540168349	1.0	1
1.0	644.507019043	1.0	1.0	2468.86499023	2.0	2.0	23.1600008011	0.0	-0.0461944080889	-0.993749678135	0.101625077426	4.06311692113	2.70614583328	-59.1407012939	-21.1974487305	-29.5866012573	0.79544144462	1.0	13.6800003052	12.5600004196	1.0	13.6800003052	-1.0	0.0	1
1.0	820.666992188	2.0	1.0	2920.79223633	4.0	3.0	31.1600008011	0.0	-0.0461944080889	-0.993749678135	0.101625077426	4.06311692113	24.5323417733	-59.1407012939	-21.1974487305	-29.5866012573	0.79544144462	1.0	13.6800003052	12.5600004196	1.0	13.6800003052	0.0894091098296	1.0	1
1.0	470.674987793	1.0	1.0	644.507019043	1.0	1.0	10.5600004196	0.0	0.0461944080889	0.993749678135	-0.101625077426	2.70614583328	4.06311692113	-59.1407012939	-21.1974487305	-29.5866012573	0.79544144462	1.0	13.6800003052	12.5600004196	1.0	13.6800003052	0.334641505331	1.0	1
1.0	760.476989746	2.0	2.0	3097.07446289	8.0	4.0	58.1400008202	0.0	0.0461944080889	0.993749678135	-0.101625077426	24.5323417733	12.6767772617	-59.1407012939	-21.1974487305	-29.5866012573	0.79544144462	2.0	5.98000001907	16.460000515	2.0	13.6800003052	0.43338882485	1.0	1
1.0	4039.87109375	7.0	7.0	8841.54296875	15.0	7.0	104.483599186	0.0	-0.994936227798	0.0	0.100508131087	0.0	13.904401639	-53.5392990112	-5.89565992355	-51.6761474609	0.0549612475085	19.0	2.6400001049	208.222401537	7.0	34.2599983215	0.988888007194	1.0	1
1.0	2517.9699707	3.0	3.0	5832.43359375	17.0	4.0	19.220000267	2.38694989323	0.501146435738	0.138586238027	-0.854193210602	17.2780678189	16.8703800898	-59.4084510803	-21.2861003876	-43.4043998718	0.925439937798	2.0	11.1999998093	0.137199997902	1.0	11.1999998093	0.733801518342	1.0	1
1.0	3833.87182617	5.0	4.0	4785.24023438	13.0	6.0	71.5036001205	0.0	-0.00610284879804	0.998385310173	-0.0564757473767	16.8540814216	11.933400188	-62.0480003357	-5.95275020599	-41.7468032837	0.29877670139	10.0	3.75999999046	141.680002689	5.0	26.8600006104	0.9996801747	1.0	1
1.0	2068.60986328	2.0	2.0	1870.28601074	7.0	2.0	24.7800002098	0.0	-0.994936048985	0.0	0.100510232151	1.01633657286	34.9101033914	-59.7453994751	-16.3104000092	5.45586013794	0.81194207681	2.0	8.89999961853	17.9400005341	0.0	10.279999733	0.213742369607	1.0	1
1.0	3102.52099609	2.0	2.0	5389.12548828	11.0	4.0	83.5199985504	0.0	-0.994936048985	0.0	0.100510232151	1.01633657286	39.4579684322	-59.7453994751	-16.3104000092	5.45586013794	0.81194207681	7.0	3.75999999046	110.840001106	7.0	26.8600006104	0.988238536055	1.0	1
1.0	1283.45397949	2.0	2.0	6625.83056641	9.0	4.0	51.4999990463	0.0	-0.994936048985	0.0	0.100510232151	1.01633657286	47.7353879573	-59.7453994751	-16.3104000092	5.45586013794	0.81194207681	4.0	3.75999999046	50.9200000763	2.0	22.2999992371	0.045671306581	1.0	1
1.0	2083.625	2.0	2.0	7751.77197266	11.0	6.0	146.159998894	0.0	-0.994936048985	0.0	0.100510232151	1.01633657286	47.7353879573	-59.7453994751	-16.3104000092	5.45586013794	0.81194207681	9.0	8.89999961853	120.202401794	7.0	26.1399993896	0.969918489016	1.0	1
1.0	1024.0579834	1.0	1.0	1969.90612793	3.0	1.0	17.4799995422	1.83319666382	-0.233858197927	-0.257306009531	0.937605440617	1.86698202348	12.3472442671	-60.8806533813	-26.0220489502	-36.1852493286	0.723790124121	0.0	0.0	0.0	0.0	0.0	0.191831981054	1.0	1
1.0	2323.98388672	3.0	3.0	2788.03027344	9.0	3.0	30.0399990082	0.0	-0.994936048985	0.0	0.100510232151	1.01633657286	48.9261710182	-59.7453994751	-16.3104000092	5.45586013794	0.81194207681	3.0	2.6400001049	30.1000003815	1.0	22.2999992371	0.992621492534	1.0	1
1.0	3831.75634766	7.0	7.0	10532.9580078	12.0	6.0	149.019999743	0.0	-0.0429126471281	-0.985954999924	0.161404058337	4.20326710136	50.2099655611	-52.2229995728	-26.1752510071	1.95180499554	0.771482816522	22.0	3.90000009537	245.9791013	18.0	28.1200008392	0.977456539317	1.0	1
1.0	3022.66210938	5.0	5.0	6185.14111328	18.0	10.0	51.3600001335	0.0	-0.998990654945	0.0365149863064	-0.0261597614735	1.72937111557	39.0163635351	-56.9875030518	-28.3561515808	-35.4992980957	0.595922010363	10.0	7.38000011444	137.06000042	3.0	28.1200008392	0.995185726604	1.0	1
1.0	3251.59985352	5.0	5.0	10868.6367188	14.0	6.0	95.9600009918	0.0	0.0429157800972	0.985954880714	-0.161403715611	1.79007859699	32.8024686189	-60.21900177	-12.36784935	-5.68413496017	0.249285296452	24.0	6.46000003815	282.160301022	16.0	28.1200008392	0.995778063515	1.0	1
1.0	481.04498291	2.0	2.0	5341.28125	6.0	2.0	25.3599991798	0.0	-0.998987436295	0.0365989133716	-0.0261648241431	0.0	49.0645391385	-51.2782516479	-21.4526004791	-53.4263000488	0.27470280325	1.0	10.3000001907	9.06000041962	0.0	10.3000001907	0.16302186038	1.0	1
1.0	1847.23303223	3.0	3.0	635.75402832	1.0	1.0	17.4800002575	0.0	0.998987436295	-0.0365990251303	0.0261649042368	15.2712541984	2.40477338487	-60.159450531	-18.2875995636	-42.4224014282	0.830964185956	0.0	0.0	0.0	1.0	23.7600002289	0.990478965559	1.0	1
1.0	399.398986816	2.0	2.0	3869.0168457	5.0	2.0	24.8399996758	0.0	-0.998987615108	0.0365960039198	-0.0261627435684	1.24596558668	22.884187596	-59.9548034668	-32.5321998596	-23.1676998138	0.49503202902	3.0	11.9200000763	34.4800004959	1.0	15.1000003815	0.293746348043	1.0	1
1.0	3496.62695312	3.0	3.0	6191.23193359	7.0	6.0	92.0199997425	0.0	-0.0429126471281	-0.985954999924	0.161404058337	4.20326710136	8.88866394364	-52.2229995728	-26.1752510071	1.95180499554	0.771482816522	8.0	8.22000026703	114.140001297	5.0	28.1200008392	0.993740833691	1.0	1
1.0	635.75402832	1.0	1.0	5180.48730469	8.0	2.0	13.879999876	0.0	0.998990654945	-0.0365149863064	0.0261597614735	1.28316799475	35.000841447	-56.9875030518	-28.3561515808	-35.4992980957	0.69656564156	2.0	20.7399997711	39.9400005341	2.0	21.3199996948	0.928154208067	1.0	1
1.0	1009.98797607	2.0	2.0	6307.40478516	6.0	5.0	61.8399991989	0.0	-0.998987615108	0.0365960039198	-0.0261627435684	1.24596558668	22.884187596	-59.9548034668	-32.5321998596	-23.1676998138	0.49503202902	5.0	11.9200000763	81.07999897	3.0	26.3199996948	0.976559416398	1.0	1
1.0	2447.6159668	6.0	5.0	10974.1201172	8.0	3.0	59.731601119	0.0	-0.00372828356922	-0.980682730675	0.195569619536	1.14257360038	37.5284684467	-61.2524490356	-10.2802448273	-41.0253486633	0.889729182125	26.0	3.33999991417	196.998800507	2.0	18.6800003052	0.840148882567	1.0	1
1.0	1491.51538086	1.0	1.0	1865.29516602	2.0	1.0	10.9400000572	2.33033688332	0.215027913451	0.611457884312	-0.761500000954	10.9060613649	2.31897188668	-57.3534507751	-18.6302490234	-45.6924514771	0.355137457185	0.0	0.0	0.0	0.0	0.0	0.846494091117	1.0	1
1.0	1826.29296875	2.0	0.0	2917.66821289	2.0	0.0	0.0	10.0	0.0	0.0	0.0	0.0	0.0	0.0	0.0	0.0	2.0	0.0	0.0	0.0	0.0	0.0	0.0126026522244	1.0	1
1.0	553.161010742	1.0	1.0	6277.04443359	3.0	1.0	28.7200008631	1.21358147203	0.736266851425	-0.660833358765	0.145637705922	2.50948587418	36.5323688561	-55.9393005371	-16.4229507446	-5.92063999176	0.315031877421	1.0	9.81999969482	8.03999996185	0.0	9.81999969482	0.0175762897064	1.0	1
1.0	793.112976074	1.0	1.0	3705.52612305	2.0	1.0	19.1200003624	0.0	-0.0265243332833	-0.970082998276	0.241320103407	0.0	30.9194270915	-63.0179977417	-19.4358997345	-26.6687507629	0.159222025412	2.0	8.84000015259	17.3599996567	1.0	8.84000015259	-1.0	0.0	1
1.0	938.621948242	2.0	1.0	6530.29394531	7.0	1.0	6.51999998093	0.0	-0.0265243127942	-0.97008317709	0.241319462657	11.7040265043	26.5780412515	-61.2518005371	-12.2490005493	-2.05743002892	0.816471156758	2.0	14.8800001144	33.6400003433	2.0	17.6000003815	0.971367311676	1.0	1
1.0	1070.84008789	2.0	2.0	5336.75488281	6.0	5.0	55.2399997711	0.0	0.993507087231	0.0	0.113770179451	11.4458222191	23.5288846769	-59.9132995605	-21.6882991791	-29.491399765	0.202966994182	4.0	3.75999999046	33.3600001335	3.0	14.0	0.818931348756	1.0	1
1.0	4903.10644531	3.0	3.0	9975.16503906	13.0	6.0	163.279997826	0.0	-0.0265279840678	-0.970083415508	0.241318136454	3.79843686527	42.0025260313	-48.9986000061	-14.510099411	-52.5232505798	0.0677590876506	18.0	1.12000000477	217.040002346	12.0	22.7600002289	0.99372528476	1.0	1
1.0	2295.45507812	3.0	3.0	4409.92138672	4.0	2.0	48.6400008202	0.0	0.993508279324	0.0	0.113759703934	23.9135376193	22.9555658966	-62.4522476196	-18.9312000275	-26.7311000824	0.860820260162	2.0	8.84000015259	17.3599996567	1.0	8.84000015259	0.263870467279	1.0	1
1.0	2688.35791016	3.0	3.0	5084.17919922	5.0	4.0	59.6799998283	0.0	0.0265245810151	0.970082938671	-0.241320520639	19.2814742311	1.52311785297	-61.1689987183	-3.85085487366	-43.4924507141	0.609068236312	2.0	14.8800001144	46.1200008392	2.0	15.4399995804	0.998896064942	1.0	1
1.0	1088.14099121	1.0	1.0	2850.77099609	2.0	1.0	5.96000003815	2.76619779183	-0.194748654962	-0.875166475773	0.442895680666	23.2447633359	28.0902361751	-63.7492980957	-22.279548645	-25.0998001099	0.487820498374	0.0	0.0	0.0	0.0	0.0	0.452462457672	1.0	1
1.0	1217.68896484	1.0	1.0	5845.94628906	5.0	3.0	43.5999999046	0.0	0.993508279324	0.0	0.113759703934	0.0	24.7995965369	-62.4522476196	-18.9312000275	-26.7311000824	0.860820260162	3.0	8.84000015259	33.4000005722	2.0	9.96000003815	0.4419162565	1.0	1
1.0	293.381011963	1.0	1.0	2095.61621094	2.0	1.0	6.80000019073	2.78304327255	-0.0444010533392	-0.838785052299	-0.542649269104	5.99718320847	14.724087911	-69.1479492188	-14.4337501526	-11.1811904907	0.624175292042	0.0	0.0	0.0	0.0	0.0	-1.0	0.0	1
1.0	3790.44873047	4.0	4.0	9133.14257812	14.0	5.0	55.2315992117	0.0	0.982115030289	-0.129117116332	-0.13703610003	2.46585401731	54.7002133827	-58.1348495483	-17.4379997253	6.12829017639	0.643454641269	10.0	1.0	92.329549551	4.0	33.8600006104	0.981487266042	1.0	1
1.0	3195.38354492	4.0	4.0	10129.3564453	15.0	9.0	116.980000257	0.0	-0.0849910378456	-0.953448295593	0.289331823587	3.18606111458	26.9851947699	-56.28150177	-5.7137298584	-51.2356491089	0.324991738674	12.0	3.48000001907	116.007199764	4.0	22.2999992371	0.924151067824	1.0	1
1.0	2834.97290039	5.0	4.0	6884.89941406	13.0	6.0	131.759999037	0.0	0.982115030289	-0.129117116332	-0.13703610003	2.46585401731	44.6662475364	-58.1348495483	-17.4379997253	6.12829017639	0.643454641269	5.0	1.0	29.8000001907	3.0	16.7199993134	0.974881200844	1.0	1
1.0	1518.82702637	2.0	2.0	5175.7890625	6.0	2.0	31.9400002956	0.0	0.982110202312	-0.129217535257	-0.136975720525	13.3680830501	6.41766056298	-62.7994499207	-14.5702495575	-41.3990478516	0.868326985737	1.0	4.51999998093	3.53999996185	1.0	4.51999998093	0.667110236336	1.0	1
1.0	86.2260971069	1.0	1.0	1529.72302246	4.0	2.0	20.0399999619	0.0	0.0849936157465	0.95344209671	-0.289351463318	2.25500806349	16.5048790624	-66.8106994629	-19.3621501923	-23.9769515991	0.331482077041	1.0	7.92000007629	7.23999977112	0.0	7.92000007629	0.164174659418	1.0	1
1.0	431.930603027	3.0	3.0	5123.46582031	6.0	2.0	43.33160007	0.0	0.982114672661	-0.129119470716	-0.13703610003	3.52319882798	21.636001935	-65.5205535889	-27.6296005249	-9.56184959412	0.841189998618	1.0	12.2399997711	11.2399997711	0.0	12.2399997711	0.775520878016	1.0	1
1.0	3196.453125	2.0	2.0	7965.05371094	14.0	4.0	82.2144010067	0.0	0.998193800449	-0.0286201890558	0.0528207607567	2.77213739738	29.6327979257	-60.4006996155	-14.3712997437	1.17630505562	0.991234267856	18.0	1.01999998093	107.403600581	9.0	16.6599998474	0.987282149499	1.0	1
1.0	1048.32202148	2.0	0.0	752.152099609	3.0	0.0	0.0	10.0	0.0	0.0	0.0	0.0	0.0	0.0	0.0	0.0	2.0	0.0	0.0	0.0	0.0	0.0	0.0126026522244	1.0	1
1.0	464.850097656	1.0	1.0	5251.77734375	3.0	2.0	6.17999982834	0.0	0.998193800449	-0.0286201890558	0.0528207607567	2.77213739738	23.4700699344	-60.4006996155	-14.3712997437	1.17630505562	0.991234267856	10.0	3.29999995232	50.0048000738	5.0	11.3999996185	0.978262021696	1.0	1
1.0	1393.703125	2.0	2.0	5535.98388672	8.0	3.0	33.1543991566	0.0	0.998193800449	-0.0286201890558	0.0528207607567	2.46411923448	29.6327979257	-60.4006996155	-14.3712997437	1.17630505562	0.603375376367	1.0	8.43999958038	12.9600000381	0.0	8.43999958038	0.218002519102	1.0	1
1.0	55.753200531	1.0	1.0	7952.22021484	7.0	2.0	41.6199989319	2.23420458591	0.349159091711	-0.306267619133	0.88560038805	0.0	20.9610926586	-62.5325469971	-31.7142982483	0.684200048447	0.92970371383	0.0	0.0	0.0	0.0	0.0	0.386489534611	1.0	1
1.0	1337.94995117	1.0	1.0	3637.03588867	5.0	2.0	33.3344004154	0.0	0.998193800449	-0.0286201890558	0.0528207607567	2.46411923448	23.4700699344	-60.4006996155	-14.3712997437	1.17630505562	0.603375376367	1.0	8.43999958038	12.9600000381	0.0	8.43999958038	0.280316009564	1.0	1
1.0	282.511993408	1.0	1.0	3117.25195312	3.0	1.0	6.73999977112	0.0	0.0124380672351	-0.251080602407	-0.967886269093	2.98221568336	36.2083815729	-60.8685493469	-10.8435497284	-7.31387519836	0.958971771786	1.0	11.279999733	15.3599996567	0.0	11.279999733	-1.0	0.0	1
1.0	3187.30224609	6.0	6.0	10073.7216797	12.0	8.0	113.474401832	0.0	0.0289053656161	-0.963120162487	0.267514556646	5.20837126727	33.1136238812	-54.5790481567	-23.5450000763	-0.0547693483531	0.140922177108	24.0	10.8000001907	282.379999995	8.0	25.7999992371	0.977307980509	1.0	1
1.0	3853.27807617	6.0	6.0	4837.79882812	12.0	5.0	56.8344013691	0.0	-0.0288059469312	0.963108181953	-0.267568379641	7.18154434236	26.11023363	-55.9180984497	-5.57986497879	-44.4808998108	0.213016612706	25.0	10.8000001907	202.04079926	9.0	25.5200004578	0.997942370257	1.0	1
1.0	624.79901123	1.0	1.0	2656.01513672	5.0	1.0	1.39999997616	1.71981972437	0.0288391523063	-0.963117718697	0.267530500889	4.51613117992	4.84880292173	-56.8545532227	-7.75240516663	-40.9707489014	0.872320281734	1.0	25.5200004578	25.2399997711	1.0	25.5200004578	0.136256741027	1.0	1
1.0	2677.22314453	1.0	1.0	4954.79003906	9.0	4.0	79.2200012207	0.0	0.0288054142147	-0.963110685349	0.267559528351	0.987288779903	15.9013135446	-54.8174972534	-9.34749507904	-43.4208984375	0.825927374291	2.0	24.5400009155	48.9400005341	1.0	24.5400009155	0.973122780468	1.0	1
1.0	452.210998535	2.0	2.0	2679.16357422	10.0	3.0	24.3400001526	0.0	-0.028803518042	0.963105082512	-0.267579823732	0.0	20.1038880163	-63.7555999756	-10.7264499664	-24.177898407	0.782481925671	1.0	21.8600006104	20.8799991608	1.0	10.3000001907	0.427661313376	1.0	1
1.0	820.382995605	2.0	2.0	1955.69592285	7.0	2.0	11.439999938	0.0	-0.0289059262723	0.96310788393	-0.26755875349	2.40326737951	1.9745741303	-55.9071502686	-6.17603492737	-42.8552017212	0.274282202736	1.0	21.8600006104	20.8799991608	0.0	21.8600006104	0.994386125013	1.0	1
1.0	299.980010986	1.0	1.0	1763.12438965	6.0	1.0	1.98000001907	0.0	0.0288054142147	-0.963110685349	0.267559528351	0.987288779903	15.9013135446	-54.8174972534	-9.34749507904	-43.4208984375	0.825927374291	1.0	24.5400009155	24.2600002289	0.0	24.5400009155	0.0798103954655	1.0	1
1.0	2152.86010742	3.0	3.0	4218.39257812	10.0	6.0	71.2400013208	0.0	-0.0289059262723	0.96310788393	-0.26755875349	2.40326737951	1.9745741303	-55.9071502686	-6.17603492737	-42.8552017212	0.274282202736	7.0	10.8000001907	133.800000191	5.0	25.7999992371	0.977562876804	1.0	1
1.0	177.487503052	1.0	1.0	2037.61083984	3.0	1.0	10.1400003433	3.46241250048	0.263732254505	0.664030730724	-0.699648857117	0.0	33.717174848	-64.0077514648	-18.4897003174	-24.7084007263	0.312759846116	0.0	0.0	0.0	0.0	0.0	-1.0	0.0	1
1.0	250.753509521	2.0	2.0	5728.58837891	8.0	2.0	0.0	10.0	0.0	0.0	0.0	0.0	0.0	0.0	0.0	0.0	2.0	3.0	9.03999996185	21.3400001526	2.0	25.8799991608	0.076704038528	1.0	1
1.0	171.570495605	2.0	1.0	1371.69311523	4.0	1.0	8.88000011444	1.62590588482	-0.301297277212	-0.581372201443	0.755795121193	3.14012418342	37.7347259427	-63.0495491028	-13.1105499268	-31.5626983643	0.800743552282	0.0	0.0	0.0	0.0	0.0	0.076704038528	1.0	1
1.0	130.942001343	1.0	1.0	1937.17944336	4.0	1.0	7.19999980927	0.0	0.0130403237417	-0.976928651333	0.213167354465	1.79884270689	2.07272412005	-60.9915504456	-14.2541503906	-35.4696998596	0.976506400196	0.0	0.0	0.0	1.0	20.6800003052	0.076704038528	1.0	1
1.0	277.692504883	2.0	2.0	3815.37402344	5.0	2.0	30.2200009823	0.0	0.0130403209478	-0.976928472519	0.213168337941	3.59791706291	27.2955817247	-63.3042488098	-27.257850647	-13.2355003357	0.769932572805	2.0	8.65999984741	18.9399995804	0.0	15.3000001907	0.130994421157	1.0	1
1.0	312.476013184	1.0	1.0	1716.95727539	5.0	1.0	9.47999954224	0.0	0.00915415212512	-0.994012892246	0.10887876153	1.89267381867	2.37495907879	-61.6700973511	-27.7908000946	-31.460899353	0.822207543991	0.0	0.0	0.0	1.0	17.9200000763	0.277310356329	1.0	1
1.0	2572.14501953	1.0	1.0	874.541992188	2.0	1.0	46.5999991894	2.32182473376	0.260236203671	-0.726659655571	0.635801017284	2.37133710663	0.0	-61.9666519165	-10.1423397064	-2.0093729496	0.936037226354	0.0	0.0	0.0	0.0	0.0	0.522721905285	1.0	1
1.0	2052.17602539	1.0	1.0	5154.53613281	7.0	2.0	42.7999989986	0.0	0.00915415212512	-0.994012892246	0.10887876153	17.3848321708	29.9428868294	-61.6700973511	-27.7908000946	-31.460899353	0.822207543991	0.0	0.0	0.0	1.0	17.9200000763	0.652975705397	1.0	1
1.0	519.968994141	1.0	1.0	2372.27978516	3.0	2.0	31.4999995232	0.0	-0.00915415212512	0.994012892246	-0.10887876153	2.37495907879	13.2067168012	-61.6700973511	-27.7908000946	-31.460899353	0.822207543991	2.0	10.3000001907	23.8599996567	1.0	17.9200000763	0.454557611754	1.0	1
1.0	649.382995605	1.0	1.0	3219.65600586	2.0	1.0	34.2800006866	1.86032522588	0.331686317921	-0.905397891998	-0.265026092529	1.98498897674	10.4361971461	-60.0967483521	-14.4316997528	-41.9942016602	0.653615363836	0.0	0.0	0.0	0.0	0.0	-1.0	0.0	1
1.0	1923.92675781	5.0	4.0	3016.61499023	8.0	5.0	22.0	0.0	0.0472534149885	-0.972083210945	0.229829028249	0.0	13.8763426283	-54.8340492249	-8.71848487854	-50.8464508057	0.62720491422	4.0	5.30000019073	42.9400005341	2.0	8.46000003815	0.994757115116	1.0	1
1.0	588.338989258	2.0	0.0	875.386291504	8.0	0.0	0.0	10.0	0.0	0.0	0.0	0.0	0.0	0.0	0.0	0.0	2.0	0.0	0.0	0.0	0.0	0.0	0.0126026522244	1.0	1
1.0	2404.04882812	3.0	3.0	3890.14746094	12.0	3.0	9.19999980927	2.0794422306	0.276311814785	-0.947759747505	-0.159383863211	14.38867023	38.9117346922	-59.7609024048	-14.9670000076	-7.87587547302	0.168704695973	3.0	6.78000020981	23.3239998817	1.0	6.78000020981	0.988238519887	1.0	1
1.0	1032.49291992	3.0	3.0	6736.578125	9.0	5.0	48.3543999195	0.0	0.047256924212	-0.972107052803	0.229727461934	1.06086751623	46.0806539706	-51.3854522705	-16.8791007996	-52.2744979858	0.874145774645	6.0	7.84000015259	103.798798412	2.0	7.84000015259	0.609671594526	1.0	1
1.0	1176.29296875	2.0	2.0	5192.05517578	4.0	3.0	53.1600006819	0.0	0.0472534149885	-0.972083210945	0.229829028249	0.0	48.7041695817	-54.8340492249	-8.71848487854	-50.8464508057	0.62720491422	1.0	27.5	26.8400001526	0.0	27.5	0.153036027098	1.0	1
1.0	1624.24597168	4.0	2.0	2811.6640625	6.0	2.0	40.3599996567	0.0	0.998336434364	0.0336565561593	-0.0468149445951	13.2789231009	17.2790631063	-56.46900177	-17.8915500641	-8.1165599823	0.22706819559	2.0	7.84000015259	6.69879993796	2.0	7.84000015259	0.979033928887	1.0	1
1.0	790.431030273	2.0	2.0	2939.37084961	3.0	2.0	43.9800004959	0.0	0.0472558401525	-0.972084701061	0.22982211411	12.1480338128	19.3471025413	-60.0693511963	-21.2057991028	-34.7139511108	0.669845725727	1.0	12.7600002289	12.5399999619	0.0	12.7600002289	0.136256745707	1.0	1
1.0	557.869995117	1.0	1.0	2698.6809082	1.0	1.0	13.1000003815	0.0	0.106013260782	-0.937813639641	0.330555230379	2.53349168067	15.8014473448	-58.8337516785	-19.9178009033	-37.0757522583	0.414005378591	1.0	4.03999996185	4.0	1.0	4.03999996185	-1.0	0.0	1
1.0	4208.80810547	1.0	1.0	4323.67285156	15.0	5.0	52.2675989866	0.0	-0.993542969227	-0.113423392177	-0.00274446280673	8.61508060361	46.2432415178	-58.9412002563	-14.6516494751	-6.48719501495	0.727672510157	7.0	7.26000022888	76.6599998474	0.0	19.9799995422	0.973753007454	1.0	1
1.0	1806.76599121	2.0	2.0	3440.75170898	7.0	3.0	25.4799995422	0.0	0.993543028831	0.113422557712	0.00275293341838	2.44992747425	13.0374348366	-61.0275001526	-15.9924497604	-17.7822494507	0.944510243314	5.0	7.61999988556	66.0	0.0	19.5599994659	0.0143045299705	1.0	1
1.0	2296.19677734	1.0	1.0	4790.55859375	5.0	4.0	85.4999998808	0.0	-0.106013178825	0.93781375885	-0.330554991961	4.08182833592	32.6686525777	-57.4616508484	-11.870300293	-46.3001480103	0.49983657392	5.0	10.5600004196	71.6452004015	2.0	18.4400005341	0.672553367413	1.0	1
1.0	1100.93994141	1.0	0.0	218.927993774	1.0	0.0	0.0	10.0	0.0	0.0	0.0	0.0	0.0	0.0	0.0	0.0	2.0	0.0	0.0	0.0	0.0	0.0	0.0126026522244	1.0	1
1.0	512.506958008	1.0	1.0	3761.10400391	3.0	1.0	9.93999958038	3.029103886	0.11014264822	-0.685887098312	-0.719324350357	1.02809267648	10.3508395531	-65.0252990723	-18.5253505707	-25.107749939	0.330814559104	0.0	0.0	0.0	0.0	0.0	-1.0	0.0	1
1.0	296.782989502	2.0	2.0	4112.57080078	9.0	2.0	3.29999995232	0.0	-0.0587473884225	-0.984730243683	0.16387526691	1.47158279445	34.3290692908	-56.2302017212	-18.4435005188	-1.35579001904	0.189433961202	5.0	5.98000001907	41.6399993896	1.0	8.35999965668	4.52995300141e-08	1.0	1
1.0	3713.38134766	3.0	1.0	2790.78833008	8.0	1.0	0.0	10.0	0.0	0.0	0.0	0.0	0.0	0.0	0.0	0.0	2.0	3.0	5.98000001907	28.1199989319	0.0	19.5200004578	0.977050231164	1.0	1
1.0	2031.62402344	3.0	3.0	2161.31884766	3.0	3.0	41.2999994755	0.0	0.0587473884225	0.984730243683	-0.16387526691	2.73688678867	3.28779312643	-56.2302017212	-18.4435005188	-1.35579001904	0.189433961202	1.0	8.35999965668	9.19999980927	2.0	8.35999965668	0.545026688485	1.0	1
1.0	1590.76708984	3.0	3.0	4016.06738281	9.0	6.0	56.9199986458	0.0	-0.0587473884225	-0.984730243683	0.16387526691	3.28779312643	31.5763907885	-56.2302017212	-18.4435005188	-1.35579001904	0.189433961202	7.0	5.98000001907	91.2199983597	3.0	20.2199993134	0.974596229964	1.0	1
1.0	531.192016602	2.0	2.0	5344.76953125	6.0	4.0	76.4199981689	0.0	0.0588470436633	0.984721422195	-0.163892358541	3.26772806078	21.7795800907	-61.8396492004	-20.2312011719	-34.9289474487	0.426802473697	1.0	16.4799995422	15.8800001144	1.0	5.07999992371	0.293857188583	1.0	1
1.0	845.359008789	2.0	2.0	9394.49804688	7.0	4.0	44.9999988079	0.0	-0.0587443336844	-0.984743058681	0.163799181581	1.02808702308	30.3609451079	-64.1175003052	-34.6211013794	-14.3905000687	0.513356165019	5.0	5.98000001907	55.9999990463	3.0	20.2199993134	0.706311651907	1.0	1
1.0	630.145019531	1.0	1.0	2381.97192383	2.0	1.0	21.4200000763	3.12097259401	0.252400875092	-0.92631316185	0.279710173607	2.07217254829	22.6480645943	-66.9465484619	-23.9917488098	-31.9334487915	0.193753410392	0.0	0.0	0.0	0.0	0.0	-1.0	0.0	2
1.0	1792.02502441	2.0	2.0	2732.01293945	3.0	1.0	24.5399999619	2.46626233662	0.587134540081	-0.695282042027	-0.414555072784	2.08568550526	3.08497524316	-64.1562042236	-12.7182998657	-43.4460487366	0.615458074074	0.0	0.0	0.0	0.0	0.0	0.202124918524	1.0	2
1.0	1403.38525391	4.0	4.0	3611.90209961	6.0	4.0	39.1399992704	0.0	0.0584630407393	0.987321555614	-0.147574335337	1.34690769598	8.73827800588	-61.3749008179	-13.7241001129	-46.4092483521	0.233548653818	3.0	1.96000003815	10.8599996567	1.0	22.5599994659	0.294750200214	1.0	2
1.0	1384.6550293	2.0	2.0	3954.64697266	8.0	5.0	36.9999998808	0.0	0.99788993597	-0.0560521744192	-0.0327698029578	16.7541056494	30.0309123156	-60.5446014404	-27.9657497406	-38.3549499512	0.994694957194	2.0	18.5799999237	16.779999733	1.0	22.5599994659	0.291404853728	1.0	2
1.0	2608.10839844	2.0	2.0	4770.61523438	4.0	3.0	43.2399997711	0.0	-0.0584630407393	-0.987321555614	0.147574335337	0.979459130672	36.867252554	-61.3749008179	-13.7241001129	-46.4092483521	0.233548653818	4.0	1.96000003815	16.3267995119	0.0	18.5799999237	0.360061236343	1.0	2
1.0	827.421020508	1.0	1.0	3101.61230469	1.0	1.0	26.5799999237	0.0	-0.995591461658	0.0936337485909	-0.00550989201292	1.43863003554	16.3620593369	-58.3624000549	-17.7681007385	-36.3915023804	0.754967013748	2.0	6.73999977112	14.0399999619	2.0	7.78000020981	-1.0	0.0	2
1.0	2314.20019531	3.0	3.0	3673.20922852	9.0	5.0	54.5431995392	0.0	-0.995591461658	0.0936337485909	-0.00550989201292	1.43863003554	27.7013099366	-58.3624000549	-17.7681007385	-36.3915023804	0.754967013748	8.0	1.44000005722	50.1000001431	5.0	8.76000022888	0.976135414332	1.0	2
1.0	1754.3729248	2.0	2.0	8030.70703125	3.0	2.0	83.8600010872	0.0	-0.995591461658	0.0936337485909	-0.00550989201292	1.43863003554	41.3303843481	-58.3624000549	-17.7681007385	-36.3915023804	0.754967013748	9.0	1.44000005722	106.879998684	5.0	8.76000022888	0.590839617153	1.0	2
1.0	2085.73999023	2.0	2.0	5306.12304688	4.0	3.0	100.440000534	0.0	0.104938209057	0.992567002773	0.0616336725652	2.88264454317	44.7024686371	-53.8057022095	-10.2169151306	-46.8227005005	0.284283592433	7.0	5.48000001907	90.5163991451	5.0	9.23999977112	0.984284703799	1.0	2
1.0	1530.23205566	1.0	1.0	3762.53027344	4.0	3.0	52.0467275393	0.0	-0.104945488274	-0.992565751076	-0.0616417899728	7.24814361694	30.6837159699	-54.4311981201	-16.1301498413	-47.1898002625	0.744639513315	4.0	4.61999988556	32.7199997902	3.0	9.23999977112	0.647650095017	1.0	2
1.0	1882.54699707	3.0	1.0	317.746002197	2.0	1.0	16.1000003815	2.24614109155	0.540755152702	-0.839972674847	-0.045053165406	29.5271221177	1.8204282164	-62.1519012451	-22.9888000488	-23.98595047	0.655754702677	0.0	0.0	0.0	0.0	0.0	0.993642265809	1.0	2
1.0	293.665008545	1.0	1.0	3663.6953125	3.0	2.0	14.5051999092	0.0	-0.105037689209	-0.992556631565	-0.061631180346	11.4271632012	40.9231621771	-58.0812492371	-20.1970996857	-38.3600006104	0.975572330284	0.0	0.0	0.0	2.0	14.5200004578	0.765159464454	1.0	2
1.0	139.050003052	1.0	0.0	827.421020508	1.0	0.0	0.0	10.0	0.0	0.0	0.0	0.0	0.0	0.0	0.0	0.0	2.0	0.0	0.0	0.0	0.0	0.0	0.0126026522244	1.0	2
1.0	1195.57397461	2.0	2.0	6829.91064453	5.0	3.0	63.3000001907	0.0	-0.995591461658	0.0936337485909	-0.00550989201292	1.43863003554	41.3303843481	-58.3624000549	-17.7681007385	-36.3915023804	0.754967013748	3.0	5.48000001907	47.7399997711	2.0	6.73999977112	0.748261916782	1.0	2
1.0	372.087005615	1.0	0.0	881.673950195	3.0	0.0	0.0	10.0	0.0	0.0	0.0	0.0	0.0	0.0	0.0	0.0	2.0	0.0	0.0	0.0	0.0	0.0	0.0126026522244	1.0	2
1.0	565.70501709	1.0	0.0	2235.3137207	1.0	0.0	0.0	10.0	0.0	0.0	0.0	0.0	0.0	0.0	0.0	0.0	2.0	0.0	0.0	0.0	0.0	0.0	0.0126026522244	0.0	2
1.0	438.815002441	1.0	1.0	2023.57788086	4.0	1.0	8.72000026703	3.56635664606	0.0607285946608	-0.896470367908	0.438922464848	0.0	11.6769401165	-54.7139015198	-26.6206512451	-45.1958999634	0.147877611806	0.0	0.0	0.0	0.0	0.0	0.324064142506	1.0	2
1.0	438.815002441	1.0	1.0	1483.08300781	4.0	1.0	8.72000026703	3.56635664606	0.0607285946608	-0.896470367908	0.438922464848	0.0	11.6769401165	-54.7139015198	-26.6206512451	-45.1958999634	0.147877611806	0.0	0.0	0.0	0.0	0.0	0.111593774773	1.0	2
1.0	644.507019043	1.0	1.0	2468.86499023	2.0	2.0	23.1600008011	0.0	-0.0461944080889	-0.993749678135	0.101625077426	4.06311692113	2.70614583328	-59.1407012939	-21.1974487305	-29.5866012573	0.79544144462	1.0	13.6800003052	12.5600004196	1.0	13.6800003052	-1.0	0.0	2
1.0	470.674987793	1.0	1.0	2584.05200195	2.0	2.0	38.0199995041	0.0	0.0461944080889	0.993749678135	-0.101625077426	2.70614583328	4.06311692113	-59.1407012939	-21.1974487305	-29.5866012573	0.79544144462	1.0	13.6800003052	12.5600004196	1.0	13.6800003052	0.125890551643	1.0	2
1.0	760.476989746	2.0	1.0	1805.13525391	4.0	2.0	21.6200002432	0.0	0.998026907444	-0.0331811457872	0.0533038191497	5.43517462289	25.0856715768	-56.759349823	-24.6809997559	-3.13770008087	0.308481623743	2.0	5.98000001907	11.3200001717	2.0	6.13999986649	0.973584824365	1.0	2
1.0	289.802001953	1.0	1.0	1076.91113281	3.0	1.0	1.82000005245	3.05647994037	0.272006422281	-0.411547482014	-0.869851231575	0.0	29.039609297	-60.2060508728	-35.7511520386	-20.9048995972	0.0992017313611	0.0	0.0	0.0	0.0	0.0	0.36243604001	1.0	2
1.0	2440.89697266	3.0	3.0	3217.62915039	6.0	3.0	48.9835999012	0.0	0.00609862152487	-0.998385608196	0.0564713552594	1.88021133754	25.6854108319	-49.1775970459	-27.5620994568	-47.8572006226	0.755999764322	3.0	2.6400001049	29.5600004196	2.0	25.4400005341	0.990193961026	1.0	2
1.0	1283.45397949	2.0	2.0	5844.03955078	8.0	5.0	82.7399997711	0.0	-0.994936048985	0.0	0.100510232151	1.01633657286	33.9917534468	-59.7453994751	-16.3104000092	5.45586013794	0.81194207681	4.0	3.75999999046	40.1200008392	1.0	22.2999992371	0.213742369607	1.0	2
1.0	3806.79394531	3.0	3.0	4620.84277344	10.0	5.0	73.2199990749	0.0	0.994935870171	0.0	-0.100511498749	27.1138659464	2.03272710656	-62.4472007751	-5.37034988403	-40.2286491394	0.931150573863	6.0	10.279999733	92.8624025956	6.0	25.6000003815	0.981063395153	1.0	2
1.0	520.723022461	1.0	1.0	4971.23535156	6.0	2.0	37.3799991608	0.0	-0.00619682762772	0.998390197754	-0.0563794970512	3.79050780321	19.1277513432	-63.7628479004	-10.8012504578	-36.7633514404	0.127920438765	2.0	11.6400003433	39.1399993896	1.0	26.8600006104	0.647650177719	1.0	2
1.0	1237.2890625	4.0	4.0	3916.50317383	9.0	2.0	23.1635994911	0.0	0.00609862152487	-0.998385608196	0.0564713552594	1.88021133754	26.7124294088	-49.1775970459	-27.5620994568	-47.8572006226	0.755999764322	4.0	2.6400001049	57.6599998474	2.0	26.8600006104	0.984202274929	1.0	2
1.0	1582.72998047	2.0	2.0	4302.66113281	7.0	5.0	81.7599992752	0.0	-0.994936048985	0.0	0.100510232151	1.01633657286	33.9917534468	-59.7453994751	-16.3104000092	5.45586013794	0.81194207681	2.0	8.89999961853	35.1599998474	1.0	26.8600006104	0.777787959705	1.0	2
1.0	1486.83203125	2.0	2.0	1234.30395508	3.0	2.0	12.5200004578	0.0	-0.00620058644563	0.998390138149	-0.05637954548	26.4546633934	24.483003026	-67.4993515015	-20.1229515076	-19.2315502167	0.91356012161	1.0	10.279999733	10.0200004578	0.0	10.279999733	0.976259473949	1.0	2
1.0	1307.5279541	2.0	2.0	952.084655762	4.0	3.0	5.13999986649	0.0	-0.994936048985	0.0	0.100510232151	1.01633657286	9.69013523368	-59.7453994751	-16.3104000092	5.45586013794	0.81194207681	3.0	8.89999961853	26.1224009171	2.0	24.6200008392	0.908632872264	1.0	2
1.0	2040.51403809	1.0	1.0	2620.90209961	8.0	3.0	31.6199998856	0.0	0.00609903829172	-0.998385369778	0.0564752183855	5.53416762044	11.374420925	-62.8215026855	-8.846824646	-38.4812011719	0.958352641871	3.0	3.75999999046	38.279999733	3.0	26.8600006104	0.982506255143	1.0	2
1.0	1542.43103027	1.0	1.0	4508.62695312	7.0	3.0	16.8199999332	0.0	0.0429187752306	0.985950887203	-0.161427646875	2.74693419462	38.5952688636	-64.2808990479	-11.2387504578	-41.0648498535	0.198304915601	2.0	26.3199996948	43.5399990082	2.0	28.1200008392	0.980967458478	1.0	2
1.0	3192.0871582	3.0	3.0	6495.77197266	6.0	4.0	87.1999986172	0.0	-0.0429126471281	-0.985954999924	0.161404058337	4.20326710136	8.88866394364	-52.2229995728	-26.1752510071	1.95180499554	0.771482816522	6.0	8.22000026703	64.6800003052	4.0	28.1200008392	0.994060822904	1.0	2
1.0	2066.62915039	1.0	1.0	1906.08300781	3.0	2.0	10.3399996758	3.00570121086	0.708130121231	0.0038853334263	-0.706071257591	17.1182036415	2.71126629849	-58.6758003235	-16.1995506287	-48.5881996155	0.99705575937	2.0	15.1000003815	25.779999733	2.0	26.3199996948	0.97530812996	1.0	2
1.0	1276.24401855	1.0	1.0	6731.35400391	6.0	3.0	50.2200007439	0.0	-0.0429926924407	-0.985948979855	0.161419287324	12.7465030222	37.7618922117	-64.2048492432	-10.2377204895	-42.5285491943	0.611746143415	2.0	15.1000003815	43.9999990463	2.0	26.3199996948	0.137298919435	1.0	2
1.0	2355.14306641	2.0	2.0	6313.24121094	6.0	4.0	111.699999809	0.0	0.0429157800972	0.985954880714	-0.161403715611	1.79007859699	18.9488838158	-60.21900177	-12.36784935	-5.68413496017	0.249285296452	7.0	7.67999982834	119.979999542	6.0	26.3199996948	0.992863666345	1.0	2
1.0	1401.39013672	4.0	4.0	5024.74853516	4.0	3.0	74.1599993706	0.0	-0.0429926924407	-0.985948979855	0.161419287324	12.7465030222	37.7618922117	-64.2048492432	-10.2377204895	-42.5285491943	0.611746143415	5.0	9.60000038147	77.4400005341	4.0	23.7600002289	0.876850486783	1.0	2
1.0	2109.25195312	3.0	3.0	4970.80810547	5.0	3.0	109.21999979	0.0	-0.0429926924407	-0.985948979855	0.161419287324	12.7465030222	37.9208593351	-64.2048492432	-10.2377204895	-42.5285491943	0.611746143415	4.0	15.1000003815	70.4800004959	4.0	23.7600002289	0.952256093997	1.0	2
1.0	3642.88427734	2.0	2.0	3097.95288086	6.0	3.0	21.4399995804	0.0	0.0429155752063	0.985951006413	-0.161427542567	31.9161653596	34.0832920545	-58.804397583	-27.8794498444	-36.9149513245	0.159889277692	1.0	20.7399997711	20.2399997711	1.0	20.7399997711	0.995833145656	1.0	2
1.0	939.112976074	2.0	2.0	1083.78466797	4.0	3.0	30.8115999699	0.0	-0.00372828356922	-0.980682730675	0.195569619536	1.14257360038	3.1702296556	-61.2524490356	-10.2802448273	-41.0253486633	0.889729182125	3.0	8.34000015259	43.9400005341	1.0	18.6800003052	0.476583598747	1.0	2
1.0	1491.51538086	1.0	1.0	1608.61157227	4.0	2.0	32.92000103	0.0	0.999824285507	0.0	0.0187467932701	2.66278352568	8.89155195278	-56.9361000061	-21.7574996948	-10.698600769	0.180201220195	2.0	4.01999998093	18.9799997807	1.0	4.01999998093	0.583642201623	1.0	2
1.0	2044.6763916	2.0	1.0	1806.45495605	2.0	1.0	3.44000005722	3.02627327974	0.360229551792	-0.912753343582	-0.192655161023	0.0	23.9851467583	-56.2915496826	-25.4434509277	-44.3127975464	0.306449550743	0.0	0.0	0.0	0.0	0.0	0.871751987029	1.0	2
1.0	793.112976074	1.0	1.0	3705.52612305	2.0	1.0	19.1200003624	0.0	-0.0265243332833	-0.970082998276	0.241320103407	0.0	30.9194270915	-63.0179977417	-19.4358997345	-26.6687507629	0.159222025412	2.0	8.84000015259	17.3599996567	1.0	8.84000015259	-1.0	0.0	2
1.0	3997.92895508	2.0	2.0	6555.66845703	6.0	4.0	98.319999218	0.0	0.0265243742615	0.970085442066	-0.24131038785	4.79542057695	15.3480064368	-61.7209014893	-14.5389003754	2.21126508713	0.914220517256	6.0	1.12000000477	70.8400025368	6.0	14.8800001144	0.970992869856	1.0	2
1.0	1726.59204102	3.0	2.0	4621.49609375	6.0	3.0	43.9999995232	0.0	0.0265243742615	0.970085442066	-0.24131038785	4.36696300533	45.8163430397	-61.7209014893	-14.5389003754	2.21126508713	0.679115719359	2.0	3.75999999046	18.1200003624	1.0	3.75999999046	0.827429786405	1.0	2
1.0	2451.33911133	1.0	1.0	1538.93200684	2.0	2.0	24.2399997711	0.0	-0.0265279151499	-0.970080852509	0.241328388453	9.12472634647	7.77463584217	-62.410900116	-14.2677993774	-1.6816649437	0.826563580646	1.0	10.2399997711	17.4400005341	1.0	10.2399997711	0.975822552884	1.0	2
1.0	3787.125	2.0	2.0	4907.44091797	6.0	4.0	62.9200005531	0.0	0.993507087231	0.0	0.113770179451	26.7799994871	20.5066966052	-59.9132995605	-21.6882991791	-29.491399765	0.202966994182	2.0	3.75999999046	11.4000000954	3.0	15.4399995804	0.944672037513	1.0	2
1.0	854.755004883	1.0	1.0	3425.51708984	3.0	2.0	48.6799988747	0.0	-0.706641972065	0.662718832493	-0.247913002968	7.05439526724	36.6218446586	-63.9838523865	-27.1418991089	-22.9654998779	0.587633335285	2.0	1.12000000477	3.48000001907	2.0	3.75999999046	0.970992863824	1.0	2
1.0	1088.14099121	1.0	1.0	3410.49804688	2.0	1.0	10.4400000572	0.0	-0.0265243332833	-0.970082998276	0.241320103407	23.2447633359	30.9194270915	-63.0179977417	-19.4358997345	-26.6687507629	0.159222025412	1.0	8.84000015259	9.43999958038	1.0	15.4399995804	0.144010873791	1.0	2
1.0	2693.8581543	2.0	1.0	3359.06713867	3.0	1.0	9.84000015259	1.45482986688	0.612803637981	-0.174391686916	-0.770752370358	32.3858256005	34.4221238929	-60.0926971436	-31.9668502808	-27.859249115	0.864706578517	0.0	0.0	0.0	0.0	0.0	0.57781664319	1.0	2
1.0	293.381011963	1.0	1.0	2095.61621094	2.0	1.0	6.80000019073	2.78304327255	-0.0444010533392	-0.838785052299	-0.542649269104	5.99718320847	14.724087911	-69.1479492188	-14.4337501526	-11.1811904907	0.624175292042	0.0	0.0	0.0	0.0	0.0	-1.0	0.0	2
1.0	551.318969727	2.0	2.0	3207.79736328	3.0	1.0	47.4115997553	0.0	0.982114672661	-0.129119470716	-0.13703610003	12.4809462477	21.30795978	-65.5205535889	-27.6296005249	-9.56184959412	0.841189998618	1.0	12.2399997711	11.2399997711	0.0	12.2399997711	0.0684473073953	1.0	2
1.0	748.255981445	1.0	1.0	6337.32958984	7.0	3.0	32.5515993834	0.0	-0.0848892405629	-0.953455805779	0.289336979389	1.79013064565	45.2511262981	-66.8205490112	-27.5471992493	-7.82174491882	0.726411998813	3.0	1.0	32.0999994278	1.0	1.0	0.26754577609	1.0	2
1.0	1473.56762695	4.0	4.0	5704.37060547	7.0	3.0	80.8799991608	0.0	0.982114672661	-0.129118964076	-0.137036517262	5.357069359	50.3064753807	-60.1601486206	-15.6052999496	4.42708015442	0.349015811159	4.0	1.0	31.7999997139	2.0	4.51999998093	0.733801106798	1.0	2
1.0	55.753200531	1.0	1.0	3546.73999023	6.0	2.0	24.1399993896	2.39366246156	-0.297261238098	0.761129260063	-0.576470315456	1.38607829371	34.7374323076	-64.9359970093	-20.5853004456	-4.01683521271	0.495754851376	0.0	0.0	0.0	0.0	0.0	0.166810435889	1.0	2
1.0	1337.94995117	1.0	1.0	3586.62890625	7.0	4.0	48.4943993092	0.0	0.998193800449	-0.0286201890558	0.0528207607567	2.46411923448	29.6327979257	-60.4006996155	-14.3712997437	1.17630505562	0.603375376367	1.0	8.43999958038	12.9600000381	0.0	8.43999958038	0.419880548935	1.0	2
1.0	1393.703125	2.0	1.0	3633.13037109	6.0	2.0	15.6743996143	0.0	0.998193800449	-0.0286201890558	0.0528207607567	2.46411923448	29.6327979257	-60.4006996155	-14.3712997437	1.17630505562	0.603375376367	1.0	8.43999958038	12.9600000381	0.0	8.43999958038	0.804845722672	1.0	2
1.0	1337.94995117	1.0	1.0	4362.26318359	8.0	3.0	50.5543997288	0.0	0.998193800449	-0.0286201890558	0.0528207607567	2.46411923448	23.4700699344	-60.4006996155	-14.3712997437	1.17630505562	0.603375376367	1.0	8.43999958038	12.9600000381	0.0	8.43999958038	0.218002519102	1.0	2
1.0	282.511993408	1.0	1.0	3117.25195312	3.0	1.0	6.73999977112	0.0	0.0124380672351	-0.251080602407	-0.967886269093	2.98221568336	36.2083815729	-60.8685493469	-10.8435497284	-7.31387519836	0.958971771786	1.0	11.279999733	15.3599996567	0.0	11.279999733	-1.0	0.0	2
1.0	602.119995117	2.0	2.0	1560.62719727	6.0	2.0	11.0200004578	1.18130437938	0.727492928505	-0.658521294594	0.192623198032	9.11624045068	27.7009461825	-63.378200531	-7.99458503723	-17.6295013428	0.978747183522	1.0	25.5200004578	25.2399997711	1.0	25.5200004578	0.966714738072	1.0	2
1.0	977.206970215	2.0	2.0	2999.51196289	9.0	4.0	37.6799998283	0.0	0.0289089009166	-0.963109016418	0.267554342747	0.987288188527	22.1136761992	-56.182849884	-29.9458007812	-36.2662010193	0.586274231633	5.0	10.8000001907	67.8799996376	6.0	25.7999992371	0.944955066885	1.0	2
1.0	771.978027344	1.0	0.0	460.662689209	2.0	0.0	0.0	10.0	0.0	0.0	0.0	0.0	0.0	0.0	0.0	0.0	2.0	0.0	0.0	0.0	0.0	0.0	0.0126026522244	1.0	2
1.0	590.571044922	2.0	2.0	6767.92724609	9.0	4.0	36.9200000763	0.0	-0.0289059262723	0.96310788393	-0.26755875349	2.40326737951	1.9745741303	-55.9071502686	-6.17603492737	-42.8552017212	0.274282202736	5.0	11.220000267	100.63999939	2.0	25.5200004578	0.37496595477	1.0	2
1.0	1897.30407715	2.0	2.0	4047.71166992	6.0	4.0	72.0600007772	0.0	-0.028803518042	0.963105082512	-0.267579823732	15.9304306835	15.5690454145	-63.7555999756	-10.7264499664	-24.177898407	0.782481925671	1.0	25.5200004578	25.2399997711	3.0	25.5200004578	0.974308075304	1.0	2
1.0	607.330993652	2.0	2.0	4479.55810547	7.0	2.0	20.939999938	0.0	0.0124380672351	-0.251080602407	-0.967886269093	5.20840614013	36.2083815729	-60.8685493469	-10.8435497284	-7.31387519836	0.958971771786	1.0	11.279999733	15.3599996567	0.0	11.279999733	0.147452199999	1.0	2
1.0	1904.57617188	2.0	2.0	3321.51074219	10.0	4.0	51.1000001431	0.0	0.0288054142147	-0.963110685349	0.267559528351	0.987288779903	15.9013135446	-54.8174972534	-9.34749507904	-43.4208984375	0.825927374291	3.0	11.279999733	64.3000001907	1.0	24.5400009155	0.999821403008	1.0	2
1.0	725.746948242	3.0	3.0	3438.51318359	8.0	3.0	41.4599997997	0.0	-0.0288054142147	0.963110685349	-0.267559528351	1.97457383873	16.3407032318	-54.8174972534	-9.34749507904	-43.4208984375	0.323588599092	2.0	11.279999733	40.0399999619	3.0	25.7999992371	0.720339233131	1.0	2
1.0	2100.41601562	4.0	2.0	299.980010986	1.0	1.0	3.96000003815	0.0	0.0289059262723	-0.96310788393	0.26755875349	1.9745741303	2.40326737951	-55.9071502686	-6.17603492737	-42.8552017212	0.274282202736	2.0	21.8600006104	46.1199989319	1.0	25.5200004578	0.987409173785	1.0	2
1.0	177.487503052	1.0	1.0	2037.61083984	3.0	1.0	10.1400003433	3.46241250048	0.263732254505	0.664030730724	-0.699648857117	0.0	33.717174848	-64.0077514648	-18.4897003174	-24.7084007263	0.312759846116	0.0	0.0	0.0	0.0	0.0	-1.0	0.0	2
1.0	1059.43347168	1.0	1.0	4388.44238281	5.0	3.0	41.4400007725	1.92658506258	0.0130670061335	-0.976925730705	0.21317909658	5.00401989454	29.0423482096	-59.7078514099	-25.2257995605	0.452598661184	0.605739303612	0.0	0.0	0.0	0.0	0.0	0.130994421157	1.0	2
1.0	724.15447998	2.0	2.0	4524.96337891	6.0	2.0	44.1200008392	0.0	0.997142314911	0.0	-0.0755457505584	0.927909230944	20.1982230806	-62.9782485962	-14.7854995728	-30.4005508423	0.09053061187	3.0	7.73999977112	25.539999485	1.0	7.73999977112	0.294750061427	1.0	2
1.0	881.945983887	1.0	1.0	3241.85742188	5.0	4.0	50.0800011158	0.0	-0.0130403209478	0.976928472519	-0.213168337941	4.07930519037	28.8146972833	-63.3042488098	-27.257850647	-13.2355003357	0.769932572805	2.0	8.65999984741	18.9399995804	0.0	15.3000001907	0.076704038528	1.0	2
1.0	838.304992676	2.0	2.0	4884.13574219	3.0	2.0	54.2399995327	0.0	-0.994893431664	0.0	0.100930772722	1.89273173203	28.6988294395	-59.9031982422	-31.3437004089	-17.1308002472	0.549756169215	1.0	10.3000001907	10.8800001144	0.0	10.3000001907	0.125890551643	1.0	2
1.0	2166.81884766	2.0	2.0	3626.67456055	4.0	1.0	33.3999996185	0.0	0.00915415212512	-0.994012892246	0.10887876153	17.3848321708	35.3112570508	-61.6700973511	-27.7908000946	-31.460899353	0.822207543991	2.0	10.3000001907	21.1599998474	1.0	17.9200000763	0.628105460064	1.0	2
1.0	405.32598877	1.0	1.0	2830.57275391	5.0	2.0	20.8599991798	0.0	0.994893431664	0.0	-0.100930772722	0.0	26.8177340053	-59.9031982422	-31.3437004089	-17.1308002472	0.549756169215	2.0	10.3000001907	24.4600000381	1.0	17.9200000763	0.376098845428	1.0	2
1.0	114.642997742	1.0	1.0	5712.22998047	3.0	1.0	23.9200000763	0.0	0.00915051717311	-0.994013130665	0.108876973391	0.0	30.3816282955	-60.5806007385	-31.9914989471	-18.5591011047	0.027615744758	2.0	10.3000001907	21.1599998474	0.0	10.3000001907	0.0105466079152	1.0	2
1.0	649.382995605	1.0	1.0	3219.65600586	2.0	1.0	34.2800006866	1.86032522588	0.331686317921	-0.905397891998	-0.265026092529	1.98498897674	10.4361971461	-60.0967483521	-14.4316997528	-41.9942016602	0.653615363836	0.0	0.0	0.0	0.0	0.0	-1.0	0.0	2
1.0	1289.16796875	2.0	1.0	3892.34179688	4.0	2.0	39.3400006294	1.50135606821	-0.511475801468	0.840170204639	-0.180295795202	3.44692744695	3.44695606144	-60.3707504272	-6.78364992142	-41.3769989014	0.790480770348	0.0	0.0	0.0	0.0	0.0	0.0627592094205	1.0	2
1.0	790.431030273	2.0	2.0	2675.03808594	1.0	1.0	27.4800004959	0.0	0.0472558401525	-0.972084701061	0.22982211411	12.1480338128	19.3471025413	-60.0693511963	-21.2057991028	-34.7139511108	0.669845725727	1.0	12.7600002289	12.5399999619	0.0	12.7600002289	0.299068250268	1.0	2
1.0	141.04800415	1.0	1.0	3727.99072266	3.0	3.0	44.8599996567	0.0	0.0472558401525	-0.972084701061	0.22982211411	2.121627384	19.3471025413	-60.0693511963	-21.2057991028	-34.7139511108	0.669845725727	1.0	12.7600002289	12.5399999619	0.0	12.7600002289	0.191831551618	1.0	2
1.0	1190.43188477	2.0	2.0	6425.19921875	6.0	3.0	70.3200006485	0.0	0.0472534149885	-0.972083210945	0.229829028249	0.0	4.2089549688	-54.8340492249	-8.71848487854	-50.8464508057	0.62720491422	3.0	7.84000015259	46.0387996137	1.0	7.84000015259	0.235440494613	1.0	2
1.0	2664.89282227	6.0	4.0	2517.49121094	2.0	1.0	39.1743993759	0.0	0.047256924212	-0.972107052803	0.229727461934	1.06086751623	12.7129046457	-51.3854522705	-16.8791007996	-52.2744979858	0.874145774645	4.0	12.7600002289	82.7999982834	0.0	20.8600006104	0.992704965095	1.0	2
1.0	557.869995117	1.0	1.0	2698.6809082	1.0	1.0	13.1000003815	0.0	0.106013260782	-0.937813639641	0.330555230379	2.53349168067	15.8014473448	-58.8337516785	-19.9178009033	-37.0757522583	0.414005378591	1.0	4.03999996185	4.0	1.0	4.03999996185	-1.0	0.0	2
1.0	1708.36999512	2.0	2.0	3924.31201172	5.0	2.0	31.8400007486	0.0	0.106013178825	-0.93781375885	0.330554991961	3.19722700893	4.08182833592	-57.4616508484	-11.870300293	-46.3001480103	0.49983657392	3.0	4.03999996185	43.3800001144	1.0	4.03999996185	0.260857729812	1.0	2
1.0	1569.10888672	2.0	2.0	4014.79003906	7.0	4.0	62.2075996399	0.0	-0.993543028831	-0.113422557712	-0.00275293341838	1.63713872355	30.8926893255	-61.0275001526	-15.9924497604	-17.7822494507	0.831668672207	6.0	4.03999996185	87.4199995995	2.0	18.4400005341	0.49570375262	1.0	2
1.0	169.218002319	1.0	1.0	3930.39892578	5.0	2.0	9.07999992371	0.0	-0.993543028831	-0.113422557712	-0.00275293341838	1.59841758695	16.5922434073	-61.0275001526	-15.9924497604	-17.7822494507	0.944510243314	2.0	7.61999988556	11.8652001917	1.0	10.5600004196	0.151414294637	1.0	2
1.0	557.869995117	1.0	1.0	6614.27001953	5.0	2.0	50.5600004196	0.0	0.993543028831	0.113422557712	0.00275293341838	2.44992747425	30.6664895422	-61.0275001526	-15.9924497604	-17.7822494507	0.831668672207	2.0	4.03999996185	19.4399995804	1.0	4.03999996185	0.326185847493	1.0	2
1.0	512.506958008	1.0	1.0	3761.10400391	3.0	1.0	9.93999958038	3.029103886	0.11014264822	-0.685887098312	-0.719324350357	1.02809267648	10.3508395531	-65.0252990723	-18.5253505707	-25.107749939	0.330814559104	0.0	0.0	0.0	0.0	0.0	-1.0	0.0	2
1.0	2476.41821289	3.0	3.0	7608.01367188	9.0	5.0	55.8799984455	0.0	-0.992688238621	0.0704825073481	0.0979909598827	1.80354574809	27.7882586051	-55.0778503418	-23.327999115	-2.20083498955	0.453128315246	9.0	5.11999988556	110.719998121	2.0	20.2199993134	0.842077213879	1.0	2
1.0	3720.45214844	3.0	2.0	198.339996338	1.0	1.0	14.4799995422	0.0	-0.0588470436633	-0.984721422195	0.163892358541	14.7163752021	3.26772806078	-61.8396492004	-20.2312011719	-34.9289474487	0.426802473697	1.0	16.4799995422	15.8800001144	0.0	16.4799995422	0.997102335611	1.0	2
1.0	2702.31005859	2.0	2.0	2542.59545898	4.0	2.0	26.5199999809	2.68175504681	0.299729853868	0.763604402542	-0.571900606155	5.24403036941	11.2749701169	-55.595199585	-22.7764511108	-45.7022018433	0.901756634906	2.0	11.9799995422	22.5599994659	0.0	16.1800003052	0.640967251354	1.0	2
1.0	1122.92004395	1.0	1.0	2955.81005859	5.0	2.0	22.5799999237	0.0	-0.0588470436633	-0.984721422195	0.163892358541	6.66504026688	33.3205085699	-61.8396492004	-20.2312011719	-34.9289474487	0.426802473697	1.0	16.4799995422	15.8800001144	0.0	16.4799995422	0.446149906551	1.0	2
1.0	832.87902832	1.0	1.0	2872.46606445	3.0	1.0	21.4599997997	1.88587645374	0.654401957989	-0.128889888525	-0.745080828667	0.0	4.5205977325	-57.7891998291	-19.3488998413	-36.4099502563	0.420485233346	0.0	0.0	0.0	0.0	0.0	-1.0	0.0	3
1.0	249.717987061	2.0	0.0	1420.75024414	7.0	0.0	0.0	10.0	0.0	0.0	0.0	0.0	0.0	0.0	0.0	0.0	2.0	0.0	0.0	0.0	0.0	0.0	0.0126026522244	1.0	3
1.0	1056.12158203	5.0	5.0	10332.0068359	9.0	3.0	60.4020001888	0.0	-0.999276518822	-0.0343753173947	-0.016271200031	2.83476001941	34.0229465378	-63.7331542969	-12.0163002014	1.12242996693	0.611992636189	12.0	5.23999977112	82.760399498	4.0	19.8799991608	0.519199896644	1.0	3
1.0	979.008056641	1.0	1.0	3650.27392578	4.0	2.0	47.5199992657	0.0	0.0314061641693	-0.976050615311	0.215264499187	10.8069420819	25.1614612701	-66.3690490723	-14.2678499222	-6.86388492584	0.794788026797	3.0	4.05999994278	33.6800003052	1.0	12.6400003433	0.413555325273	1.0	3
1.0	131.100997925	1.0	1.0	2371.77001953	3.0	1.0	1.13999998569	0.0	0.0314061008394	-0.976048648357	0.215273454785	1.13441919748	3.54063582308	-65.2755508423	-12.3156499863	-8.66993999481	0.271716330974	0.0	0.0	0.0	1.0	17.4799995422	0.0531237876122	1.0	3
1.0	433.95401001	1.0	1.0	252.494003296	1.0	1.0	11.8400001526	0.0	-0.0314132906497	0.976059913635	-0.215221315622	1.37022232745	0.0	-59.8181495667	-28.1615486145	-31.7153511047	0.649525981574	0.0	0.0	0.0	1.0	14.8400001526	0.172287612856	1.0	3
1.0	669.817016602	1.0	1.0	2236.81396484	2.0	1.0	27.2800006866	0.0	-0.0032670230139	-0.994234144688	0.107180938125	2.69361128461	19.6873275316	-59.9721984863	-21.5333995819	-27.7544002533	0.853946528855	1.0	1.05999994278	0.0	1.0	1.05999994278	-1.0	0.0	3
1.0	2074.62011719	3.0	2.0	3174.20263672	8.0	3.0	7.57999992371	2.71201955874	0.419944018126	-0.758121073246	0.498898297548	6.40197335389	7.3407431537	-57.0960502625	-32.2735977173	0.2485049963	0.688360630049	3.0	29.0	50.1199998856	1.0	32.2999992371	0.972510080729	1.0	3
1.0	1432.55407715	4.0	4.0	9118.79101562	11.0	5.0	99.1199989319	0.0	-0.00326731824316	-0.994221806526	0.107295773923	1.4481422462	25.3586835065	-54.1231994629	-16.1873493195	-44.5028495789	0.0621483843248	7.0	1.05999994278	56.7752008438	2.0	7.05999994278	0.759081254334	1.0	3
1.0	2462.04101562	3.0	3.0	6350.30859375	6.0	3.0	77.220000267	0.0	-0.00326731638052	-0.994222223759	0.107291817665	1.44813878808	2.43380654981	-54.0684967041	-13.3993501663	-46.2885513306	0.487283694271	4.0	1.05999994278	31.4888007194	2.0	14.1999998093	0.711991596802	1.0	3
1.0	3058.10400391	2.0	1.0	748.41607666	2.0	1.0	11.8399999142	2.58688807231	0.475032955408	-0.87321305275	0.108823701739	2.89635587518	0.0	-58.1234512329	-20.5865516663	-1.04464840889	0.28908093337	0.0	0.0	0.0	0.0	0.0	0.968533942851	1.0	3
1.0	675.29901123	1.0	1.0	2507.82641602	3.0	2.0	19.720000267	0.0	-0.0535315349698	-0.956509053707	0.286748677492	1.08116017547	12.1841130983	-59.8112487793	-24.0238990784	-29.8008003235	0.418611517373	2.0	20.8400001526	41.6800003052	2.0	21.2800006866	-1.0	0.0	3
1.0	1004.67272949	3.0	3.0	12422.921875	12.0	4.0	32.3323998451	0.0	0.0535350032151	0.956508457661	-0.286750018597	2.40811633342	10.1778987661	-59.348449707	-10.852399826	-38.7899017334	0.646122189865	9.0	7.55999994278	108.720002174	3.0	21.2800006866	0.345523691776	1.0	3
1.0	1013.13171387	2.0	2.0	4712.62451172	11.0	3.0	12.1400002241	0.0	0.995689570904	-0.0703867897391	-0.060398068279	18.4498158737	43.9788315398	-59.2161483765	-24.2725505829	-28.5101509094	0.771722367264	1.0	22.1399993896	20.9599990845	1.0	22.1399993896	0.971243030233	1.0	3
1.0	561.78302002	1.0	1.0	4565.18066406	7.0	2.0	17.6600000858	0.0	0.995689570904	-0.0703867897391	-0.060398068279	1.61896506202	35.2578252357	-59.2161483765	-24.2725505829	-28.5101509094	0.771722367264	2.0	21.2800006866	42.5599994659	2.0	22.1399993896	0.00878866931549	1.0	3
1.0	1806.59960938	2.0	1.0	2362.54003906	4.0	1.0	45.2923989296	0.0	0.0535350032151	0.956508457661	-0.286750018597	2.40811633342	21.8351656411	-59.348449707	-10.852399826	-38.7899017334	0.646122189865	2.0	8.73999977112	26.0600004196	0.0	12.4200000763	0.97623884938	1.0	3
1.0	561.78302002	1.0	1.0	5850.40917969	7.0	2.0	16.1600000858	0.0	0.995689570904	-0.0703867897391	-0.060398068279	1.61896506202	30.6580680714	-59.2161483765	-24.2725505829	-28.5101509094	0.771722367264	3.0	12.4200000763	55.9799995422	2.0	22.1399993896	0.00878887910764	1.0	3
1.0	1131.30078125	3.0	3.0	6731.81054688	10.0	4.0	62.7524013519	0.0	-0.995688378811	0.0703882202506	0.0604163073003	1.92211845858	44.4364297834	-56.7166519165	-28.3765487671	2.87561988831	0.80977467822	6.0	8.73999977112	82.0000004768	2.0	21.2800006866	0.345523691776	1.0	3
1.0	574.263000488	1.0	1.0	2949.30712891	2.0	1.0	15.8800001144	0.0	0.0335471220315	0.986689388752	-0.159118160605	1.90172911894	16.317743127	-62.9738502502	-24.6228981018	-22.5482501984	0.680161073553	2.0	19.6800003052	39.1399993896	2.0	20.6800003052	-1.0	0.0	3
1.0	4279.75	3.0	3.0	6787.63916016	12.0	4.0	66.5	0.0	-0.0335508994758	-0.986671984196	0.159225359559	12.9032247809	0.950863093548	-60.6080474854	-6.85173511505	-40.3216018677	0.767480052825	16.0	8.52000045776	163.279999256	6.0	22.6599998474	0.998380961927	1.0	3
1.0	1460.14099121	2.0	2.0	4208.22460938	15.0	3.0	7.38000011444	0.0	0.0335471220315	0.986689388752	-0.159118160605	1.90172911894	30.940936982	-62.9738502502	-24.6228981018	-22.5482501984	0.680161073553	3.0	17.7000007629	43.539999485	3.0	25.3199996948	0.532867318803	1.0	3
1.0	3049.84545898	4.0	4.0	8019.26123047	11.0	4.0	64.9399991035	0.0	0.0335508994758	0.986671984196	-0.159225359559	14.5756192407	0.0	-60.6080474854	-6.85173511505	-40.3216018677	0.767480052825	18.0	8.0	180.101199061	9.0	34.1199989319	0.991248094238	1.0	3
1.0	525.682006836	1.0	1.0	3158.36791992	4.0	1.0	19.9400000572	0.0	-0.0335471220315	-0.986689388752	0.159118160605	2.93457227117	30.1660676173	-62.9738502502	-24.6228981018	-22.5482501984	0.680161073553	2.0	20.6800003052	42.2599983215	2.0	22.6599998474	0.113762878479	1.0	3
1.0	633.549987793	1.0	1.0	3228.4128418	2.0	1.0	19.9800004959	2.05957517447	0.23480604589	-0.95697748661	-0.170470565557	3.77704303881	21.2575323465	-63.1575012207	-25.2665500641	-20.5535507202	0.625476329399	0.0	0.0	0.0	0.0	0.0	-1.0	0.0	3
1.0	4861.71679688	2.0	2.0	10635.3710938	10.0	5.0	58.6115999147	0.0	-0.999440312386	0.0	0.0334523804486	2.17405933676	39.9207264218	-58.3526496887	-22.9498996735	4.5869550705	0.282235558731	31.0	5.05999994278	248.54239805	19.0	27.3600006104	0.99775158674	1.0	3
1.0	633.549987793	1.0	0.0	1000.1628418	3.0	0.0	0.0	10.0	0.0	0.0	0.0	0.0	0.0	0.0	0.0	0.0	2.0	0.0	0.0	0.0	0.0	0.0	0.0126026522244	1.0	3
1.0	3365.6809082	4.0	4.0	12706.0380859	5.0	1.0	89.1836003587	0.0	-0.00770727172494	0.965319871902	-0.260956197977	2.02619907449	44.120615301	-61.1278991699	-32.9382476807	-3.34638500214	0.443884609117	33.0	5.05999994278	314.604912322	19.0	40.4799995422	0.991286319261	1.0	3
1.0	3626.66503906	2.0	2.0	8679.23828125	5.0	2.0	95.6399988532	0.0	-0.00770727172494	0.965319871902	-0.260956197977	2.02619907449	41.4709764257	-61.1278991699	-32.9382476807	-3.34638500214	0.443884609117	10.0	5.86000013351	80.1849123053	6.0	20.5	0.993210540698	1.0	3
1.0	974.210021973	1.0	1.0	6825.55273438	8.0	1.0	0.0	10.0	0.0	0.0	0.0	0.0	0.0	0.0	0.0	0.0	2.0	2.0	19.5799999237	45.5799999237	2.0	26.2199993134	0.595113701949	1.0	3
1.0	535.510986328	2.0	1.0	4457.609375	7.0	2.0	0.0	10.0	0.0	0.0	0.0	0.0	0.0	0.0	0.0	0.0	2.0	2.0	16.9400005341	19.0799999237	2.0	19.5799999237	0.995934328644	1.0	3
