valid	volumeS1	connectedComponentsS1	connectedComponentsS1Rel	volumeS2	connectedComponentsS2	connectedComponentsS2Rel	corticalSize	distanceMin	direction_x	direction_y	direction_z	distanceToExtremity1	distanceToExtremity2	gravityCenter_x	gravityCenter_y	gravityCenter_z	corticalDotProduct	junctions	junctionDepthMin	junctionsSize	plisDePassage	plisDePassageDepthMax	Potential	Class	cycle
1.0	962.940856934	7.0	1.0	658.12701416	1.0	1.0	7.26000022888	4.00474719637	-0.569249272346	-0.585964083672	0.576716005802	10.580820932	2.37377358158	-10.845085144	-63.1116485596	-12.0005102158	0.509226184804	0.0	0.0	0.0	0.0	0.0	-1.0	0.0	1
1.0	2857.97021484	17.0	3.0	2081.03222656	3.0	1.0	16.6199998856	0.0	-0.0584455765784	-0.987324655056	0.147560566664	32.2867388972	8.85510746257	-3.48619508743	-45.2022476196	-17.1843490601	0.492781711468	2.0	13.9399995804	14.571600154	0.0	15.279999733	0.989230964153	1.0	1
1.0	852.267028809	8.0	1.0	837.122009277	2.0	2.0	17.6999998093	0.0	0.0584724023938	0.987305104733	-0.147680938244	14.073893003	9.22856491208	-4.99956512451	-54.199798584	-15.7989006042	0.384572392807	0.0	0.0	0.0	1.0	12.1599998474	0.240405079964	1.0	1
1.0	6863.57080078	18.0	6.0	3100.67236328	6.0	4.0	148.499998569	0.0	-0.0584670938551	-0.987323582172	0.14755935967	0.0	2.5308124131	-8.49254512787	-46.6131515503	11.6994495392	0.921875893163	1.0	7.0	6.73999977112	1.0	12.1599998474	0.999994448265	1.0	1
1.0	105.713996887	1.0	0.0	490.558990479	1.0	0.0	0.0	10.0	0.0	0.0	0.0	0.0	0.0	0.0	0.0	0.0	2.0	0.0	0.0	0.0	0.0	0.0	3.32853558443e-09	1.0	1
1.0	3825.45092773	17.0	7.0	1863.73535156	4.0	4.0	135.999999762	0.0	-0.0584724023938	-0.987305104733	0.147680938244	23.4979442343	14.073893003	-4.99956512451	-54.199798584	-15.7989006042	0.384572392807	4.0	0.920000016689	39.9399995804	1.0	12.1599998474	0.98679759101	1.0	1
1.0	2893.90356445	13.0	2.0	1473.79968262	6.0	3.0	8.55999970436	3.00011825328	-0.848073542118	0.113525420427	0.517574369907	0.0	30.5957812161	-33.422000885	-61.4928970337	-29.2930488586	0.6475156744	0.0	0.0	0.0	0.0	0.0	0.928430340234	1.0	1
1.0	3412.66137695	13.0	2.0	1284.65307617	4.0	2.0	17.9000000954	3.20181202845	-0.180487900972	-0.31710010767	0.931059420109	26.6658105617	31.6512955687	-20.0465507507	-68.758895874	-26.5259513855	0.0829940169723	2.0	13.9399995804	25.779999733	0.0	15.279999733	0.976751199392	1.0	1
1.0	2057.08837891	9.0	2.0	835.895507812	3.0	2.0	12.7000002861	3.42614938983	-0.598244667053	-0.518013060093	0.611363828182	23.6362305053	0.0	-20.424249649	-59.1644515991	-41.4076499939	0.471210302633	0.0	0.0	0.0	0.0	0.0	0.670949509324	1.0	1
1.0	3366.26049805	16.0	5.0	2468.61474609	4.0	3.0	112.659999132	0.0	-0.0584455765784	-0.987324655056	0.147560566664	16.268929548	30.6756904432	-3.48619508743	-45.2022476196	-17.1843490601	0.492781711468	2.0	13.9399995804	14.571600154	0.0	15.279999733	0.995136240339	1.0	1
1.0	209.898712158	2.0	0.0	811.822387695	1.0	0.0	0.0	10.0	0.0	0.0	0.0	0.0	0.0	0.0	0.0	0.0	2.0	0.0	0.0	0.0	0.0	0.0	3.32853558443e-09	0.0	1
1.0	5491.62695312	15.0	3.0	972.650939941	7.0	3.0	52.061599493	0.0	-0.104987069964	-0.992561519146	-0.0616386458278	21.903219746	9.58985765702	-2.12032985687	-50.0654525757	-3.07319998741	0.980563533532	2.0	5.0	17.5399999619	1.0	5.0	0.999849133502	1.0	1
1.0	2241.63867188	5.0	0.0	1994.25036621	8.0	0.0	0.0	10.0	0.0	0.0	0.0	0.0	0.0	0.0	0.0	0.0	2.0	0.0	0.0	0.0	0.0	0.0	3.32853558443e-09	1.0	1
1.0	9014.48535156	14.0	6.0	2991.04589844	7.0	5.0	156.041600466	0.0	-0.104987069964	-0.992561519146	-0.0616386458278	17.4336646441	9.58985765702	-2.12032985687	-50.0654525757	-3.07319998741	0.980563533532	4.0	5.0	45.0799999237	1.0	5.0	0.999999999925	1.0	1
1.0	1388.61108398	2.0	0.0	452.20098877	3.0	0.0	0.0	10.0	0.0	0.0	0.0	0.0	0.0	0.0	0.0	0.0	2.0	0.0	0.0	0.0	0.0	0.0	3.32853558443e-09	1.0	1
1.0	3277.16259766	7.0	3.0	1735.92553711	6.0	5.0	146.900001049	0.0	0.99559122324	-0.0936355367303	0.0055266446434	13.1878162446	23.4039334538	-19.3374996185	-67.7703018188	-6.16932964325	0.846218257232	4.0	8.31999969482	44.5	1.0	9.88000011444	0.997976417717	1.0	1
1.0	750.607666016	3.0	1.0	177.953994751	1.0	1.0	18.8999996185	0.99645421107	0.104937009513	0.992567241192	0.0616323165596	0.0	0.0	-21.2820014954	-60.6370010376	5.1856098175	0.63874917401	0.0	0.0	0.0	0.0	0.0	0.847115890135	1.0	1
1.0	595.432006836	1.0	1.0	320.89050293	3.0	1.0	1.05999994278	4.19805897865	0.791156589985	0.0677778571844	-0.607846558094	4.30404405024	2.33152208139	-18.1485500336	-67.1960449219	-20.710849762	0.559027211552	0.0	0.0	0.0	0.0	0.0	0.994640962226	1.0	1
1.0	2014.40185547	6.0	1.0	61.2123985291	1.0	1.0	16.8399996758	0.0	-0.995591282845	0.0936355441809	-0.00550807965919	21.9289172765	0.0	-28.5809001923	-65.4773025513	-15.2525997162	0.24166821918	2.0	3.44000005722	13.0400002003	0.0	9.52000045776	0.930369710906	1.0	1
1.0	3082.43554688	8.0	4.0	1991.86499023	5.0	4.0	165.78000164	0.0	-0.10503538698	-0.992556810379	-0.0616319142282	14.5480114519	22.9092669182	-16.8728485107	-69.4949951172	-6.24657011032	0.754905712984	5.0	3.44000005722	46.7000000477	1.0	8.31999969482	0.995825933995	1.0	1
1.0	248.893310547	4.0	0.0	627.596984863	1.0	0.0	0.0	10.0	0.0	0.0	0.0	0.0	0.0	0.0	0.0	0.0	2.0	0.0	0.0	0.0	0.0	0.0	3.32853558443e-09	0.0	1
1.0	7932.05224609	12.0	2.0	3592.98803711	4.0	3.0	90.4799990654	0.0	-0.0334177799523	-0.984706878662	0.170984134078	2.47550200303	1.78385842251	-14.9127502441	-46.1282501221	19.0924987793	0.93680313487	2.0	7.44000005722	14.2000002861	0.0	8.72000026703	0.999995819082	1.0	1
1.0	3881.65942383	11.0	2.0	3142.43798828	4.0	4.0	86.0999994278	0.0	-0.999347925186	0.034603882581	0.0103112002835	2.09465977955	35.5267292201	-18.8684997559	-71.7057037354	-3.57418012619	0.870968266824	2.0	5.30000019073	19.8200001717	1.0	5.30000019073	0.985846606897	1.0	1
1.0	6483.02099609	16.0	3.0	3665.41748047	5.0	3.0	82.0399996042	0.0	0.0334176197648	0.984702169895	-0.171011373401	3.80671250779	36.6116787873	-14.9127502441	-69.7199554443	-7.60371494293	0.0111114426794	4.0	8.72000026703	50.5	1.0	12.1199998856	0.999954544159	1.0	1
1.0	931.330322266	4.0	0.0	705.260986328	1.0	0.0	0.0	10.0	0.0	0.0	0.0	0.0	0.0	0.0	0.0	0.0	2.0	0.0	0.0	0.0	0.0	0.0	3.32853558443e-09	1.0	1
1.0	2955.75732422	11.0	1.0	1729.17504883	2.0	1.0	29.6399993896	2.21447740112	-0.697249591351	-0.0978613644838	-0.710117042065	7.22410582848	0.0	-26.8194999695	-71.8377532959	-12.4746494293	0.304465762001	0.0	0.0	0.0	0.0	0.0	0.964761789018	1.0	1
1.0	1348.31750488	9.0	1.0	1117.37695312	2.0	1.0	4.61999988556	2.99818778934	-0.108509004116	0.170194506645	0.979417920113	0.0	23.2117309974	-18.7300987244	-69.5747528076	2.39178490639	0.110613065303	0.0	0.0	0.0	0.0	0.0	0.615982851548	1.0	1
1.0	2585.37231445	9.0	3.0	1471.96289062	5.0	4.0	52.5399999619	1.90266130683	-0.606618404388	0.539740145206	-0.583690583706	13.4477199981	15.5648950658	-23.9433002472	-68.3313446045	-17.6550998688	0.624312436653	0.0	0.0	0.0	0.0	0.0	0.994570021813	1.0	1
1.0	1985.51037598	7.0	0.0	1626.92834473	3.0	0.0	0.0	10.0	0.0	0.0	0.0	0.0	0.0	0.0	0.0	0.0	2.0	0.0	0.0	0.0	0.0	0.0	3.32853558443e-09	1.0	1
1.0	2474.88916016	9.0	3.0	2116.01708984	4.0	2.0	34.1599998474	1.90266130683	0.606618404388	-0.539740145206	0.583690583706	0.0	6.75669303727	-23.9433002472	-68.3313446045	-17.6550998688	0.624312436653	0.0	0.0	0.0	0.0	0.0	0.975822563618	1.0	1
1.0	542.858642578	2.0	0.0	1168.05554199	1.0	0.0	0.0	10.0	0.0	0.0	0.0	0.0	0.0	0.0	0.0	0.0	2.0	0.0	0.0	0.0	0.0	0.0	3.32853558443e-09	0.0	1
1.0	9460.87304688	14.0	5.0	3349.95043945	10.0	5.0	106.919998407	0.0	-0.0461835190654	-0.993749141693	0.101635374129	20.5506037499	13.5386377166	1.0982350111	-52.4314498901	2.65380477905	0.847274533361	6.0	4.07999992371	34.2199997902	4.0	8.27999973297	0.999999999055	1.0	1
1.0	1722.13867188	11.0	2.0	593.278137207	5.0	2.0	23.819999218	0.0	0.0461924485862	0.993749678135	-0.101625822484	1.82323562762	38.6345038216	-19.6539993286	-50.898349762	11.5550003052	0.0164371429037	1.0	5.42000007629	5.01999998093	1.0	5.42000007629	0.89676897037	1.0	1
1.0	4140.60205078	15.0	3.0	1794.76916504	5.0	3.0	20.4800000191	0.0	-0.0461908690631	-0.993749797344	0.101625658572	45.7722902784	33.1236522232	0.468429505825	-68.5135498047	-18.7761993408	0.662669997149	6.0	7.51999998093	45.539999485	2.0	15.8199996948	0.974662282999	1.0	1
1.0	1053.24963379	3.0	0.0	1355.86755371	2.0	0.0	0.0	10.0	0.0	0.0	0.0	0.0	0.0	0.0	0.0	0.0	2.0	0.0	0.0	0.0	0.0	0.0	3.32853558443e-09	1.0	1
1.0	4199.25292969	8.0	7.0	3277.50317383	6.0	2.0	134.560000181	0.0	-0.0461908690631	-0.993749797344	0.101625658572	20.064642694	37.7810737296	0.468429505825	-68.5135498047	-18.7761993408	0.662669997149	10.0	4.07999992371	64.4399991035	6.0	15.8199996948	0.997827258719	1.0	1
1.0	1215.76855469	5.0	3.0	717.451171875	6.0	3.0	29.9400000572	0.0	0.0461879745126	0.993750929832	-0.101615980268	10.5398509171	24.2240176784	-20.2807006836	-70.2593002319	-12.4169998169	0.503442218489	2.0	5.59999990463	12.7999997139	1.0	5.59999990463	0.420452490208	1.0	1
1.0	4056.30737305	6.0	5.0	2223.82617188	9.0	4.0	65.2999985218	0.0	-0.0461879745126	-0.993750929832	0.101615980268	24.2240176784	33.9528946741	-20.2807006836	-70.2593002319	-12.4169998169	0.503442218489	7.0	4.07999992371	50.1999993324	5.0	8.27999973297	0.991556536782	1.0	1
1.0	1410.86645508	3.0	1.0	1113.89404297	1.0	1.0	3.90000009537	0.0	-0.998023092747	0.0332690142095	-0.0533209592104	2.4674244396	18.2378661955	-24.2663497925	-69.4999542236	-11.2528495789	0.179313968397	1.0	8.65999984741	10.0	1.0	8.65999984741	0.515015124781	1.0	1
1.0	4293.015625	6.0	4.0	2517.93432617	7.0	2.0	48.0199999809	0.0	-0.998023092747	0.0332690142095	-0.0533209592104	26.4732912387	29.9562973774	-24.2663497925	-69.4999542236	-11.2528495789	0.179313968397	4.0	7.44000005722	35.279999733	3.0	15.8199996948	0.997428371215	1.0	1
1.0	1252.79223633	5.0	1.0	765.046020508	1.0	1.0	23.2999992371	3.24154281641	0.107746012509	0.0499919578433	0.992920696735	3.21246183278	0.0	-5.1036901474	-67.4592514038	-5.45405769348	0.0231828429483	0.0	0.0	0.0	0.0	0.0	-1.0	0.0	1
1.0	5317.95654297	10.0	4.0	2642.2019043	6.0	4.0	68.0399986506	0.0	-0.00610113702714	0.998390734196	-0.056379687041	57.2899458531	2.03267151339	-24.1749992371	-49.7358474731	-46.0945510864	0.582548638931	1.0	12.7399997711	13.9200000763	0.0	12.7399997711	0.999804310637	1.0	1
1.0	5166.12451172	12.0	2.0	2482.36669922	4.0	2.0	29.7999992371	0.0	-0.00610113702714	0.998390734196	-0.056379687041	40.7422350114	43.8748101156	-24.1749992371	-49.7358474731	-46.0945510864	0.582548638931	1.0	12.7399997711	13.9200000763	0.0	12.7399997711	0.998470795749	1.0	1
1.0	5625.21777344	11.0	3.0	2460.71850586	3.0	2.0	50.5600005388	0.0	-0.00610113702714	0.998390734196	-0.056379687041	40.7422350114	2.03267151339	-24.1749992371	-49.7358474731	-46.0945510864	0.582548638931	1.0	12.7399997711	13.9200000763	0.0	12.7399997711	0.999797487621	1.0	1
1.0	1621.1583252	5.0	1.0	765.046020508	1.0	1.0	23.2999992371	3.24154281641	0.107746012509	0.0499919578433	0.992920696735	3.21246183278	0.0	-5.1036901474	-67.4592514038	-5.45405769348	0.0231828429483	0.0	0.0	0.0	0.0	0.0	0.0627594089033	1.0	1
1.0	3411.74267578	6.0	2.0	1568.45800781	3.0	2.0	65.6599979401	0.0	0.00611992646009	-0.998390674591	0.0563789568841	2.53502584763	15.1021198299	-7.27986001968	-66.424949646	-15.1153507233	0.648532665132	1.0	5.28000020981	10.8800001144	0.0	5.28000020981	0.975989990882	1.0	1
1.0	1592.90136719	6.0	1.0	765.046020508	1.0	1.0	23.2999992371	3.24154281641	0.107746012509	0.0499919578433	0.992920696735	3.21246183278	0.0	-5.1036901474	-67.4592514038	-5.45405769348	0.0231828429483	0.0	0.0	0.0	0.0	0.0	0.360143685682	1.0	1
1.0	3541.47631836	8.0	0.0	1568.45800781	3.0	0.0	0.0	10.0	0.0	0.0	0.0	0.0	0.0	0.0	0.0	0.0	2.0	0.0	0.0	0.0	0.0	0.0	3.32853558443e-09	1.0	1
1.0	4024.88769531	7.0	3.0	1661.57995605	4.0	3.0	113.379997969	0.0	-0.994935691357	0.0	0.10051342845	20.4957687946	22.644203894	-5.39813995361	-47.5024986267	-13.3639497757	0.740463301892	1.0	12.6199998856	14.6800003052	0.0	12.6199998856	0.987551360723	1.0	1
1.0	643.061584473	4.0	0.0	1245.27978516	1.0	0.0	0.0	10.0	0.0	0.0	0.0	0.0	0.0	0.0	0.0	0.0	2.0	0.0	0.0	0.0	0.0	0.0	3.32853558443e-09	0.0	1
1.0	3889.77026367	11.0	3.0	1924.83166504	6.0	3.0	49.2600002289	0.0	-0.0429976917803	-0.985960662365	0.161346629262	13.1628027543	16.5472287746	-12.0974502563	-47.2803497314	10.1377000809	0.954827918211	1.0	8.64000034332	8.15999984741	1.0	8.64000034332	0.998706394576	1.0	1
1.0	1662.7791748	7.0	1.0	1228.41052246	4.0	1.0	17.9599995613	2.29667154047	-0.93877017498	0.294312149286	0.179139360785	0.0	20.5557406196	-25.7408485413	-67.6324996948	-25.1524505615	0.356233519115	0.0	0.0	0.0	0.0	0.0	0.293745890566	1.0	1
1.0	3439.65600586	13.0	5.0	1014.50823975	4.0	3.0	74.6799998283	0.0	-0.0429976917803	-0.985960662365	0.161346629262	0.0	3.48393617909	-12.0974502563	-47.2803497314	10.1377000809	0.954827918211	1.0	8.64000034332	8.15999984741	1.0	8.64000034332	0.997190335178	1.0	1
1.0	3581.16015625	6.0	2.0	182.779205322	3.0	2.0	48.6399993896	2.30752678241	-0.0428382791579	-0.563997328281	0.824664711952	22.049292986	1.74196854874	-5.6963300705	-52.0008468628	-3.91148495674	0.670023420595	0.0	0.0	0.0	0.0	0.0	0.97860011761	1.0	1
1.0	4956.68164062	9.0	2.0	900.042907715	6.0	2.0	40.9600000381	2.28289505681	-0.443833738565	0.366257160902	-0.817843079567	13.0988732814	36.7736555544	-19.3176498413	-67.0046005249	-31.6283493042	0.841553166393	0.0	0.0	0.0	0.0	0.0	0.999977218504	1.0	1
1.0	924.161621094	5.0	0.0	1245.27978516	1.0	0.0	0.0	10.0	0.0	0.0	0.0	0.0	0.0	0.0	0.0	0.0	2.0	0.0	0.0	0.0	0.0	0.0	3.32853558443e-09	1.0	1
1.0	4017.1953125	11.0	3.0	1536.54248047	6.0	4.0	99.2799983025	2.28289505681	-0.443833738565	0.366257160902	-0.817843079567	34.6893768915	36.7736555544	-19.3176498413	-67.0046005249	-31.6283493042	0.841553166393	0.0	0.0	0.0	0.0	0.0	0.999372489904	1.0	1
1.0	2911.99487305	8.0	0.0	957.504150391	3.0	0.0	0.0	10.0	0.0	0.0	0.0	0.0	0.0	0.0	0.0	0.0	2.0	0.0	0.0	0.0	0.0	0.0	3.32853558443e-09	1.0	1
1.0	3966.01513672	9.0	0.0	691.139770508	3.0	0.0	0.0	10.0	0.0	0.0	0.0	0.0	0.0	0.0	0.0	0.0	2.0	0.0	0.0	0.0	0.0	0.0	3.32853558443e-09	1.0	1
1.0	1203.29003906	7.0	0.0	1500.72424316	1.0	0.0	0.0	10.0	0.0	0.0	0.0	0.0	0.0	0.0	0.0	0.0	2.0	0.0	0.0	0.0	0.0	0.0	3.32853558443e-09	0.0	1
1.0	4699.94726562	15.0	2.0	2955.61254883	7.0	4.0	34.4000008106	0.0	-0.999826014042	0.0	-0.0186542477459	35.2231435554	22.9123744439	-4.68558502197	-50.1557998657	-11.0439500809	0.380372031985	1.0	14.9399995804	14.4600000381	0.0	14.9399995804	0.975822563305	1.0	1
1.0	972.109375	6.0	2.0	744.022399902	4.0	2.0	8.96000015736	0.0	0.00372826564126	0.980664551258	-0.195660918951	1.88128437803	24.7563447004	-25.0482501984	-64.6880493164	0.794727504253	0.976883663701	1.0	14.1000003815	12.3800001144	0.0	14.1000003815	0.749226857814	1.0	1
1.0	4532.09863281	15.0	4.0	2366.79785156	6.0	3.0	84.5200008154	0.0	-0.00372634385712	-0.980664551258	0.195660918951	21.7795940444	24.5412190375	-21.7841491699	-64.6880493164	0.855670511723	0.876504799939	4.0	3.33999991417	36.5399999619	2.0	17.1000003815	0.996039915883	1.0	1
1.0	5589.99267578	16.0	5.0	2813.86645508	5.0	4.0	93.7200012207	0.0	0.00372634385712	0.980664551258	-0.195660918951	2.45866921446	21.7795940444	-21.7841491699	-64.6880493164	0.855670511723	0.876504799939	5.0	3.33999991417	38.2400007248	1.0	3.33999991417	0.999823276669	1.0	1
1.0	6027.21923828	13.0	5.0	2180.25390625	6.0	6.0	98.9400004148	0.0	-0.0189132746309	0.167166486382	0.985747277737	15.6293500385	6.20839432829	-3.04051494598	-61.3395996094	-11.6931495667	0.631306349369	4.0	4.03999996185	36.460000515	1.0	17.1000003815	0.989710790782	1.0	1
1.0	2129.53320312	11.0	5.0	1758.72521973	5.0	5.0	105.620000243	0.0	-0.999825716019	0.0	-0.0186704862863	1.53508737525	29.2044961186	-26.6822013855	-65.174697876	0.861354470253	0.953453404442	4.0	4.03999996185	37.9400000572	2.0	17.1000003815	0.889480505844	1.0	1
1.0	5029.00537109	12.0	5.0	1570.51586914	6.0	3.0	94.6199994087	0.0	-0.999825716019	0.0	-0.0186699591577	27.542666848	19.9150398622	-2.72550487518	-48.2464981079	0.259639501572	0.778928143851	2.0	6.88000011444	23.3000006676	0.0	15.220000267	0.999866599481	1.0	1
1.0	896.550842285	5.0	2.0	1228.23022461	2.0	2.0	15.0199998617	0.0	-0.999825716019	0.0	-0.0186704862863	1.53508737525	29.2044961186	-26.6822013855	-65.174697876	0.861354470253	0.953453404442	3.0	4.03999996185	32.4400000572	2.0	17.1000003815	0.580736568428	1.0	1
1.0	4069.578125	17.0	7.0	2312.11962891	4.0	4.0	125.78000176	0.0	-0.00372826564126	-0.980664551258	0.195660918951	1.88124842871	29.6131973536	-25.0482501984	-64.6880493164	0.794727504253	0.935477657121	4.0	3.33999991417	32.4400000572	3.0	17.1000003815	0.984077801141	1.0	1
1.0	1696.89697266	6.0	1.0	803.924987793	1.0	1.0	16.5200004578	3.52204491951	-0.542832970619	0.0158082470298	0.839691877365	3.7845643637	3.78457760522	-11.6734294891	-69.9432525635	-0.574310064316	0.0502466448004	0.0	0.0	0.0	0.0	0.0	-1.0	0.0	1
1.0	6538.78955078	14.0	5.0	1740.19360352	7.0	5.0	118.28000021	0.0	-0.993508279324	0.0	-0.113759703934	45.9931512561	2.35802608101	-25.7479496002	-47.0443992615	-45.410697937	0.733684555909	2.0	5.19999980927	13.1199998856	1.0	5.19999980927	0.999999226607	1.0	1
1.0	7428.14892578	14.0	3.0	1953.99572754	4.0	3.0	74.0	1.94295134742	-0.394748419523	0.195571988821	0.897733390331	20.3447711642	19.1817361168	-29.363199234	-67.751449585	-12.5165996552	0.852168607516	0.0	0.0	0.0	0.0	0.0	0.999963188716	1.0	1
1.0	3704.25805664	12.0	2.0	2183.71704102	6.0	4.0	39.9656796455	0.0	-0.993504106998	0.0	-0.113796301186	31.7214912856	29.8410987905	-7.09228515625	-56.4519004822	-1.57518005371	0.134755286904	2.0	5.48000001907	9.07999968529	0.0	5.48000001907	0.977050267728	1.0	1
1.0	3359.91918945	9.0	1.0	1442.50866699	4.0	1.0	16.5200004578	3.52204491951	-0.542832970619	0.0158082470298	0.839691877365	3.7845643637	27.1857526721	-11.6734294891	-69.9432525635	-0.574310064316	0.0502466448004	0.0	0.0	0.0	0.0	0.0	0.805476594024	1.0	1
1.0	2716.86767578	11.0	4.0	2082.36450195	5.0	3.0	99.0680007935	0.0	-0.0265261642635	-0.970082998276	0.241320088506	8.4661536062	18.2746071219	-24.5199012756	-69.0924987793	-20.9881515503	0.696980525465	2.0	5.19999980927	14.8800001144	1.0	5.19999980927	0.973858441462	1.0	1
1.0	5560.40185547	10.0	3.0	1969.07629395	6.0	3.0	45.4456796646	0.0	0.0265252571553	0.970083355904	-0.241318747401	2.35801151258	25.7267454685	-5.47784996033	-57.9659996033	-1.00888049603	0.994813456769	1.0	5.48000001907	5.71999979019	0.0	5.48000001907	0.998424450055	1.0	1
1.0	6251.52539062	11.0	3.0	2557.95117188	5.0	2.0	77.1600012779	1.99069834384	-0.174098923802	0.068409897387	-0.982349038124	1.5214137948	31.9403731562	-8.23756027222	-69.6346511841	-11.4954147339	0.0748036736557	0.0	0.0	0.0	0.0	0.0	0.999996477597	1.0	1
1.0	187.261993408	1.0	0.0	293.609985352	1.0	0.0	0.0	10.0	0.0	0.0	0.0	0.0	0.0	0.0	0.0	0.0	2.0	0.0	0.0	0.0	0.0	0.0	3.32853558443e-09	1.0	1
1.0	6598.27099609	11.0	3.0	2557.95117188	5.0	3.0	94.360001564	1.99069834384	-0.174098923802	0.068409897387	-0.982349038124	1.5214137948	31.9403731562	-8.23756027222	-69.6346511841	-11.4954147339	0.0748036736557	0.0	0.0	0.0	0.0	0.0	0.999997109616	1.0	1
1.0	1801.03662109	6.0	0.0	539.000976562	1.0	0.0	0.0	10.0	0.0	0.0	0.0	0.0	0.0	0.0	0.0	0.0	2.0	0.0	0.0	0.0	0.0	0.0	3.32853558443e-09	0.0	1
1.0	6440.50927734	10.0	4.0	3352.68554688	9.0	6.0	102.300000668	0.0	-0.982114195824	0.129119753838	0.137039363384	31.6568290532	25.5624998431	-9.44416999817	-41.0429992676	-4.9167098999	0.35882175121	3.0	8.52000045776	30.5200004578	1.0	8.52000045776	0.999765061423	1.0	1
1.0	2500.51171875	6.0	1.0	524.537963867	4.0	1.0	16.2800002098	0.0	0.0849921554327	0.953415215015	-0.28944042325	24.6624139185	44.6183598277	-10.9405994415	-55.8611488342	-21.8536987305	0.269481937333	2.0	8.31999969482	16.7599992752	0.0	9.03999996185	0.47760206763	1.0	1
1.0	4701.65332031	13.0	4.0	1473.42199707	8.0	6.0	85.2800004482	0.0	0.9821138978	-0.129124805331	-0.137036561966	8.29727517577	36.0840276698	-15.8196496964	-70.3908004761	-1.47653007507	0.983513011932	3.0	3.88000011444	24.5400004387	2.0	9.34000015259	0.98913769408	1.0	1
1.0	2449.84570312	2.0	1.0	1073.35095215	4.0	1.0	13.6000003815	0.0	-0.982114195824	0.129119753838	0.137039363384	1.00525976695	29.4533808822	-9.44416999817	-41.0429992676	-4.9167098999	0.35882175121	2.0	11.8000001907	21.9600000381	0.0	11.8000001907	0.697618585848	1.0	1
1.0	3877.2487793	8.0	4.0	1948.60974121	7.0	4.0	82.7200000286	0.0	0.982097268105	-0.129213571548	-0.137072175741	24.8777988346	30.51627415	-11.3908500671	-55.3093490601	-21.9326000214	0.715293876973	4.0	8.31999969482	40.3999996185	0.0	11.8000001907	0.994386117165	1.0	1
1.0	897.184753418	5.0	3.0	1073.49902344	5.0	3.0	44.8400001526	0.0	-0.982102513313	0.129214257002	0.137033835053	1.00529209166	31.8832372192	-11.5594501495	-69.5618515015	-0.937360525131	0.355209756148	2.0	2.03999996185	11.0999999046	1.0	2.03999996185	0.175270907262	1.0	1
1.0	3792.86035156	10.0	2.0	1275.51708984	5.0	4.0	46.5799999237	0.0	-0.982102513313	0.129214257002	0.137033835053	1.00529209166	26.8622555297	-11.5594501495	-69.5618515015	-0.937360525131	0.355209756148	2.0	2.03999996185	9.58000040054	2.0	8.52000045776	0.996012030519	1.0	1
1.0	378.136810303	2.0	1.0	169.428009033	2.0	1.0	13.220000267	0.0	0.0849921554327	0.953415215015	-0.28944042325	11.9690917232	2.03715642469	-10.9405994415	-55.8611488342	-21.8536987305	0.269481937333	1.0	8.31999969482	8.35999965668	0.0	8.31999969482	0.256906065414	1.0	1
1.0	1218.78662109	8.0	1.0	738.348999023	1.0	1.0	5.26000022888	4.27077276916	-0.44296681881	-0.0131472516805	0.896441578865	1.93519349	14.4028061789	-14.7477502823	-70.7713928223	-10.5085706711	0.180773042436	0.0	0.0	0.0	0.0	0.0	-1.0	0.0	1
1.0	6811.95947266	13.0	5.0	2599.33496094	9.0	6.0	145.279999852	0.0	-0.998198449612	0.028622245416	-0.0527314841747	34.3891970198	11.6259926462	-25.3885002136	-62.2772979736	-34.1863021851	0.248653135491	6.0	6.11999988556	80.9599995613	2.0	18.3600006104	0.999937768216	1.0	1
1.0	1913.86035156	12.0	2.0	2072.44604492	2.0	1.0	25.0399999619	0.0	-0.0412265956402	-0.994554877281	0.0957126542926	2.04053934735	31.1542853578	-4.07734012604	-47.0374526978	-12.3088998795	0.97919275459	1.0	18.5	20.1000003815	0.0	18.5	0.300601661982	1.0	1
1.0	5621.70556641	18.0	4.0	1454.5279541	5.0	5.0	75.4799993038	0.0	-0.998198449612	0.028622245416	-0.0527314841747	34.3891970198	11.6259926462	-25.3885002136	-62.2772979736	-34.1863021851	0.248653135491	1.0	10.779999733	11.0799999237	0.0	10.779999733	0.994830149464	1.0	1
1.0	3711.86108398	12.0	2.0	966.073486328	4.0	2.0	39.8600001335	0.0	-0.0412261597812	-0.994544446468	0.0958215519786	26.737298354	1.64670482755	-4.03977966309	-46.1313476562	-12.396150589	0.154210068192	2.0	18.3600006104	41.5599994659	1.0	18.3600006104	0.981273813866	1.0	1
1.0	5122.66601562	15.0	3.0	1902.73352051	4.0	3.0	60.9399995804	2.64653545485	-0.0574402101338	-0.0480002090335	0.997194349766	13.859080755	13.0834608952	-6.08928012848	-53.1742019653	1.44002997875	0.303286495987	0.0	0.0	0.0	0.0	0.0	0.999142762724	1.0	1
1.0	4862.22265625	13.0	3.0	1164.38439941	4.0	2.0	39.2399988174	2.64653545485	-0.0574402101338	-0.0480002090335	0.997194349766	13.859080755	13.0834608952	-6.08928012848	-53.1742019653	1.44002997875	0.303286495987	0.0	0.0	0.0	0.0	0.0	0.979734777013	1.0	1
1.0	1218.78662109	8.0	1.0	960.307006836	2.0	2.0	21.6399993896	3.4059506906	-0.852763831615	-0.0141117796302	-0.522106051445	1.93519349	4.74038334589	-15.654250145	-70.7333526611	-21.7122497559	0.305720994409	0.0	0.0	0.0	0.0	0.0	0.132156945032	1.0	1
1.0	5307.18359375	17.0	3.0	1902.73352051	4.0	3.0	60.9399995804	2.64653545485	-0.0574402101338	-0.0480002090335	0.997194349766	13.859080755	13.0834608952	-6.08928012848	-53.1742019653	1.44002997875	0.303286495987	0.0	0.0	0.0	0.0	0.0	0.999784811163	1.0	1
1.0	1028.02246094	8.0	1.0	671.596984863	1.0	1.0	13.6999998093	3.2575143362	-0.383528590202	0.221573486924	0.896555066109	1.70467064849	5.07230154052	-9.64232063293	-70.6587982178	-0.246244907379	0.105427701429	0.0	0.0	0.0	0.0	0.0	-1.0	0.0	1
1.0	6817.33789062	21.0	6.0	1929.02612305	5.0	3.0	121.000000477	1.31589894467	-0.00631208345294	0.344303488731	-0.938837170601	18.4315579326	29.5607387967	-9.5493144989	-71.2227020264	-16.1506500244	0.472011054505	0.0	0.0	0.0	0.0	0.0	0.999999196819	1.0	1
1.0	6218.47265625	12.0	6.0	3461.98828125	9.0	6.0	155.739999294	0.0	0.0288469810039	-0.963121592999	0.267515778542	28.0899856316	3.25417653055	-0.43833899498	-50.3778991699	8.12594032288	0.98663192523	3.0	6.71999979019	39.8599991798	1.0	13.1999998093	0.999999561651	1.0	1
1.0	6365.1875	16.0	4.0	3022.90161133	7.0	6.0	118.0	0.0	0.99950671196	0.0309955403209	0.00506449816748	15.4689545969	21.9566285365	-11.9999008179	-72.1934967041	-13.7245006561	0.18053419907	6.0	4.90000009537	46.3135993108	0.0	17.9400005341	0.999999561651	1.0	1
1.0	2728.75170898	12.0	2.0	1005.88598633	3.0	3.0	31.6600003242	2.04759855804	-0.937279105186	-0.113531902432	-0.32957303524	1.73160067491	8.64500344281	-9.53726482391	-72.7791976929	-8.41782951355	0.0490849827231	0.0	0.0	0.0	0.0	0.0	0.973722005812	1.0	1
1.0	2842.93286133	10.0	4.0	1216.25292969	4.0	3.0	64.6400008202	0.0	-0.999503552914	-0.0310959033668	-0.005064482335	30.6551677135	25.7553268956	-2.87361001968	-48.2802505493	-12.9316997528	0.895079598981	1.0	14.5799999237	15.6599998474	0.0	14.5799999237	0.997167706184	1.0	1
1.0	800.32244873	5.0	0.0	236.365005493	1.0	0.0	0.0	10.0	0.0	0.0	0.0	0.0	0.0	0.0	0.0	0.0	2.0	0.0	0.0	0.0	0.0	0.0	3.32853558443e-09	1.0	1
1.0	4544.74804688	13.0	5.0	2693.56982422	8.0	6.0	104.21999979	0.0	0.0288469810039	-0.963121592999	0.267515778542	0.0	3.25417653055	-0.43833899498	-50.3778991699	8.12594032288	0.98663192523	3.0	6.71999979019	40.8599991798	1.0	13.1999998093	0.999982834126	1.0	1
1.0	482.939178467	5.0	1.0	971.172973633	2.0	1.0	7.63999986649	2.08220072159	-0.215494602919	-0.25159367919	-0.943537354469	0.0	4.9821203987	0.172123014927	-52.5382003784	-2.21794247627	0.963245534553	0.0	0.0	0.0	0.0	0.0	0.0627594041537	1.0	1
1.0	2896.41357422	13.0	4.0	592.359985352	3.0	2.0	23.9199995995	0.0	0.0288546737283	-0.963110983372	0.26755297184	26.3983297579	1.97191691494	-1.44044494629	-45.9710006714	-17.9332008362	0.962968257684	1.0	14.5799999237	16.6599998474	1.0	13.1999998093	0.999564624489	1.0	1
1.0	498.497192383	3.0	0.0	721.33203125	1.0	0.0	0.0	10.0	0.0	0.0	0.0	0.0	0.0	0.0	0.0	0.0	2.0	0.0	0.0	0.0	0.0	0.0	3.32853558443e-09	0.0	1
1.0	5363.12255859	15.0	3.0	2338.86401367	5.0	4.0	76.5599999428	0.0	0.0130724310875	-0.976925849915	0.213178247213	34.1643137327	18.1482628931	-2.96530485153	-49.1705474854	-3.40234518051	0.958132361489	2.0	13.4600000381	31.1400003433	1.0	9.26000022888	0.999329465954	1.0	1
1.0	1676.51696777	11.0	4.0	1355.74499512	3.0	3.0	40.8295999765	0.0	-0.0131491916254	0.976925134659	-0.21317692101	10.5395743837	16.7881494754	-19.7645988464	-68.0513458252	-7.59370517731	0.250317607155	3.0	7.01999998093	36.6800003052	1.0	15.5399999619	0.466077247781	1.0	1
1.0	5622.71337891	13.0	6.0	1342.77294922	3.0	3.0	87.0095998049	0.0	0.0130724310875	-0.976925849915	0.213178247213	19.0543697253	2.5445517649	-2.96530485153	-49.1705474854	-3.40234518051	0.958132361489	2.0	6.42000007629	15.6999998093	2.0	9.26000022888	0.992353675436	1.0	1
1.0	615.725219727	4.0	0.0	721.33203125	1.0	0.0	0.0	10.0	0.0	0.0	0.0	0.0	0.0	0.0	0.0	0.0	2.0	0.0	0.0	0.0	0.0	0.0	3.32853558443e-09	1.0	1
1.0	4044.63964844	11.0	2.0	1485.79492188	3.0	2.0	25.0399999619	0.0	-0.99713742733	0.0	0.0756108686328	44.6712625203	28.2394041786	-20.2280502319	-67.5980987549	-7.65792989731	0.521886602546	1.0	8.84000015259	11.220000267	0.0	8.84000015259	0.99865642603	1.0	1
1.0	745.857971191	3.0	1.0	587.201049805	2.0	1.0	14.779999733	3.09701150387	0.34144321084	-0.328605949879	0.880587697029	2.01622834313	2.05869163742	-10.5745353699	-67.2467041016	-30.0761489868	0.300498840861	0.0	0.0	0.0	0.0	0.0	0.240405560692	1.0	1
1.0	3899.92871094	10.0	4.0	1871.41210938	4.0	4.0	110.92960012	0.0	0.0131491916254	-0.976925134659	0.21317692101	16.7881494754	15.088128031	-19.7645988464	-68.0513458252	-7.59370517731	0.250317607155	2.0	7.01999998093	25.1400003433	0.0	11.3800001144	0.996816063265	1.0	1
1.0	498.497192383	3.0	1.0	830.304992676	2.0	1.0	5.46000003815	2.92861568936	-0.968031466007	-0.243587166071	-0.0598357915878	3.2655556066	27.7563745906	-15.6324996948	-70.221496582	-22.6378002167	0.207243793563	0.0	0.0	0.0	0.0	0.0	0.0402357153304	1.0	1
1.0	3211.34765625	9.0	4.0	2128.97924805	6.0	5.0	87.5096000433	0.0	0.0130722057074	-0.976928174496	0.213167697191	14.4289202605	4.83957597391	-5.29518508911	-62.8883514404	-11.4232997894	0.723251648894	4.0	6.42000007629	46.3000001907	1.0	6.42000007629	0.979443442594	1.0	1
1.0	671.806884766	5.0	1.0	437.493011475	1.0	1.0	5.21999979019	3.50703581302	-0.375503718853	0.156789004803	0.91346269846	2.68679264058	4.51345057619	-9.19878005981	-69.7756958008	3.14893531799	0.433035313149	0.0	0.0	0.0	0.0	0.0	-1.0	0.0	1
1.0	7022.26660156	13.0	6.0	3166.3046875	7.0	6.0	187.800000191	0.0	-0.00919941347092	0.994015753269	-0.108848772943	15.9250903104	29.2055042582	-2.57960510254	-45.0695495605	-4.1721496582	0.598262158924	4.0	1.03999996185	37.919999361	1.0	3.72000002861	0.999989423336	1.0	1
1.0	6725.35449219	13.0	6.0	2976.16796875	7.0	6.0	131.839999199	0.0	-0.00919941347092	0.994015753269	-0.108848772943	15.9250903104	29.2055042582	-2.57960510254	-45.0695495605	-4.1721496582	0.598262158924	3.0	3.72000002861	37.919999361	1.0	3.72000002861	0.999996719647	1.0	1
1.0	1395.05993652	6.0	1.0	437.493011475	1.0	1.0	5.21999979019	3.50703581302	-0.375503718853	0.156789004803	0.91346269846	2.68679264058	4.51345057619	-9.19878005981	-69.7756958008	3.14893531799	0.433035313149	0.0	0.0	0.0	0.0	0.0	0.0210906720737	1.0	1
1.0	3603.56542969	9.0	2.0	694.881958008	2.0	1.0	32.8800001144	3.45469250206	-0.295275866985	0.248934403062	0.92241191864	2.18381324093	4.51345057619	-9.7459602356	-70.2969970703	3.26198530197	0.954463292176	0.0	0.0	0.0	0.0	0.0	0.98047765234	1.0	1
1.0	2660.82128906	6.0	3.0	464.025878906	4.0	2.0	72.2199993134	0.0	0.994902431965	0.0	-0.100842297077	55.4983862458	0.0	-11.6503000259	-67.4248962402	-25.8800506592	0.54794520438	1.0	1.03999996185	0.0	0.0	1.03999996185	0.664909644581	1.0	1
1.0	4291.20458984	10.0	3.0	526.186828613	4.0	2.0	28.1600008011	0.0	0.00919148977846	-0.99401563406	0.108850367367	0.0	11.3565179707	-9.22290039062	-71.3876953125	-3.72898507118	0.665521646813	1.0	6.82000017166	5.78000020981	0.0	6.82000017166	0.985883653289	1.0	1
1.0	1892.15698242	6.0	1.0	963.67980957	4.0	2.0	15.8200001717	0.0	0.00919148977846	-0.99401563406	0.108850367367	0.0	11.3565179707	-9.22290039062	-71.3876953125	-3.72898507118	0.665521646813	1.0	6.82000017166	5.78000020981	0.0	6.82000017166	0.834368080508	1.0	1
1.0	5012.44921875	10.0	4.0	1024.15991211	4.0	3.0	102.039999485	0.0	-0.00919148977846	0.99401563406	-0.108850367367	8.11316780612	11.3821143287	-9.22290039062	-71.3876953125	-3.72898507118	0.665521646813	1.0	6.82000017166	5.78000020981	0.0	6.82000017166	0.998544186112	1.0	1
1.0	916.943115234	3.0	1.0	1197.19140625	1.0	1.0	2.1400001049	3.12139547367	-0.499631971121	-0.782295882702	0.371995985508	25.4952428539	18.9208293051	-3.01499438286	-63.6807022095	-17.9043006897	0.552993629612	0.0	0.0	0.0	0.0	0.0	-1.0	0.0	1
1.0	7932.28955078	15.0	4.0	2129.17285156	6.0	3.0	112.639999866	0.0	-0.0329161733389	-0.174286782742	-0.984144628048	12.2077955604	11.8655588243	-12.436050415	-69.1246032715	-6.52586507797	0.768569272288	3.0	3.46000003815	7.57999992371	2.0	3.46000003815	0.99999999396	1.0	1
1.0	2670.23706055	14.0	3.0	423.197296143	3.0	2.0	39.5999999046	2.89159991346	-0.461151868105	-0.791917800903	0.40025639534	31.2231240801	3.25037893356	-2.95511484146	-62.3974494934	-2.02008891106	0.664819017506	0.0	0.0	0.0	0.0	0.0	0.606069656363	1.0	1
1.0	7109.93457031	15.0	1.0	681.164428711	7.0	2.0	14.1400003433	3.62106333106	-0.973555147648	-0.14820741117	-0.173853099346	21.0084620026	2.97739127309	-30.9971504211	-44.1741485596	5.25229501724	0.977644930693	0.0	0.0	0.0	0.0	0.0	0.999999937157	1.0	1
1.0	2566.11328125	8.0	3.0	1378.03027344	1.0	1.0	78.2200007439	2.89159991346	-0.461151868105	-0.791917800903	0.40025639534	17.41830454	3.25037893356	-2.95511484146	-62.3974494934	-2.02008891106	0.664819017506	0.0	0.0	0.0	0.0	0.0	0.905597154212	1.0	1
1.0	4196.97265625	9.0	3.0	1494.72790527	3.0	2.0	68.2399997711	0.0	-0.0329161733389	-0.174286782742	-0.984144628048	12.2077955604	15.1228812785	-12.436050415	-69.1246032715	-6.52586507797	0.768569272288	2.0	3.46000003815	10.3199999332	1.0	3.46000003815	0.998914330911	1.0	1
1.0	555.974182129	4.0	2.0	773.994018555	1.0	1.0	31.7436003685	0.0	-0.0329161733389	-0.174286782742	-0.984144628048	12.2077955604	3.3197482767	-12.436050415	-69.1246032715	-6.52586507797	0.768569272288	3.0	3.46000003815	15.9199998379	1.0	3.46000003815	0.459771105144	1.0	1
1.0	2577.09985352	10.0	1.0	599.35925293	4.0	1.0	9.23999977112	3.84061198345	-0.913607120514	-0.255859136581	0.316003471613	16.1883881744	2.81510049036	-7.75520515442	-58.4944000244	1.28451490402	0.740661380885	0.0	0.0	0.0	0.0	0.0	0.992621462107	1.0	1
1.0	4307.72412109	8.0	2.0	1458.10424805	2.0	2.0	57.5036005974	0.0	-0.0329161733389	-0.174286782742	-0.984144628048	12.2077955604	15.1228812785	-12.436050415	-69.1246032715	-6.52586507797	0.768569272288	3.0	3.46000003815	15.9199998379	1.0	3.46000003815	0.999815175519	1.0	1
1.0	276.890014648	2.0	0.0	927.594970703	1.0	0.0	0.0	10.0	0.0	0.0	0.0	0.0	0.0	0.0	0.0	0.0	2.0	0.0	0.0	0.0	0.0	0.0	3.32853558443e-09	0.0	1
1.0	2903.86889648	11.0	5.0	959.951538086	4.0	3.0	81.2999992371	0.0	0.106030836701	-0.937818408012	0.330536156893	0.0	39.2864166801	-5.38928031921	-62.2649993896	7.15215015411	0.942262652738	2.0	2.24000000954	7.19999980927	1.0	2.24000000954	0.988356311429	1.0	1
1.0	6005.41748047	14.0	2.0	3115.72094727	3.0	1.0	53.9399992228	1.65519788902	0.0121511425823	-0.127752870321	0.991731584072	21.5141261508	17.5637023624	-4.05564498901	-63.5937995911	-13.0806007385	0.00412768362417	0.0	0.0	0.0	0.0	0.0	0.996583361913	1.0	1
1.0	6658.58691406	12.0	1.0	2366.07421875	4.0	1.0	25.5200004578	2.50817060439	-0.69377809763	-0.249232634902	0.675688564777	22.561689388	25.799005282	-25.6018486023	-63.2023506165	-25.1556510925	0.330723415769	0.0	0.0	0.0	0.0	0.0	0.999784629178	1.0	1
1.0	4048.93286133	7.0	4.0	2402.13769531	3.0	2.0	79.7999997139	0.0	-0.993543982506	-0.113414108753	-0.00275311083533	2.44993567167	23.382920082	-25.7426490784	-67.3160476685	-7.51945018768	0.406413691612	1.0	5.90000009537	5.17999982834	0.0	5.90000009537	0.992756267824	1.0	1
1.0	4103.109375	8.0	3.0	2347.96142578	2.0	1.0	66.7599992752	0.0	-0.993543982506	-0.113414108753	-0.00275311083533	2.44993567167	26.8097570271	-25.7426490784	-67.3160476685	-7.51945018768	0.406413691612	1.0	5.90000009537	5.17999982834	0.0	5.90000009537	0.992756267824	1.0	1
1.0	2345.00073242	6.0	1.0	1720.07128906	3.0	2.0	32.4399986267	1.65519788902	0.0121511425823	-0.127752870321	0.991731584072	53.3726495336	0.0	-4.05564498901	-63.5937995911	-13.0806007385	0.00412768362417	0.0	0.0	0.0	0.0	0.0	0.838450681322	1.0	1
1.0	3815.88989258	6.0	3.0	2635.18066406	3.0	2.0	66.9799996614	1.27950773176	-0.100073061883	0.868118703365	0.486163854599	17.8192086753	0.0	-1.90410494804	-52.4046020508	-24.0126495361	0.637739338367	0.0	0.0	0.0	0.0	0.0	0.986320983539	1.0	1
1.0	3838.75073242	6.0	4.0	1279.3692627	3.0	2.0	26.9400000572	0.0	-0.993543982506	-0.113414108753	-0.00275311083533	2.44993567167	23.382920082	-25.7426490784	-67.3160476685	-7.51945018768	0.406413691612	1.0	5.90000009537	5.17999982834	0.0	5.90000009537	0.944027995524	1.0	1
1.0	4103.109375	8.0	3.0	2347.96142578	2.0	1.0	66.7599992752	0.0	-0.993543982506	-0.113414108753	-0.00275311083533	2.44993567167	26.8097570271	-25.7426490784	-67.3160476685	-7.51945018768	0.406413691612	1.0	5.90000009537	5.17999982834	0.0	5.90000009537	0.995866893475	1.0	1
1.0	368.241516113	2.0	0.0	1438.68701172	1.0	0.0	0.0	10.0	0.0	0.0	0.0	0.0	0.0	0.0	0.0	0.0	2.0	0.0	0.0	0.0	0.0	0.0	3.32853558443e-09	0.0	1
1.0	5093.0703125	9.0	1.0	1699.83129883	5.0	1.0	8.10000038147	2.81953186898	-0.123405963182	-0.518077254295	-0.846384644508	28.0411835681	33.2836886551	-7.31446456909	-66.5514984131	-11.791015625	0.0318474971239	0.0	0.0	0.0	0.0	0.0	0.998555649033	1.0	1
1.0	3933.28051758	9.0	2.0	3177.36547852	5.0	2.0	44.1000003815	0.0	-0.0587554611266	-0.984739840031	0.163814693689	52.2325295594	21.4884663903	-23.2160987854	-40.8776473999	13.5862998962	0.431196984658	1.0	5.67999982834	5.44000005722	0.0	5.67999982834	0.989381782114	1.0	1
1.0	7192.75878906	11.0	5.0	2808.84326172	10.0	5.0	107.880002022	0.0	-0.0588170588017	-0.984726130962	0.163874894381	20.4668357551	17.9879380508	-2.95288515091	-45.0480003357	-5.96493005753	0.571709302425	3.0	10.9799995422	38.220000267	0.0	13.5200004578	0.999975256853	1.0	1
1.0	210.526992798	1.0	0.0	322.415008545	1.0	0.0	0.0	10.0	0.0	0.0	0.0	0.0	0.0	0.0	0.0	0.0	2.0	0.0	0.0	0.0	0.0	0.0	3.32853558443e-09	1.0	1
1.0	1901.60253906	4.0	2.0	3008.63623047	7.0	3.0	56.8400008678	0.0	0.992685317993	-0.0704839006066	-0.0980199798942	28.7398229156	31.5941588339	-5.30940008163	-46.0875015259	-23.5270500183	0.534217942981	2.0	13.5200004578	26.2600002289	0.0	13.5200004578	0.897026833606	1.0	1
1.0	1903.875	3.0	1.0	794.574951172	3.0	1.0	2.81999993324	2.86786512636	-0.0588214807212	-0.984726369381	0.163871765137	32.7922462715	0.0	-3.4481048584	-51.4090499878	-16.8853988647	0.707598707101	0.0	0.0	0.0	0.0	0.0	0.971243017022	1.0	1
1.0	926.815979004	2.0	1.0	1183.74633789	4.0	2.0	52.2600002289	0.0	-0.992686986923	0.0704876706004	0.0980000719428	1.47159322318	28.3218373047	-21.7881507874	-72.8074951172	-6.94956970215	0.876914655601	1.0	5.88000011444	5.13999986649	0.0	5.88000011444	0.560890186354	1.0	1
1.0	962.940856934	7.0	1.0	658.12701416	1.0	1.0	7.26000022888	4.00474719637	-0.569249272346	-0.585964083672	0.576716005802	10.580820932	2.37377358158	-10.845085144	-63.1116485596	-12.0005102158	0.509226184804	0.0	0.0	0.0	0.0	0.0	-1.0	0.0	2
1.0	3788.56860352	16.0	4.0	2257.79174805	6.0	4.0	90.4199991226	0.0	-0.997889816761	0.0560520589352	0.0327726565301	0.0	24.0075111163	-27.8312988281	-66.2856521606	-14.5823497772	0.158168115548	4.0	0.920000016689	39.9399995804	0.0	15.279999733	0.995241631647	1.0	2
1.0	962.940856934	7.0	1.0	704.425415039	1.0	1.0	10.740000248	3.61689088071	-0.854663014412	-0.507456183434	0.109723977745	1.98394482155	17.060669616	-15.3813858032	-67.0650482178	-22.4711990356	0.525946629127	0.0	0.0	0.0	0.0	0.0	0.0219550704382	1.0	2
1.0	3091.01904297	13.0	4.0	727.078735352	4.0	3.0	27.2999997139	2.75438193684	-0.745893239975	0.614385485649	-0.257242619991	42.9267810585	4.02081569121	-23.0439987183	-65.8475494385	-33.5741004944	0.311437170527	3.0	13.9399995804	39.9399995804	0.0	15.279999733	0.97174287967	1.0	2
1.0	177.12020874	2.0	0.0	81.7266998291	1.0	0.0	0.0	10.0	0.0	0.0	0.0	0.0	0.0	0.0	0.0	0.0	2.0	0.0	0.0	0.0	0.0	0.0	3.32853558443e-09	1.0	2
1.0	3813.34423828	15.0	5.0	1550.57873535	5.0	3.0	72.6599993706	1.41788223885	-0.481960505247	-0.326361715794	0.813143372536	25.4843151365	14.7445044699	-10.4337444305	-61.6185531616	-31.7169494629	0.909613999502	0.0	0.0	0.0	0.0	0.0	0.988075808419	1.0	2
1.0	1830.09973145	15.0	3.0	1183.4296875	2.0	2.0	31.0599997044	1.80667374864	0.321085870266	-0.17511549592	0.930719316006	13.1298298427	14.8933371111	-9.29255485535	-61.8987007141	-26.4780006409	0.888740228665	0.0	0.0	0.0	0.0	0.0	0.963902453447	1.0	2
1.0	2192.11499023	12.0	3.0	1339.76257324	4.0	3.0	102.960000038	0.0	-0.997889816761	0.0560520589352	0.0327726565301	29.8178854747	33.4293524758	-27.8312988281	-66.2856521606	-14.5823497772	0.158168115548	4.0	0.920000016689	39.9399995804	0.0	15.279999733	0.969188617787	1.0	2
1.0	3898.35571289	17.0	4.0	2148.00463867	4.0	4.0	110.160000086	2.04726644952	-0.241936430335	-0.542140543461	0.804705142975	22.3701780278	15.4896377784	-3.5699801445	-56.609249115	-12.5062999725	0.951253807436	3.0	13.9399995804	39.9399995804	0.0	15.279999733	0.996721616697	1.0	2
1.0	3878.37158203	15.0	4.0	1990.35510254	4.0	3.0	96.0599997044	1.41788223885	-0.481960505247	-0.326361715794	0.813143372536	22.7944184988	27.5423083981	-10.4337444305	-61.6185531616	-31.7169494629	0.909613999502	0.0	0.0	0.0	0.0	0.0	0.993391506546	1.0	2
1.0	209.898712158	2.0	0.0	811.822387695	1.0	0.0	0.0	10.0	0.0	0.0	0.0	0.0	0.0	0.0	0.0	0.0	2.0	0.0	0.0	0.0	0.0	0.0	3.32853558443e-09	0.0	2
1.0	2933.17285156	8.0	4.0	1963.17346191	3.0	2.0	103.839999676	0.0	-0.995591282845	0.0936355441809	-0.00550807965919	2.10287472604	27.2522200414	-28.5809001923	-65.4773025513	-15.2525997162	0.935181170878	3.0	3.44000005722	29.7400000095	0.0	13.6400003433	0.994425355214	1.0	2
1.0	1556.74169922	5.0	3.0	1143.63842773	3.0	2.0	47.3799986839	0.0	-0.995600402355	0.0935386791825	-0.00550813507289	42.8278781958	2.2588813393	-3.9688000679	-53.4274520874	-23.3599014282	0.478931430294	4.0	3.44000005722	35.0800001621	0.0	11.3199996948	0.232948132199	1.0	2
1.0	1977.27526855	8.0	2.0	725.717895508	3.0	2.0	29.4399995804	0.0	-0.104935109615	-0.992567420006	-0.0616318508983	23.4660577611	13.4120569473	-28.9312000275	-63.8656005859	-16.9820995331	0.217540933193	2.0	3.44000005722	16.2799999714	0.0	13.6400003433	0.997691583102	1.0	2
1.0	2673.98120117	5.0	3.0	852.13659668	5.0	4.0	60.2800011635	0.0	-0.995591938496	0.0936285257339	-0.00551714934409	15.2473642231	23.1006715101	-20.4725990295	-68.5731964111	-8.05476474762	0.317504825253	1.0	8.31999969482	8.19999980927	1.0	8.31999969482	0.965215353073	1.0	2
1.0	2447.18896484	9.0	4.0	1692.29785156	5.0	2.0	42.319999218	0.0	0.995600402355	-0.0935386791825	0.00550813507289	22.6504293365	1.98577595389	-3.9688000679	-53.4274520874	-23.3599014282	0.927949165245	2.0	8.56000041962	19.5600004196	1.0	9.06000041962	0.975184646701	1.0	2
1.0	2229.53833008	7.0	3.0	944.951416016	2.0	1.0	32.7799987793	0.0	-0.995591282845	0.0936355441809	-0.00550807965919	2.10287472604	6.46080908191	-28.5809001923	-65.4773025513	-15.2525997162	0.935181170878	2.0	3.44000005722	16.7799999714	0.0	11.3199996948	0.78865777732	1.0	2
1.0	2919.08496094	10.0	4.0	1140.73693848	3.0	1.0	37.8199987411	0.0	-0.104935109615	-0.992567420006	-0.0616318508983	4.12152332772	29.7122479095	-28.9312000275	-63.8656005859	-16.9820995331	0.0230047597342	1.0	11.3199996948	13.4600000381	0.0	11.3199996948	0.989251037475	1.0	2
1.0	1881.33398438	6.0	1.0	446.405517578	3.0	1.0	6.07999992371	2.57790609644	0.977922022343	0.20762526989	0.023669719696	7.90330749202	17.7158819205	-13.468249321	-66.8459014893	4.89558982849	0.155378653283	0.0	0.0	0.0	0.0	0.0	0.90082206932	1.0	2
1.0	1787.8203125	7.0	1.0	1100.04394531	4.0	1.0	6.07999992371	2.57790609644	0.977922022343	0.20762526989	0.023669719696	7.90330749202	14.9409557472	-13.468249321	-66.8459014893	4.89558982849	0.155378653283	0.0	0.0	0.0	0.0	0.0	0.983002137352	1.0	2
1.0	248.893310547	4.0	0.0	627.596984863	1.0	0.0	0.0	10.0	0.0	0.0	0.0	0.0	0.0	0.0	0.0	0.0	2.0	0.0	0.0	0.0	0.0	0.0	3.32853558443e-09	0.0	2
1.0	2568.9152832	10.0	4.0	1900.1739502	3.0	3.0	54.0	0.0	-0.999347925186	0.034603882581	0.0103112002835	2.09465977955	14.0120527517	-18.8684997559	-71.7057037354	-3.57418012619	0.870968266824	1.0	5.30000019073	4.48000001907	1.0	5.30000019073	0.983440736016	1.0	2
1.0	1402.5213623	8.0	1.0	1482.57421875	4.0	4.0	56.0	0.0	0.999347925186	-0.034603882581	-0.0103112002835	5.60576332891	24.0970560634	-18.8684997559	-71.7057037354	-3.57418012619	0.870968266824	1.0	5.30000019073	4.48000001907	1.0	5.30000019073	0.831542582418	1.0	2
1.0	2089.65649414	8.0	2.0	2115.92211914	5.0	4.0	83.1599998474	0.0	0.999347925186	-0.034603882581	-0.0103112002835	5.60576332891	24.0970560634	-18.8684997559	-71.7057037354	-3.57418012619	0.870968266824	1.0	5.30000019073	4.48000001907	1.0	5.30000019073	0.994780042784	1.0	2
1.0	1380.88830566	5.0	0.0	1234.25	2.0	0.0	0.0	10.0	0.0	0.0	0.0	0.0	0.0	0.0	0.0	0.0	2.0	0.0	0.0	0.0	0.0	0.0	3.32853558443e-09	1.0	2
1.0	2591.56420898	10.0	3.0	2093.36791992	4.0	3.0	39.9200000763	0.0	-0.999347925186	0.034603882581	0.0103112002835	2.09465977955	24.3821097513	-18.8684997559	-71.7057037354	-3.57418012619	0.870968266824	1.0	5.30000019073	4.48000001907	1.0	5.30000019073	0.987086245353	1.0	2
1.0	1434.60131836	9.0	2.0	1312.75219727	3.0	3.0	70.4200000763	0.0	0.999347925186	-0.034603882581	-0.0103112002835	5.60576332891	16.7037514305	-18.8684997559	-71.7057037354	-3.57418012619	0.870968266824	1.0	5.30000019073	4.48000001907	1.0	5.30000019073	0.900821842901	1.0	2
1.0	2496.18432617	9.0	4.0	1704.70397949	3.0	2.0	48.0399990082	2.21447740112	-0.697249591351	-0.0978613644838	-0.710117042065	7.22410582848	0.0	-26.8194999695	-71.8377532959	-12.4746494293	0.304465762001	0.0	0.0	0.0	0.0	0.0	0.974196352948	1.0	2
1.0	1568.69433594	6.0	0.0	1111.42895508	3.0	0.0	0.0	10.0	0.0	0.0	0.0	0.0	0.0	0.0	0.0	0.0	2.0	0.0	0.0	0.0	0.0	0.0	3.32853558443e-09	1.0	2
1.0	2591.56420898	10.0	3.0	2093.36791992	4.0	3.0	39.9200000763	0.0	-0.999347925186	0.034603882581	0.0103112002835	2.09465977955	24.3821097513	-18.8684997559	-71.7057037354	-3.57418012619	0.870968266824	1.0	5.30000019073	4.48000001907	1.0	5.30000019073	0.988672252795	1.0	2
1.0	542.858642578	2.0	0.0	1168.05554199	1.0	0.0	0.0	10.0	0.0	0.0	0.0	0.0	0.0	0.0	0.0	0.0	2.0	0.0	0.0	0.0	0.0	0.0	3.32853558443e-09	0.0	2
1.0	3937.09619141	5.0	4.0	3272.03393555	7.0	3.0	97.0999996662	0.0	-0.0461908690631	-0.993749797344	0.101625658572	9.1510148077	37.7810737296	0.468429505825	-68.5135498047	-18.7761993408	0.662669997149	3.0	7.51999998093	21.7399997711	2.0	8.27999973297	0.981276517725	1.0	2
1.0	581.170166016	3.0	1.0	1129.74401855	1.0	1.0	0.0	10.0	0.0	0.0	0.0	0.0	0.0	0.0	0.0	0.0	2.0	3.0	9.65999984741	15.279999733	1.0	15.8199996948	0.0684473073953	1.0	2
1.0	4366.81347656	6.0	4.0	3062.89868164	6.0	2.0	80.8599996567	0.0	0.0461879745126	0.993750929832	-0.101615980268	15.7664101219	33.4805185757	-20.2807006836	-70.2593002319	-12.4169998169	0.503442218489	4.0	4.07999992371	20.779999733	4.0	7.82000017166	0.999386672289	1.0	2
1.0	1021.29650879	4.0	2.0	2114.01953125	2.0	2.0	8.61999988556	0.0	-0.0461908690631	-0.993749797344	0.101625658572	0.0	33.1236522232	0.468429505825	-68.5135498047	-18.7761993408	0.662669997149	5.0	7.44000005722	25.9799995422	2.0	15.8199996948	0.242897696987	1.0	2
1.0	177.971496582	2.0	0.0	602.427124023	4.0	0.0	0.0	10.0	0.0	0.0	0.0	0.0	0.0	0.0	0.0	0.0	2.0	0.0	0.0	0.0	0.0	0.0	3.32853558443e-09	1.0	2
1.0	3905.96606445	4.0	3.0	3090.6315918	6.0	3.0	54.1399998665	1.84281846129	0.0627492889762	0.857109725475	-0.511297821999	26.7353135529	32.0695531243	-19.4080505371	-67.3805007935	-26.3786010742	0.977325043654	0.0	0.0	0.0	0.0	0.0	0.976688546789	1.0	2
1.0	4346.72509766	6.0	5.0	3245.08129883	8.0	4.0	79.8399994373	0.0	-0.0461879745126	-0.993750929832	0.101615980268	22.6171106882	33.9528946741	-20.2807006836	-70.2593002319	-12.4169998169	0.503442218489	9.0	4.07999992371	60.3599991798	6.0	15.8199996948	0.998432725739	1.0	2
1.0	4444.75	7.0	5.0	2659.15917969	6.0	2.0	50.9400000572	0.0	0.0461879745126	0.993750929832	-0.101615980268	24.3697598597	33.4805185757	-20.2807006836	-70.2593002319	-12.4169998169	0.503442218489	6.0	5.59999990463	34.5199995041	3.0	15.8199996948	0.997916924029	1.0	2
1.0	3920.52075195	6.0	5.0	2106.19238281	6.0	3.0	104.88000083	0.0	0.0461943224072	0.993749678135	-0.101624883711	30.3969537817	21.8361578357	-20.8791999817	-68.9358520508	-21.2405014038	0.388451381837	5.0	4.07999992371	29.9999995232	4.0	8.65999984741	0.994276829689	1.0	2
1.0	1252.79223633	5.0	1.0	765.046020508	1.0	1.0	23.2999992371	3.24154281641	0.107746012509	0.0499919578433	0.992920696735	3.21246183278	0.0	-5.1036901474	-67.4592514038	-5.45405769348	0.0231828429483	0.0	0.0	0.0	0.0	0.0	-1.0	0.0	2
1.0	3637.86645508	9.0	2.0	1233.1159668	2.0	1.0	43.1999988556	3.24154281641	0.107746012509	0.0499919578433	0.992920696735	3.21246183278	0.0	-5.1036901474	-67.4592514038	-5.45405769348	0.0231828429483	0.0	0.0	0.0	0.0	0.0	0.99356381958	1.0	2
1.0	2251.36328125	7.0	2.0	998.713012695	2.0	1.0	32.07999897	3.24154281641	0.107746012509	0.0499919578433	0.992920696735	3.21246183278	0.0	-5.1036901474	-67.4592514038	-5.45405769348	0.0231828429483	0.0	0.0	0.0	0.0	0.0	0.640967832887	1.0	2
1.0	3389.5324707	7.0	4.0	1674.1640625	4.0	3.0	97.8199985027	0.0	0.00611992646009	-0.998390674591	0.0563789568841	31.4978458522	10.439968821	-7.27986001968	-66.424949646	-15.1153507233	0.648532665132	2.0	5.28000020981	25.5600004196	0.0	12.6199998856	0.967086620931	1.0	2
1.0	1686.52050781	5.0	1.0	998.713012695	2.0	1.0	8.77999973297	3.4996142856	-0.0849909186363	-0.994235098362	0.0653694942594	0.0	3.16303884766	-3.69991493225	-59.9434509277	2.28588008881	0.0181111263986	0.0	0.0	0.0	0.0	0.0	0.422981805491	1.0	2
1.0	3726.62158203	10.0	1.0	468.070007324	2.0	1.0	9.61999988556	3.55867950638	-0.628076910973	0.0355570577085	0.777338445187	31.0581170158	3.21246625857	-24.1656494141	-68.0220489502	-14.8293094635	0.779621046668	0.0	0.0	0.0	0.0	0.0	0.987691918188	1.0	2
1.0	2359.5324707	6.0	0.0	322.021911621	2.0	0.0	0.0	10.0	0.0	0.0	0.0	0.0	0.0	0.0	0.0	0.0	2.0	0.0	0.0	0.0	0.0	0.0	3.32853558443e-09	1.0	2
1.0	3912.15649414	8.0	3.0	1193.5098877	3.0	3.0	82.2999989986	0.0	-0.994935691357	0.0	0.10051342845	20.4957687946	19.4632596818	-5.39813995361	-47.5024986267	-13.3639497757	0.740463301892	1.0	12.6199998856	14.6800003052	0.0	12.6199998856	0.995427329035	1.0	2
1.0	1706.55651855	7.0	0.0	1334.05505371	3.0	0.0	0.0	10.0	0.0	0.0	0.0	0.0	0.0	0.0	0.0	0.0	2.0	0.0	0.0	0.0	0.0	0.0	3.32853558443e-09	1.0	2
1.0	3909.81420898	9.0	1.0	468.070007324	2.0	1.0	9.61999988556	3.55867950638	-0.628076910973	0.0355570577085	0.777338445187	31.0581170158	3.21246625857	-24.1656494141	-68.0220489502	-14.8293094635	0.779621046668	0.0	0.0	0.0	0.0	0.0	0.991732053493	1.0	2
1.0	643.061584473	4.0	0.0	1245.27978516	1.0	0.0	0.0	10.0	0.0	0.0	0.0	0.0	0.0	0.0	0.0	0.0	2.0	0.0	0.0	0.0	0.0	0.0	3.32853558443e-09	0.0	2
1.0	4301.11474609	11.0	3.0	1735.43066406	5.0	3.0	61.4799981117	2.28289505681	-0.443833738565	0.366257160902	-0.817843079567	34.6893768915	36.7736555544	-19.3176498413	-67.0046005249	-31.6283493042	0.841553166393	0.0	0.0	0.0	0.0	0.0	0.99994351836	1.0	2
1.0	2127.10668945	8.0	1.0	1245.27978516	1.0	1.0	10.9200000763	3.80121029101	-0.638166606426	-0.475637942553	0.605402290821	2.85473785791	1.79008695295	-9.14988994598	-69.7890014648	-18.6100997925	0.0410937394273	0.0	0.0	0.0	0.0	0.0	0.639101243841	1.0	2
1.0	4411.43164062	7.0	1.0	763.325195312	4.0	1.0	9.27999973297	2.28289505681	-0.443833738565	0.366257160902	-0.817843079567	32.0084354447	0.0	-19.3176498413	-67.0046005249	-31.6283493042	0.841553166393	0.0	0.0	0.0	0.0	0.0	0.997839799009	1.0	2
1.0	5207.34960938	11.0	5.0	1737.95288086	4.0	3.0	87.9999985695	2.28289505681	-0.443833738565	0.366257160902	-0.817843079567	34.6893768915	23.3700546094	-19.3176498413	-67.0046005249	-31.6283493042	0.841553166393	0.0	0.0	0.0	0.0	0.0	0.999991396428	1.0	2
1.0	5207.90087891	11.0	4.0	1807.19433594	5.0	4.0	104.079998493	2.28289505681	-0.443833738565	0.366257160902	-0.817843079567	34.6893768915	36.7736555544	-19.3176498413	-67.0046005249	-31.6283493042	0.841553166393	0.0	0.0	0.0	0.0	0.0	0.999990056366	1.0	2
1.0	798.234619141	5.0	0.0	1245.27978516	1.0	0.0	0.0	10.0	0.0	0.0	0.0	0.0	0.0	0.0	0.0	0.0	2.0	0.0	0.0	0.0	0.0	0.0	3.32853558443e-09	1.0	2
1.0	4963.79052734	10.0	3.0	1021.14050293	5.0	4.0	94.0599985123	2.28289505681	-0.443833738565	0.366257160902	-0.817843079567	34.6893768915	36.7736555544	-19.3176498413	-67.0046005249	-31.6283493042	0.841553166393	0.0	0.0	0.0	0.0	0.0	0.999957155446	1.0	2
1.0	1795.86816406	7.0	0.0	1612.73071289	2.0	0.0	0.0	10.0	0.0	0.0	0.0	0.0	0.0	0.0	0.0	0.0	2.0	0.0	0.0	0.0	0.0	0.0	3.32853558443e-09	1.0	2
1.0	3919.27978516	9.0	2.0	1650.21716309	4.0	1.0	28.8799996376	2.29667154047	-0.93877017498	0.294312149286	0.179139360785	17.6152299128	20.5557406196	-25.7408485413	-67.6324996948	-25.1524505615	0.356233519115	0.0	0.0	0.0	0.0	0.0	0.998403476637	1.0	2
1.0	1203.29003906	7.0	0.0	1500.72424316	1.0	0.0	0.0	10.0	0.0	0.0	0.0	0.0	0.0	0.0	0.0	0.0	2.0	0.0	0.0	0.0	0.0	0.0	3.32853558443e-09	0.0	2
1.0	3833.96533203	15.0	5.0	1879.10290527	5.0	4.0	107.460000753	0.0	-0.00372826564126	-0.980664551258	0.195660918951	15.9670834834	31.0895287822	-25.0482501984	-64.6880493164	0.794727504253	0.935477657121	2.0	3.33999991417	15.5200004578	2.0	17.1000003815	0.989800362088	1.0	2
1.0	1138.46875	9.0	4.0	1570.49731445	3.0	3.0	59.720000267	0.0	0.00372634385712	0.980664551258	-0.195660918951	2.45866921446	21.7795940444	-21.7841491699	-64.6880493164	0.855670511723	0.876504799939	5.0	3.33999991417	15.7199997902	1.0	3.33999991417	0.459424440149	1.0	2
1.0	4981.96435547	11.0	2.0	2257.14111328	5.0	3.0	41.4800004959	2.62131077512	0.299347341061	-0.286016702652	0.910266757011	35.3798279954	27.4118218661	-10.3204498291	-66.8278503418	-29.3707504272	0.332845434302	0.0	0.0	0.0	0.0	0.0	0.99617646017	1.0	2
1.0	4769.11474609	14.0	5.0	1443.30102539	4.0	3.0	78.0200016499	0.0	0.999826014042	0.0	0.0186542477459	30.6471739916	27.1085588518	-3.50743484497	-49.9463005066	-15.7230501175	0.798069694265	2.0	3.33999991417	16.6200008392	0.0	15.220000267	0.995321877092	1.0	2
1.0	3790.58642578	15.0	4.0	2216.44238281	2.0	2.0	48.8000011444	0.0	0.00372634385712	0.980664551258	-0.195660918951	2.45866921446	21.7795940444	-21.7841491699	-64.6880493164	0.855670511723	0.876504799939	3.0	3.33999991417	7.15999984741	1.0	3.33999991417	0.982927888964	1.0	2
1.0	787.384765625	7.0	3.0	1845.85620117	2.0	2.0	20.2400000095	0.0	-0.999825716019	0.0	-0.0186704862863	1.53508737525	26.8968912354	-26.6822013855	-65.174697876	0.861354470253	0.953453404442	3.0	4.03999996185	29.2999997139	1.0	14.1000003815	0.479972614118	1.0	2
1.0	5200.85205078	12.0	5.0	3059.51000977	5.0	5.0	122.159999967	0.0	-0.00372826564126	-0.980664551258	0.195660918951	1.88124842871	21.9666954546	-25.0482501984	-64.6880493164	0.794727504253	0.935477657121	4.0	3.33999991417	36.0599999428	4.0	17.1000003815	0.999522960944	1.0	2
1.0	2080.11938477	10.0	1.0	1228.23022461	2.0	1.0	10.1999998093	0.0	0.00375828589313	0.980662584305	-0.195670127869	13.0375037079	13.3894047859	-2.9377450943	-60.7388496399	-17.0527992249	0.796827353454	1.0	5.80000019073	5.5	0.0	5.80000019073	0.95298099371	1.0	2
1.0	4784.72216797	12.0	5.0	2776.28051758	7.0	6.0	97.1600004435	0.0	-0.999825716019	0.0	-0.0186699591577	14.7856250274	19.9150398622	-2.72550487518	-48.2464981079	0.259639501572	0.778928143851	3.0	6.88000011444	36.0599999428	3.0	17.1000003815	0.992875450292	1.0	2
1.0	1696.89697266	6.0	1.0	803.924987793	1.0	1.0	16.5200004578	3.52204491951	-0.542832970619	0.0158082470298	0.839691877365	3.7845643637	3.78457760522	-11.6734294891	-69.9432525635	-0.574310064316	0.0502466448004	0.0	0.0	0.0	0.0	0.0	-1.0	0.0	2
1.0	5809.39599609	13.0	4.0	1901.74707031	6.0	4.0	113.765680313	0.0	0.0265252571553	0.970083355904	-0.241318747401	2.35801151258	25.7267454685	-5.47784996033	-57.9659996033	-1.00888049603	0.994813456769	3.0	5.19999980927	13.2399995327	1.0	5.19999980927	0.998485500972	1.0	2
1.0	1097.14172363	6.0	1.0	1281.89050293	2.0	1.0	16.5200004578	3.52204491951	-0.542832970619	0.0158082470298	0.839691877365	3.7845643637	29.2868679874	-11.6734294891	-69.9432525635	-0.574310064316	0.0502466448004	0.0	0.0	0.0	0.0	0.0	0.263870005897	1.0	2
1.0	5051.02783203	8.0	3.0	1969.07629395	6.0	3.0	45.4456796646	0.0	0.0265252571553	0.970083355904	-0.241318747401	2.35801151258	25.7267454685	-5.47784996033	-57.9659996033	-1.00888049603	0.994813456769	1.0	5.48000001907	5.71999979019	0.0	5.48000001907	0.991622805911	1.0	2
1.0	1562.51806641	4.0	1.0	293.609985352	1.0	1.0	16.5200004578	3.52204491951	-0.542832970619	0.0158082470298	0.839691877365	3.7845643637	3.78457760522	-11.6734294891	-69.9432525635	-0.574310064316	0.0502466448004	0.0	0.0	0.0	0.0	0.0	0.09202420674	1.0	2
1.0	6517.48974609	10.0	3.0	2296.58227539	5.0	3.0	64.5200009346	2.8411160522	-0.762419521809	-0.112897410989	0.637158274651	30.3132138974	6.84624355079	-23.7472000122	-61.5335502625	-33.1041488647	0.618510329944	0.0	0.0	0.0	0.0	0.0	0.999975858407	1.0	2
1.0	5431.91357422	13.0	4.0	2525.50366211	5.0	4.0	118.045681	0.0	0.0265252571553	0.970083355904	-0.241318747401	2.35801151258	25.7267454685	-5.47784996033	-57.9659996033	-1.00888049603	0.994813456769	3.0	5.19999980927	13.2399995327	1.0	5.19999980927	0.999915533997	1.0	2
1.0	6578.97412109	10.0	3.0	1862.34375	5.0	3.0	64.5200009346	2.8411160522	-0.762419521809	-0.112897410989	0.637158274651	30.3132138974	6.84624355079	-23.7472000122	-61.5335502625	-33.1041488647	0.618510329944	0.0	0.0	0.0	0.0	0.0	0.999984167481	1.0	2
1.0	1617.33666992	6.0	2.0	1303.3203125	3.0	3.0	33.7080006599	0.0	0.0265252515674	0.970083117485	-0.241319671273	13.7091268776	19.6393882609	-6.16777992249	-57.6949005127	-4.90180969238	0.0334226763294	1.0	10.1999998093	10.720000267	0.0	10.1999998093	0.207863672014	1.0	2
1.0	4161.19287109	12.0	3.0	1546.41845703	4.0	3.0	63.2000002861	0.0	-0.0265261642635	-0.970082998276	0.241320088506	17.1108964602	18.2746071219	-24.5199012756	-69.0924987793	-20.9881515503	0.696980525465	1.0	5.19999980927	4.15999984741	1.0	5.19999980927	0.999832353922	1.0	2
1.0	1801.03662109	6.0	0.0	539.000976562	1.0	0.0	0.0	10.0	0.0	0.0	0.0	0.0	0.0	0.0	0.0	0.0	2.0	0.0	0.0	0.0	0.0	0.0	3.32853558443e-09	0.0	2
1.0	1209.38623047	7.0	4.0	1758.04199219	6.0	4.0	62.9000003338	0.0	-0.982102513313	0.129214257002	0.137033835053	1.00529209166	34.8463289332	-11.5594501495	-69.5618515015	-0.937360525131	0.355209756148	3.0	2.03999996185	19.4599995613	1.0	2.03999996185	0.761491505928	1.0	2
1.0	770.263000488	4.0	1.0	673.043945312	2.0	1.0	6.73999977112	0.0	0.982097268105	-0.129213571548	-0.137072175741	0.0	12.2536651873	-11.3908500671	-55.3093490601	-21.9326000214	0.715293876973	1.0	9.43999958038	10.0799999237	0.0	9.43999958038	0.0513707413098	1.0	2
1.0	861.295776367	4.0	1.0	673.043945312	2.0	1.0	6.73999977112	0.0	0.982097268105	-0.129213571548	-0.137072175741	0.0	12.2536651873	-11.3908500671	-55.3093490601	-21.9326000214	0.715293876973	1.0	9.43999958038	10.0799999237	0.0	9.43999958038	0.0513707413098	1.0	2
1.0	678.494018555	3.0	1.0	134.042999268	1.0	1.0	19.9600000381	0.0	0.982097268105	-0.129213571548	-0.137072175741	7.82869477981	2.03715642469	-11.3908500671	-55.3093490601	-21.9326000214	0.715293876973	2.0	8.31999969482	18.4399995804	0.0	9.43999958038	0.246203195189	1.0	2
1.0	1218.78662109	8.0	1.0	738.348999023	1.0	1.0	5.26000022888	4.27077276916	-0.44296681881	-0.0131472516805	0.896441578865	1.93519349	14.4028061789	-14.7477502823	-70.7713928223	-10.5085706711	0.180773042436	0.0	0.0	0.0	0.0	0.0	-1.0	0.0	2
1.0	4739.29052734	17.0	4.0	2470.62670898	5.0	4.0	115.880001545	0.0	-0.0412265956402	-0.994554877281	0.0957126542926	20.5340226932	30.0944447784	-4.07734012604	-47.0374526978	-12.3088998795	0.97919275459	2.0	18.3600006104	41.5599994659	1.0	18.3600006104	0.998891686179	1.0	2
1.0	4517.73779297	17.0	3.0	1848.54003906	3.0	3.0	60.9399995804	2.64653545485	-0.0574402101338	-0.0480002090335	0.997194349766	13.859080755	13.0834608952	-6.08928012848	-53.1742019653	1.44002997875	0.303286495987	0.0	0.0	0.0	0.0	0.0	0.998831194701	1.0	2
1.0	4538.00634766	15.0	2.0	1902.73352051	4.0	3.0	39.3000001907	2.64653545485	-0.0574402101338	-0.0480002090335	0.997194349766	13.859080755	13.0834608952	-6.08928012848	-53.1742019653	1.44002997875	0.303286495987	0.0	0.0	0.0	0.0	0.0	0.994251698628	1.0	2
1.0	1352.1706543	9.0	1.0	738.348999023	1.0	1.0	5.26000022888	4.27077276916	-0.44296681881	-0.0131472516805	0.896441578865	1.93519349	14.4028061789	-14.7477502823	-70.7713928223	-10.5085706711	0.180773042436	0.0	0.0	0.0	0.0	0.0	0.119073506024	1.0	2
1.0	4268.57373047	15.0	3.0	2470.62670898	5.0	3.0	88.8000016212	0.0	-0.0412265956402	-0.994554877281	0.0957126542926	20.5340226932	30.0944447784	-4.07734012604	-47.0374526978	-12.3088998795	0.97919275459	2.0	18.3600006104	41.5599994659	1.0	18.3600006104	0.99941432286	1.0	2
1.0	2959.58569336	12.0	3.0	1732.27746582	5.0	3.0	77.2200012207	0.0	-0.0412265956402	-0.994554877281	0.0957126542926	20.5340226932	30.0944447784	-4.07734012604	-47.0374526978	-12.3088998795	0.97919275459	1.0	18.5	20.1000003815	0.0	18.5	0.906332424482	1.0	2
1.0	2864.46704102	15.0	3.0	966.073486328	4.0	2.0	52.1199998856	0.0	-0.0412265956402	-0.994554877281	0.0957126542926	26.1344925612	2.27206498681	-4.07734012604	-47.0374526978	-12.3088998795	0.97919275459	1.0	18.5	20.1000003815	0.0	18.5	0.964540594173	1.0	2
1.0	64.9284973145	1.0	0.0	567.893005371	1.0	0.0	0.0	10.0	0.0	0.0	0.0	0.0	0.0	0.0	0.0	0.0	2.0	0.0	0.0	0.0	0.0	0.0	3.32853558443e-09	1.0	2
1.0	3730.58276367	14.0	3.0	1902.73352051	4.0	3.0	60.9399995804	2.64653545485	-0.0574402101338	-0.0480002090335	0.997194349766	13.859080755	13.0834608952	-6.08928012848	-53.1742019653	1.44002997875	0.303286495987	0.0	0.0	0.0	0.0	0.0	0.987056154412	1.0	2
1.0	1028.02246094	8.0	1.0	671.596984863	1.0	1.0	13.6999998093	3.2575143362	-0.383528590202	0.221573486924	0.896555066109	1.70467064849	5.07230154052	-9.64232063293	-70.6587982178	-0.246244907379	0.105427701429	0.0	0.0	0.0	0.0	0.0	-1.0	0.0	2
1.0	2853.60302734	11.0	3.0	1822.34594727	6.0	4.0	84.8000001907	0.0	0.99950671196	0.0309955403209	0.00506449816748	15.4689545969	17.9167085722	-11.9999008179	-72.1934967041	-13.7245006561	0.18053419907	1.0	4.90000009537	4.94000005722	0.0	4.90000009537	0.984556409012	1.0	2
1.0	3547.81103516	14.0	4.0	1614.35998535	3.0	3.0	65.9400014877	2.3910353564	0.0187538303435	-0.706836998463	0.70712774992	24.5602236466	8.09705994363	-0.339877992868	-52.7410011292	2.94197845459	0.868122722004	0.0	0.0	0.0	0.0	0.0	0.99696704164	1.0	2
1.0	5217.88427734	16.0	4.0	1512.40100098	3.0	2.0	56.2199990749	0.0	-0.99950671196	-0.0309955403209	-0.00506449816748	8.63475511916	0.0	-11.9999008179	-72.1934967041	-13.7245006561	0.18053419907	1.0	4.90000009537	4.94000005722	0.0	4.90000009537	0.999991831773	1.0	2
1.0	3258.69433594	8.0	2.0	820.520935059	4.0	2.0	37.4400005341	2.57237823865	-0.135571181774	-0.561921656132	0.81600522995	30.297565039	7.5183378238	-2.30801510811	-65.8917541504	-16.0702991486	0.653853449915	0.0	0.0	0.0	0.0	0.0	0.978554587269	1.0	2
1.0	4904.99658203	16.0	6.0	1867.18920898	5.0	4.0	140.499999762	1.31589894467	0.00631208345294	-0.344303488731	0.938837170601	11.2631316987	16.8397206084	-9.5493144989	-71.2227020264	-16.1506500244	0.472011054505	4.0	8.53999996185	12.8136002645	0.0	12.0399999619	0.999989497428	1.0	2
1.0	2677.69189453	10.0	5.0	1329.62512207	3.0	3.0	63.5599989891	0.0	0.0288546737283	-0.963110983372	0.26755297184	30.7321123687	1.97191691494	-1.44044494629	-45.9710006714	-17.9332008362	0.962968257684	3.0	8.53999996185	6.49360009283	1.0	13.1999998093	0.973122810814	1.0	2
1.0	5256.84814453	16.0	6.0	1648.33520508	4.0	3.0	103.42000103	1.31589894467	-0.00631208345294	0.344303488731	-0.938837170601	18.4315579326	0.987287225663	-9.5493144989	-71.2227020264	-16.1506500244	0.472011054505	4.0	8.53999996185	12.8136002645	0.0	12.0399999619	0.999997567004	1.0	2
1.0	1925.34082031	9.0	1.0	1056.07397461	2.0	2.0	35.6199998856	1.73132316903	0.00218859268352	0.0809693410993	-0.996714174747	3.84211741375	9.21813491289	-5.65243005753	-70.4594497681	-9.73836994171	0.783036314928	0.0	0.0	0.0	0.0	0.0	0.441562438421	1.0	2
1.0	3888.44726562	12.0	2.0	1361.04211426	5.0	4.0	32.6999998093	0.0	-0.999503552914	-0.0310959033668	-0.005064482335	21.075633978	17.692797767	-2.87361001968	-48.2802505493	-12.9316997528	0.895079598981	5.0	8.53999996185	28.4736001119	0.0	14.5799999237	0.99605725008	1.0	2
1.0	498.497192383	3.0	0.0	721.33203125	1.0	0.0	0.0	10.0	0.0	0.0	0.0	0.0	0.0	0.0	0.0	0.0	2.0	0.0	0.0	0.0	0.0	0.0	3.32853558443e-09	0.0	2
1.0	3575.85693359	11.0	5.0	2195.48413086	5.0	4.0	104.779999256	0.0	-0.0130722057074	0.976928174496	-0.213167697191	39.9865931563	17.8699610159	-5.29518508911	-62.8883514404	-11.4232997894	0.723251648894	3.0	6.42000007629	36.8400001526	2.0	15.5399999619	0.996288025588	1.0	2
1.0	1982.65759277	10.0	2.0	915.016174316	3.0	2.0	24.2000002861	0.0	0.0130722057074	-0.976928174496	0.213167697191	17.8699610159	4.83957597391	-5.29518508911	-62.8883514404	-11.4232997894	0.723251648894	1.0	6.42000007629	5.69999980927	1.0	6.42000007629	0.970064436298	1.0	2
1.0	3852.4140625	11.0	5.0	1047.04394531	5.0	4.0	92.6600000858	0.0	-0.0130722057074	0.976928174496	-0.213167697191	14.0044637167	20.4219907957	-5.29518508911	-62.8883514404	-11.4232997894	0.723251648894	3.0	6.42000007629	32.0600004196	1.0	6.42000007629	0.991775412272	1.0	2
1.0	765.4140625	3.0	2.0	998.182006836	3.0	2.0	3.59999990463	3.53636824765	-0.166576564312	-0.447410553694	0.878678560257	15.5289717659	22.7151349606	-6.27311038971	-63.1435508728	-4.89043998718	0.398054955873	1.0	13.4600000381	15.4600000381	0.0	13.4600000381	0.0548414182932	1.0	2
1.0	2835.43945312	10.0	3.0	981.36315918	4.0	3.0	54.3799993992	0.0	-0.99713742733	0.0	0.0756108686328	16.7881494754	15.9481908975	-20.2280502319	-67.5980987549	-7.65792989731	0.94665429443	1.0	11.3800001144	15.1400003433	0.0	11.3800001144	0.9911535717	1.0	2
1.0	2237.4375	7.0	2.0	1617.14892578	3.0	1.0	15.779999733	3.14233351965	-0.219573885202	0.0759952291846	0.972631454468	41.6502492805	1.56053070618	-5.3037648201	-67.2229003906	-4.06964111328	0.0912157325604	0.0	0.0	0.0	0.0	0.0	0.524046799347	1.0	2
1.0	3015.96679688	6.0	2.0	963.949951172	2.0	1.0	19.0400004387	2.94199076768	-0.478458404541	-0.0547869391739	-0.87639939785	9.45749882954	3.6428422077	-19.3547000885	-70.4766998291	-15.8968505859	0.750606113728	0.0	0.0	0.0	0.0	0.0	0.973328681607	1.0	2
1.0	3306.86279297	9.0	4.0	2181.96899414	5.0	3.0	82.7600002289	0.0	0.013072152622	-0.97692835331	0.213166847825	37.2037402225	1.78550036083	-2.89659500122	-51.6558494568	-17.2688999176	0.766139827487	2.0	13.4600000381	30.3999996185	0.0	13.4600000381	0.9888318009	1.0	2
1.0	671.806884766	5.0	1.0	437.493011475	1.0	1.0	5.21999979019	3.50703581302	-0.375503718853	0.156789004803	0.91346269846	2.68679264058	4.51345057619	-9.19878005981	-69.7756958008	3.14893531799	0.433035313149	0.0	0.0	0.0	0.0	0.0	-1.0	0.0	2
1.0	2899.30883789	7.0	2.0	750.270996094	2.0	2.0	16.3200001717	3.30549543168	-0.330038964748	-0.21677993238	0.918738663197	32.740209866	16.1452631421	-14.9598503113	-70.5677947998	-18.9232997894	0.177931455592	0.0	0.0	0.0	0.0	0.0	0.985584876293	1.0	2
1.0	2475.05200195	10.0	1.0	353.640808105	3.0	1.0	10.6000003815	0.0	0.00919148977846	-0.99401563406	0.108850367367	0.0	8.11316780612	-9.22290039062	-71.3876953125	-3.72898507118	0.665521646813	1.0	6.82000017166	5.78000020981	0.0	6.82000017166	0.753437839771	1.0	2
1.0	1953.22583008	6.0	2.0	1074.06481934	5.0	4.0	79.2200012207	0.0	0.994902431965	0.0	-0.100842297077	19.6582026023	0.0	-11.6503000259	-67.4248962402	-25.8800506592	0.54794520438	2.0	1.03999996185	5.78000020981	0.0	6.82000017166	0.966800887327	1.0	2
1.0	3932.64477539	9.0	5.0	956.907897949	4.0	4.0	158.000000477	0.0	0.994902431965	0.0	-0.100842297077	19.6582026023	0.0	-11.6503000259	-67.4248962402	-25.8800506592	0.54794520438	2.0	1.03999996185	5.78000020981	0.0	6.82000017166	0.997481989801	1.0	2
1.0	1145.34130859	3.0	0.0	880.613708496	3.0	0.0	0.0	10.0	0.0	0.0	0.0	0.0	0.0	0.0	0.0	0.0	2.0	0.0	0.0	0.0	0.0	0.0	3.32853558443e-09	1.0	2
1.0	4669.69384766	9.0	3.0	682.918823242	4.0	2.0	51.5199995041	1.24580092861	0.0838781967759	0.0815041661263	0.99313724041	18.0466578935	12.0471677584	-6.260430336	-69.0975494385	-8.20359039307	0.840614479993	0.0	0.0	0.0	0.0	0.0	0.986603907399	1.0	2
1.0	4067.50366211	10.0	4.0	917.332885742	4.0	3.0	91.1999998093	2.19114805934	-0.0833546891809	0.138091802597	-0.986905574799	8.2992568086	15.6639895618	-16.4230003357	-72.9996948242	-9.87944984436	0.669343570343	0.0	0.0	0.0	0.0	0.0	0.994454594873	1.0	2
1.0	3830.46362305	9.0	4.0	1074.06481934	5.0	4.0	116.380001545	0.0	0.994902431965	0.0	-0.100842297077	19.6582026023	0.0	-11.6503000259	-67.4248962402	-25.8800506592	0.54794520438	2.0	1.03999996185	5.78000020981	0.0	6.82000017166	0.998808389334	1.0	2
1.0	916.943115234	3.0	1.0	1197.19140625	1.0	1.0	2.1400001049	3.12139547367	-0.499631971121	-0.782295882702	0.371995985508	25.4952428539	18.9208293051	-3.01499438286	-63.6807022095	-17.9043006897	0.552993629612	0.0	0.0	0.0	0.0	0.0	-1.0	0.0	2
1.0	3795.99121094	9.0	2.0	1490.61315918	2.0	2.0	36.9236007929	0.0	0.0472586005926	-0.972079217434	0.229844897985	20.6800748728	15.5725888296	-24.4782485962	-66.1380462646	-12.4369497299	0.952083297249	2.0	5.59999990463	9.05999994278	0.0	5.59999990463	0.999009118636	1.0	2
1.0	1128.2923584	5.0	1.0	272.87310791	3.0	1.0	1.58000004292	0.0	0.0472586005926	-0.972079217434	0.229844897985	24.832662467	19.4158906322	-24.4782485962	-66.1380462646	-12.4369497299	0.952083297249	1.0	5.59999990463	3.46000003815	0.0	5.59999990463	0.754196183329	1.0	2
1.0	3158.92236328	8.0	2.0	1303.6607666	1.0	1.0	30.9996805638	0.0	0.0472551062703	-0.972107231617	0.229726999998	7.62719240028	23.5018074582	-24.431350708	-67.1027984619	-12.2089004517	0.0755970654131	2.0	5.59999990463	16.0599999428	0.0	9.46000003815	0.989737725304	1.0	2
1.0	1528.98400879	6.0	2.0	1197.19140625	1.0	1.0	14.0399997234	3.12139547367	-0.499631971121	-0.782295882702	0.371995985508	25.4952428539	18.9208293051	-3.01499438286	-63.6807022095	-17.9043006897	0.552993629612	0.0	0.0	0.0	0.0	0.0	0.583932027311	1.0	2
1.0	4678.99072266	10.0	4.0	1611.59680176	2.0	2.0	104.343601346	0.0	0.0472586005926	-0.972079217434	0.229844897985	20.6800748728	24.7334161607	-24.4782485962	-66.1380462646	-12.4369497299	0.952083297249	2.0	5.59999990463	9.05999994278	0.0	5.59999990463	0.999970964782	1.0	2
1.0	3986.5222168	9.0	3.0	1701.96228027	2.0	2.0	60.4600002766	2.92662779679	0.86982780695	-0.372884660959	-0.323042750359	2.18981668322	2.63405499005	-10.7212095261	-62.9430999756	2.45968985558	0.0584412226169	0.0	0.0	0.0	0.0	0.0	0.998962806409	1.0	2
1.0	3679.52026367	10.0	3.0	1569.04650879	2.0	2.0	47.159999609	0.0	-0.0329161733389	-0.174286782742	-0.984144628048	13.6848912104	11.8655588243	-12.436050415	-69.1246032715	-6.52586507797	0.768569272288	2.0	3.46000003815	3.8599998951	2.0	3.46000003815	0.990304824669	1.0	2
1.0	3862.17895508	8.0	3.0	1131.48925781	2.0	2.0	70.1596804112	0.0	-0.0329161733389	-0.174286782742	-0.984144628048	12.2077955604	15.1228812785	-12.436050415	-69.1246032715	-6.52586507797	0.768569272288	4.0	3.46000003815	26.379999876	1.0	3.46000003815	0.999506328834	1.0	2
1.0	4464.10888672	11.0	4.0	1514.90649414	2.0	2.0	68.656079933	0.0	-0.0329161733389	-0.174286782742	-0.984144628048	13.6848912104	3.3197482767	-12.436050415	-69.1246032715	-6.52586507797	0.768569272288	4.0	3.46000003815	24.2400000095	1.0	3.46000003815	0.999985537753	1.0	2
1.0	276.890014648	2.0	0.0	927.594970703	1.0	0.0	0.0	10.0	0.0	0.0	0.0	0.0	0.0	0.0	0.0	0.0	2.0	0.0	0.0	0.0	0.0	0.0	3.32853558443e-09	0.0	2
1.0	4048.93286133	7.0	2.0	1924.70092773	2.0	1.0	51.1399993896	0.0	-0.993543982506	-0.113414108753	-0.00275311083533	2.44993567167	26.8097570271	-25.7426490784	-67.3160476685	-7.51945018768	0.406413691612	1.0	5.90000009537	5.17999982834	0.0	5.90000009537	0.982339197828	1.0	2
1.0	905.699951172	3.0	0.0	927.594970703	1.0	0.0	0.0	10.0	0.0	0.0	0.0	0.0	0.0	0.0	0.0	0.0	2.0	0.0	0.0	0.0	0.0	0.0	3.32853558443e-09	1.0	2
1.0	2634.22680664	7.0	3.0	2174.05053711	3.0	2.0	79.7999997139	0.0	-0.993543982506	-0.113414108753	-0.00275311083533	2.44993567167	33.1107455457	-25.7426490784	-67.3160476685	-7.51945018768	0.406413691612	1.0	5.90000009537	5.17999982834	0.0	5.90000009537	0.96553500946	1.0	2
1.0	3935.12915039	8.0	3.0	2347.96142578	2.0	1.0	66.7599992752	0.0	-0.993543982506	-0.113414108753	-0.00275311083533	2.44993567167	26.8097570271	-25.7426490784	-67.3160476685	-7.51945018768	0.406413691612	1.0	5.90000009537	5.17999982834	0.0	5.90000009537	0.968324871019	1.0	2
1.0	4048.93286133	7.0	4.0	2402.13769531	3.0	2.0	79.7999997139	0.0	-0.993543982506	-0.113414108753	-0.00275311083533	2.44993567167	23.382920082	-25.7426490784	-67.3160476685	-7.51945018768	0.406413691612	1.0	5.90000009537	5.17999982834	0.0	5.90000009537	0.992034324725	1.0	2
1.0	670.522949219	3.0	0.0	927.594970703	1.0	0.0	0.0	10.0	0.0	0.0	0.0	0.0	0.0	0.0	0.0	0.0	2.0	0.0	0.0	0.0	0.0	0.0	3.32853558443e-09	1.0	2
1.0	3851.54321289	8.0	3.0	2347.96142578	2.0	1.0	66.7599992752	0.0	-0.993543982506	-0.113414108753	-0.00275311083533	2.44993567167	26.8097570271	-25.7426490784	-67.3160476685	-7.51945018768	0.406413691612	1.0	5.90000009537	5.17999982834	0.0	5.90000009537	0.988245405352	1.0	2
1.0	1440.0300293	3.0	0.0	1810.98535156	2.0	0.0	0.0	10.0	0.0	0.0	0.0	0.0	0.0	0.0	0.0	0.0	2.0	0.0	0.0	0.0	0.0	0.0	3.32853558443e-09	1.0	2
1.0	3704.3840332	7.0	2.0	2379.18530273	3.0	2.0	53.9399992228	1.65519788902	0.0121511425823	-0.127752870321	0.991731584072	7.38957369636	19.817951633	-4.05564498901	-63.5937995911	-13.0806007385	0.00412768362417	0.0	0.0	0.0	0.0	0.0	0.983470251572	1.0	2
1.0	368.241516113	2.0	0.0	1438.68701172	1.0	0.0	0.0	10.0	0.0	0.0	0.0	0.0	0.0	0.0	0.0	0.0	2.0	0.0	0.0	0.0	0.0	0.0	3.32853558443e-09	0.0	2
1.0	3390.24658203	5.0	1.0	1266.91333008	4.0	2.0	21.3800005913	2.51585178656	-0.223150417209	0.320324957371	0.920649707317	47.6738265402	9.89980497685	-6.81252479553	-66.2301483154	3.84158444405	0.508067914471	0.0	0.0	0.0	0.0	0.0	0.986824300108	1.0	2
1.0	2577.80249023	6.0	4.0	3585.53442383	7.0	6.0	127.599999905	0.0	-0.992685735226	0.0704803466797	0.0980182290077	39.4750968245	22.1898288011	-5.3954000473	-57.3708000183	-15.7181501389	0.87622874974	3.0	2.11999988556	20.8600001335	1.0	2.11999988556	0.87090551664	1.0	2
1.0	2967.84155273	5.0	3.0	3473.64624023	6.0	3.0	99.800000906	0.0	0.992685317993	-0.0704839006066	-0.0980199798942	32.1129514152	31.5941588339	-5.30940008163	-46.0875015259	-23.5270500183	0.534217942981	2.0	13.5200004578	26.2600002289	0.0	13.5200004578	0.965958408579	1.0	2
1.0	1712.6315918	4.0	2.0	2342.85839844	4.0	2.0	72.8800010681	2.34867199649	-0.137402445078	-0.419358938932	0.897362053394	27.2701036552	28.3179181172	-6.75003528595	-68.9741516113	-20.4597492218	0.467580603666	0.0	0.0	0.0	0.0	0.0	0.900323586917	1.0	2
1.0	256.353485107	2.0	0.0	1164.99853516	5.0	0.0	0.0	10.0	0.0	0.0	0.0	0.0	0.0	0.0	0.0	0.0	2.0	0.0	0.0	0.0	0.0	0.0	3.32853558443e-09	1.0	2
1.0	999.902526855	5.0	3.0	3201.62329102	6.0	3.0	63.9600007534	0.0	0.992685317993	-0.0704839006066	-0.0980199798942	12.0785218259	31.5941588339	-5.30940008163	-46.0875015259	-23.5270500183	0.534217942981	1.0	13.5200004578	12.6199998856	0.0	13.5200004578	0.887723996028	1.0	2
1.0	1561.73046875	4.0	1.0	1377.30249023	5.0	1.0	15.9399998188	1.21309111039	-0.108677983284	-0.146981418133	-0.983150839806	28.9764400329	15.2833516216	-2.74323511124	-45.2297515869	-3.71049976349	0.66794834177	0.0	0.0	0.0	0.0	0.0	0.602442524864	1.0	2
1.0	2967.84155273	5.0	3.0	3201.62329102	6.0	3.0	99.800000906	0.0	0.992685317993	-0.0704839006066	-0.0980199798942	32.1129514152	31.5941588339	-5.30940008163	-46.0875015259	-23.5270500183	0.534217942981	2.0	13.5200004578	26.2600002289	0.0	13.5200004578	0.965958408579	1.0	2
1.0	1023.70349121	3.0	0.0	511.08203125	1.0	0.0	0.0	10.0	0.0	0.0	0.0	0.0	0.0	0.0	0.0	0.0	2.0	0.0	0.0	0.0	0.0	0.0	3.32853558443e-09	0.0	3
1.0	5839.97167969	13.0	5.0	2513.31665039	5.0	5.0	143.34000206	0.0	0.999279558659	0.0342860147357	0.0162726994604	9.17723972351	17.4543012789	-19.5726013184	-70.7775497437	-3.15024995804	0.444084519459	3.0	5.57999992371	19.279999733	1.0	10.3999996185	0.999989653146	1.0	3
1.0	2365.26098633	8.0	3.0	1777.37365723	5.0	2.0	32.0399999619	0.0	-0.0314286872745	0.976059377193	-0.215221568942	13.4297780793	29.410445366	-7.8929901123	-59.4342498779	-13.783249855	0.910799138076	2.0	1.13999998569	6.48000001907	1.0	1.13999998569	0.727450707955	1.0	3
1.0	4991.41845703	12.0	5.0	2989.35449219	7.0	6.0	99.7487988472	0.0	0.999276459217	0.0343800634146	0.0162638220936	8.84000794127	17.7298521489	-6.5361700058	-56.7034988403	2.48558521271	0.116702352281	5.0	1.13999998569	34.1000003815	4.0	16.5799999237	0.997564593831	1.0	3
1.0	966.713623047	4.0	2.0	568.071899414	2.0	1.0	15.2588003427	0.0	0.0314192660153	-0.976048409939	0.215272590518	21.1195576115	1.77953165499	-3.77489495277	-51.6797485352	-4.16495037079	0.240155960035	2.0	1.13999998569	7.80000019073	1.0	1.13999998569	0.190985218728	1.0	3
1.0	3140.70141602	8.0	5.0	2078.48022461	5.0	5.0	119.8499984	0.0	0.999275863171	0.0343763753772	0.0163088552654	40.0902324782	0.0	-5.48283481598	-43.5035018921	-22.8393497467	0.864130325697	4.0	5.51999998093	36.5200004578	5.0	16.5799999237	0.991710346034	1.0	3
1.0	2504.9855957	7.0	3.0	1148.01794434	3.0	1.0	31.8588007241	0.0	0.999276459217	0.0343800634146	0.0162638220936	22.5684566184	10.8134491393	-6.5361700058	-56.7034988403	2.48558521271	0.116702352281	1.0	7.98000001907	7.80000019073	0.0	7.98000001907	0.816309599764	1.0	3
1.0	3063.27685547	10.0	8.0	2057.02294922	5.0	5.0	140.623198614	0.0	0.999277353287	0.0343767292798	0.0162182301283	29.8178099599	2.26893756855	-21.9653015137	-50.2912979126	-42.7862014771	0.453298747626	7.0	1.37999999523	49.9400002956	3.0	16.5799999237	0.977504387973	1.0	3
1.0	2383.2331543	8.0	6.0	1812.2623291	5.0	5.0	92.5100011081	0.0	-0.999279558659	-0.0342860147357	-0.0162726994604	7.21553495539	26.0057362584	-19.5726013184	-70.7775497437	-3.15024995804	0.444084519459	4.0	7.98000001907	38.8200001717	3.0	16.5799999237	0.965781514628	1.0	3
1.0	3329.32202148	7.0	5.0	1962.85058594	3.0	3.0	113.980000019	0.0	0.999275863171	0.0343763753772	0.0163088552654	34.7264181746	0.0	-5.48283481598	-43.5035018921	-22.8393497467	0.864130325697	2.0	5.51999998093	18.5	2.0	16.5799999237	0.997893016251	1.0	3
1.0	1298.47265625	5.0	1.0	735.781005859	1.0	1.0	17.2399997711	2.73190588507	0.112633489072	0.0896249264479	0.989586293697	0.0	2.95468630883	-3.65684986115	-67.0965499878	-2.52999997139	0.0354299631371	0.0	0.0	0.0	0.0	0.0	-1.0	0.0	3
1.0	6649.65332031	16.0	3.0	2687.94873047	6.0	3.0	74.3999999762	0.0	0.030527131632	-0.0905664786696	-0.995422422886	38.4088101058	16.0765419689	-2.91446018219	-58.8663024902	-9.34139442444	0.776772733772	1.0	2.5	2.05999994278	0.0	2.5	0.999994647831	1.0	3
1.0	1204.24890137	4.0	0.0	735.781005859	1.0	0.0	0.0	10.0	0.0	0.0	0.0	0.0	0.0	0.0	0.0	0.0	2.0	0.0	0.0	0.0	0.0	0.0	3.32853558443e-09	1.0	3
1.0	8824.2265625	14.0	4.0	2730.86206055	4.0	3.0	119.479998589	2.73190588507	0.112633489072	0.0896249264479	0.989586293697	26.745619631	2.95468630883	-3.65684986115	-67.0965499878	-2.52999997139	0.0354299631371	0.0	0.0	0.0	0.0	0.0	0.999999998201	1.0	3
1.0	1204.24890137	4.0	1.0	830.004699707	2.0	1.0	16.4600003958	1.33651787716	-0.0270563196391	-0.470363080502	0.882058143616	19.6539012833	19.6780527091	-1.7050549984	-56.8328018188	-13.9830999374	0.428540435732	0.0	0.0	0.0	0.0	0.0	0.0171369725501	1.0	3
1.0	4368.22705078	11.0	3.0	2184.02758789	6.0	3.0	83.3400005102	0.0	0.030527131632	-0.0905664786696	-0.995422422886	17.4825374123	16.0765419689	-2.91446018219	-58.8663024902	-9.34139442444	0.776772733772	1.0	2.5	2.05999994278	0.0	2.5	0.999772977484	1.0	3
1.0	1204.24890137	4.0	1.0	830.004699707	2.0	1.0	16.4600003958	1.33651787716	-0.0270563196391	-0.470363080502	0.882058143616	19.6539012833	19.6780527091	-1.7050549984	-56.8328018188	-13.9830999374	0.428540435732	0.0	0.0	0.0	0.0	0.0	0.0171369725501	1.0	3
1.0	3718.28271484	7.0	1.0	1112.40405273	3.0	1.0	30.2199993134	2.73190588507	0.112633489072	0.0896249264479	0.989586293697	0.0	2.95468630883	-3.65684986115	-67.0965499878	-2.52999997139	0.0354299631371	0.0	0.0	0.0	0.0	0.0	0.970255103081	1.0	3
1.0	4388.93994141	12.0	4.0	2184.02758789	6.0	4.0	123.500000358	0.0	0.030527131632	-0.0905664786696	-0.995422422886	25.5546633349	16.0765419689	-2.91446018219	-58.8663024902	-9.34139442444	0.776772733772	1.0	2.5	2.05999994278	0.0	2.5	0.999657483177	1.0	3
1.0	4088.48876953	7.0	1.0	1518.09790039	3.0	1.0	17.2399997711	2.73190588507	0.112633489072	0.0896249264479	0.989586293697	0.0	2.95468630883	-3.65684986115	-67.0965499878	-2.52999997139	0.0354299631371	0.0	0.0	0.0	0.0	0.0	0.994057060781	1.0	3
1.0	449.701019287	4.0	0.0	493.937011719	1.0	0.0	0.0	10.0	0.0	0.0	0.0	0.0	0.0	0.0	0.0	0.0	2.0	0.0	0.0	0.0	0.0	0.0	3.32853558443e-09	0.0	3
1.0	4439.48193359	13.0	5.0	2020.55126953	10.0	3.0	95.4000024796	0.0	0.995689451694	-0.0703899115324	-0.0603977181017	18.3407643423	22.3584036905	-0.820326983929	-55.2224502563	-11.4778499603	0.187477749237	3.0	1.08000004292	21.3999996185	1.0	1.08000004292	0.979323704798	1.0	3
1.0	7344.25	17.0	6.0	3712.21923828	8.0	3.0	154.020002842	0.0	-0.995689451694	0.0703899115324	0.0603977181017	18.3765645714	33.0169616186	-0.820326983929	-55.2224502563	-11.4778499603	0.187477749237	8.0	8.43999958038	62.3799986839	0.0	20.1399993896	0.99997233507	1.0	3
1.0	5651.30078125	18.0	3.0	3042.65405273	9.0	2.0	57.2200012207	1.27586442404	-0.608680307865	0.232891261578	0.758465528488	2.42195755341	25.0846747418	-25.0960006714	-69.6502532959	0.45680052042	0.813552906617	2.0	14.5799999237	13.7199997902	0.0	17.5	0.99457003473	1.0	3
1.0	755.115478516	7.0	0.0	493.937011719	1.0	0.0	0.0	10.0	0.0	0.0	0.0	0.0	0.0	0.0	0.0	0.0	2.0	0.0	0.0	0.0	0.0	0.0	3.32853558443e-09	1.0	3
1.0	4745.82324219	9.0	1.0	799.235961914	2.0	2.0	37.9800007343	1.27586442404	-0.608680307865	0.232891261578	0.758465528488	23.0130997027	16.043690347	-25.0960006714	-69.6502532959	0.45680052042	0.813552906617	0.0	0.0	0.0	0.0	0.0	0.984216005377	1.0	3
1.0	669.62512207	6.0	0.0	702.804992676	2.0	0.0	0.0	10.0	0.0	0.0	0.0	0.0	0.0	0.0	0.0	0.0	2.0	0.0	0.0	0.0	0.0	0.0	3.32853558443e-09	1.0	3
1.0	4320.61523438	8.0	3.0	1198.82592773	4.0	3.0	139.200003624	0.0	-0.995689332485	0.0703902989626	0.0603980533779	20.2744015697	14.6695927007	-16.4475498199	-69.8956451416	-19.7951507568	0.763135272037	3.0	8.43999958038	30.2399997711	0.0	11.779999733	0.972700011182	1.0	3
1.0	2656.41455078	8.0	2.0	926.881958008	3.0	2.0	68.0200023651	0.0	-0.995689332485	0.0703902989626	0.0603980533779	20.2744015697	14.6695927007	-16.4475498199	-69.8956451416	-19.7951507568	0.763135272037	1.0	9.93999958038	9.5	0.0	9.93999958038	0.909548125369	1.0	3
1.0	4578.44628906	10.0	4.0	1583.03881836	5.0	3.0	90.8400027752	0.0	-0.995689332485	0.0703902989626	0.0603980533779	20.2744015697	14.6695927007	-16.4475498199	-69.8956451416	-19.7951507568	0.763135272037	3.0	9.52000045776	30.8999996185	0.0	11.779999733	0.989710772918	1.0	3
1.0	1725.48425293	4.0	0.0	1397.22351074	2.0	0.0	0.0	10.0	0.0	0.0	0.0	0.0	0.0	0.0	0.0	0.0	2.0	0.0	0.0	0.0	0.0	0.0	3.32853558443e-09	0.0	3
1.0	7932.86328125	11.0	4.0	1734.33813477	9.0	5.0	97.2000000477	0.0	-0.999262750149	0.0310783591121	0.0225412324071	52.4110492288	0.0	-21.9803504944	-43.8342971802	-47.3427505493	0.570408878781	5.0	2.07999992371	32.5600003004	2.0	8.68000030518	0.999998192295	1.0	3
1.0	1967.52502441	7.0	0.0	2267.38720703	5.0	0.0	0.0	10.0	0.0	0.0	0.0	0.0	0.0	0.0	0.0	0.0	2.0	0.0	0.0	0.0	0.0	0.0	3.32853558443e-09	1.0	3
1.0	6238.83447266	9.0	3.0	2487.6340332	6.0	2.0	91.0599992275	0.0	0.0335489399731	0.986685872078	-0.159139826894	1.46729837677	36.9802717651	-12.2877502441	-72.9685974121	-7.27754974365	0.117763788665	6.0	0.959999978542	37.5599998236	5.0	12.3000001907	0.998914329457	1.0	3
1.0	3917.81494141	7.0	0.0	1277.40771484	3.0	0.0	0.0	10.0	0.0	0.0	0.0	0.0	0.0	0.0	0.0	0.0	2.0	0.0	0.0	0.0	0.0	0.0	3.32853558443e-09	1.0	3
1.0	5894.57324219	11.0	4.0	2780.83154297	5.0	4.0	132.279999733	0.0	-0.0335486270487	-0.986687421799	0.159130185843	16.1384474618	30.3317869352	-3.55824995041	-63.4721984863	-6.06903505325	0.589360428906	5.0	0.959999978542	31.5600003004	3.0	12.3000001907	0.99997096491	1.0	3
1.0	1904.07287598	4.0	1.0	2609.65771484	4.0	1.0	15.8000001907	3.44667949935	-0.270908385515	-0.624060213566	0.732910275459	7.57944062635	42.7950898715	-3.18446493149	-53.9979019165	-29.1434497833	0.290380539168	0.0	0.0	0.0	0.0	0.0	0.408808247995	1.0	3
1.0	4957.62695312	8.0	3.0	1448.83093262	4.0	3.0	67.0200004578	0.0	0.999265313148	-0.030985686928	-0.0225540082902	20.783216173	26.6736282977	-3.71894979477	-51.9152526855	-9.40357494354	0.447329089199	2.0	8.03999996185	15.7600002289	0.0	8.80000019073	0.978064262818	1.0	3
1.0	4051.41455078	11.0	4.0	1676.38891602	6.0	3.0	81.939999342	0.0	0.999265313148	-0.030985686928	-0.0225540082902	22.2046364897	36.1084635441	-3.71894979477	-51.9152526855	-9.40357494354	0.447329089199	4.0	6.15999984741	28.4999995232	0.0	10.3000001907	0.98402217339	1.0	3
1.0	6406.54736328	10.0	2.0	2755.23999023	4.0	3.0	48.2999994755	0.0	-0.0335486270487	-0.986687421799	0.159130185843	16.1384474618	30.3317869352	-3.55824995041	-63.4721984863	-6.06903505325	0.589360428906	1.0	12.3000001907	11.6400003433	1.0	12.3000001907	0.999936128824	1.0	3
1.0	361.151977539	1.0	0.0	412.797973633	1.0	0.0	0.0	10.0	0.0	0.0	0.0	0.0	0.0	0.0	0.0	0.0	2.0	0.0	0.0	0.0	0.0	0.0	3.32853558443e-09	0.0	3
1.0	3043.41699219	12.0	4.0	1589.07971191	7.0	2.0	12.7799996138	0.0	-0.00764341419563	0.965327501297	-0.260929763317	26.1907913759	11.0157743623	-4.33712005615	-51.3810997009	-9.19742488861	0.184102397635	2.0	6.30000019073	18.8000001907	1.0	6.30000019073	0.980375419977	1.0	3
1.0	1377.13647461	4.0	1.0	675.226074219	5.0	1.0	7.76000022888	0.0	0.999440729618	0.0	-0.0334390588105	0.0	12.0186092601	-3.86569499969	-59.9632987976	-10.467300415	0.608870597962	1.0	10.3199996948	9.69999980927	0.0	10.3199996948	0.144011654177	1.0	3
1.0	8366.97753906	18.0	9.0	4725.38378906	11.0	5.0	176.560000181	0.0	0.999440729618	0.0	-0.0334396883845	9.7024677987	31.5618394452	-20.3833007812	-73.5475006104	-18.7558994293	0.845431894393	10.0	6.30000019073	86.0000004768	3.0	8.10000038147	0.999999988159	1.0	3
1.0	2832.63183594	4.0	4.0	1975.30883789	3.0	2.0	82.8399996758	0.0	-0.732236087322	0.663192629814	-0.154938057065	29.634161086	15.7219953476	-5.80269479752	-58.7966995239	-7.14183521271	0.830416045068	3.0	3.44000005722	12.720000267	3.0	7.86000013351	0.425864443782	1.0	3
1.0	1665.54504395	1.0	1.0	1533.32312012	3.0	2.0	43.4000005722	0.0	-0.00764360139146	0.965319752693	-0.260958462954	27.8504019991	16.4484377187	-2.41845989227	-50.2303009033	-13.1492996216	0.613301797323	3.0	3.44000005722	16.5	1.0	3.44000005722	0.564494352333	1.0	3
1.0	374.816009521	1.0	1.0	445.24899292	3.0	1.0	10.8000001907	0.0	0.00764360139146	-0.965319752693	0.260958462954	2.00872832368	0.0	-2.41845989227	-50.2303009033	-13.1492996216	0.613301797323	1.0	5.80000019073	6.80000019073	0.0	5.80000019073	0.207864141936	1.0	3
