valid	volumeS1	connectedComponentsS1	connectedComponentsS1Rel	volumeS2	connectedComponentsS2	connectedComponentsS2Rel	corticalSize	distanceMin	direction_x	direction_y	direction_z	distanceToExtremity1	distanceToExtremity2	gravityCenter_x	gravityCenter_y	gravityCenter_z	corticalDotProduct	junctions	junctionDepthMin	junctionsSize	plisDePassage	plisDePassageDepthMax	Potential	Class	cycle
1.0	658.12701416	1.0	1.0	753.539978027	1.0	1.0	14.1400003433	3.67945644034	0.766156375408	0.642472803593	-0.0152685018256	2.37377358158	3.11870943172	-10.2236652374	-63.4615020752	-7.47917509079	0.26299772839	0.0	0.0	0.0	0.0	0.0	-1.0	0.0	1
1.0	3051.51342773	9.0	3.0	1964.36035156	5.0	3.0	84.4599986076	0.0	0.0584455765784	0.987324655056	-0.147560566664	8.85510746257	16.268929548	-3.48619508743	-45.2022476196	-17.1843490601	0.492781711468	4.0	7.0	31.0515996963	0.0	14.8800001144	0.98208844945	1.0	1
1.0	658.12701416	1.0	0.0	645.91015625	3.0	0.0	0.0	10.0	0.0	0.0	0.0	0.0	0.0	0.0	0.0	0.0	2.0	0.0	0.0	0.0	0.0	0.0	0.309199535469	1.0	1
1.0	3660.20532227	7.0	4.0	1064.21557617	6.0	3.0	62.1600008011	0.0	0.997897267342	-0.0559444390237	-0.0327306836843	1.73110488446	14.818491225	-1.64019501209	-47.4152984619	-1.95006990433	0.967111680377	1.0	13.9399995804	11.4399995804	1.0	12.4799995422	0.993945507521	1.0	1
1.0	2277.74609375	4.0	3.0	1458.24829102	4.0	3.0	76.460000515	0.0	0.0584455765784	0.987324655056	-0.147560566664	0.916922438854	16.268929548	-3.48619508743	-45.2022476196	-17.1843490601	0.492781711468	1.0	13.9399995804	0.231600001454	0.0	13.9399995804	0.935632570504	1.0	1
1.0	1565.47021484	3.0	2.0	1526.95129395	4.0	2.0	39.779999733	0.0	0.0584724023938	0.987305104733	-0.147680938244	14.073893003	7.91432392022	-4.99956512451	-54.199798584	-15.7989006042	0.384572392807	0.0	0.0	0.0	1.0	12.1599998474	0.714659083398	1.0	1
1.0	2209.04321289	5.0	2.0	1246.71032715	4.0	3.0	47.07999897	0.0	0.0584670938551	0.987323582172	-0.14755935967	2.5308124131	26.2865047355	-8.49254512787	-46.6131515503	11.6994495392	0.921875893163	1.0	7.0	6.73999977112	1.0	12.1599998474	0.964417702976	1.0	1
1.0	1101.66601562	3.0	2.0	753.539978027	1.0	1.0	29.3400001526	2.04726644952	-0.241936430335	-0.542140543461	0.804705142975	15.1861810551	1.83374694732	-3.5699801445	-56.609249115	-12.5062999725	0.951253807436	0.0	0.0	0.0	0.0	0.0	0.159651924501	1.0	1
1.0	2210.33618164	7.0	3.0	1246.71032715	4.0	3.0	75.9599990845	0.0	0.0584670938551	0.987323582172	-0.14755935967	2.5308124131	26.2865047355	-8.49254512787	-46.6131515503	11.6994495392	0.921875893163	1.0	7.0	6.73999977112	2.0	12.4799995422	0.975720058114	1.0	1
1.0	811.822387695	1.0	1.0	421.616912842	2.0	1.0	24.0399990082	0.0	0.104947075248	0.992566406727	0.0616281442344	4.17276201555	5.56171423111	-10.2708997726	-66.6487503052	4.94364500046	0.00877736559733	1.0	8.76000022888	8.53999996185	1.0	8.76000022888	-1.0	0.0	1
1.0	3203.60424805	9.0	6.0	2608.7421875	3.0	3.0	135.821599722	0.0	-0.10500677675	-0.992559432983	-0.0616385154426	11.1209290497	17.0542097813	-2.31126999855	-51.9524536133	-5.01400995255	0.933792426137	5.0	5.0	42.4399995804	4.0	9.88000011444	0.999421230269	1.0	1
1.0	134.753997803	1.0	0.0	267.272003174	1.0	0.0	0.0	10.0	0.0	0.0	0.0	0.0	0.0	0.0	0.0	0.0	2.0	0.0	0.0	0.0	0.0	0.0	0.309199535469	1.0	1
1.0	2250.75195312	3.0	1.0	957.515991211	2.0	1.0	7.80000019073	0.0	0.99559122324	-0.0936355367303	0.0055266446434	25.5774250417	2.90201461778	-19.3374996185	-67.7703018188	-6.16932964325	0.846218257232	1.0	9.88000011444	8.19999980927	1.0	9.88000011444	0.990695346311	1.0	1
1.0	431.421325684	2.0	2.0	595.040039062	2.0	2.0	27.8800010681	0.0	0.995591938496	-0.0936285257339	0.00551714934409	11.8651841454	2.31764165648	-20.4725990295	-68.5731964111	-8.05476474762	0.317504825253	3.0	7.5	26.7399997711	2.0	9.88000011444	0.124593608585	1.0	1
1.0	1070.56884766	6.0	4.0	2171.30493164	3.0	3.0	125.71999979	0.0	-0.104947075248	-0.992566406727	-0.0616281442344	28.4062044399	15.3209185019	-10.2708997726	-66.6487503052	4.94364500046	0.00877736559733	1.0	8.76000022888	8.53999996185	1.0	8.76000022888	0.988672310908	1.0	1
1.0	944.951416016	2.0	1.0	421.616912842	2.0	1.0	24.0399990082	0.0	0.104947075248	0.992566406727	0.0616281442344	4.17276201555	5.56171423111	-10.2708997726	-66.6487503052	4.94364500046	0.00877736559733	1.0	8.76000022888	8.53999996185	1.0	8.76000022888	0.105079661378	1.0	1
1.0	1593.25390625	7.0	5.0	1956.66601562	3.0	3.0	114.621599436	0.0	-0.104947075248	-0.992566406727	-0.0616281442344	28.4062044399	15.3209185019	-10.2708997726	-66.6487503052	4.94364500046	0.00877736559733	2.0	5.0	15.7399997711	2.0	8.76000022888	0.995880503416	1.0	1
1.0	1721.97644043	4.0	2.0	448.871429443	3.0	2.0	28.2199988365	0.0	0.104947075248	0.992566406727	0.0616281442344	32.857309931	5.56171423111	-10.2708997726	-66.6487503052	4.94364500046	0.00877736559733	1.0	8.76000022888	8.53999996185	1.0	8.76000022888	0.564494412844	1.0	1
1.0	1629.70898438	5.0	4.0	2378.28295898	3.0	2.0	107.400002003	0.0	0.995591938496	-0.0936285257339	0.00551714934409	23.9895624197	2.31764165648	-20.4725990295	-68.5731964111	-8.05476474762	0.317504825253	2.0	8.31999969482	16.3999996185	2.0	9.88000011444	0.975505712867	1.0	1
1.0	627.596984863	1.0	1.0	927.972167969	1.0	1.0	4.61999988556	2.99818778934	0.108509004116	-0.170194506645	-0.979417920113	7.75123074774	9.8704547882	-18.7300987244	-69.5747528076	2.39178490639	0.110613065303	0.0	0.0	0.0	0.0	0.0	-1.0	0.0	1
1.0	3406.73974609	5.0	0.0	987.889953613	3.0	0.0	0.0	10.0	0.0	0.0	0.0	0.0	0.0	0.0	0.0	0.0	2.0	0.0	0.0	0.0	0.0	0.0	0.309199535469	1.0	1
1.0	721.623168945	2.0	1.0	833.945983887	1.0	1.0	11.6000003815	0.0	-0.0334176197648	-0.984702169895	0.171011373401	19.7857726801	3.80671250779	-14.9127502441	-69.7199554443	-7.60371494293	0.0111114426794	1.0	8.72000026703	8.26000022888	0.0	8.72000026703	0.0789369270337	1.0	1
1.0	3126.12817383	4.0	3.0	2197.52001953	4.0	3.0	78.2399994135	0.0	0.0334177799523	0.984706878662	-0.170984134078	1.78385842251	37.9174533887	-14.9127502441	-46.1282501221	19.0924987793	0.93680313487	3.0	7.44000005722	29.4000000954	0.0	11.4600000381	0.966972626029	1.0	1
1.0	1430.52294922	3.0	2.0	2217.10620117	2.0	2.0	71.2599987984	0.0	0.0334177799523	0.984706878662	-0.170984134078	1.78385842251	23.2120590966	-14.9127502441	-46.1282501221	19.0924987793	0.93680313487	1.0	7.44000005722	5.94000005722	0.0	7.44000005722	0.831542295898	1.0	1
1.0	2013.52624512	3.0	3.0	2432.16992188	2.0	2.0	84.819999218	0.0	0.0334177799523	0.984706878662	-0.170984134078	1.78385842251	37.9174533887	-14.9127502441	-46.1282501221	19.0924987793	0.93680313487	2.0	7.44000005722	14.2000002861	0.0	8.72000026703	0.983440744317	1.0	1
1.0	2013.52624512	3.0	3.0	1926.56298828	2.0	2.0	84.819999218	0.0	0.0334177799523	0.984706878662	-0.170984134078	1.78385842251	23.2120590966	-14.9127502441	-46.1282501221	19.0924987793	0.93680313487	2.0	7.44000005722	14.2000002861	0.0	8.72000026703	0.991839891246	1.0	1
1.0	1168.05554199	1.0	1.0	261.07800293	1.0	1.0	20.4400005341	3.03973349884	0.412018865347	-0.0918397381902	-0.906535089016	3.02396905973	2.0794180943	-1.32072305679	-64.7691955566	6.70852994919	0.363990737119	0.0	0.0	0.0	0.0	0.0	-1.0	0.0	1
1.0	2808.78125	8.0	3.0	3781.62573242	5.0	3.0	62.3799993992	0.0	-0.0461879745126	-0.993750929832	0.101615980268	21.748399153	22.6922379124	-20.2807006836	-70.2593002319	-12.4169998169	0.503442218489	4.0	4.07999992371	16.8399996758	3.0	5.59999990463	0.979215487403	1.0	1
1.0	1519.36010742	2.0	1.0	398.502990723	2.0	1.0	20.4400005341	3.03973349884	0.412018865347	-0.0918397381902	-0.906535089016	3.02396905973	2.0794180943	-1.32072305679	-64.7691955566	6.70852994919	0.363990737119	0.0	0.0	0.0	0.0	0.0	0.30146701771	1.0	1
1.0	2052.92358398	7.0	4.0	1580.41516113	6.0	3.0	110.06000042	2.00582407295	0.542041897774	-0.803084313869	-0.247479617596	15.7664439217	32.9157967996	-4.41178512573	-61.4727478027	14.1433506012	0.123540506042	0.0	0.0	0.0	0.0	0.0	0.970383601499	1.0	1
1.0	3057.24389648	5.0	3.0	1893.11254883	5.0	5.0	91.4799995422	0.0	0.0462036728859	0.993749201298	-0.10162577033	15.4973990346	34.5804243279	-8.40839481354	-47.9939498901	14.6977996826	0.518210223741	4.0	5.59999990463	31.4000000954	4.0	9.07999992371	0.975184641471	1.0	1
1.0	3055.40209961	4.0	2.0	2076.34692383	4.0	3.0	78.7999997139	0.0	-0.0461879745126	-0.993750929832	0.101615980268	31.8308246668	22.6922379124	-20.2807006836	-70.2593002319	-12.4169998169	0.503442218489	3.0	4.07999992371	11.8199996948	2.0	5.59999990463	0.968479396171	1.0	1
1.0	1168.05554199	1.0	0.0	121.417999268	1.0	0.0	0.0	10.0	0.0	0.0	0.0	0.0	0.0	0.0	0.0	0.0	2.0	0.0	0.0	0.0	0.0	0.0	0.309199535469	1.0	1
1.0	2781.34887695	4.0	3.0	1999.22351074	5.0	4.0	106.71999979	0.0	0.0462036728859	0.993749201298	-0.10162577033	15.4973990346	34.5804243279	-8.40839481354	-47.9939498901	14.6977996826	0.518210223741	5.0	4.07999992371	35.0199999809	4.0	9.07999992371	0.971589693924	1.0	1
1.0	1019.65045166	3.0	3.0	343.713500977	2.0	2.0	55.2999997139	0.0	0.998023092747	-0.0332690142095	0.0533209592104	18.1803410954	3.67249608026	-24.2663497925	-69.4999542236	-11.2528495789	0.179313968397	1.0	8.65999984741	10.0	2.0	8.65999984741	0.584800269709	1.0	1
1.0	3107.9987793	6.0	3.0	1936.68701172	4.0	4.0	95.6599993706	0.0	0.0461835190654	0.993749141693	-0.101635374129	15.5582142827	21.5143011733	1.0982350111	-52.4314498901	2.65380477905	0.847274533361	4.0	4.07999992371	19.2199997902	2.0	5.59999990463	0.987681150387	1.0	1
1.0	765.046020508	1.0	1.0	309.062896729	1.0	1.0	8.77999973297	3.4996142856	0.0849909186363	0.994235098362	-0.0653694942594	3.16303884766	0.0	-3.69991493225	-59.9434509277	2.28588008881	0.0181111263986	0.0	0.0	0.0	0.0	0.0	-1.0	0.0	1
1.0	3947.81396484	8.0	3.0	4376.10986328	4.0	3.0	99.8399991989	0.0	-0.00611992646009	0.998390674591	-0.0563789568841	15.1021198299	2.53502584763	-7.27986001968	-66.424949646	-15.1153507233	0.648532665132	3.0	5.28000020981	38.720000267	0.0	12.6199998856	0.998205774164	1.0	1
1.0	3111.24316406	8.0	2.0	2787.97509766	3.0	1.0	35.3600006104	2.92591358492	-0.311719506979	-0.557587206364	0.769368231297	1.51299623997	11.1253416443	-3.7424249649	-49.7782516479	12.2872200012	0.784241212865	0.0	0.0	0.0	0.0	0.0	0.974881245788	1.0	1
1.0	3596.66455078	8.0	3.0	4126.38476562	3.0	2.0	63.0599994659	0.0	-0.00611992646009	0.998390674591	-0.0563789568841	32.0933318819	2.53502584763	-7.27986001968	-66.424949646	-15.1153507233	0.648532665132	3.0	5.28000020981	38.720000267	0.0	12.6199998856	0.997846259341	1.0	1
1.0	1100.38806152	2.0	1.0	309.062896729	1.0	1.0	8.77999973297	3.4996142856	0.0849909186363	0.994235098362	-0.0653694942594	15.8148499556	0.0	-3.69991493225	-59.9434509277	2.28588008881	0.0181111263986	0.0	0.0	0.0	0.0	0.0	0.0114253031408	1.0	1
1.0	1087.06787109	3.0	1.0	589.073974609	2.0	1.0	13.0799999237	0.0	-0.00611027888954	0.998389601707	-0.0563988573849	3.57315674146	0.0	-2.56050491333	-48.9886474609	7.58946990967	0.86885768567	1.0	7.42000007629	6.92000007629	0.0	7.42000007629	0.169728410582	1.0	1
1.0	1188.74291992	3.0	3.0	2173.50195312	3.0	3.0	109.799999237	0.0	-0.00611992646009	0.998390674591	-0.0563789568841	32.0933318819	2.53502584763	-7.27986001968	-66.424949646	-15.1153507233	0.648532665132	2.0	5.28000020981	17.8000001907	0.0	7.42000007629	0.682661661871	1.0	1
1.0	1245.27978516	1.0	1.0	69.2415008545	1.0	1.0	15.6000003815	3.99379523167	0.623485147953	0.378524333239	0.684094727039	2.13866309808	0.0	-8.78519439697	-68.6520004272	-6.43532276154	0.41167569354	0.0	0.0	0.0	0.0	0.0	-1.0	0.0	1
1.0	1895.70410156	8.0	2.0	658.238708496	3.0	1.0	25.8000004292	0.0	0.0429976917803	0.985960662365	-0.161346629262	22.5886052722	0.0	-12.0974502563	-47.2803497314	10.1377000809	0.954827918211	1.0	8.64000034332	8.15999984741	1.0	8.64000034332	0.97295784555	1.0	1
1.0	1826.64868164	7.0	2.0	473.344177246	3.0	2.0	56.9200012684	0.0	0.0429976917803	0.985960662365	-0.161346629262	16.5472287746	23.4219899987	-12.0974502563	-47.2803497314	10.1377000809	0.954827918211	1.0	8.64000034332	8.15999984741	1.0	8.64000034332	0.973990961325	1.0	1
1.0	1608.84887695	4.0	2.0	69.2415008545	1.0	1.0	46.7200012207	3.02729413392	0.559266328812	-0.14067338407	-0.816965281963	3.01455301994	3.48393270787	-6.32104492188	-62.2486000061	4.91508483887	0.957087880401	0.0	0.0	0.0	0.0	0.0	0.232532430402	1.0	1
1.0	1500.72424316	1.0	1.0	485.636993408	1.0	1.0	26.7800002098	2.46255149594	-0.167630642653	-0.767953574657	-0.618180632591	2.46473180058	2.98303556807	-2.82827997208	-63.4375991821	5.61927509308	0.0550463960871	0.0	0.0	0.0	0.0	0.0	-1.0	0.0	1
1.0	4132.75390625	7.0	4.0	1137.83764648	5.0	3.0	28.5799999237	0.0	0.999826014042	0.0	0.0186542477459	27.1734824145	1.88129482835	-3.50743484497	-49.9463005066	-15.7230501175	0.798069694265	3.0	6.88000011444	37.7600007057	0.0	15.220000267	0.992999188401	1.0	1
1.0	1659.77526855	2.0	2.0	647.276000977	2.0	1.0	42.7000007629	2.1974075475	0.206668511033	-0.0433871634305	0.977448582649	19.5852970837	15.4125141421	-2.59107995033	-53.9629516602	-6.75060510635	0.851730875616	0.0	0.0	0.0	0.0	0.0	0.156896232291	1.0	1
1.0	3653.09228516	7.0	5.0	2456.31567383	5.0	3.0	90.0199999809	0.0	0.00375828589313	0.980662584305	-0.195670127869	26.5549090731	0.992489312679	-2.9377450943	-60.7388496399	-17.0527992249	0.796827353454	3.0	4.03999996185	25.180000782	0.0	15.220000267	0.989156685453	1.0	1
1.0	2145.21533203	2.0	1.0	1575.77929688	2.0	1.0	35.0999999046	2.46255149594	-0.167630642653	-0.767953574657	-0.618180632591	2.46473180058	2.98303556807	-2.82827997208	-63.4375991821	5.61927509308	0.0550463960871	0.0	0.0	0.0	0.0	0.0	0.413191703207	1.0	1
1.0	1488.58007812	3.0	1.0	1056.02099609	1.0	1.0	14.8600006104	2.1974075475	-0.206668511033	0.0433871634305	-0.977448582649	7.4575518086	10.7632474585	-2.59107995033	-53.9629516602	-6.75060510635	0.851730875616	0.0	0.0	0.0	0.0	0.0	0.383620070059	1.0	1
1.0	3155.79003906	5.0	3.0	968.95098877	2.0	2.0	31.6399998665	0.0	0.00374842365272	0.980662941933	-0.19566847384	22.7833045152	1.57828192324	-4.13970994949	-49.6691513062	-11.1308994293	0.98934061899	2.0	6.88000011444	21.5199999809	0.0	14.9399995804	0.968095401309	1.0	1
1.0	1845.09545898	2.0	2.0	485.636993408	1.0	1.0	49.5600008965	2.1974075475	0.206668511033	-0.0433871634305	0.977448582649	19.5852970837	15.4125141421	-2.59107995033	-53.9629516602	-6.75060510635	0.851730875616	0.0	0.0	0.0	0.0	0.0	0.0963794000364	1.0	1
1.0	803.924987793	1.0	1.0	558.093017578	1.0	1.0	6.51999998093	3.57461882473	0.73863863945	0.57418191433	-0.35316863656	3.5881454223	1.80639453983	-11.563000679	-63.7887992859	3.50650501251	0.01541573045	0.0	0.0	0.0	0.0	0.0	-1.0	0.0	1
1.0	2558.01831055	7.0	4.0	2350.79467773	4.0	2.0	74.0280003548	0.0	-0.706653535366	0.662729620934	-0.247851133347	3.4943856296	41.2256944983	-13.1498498917	-45.3629989624	23.0299491882	0.964279295828	3.0	5.48000001907	23.2400000095	0.0	10.3999996185	0.970613516795	1.0	1
1.0	661.825073242	4.0	2.0	484.946990967	3.0	1.0	22.5880007744	0.0	-0.0265252515674	-0.970083117485	0.241319671273	15.8012307957	13.7091268776	-6.16777992249	-57.6949005127	-4.90180969238	0.0334226763294	1.0	10.1999998093	10.720000267	0.0	10.1999998093	0.498358076115	1.0	1
1.0	2775.625	7.0	3.0	1815.40698242	4.0	2.0	53.9136795998	0.0	-0.0265252571553	-0.970083355904	0.241318747401	30.4717717575	2.35801151258	-5.47784996033	-57.9659996033	-1.00888049603	0.994813456769	3.0	5.48000001907	25.5999999046	0.0	10.3999996185	0.983002116598	1.0	1
1.0	437.236999512	2.0	2.0	558.093017578	1.0	1.0	17.2000002861	3.35153689075	0.670715928078	0.317855656147	-0.670155107975	0.0	19.1371011472	-8.73429965973	-47.4797973633	18.4504508972	0.986150844118	0.0	0.0	0.0	0.0	0.0	0.195215865574	1.0	1
1.0	2199.99560547	6.0	5.0	1128.20361328	4.0	3.0	91.2799988985	0.0	-0.706653535366	0.662729620934	-0.247851133347	3.4943856296	28.5333389205	-13.1498498917	-45.3629989624	23.0299491882	0.964279295828	3.0	5.48000001907	20.919999361	1.0	9.64000034332	0.981374092731	1.0	1
1.0	2415.0456543	6.0	4.0	640.026977539	2.0	2.0	74.8856788874	0.0	-0.0265252571553	-0.970083355904	0.241318747401	30.4717717575	2.35801151258	-5.47784996033	-57.9659996033	-1.00888049603	0.994813456769	3.0	5.48000001907	17.4799993038	1.0	9.64000034332	0.983440771842	1.0	1
1.0	1404.51599121	2.0	2.0	837.615966797	3.0	2.0	28.2456794977	0.0	-0.0265252571553	-0.970083355904	0.241318747401	17.3966996315	2.35801151258	-5.47784996033	-57.9659996033	-1.00888049603	0.994813456769	1.0	5.48000001907	5.71999979019	0.0	5.48000001907	0.582191242521	1.0	1
1.0	1785.81652832	5.0	4.0	974.626708984	4.0	3.0	41.8056797981	0.0	-0.0265252571553	-0.970083355904	0.241318747401	16.0864002206	2.35801151258	-5.47784996033	-57.9659996033	-1.00888049603	0.994813456769	3.0	5.48000001907	17.4799993038	1.0	9.64000034332	0.975505670354	1.0	1
1.0	539.000976562	1.0	1.0	763.428710938	1.0	1.0	13.4200000763	3.0428835033	0.174524158239	-0.284746021032	-0.942582070827	2.04433423526	3.51289734904	-10.4379301071	-67.689453125	5.99116039276	0.192052698079	0.0	0.0	0.0	0.0	0.0	-1.0	0.0	1
1.0	2525.88476562	9.0	0.0	946.020996094	2.0	0.0	0.0	10.0	0.0	0.0	0.0	0.0	0.0	0.0	0.0	0.0	2.0	0.0	0.0	0.0	0.0	0.0	0.309199535469	1.0	1
1.0	539.000976562	1.0	1.0	871.564697266	1.0	1.0	30.9400005341	2.72015993237	-0.0298674125224	-0.402212888002	-0.915058851242	10.4745845059	2.65946247821	-20.6398010254	-69.0127487183	7.4146900177	0.805303624651	0.0	0.0	0.0	0.0	0.0	0.208284131053	1.0	1
1.0	2990.38647461	10.0	7.0	1980.2767334	4.0	3.0	103.419999838	0.0	0.628406882286	-0.770057737827	0.11007232964	35.4829293355	2.06185364807	-22.6364002228	-70.5680999756	1.3167450428	0.243656763966	4.0	3.88000011444	29.0400004387	2.0	9.34000015259	0.99648221682	1.0	1
1.0	864.518981934	2.0	1.0	763.428710938	1.0	1.0	13.4200000763	3.0428835033	0.174524158239	-0.284746021032	-0.942582070827	2.04433423526	3.51289734904	-10.4379301071	-67.689453125	5.99116039276	0.192052698079	0.0	0.0	0.0	0.0	0.0	0.045671306581	1.0	1
1.0	939.455993652	4.0	2.0	154.380996704	1.0	1.0	17.5200002193	2.05114115146	-0.152142375708	0.956683039665	-0.248214155436	0.0	0.0	-13.2868499756	-39.9850006104	19.9919509888	0.993386064479	0.0	0.0	0.0	0.0	0.0	0.833565209306	1.0	1
1.0	738.348999023	1.0	1.0	871.29699707	2.0	2.0	39.4600009918	2.36290290263	0.17011795938	0.705154955387	0.688343167305	2.52912811807	18.1466857266	-8.5263004303	-65.6988525391	9.52168464661	0.363776903306	0.0	0.0	0.0	0.0	0.0	-1.0	0.0	1
1.0	3259.46948242	8.0	4.0	2788.49780273	5.0	4.0	154.180001259	0.0	0.998193562031	-0.0286192912608	0.0528251193464	1.72290116334	37.5194801177	-14.3533496857	-40.8821029663	20.0343513489	0.846553357493	3.0	6.11999988556	33.0600004196	0.0	18.5	0.976271450934	1.0	1
1.0	738.348999023	1.0	1.0	245.664001465	2.0	1.0	23.0200004578	2.36290290263	0.17011795938	0.705154955387	0.688343167305	2.52912811807	1.38602333718	-8.5263004303	-65.6988525391	9.52168464661	0.363776903306	0.0	0.0	0.0	0.0	0.0	0.158182015815	1.0	1
1.0	2510.92456055	5.0	3.0	2207.13598633	4.0	4.0	138.820001602	0.0	0.998193562031	-0.0286192912608	0.0528251193464	14.8771244224	37.5194801177	-14.3533496857	-40.8821029663	20.0343513489	0.846553357493	2.0	7.73999977112	26.460000515	0.0	18.5	0.76404911538	1.0	1
1.0	1522.76257324	4.0	3.0	871.29699707	2.0	2.0	109.380002022	2.36290290263	0.17011795938	0.705154955387	0.688343167305	27.8239103779	18.1466857266	-8.5263004303	-65.6988525391	9.52168464661	0.363776903306	0.0	0.0	0.0	0.0	0.0	0.1495295614	1.0	1
1.0	2678.46972656	6.0	4.0	2039.59106445	3.0	3.0	113.100000381	0.0	0.998193562031	-0.0286192912608	0.0528251193464	14.8771244224	37.5194801177	-14.3533496857	-40.8821029663	20.0343513489	0.846553357493	2.0	7.73999977112	26.460000515	0.0	18.5	0.970984464216	1.0	1
1.0	671.596984863	1.0	1.0	332.385009766	1.0	1.0	8.85999965668	3.7350635612	0.686964631081	0.702613592148	-0.185509338975	2.63389078905	1.96988530874	-4.90083837509	-65.117149353	4.85222530365	0.195318434203	0.0	0.0	0.0	0.0	0.0	-1.0	0.0	1
1.0	2661.78149414	7.0	4.0	2289.98706055	7.0	2.0	56.8200001717	2.08220072159	0.215494602919	0.25159367919	0.943537354469	14.1762649567	19.7382703766	0.172123014927	-52.5382003784	-2.21794247627	0.963245534553	0.0	0.0	0.0	0.0	0.0	0.986972997018	1.0	1
1.0	2959.64575195	10.0	5.0	1996.59558105	7.0	2.0	59.680000782	0.0	0.999503552914	0.0310959033668	0.005064482335	21.9566887697	0.987290309673	-2.87361001968	-48.2802505493	-12.9316997528	0.370597475502	2.0	14.5799999237	33.9599990845	0.0	17.9400005341	0.974016685704	1.0	1
1.0	235.309997559	2.0	0.0	244.007995605	1.0	0.0	0.0	10.0	0.0	0.0	0.0	0.0	0.0	0.0	0.0	0.0	2.0	0.0	0.0	0.0	0.0	0.0	0.309199535469	1.0	1
1.0	971.172973633	2.0	2.0	739.388977051	3.0	1.0	24.4200000763	2.46495643515	0.160249635577	-0.0748850032687	0.984231829643	10.0313979642	1.97182258045	0.379981994629	-59.3619003296	-1.05259990692	0.890925190685	0.0	0.0	0.0	0.0	0.0	0.153036218022	1.0	1
1.0	792.704956055	2.0	1.0	332.385009766	1.0	1.0	8.85999965668	3.7350635612	0.686964631081	0.702613592148	-0.185509338975	20.1887947702	1.96988530874	-4.90083837509	-65.117149353	4.85222530365	0.195318434203	0.0	0.0	0.0	0.0	0.0	0.202812536158	1.0	1
1.0	721.33203125	1.0	1.0	609.962524414	2.0	2.0	19.3799996376	3.14233351965	0.219573885202	-0.0759952291846	-0.972631454468	1.56053070618	3.24053616131	-5.3037648201	-67.2229003906	-4.06964111328	0.0912157325604	0.0	0.0	0.0	0.0	0.0	-1.0	0.0	1
1.0	1228.70800781	3.0	2.0	2025.37756348	4.0	3.0	39.5095998049	0.0	0.0131491916254	-0.976925134659	0.21317692101	16.7881494754	10.5395743837	-19.7645988464	-68.0513458252	-7.59370517731	0.250317607155	2.0	7.01999998093	21.220000267	0.0	8.84000015259	0.505215410917	1.0	1
1.0	2414.7421875	6.0	4.0	1229.26818848	3.0	2.0	82.8400001526	0.0	0.0130722057074	-0.976928174496	0.213167697191	17.8699610159	4.83957597391	-5.29518508911	-62.8883514404	-11.4232997894	0.723251648894	1.0	6.42000007629	5.69999980927	1.0	6.42000007629	0.933313231638	1.0	1
1.0	480.425994873	1.0	1.0	788.372192383	4.0	1.0	15.3800001144	0.0	0.99713742733	0.0	-0.0756108686328	3.24057913462	15.0496676252	-20.2280502319	-67.5980987549	-7.65792989731	0.94665429443	1.0	11.3800001144	15.1400003433	0.0	11.3800001144	0.0219551752918	1.0	1
1.0	739.791015625	3.0	3.0	2254.27636719	5.0	2.0	33.1199998856	0.0	0.99713742733	0.0	-0.0756108686328	15.7313417153	10.7195698632	-20.2280502319	-67.5980987549	-7.65792989731	0.521886602546	1.0	8.84000015259	11.220000267	0.0	8.84000015259	0.539791338023	1.0	1
1.0	437.493011475	1.0	1.0	229.037002563	1.0	1.0	5.63999986649	3.45732558555	0.618296504021	0.676625967026	-0.399858355522	3.43279247629	0.0	-6.59790992737	-62.5559005737	7.57773971558	0.314725724462	0.0	0.0	0.0	0.0	0.0	-1.0	0.0	1
1.0	1247.3380127	6.0	2.0	1897.75195312	4.0	3.0	41.8999991417	2.49159984775	0.0838677659631	0.0815223678946	0.993136584759	30.5780458887	8.7733958345	-3.48114013672	-61.199546814	-14.8475494385	0.847674673481	0.0	0.0	0.0	0.0	0.0	0.458731286883	1.0	1
1.0	2679.03369141	9.0	5.0	2378.60693359	4.0	3.0	132.439999104	0.0	0.00919941347092	-0.994015753269	0.108848772943	29.2055042582	25.3150301212	-2.57960510254	-45.0695495605	-4.1721496582	0.598262158924	1.0	3.72000002861	3.70000004768	1.0	3.72000002861	0.974129159487	1.0	1
1.0	577.724975586	1.0	1.0	229.037002563	1.0	1.0	5.63999986649	3.45732558555	0.618296504021	0.676625967026	-0.399858355522	3.43279247629	0.0	-6.59790992737	-62.5559005737	7.57773971558	0.314725724462	0.0	0.0	0.0	0.0	0.0	0.0946379344382	1.0	1
1.0	1197.19140625	1.0	1.0	171.917007446	1.0	1.0	25.5600001812	2.89159991346	0.461151868105	0.791917800903	-0.40025639534	3.25037893356	1.90680862922	-2.95511484146	-62.3974494934	-2.02008891106	0.664819017506	0.0	0.0	0.0	0.0	0.0	-1.0	0.0	1
1.0	2067.05224609	7.0	0.0	1298.36669922	4.0	0.0	0.0	10.0	0.0	0.0	0.0	0.0	0.0	0.0	0.0	0.0	2.0	0.0	0.0	0.0	0.0	0.0	0.309199535469	1.0	1
1.0	1137.23266602	2.0	1.0	606.88067627	4.0	1.0	17.0599999428	0.0	0.0329161733389	0.174286782742	0.984144628048	3.3197482767	0.0	-12.436050415	-69.1246032715	-6.52586507797	0.768569272288	2.0	3.46000003815	10.3199999332	1.0	3.46000003815	0.15303593862	1.0	1
1.0	1291.77966309	2.0	2.0	171.917007446	1.0	1.0	34.7999999523	2.89159991346	0.461151868105	0.791917800903	-0.40025639534	3.25037893356	1.90680862922	-2.95511484146	-62.3974494934	-2.02008891106	0.664819017506	0.0	0.0	0.0	0.0	0.0	0.329951340855	1.0	1
1.0	1455.21020508	3.0	2.0	544.870300293	4.0	2.0	58.6399993896	0.0	0.998331606388	0.0337463617325	-0.0468525625765	16.5946479271	9.99460441206	-13.0952997208	-69.829498291	-10.3803501129	0.170985486168	2.0	3.46000003815	8.46000003815	1.0	3.46000003815	0.972818108552	1.0	1
1.0	326.614990234	1.0	0.0	352.178283691	3.0	0.0	0.0	10.0	0.0	0.0	0.0	0.0	0.0	0.0	0.0	0.0	2.0	0.0	0.0	0.0	0.0	0.0	0.309199535469	1.0	1
1.0	1115.33435059	1.0	1.0	42.5503997803	1.0	1.0	24.3599991798	0.0	0.0329161733389	0.174286782742	0.984144628048	11.8655588243	0.0	-12.436050415	-69.1246032715	-6.52586507797	0.768569272288	2.0	3.46000003815	3.8599998951	2.0	3.46000003815	0.0968148187507	1.0	1
1.0	927.594970703	1.0	1.0	321.770385742	1.0	1.0	19.3799991608	0.0	0.993543863297	0.113415062428	0.00275355763733	2.78454968468	1.63719140465	-9.70775508881	-69.0566482544	4.14219999313	0.406216368094	1.0	3.16000008583	2.88000011444	1.0	3.16000008583	-1.0	0.0	1
1.0	4058.44726562	4.0	2.0	2438.49804688	3.0	2.0	45.6399998665	0.0	0.993543863297	0.113415062428	0.00275355763733	2.78454968468	22.1873938228	-9.70775508881	-69.0566482544	4.14219999313	0.406216368094	2.0	1.12000000477	2.88000011444	2.0	3.16000008583	0.974483864716	1.0	1
1.0	2667.24389648	6.0	2.0	2541.4140625	3.0	2.0	24.2799992561	0.0	0.993543863297	0.113415062428	0.00275355763733	2.78454968468	22.1873938228	-9.70775508881	-69.0566482544	4.14219999313	0.406216368094	1.0	3.16000008583	2.88000011444	1.0	3.16000008583	0.864604295601	1.0	1
1.0	4345.83691406	5.0	3.0	2460.41455078	4.0	2.0	81.1199994087	0.0	0.106022410095	-0.937809169292	0.330564916134	23.0332079777	26.2618131542	-2.54530000687	-47.2199478149	-3.14558005333	0.548967519481	1.0	1.12000000477	0.0	1.0	1.12000000477	0.994904508921	1.0	1
1.0	1170.8380127	2.0	1.0	143.333404541	2.0	1.0	19.3799991608	0.0	0.993543863297	0.113415062428	0.00275355763733	2.78454968468	1.63719140465	-9.70775508881	-69.0566482544	4.14219999313	0.406216368094	1.0	3.16000008583	2.88000011444	1.0	3.16000008583	0.128039344468	1.0	1
1.0	1258.94128418	2.0	2.0	743.195129395	2.0	1.0	26.8000001907	3.36863475595	0.907519817352	-0.0856473222375	0.411184161901	20.8961371424	2.25183867372	-12.0499649048	-48.7986488342	18.3996009827	0.628047145878	0.0	0.0	0.0	0.0	0.0	0.541010462903	1.0	1
1.0	1438.68701172	1.0	1.0	839.979003906	1.0	1.0	8.77999973297	2.62586933455	0.12746553123	0.629134237766	-0.766774177551	3.10787850603	1.81700134959	-6.04718017578	-66.5198974609	-4.44068002701	0.573897394144	0.0	0.0	0.0	0.0	0.0	-1.0	0.0	1
1.0	3783.921875	9.0	3.0	2902.95898438	3.0	2.0	43.3400001526	0.0	0.0588170588017	0.984726130962	-0.163874894381	17.9879380508	25.5606572052	-2.95288515091	-45.0480003357	-5.96493005753	0.571709302425	1.0	10.9799995422	11.9600000381	0.0	10.9799995422	0.99218936032	1.0	1
1.0	2205.2878418	5.0	0.0	863.53302002	3.0	0.0	0.0	10.0	0.0	0.0	0.0	0.0	0.0	0.0	0.0	0.0	2.0	0.0	0.0	0.0	0.0	0.0	0.309199535469	1.0	1
1.0	2732.40722656	8.0	4.0	2986.61181641	6.0	5.0	69.8400001526	0.0	0.0588170588017	0.984726130962	-0.163874894381	25.1650012982	34.0774215727	-2.95288515091	-45.0480003357	-5.96493005753	0.571709302425	1.0	10.9799995422	11.9600000381	0.0	10.9799995422	0.980629923807	1.0	1
1.0	2743.57226562	8.0	6.0	2449.2890625	4.0	3.0	135.980001926	0.0	0.992686986923	-0.0704876706004	-0.0980000719428	36.7457073035	1.47159322318	-21.7881507874	-72.8074951172	-6.94956970215	0.876914655601	3.0	2.11999988556	19.1799998283	1.0	2.11999988556	0.793101008586	1.0	1
1.0	3625.17797852	7.0	4.0	2653.3190918	4.0	2.0	87.140001297	0.0	0.992685735226	-0.0704803466797	-0.0980182290077	30.2289833965	10.3893383581	-5.3954000473	-57.3708000183	-15.7181501389	0.87622874974	2.0	2.11999988556	14.0399999619	1.0	2.11999988556	0.998726124214	1.0	1
1.0	1921.35839844	2.0	1.0	1209.86206055	2.0	1.0	16.8800001144	2.62586933455	0.12746553123	0.629134237766	-0.766774177551	15.0296076298	1.81700134959	-6.04718017578	-66.5198974609	-4.44068002701	0.573897394144	0.0	0.0	0.0	0.0	0.0	0.602442246909	1.0	1
1.0	2987.03076172	7.0	6.0	2863.84594727	5.0	3.0	122.800001621	0.0	0.0588170588017	0.984726130962	-0.163874894381	17.9879380508	34.0774215727	-2.95288515091	-45.0480003357	-5.96493005753	0.571709302425	2.0	2.11999988556	14.0399999619	1.0	2.11999988556	0.996861431483	1.0	1
1.0	1228.15991211	1.0	1.0	1050.50598145	2.0	1.0	13.1800003052	0.0	0.992686986923	-0.0704876706004	-0.0980000719428	2.12816204507	1.47159322318	-21.7881507874	-72.8074951172	-6.94956970215	0.876914655601	1.0	5.88000011444	5.13999986649	0.0	5.88000011444	0.0570669315724	1.0	1
1.0	2466.40209961	5.0	2.0	1624.41894531	3.0	2.0	56.9400014877	0.0	0.0588170588017	0.984726130962	-0.163874894381	17.9879380508	20.4668357551	-2.95288515091	-45.0480003357	-5.96493005753	0.571709302425	1.0	10.9799995422	11.9600000381	0.0	10.9799995422	0.968178025156	1.0	1
1.0	658.12701416	1.0	1.0	753.539978027	1.0	1.0	14.1400003433	3.67945644034	0.766156375408	0.642472803593	-0.0152685018256	2.37377358158	3.11870943172	-10.2236652374	-63.4615020752	-7.47917509079	0.26299772839	0.0	0.0	0.0	0.0	0.0	-1.0	0.0	2
1.0	938.368041992	2.0	1.0	473.29901123	1.0	1.0	17.1000003815	0.0	0.997897267342	-0.0559444390237	-0.0327306836843	1.73110488446	0.0	-1.64019501209	-47.4152984619	-1.95006990433	0.967111680377	0.0	0.0	0.0	1.0	12.4799995422	0.170332415111	1.0	2
1.0	2489.28417969	6.0	3.0	1246.71032715	4.0	3.0	75.9599990845	0.0	0.0584670938551	0.987323582172	-0.14755935967	2.5308124131	26.2865047355	-8.49254512787	-46.6131515503	11.6994495392	0.921875893163	1.0	7.0	6.73999977112	2.0	12.4799995422	0.993195810282	1.0	2
1.0	1858.74414062	4.0	3.0	1166.31298828	2.0	2.0	73.8799996376	0.0	0.0584455765784	0.987324655056	-0.147560566664	30.6756904432	16.268929548	-3.48619508743	-45.2022476196	-17.1843490601	0.492781711468	1.0	13.9399995804	0.231600001454	0.0	13.9399995804	0.703745908282	1.0	2
1.0	2209.04321289	5.0	3.0	1526.95129395	4.0	3.0	91.6999988556	0.0	0.0584670938551	0.987323582172	-0.14755935967	2.5308124131	26.2634657704	-8.49254512787	-46.6131515503	11.6994495392	0.921875893163	1.0	7.0	6.73999977112	1.0	12.1599998474	0.975543891987	1.0	2
1.0	1701.93701172	3.0	2.0	1526.95129395	4.0	2.0	39.779999733	0.0	0.0584724023938	0.987305104733	-0.147680938244	14.073893003	7.91432392022	-4.99956512451	-54.199798584	-15.7989006042	0.384572392807	0.0	0.0	0.0	1.0	12.1599998474	0.848742820796	1.0	2
1.0	2026.65234375	4.0	3.0	1310.99291992	3.0	3.0	98.599998951	0.0	0.0584455765784	0.987324655056	-0.147560566664	0.916922438854	16.268929548	-3.48619508743	-45.2022476196	-17.1843490601	0.492781711468	2.0	7.0	6.97159977257	0.0	13.9399995804	0.964417681353	1.0	2
1.0	790.102050781	2.0	2.0	1008.51202393	2.0	2.0	43.92000103	3.67945644034	0.766156375408	0.642472803593	-0.0152685018256	2.37377358158	3.11870943172	-10.2236652374	-63.4615020752	-7.47917509079	0.26299772839	0.0	0.0	0.0	0.0	0.0	0.257569075872	1.0	2
1.0	2256.02612305	5.0	3.0	1347.95629883	4.0	3.0	98.599998951	0.0	0.0584670938551	0.987323582172	-0.14755935967	2.5308124131	26.2634657704	-8.49254512787	-46.6131515503	11.6994495392	0.921875893163	2.0	7.0	6.97159977257	0.0	13.9399995804	0.974088164059	1.0	2
1.0	811.822387695	1.0	1.0	421.616912842	2.0	1.0	24.0399990082	0.0	0.104947075248	0.992566406727	0.0616281442344	4.17276201555	5.56171423111	-10.2708997726	-66.6487503052	4.94364500046	0.00877736559733	1.0	8.76000022888	8.53999996185	1.0	8.76000022888	-1.0	0.0	2
1.0	2013.20397949	6.0	4.0	1843.5369873	3.0	3.0	115.220000744	0.0	-0.10503538698	-0.992556810379	-0.0616319142282	22.5006175605	2.10327807354	-16.8728485107	-69.4949951172	-6.24657011032	0.754905712984	3.0	8.31999969482	25.5	2.0	9.88000011444	0.983655902379	1.0	2
1.0	412.18649292	3.0	3.0	391.155914307	2.0	2.0	37.1599998474	0.99645421107	-0.104937009513	-0.992567241192	-0.0616323165596	19.3553986751	15.4213782987	-21.2820014954	-60.6370010376	5.1856098175	0.63874917401	0.0	0.0	0.0	0.0	0.0	0.748262005709	1.0	2
1.0	1872.82043457	6.0	5.0	1576.20349121	3.0	3.0	111.301600218	0.0	0.995591938496	-0.0936285257339	0.00551714934409	23.9895624197	2.31764165648	-20.4725990295	-68.5731964111	-8.05476474762	0.317504825253	4.0	5.0	32.1399993896	4.0	9.88000011444	0.979856428836	1.0	2
1.0	1137.04406738	4.0	2.0	421.616912842	2.0	1.0	17.9599990845	0.0	0.104947075248	0.992566406727	0.0616281442344	32.857309931	5.56171423111	-10.2708997726	-66.6487503052	4.94364500046	0.00877736559733	1.0	8.76000022888	8.53999996185	1.0	8.76000022888	0.358996009834	1.0	2
1.0	1665.84240723	5.0	4.0	2342.14941406	4.0	3.0	78.1816012859	0.0	0.995591938496	-0.0936285257339	0.00551714934409	23.9895624197	2.31764165648	-20.4725990295	-68.5731964111	-8.05476474762	0.317504825253	4.0	5.0	33.9399995804	3.0	9.88000011444	0.968233130375	1.0	2
1.0	1717.7590332	4.0	3.0	1934.49401855	3.0	2.0	26.7000007629	2.06113076276	0.18942964077	-0.526754438877	0.828641176224	0.992886879235	2.06078664519	-2.84542512894	-62.6626014709	-20.2622489929	0.821669747814	0.0	0.0	0.0	0.0	0.0	0.910304421394	1.0	2
1.0	2253.22143555	4.0	2.0	1727.51599121	2.0	2.0	61.7600002289	2.06113076276	0.18942964077	-0.526754438877	0.828641176224	0.992886879235	2.06078664519	-2.84542512894	-62.6626014709	-20.2622489929	0.821669747814	0.0	0.0	0.0	0.0	0.0	0.993120770146	1.0	2
1.0	810.78729248	2.0	1.0	176.516998291	1.0	1.0	36.0600013733	0.0	0.995591938496	-0.0936285257339	0.00551714934409	11.8651841454	1.05303425477	-20.4725990295	-68.5731964111	-8.05476474762	0.317504825253	2.0	8.31999969482	16.9600000381	1.0	8.31999969482	0.745346729488	1.0	2
1.0	1679.35839844	4.0	2.0	178.505508423	2.0	2.0	31.2000002861	0.0	0.104987069964	0.992561519146	0.0616386458278	21.3669041842	11.0464004448	-2.12032985687	-50.0654525757	-3.07319998741	0.980563533532	1.0	7.5	10.3400001526	0.0	7.5	0.995880494326	1.0	2
1.0	627.596984863	1.0	1.0	927.972167969	1.0	1.0	4.61999988556	2.99818778934	0.108509004116	-0.170194506645	-0.979417920113	7.75123074774	9.8704547882	-18.7300987244	-69.5747528076	2.39178490639	0.110613065303	0.0	0.0	0.0	0.0	0.0	-1.0	0.0	2
1.0	2116.01708984	4.0	4.0	2235.65307617	2.0	2.0	95.1999988556	0.0	0.0334177799523	0.984706878662	-0.170984134078	1.78385842251	37.9174533887	-14.9127502441	-46.1282501221	19.0924987793	0.93680313487	2.0	7.44000005722	17.8399996758	0.0	11.9799995422	0.986915988461	1.0	2
1.0	464.262023926	2.0	0.0	518.33203125	2.0	0.0	0.0	10.0	0.0	0.0	0.0	0.0	0.0	0.0	0.0	0.0	2.0	0.0	0.0	0.0	0.0	0.0	0.309199535469	1.0	2
1.0	2210.04321289	4.0	4.0	2235.65307617	2.0	2.0	106.799999237	0.0	0.0334177799523	0.984706878662	-0.170984134078	1.78385842251	37.9174533887	-14.9127502441	-46.1282501221	19.0924987793	0.93680313487	3.0	7.44000005722	26.0999999046	0.0	11.9799995422	0.988217935181	1.0	2
1.0	1092.10302734	3.0	3.0	1422.93823242	1.0	1.0	48.4000000954	0.0	0.999347925186	-0.034603882581	-0.0103112002835	21.0767240979	8.8801940082	-18.8684997559	-71.7057037354	-3.57418012619	0.870968266824	2.0	5.30000019073	16.3799996376	1.0	5.30000019073	0.37609889046	1.0	2
1.0	685.25	2.0	1.0	694.078186035	3.0	1.0	15.220000267	0.0	0.999347925186	-0.034603882581	-0.0103112002835	13.4570043923	35.0063201436	-18.8684997559	-71.7057037354	-3.57418012619	0.870968266824	1.0	5.30000019073	4.48000001907	1.0	5.30000019073	0.269992286023	1.0	2
1.0	2116.01708984	4.0	4.0	2329.67919922	2.0	2.0	115.039999008	0.0	0.0334177799523	0.984706878662	-0.170984134078	1.78385842251	37.9174533887	-14.9127502441	-46.1282501221	19.0924987793	0.93680313487	3.0	5.30000019073	22.3199996948	1.0	5.30000019073	0.992458159703	1.0	2
1.0	1168.05554199	1.0	1.0	261.07800293	1.0	1.0	20.4400005341	3.03973349884	0.412018865347	-0.0918397381902	-0.906535089016	3.02396905973	2.0794180943	-1.32072305679	-64.7691955566	6.70852994919	0.363990737119	0.0	0.0	0.0	0.0	0.0	-1.0	0.0	2
1.0	3013.37255859	4.0	3.0	1933.63500977	4.0	3.0	72.0599999428	0.0	-0.0462036728859	-0.993749201298	0.10162577033	13.7283969372	34.0393321608	-8.40839481354	-47.9939498901	14.6977996826	0.518210223741	4.0	4.07999992371	19.2999997139	3.0	8.34000015259	0.989692779811	1.0	2
1.0	2981.44946289	5.0	1.0	852.151977539	2.0	1.0	8.60000038147	2.82736979987	0.879960656166	0.320653110743	-0.35050073266	16.3797269812	17.9004887485	-3.81488204002	-46.1214523315	14.7313499451	0.842251846583	0.0	0.0	0.0	0.0	0.0	0.968479401866	1.0	2
1.0	1472.49597168	4.0	2.0	2280.40039062	5.0	4.0	74.7200007439	0.0	0.0461835190654	0.993749141693	-0.101635374129	13.5386377166	21.5143011733	1.0982350111	-52.4314498901	2.65380477905	0.847274533361	2.0	6.69999980927	17.4000000954	2.0	8.65999984741	0.898814608578	1.0	2
1.0	2897.13549805	4.0	3.0	2234.61376953	6.0	5.0	77.9200000763	0.0	-0.998025596142	0.0331874713302	-0.0533250384033	4.19888193673	31.9060233439	-12.1841001511	-41.0449981689	16.6675491333	0.554519983537	4.0	4.07999992371	26.0199999809	5.0	9.07999992371	0.987551338867	1.0	2
1.0	1966.28356934	2.0	0.0	261.07800293	1.0	0.0	0.0	10.0	0.0	0.0	0.0	0.0	0.0	0.0	0.0	0.0	2.0	0.0	0.0	0.0	0.0	0.0	0.309199535469	1.0	2
1.0	2710.62475586	6.0	5.0	1338.57751465	5.0	5.0	142.080001354	0.0	0.0461879745126	0.993750929832	-0.101615980268	33.9528946741	0.0	-20.2807006836	-70.2593002319	-12.4169998169	0.503442218489	4.0	5.59999990463	30.0	4.0	8.65999984741	0.98527983286	1.0	2
1.0	374.714996338	2.0	1.0	465.131500244	3.0	2.0	30.9000005722	0.0	0.0461835190654	0.993749141693	-0.101635374129	3.76703202911	15.1890438169	1.0982350111	-52.4314498901	2.65380477905	0.847274533361	1.0	6.69999980927	7.40000009537	0.0	6.69999980927	0.744172688682	1.0	2
1.0	3039.84741211	4.0	3.0	1952.24194336	5.0	4.0	85.2199993134	0.0	-0.998025596142	0.0331874713302	-0.0533250384033	20.4577695179	31.9060233439	-12.1841001511	-41.0449981689	16.6675491333	0.554519983537	3.0	4.07999992371	18.5399999619	4.0	9.07999992371	0.996509868306	1.0	2
1.0	765.046020508	1.0	1.0	309.062896729	1.0	1.0	8.77999973297	3.4996142856	0.0849909186363	0.994235098362	-0.0653694942594	3.16303884766	0.0	-3.69991493225	-59.9434509277	2.28588008881	0.0181111263986	0.0	0.0	0.0	0.0	0.0	-1.0	0.0	2
1.0	335.342010498	1.0	1.0	894.823974609	1.0	1.0	22.3999996185	0.0	-0.00611992646009	0.998390674591	-0.0563789568841	9.3391804969	2.53502584763	-7.27986001968	-66.424949646	-15.1153507233	0.648532665132	1.0	5.28000020981	10.8800001144	0.0	5.28000020981	0.096814799856	1.0	2
1.0	1334.79101562	2.0	2.0	2321.19482422	4.0	3.0	82.3399991989	0.0	-0.00611992646009	0.998390674591	-0.0563789568841	9.3391804969	2.53502584763	-7.27986001968	-66.424949646	-15.1153507233	0.648532665132	1.0	5.28000020981	10.8800001144	0.0	5.28000020981	0.799373632247	1.0	2
1.0	1321.4708252	3.0	2.0	1864.47399902	4.0	3.0	87.3999996185	0.0	-0.00611027888954	0.998389601707	-0.0563988573849	3.57315674146	29.0147519237	-2.56050491333	-48.9886474609	7.58946990967	0.86885768567	1.0	7.42000007629	6.92000007629	0.0	7.42000007629	0.898137061338	1.0	2
1.0	1245.27978516	1.0	1.0	69.2415008545	1.0	1.0	15.6000003815	3.99379523167	0.623485147953	0.378524333239	0.684094727039	2.13866309808	0.0	-8.78519439697	-68.6520004272	-6.43532276154	0.41167569354	0.0	0.0	0.0	0.0	0.0	-1.0	0.0	2
1.0	2043.77600098	6.0	2.0	69.2415008545	1.0	1.0	46.7200012207	3.02729413392	0.559266328812	-0.14067338407	-0.816965281963	3.01455301994	3.48393270787	-6.32104492188	-62.2486000061	4.91508483887	0.957087880401	0.0	0.0	0.0	0.0	0.0	0.985902775234	1.0	2
1.0	1354.52990723	3.0	1.0	69.2415008545	1.0	1.0	15.6000003815	3.99379523167	0.623485147953	0.378524333239	0.684094727039	19.1580338996	0.0	-8.78519439697	-68.6520004272	-6.43532276154	0.41167569354	0.0	0.0	0.0	0.0	0.0	0.477535952404	1.0	2
1.0	1805.42907715	5.0	2.0	307.588500977	2.0	2.0	49.8799991608	3.15358372235	0.733509659767	-0.0539665967226	0.677533149719	19.8560800855	13.1126898575	-13.9034996033	-63.4765472412	6.91464519501	0.987340712717	0.0	0.0	0.0	0.0	0.0	0.970387178755	1.0	2
1.0	1500.72424316	1.0	1.0	485.636993408	1.0	1.0	26.7800002098	2.46255149594	-0.167630642653	-0.767953574657	-0.618180632591	2.46473180058	2.98303556807	-2.82827997208	-63.4375991821	5.61927509308	0.0550463960871	0.0	0.0	0.0	0.0	0.0	-1.0	0.0	2
1.0	3291.76611328	5.0	3.0	968.95098877	2.0	2.0	31.6399998665	0.0	0.00374842365272	0.980662941933	-0.19566847384	22.7833045152	1.57828192324	-4.13970994949	-49.6691513062	-11.1308994293	0.98934061899	2.0	6.88000011444	21.5199999809	0.0	14.9399995804	0.977640820245	1.0	2
1.0	1212.75683594	5.0	2.0	968.95098877	2.0	2.0	25.9800000191	0.0	0.999825716019	0.0	0.0186699591577	14.8252753309	12.6823822219	-2.72550487518	-48.2464981079	0.259639501572	0.778928143851	1.0	6.88000011444	6.67999982834	0.0	6.88000011444	0.0395307285482	1.0	2
1.0	3291.76611328	5.0	3.0	968.95098877	2.0	2.0	31.6399998665	0.0	0.00374842365272	0.980662941933	-0.19566847384	22.7833045152	1.57828192324	-4.13970994949	-49.6691513062	-11.1308994293	0.98934061899	2.0	6.88000011444	21.5199999809	0.0	14.9399995804	0.983368475152	1.0	2
1.0	917.980224609	1.0	0.0	485.636993408	1.0	0.0	0.0	10.0	0.0	0.0	0.0	0.0	0.0	0.0	0.0	0.0	2.0	0.0	0.0	0.0	0.0	0.0	0.309199535469	1.0	2
1.0	3257.64501953	5.0	3.0	1003.07220459	3.0	3.0	56.0999999046	0.0	-0.0189132746309	0.167166486382	0.985747277737	21.8833240696	6.20839432829	-3.04051494598	-61.3395996094	-11.6931495667	0.631306349369	3.0	4.03999996185	24.5799999237	0.0	14.9399995804	0.97582261134	1.0	2
1.0	2947.39501953	4.0	2.0	533.429992676	2.0	2.0	28.1600003242	0.0	0.999825716019	0.0	0.0186699591577	14.8252753309	21.5811716174	-2.72550487518	-48.2464981079	0.259639501572	0.778928143851	1.0	6.88000011444	6.67999982834	0.0	6.88000011444	0.968370193757	1.0	2
1.0	803.924987793	1.0	1.0	558.093017578	1.0	1.0	6.51999998093	3.57461882473	0.73863863945	0.57418191433	-0.35316863656	3.5881454223	1.80639453983	-11.563000679	-63.7887992859	3.50650501251	0.01541573045	0.0	0.0	0.0	0.0	0.0	-1.0	0.0	2
1.0	2289.09985352	5.0	3.0	1048.82971191	3.0	2.0	20.2856798172	0.0	-0.0265252571553	-0.970083355904	0.241318747401	35.9679310987	2.35801151258	-5.47784996033	-57.9659996033	-1.00888049603	0.994813456769	2.0	5.48000001907	9.07999968529	0.0	5.48000001907	0.990936368137	1.0	2
1.0	434.238494873	1.0	0.0	578.783691406	2.0	0.0	0.0	10.0	0.0	0.0	0.0	0.0	0.0	0.0	0.0	0.0	2.0	0.0	0.0	0.0	0.0	0.0	0.309199535469	1.0	2
1.0	1364.10949707	2.0	2.0	413.523986816	3.0	1.0	34.0799990892	0.0	-0.0265277139843	-0.970077812672	0.241340681911	8.1777646919	11.5301295203	-13.4533996582	-51.1482505798	20.7068500519	0.923966514768	1.0	9.64000034332	8.39999961853	1.0	9.64000034332	0.988672270197	1.0	2
1.0	1889.92907715	5.0	4.0	784.103637695	3.0	2.0	71.7599989176	0.0	0.993504106998	0.0	0.113796301186	29.8410987905	4.16211462858	-7.09228515625	-56.4519004822	-1.57518005371	0.134755286904	2.0	5.48000001907	11.7599995136	1.0	9.64000034332	0.913632343903	1.0	2
1.0	2111.24023438	7.0	2.0	488.17666626	3.0	1.0	19.5199999809	0.0	-0.706653535366	0.662729620934	-0.247851133347	3.4943856296	0.0	-13.1498498917	-45.3629989624	23.0299491882	0.964279295828	1.0	10.3999996185	9.15999984741	0.0	10.3999996185	0.988371400078	1.0	2
1.0	576.00378418	2.0	0.0	61.6930007935	1.0	0.0	0.0	10.0	0.0	0.0	0.0	0.0	0.0	0.0	0.0	0.0	2.0	0.0	0.0	0.0	0.0	0.0	0.309199535469	1.0	2
1.0	2039.71801758	7.0	4.0	786.987670898	3.0	2.0	37.6799998283	0.0	0.993504106998	0.0	0.113796301186	29.8410987905	4.16211462858	-7.09228515625	-56.4519004822	-1.57518005371	0.134755286904	1.0	5.48000001907	3.3599998951	0.0	5.48000001907	0.972102020836	1.0	2
1.0	1396.07055664	6.0	4.0	1055.54992676	2.0	2.0	58.7080001831	0.0	-0.706653535366	0.662729620934	-0.247851133347	3.4943856296	18.966785168	-13.1498498917	-45.3629989624	23.0299491882	0.964279295828	3.0	5.48000001907	23.2400000095	0.0	10.3999996185	0.59935425438	1.0	2
1.0	1489.65979004	5.0	3.0	786.987670898	3.0	1.0	20.3256802559	0.0	-0.0265252571553	-0.970083355904	0.241318747401	25.7267454685	2.35801151258	-5.47784996033	-57.9659996033	-1.00888049603	0.994813456769	1.0	5.48000001907	5.71999979019	0.0	5.48000001907	0.994710967039	1.0	2
1.0	539.000976562	1.0	1.0	763.428710938	1.0	1.0	13.4200000763	3.0428835033	0.174524158239	-0.284746021032	-0.942582070827	2.04433423526	3.51289734904	-10.4379301071	-67.689453125	5.99116039276	0.192052698079	0.0	0.0	0.0	0.0	0.0	-1.0	0.0	2
1.0	539.000976562	1.0	0.0	686.166015625	1.0	0.0	0.0	10.0	0.0	0.0	0.0	0.0	0.0	0.0	0.0	0.0	2.0	0.0	0.0	0.0	0.0	0.0	0.309199535469	1.0	2
1.0	945.567871094	3.0	1.0	1099.04797363	1.0	1.0	21.0400004387	2.48852164217	-0.116856329143	0.0726012662053	-0.990491688251	30.0388786981	11.2270919302	-7.63414001465	-62.6006011963	-5.16928482056	0.953622533575	0.0	0.0	0.0	0.0	0.0	0.977815044739	1.0	2
1.0	682.983886719	2.0	1.0	785.992004395	2.0	2.0	33.4200000763	0.0	0.628406882286	-0.770057737827	0.11007232964	20.1867026574	2.06185364807	-22.6364002228	-70.5680999756	1.3167450428	0.243656763966	3.0	2.03999996185	9.27999997139	2.0	9.34000015259	0.591411599903	1.0	2
1.0	1446.76293945	4.0	3.0	1931.28503418	3.0	3.0	77.8800003529	0.0	0.0849663391709	0.953449428082	-0.289335280657	28.5328025799	17.0777015781	-8.80561065674	-59.7567977905	-1.17990493774	0.912520732971	1.0	4.44000005722	3.75999999046	0.0	4.44000005722	0.986367989899	1.0	2
1.0	1271.0859375	3.0	2.0	1776.90405273	2.0	2.0	60.3600001335	0.0	0.0849663391709	0.953449428082	-0.289335280657	28.5328025799	17.0777015781	-8.80561065674	-59.7567977905	-1.17990493774	0.912520732971	1.0	4.44000005722	3.75999999046	0.0	4.44000005722	0.876316111684	1.0	2
1.0	1136.41210938	3.0	3.0	1555.46972656	4.0	3.0	81.9999997616	0.0	0.628406882286	-0.770057737827	0.11007232964	20.1867026574	2.06185364807	-22.6364002228	-70.5680999756	1.3167450428	0.243656763966	2.0	3.88000011444	9.59999990463	1.0	9.34000015259	0.835300508102	1.0	2
1.0	1446.76293945	4.0	3.0	1253.42895508	2.0	2.0	38.560000658	2.05114115146	-0.152142375708	0.956683039665	-0.248214155436	0.0	16.7980414749	-13.2868499756	-39.9850006104	19.9919509888	0.993386064479	0.0	0.0	0.0	0.0	0.0	0.990840726307	1.0	2
1.0	738.348999023	1.0	1.0	871.29699707	2.0	2.0	39.4600009918	2.36290290263	0.17011795938	0.705154955387	0.688343167305	2.52912811807	18.1466857266	-8.5263004303	-65.6988525391	9.52168464661	0.363776903306	0.0	0.0	0.0	0.0	0.0	-1.0	0.0	2
1.0	960.307006836	2.0	1.0	1560.25793457	3.0	2.0	39.4600009918	2.36290290263	0.17011795938	0.705154955387	0.688343167305	2.52912811807	18.1466857266	-8.5263004303	-65.6988525391	9.52168464661	0.363776903306	0.0	0.0	0.0	0.0	0.0	0.213777576739	1.0	2
1.0	860.377990723	2.0	2.0	749.268005371	2.0	2.0	33.3000001907	0.0	0.0412263385952	0.994548678398	-0.0957774743438	12.3237021104	17.0929167673	-6.30922031403	-53.7953491211	4.97591018677	0.629833594207	1.0	6.11999988556	6.59999990463	0.0	6.11999988556	0.0487039299257	1.0	2
1.0	905.893981934	2.0	2.0	703.75201416	1.0	1.0	42.3599996567	1.71016958065	0.386755734682	0.919438540936	-0.0710829943419	0.0	25.7199898148	-5.60786533356	-45.4271011353	6.97643470764	0.931086726154	0.0	0.0	0.0	0.0	0.0	0.0487044389312	1.0	2
1.0	671.596984863	1.0	1.0	332.385009766	1.0	1.0	8.85999965668	3.7350635612	0.686964631081	0.702613592148	-0.185509338975	2.63389078905	1.96988530874	-4.90083837509	-65.117149353	4.85222530365	0.195318434203	0.0	0.0	0.0	0.0	0.0	-1.0	0.0	2
1.0	1934.57507324	5.0	4.0	1171.93664551	5.0	3.0	66.1399998665	0.0	-0.0288469810039	0.963121592999	-0.267515778542	3.25417653055	11.5846216575	-0.43833899498	-50.3778991699	8.12594032288	0.98663192523	1.0	6.71999979019	5.90000009537	0.0	6.71999979019	0.970588063585	1.0	2
1.0	1089.6159668	4.0	3.0	1261.72558594	5.0	3.0	67.7600007057	2.04759855804	0.937279105186	0.113531902432	0.32957303524	27.2744181872	1.73160067491	-9.53726482391	-72.7791976929	-8.41782951355	0.0490849827231	0.0	0.0	0.0	0.0	0.0	0.709162976548	1.0	2
1.0	1119.76989746	3.0	3.0	1067.63000488	5.0	3.0	58.0999999046	2.04759855804	0.937279105186	0.113531902432	0.32957303524	4.792128481	1.73160067491	-9.53726482391	-72.7791976929	-8.41782951355	0.0490849827231	0.0	0.0	0.0	0.0	0.0	0.717579129565	1.0	2
1.0	324.503997803	1.0	0.0	244.048599243	2.0	0.0	0.0	10.0	0.0	0.0	0.0	0.0	0.0	0.0	0.0	0.0	2.0	0.0	0.0	0.0	0.0	0.0	0.309199535469	1.0	2
1.0	1189.38708496	3.0	1.0	449.892028809	3.0	2.0	14.3999996185	0.0	-0.0288469810039	0.963121592999	-0.267515778542	3.25417653055	8.50015927877	-0.43833899498	-50.3778991699	8.12594032288	0.98663192523	1.0	6.71999979019	5.90000009537	0.0	6.71999979019	0.580154123988	1.0	2
1.0	721.33203125	1.0	1.0	609.962524414	2.0	2.0	19.3799996376	3.14233351965	0.219573885202	-0.0759952291846	-0.972631454468	1.56053070618	3.24053616131	-5.3037648201	-67.2229003906	-4.06964111328	0.0912157325604	0.0	0.0	0.0	0.0	0.0	-1.0	0.0	2
1.0	721.33203125	1.0	1.0	504.17401123	3.0	2.0	8.17999982834	3.53636824765	0.166576564312	0.447410553694	-0.878678560257	2.04942398966	2.37976771924	-6.27311038971	-63.1435508728	-4.89043998718	0.398054955873	0.0	0.0	0.0	0.0	0.0	0.0730650629509	1.0	2
1.0	480.425994873	1.0	1.0	850.868530273	3.0	1.0	15.3800001144	0.0	0.99713742733	0.0	-0.0756108686328	3.24057913462	15.0496676252	-20.2280502319	-67.5980987549	-7.65792989731	0.94665429443	1.0	11.3800001144	15.1400003433	0.0	11.3800001144	0.0219551752918	1.0	2
1.0	240.99319458	1.0	1.0	609.875305176	3.0	3.0	33.6199994087	0.0	-0.0130724310875	0.976925849915	-0.213178247213	2.5445517649	24.815448716	-2.96530485153	-49.1705474854	-3.40234518051	0.958132361489	0.0	0.0	0.0	1.0	9.26000022888	0.382149468503	1.0	2
1.0	1816.72314453	4.0	2.0	823.498291016	2.0	2.0	41.3600006104	0.0	-0.0130724310875	0.976925849915	-0.213178247213	20.5469374948	14.0835212108	-2.96530485153	-49.1705474854	-3.40234518051	0.958132361489	0.0	0.0	0.0	1.0	9.26000022888	0.624258807409	1.0	2
1.0	437.493011475	1.0	1.0	229.037002563	1.0	1.0	5.63999986649	3.45732558555	0.618296504021	0.676625967026	-0.399858355522	3.43279247629	0.0	-6.59790992737	-62.5559005737	7.57773971558	0.314725724462	0.0	0.0	0.0	0.0	0.0	-1.0	0.0	2
1.0	706.29083252	3.0	2.0	1673.16699219	3.0	3.0	27.2999997139	2.27844902424	0.350101798773	-0.0731221735477	-0.933853268623	15.6426991685	3.31383716092	-7.23426532745	-68.970993042	-6.55030488968	0.573339076408	0.0	0.0	0.0	0.0	0.0	0.552703635471	1.0	2
1.0	727.196044922	3.0	2.0	697.818969727	3.0	3.0	52.3999996185	3.18593783526	0.906700730324	0.242831096053	0.344857692719	18.6197320109	23.7455743699	-11.8816699982	-55.4777984619	17.5270996094	0.968666954041	0.0	0.0	0.0	0.0	0.0	0.311025063986	1.0	2
1.0	610.039001465	2.0	1.0	229.037002563	1.0	1.0	5.63999986649	3.45732558555	0.618296504021	0.676625967026	-0.399858355522	3.43279247629	0.0	-6.59790992737	-62.5559005737	7.57773971558	0.314725724462	0.0	0.0	0.0	0.0	0.0	0.0158189808662	1.0	2
1.0	1197.19140625	1.0	1.0	171.917007446	1.0	1.0	25.5600001812	2.89159991346	0.461151868105	0.791917800903	-0.40025639534	3.25037893356	1.90680862922	-2.95511484146	-62.3974494934	-2.02008891106	0.664819017506	0.0	0.0	0.0	0.0	0.0	-1.0	0.0	2
1.0	1796.55053711	3.0	2.0	466.437011719	3.0	1.0	34.7999999523	2.89159991346	0.461151868105	0.791917800903	-0.40025639534	3.25037893356	1.90680862922	-2.95511484146	-62.3974494934	-2.02008891106	0.664819017506	0.0	0.0	0.0	0.0	0.0	0.983090731686	1.0	2
1.0	1378.03027344	1.0	1.0	171.917007446	1.0	1.0	25.5600001812	2.89159991346	0.461151868105	0.791917800903	-0.40025639534	3.25037893356	1.90680862922	-2.95511484146	-62.3974494934	-2.02008891106	0.664819017506	0.0	0.0	0.0	0.0	0.0	0.169728361956	1.0	2
1.0	1455.21020508	3.0	2.0	352.178283691	3.0	2.0	58.6399993896	0.0	0.998331606388	0.0337463617325	-0.0468525625765	16.5946479271	9.99460441206	-13.0952997208	-69.829498291	-10.3803501129	0.170985486168	2.0	3.46000003815	8.46000003815	1.0	3.46000003815	0.977308025332	1.0	2
1.0	1796.55053711	3.0	2.0	466.437011719	3.0	1.0	34.7999999523	2.89159991346	0.461151868105	0.791917800903	-0.40025639534	3.25037893356	1.90680862922	-2.95511484146	-62.3974494934	-2.02008891106	0.664819017506	0.0	0.0	0.0	0.0	0.0	0.820947648985	1.0	2
1.0	1796.55053711	3.0	0.0	101.82800293	1.0	0.0	0.0	10.0	0.0	0.0	0.0	0.0	0.0	0.0	0.0	0.0	2.0	0.0	0.0	0.0	0.0	0.0	0.309199535469	1.0	2
1.0	864.35949707	1.0	1.0	120.983695984	1.0	1.0	17.0599999428	0.0	0.0329161733389	0.174286782742	0.984144628048	3.3197482767	12.2077955604	-12.436050415	-69.1246032715	-6.52586507797	0.768569272288	2.0	3.46000003815	10.3199999332	1.0	3.46000003815	0.028557020328	1.0	2
1.0	1076.2076416	1.0	1.0	292.900695801	2.0	1.0	17.0599999428	0.0	0.0329161733389	0.174286782742	0.984144628048	3.3197482767	12.9884309315	-12.436050415	-69.1246032715	-6.52586507797	0.768569272288	2.0	3.46000003815	10.3199999332	1.0	3.46000003815	0.028557020328	1.0	2
1.0	1718.1171875	3.0	2.0	544.870300293	4.0	2.0	58.6399993896	0.0	0.998331606388	0.0337463617325	-0.0468525625765	16.5946479271	9.99460441206	-13.0952997208	-69.829498291	-10.3803501129	0.170985486168	2.0	3.46000003815	8.46000003815	1.0	3.46000003815	0.987120042036	1.0	2
1.0	927.594970703	1.0	1.0	321.770385742	1.0	1.0	19.3799991608	0.0	0.993543863297	0.113415062428	0.00275355763733	2.78454968468	1.63719140465	-9.70775508881	-69.0566482544	4.14219999313	0.406216368094	1.0	3.16000008583	2.88000011444	1.0	3.16000008583	-1.0	0.0	2
1.0	2028.96020508	2.0	2.0	2041.2520752	3.0	3.0	81.57999897	0.0	-0.106030836701	0.937818408012	-0.330536156893	19.1300931571	26.0150069779	-5.38928031921	-62.2649993896	7.15215015411	0.942262652738	1.0	2.24000000954	2.01999998093	1.0	2.24000000954	0.971434336227	1.0	2
1.0	1653.40930176	4.0	3.0	1807.58496094	2.0	2.0	59.2399988174	1.65519788902	-0.0121511425823	0.127752870321	-0.991731584072	19.817951633	7.38957369636	-4.05564498901	-63.5937995911	-13.0806007385	0.00412768362417	0.0	0.0	0.0	0.0	0.0	0.826752584677	1.0	2
1.0	2581.00439453	2.0	2.0	2041.2520752	3.0	3.0	81.57999897	0.0	-0.106030836701	0.937818408012	-0.330536156893	2.7757735145	26.0150069779	-5.38928031921	-62.2649993896	7.15215015411	0.942262652738	1.0	2.24000000954	2.01999998093	1.0	2.24000000954	0.985521267582	1.0	2
1.0	2352.91748047	2.0	2.0	921.632141113	2.0	2.0	49.1400003433	0.0	-0.106030836701	0.937818408012	-0.330536156893	2.7757735145	0.0	-5.38928031921	-62.2649993896	7.15215015411	0.942262652738	1.0	2.24000000954	2.01999998093	1.0	2.24000000954	0.969204511415	1.0	2
1.0	1363.48706055	4.0	2.0	1807.58496094	2.0	2.0	54.859998703	1.65519788902	-0.0121511425823	0.127752870321	-0.991731584072	32.0691149408	7.38957369636	-4.05564498901	-63.5937995911	-13.0806007385	0.00412768362417	0.0	0.0	0.0	0.0	0.0	0.541010176222	1.0	2
1.0	243.242996216	1.0	0.0	321.770385742	1.0	0.0	0.0	10.0	0.0	0.0	0.0	0.0	0.0	0.0	0.0	0.0	2.0	0.0	0.0	0.0	0.0	0.0	0.309199535469	1.0	2
1.0	2028.96020508	2.0	2.0	2041.2520752	3.0	3.0	81.57999897	0.0	-0.106030836701	0.937818408012	-0.330536156893	19.1300931571	26.0150069779	-5.38928031921	-62.2649993896	7.15215015411	0.942262652738	1.0	2.24000000954	2.01999998093	1.0	2.24000000954	0.972746361788	1.0	2
1.0	1438.68701172	1.0	1.0	839.979003906	1.0	1.0	8.77999973297	2.62586933455	0.12746553123	0.629134237766	-0.766774177551	3.10787850603	1.81700134959	-6.04718017578	-66.5198974609	-4.44068002701	0.573897394144	0.0	0.0	0.0	0.0	0.0	-1.0	0.0	2
1.0	968.617553711	4.0	3.0	2978.85205078	6.0	2.0	49.8399996758	0.0	0.992685735226	-0.0704803466797	-0.0980182290077	2.96661848677	23.9294550599	-5.3954000473	-57.3708000183	-15.7181501389	0.87622874974	1.0	2.11999988556	2.07999992371	1.0	2.11999988556	0.516305293729	1.0	2
1.0	3447.87915039	6.0	4.0	2768.32495117	5.0	3.0	67.7600002289	0.0	0.992685735226	-0.0704803466797	-0.0980182290077	22.1898288011	10.3893383581	-5.3954000473	-57.3708000183	-15.7181501389	0.87622874974	2.0	2.11999988556	14.0399999619	1.0	2.11999988556	0.998769020384	1.0	2
1.0	1044.1829834	2.0	1.0	1050.50598145	2.0	1.0	13.1800003052	0.0	0.992686986923	-0.0704876706004	-0.0980000719428	2.12816204507	1.47159322318	-21.7881507874	-72.8074951172	-6.94956970215	0.876914655601	1.0	5.88000011444	5.13999986649	0.0	5.88000011444	0.147452199999	1.0	2
1.0	3512.21655273	6.0	4.0	2023.26977539	6.0	4.0	91.8599996567	0.0	0.992686986923	-0.0704876706004	-0.0980000719428	21.9389042493	1.47159322318	-21.7881507874	-72.8074951172	-6.94956970215	0.876914655601	3.0	2.11999988556	19.1799998283	1.0	2.11999988556	0.996897027914	1.0	2
1.0	1046.40600586	3.0	0.0	1028.90002441	1.0	0.0	0.0	10.0	0.0	0.0	0.0	0.0	0.0	0.0	0.0	0.0	2.0	0.0	0.0	0.0	0.0	0.0	0.309199535469	1.0	2
1.0	2018.38427734	4.0	1.0	839.979003906	1.0	1.0	8.77999973297	2.62586933455	0.12746553123	0.629134237766	-0.766774177551	15.2629055837	1.81700134959	-6.04718017578	-66.5198974609	-4.44068002701	0.573897394144	0.0	0.0	0.0	0.0	0.0	0.725790732475	1.0	2
1.0	3391.80224609	9.0	1.0	1813.34008789	3.0	1.0	8.23999977112	0.0	0.0588170588017	0.984726130962	-0.163874894381	17.9879380508	1.06407035487	-2.95288515091	-45.0480003357	-5.96493005753	0.571709302425	1.0	10.9799995422	11.9600000381	0.0	10.9799995422	0.982105472801	1.0	2
1.0	511.08203125	1.0	1.0	367.424987793	1.0	1.0	11.8199996948	4.10777315315	0.367716729641	0.836118280888	0.407051086426	1.1174608777	2.11620666199	-10.5966100693	-60.2913475037	16.5064506531	0.282331179742	0.0	0.0	0.0	0.0	0.0	-1.0	0.0	3
1.0	2854.69189453	5.0	2.0	1247.64331055	2.0	1.0	25.8087997437	0.0	-0.999276459217	-0.0343800634146	-0.0162638220936	17.7298521489	8.84000794127	-6.5361700058	-56.7034988403	2.48558521271	0.116702352281	2.0	7.98000001907	15.6000003815	1.0	7.98000001907	0.975717316392	1.0	3
1.0	745.54095459	3.0	1.0	515.084960938	2.0	1.0	11.8199996948	4.10777315315	0.367716729641	0.836118280888	0.407051086426	1.1174608777	2.11620666199	-10.5966100693	-60.2913475037	16.5064506531	0.282331179742	0.0	0.0	0.0	0.0	0.0	0.00483394731883	1.0	3
1.0	3898.47680664	6.0	3.0	2216.63989258	4.0	2.0	40.1900004596	0.0	-0.0314193256199	0.976050376892	-0.215263843536	37.364935861	19.2717674633	-7.08541488647	-57.2683486938	2.59663486481	0.97739715858	4.0	1.13999998569	31.2600002289	3.0	10.0399999619	0.997017181976	1.0	3
1.0	735.781005859	1.0	1.0	519.736999512	1.0	1.0	12.9799995422	3.22468597303	0.327388554811	0.697817862034	-0.637076854706	4.47493774956	3.27570055224	-4.72937488556	-62.1600494385	-2.35257840157	0.0780940425128	0.0	0.0	0.0	0.0	0.0	-1.0	0.0	3
1.0	2944.82861328	6.0	3.0	2740.15869141	4.0	2.0	63.3599996567	0.0	-0.030527131632	0.0905664786696	0.995422422886	16.0765419689	1.44820904626	-2.91446018219	-58.8663024902	-9.34139442444	0.776772733772	1.0	2.5	2.05999994278	0.0	2.5	0.985735048817	1.0	3
1.0	1351.97497559	3.0	2.0	2121.71679688	5.0	2.0	70.3799991608	2.73190588507	-0.112633489072	-0.0896249264479	-0.989586293697	2.95468630883	0.0	-3.65684986115	-67.0965499878	-2.52999997139	0.0354299631371	0.0	0.0	0.0	0.0	0.0	0.524635951469	1.0	3
1.0	2850.60498047	5.0	3.0	2345.64111328	3.0	2.0	84.7399988174	2.73190588507	-0.112633489072	-0.0896249264479	-0.989586293697	2.95468630883	0.0	-3.65684986115	-67.0965499878	-2.52999997139	0.0354299631371	0.0	0.0	0.0	0.0	0.0	0.980409552175	1.0	3
1.0	1083.82202148	2.0	1.0	519.736999512	1.0	1.0	12.9799995422	3.22468597303	0.327388554811	0.697817862034	-0.637076854706	4.47493774956	3.27570055224	-4.72937488556	-62.1600494385	-2.35257840157	0.0780940425128	0.0	0.0	0.0	0.0	0.0	0.256906065414	1.0	3
1.0	1445.18395996	4.0	1.0	632.570007324	2.0	1.0	27.5	3.8822931138	0.907544851303	0.0354957953095	0.41845241189	7.73178297192	10.3097254123	-17.0327510834	-43.7306976318	16.0906009674	0.994208437891	0.0	0.0	0.0	0.0	0.0	0.512102868059	1.0	3
1.0	2532.06860352	7.0	3.0	1379.29394531	4.0	2.0	63.3599996567	0.0	-0.030527131632	0.0905664786696	0.995422422886	16.0765419689	1.44820904626	-2.91446018219	-58.8663024902	-9.34139442444	0.776772733772	1.0	2.5	2.05999994278	0.0	2.5	0.967086637756	1.0	3
1.0	2003.27600098	4.0	1.0	519.736999512	1.0	1.0	12.9799995422	3.22468597303	0.327388554811	0.697817862034	-0.637076854706	4.47493774956	3.27570055224	-4.72937488556	-62.1600494385	-2.35257840157	0.0780940425128	0.0	0.0	0.0	0.0	0.0	0.679599302929	1.0	3
1.0	493.937011719	1.0	1.0	604.945983887	1.0	1.0	49.9000015259	1.84453514322	0.36713513732	0.883550822735	-0.290774345398	1.62781970768	20.1316368343	0.663369178772	-52.0327529907	11.5087499619	0.584264011501	0.0	0.0	0.0	0.0	0.0	-1.0	0.0	3
1.0	3383.32983398	10.0	1.0	2453.88916016	3.0	1.0	49.9000015259	1.84453514322	0.36713513732	0.883550822735	-0.290774345398	1.62781970768	27.3178274947	0.663369178772	-52.0327529907	11.5087499619	0.584264011501	0.0	0.0	0.0	0.0	0.0	0.970992865835	1.0	3
1.0	4005.24487305	10.0	2.0	2872.484375	4.0	2.0	98.060002327	0.0	0.995689451694	-0.0703899115324	-0.0603977181017	22.3780438293	18.3765645714	-0.820326983929	-55.2224502563	-11.4778499603	0.382741714323	2.0	8.43999958038	20.7399997711	0.0	11.779999733	0.980203896587	1.0	3
1.0	4462.49169922	9.0	2.0	3063.43041992	4.0	2.0	69.8800020218	0.0	-0.995689451694	0.0703899115324	0.0603977181017	22.3584036905	16.0204756306	-0.820326983929	-55.2224502563	-11.4778499603	0.187477749237	2.0	9.52000045776	21.3999996185	0.0	11.779999733	0.99380720686	1.0	3
1.0	1069.09594727	2.0	1.0	604.945983887	1.0	1.0	49.9000015259	1.84453514322	0.36713513732	0.883550822735	-0.290774345398	1.62781970768	20.1316368343	0.663369178772	-52.0327529907	11.5087499619	0.584264011501	0.0	0.0	0.0	0.0	0.0	0.314197139355	1.0	3
1.0	1692.98706055	5.0	2.0	1316.28491211	2.0	2.0	88.4600019455	0.0	0.995689451694	-0.0703899115324	-0.0603977181017	22.3780438293	18.3765645714	-0.820326983929	-55.2224502563	-11.4778499603	0.83383653197	1.0	8.43999958038	8.31999969482	0.0	8.43999958038	0.431245770755	1.0	3
1.0	1397.22351074	2.0	2.0	1193.81628418	1.0	1.0	33.9399995804	2.72718720808	0.159660771489	0.828468799591	-0.536794126034	22.3374495305	4.93877924764	-2.94626498222	-64.6183013916	0.0413149595261	0.174164900409	0.0	0.0	0.0	0.0	0.0	-1.0	0.0	3
1.0	2395.51123047	10.0	4.0	1489.36352539	3.0	2.0	37.9399998188	0.0	0.0335489399731	0.986685872078	-0.159139826894	32.6341540156	0.0	-12.2877502441	-72.9685974121	-7.27754974365	0.117763788665	4.0	0.959999978542	23.1399998665	2.0	8.68000030518	0.980186647214	1.0	3
1.0	4007.41943359	7.0	5.0	1624.20935059	2.0	1.0	72.4999997616	0.0	0.0335489399731	0.986685872078	-0.159139826894	32.6341540156	0.0	-12.2877502441	-72.9685974121	-7.27754974365	0.117763788665	3.0	0.959999978542	10.6399998665	2.0	8.68000030518	0.991046712432	1.0	3
1.0	1580.77880859	3.0	2.0	777.716064453	4.0	1.0	16.1599998474	0.0	0.0336541868746	0.986684024334	-0.15912899375	21.1762277954	0.0	-11.9778003693	-71.4756011963	4.36140489578	0.672243152049	0.0	0.0	0.0	1.0	8.22000026703	0.576352114461	1.0	3
1.0	1713.16442871	5.0	1.0	376.694000244	1.0	1.0	6.21999979019	1.74821626492	0.0357989408076	0.429089277983	0.902552366257	36.8854154496	3.58967916774	-4.85516500473	-43.1455993652	-4.83501005173	0.981784830825	0.0	0.0	0.0	0.0	0.0	0.989260412858	1.0	3
1.0	1965.53466797	5.0	4.0	1651.78808594	5.0	4.0	79.2199993134	0.0	0.0336541868746	0.986684024334	-0.15912899375	15.7970428633	0.0	-11.9778003693	-71.4756011963	4.36140489578	0.672243152049	3.0	7.38000011444	26.9800004959	2.0	12.3000001907	0.983655865315	1.0	3
1.0	2350.73046875	6.0	5.0	1522.44604492	4.0	4.0	109.679998875	0.0	0.0336541868746	0.986684024334	-0.15912899375	31.8780596382	0.0	-11.9778003693	-71.4756011963	4.36140489578	0.672243152049	4.0	7.38000011444	36.6800003052	3.0	12.3000001907	0.99134710284	1.0	3
1.0	820.070983887	1.0	0.0	1668.40405273	3.0	0.0	0.0	10.0	0.0	0.0	0.0	0.0	0.0	0.0	0.0	0.0	2.0	0.0	0.0	0.0	0.0	0.0	0.309199535469	1.0	3
1.0	2726.58544922	6.0	3.0	1873.12023926	3.0	3.0	80.1399998665	0.0	-0.999262452126	0.0310850255191	0.0225452445447	1.77323161872	4.15976706328	-18.2241001129	-64.4257049561	16.7758483887	0.790097507256	0.0	0.0	0.0	1.0	4.96000003815	0.975441783054	1.0	3
1.0	412.797973633	1.0	0.0	281.015014648	1.0	0.0	0.0	10.0	0.0	0.0	0.0	0.0	0.0	0.0	0.0	0.0	2.0	0.0	0.0	0.0	0.0	0.0	0.309199535469	0.0	3
1.0	3836.3046875	10.0	4.0	3403.4387207	5.0	3.0	76.8400006294	0.0	0.732236087322	-0.663192629814	0.154938057065	24.0033379347	20.2625327922	-5.80269479752	-58.7966995239	-7.14183521271	0.830416045068	3.0	5.80000019073	19.9000000954	2.0	7.86000013351	0.997468687939	1.0	3
1.0	4714.46777344	10.0	6.0	4435.01708984	7.0	5.0	173.500000715	0.0	-0.00763371447101	0.965312302113	-0.260986417532	8.53128766467	42.6329600277	-9.5409450531	-51.8933486938	21.5139007568	0.682377759405	7.0	3.44000005722	38.9000005722	3.0	6.30000019073	0.99990235256	1.0	3
1.0	3359.54516602	10.0	4.0	2416.22460938	6.0	4.0	102.419998884	0.0	0.732236087322	-0.663192629814	0.154938057065	32.5014938689	20.3798881659	-5.80269479752	-58.7966995239	-7.14183521271	0.830416045068	5.0	5.80000019073	40.3000001907	3.0	7.86000013351	0.977050317435	1.0	3
1.0	1307.80200195	2.0	2.0	2454.2355957	3.0	2.0	61.2600007057	1.31462161839	-0.0287000555545	-0.203444257379	-0.9786657691	19.8436621257	18.9206231997	-19.2121009827	-74.7147979736	3.87266492844	0.731894699837	0.0	0.0	0.0	0.0	0.0	0.800796889644	1.0	3
1.0	1936.87890625	3.0	2.0	2491.68286133	3.0	3.0	73.5399999619	2.18178137835	0.618084967136	0.0470155775547	-0.784704089165	2.17204260065	29.6671265345	-3.19436502457	-65.4776000977	12.460149765	0.0918692020938	0.0	0.0	0.0	0.0	0.0	0.977347438889	1.0	3
1.0	944.937988281	2.0	2.0	2556.00878906	5.0	3.0	65.5599989891	1.87074050277	0.885238647461	0.100438781083	0.454163581133	12.9013462256	34.1392565231	-21.4223995209	-63.5598526001	15.233499527	0.603906975244	0.0	0.0	0.0	0.0	0.0	0.883361887794	1.0	3
1.0	1936.87890625	3.0	2.0	2210.66772461	2.0	2.0	46.9799995422	2.39369174498	0.148861423135	0.139482647181	-0.978971362114	17.3773744907	11.9168631473	-4.6975402832	-73.3401947021	-4.13766479492	0.264965001797	0.0	0.0	0.0	0.0	0.0	0.971367311744	1.0	3
1.0	982.150024414	1.0	0.0	281.015014648	1.0	0.0	0.0	10.0	0.0	0.0	0.0	0.0	0.0	0.0	0.0	0.0	2.0	0.0	0.0	0.0	0.0	0.0	0.309199535469	1.0	3
1.0	1758.41271973	3.0	3.0	2670.14892578	4.0	3.0	79.7200007439	0.0	-0.00763371447101	0.965312302113	-0.260986417532	8.53128766467	39.240253864	-9.5409450531	-51.8933486938	21.5139007568	0.682377759405	1.0	5.69999980927	3.98000001907	1.0	5.69999980927	0.991286312693	1.0	3
