valid	volumeS1	connectedComponentsS1	connectedComponentsS1Rel	volumeS2	connectedComponentsS2	connectedComponentsS2Rel	corticalSize	distanceMin	direction_x	direction_y	direction_z	distanceToExtremity1	distanceToExtremity2	gravityCenter_x	gravityCenter_y	gravityCenter_z	corticalDotProduct	junctions	junctionDepthMin	junctionsSize	plisDePassage	plisDePassageDepthMax	Potential	Class	cycle
1.0	2585.79199219	1.0	0.0	69.3351974487	1.0	0.0	0.0	10.0	0.0	0.0	0.0	0.0	0.0	0.0	0.0	0.0	2.0	0.0	0.0	0.0	0.0	0.0	2.08609287952e-07	0.0	1
1.0	7843.14257812	13.0	5.0	8267.54101562	6.0	5.0	135.439998507	0.0	0.0584620274603	0.987305521965	-0.14768204093	48.6977068459	32.5671288352	-61.0796966553	-32.1399993896	-31.7252006531	0.0229916891468	15.0	3.55999994278	132.994800866	0.0	31.5400009155	0.998796041688	1.0	1
1.0	8563.96679688	11.0	4.0	9662.23632812	6.0	5.0	109.519999743	0.0	-0.99788993597	0.0560521744192	0.0327698029578	12.7645889313	37.3647039972	-60.5446014404	-27.9657497406	-38.3549499512	0.994694957194	15.0	3.55999994278	137.274799645	1.0	22.5599994659	0.999826841223	1.0	1
1.0	8369.01367188	11.0	5.0	6172.72509766	6.0	5.0	140.640000224	0.0	-0.997895956039	0.0559438429773	0.0327706970274	1.98393470289	41.0559609168	-66.4305496216	-10.5763998032	-42.1692504883	0.420323910005	14.0	7.30000019073	129.554800332	0.0	30.6800003052	0.999011837613	1.0	1
1.0	831.74798584	1.0	1.0	1984.2989502	3.0	1.0	25.5599994659	3.05011643359	-0.353683084249	-0.816285669804	0.456712156534	7.1114380439	24.4271791503	-44.7919006348	-14.1055498123	-63.5171508789	0.334778893341	0.0	0.0	0.0	0.0	0.0	0.0730650629509	1.0	1
1.0	2074.52880859	2.0	2.0	179.145004272	1.0	1.0	18.0799999237	2.85925859725	0.201862096786	-0.851715743542	0.483561784029	3.04116469396	1.33642746444	-50.8769493103	-32.6174507141	-48.5569496155	0.869777683167	0.0	0.0	0.0	0.0	0.0	0.209134574398	1.0	1
1.0	2484.80078125	1.0	0.0	877.403015137	1.0	0.0	0.0	10.0	0.0	0.0	0.0	0.0	0.0	0.0	0.0	0.0	2.0	0.0	0.0	0.0	0.0	0.0	2.08609287952e-07	0.0	1
1.0	5653.16796875	12.0	6.0	4285.09814453	6.0	3.0	74.0199987888	0.0	-0.105037666857	-0.992556393147	-0.0616350062191	21.3705804137	43.0869448076	-40.6216506958	-26.0433006287	-54.932800293	0.92311542429	5.0	5.48000001907	52.1199994087	3.0	23.5599994659	0.986743518773	1.0	1
1.0	9293.80273438	17.0	6.0	4714.92871094	8.0	5.0	158.563528181	0.0	-0.995595037937	0.0935957059264	-0.0055099115707	2.30898971655	31.5761105387	-50.1930999756	-1.58161997795	-57.1985015869	0.68336495801	15.0	3.0	130.059999228	10.0	24.6200008392	0.999999989891	1.0	1
1.0	4709.63232422	11.0	4.0	2519.64477539	7.0	4.0	61.5999994278	0.0	-0.995591282845	0.0936355441809	-0.0055098910816	53.6773964205	2.78407060385	-41.8316993713	-51.4300994873	-32.7838973999	0.873065679586	3.0	4.61999988556	26.8800005913	3.0	14.5200004578	0.981374140729	1.0	1
1.0	4120.81298828	5.0	4.0	2653.15112305	3.0	3.0	83.9599993229	0.0	-0.105037666857	-0.992556393147	-0.0616350062191	4.80753161244	31.7693829735	-40.6216506958	-26.0433006287	-54.932800293	0.92311542429	4.0	5.48000001907	27.9000000954	2.0	5.76000022888	0.97905220979	1.0	1
1.0	4842.32519531	5.0	3.0	4054.82910156	4.0	3.0	69.3852005005	0.0	-0.995595037937	0.0935957059264	-0.0055099115707	2.30898971655	28.4119311892	-50.1930999756	-1.58161997795	-57.1985015869	0.68336495801	3.0	9.07999992371	58.4399995804	5.0	23.5599994659	0.997112489821	1.0	1
1.0	3386.08056641	7.0	1.0	1348.33483887	3.0	3.0	19.7399992943	0.0	0.105037666857	0.992556393147	0.0616350062191	39.3303317374	16.3636227518	-40.6216506958	-26.0433006287	-54.932800293	0.92311542429	1.0	5.48000001907	5.96000003815	0.0	5.48000001907	0.966972582506	1.0	1
1.0	4909.00634766	5.0	2.0	2083.62792969	4.0	2.0	13.7600002289	0.0	0.105033896863	0.992557048798	0.0616312026978	30.6573993613	24.0002433322	-44.8281478882	-35.206199646	-42.772102356	0.448418496788	2.0	5.71999979019	30.2199993134	2.0	23.5599994659	0.993210524259	1.0	1
1.0	4185.76513672	6.0	4.0	4660.14892578	6.0	2.0	28.7600007057	2.15295611911	-0.85973906517	0.51028585434	0.0213801115751	21.0669872681	18.1483172963	-41.7350502014	-35.9946517944	-42.7852478027	0.817478877979	2.0	21.0599994659	17.6199998856	1.0	21.0599994659	0.998029024331	1.0	1
1.0	3671.79589844	1.0	0.0	2070.96069336	1.0	0.0	0.0	10.0	0.0	0.0	0.0	0.0	0.0	0.0	0.0	0.0	2.0	0.0	0.0	0.0	0.0	0.0	2.08609287952e-07	0.0	1
1.0	9655.85351562	9.0	3.0	8777.68066406	6.0	4.0	127.400001049	0.0	0.0334205254912	0.984704077244	-0.170999914408	20.897638409	28.6146047738	-42.4960479736	-10.3344955444	-59.0783004761	0.269648922826	6.0	7.98000001907	72.8000001907	1.0	12.3199996948	0.999946046408	1.0	1
1.0	1647.89526367	9.0	1.0	1409.89501953	2.0	1.0	13.4200000763	0.0	0.0334243103862	0.984704256058	-0.17099814117	41.2174591325	3.73942650321	-41.4995498657	-51.5162963867	-37.4804000854	0.875635034346	1.0	18.7600002289	18.5200004578	1.0	18.7600002289	0.527496496158	1.0	1
1.0	3511.1015625	8.0	3.0	4464.59521484	5.0	4.0	49.7695998102	0.0	-0.0334178842604	-0.984706521034	0.170986384153	51.9994082844	11.8221566412	-42.4117507935	-43.6741485596	-44.2549972534	0.144155912085	6.0	4.76000022888	78.8400001526	1.0	4.76000022888	0.964302599376	1.0	1
1.0	2263.41992188	4.0	2.0	3041.23876953	3.0	2.0	31.2599995136	0.0	-0.999347388744	0.0346343703568	0.0102586336434	3.5676878732	22.9903137683	-58.5576019287	-8.22757530212	-46.5067520142	0.85622035019	6.0	6.34000015259	87.9800004959	1.0	6.34000015259	0.864722042509	1.0	1
1.0	2953.8125	5.0	1.0	3399.01318359	3.0	2.0	24.8200006485	2.41317011564	-0.546863973141	0.818030595779	0.178229421377	31.8317508935	38.1639474737	-67.0055007935	5.8755645752	-44.2838516235	0.0611908012166	0.0	0.0	0.0	0.0	0.0	0.980117593817	1.0	1
1.0	4415.95214844	2.0	1.0	1326.8046875	1.0	1.0	16.759999752	0.0	0.999347388744	-0.0346343703568	-0.0102586336434	13.3958837252	13.0829698233	-58.5576019287	-8.22757530212	-46.5067520142	0.85622035019	3.0	11.0799999237	37.5400004387	1.0	11.0799999237	0.245377805247	1.0	1
1.0	4496.36816406	8.0	4.0	4724.69921875	4.0	4.0	72.1496008784	0.0	0.999347388744	-0.0346343703568	-0.0102586336434	13.3958837252	36.5163366095	-58.5576019287	-8.22757530212	-46.5067520142	0.85622035019	4.0	8.31999969482	44.3000001907	0.0	13.8599996567	0.975822596847	1.0	1
1.0	4641.89404297	6.0	2.0	3688.58251953	3.0	1.0	34.1000001431	0.0	-0.999346196651	0.0346428342164	0.0103470869362	2.0947158233	29.3267758779	-58.5654983521	-9.01661014557	-44.5594024658	0.320555539159	5.0	6.34000015259	64.3400001526	1.0	6.34000015259	0.739429454591	1.0	1
1.0	5513.38134766	8.0	2.0	1635.92004395	4.0	4.0	44.2599995136	0.0	-0.0334178842604	-0.984706521034	0.170986384153	44.5474592321	11.8221566412	-42.4117507935	-43.6741485596	-44.2549972534	0.144155912085	5.0	12.8800001144	80.2800006866	0.0	21.6800003052	0.997401151974	1.0	1
1.0	3171.45385742	1.0	1.0	1916.26647949	1.0	1.0	7.09999990463	0.0	0.046189840883	0.993750751019	-0.101616896689	10.7303351271	0.0	-46.6197967529	-22.6469993591	-53.3330001831	0.757481186583	0.0	0.0	0.0	1.0	16.7800006866	-1.0	0.0	1
1.0	7655.12939453	11.0	4.0	5156.90429688	10.0	7.0	125.859999895	0.0	0.0461925379932	0.993749976158	-0.101622834802	20.6339157933	43.960097956	-57.1667022705	-3.8263502121	-52.9430007935	0.615931908184	3.0	8.92000007629	43.8399991989	0.0	20.7199993134	0.999877822465	1.0	1
1.0	3918.75048828	5.0	2.0	3662.96972656	7.0	2.0	1.09679996967	0.0	0.046189840883	0.993750751019	-0.101616896689	2.33384207987	41.596148404	-42.1421966553	-24.9417991638	-54.3119010925	0.773425893256	2.0	15.9399995804	26.3199996948	0.0	17.8199996948	0.867684368814	1.0	1
1.0	5952.04052734	11.0	5.0	6392.91992188	8.0	2.0	91.4367989302	0.0	0.046189840883	0.993750751019	-0.101616896689	19.738835243	41.6288540858	-42.1421966553	-24.9417991638	-54.3119010925	0.307915280219	7.0	9.92000007629	106.279999733	2.0	22.5	0.999741670644	1.0	1
1.0	5156.84912109	4.0	2.0	5205.51416016	4.0	2.0	61.4600002766	0.0	-0.0461907424033	-0.993750452995	0.101618885994	2.03501822617	11.7964706835	-40.9578018188	-9.49971008301	-64.5231018066	0.364431731369	1.0	15.8599996567	15.7600002289	1.0	16.7800006866	0.906619550149	1.0	1
1.0	6694.50732422	8.0	4.0	5009.85742188	6.0	4.0	101.079999447	0.0	0.0461943224072	0.993749678135	-0.101624883711	42.1328702694	1.4331783376	-58.7209014893	-36.4021492004	-27.9753990173	0.51737433364	7.0	8.92000007629	102.13999939	1.0	22.5	0.987551321848	1.0	1
1.0	5205.79394531	6.0	3.0	5248.14501953	6.0	2.0	30.4599995613	1.84281846129	-0.0627215728164	-0.857116818428	0.511289358139	2.03502753613	46.4512565263	-47.9468002319	-24.4477500916	-51.0470504761	0.682036406008	2.0	9.92000007629	18.5399999619	0.0	17.8199996948	0.994454577588	1.0	1
1.0	4403.39941406	8.0	2.0	1145.52453613	3.0	2.0	22.3799996376	0.0	0.9980276227	-0.0332708582282	0.053234051913	7.34086890409	14.7585011421	-48.8413505554	-13.1928501129	-57.3178024292	0.765848050069	1.0	9.5	8.80000019073	0.0	9.5	0.985124883447	1.0	1
1.0	4336.46289062	4.0	2.0	1717.6114502	4.0	4.0	40.7568002939	0.0	0.0461925379932	0.993749976158	-0.101622834802	2.70619366212	25.4746831054	-57.1667022705	-3.8263502121	-52.9430007935	0.994908833609	7.0	8.92000007629	103.500000954	1.0	16.7800006866	0.545335666146	1.0	1
1.0	6599.03955078	8.0	6.0	5950.1171875	4.0	3.0	121.416798949	0.0	0.0461907424033	0.993750452995	-0.101618885994	6.38847314227	32.179575022	-40.9578018188	-9.49971008301	-64.5231018066	0.364431731369	8.0	8.92000007629	97.2400007248	0.0	19.4599990845	0.998661898136	1.0	1
1.0	2941.84594727	1.0	0.0	1612.44799805	1.0	0.0	0.0	10.0	0.0	0.0	0.0	0.0	0.0	0.0	0.0	0.0	2.0	0.0	0.0	0.0	0.0	0.0	2.08609287952e-07	0.0	1
1.0	707.466247559	5.0	1.0	1961.62597656	3.0	1.0	3.16000008583	0.0	-0.00619671167806	0.998390257359	-0.0563784390688	4.26457814127	0.0	-53.2894515991	-8.58255004883	-54.5701522827	0.318619402281	1.0	18.2999992371	17.7999992371	1.0	18.2999992371	0.984902684314	1.0	1
1.0	5934.65039062	11.0	4.0	3086.26000977	7.0	4.0	45.3236000538	0.0	-0.00609862152487	0.998385608196	-0.0564713552594	35.3658886042	52.7335845885	-49.1775970459	-27.5620994568	-47.8572006226	0.755999764322	5.0	10.0600004196	57.8000011444	1.0	10.0600004196	0.996101956822	1.0	1
1.0	4484.22705078	12.0	2.0	3102.41699219	6.0	2.0	25.1999993324	0.0	0.994935870171	0.0	-0.100511498749	36.5513837838	42.4108569387	-37.1417999268	-30.4741001129	-56.4622497559	0.564094004629	1.0	12.1000003815	12.1000003815	0.0	12.1000003815	0.994386132861	1.0	1
1.0	3259.43896484	3.0	2.0	1146.96398926	3.0	2.0	11.220000267	2.47722426758	-0.884603738785	0.342939913273	0.316019773483	17.9089990826	13.2152354132	-50.2444496155	-33.895149231	-42.0989494324	0.473406472883	0.0	0.0	0.0	0.0	0.0	0.35516088466	1.0	1
1.0	5961.5	6.0	5.0	3988.0871582	6.0	5.0	97.5436002016	0.0	-0.00620040344074	0.998390257359	-0.0563778840005	3.86471147039	13.4767791153	-52.3418502808	-7.64287471771	-56.2306518555	0.738586259219	12.0	2.6400001049	143.680000305	4.0	22.2999992371	0.965958522026	1.0	1
1.0	6515.67285156	6.0	3.0	4981.35302734	7.0	6.0	83.0636005402	0.0	0.994936227798	0.0	-0.100508131087	1.80716460591	27.9009097888	-53.5392990112	-5.89565992355	-51.6761474609	0.0549612475085	14.0	2.6400001049	173.93999958	7.0	22.2999992371	0.999701362318	1.0	1
1.0	5641.53222656	7.0	5.0	5955.60644531	9.0	8.0	137.383600354	0.0	0.00610293960199	-0.9983907938	0.0563789978623	0.0	29.0419360791	-54.2495002747	-7.49278497696	-53.0243530273	0.93707271756	15.0	2.6400001049	173.560001373	7.0	24.6200008392	0.998997740631	1.0	1
1.0	2253.74291992	8.0	2.0	2433.63720703	4.0	3.0	7.3599998951	0.0	-0.00610284879804	0.998385310173	-0.0564757473767	15.6564252674	39.8699246735	-62.0480003357	-5.95275020599	-41.7468032837	0.29877670139	2.0	2.6400001049	22.1800003052	1.0	22.2999992371	0.938497231149	1.0	1
1.0	5372.52734375	7.0	2.0	4359.62255859	3.0	2.0	33.259999752	0.0	0.994934976101	0.0	-0.100520342588	20.2202920695	33.8856713234	-45.7552490234	-28.2945995331	-52.6943511963	0.860515787382	2.0	9.06000041962	20.7400007248	0.0	12.1000003815	0.986673883951	1.0	1
1.0	4256.93066406	2.0	1.0	1534.1776123	1.0	1.0	5.21999979019	3.61675271373	-0.645932376385	0.715217351913	0.266899824142	16.4075176024	10.7226883746	-58.3537979126	-9.17874526978	-50.3874511719	0.632091938393	0.0	0.0	0.0	0.0	0.0	-1.0	0.0	1
1.0	3355.83447266	10.0	3.0	5552.10498047	9.0	3.0	48.779999733	0.0	0.0429979786277	0.985947489738	-0.161427214742	21.2922255961	30.949825149	-39.2349472046	-24.323348999	-65.7151489258	0.805163754762	3.0	15.8999996185	54.57999897	3.0	22.7600002289	0.997662509727	1.0	1
1.0	1933.65649414	4.0	3.0	3200.328125	6.0	4.0	72.8399996758	0.0	0.0429158322513	0.985964357853	-0.161346018314	2.70557785979	35.3187873257	-61.1802978516	-1.7671649456	-50.363899231	0.946817160564	5.0	10.779999733	67.8599996567	4.0	25.8999996185	0.991198587683	1.0	1
1.0	3988.08154297	14.0	6.0	4194.46777344	7.0	4.0	45.2600004673	0.0	-0.0429117530584	-0.985951602459	0.161425098777	14.6530411859	25.5088279871	-49.7635993958	-6.94678020477	-66.1868438721	0.840002695345	4.0	14.8599996567	85.3199996948	3.0	26.3199996948	0.999769126839	1.0	1
1.0	4256.35644531	3.0	3.0	1534.75158691	2.0	2.0	22.4600000381	0.0	0.042916148901	0.985964119434	-0.161347195506	23.0236332929	0.0	-43.0226974487	-44.3587493896	-45.5881004333	0.374417317191	4.0	10.779999733	51.9600000381	3.0	25.8999996185	0.550069871297	1.0	1
1.0	4682.72119141	8.0	4.0	2859.04248047	4.0	4.0	29.1000003815	0.0	0.998990654945	-0.0365149863064	0.0261597614735	38.5907878063	16.8942404527	-56.9875030518	-28.3561515808	-35.4992980957	0.595922010363	5.0	15.1000003815	75.220000267	3.0	26.3199996948	0.97968621034	1.0	1
1.0	379.536315918	2.0	1.0	2515.93261719	5.0	1.0	0.0	10.0	0.0	0.0	0.0	0.0	0.0	0.0	0.0	0.0	2.0	1.0	25.8999996185	16.9799995422	1.0	25.8999996185	0.99873996929	1.0	1
1.0	5401.94287109	10.0	8.0	5077.87646484	7.0	6.0	141.900000095	0.0	0.998985111713	-0.0366060994565	0.0262443646789	14.6530411859	20.5580484994	-49.115447998	-6.37682533264	-66.2675476074	0.443572123234	15.0	9.60000038147	232.679997444	12.0	28.1200008392	0.999969569167	1.0	1
1.0	1727.18945312	6.0	1.0	416.62097168	2.0	1.0	7.34000015259	3.57022408474	-0.143678233027	-0.761123657227	0.632492959499	10.693335155	2.81361706455	-53.2162017822	-10.5602502823	-58.509349823	0.642577314255	0.0	0.0	0.0	0.0	0.0	0.956923924648	1.0	1
1.0	354.100311279	2.0	0.0	1201.48095703	4.0	0.0	0.0	10.0	0.0	0.0	0.0	0.0	0.0	0.0	0.0	0.0	2.0	0.0	0.0	0.0	0.0	0.0	2.08609287952e-07	1.0	1
1.0	2115.25756836	2.0	1.0	1053.45703125	1.0	1.0	7.96000003815	3.51941757781	0.363087356091	0.708723306656	-0.604879200459	0.0	10.2599407171	-54.4919509888	-10.8250799179	-53.0208969116	0.911164485711	0.0	0.0	0.0	0.0	0.0	-1.0	0.0	1
1.0	9988.96191406	14.0	9.0	5145.69287109	4.0	4.0	102.37160027	0.0	-0.00372828356922	-0.980682730675	0.195569619536	20.2514272304	36.2617559625	-61.2524490356	-10.2802448273	-41.0253486633	0.889729182125	12.0	7.01999998093	126.97320017	3.0	18.6800003052	0.999957068285	1.0	1
1.0	4783.83642578	9.0	2.0	5237.71826172	5.0	2.0	24.740000248	2.9080663768	-0.5166477561	0.850797176361	0.0960171967745	0.0	42.181552798	-58.925201416	-11.6167802811	-48.8687973022	0.285084604585	1.0	9.81999969482	0.123599998653	0.0	9.81999969482	0.848966939673	1.0	1
1.0	10254.8535156	11.0	6.0	7185.29003906	5.0	5.0	138.539999723	0.0	0.999825954437	0.0	0.0186565555632	39.2873376916	16.2200799886	-33.978099823	-12.2197999954	-72.7437438965	0.921001362334	7.0	8.34000015259	74.873199312	3.0	21.4799995422	0.999994109741	1.0	1
1.0	2413.20336914	5.0	2.0	2106.59790039	2.0	2.0	29.3600001335	2.9080663768	-0.5166477561	0.850797176361	0.0960171967745	26.1488358009	20.7050255747	-58.925201416	-11.6167802811	-48.8687973022	0.285084604585	0.0	0.0	0.0	0.0	0.0	0.603561039984	1.0	1
1.0	6879.9609375	9.0	8.0	2080.48876953	5.0	5.0	122.240000486	0.0	0.999826014042	0.0	0.0186530388892	44.2105998221	2.50972168597	-48.9088516235	-48.5351982117	-31.9949493408	0.0636212517864	6.0	7.73999977112	60.0200004578	1.0	21.4799995422	0.995898511974	1.0	1
1.0	6120.03710938	8.0	5.0	1669.18017578	4.0	4.0	64.1599994898	0.0	-0.999825954437	0.0	-0.0186564903706	30.4084682808	15.9776688326	-57.5012969971	-19.3358001709	-37.9831504822	0.0331954315149	1.0	18.2600002289	17.1800003052	1.0	21.4799995422	0.968370166444	1.0	1
1.0	4856.54541016	6.0	3.0	1255.46606445	3.0	3.0	52.5275987387	0.0	0.00372831872664	0.980682373047	-0.19557146728	45.8083239353	0.0	-49.4398498535	-45.1285476685	-32.6847496033	0.225671761839	2.0	7.01999998093	12.6399998665	3.0	21.4799995422	0.964913654013	1.0	1
1.0	4261.91308594	5.0	4.0	1177.16662598	4.0	4.0	49.0599994659	0.0	0.999826014042	0.0	0.0186530388892	38.2313396961	2.50972168597	-48.9088516235	-48.5351982117	-31.9949493408	0.0636212517864	5.0	7.73999977112	52.0600004196	0.0	24.8999996185	0.714581917934	1.0	1
1.0	4635.94824219	5.0	5.0	3860.20214844	7.0	5.0	97.1075998545	0.0	0.999826014042	0.0	0.0186530388892	44.2105998221	2.50972168597	-48.9088516235	-48.5351982117	-31.9949493408	0.0636212517864	5.0	7.15999984741	57.9399995804	5.0	21.4799995422	0.975822546876	1.0	1
1.0	1842.79907227	3.0	0.0	1675.31591797	1.0	0.0	0.0	10.0	0.0	0.0	0.0	0.0	0.0	0.0	0.0	0.0	2.0	0.0	0.0	0.0	0.0	0.0	2.08609287952e-07	0.0	1
1.0	5957.70410156	9.0	3.0	6557.49316406	9.0	6.0	168.28000021	0.0	-0.0265245810151	-0.970082938671	0.241320520639	13.9811065307	41.5109659715	-61.1689987183	-3.85085487366	-43.4924507141	0.0260837475212	7.0	6.28000020981	120.876000881	3.0	26.1200008392	0.998002887988	1.0	1
1.0	5187.95410156	11.0	5.0	4623.17089844	9.0	5.0	88.4800000191	0.0	-0.0265245810151	-0.970082938671	0.241320520639	13.9811065307	41.5109659715	-61.1689987183	-3.85085487366	-43.4924507141	0.0260837475212	5.0	13.1999998093	108.000000954	3.0	26.1200008392	0.993967862877	1.0	1
1.0	8619.34082031	10.0	3.0	7069.08544922	9.0	5.0	187.522480369	0.0	-0.0265245810151	-0.970082938671	0.241320520639	13.9811065307	41.8415111018	-61.1689987183	-3.85085487366	-43.4924507141	0.0260837475212	9.0	4.59999990463	116.599201478	8.0	26.1200008392	0.999996953099	1.0	1
1.0	2722.14404297	2.0	0.0	845.795043945	2.0	0.0	0.0	10.0	0.0	0.0	0.0	0.0	0.0	0.0	0.0	0.0	2.0	0.0	0.0	0.0	0.0	0.0	2.08609287952e-07	1.0	1
1.0	7112.16943359	3.0	3.0	4455.25	4.0	4.0	179.28000021	0.0	-0.0265243202448	-0.970082581043	0.241321831942	7.41555387303	24.1346311722	-45.2453994751	-13.2295999527	-56.1615524292	0.495910379693	5.0	4.71999979019	52.5632012263	5.0	15.9600000381	0.99997352438	1.0	1
1.0	4386.29541016	7.0	3.0	1503.37805176	2.0	2.0	59.5999994278	0.0	0.993507087231	0.0	0.113770179451	35.8115549055	1.11101160674	-59.9132995605	-21.6882991791	-29.491399765	0.202966994182	3.0	3.75999999046	37.8400001526	3.0	27.7600002289	0.99255656935	1.0	1
1.0	8157.85791016	3.0	3.0	3409.56152344	5.0	5.0	168.619999886	0.0	0.0265245810151	0.970082938671	-0.241320520639	2.7014038789	33.0549019127	-61.1689987183	-3.85085487366	-43.4924507141	0.609068236312	10.0	3.75999999046	133.432001591	5.0	27.7600002289	0.999635111829	1.0	1
1.0	3554.67089844	3.0	1.0	2428.73510742	3.0	3.0	41.1199994087	0.0	-0.026524297893	-0.970082640648	0.241321608424	12.0223747788	27.2155995208	-46.9563980103	-13.1315002441	-50.7637481689	0.250541286808	2.0	7.07999992371	28.2360010147	1.0	7.07999992371	0.920945002327	1.0	1
1.0	7476.99951172	3.0	3.0	4041.72290039	5.0	5.0	128.339999437	0.0	0.0265245810151	0.970082938671	-0.241320520639	2.7014038789	33.0549019127	-61.1689987183	-3.85085487366	-43.4924507141	0.609068236312	5.0	3.75999999046	78.6000003815	4.0	27.7600002289	0.999649259869	1.0	1
1.0	2274.79003906	2.0	0.0	1033.91992188	1.0	0.0	0.0	10.0	0.0	0.0	0.0	0.0	0.0	0.0	0.0	0.0	2.0	0.0	0.0	0.0	0.0	0.0	2.08609287952e-07	0.0	1
1.0	6438.34130859	17.0	6.0	3265.00683594	8.0	5.0	105.019999981	0.0	-0.982101380825	0.129166737199	0.13708691299	0.0	47.2429387737	-53.9221992493	-0.832260489464	-57.6579971313	0.498952143148	3.0	4.07999992371	19.9200000763	1.0	4.07999992371	0.999927575426	1.0	1
1.0	4207.67675781	14.0	4.0	3169.49072266	7.0	4.0	58.8400008678	0.0	0.982109725475	-0.129116907716	-0.137074306607	60.8704351929	35.6303022059	-59.3120498657	-37.4118003845	-23.1812000275	0.000819722424073	2.0	4.51999998093	10.779999733	1.0	4.51999998093	0.972818170304	1.0	1
1.0	3633.34448242	12.0	2.0	2113.17944336	4.0	2.0	16.1712004542	0.0	-0.982104659081	0.129156544805	0.137073069811	7.2406531109	14.6234306337	-54.3593521118	-3.09958004951	-50.7954025269	0.380637516744	4.0	12.3199996948	66.3199996948	1.0	22.2999992371	0.971243060541	1.0	1
1.0	902.372314453	3.0	0.0	652.719970703	1.0	0.0	0.0	10.0	0.0	0.0	0.0	0.0	0.0	0.0	0.0	0.0	2.0	0.0	0.0	0.0	0.0	0.0	2.08609287952e-07	1.0	1
1.0	6308.62890625	7.0	4.0	3233.58251953	4.0	4.0	109.135601334	0.0	0.982101380825	-0.129166737199	-0.13708691299	16.8089463152	22.0047012657	-53.9221992493	-0.832260489464	-57.6579971313	0.498952143148	7.0	3.48000001907	67.9599990845	3.0	4.51999998093	0.999965140883	1.0	1
1.0	1767.77148438	6.0	1.0	1287.81994629	2.0	1.0	10.1800003052	0.0	0.084985755384	0.953420877457	-0.289423674345	29.5176776888	10.0422671986	-60.996799469	-2.088534832	-43.7761001587	0.723245672025	0.0	0.0	0.0	1.0	22.2999992371	0.828259784382	1.0	1
1.0	5679.23486328	6.0	3.0	3459.74169922	5.0	4.0	140.400001049	0.0	-0.982101380825	0.129166737199	0.13708691299	0.0	21.7472908645	-53.9221992493	-0.832260489464	-57.6579971313	0.498952143148	4.0	3.48000001907	7.42000007629	6.0	22.2999992371	0.999964740294	1.0	1
1.0	5644.31933594	7.0	3.0	3363.18823242	3.0	3.0	67.3600006104	0.0	0.982101380825	-0.129166737199	-0.13708691299	16.8089463152	22.0047012657	-53.9221992493	-0.832260489464	-57.6579971313	0.498952143148	3.0	3.48000001907	3.88000011444	4.0	16.7199993134	0.999386674239	1.0	1
1.0	3581.8112793	7.0	4.0	4352.51416016	3.0	3.0	87.6000010967	0.0	-0.982104659081	0.129156544805	0.137073069811	20.3164630993	24.8394145064	-54.3593521118	-3.09958004951	-50.7954025269	0.380637516744	4.0	3.48000001907	32.7399988174	3.0	16.7199993134	0.994256748843	1.0	1
1.0	2150.19897461	1.0	0.0	682.15802002	1.0	0.0	0.0	10.0	0.0	0.0	0.0	0.0	0.0	0.0	0.0	0.0	2.0	0.0	0.0	0.0	0.0	0.0	2.08609287952e-07	0.0	1
1.0	5479.53662109	11.0	6.0	7083.45068359	7.0	4.0	82.6200013161	0.0	-0.998192310333	0.0286501646042	-0.0528322122991	1.02024635582	18.4190919671	-45.9195022583	4.67189502716	-62.7158508301	0.730182293168	9.0	3.09999990463	94.5448017046	3.0	30.1200008392	0.966927386314	1.0	1
1.0	9239.18847656	9.0	2.0	6856.26464844	7.0	4.0	72.1199994087	0.0	-0.99819368124	0.028618440032	-0.0528234019876	26.7022082014	42.0320534415	-51.1821517944	-12.6492996216	-52.90965271	0.98139906756	8.0	5.23999977112	104.864800684	3.0	30.1200008392	0.998592281321	1.0	1
1.0	6936.17724609	15.0	6.0	7711.46337891	6.0	4.0	120.720000386	0.0	-0.0412699878216	-0.994552731514	0.0957167297602	6.61867594185	19.2795006897	-29.4831008911	-14.049249649	-67.0223007202	0.546503729839	12.0	3.09999990463	122.304800503	6.0	30.1200008392	0.996172550035	1.0	1
1.0	3291.00585938	4.0	0.0	855.520019531	2.0	0.0	0.0	10.0	0.0	0.0	0.0	0.0	0.0	0.0	0.0	0.0	2.0	0.0	0.0	0.0	0.0	0.0	2.08609287952e-07	1.0	1
1.0	3983.36499023	4.0	3.0	4039.16625977	2.0	2.0	59.9491997957	0.0	-0.998192667961	0.0286472793669	-0.0528268888593	1.67058727254	35.5028111173	-57.3591499329	-6.58138513565	-48.2387504578	0.479932264394	6.0	4.09999990463	62.6400003433	2.0	13.720000267	0.981437492332	1.0	1
1.0	1276.07385254	3.0	1.0	513.843017578	1.0	1.0	3.13520002365	0.0	-0.998192667961	0.0286472793669	-0.0528268888593	1.67058727254	1.93523831523	-57.3591499329	-6.58138513565	-48.2387504578	0.959780853657	1.0	12.0	14.0200004578	0.0	12.0	0.0575413664226	1.0	1
1.0	4532.15673828	3.0	3.0	3705.22509766	3.0	3.0	72.8551998138	0.0	-0.998192667961	0.0286472793669	-0.0528268888593	1.67058727254	35.5028111173	-57.3591499329	-6.58138513565	-48.2387504578	0.479932264394	5.0	11.1599998474	64.0600004196	0.0	12.6999998093	0.987722323699	1.0	1
1.0	2318.51367188	2.0	2.0	3094.09375	3.0	3.0	58.269199729	0.0	-0.998192667961	0.0286472793669	-0.0528268888593	1.67058727254	10.8872569583	-57.3591499329	-6.58138513565	-48.2387504578	0.479932264394	5.0	4.09999990463	50.2600002289	2.0	13.720000267	0.612814295685	1.0	1
1.0	4306.87060547	5.0	4.0	4034.11914062	1.0	1.0	46.9340001345	0.0	-0.0411589331925	-0.994547247887	0.0958211794496	41.4122450117	36.0593549728	-46.7906494141	-32.6273498535	-43.7526473999	0.625643825485	2.0	4.09999990463	13.6199998856	2.0	13.720000267	0.972943477359	1.0	1
1.0	3118.92163086	1.0	0.0	1670.74279785	1.0	0.0	0.0	10.0	0.0	0.0	0.0	0.0	0.0	0.0	0.0	0.0	2.0	0.0	0.0	0.0	0.0	0.0	2.08609287952e-07	0.0	1
1.0	7817.18554688	15.0	6.0	3933.86938477	10.0	6.0	202.260000587	0.0	0.999505996704	0.0310341864824	0.00496886996552	18.6346755851	29.792723357	-24.5964012146	-8.84496021271	-66.5111541748	0.199041433696	10.0	7.32000017166	88.0599985123	4.0	25.7999992371	0.999995692265	1.0	1
1.0	4755.58837891	10.0	4.0	3166.06225586	6.0	5.0	81.42000103	0.0	-0.028804525733	0.963111877441	-0.267555147409	39.86361213	20.3304633963	-39.3131027222	-30.949300766	-45.9790992737	0.731999882335	11.0	10.8000001907	132.799997807	1.0	10.8000001907	0.850189547826	1.0	1
1.0	6489.60302734	15.0	5.0	5995.07910156	9.0	5.0	106.600001931	0.0	0.999505996704	0.0310341864824	0.00496886996552	2.2068223312	29.792723357	-24.5964012146	-8.84496021271	-66.5111541748	0.199041433696	10.0	3.96000003815	131.119999409	5.0	25.5200004578	0.999992796476	1.0	1
1.0	2984.50537109	12.0	6.0	3877.99755859	11.0	9.0	94.6199997663	0.0	-0.99950671196	-0.0309955105186	-0.00506545929238	33.601144246	9.56047474514	-48.5685005188	-36.8377990723	-34.2508010864	0.509198692359	9.0	4.94000005722	76.0999999046	3.0	18.4200000763	0.977815048296	1.0	1
1.0	5190.07714844	9.0	4.0	1861.86193848	4.0	4.0	88.5999994278	0.0	-0.0289089009166	0.963109016418	-0.267554342747	47.7969212527	0.987288188527	-56.182849884	-29.9458007812	-36.2662010193	0.586274231633	10.0	10.8000001907	116.819998741	2.0	11.8999996185	0.996639100045	1.0	1
1.0	5996.10253906	9.0	4.0	2665.15991211	5.0	4.0	60.0399998426	0.0	-0.0288054142147	0.963110685349	-0.267559528351	2.59805413414	36.7615159876	-54.8174972534	-9.34749507904	-43.4208984375	0.825927374291	4.0	7.40000009537	60.5599999428	3.0	25.5200004578	0.998588257121	1.0	1
1.0	5138.61865234	6.0	4.0	4889.98681641	6.0	3.0	64.0200001001	0.0	0.99950671196	0.0309955105186	0.00506545929238	46.9409939235	9.4059076109	-48.5685005188	-36.8377990723	-34.2508010864	0.509198692359	1.0	4.94000005722	4.84000015259	1.0	4.94000005722	0.984202258786	1.0	1
1.0	3459.96142578	2.0	1.0	1934.73144531	3.0	2.0	18.2399997711	2.54726523938	-0.775255203247	0.507306993008	-0.376322984695	28.1030924582	6.63075819393	-41.53175354	-40.3555526733	-36.8295974731	0.143433898311	0.0	0.0	0.0	0.0	0.0	0.495047396381	1.0	1
1.0	4023.20019531	11.0	3.0	2687.34082031	6.0	5.0	79.3199996948	0.0	0.0288054142147	-0.963110685349	0.267559528351	4.90700238649	29.3789899708	-54.8174972534	-9.34749507904	-43.4208984375	0.825927374291	5.0	10.8000001907	74.8000006676	3.0	24.5400009155	0.995427339455	1.0	1
1.0	1789.55395508	1.0	1.0	1867.58032227	1.0	1.0	20.5199997425	3.51417124891	-0.16852620244	0.931918740273	-0.321132779121	0.0	22.175339331	-57.3592987061	-13.2514753342	-51.1715011597	0.0548460064644	0.0	0.0	0.0	0.0	0.0	-1.0	0.0	1
1.0	8056.16015625	12.0	5.0	4514.57421875	7.0	6.0	164.439999819	0.0	0.997134625912	0.0	-0.0756471604109	54.067457138	2.4254543691	-48.0691986084	-49.7857017517	-27.0594997406	0.65539474455	6.0	5.63999986649	68.1199994087	4.0	20.6800003052	0.997328322311	1.0	1
1.0	3998.79223633	7.0	3.0	3698.3059082	6.0	2.0	30.0399997234	0.0	-0.0130403125659	0.976927816868	-0.213171288371	57.7637713555	38.6241707036	-62.0367507935	-11.8107500076	-37.526802063	0.6446623105	2.0	14.0	31.2000007629	2.0	17.3999996185	0.840349481509	1.0	1
1.0	5999.7421875	10.0	3.0	4955.51318359	6.0	3.0	102.180000544	0.0	-0.0130400490016	0.976929664612	-0.213162869215	28.8487551519	47.561148031	-60.6802482605	-5.66315984726	-45.3801002502	0.799215848696	4.0	13.5200004578	64.3000001907	0.0	24.8600006104	0.971538301937	1.0	1
1.0	3185.55810547	5.0	1.0	115.194999695	1.0	1.0	0.920000016689	3.17099347573	-0.212714537978	0.8466168046	-0.487844794989	3.24055280992	2.42558491384	-64.7658462524	-5.64222002029	-37.0715026855	0.908518822558	0.0	0.0	0.0	0.0	0.0	0.869775128114	1.0	1
1.0	1977.63427734	3.0	3.0	1679.5	1.0	1.0	31.1999999881	0.0	-0.0131471930072	0.976927280426	-0.213167056441	5.44442473303	20.3161376234	-61.9305992126	-12.4411497116	-35.7960014343	0.573535135941	5.0	13.5200004578	60.0799999237	1.0	14.0	0.212632170517	1.0	1
1.0	4718.92773438	4.0	2.0	3053.6328125	3.0	3.0	113.979999959	0.0	-0.0130400490016	0.976929664612	-0.213162869215	28.8487551519	46.060039452	-60.6802482605	-5.66315984726	-45.3801002502	0.256452537606	3.0	15.4799995422	37.9400005341	1.0	20.6800003052	0.978839102919	1.0	1
1.0	2120.23901367	1.0	1.0	1867.58032227	1.0	1.0	20.5199997425	3.51417124891	-0.16852620244	0.931918740273	-0.321132779121	0.0	22.175339331	-57.3592987061	-13.2514753342	-51.1715011597	0.0548460064644	0.0	0.0	0.0	0.0	0.0	0.264390338748	1.0	1
1.0	1936.86828613	2.0	0.0	456.160003662	1.0	0.0	0.0	10.0	0.0	0.0	0.0	0.0	0.0	0.0	0.0	0.0	2.0	0.0	0.0	0.0	0.0	0.0	2.08609287952e-07	0.0	1
1.0	5485.69921875	12.0	4.0	3682.13427734	7.0	3.0	128.359997272	0.0	-0.00915051717311	0.994013130665	-0.108876973391	53.8217792197	9.86607046253	-60.5806007385	-31.9914989471	-18.5591011047	0.027615744758	1.0	10.3000001907	10.279999733	0.0	10.3000001907	0.965395161946	1.0	1
1.0	3517.96435547	7.0	1.0	1110.90893555	3.0	1.0	0.0	10.0	0.0	0.0	0.0	0.0	0.0	0.0	0.0	0.0	2.0	1.0	18.9799995422	16.9799995422	0.0	18.9799995422	0.320519961344	1.0	1
1.0	8712.65917969	15.0	7.0	6682.59033203	9.0	5.0	152.019996881	0.0	-0.00915051717311	0.994013130665	-0.108876973391	62.7175445481	26.6696795866	-60.5806007385	-31.9914989471	-18.5591011047	0.849009393101	6.0	10.3000001907	97.9999990463	1.0	17.9200000763	0.99994036087	1.0	1
1.0	5309.25292969	9.0	5.0	2190.57397461	2.0	2.0	88.0599985123	0.0	-0.994893431664	0.0	0.100930772722	32.4728196698	3.32897996	-40.5663986206	-32.9583015442	-51.8520011902	0.265979210041	4.0	12.1800003052	59.5399999619	0.0	21.2600002289	0.979856392537	1.0	1
1.0	2333.34814453	8.0	1.0	348.584014893	1.0	1.0	0.0	10.0	0.0	0.0	0.0	0.0	0.0	0.0	0.0	0.0	2.0	1.0	18.9799995422	16.9799995422	0.0	18.9799995422	0.296665801972	1.0	1
1.0	5654.35302734	8.0	4.0	2052.17602539	1.0	1.0	32.8599991798	0.0	-0.73002487421	0.683419048786	-0.00144279620145	25.7194436154	1.92298616694	-53.2551498413	-22.4208984375	-43.8868026733	2.0	2.0	20.1200008392	38.8199996948	1.0	17.9200000763	0.980065655843	1.0	1
1.0	2069.3840332	3.0	1.0	312.476013184	1.0	1.0	3.44000005722	2.87386498645	-0.510165572166	0.788065433502	0.344505339861	28.3952907572	0.0	-58.3340492249	-30.3972511292	-31.5112495422	0.490481068513	0.0	0.0	0.0	0.0	0.0	0.026361090704	1.0	1
1.0	5072.98876953	8.0	4.0	2806.0859375	1.0	1.0	63.0199990273	0.0	-0.73002487421	0.683419048786	-0.00144279620145	25.7194436154	14.8182469801	-53.2551498413	-22.4208984375	-43.8868026733	2.0	2.0	18.9799995422	35.8199996948	0.0	21.2600002289	0.974397157093	1.0	1
1.0	1874.64819336	2.0	1.0	1723.72497559	1.0	1.0	11.1599998474	0.0	-0.0473555475473	0.972080111504	-0.229821026325	3.62694417927	1.06086269582	-49.1835021973	-21.2164001465	-54.5650482178	0.965872434084	1.0	3.59999990463	3.72000002861	1.0	3.59999990463	-1.0	0.0	1
1.0	5184.73193359	9.0	3.0	1806.70007324	6.0	5.0	58.4600009918	0.0	-0.0472567677498	0.972083568573	-0.229826629162	4.33220625974	37.7077992054	-61.0225524902	-5.62917995453	-43.2459487915	0.914153559526	5.0	3.59999990463	38.9187996089	2.0	3.59999990463	0.9737220967	1.0	1
1.0	1075.30444336	6.0	2.0	2249.48803711	3.0	1.0	9.02000045776	3.51149537731	-0.647430896759	-0.403484731913	0.646554946899	13.461761474	40.0290303357	-32.1465988159	-29.2546005249	-61.4077987671	0.46225590391	0.0	0.0	0.0	0.0	0.0	0.379866096372	1.0	1
1.0	8353.11621094	13.0	8.0	5002.46191406	11.0	8.0	145.992359917	0.0	-0.0472567677498	0.972083568573	-0.229826629162	4.33220625974	42.4488905683	-61.0225524902	-5.62917995453	-43.2459487915	0.914153559526	20.0	2.51999998093	235.738797396	10.0	23.6200008392	0.999996687777	1.0	1
1.0	1932.05395508	3.0	2.0	1927.33300781	2.0	2.0	28.3999996185	0.0	-0.0473555475473	0.972080111504	-0.229821026325	3.62694417927	23.898543716	-49.1835021973	-21.2164001465	-54.5650482178	0.965872434084	2.0	3.59999990463	9.4399998188	2.0	5.69999980927	0.408808255938	1.0	1
1.0	5084.66943359	4.0	3.0	2608.5168457	2.0	2.0	58.8667600563	0.0	-0.998335182667	-0.0336497686803	0.046846460551	32.9412728574	3.18239083541	-52.6979522705	-32.3432502747	-33.9658508301	0.565051581686	6.0	3.59999990463	119.439998627	2.0	23.6200008392	0.990414455747	1.0	1
1.0	2129.53930664	4.0	2.0	1187.41601562	3.0	1.0	20.8200001717	1.69159392622	-0.705673336983	-0.266081243753	0.656677961349	18.9817549953	9.9851314516	-50.1566505432	-33.4234008789	-37.8553466797	0.883471463598	0.0	0.0	0.0	0.0	0.0	0.36510521852	1.0	1
1.0	6610.01269531	4.0	3.0	2478.68383789	2.0	2.0	38.0723596027	0.0	-0.0472558401525	0.972084701061	-0.22982211411	34.5570641062	15.2340669967	-53.5404510498	-13.5066003799	-49.7558517456	0.559665493998	5.0	3.59999990463	79.1199986935	1.0	3.59999990463	0.99635976347	1.0	1
1.0	2705.97900391	3.0	3.0	1859.41101074	1.0	1.0	42.8200001717	0.0	-0.998339474201	-0.0336517095566	0.0467531681061	36.8418041944	1.06086269582	-40.9507522583	-30.9382514954	-57.4262008667	0.747377045052	3.0	9.57999992371	59.7999992371	1.0	23.6200008392	0.512103425642	1.0	1
1.0	5140.13623047	4.0	4.0	3201.43505859	2.0	2.0	75.4551595857	0.0	-0.0472519174218	0.972084999084	-0.22982172668	43.8901429026	10.3481110563	-50.1926498413	-36.0400009155	-41.2785491943	0.00375942604177	5.0	3.59999990463	78.2599976063	2.0	5.69999980927	0.999165125612	1.0	1
1.0	2914.95410156	1.0	1.0	1531.16210938	1.0	1.0	2.27999997139	3.09488449103	-0.343160063028	0.936708331108	-0.0694169104099	2.69676277555	20.6955177775	-54.7930526733	-15.3465499878	-48.8691482544	0.678714328612	0.0	0.0	0.0	0.0	0.0	-1.0	0.0	1
1.0	7713.54443359	13.0	6.0	4685.26220703	7.0	3.0	99.8200000525	0.0	0.993542909622	0.113423392177	0.00275462726131	2.77567519422	20.3541724196	-46.623298645	-12.2745494843	-57.3720474243	0.207029872326	11.0	4.73999977112	151.720001698	1.0	4.73999977112	0.998262604169	1.0	1
1.0	4954.70117188	9.0	2.0	2536.86914062	7.0	3.0	18.919999361	0.0	-0.106015138328	0.937812566757	-0.330557733774	1.98728943182	28.6460311798	-56.5401496887	-9.97130966187	-48.2182502747	0.486105965002	5.0	10.6000003815	74.1400017738	0.0	27.2199993134	0.653860290245	1.0	1
1.0	5836.2421875	9.0	5.0	4931.74707031	5.0	2.0	72.3999990225	0.0	0.106017462909	-0.937836825848	0.330488055944	18.1670037149	23.8815709893	-54.697052002	-6.17338514328	-52.0542984009	0.575483915158	10.0	7.36000013351	113.900001526	1.0	7.36000013351	0.998706992207	1.0	1
1.0	2114.08813477	3.0	0.0	2192.40307617	1.0	0.0	0.0	10.0	0.0	0.0	0.0	0.0	0.0	0.0	0.0	0.0	2.0	0.0	0.0	0.0	0.0	0.0	2.08609287952e-07	1.0	1
1.0	7791.88574219	7.0	4.0	2192.02026367	5.0	5.0	112.080001712	0.0	-0.106016807258	0.937810540199	-0.330562919378	27.6187658137	16.6999317321	-47.6037483215	-8.61380958557	-58.6864509583	0.25487857412	11.0	10.6000003815	163.200000286	0.0	27.2199993134	0.99916597174	1.0	1
1.0	4592.23583984	6.0	2.0	4023.88110352	3.0	3.0	26.0199999809	1.66586013194	-0.505502998829	0.849594473839	0.150518879294	10.7004040239	16.6999317321	-46.9625015259	-9.26056480408	-59.0828475952	0.543712189971	2.0	10.6000003815	16.0000004768	0.0	17.2000007629	0.900228828862	1.0	1
1.0	5075.40869141	10.0	5.0	3529.83569336	3.0	3.0	104.959999561	0.0	-0.106016807258	0.937810540199	-0.330562919378	27.6187658137	16.6999317321	-47.6037483215	-8.61380958557	-58.6864509583	0.25487857412	8.0	7.36000013351	85.8599996567	1.0	7.36000013351	0.995094759835	1.0	1
1.0	6556.57275391	7.0	3.0	600.315063477	3.0	3.0	68.4200004339	0.0	-0.993543982506	-0.113414302468	-0.00275099813007	43.9168975565	5.14946754306	-39.5658493042	-24.420249939	-60.6315498352	0.966838575157	5.0	8.47999954224	66.1999998093	0.0	22.1200008392	0.976557974199	1.0	1
1.0	6233.56152344	9.0	3.0	155.256393433	3.0	3.0	9.15999984741	0.0	-0.993543982506	-0.113414302468	-0.00275099813007	43.9168975565	3.56345827898	-39.5658493042	-24.420249939	-60.6315498352	0.966838575157	4.0	8.47999954224	28.2800002098	0.0	19.4200000763	0.979262928346	1.0	1
1.0	1826.93371582	1.0	0.0	1578.00610352	1.0	0.0	0.0	10.0	0.0	0.0	0.0	0.0	0.0	0.0	0.0	0.0	2.0	0.0	0.0	0.0	0.0	0.0	2.08609287952e-07	0.0	1
1.0	6041.22509766	14.0	4.0	6938.50830078	6.0	2.0	59.9724005759	0.0	0.0588442757726	0.984737217426	-0.163798511028	2.05610120613	39.8612485942	-55.5394515991	-11.9991998672	-53.426902771	0.876616529313	4.0	4.69999980927	49.0199995041	1.0	4.69999980927	0.999020370847	1.0	1
1.0	5030.72558594	11.0	2.0	6736.77587891	7.0	3.0	21.1323994696	0.0	0.0587528981268	0.984724283218	-0.163909196854	44.5700839249	35.0128431877	-58.1196975708	-31.4510498047	-32.0460510254	0.534649374071	2.0	17.9400005341	33.5	0.0	17.9400005341	0.994190925657	1.0	1
1.0	8246.67675781	11.0	5.0	3963.46630859	5.0	3.0	59.9443988055	0.0	0.0587564893067	0.984724104404	-0.163908854127	12.3116289008	38.0171739432	-62.6930007935	-14.2982501984	-37.2823486328	0.242117491402	7.0	10.8599996567	128.140001297	1.0	15.8800001144	0.989968425909	1.0	1
1.0	4790.43798828	11.0	5.0	5691.66796875	5.0	3.0	103.971999645	0.0	0.0588442757726	0.984737217426	-0.163798511028	2.05610120613	39.8612485942	-55.5394515991	-11.9991998672	-53.426902771	0.876616529313	7.0	4.69999980927	121.56000042	2.0	15.8800001144	0.97781499599	1.0	1
1.0	3939.73583984	9.0	5.0	5602.0625	3.0	3.0	109.612399504	0.0	-0.0587483085692	-0.984726667404	0.163896396756	8.29736119438	25.2521933709	-58.8226013184	-5.77219963074	-48.0650482178	0.202152198175	8.0	9.19999980927	138.699999809	2.0	15.8800001144	0.986673867287	1.0	1
1.0	2807.14282227	9.0	1.0	3452.49511719	5.0	1.0	1.55200004578	0.0	-0.992685317993	0.0704838335514	0.0980198904872	0.0	49.7086324158	-37.2161483765	-31.3194999695	-53.8543510437	0.227746388396	1.0	17.8999996185	17.0799999237	0.0	17.8999996185	0.819076062195	1.0	1
1.0	5929.20263672	10.0	5.0	5432.95117188	4.0	2.0	70.584398672	0.0	0.0588469915092	0.9847214818	-0.16389220953	2.51647344907	31.3518576483	-63.649848938	-15.0193004608	-35.5628509521	0.604144140081	8.0	10.0	146.380000114	1.0	15.8800001144	0.995479154494	1.0	1
1.0	1028.69616699	2.0	1.0	594.687011719	1.0	1.0	8.34000015259	0.0	0.0588478669524	0.984737038612	-0.163798183203	2.31042157903	3.12840005722	-41.210849762	-45.8836975098	-45.0907974243	0.947416167151	1.0	19.0799999237	20.0799999237	0.0	19.0799999237	0.553008268265	1.0	1
1.0	4080.01171875	7.0	2.0	6159.22216797	4.0	2.0	34.1319999695	0.0	-0.992685317993	0.0704838335514	0.0980198904872	8.00718458672	49.7086324158	-37.2161483765	-31.3194999695	-53.8543510437	0.753145348175	2.0	15.8800001144	31.6599998474	1.0	15.8800001144	0.994990752257	1.0	1
1.0	2585.79199219	1.0	0.0	69.3351974487	1.0	0.0	0.0	10.0	0.0	0.0	0.0	0.0	0.0	0.0	0.0	0.0	2.0	0.0	0.0	0.0	0.0	0.0	2.08609287952e-07	0.0	2
1.0	1585.06005859	2.0	2.0	379.261901855	2.0	2.0	8.06000041962	0.0	-0.99788993597	0.0560500063002	0.0327735692263	1.48141122687	2.15643996784	-41.67029953	-31.9110488892	-53.5342483521	0.72745928708	4.0	14.0200004578	38.1103994846	0.0	22.4200000763	0.0694236426055	1.0	2
1.0	1712.04284668	3.0	1.0	2542.36791992	2.0	1.0	6.32000017166	0.0	0.0584567002952	0.987323701382	-0.147562503815	3.2365601979	3.11865975786	-40.2929992676	-32.6402511597	-54.9820480347	0.762623016059	1.0	16.6800003052	17.6599998474	0.0	16.6800003052	0.156083307905	1.0	2
1.0	469.582000732	1.0	1.0	284.727996826	1.0	1.0	8.06000041962	0.0	-0.99788993597	0.0560500063002	0.0327735692263	1.48141122687	2.15643996784	-41.67029953	-31.9110488892	-53.5342483521	0.72745928708	1.0	16.3799991608	14.8999996185	0.0	16.3799991608	0.0694236426055	1.0	2
1.0	2484.80078125	1.0	0.0	877.403015137	1.0	0.0	0.0	10.0	0.0	0.0	0.0	0.0	0.0	0.0	0.0	0.0	2.0	0.0	0.0	0.0	0.0	0.0	2.08609287952e-07	0.0	2
1.0	3680.09790039	9.0	5.0	5678.87109375	5.0	5.0	128.745199442	0.0	-0.995591282845	0.0936355441809	-0.0055098910816	38.4880112506	2.78407060385	-41.8316993713	-51.4300994873	-32.7838973999	0.873065679586	8.0	5.19999980927	83.1800000668	9.0	23.5599994659	0.996193194415	1.0	2
1.0	2596.98779297	1.0	0.0	877.403015137	1.0	0.0	0.0	10.0	0.0	0.0	0.0	0.0	0.0	0.0	0.0	0.0	2.0	0.0	0.0	0.0	0.0	0.0	2.08609287952e-07	1.0	2
1.0	5730.2734375	6.0	5.0	3432.19702148	4.0	4.0	123.679999113	0.0	0.105044305325	0.992555558681	0.0616373158991	36.8924271528	2.10287537692	-39.2628479004	-52.1692504883	-32.8000030518	0.642693756412	12.0	5.48000001907	127.059999943	10.0	24.6200008392	0.999898413718	1.0	2
1.0	1244.85498047	4.0	1.0	1757.21496582	3.0	1.0	7.76000022888	0.0	-0.995600402355	0.0935389325023	-0.0055063390173	23.1683599553	15.5850572662	-40.7880020142	-42.0556488037	-43.143699646	0.301942101892	1.0	8.80000019073	8.56000041962	1.0	8.80000019073	0.953182504639	1.0	2
1.0	2395.50439453	6.0	3.0	4210.07568359	4.0	4.0	84.7600007057	0.0	-0.995600402355	0.0935389325023	-0.0055063390173	41.4216239903	15.5850572662	-40.7880020142	-42.0556488037	-43.143699646	0.301942101892	5.0	7.07999992371	50.0000009537	4.0	23.5599994659	0.977640834609	1.0	2
1.0	2072.23803711	3.0	0.0	877.403015137	1.0	0.0	0.0	10.0	0.0	0.0	0.0	0.0	0.0	0.0	0.0	0.0	2.0	0.0	0.0	0.0	0.0	0.0	2.08609287952e-07	1.0	2
1.0	4450.78417969	7.0	5.0	2486.57495117	4.0	4.0	43.8863991983	0.0	-0.105037294328	-0.99255669117	-0.0616309456527	37.2121717174	2.78413579835	-53.1239509583	-42.9892997742	-30.5734996796	0.878756937203	2.0	5.69999980927	10.9800000191	4.0	21.0599994659	0.994425349509	1.0	2
1.0	4955.03417969	4.0	2.0	3733.73291016	4.0	1.0	16.6000003815	2.64671310056	-0.0553592704237	0.882211983204	-0.467586785555	0.0	14.236681332	-42.4255981445	-18.2371997833	-58.12525177	0.0207587962424	2.0	21.0599994659	17.6199998856	1.0	21.0599994659	0.997566728339	1.0	2
1.0	5186.36572266	8.0	3.0	2290.89794922	6.0	6.0	62.1464003809	0.0	-0.995595037937	0.0935957059264	-0.0055099115707	2.30898971655	16.9853071098	-50.1930999756	-1.58161997795	-57.1985015869	0.68336495801	8.0	5.69999980927	110.400001049	7.0	24.6200008392	0.998924771893	1.0	2
1.0	3671.79589844	1.0	0.0	2070.96069336	1.0	0.0	0.0	10.0	0.0	0.0	0.0	0.0	0.0	0.0	0.0	0.0	2.0	0.0	0.0	0.0	0.0	0.0	2.08609287952e-07	0.0	2
1.0	5128.81347656	10.0	6.0	6821.32080078	6.0	5.0	93.8096002489	0.0	0.999344348907	-0.0346956290305	-0.0103471027687	49.6950033081	8.60322452465	-44.0896987915	-44.650352478	-40.4374008179	0.615242133501	12.0	7.98000001907	159.820000648	1.0	13.720000267	0.987420197038	1.0	2
1.0	4267.53564453	2.0	1.0	2503.03857422	3.0	1.0	8.3599998951	0.0	0.0334178842604	0.984706521034	-0.170986384153	2.83402402122	27.5506641737	-54.8681488037	-14.6415500641	-47.2671966553	0.846319475053	3.0	14.9799995422	47.8599996567	0.0	26.0400009155	0.370425514443	1.0	2
1.0	6670.97802734	8.0	5.0	4851.08837891	4.0	4.0	124.089599743	0.0	0.0334243103862	0.984704256058	-0.17099814117	34.2884997615	3.73942650321	-41.4995498657	-51.5162963867	-37.4804000854	0.875635034346	15.0	5.94000005722	200.980000973	3.0	18.7600002289	0.994570039081	1.0	2
1.0	4388.04052734	6.0	4.0	2312.68017578	3.0	3.0	87.3799996376	0.0	0.0334243103862	0.984704256058	-0.17099814117	33.2608188873	3.73942650321	-41.4995498657	-51.5162963867	-37.4804000854	0.875635034346	7.0	10.7399997711	106.520000935	2.0	18.7600002289	0.977050287416	1.0	2
1.0	4483.10009766	6.0	2.0	4409.48925781	5.0	5.0	47.8799996376	0.0	0.999347388744	-0.0346081182361	-0.0103471344337	4.9510351283	38.1305366028	-40.8708000183	-12.0235996246	-58.8124008179	0.2063108514	4.0	5.94000005722	47.2200007439	1.0	5.94000005722	0.981374067105	1.0	2
1.0	6889.90478516	7.0	4.0	5916.13037109	5.0	5.0	194.269601479	0.0	0.0334243103862	0.984704256058	-0.17099814117	42.3908155749	3.73942650321	-41.4995498657	-51.5162963867	-37.4804000854	0.875635034346	12.0	6.34000015259	143.160000324	4.0	18.7600002289	0.999428808226	1.0	2
1.0	6565.296875	4.0	2.0	5288.55859375	4.0	3.0	54.9896010309	0.0	-0.999344289303	0.0346973277628	0.0103505048901	12.7089877411	38.4900769457	-33.077999115	-12.1028499603	-64.3576965332	0.579214522753	2.0	8.31999969482	13.6799998283	0.0	8.31999969482	0.973516125405	1.0	2
1.0	4676.74609375	1.0	1.0	2070.96069336	1.0	1.0	15.5599999428	0.0	0.0334205254912	0.984704077244	-0.170999914408	3.49585156371	10.3434922355	-42.4960479736	-10.3344955444	-59.0783004761	0.269648922826	2.0	12.2399997711	26.6199998856	0.0	14.5	0.294258864293	1.0	2
1.0	5865.10742188	8.0	3.0	4673.31640625	6.0	6.0	152.42960085	0.0	-0.0334203280509	-0.984688639641	0.171088710427	52.2117381918	3.73997155901	-53.4049530029	-40.4093017578	-33.7771530151	0.429062276582	8.0	4.76000022888	78.779999733	3.0	13.720000267	0.991286314276	1.0	2
1.0	3171.45385742	1.0	1.0	1916.26647949	1.0	1.0	7.09999990463	0.0	0.046189840883	0.993750751019	-0.101616896689	10.7303351271	0.0	-46.6197967529	-22.6469993591	-53.3330001831	0.757481186583	0.0	0.0	0.0	1.0	16.7800006866	-1.0	0.0	2
1.0	5809.26318359	8.0	6.0	3595.88818359	5.0	4.0	91.7967990637	0.0	0.0461907424033	0.993750452995	-0.101618885994	6.38847314227	32.179575022	-40.9578018188	-9.49971008301	-64.5231018066	0.364431731369	6.0	8.92000007629	70.6000003815	0.0	15.9399995804	0.995692019074	1.0	2
1.0	4571.890625	4.0	2.0	3635.92553711	3.0	2.0	63.2399990559	0.0	0.046189840883	0.993750751019	-0.101616896689	10.7303351271	37.8882258736	-46.6197967529	-22.6469993591	-53.3330001831	0.757481186583	0.0	0.0	0.0	1.0	16.7800006866	0.817624341001	1.0	2
1.0	5754.44970703	6.0	4.0	6591.72314453	5.0	4.0	70.1567991972	0.0	0.0461907424033	0.993750452995	-0.101618885994	6.38847314227	32.179575022	-40.9578018188	-9.49971008301	-64.5231018066	0.364431731369	6.0	9.92000007629	79.1600008011	0.0	19.4599990845	0.999339692834	1.0	2
1.0	3682.72753906	6.0	2.0	938.235961914	2.0	2.0	16.9800000191	0.0	0.0461925379932	0.993749976158	-0.101622834802	2.70619366212	15.7633910509	-57.1667022705	-3.8263502121	-52.9430007935	0.994908833609	2.0	17.8199996948	33.9600000381	1.0	16.7800006866	0.291848973865	1.0	2
1.0	4704.38623047	8.0	3.0	2251.68188477	3.0	2.0	45.8199987411	0.0	0.046189840883	0.993750751019	-0.101616896689	20.6821018336	32.425239072	-46.6197967529	-22.6469993591	-53.3330001831	0.757481186583	0.0	0.0	0.0	1.0	16.7800006866	0.981276496985	1.0	2
1.0	3523.89477539	4.0	2.0	873.445007324	3.0	3.0	33.6599993706	0.0	0.998022973537	-0.0332707054913	0.0533217974007	25.9513266381	1.51266700131	-42.7062492371	-23.2836494446	-53.0709533691	0.328409894212	4.0	8.92000007629	57.3800001144	0.0	22.5400009155	0.252796796383	1.0	2
1.0	6338.58886719	6.0	3.0	6210.56738281	5.0	3.0	126.779999733	0.0	0.0461943224072	0.993749678135	-0.101624883711	50.746610482	1.4331783376	-58.7209014893	-36.4021492004	-27.9753990173	0.51737433364	2.0	15.8599996567	39.0799999237	2.0	22.5	0.997938751205	1.0	2
1.0	3018.05297852	1.0	1.0	2069.66748047	2.0	2.0	15.8767997026	0.0	0.998022973537	-0.0332707054913	0.0533217974007	5.12574441117	1.51266700131	-42.7062492371	-23.2836494446	-53.0709533691	0.328409894212	2.0	15.9399995804	30.3999996185	1.0	16.7800006866	0.115497780889	1.0	2
1.0	5077.93115234	4.0	2.0	6914.95263672	5.0	3.0	45.5199992657	0.0	-0.998022973537	0.0332707054913	-0.0533217974007	8.61447735187	48.9530210745	-42.7062492371	-23.2836494446	-53.0709533691	0.328409894212	2.0	15.9399995804	33.7400007248	0.0	19.4599990845	0.99758587482	1.0	2
1.0	2941.84594727	1.0	0.0	1612.44799805	1.0	0.0	0.0	10.0	0.0	0.0	0.0	0.0	0.0	0.0	0.0	0.0	2.0	0.0	0.0	0.0	0.0	0.0	2.08609287952e-07	0.0	2
1.0	3836.00585938	7.0	3.0	1795.34301758	3.0	2.0	32.3199999332	0.0	-0.994936227798	0.0	0.100508131087	33.3902315827	1.12127847419	-41.0275993347	-41.9002990723	-40.3062515259	0.157178417159	3.0	10.0600004196	30.0	1.0	10.0600004196	0.99515914594	1.0	2
1.0	3175.51293945	1.0	0.0	1612.44799805	1.0	0.0	0.0	10.0	0.0	0.0	0.0	0.0	0.0	0.0	0.0	0.0	2.0	0.0	0.0	0.0	0.0	0.0	2.08609287952e-07	1.0	2
1.0	3525.65893555	6.0	2.0	2616.95581055	5.0	4.0	35.9999997616	0.0	-0.994936227798	0.0	0.100508131087	30.4161976243	1.12127847419	-41.0275993347	-41.9002990723	-40.3062515259	0.157178417159	7.0	3.75999999046	105.279998779	4.0	26.1399993896	0.985895931518	1.0	2
1.0	2829.70776367	1.0	1.0	3280.13525391	4.0	1.0	6.82000017166	2.14702590345	0.654477834702	0.1875795573	-0.73244291544	2.0327755341	40.8750327931	-46.5504989624	-27.6371498108	-49.6294021606	0.118189132384	0.0	0.0	0.0	0.0	0.0	0.14185876159	1.0	2
1.0	5839.10498047	7.0	6.0	3771.08105469	8.0	7.0	131.220000744	0.0	-0.00609920406714	0.998385310173	-0.0564767532051	34.02422895	1.5011264043	-41.9887008667	-52.2547492981	-33.5734024048	0.883201595537	11.0	9.06000041962	157.579999924	9.0	26.1399993896	0.997414794257	1.0	2
1.0	5467.17626953	6.0	4.0	6129.96240234	6.0	4.0	70.2835998535	0.0	-0.00610284879804	0.998385310173	-0.0564757473767	2.32103598124	39.8699246735	-62.0480003357	-5.95275020599	-41.7468032837	0.623592496895	7.0	2.6400001049	102.520002365	4.0	26.1399993896	0.976259449116	1.0	2
1.0	4790.37988281	4.0	1.0	2932.42602539	1.0	1.0	3.40000009537	3.85889879756	-0.444059312344	0.890898406506	0.0954532772303	9.5797295009	20.9159505191	-48.6716499329	-20.7217006683	-53.5877990723	0.214703955906	0.0	0.0	0.0	0.0	0.0	0.830044888463	1.0	2
1.0	2475.73950195	7.0	3.0	6163.92675781	7.0	3.0	46.2600001097	0.0	0.00619671167806	-0.998390257359	0.0563784390688	3.77783169256	28.2884066779	-53.2894515991	-8.58255004883	-54.5701522827	0.318619402281	5.0	9.06000041962	67.3000001907	3.0	18.2999992371	0.997385124565	1.0	2
1.0	4256.93066406	2.0	1.0	1534.1776123	1.0	1.0	5.21999979019	3.61675271373	-0.645932376385	0.715217351913	0.266899824142	16.4075176024	10.7226883746	-58.3537979126	-9.17874526978	-50.3874511719	0.632091938393	0.0	0.0	0.0	0.0	0.0	-1.0	0.0	2
1.0	2883.05078125	8.0	5.0	2707.48999023	5.0	5.0	55.5999994278	0.0	0.998985111713	-0.0366060994565	0.0262443646789	14.6530411859	17.7836855143	-49.115447998	-6.37682533264	-66.2675476074	0.443572123234	8.0	9.60000038147	127.960000038	4.0	28.1200008392	0.999986363421	1.0	2
1.0	4370.84277344	7.0	4.0	4163.67480469	7.0	6.0	103.139999628	0.0	0.0429158322513	0.985964357853	-0.161346018314	2.70557785979	34.3949113677	-61.1802978516	-1.7671649456	-50.363899231	0.946817160564	12.0	9.60000038147	149.960000038	5.0	22.2800006866	0.989700766697	1.0	2
1.0	3130.76147461	6.0	4.0	1196.32592773	3.0	2.0	40.8000006676	0.0	-0.0429926924407	-0.985948979855	0.161419287324	12.7465030222	29.2196673867	-64.2048492432	-10.2377204895	-42.5285491943	0.611746143415	2.0	15.1000003815	35.2400007248	3.0	23.7600002289	0.997839783771	1.0	2
1.0	2865.02539062	4.0	3.0	1893.23144531	4.0	3.0	3.94000005722	3.79703825925	0.214857444167	0.549132227898	-0.807644784451	18.1877799808	17.0034826248	-53.5311508179	-29.4983520508	-50.8471984863	0.706393486462	2.0	16.4400005341	29.1399993896	1.0	22.2800006866	0.999836016468	1.0	2
1.0	340.93560791	2.0	0.0	1773.72949219	3.0	0.0	0.0	10.0	0.0	0.0	0.0	0.0	0.0	0.0	0.0	0.0	2.0	0.0	0.0	0.0	0.0	0.0	2.08609287952e-07	1.0	2
1.0	3021.07836914	3.0	3.0	2944.52246094	5.0	4.0	59.5800001621	0.0	0.042916148901	0.985964119434	-0.161347195506	23.0236332929	0.0	-43.0226974487	-44.3587493896	-45.5881004333	0.374417317191	8.0	10.779999733	123.799998283	6.0	25.8999996185	0.992279610784	1.0	2
1.0	4232.97216797	7.0	4.0	3446.31323242	5.0	3.0	36.0600004196	0.0	0.0429187752306	0.985950887203	-0.161427646875	50.2916575816	33.4598997496	-64.2808990479	-11.2387504578	-41.0648498535	0.198304915601	4.0	15.1000003815	71.3799982071	3.0	26.3199996948	0.968405065157	1.0	2
1.0	4822.66308594	7.0	4.0	5649.27832031	5.0	3.0	57.740000248	0.0	0.0429979786277	0.985947489738	-0.161427214742	21.2922255961	26.1526754765	-39.2349472046	-24.323348999	-65.7151489258	0.805163754762	4.0	15.8999996185	66.9799985886	4.0	23.7600002289	0.998202923427	1.0	2
1.0	1102.9239502	3.0	1.0	1294.4185791	3.0	2.0	16.8400001526	1.72457239407	-0.392013043165	0.874572813511	0.28539121151	33.4996988002	3.92954148473	-39.998550415	-27.1720504761	-64.6114959717	0.606323572406	1.0	15.8999996185	11.0399999619	1.0	15.8999996185	0.995550379531	1.0	2
1.0	2115.25756836	2.0	1.0	1053.45703125	1.0	1.0	7.96000003815	3.51941757781	0.363087356091	0.708723306656	-0.604879200459	0.0	10.2599407171	-54.4919509888	-10.8250799179	-53.0208969116	0.911164485711	0.0	0.0	0.0	0.0	0.0	-1.0	0.0	2
1.0	4482.56152344	6.0	5.0	3894.66601562	7.0	7.0	123.460000038	0.0	0.999825954437	0.0	0.0186565555632	39.2873376916	16.2200799886	-33.978099823	-12.2197999954	-72.7437438965	0.921001362334	5.0	7.01999998093	50.4799990654	5.0	21.4799995422	0.984488924273	1.0	2
1.0	2146.85229492	2.0	1.0	1053.45703125	1.0	1.0	7.96000003815	3.51941757781	0.363087356091	0.708723306656	-0.604879200459	0.0	10.2599407171	-54.4919509888	-10.8250799179	-53.0208969116	0.911164485711	0.0	0.0	0.0	0.0	0.0	0.0833025048876	1.0	2
1.0	6287.21240234	9.0	7.0	4130.00048828	8.0	8.0	146.727599382	0.0	0.999825954437	0.0	0.0186565555632	39.2873376916	16.2200799886	-33.978099823	-12.2197999954	-72.7437438965	0.921001362334	12.0	6.98000001907	133.13999939	6.0	21.4799995422	0.991875547045	1.0	2
1.0	6099.12451172	5.0	3.0	4463.77490234	4.0	4.0	113.887599587	0.0	0.999825954437	0.0	0.0186565555632	39.2873376916	16.2200799886	-33.978099823	-12.2197999954	-72.7437438965	0.921001362334	2.0	7.01999998093	12.6399998665	3.0	21.4799995422	0.995522559921	1.0	2
1.0	3003.08496094	5.0	5.0	2916.34667969	6.0	4.0	49.2200007439	0.0	0.00372821255587	0.980663537979	-0.195665821433	3.34020079958	28.9617813499	-52.2019500732	-7.30438518524	-58.9225006104	0.615587518872	4.0	6.98000001907	49.2800002098	1.0	6.98000001907	0.984623612202	1.0	2
1.0	4273.04394531	6.0	5.0	1617.48535156	5.0	5.0	67.9999995232	0.0	0.999825954437	0.0	0.0186565555632	0.992492008342	16.2200799886	-33.978099823	-12.2197999954	-72.7437438965	0.921001362334	1.0	18.4200000763	17.4599990845	2.0	21.4799995422	0.987086262239	1.0	2
1.0	4828.26904297	7.0	6.0	4294.96728516	4.0	4.0	95.2199993134	0.0	0.999825954437	0.0	0.0186565555632	39.2873376916	16.2200799886	-33.978099823	-12.2197999954	-72.7437438965	0.921001362334	5.0	7.73999977112	68.279999733	1.0	21.4799995422	0.993472959969	1.0	2
1.0	1288.07397461	5.0	4.0	1444.96704102	3.0	2.0	58.7000005245	0.0	-0.00382817396894	-0.980662107468	0.195671185851	22.9825892049	2.6387792581	-49.4361000061	-44.1552505493	-32.8788986206	0.089384565251	3.0	7.01999998093	22.9000000954	1.0	7.01999998093	0.696941231681	1.0	2
1.0	4875.99951172	6.0	6.0	2113.07104492	6.0	6.0	114.840000629	0.0	0.999826014042	0.0	0.0186530388892	44.2105998221	2.50972168597	-48.9088516235	-48.5351982117	-31.9949493408	0.0636212517864	6.0	7.73999977112	60.0200004578	0.0	24.8999996185	0.976648054691	1.0	2
1.0	1842.79907227	3.0	0.0	1675.31591797	1.0	0.0	0.0	10.0	0.0	0.0	0.0	0.0	0.0	0.0	0.0	0.0	2.0	0.0	0.0	0.0	0.0	0.0	2.08609287952e-07	0.0	2
1.0	5747.35205078	4.0	3.0	2943.37597656	2.0	2.0	60.8800001144	1.73691970136	0.44824013114	0.5467851758	-0.707182228565	0.0	32.5989675128	-53.3313522339	-13.0825004578	-48.697052002	0.521032751025	0.0	0.0	0.0	0.0	0.0	0.99183991098	1.0	2
1.0	2394.79785156	2.0	1.0	165.123001099	1.0	1.0	17.9200000763	0.0	-0.993496656418	0.0	-0.113861300051	12.6845735425	3.78415899913	-52.0756988525	-29.3194007874	-39.78125	0.32030474726	1.0	6.48000001907	5.36000013351	1.0	6.48000001907	0.300268336503	1.0	2
1.0	7657.21533203	4.0	4.0	3910.20507812	6.0	6.0	159.33999896	0.0	0.0265245810151	0.970082938671	-0.241320520639	2.7014038789	33.0549019127	-61.1689987183	-3.85085487366	-43.4924507141	0.609068236312	8.0	4.71999979019	119.48720149	6.0	27.7600002289	0.999781780507	1.0	2
1.0	4096.36181641	4.0	2.0	978.069458008	3.0	3.0	29.8400001526	0.0	0.0265284851193	0.97008228302	-0.241322696209	3.7200564925	13.2854209156	-60.9482002258	-3.21060991287	-45.5012512207	0.730648792829	3.0	6.28000020981	39.5120000839	3.0	27.7600002289	0.894420955318	1.0	2
1.0	5077.79394531	7.0	6.0	2749.75195312	4.0	4.0	121.460000277	0.0	-0.0265243202448	-0.970082581043	0.241321831942	31.6697385395	9.88526494289	-45.2453994751	-13.2295999527	-56.1615524292	0.495910379693	5.0	4.71999979019	64.3672001734	4.0	26.1200008392	0.976749263781	1.0	2
1.0	5651.48046875	5.0	4.0	4289.65283203	3.0	3.0	127.859999418	0.0	0.0265267975628	0.970077812672	-0.241340696812	51.5288169271	2.70145662927	-53.3590011597	-44.3997497559	-23.0198497772	0.00393365333554	8.0	3.75999999046	118.087200917	4.0	27.7600002289	0.998789397464	1.0	2
1.0	4682.94824219	4.0	3.0	5470.06201172	5.0	4.0	83.5999994278	0.0	0.993508279324	0.0	0.113759703934	3.82889707902	27.0137672209	-46.4182510376	-13.6361999512	-50.5749969482	0.0673953955059	5.0	3.75999999046	59.3160009384	4.0	15.4399995804	0.999151816902	1.0	2
1.0	2438.26342773	5.0	1.0	2878.43457031	3.0	1.0	18.039999485	0.0	-0.993507087231	0.0	-0.113770179451	1.11101160674	29.0108631354	-59.9132995605	-21.6882991791	-29.491399765	0.202966994182	1.0	3.75999999046	3.48000001907	1.0	3.75999999046	0.673643296224	1.0	2
1.0	6843.48388672	2.0	2.0	4675.23876953	4.0	3.0	99.4399995804	0.0	0.993508279324	0.0	0.113759703934	3.82889707902	27.0137672209	-46.4182510376	-13.6361999512	-50.5749969482	0.0673953955059	4.0	3.75999999046	52.7560009956	3.0	15.9600000381	0.999968574897	1.0	2
1.0	2274.79003906	2.0	0.0	1033.91992188	1.0	0.0	0.0	10.0	0.0	0.0	0.0	0.0	0.0	0.0	0.0	0.0	2.0	0.0	0.0	0.0	0.0	0.0	2.08609287952e-07	0.0	2
1.0	2421.71166992	4.0	2.0	1121.68652344	2.0	2.0	15.720000267	0.0	-0.982104659081	0.129156544805	0.137073069811	7.2406531109	14.6234306337	-54.3593521118	-3.09958004951	-50.7954025269	0.380637516744	1.0	12.3199996948	11.3199996948	0.0	12.3199996948	0.256906056507	1.0	2
1.0	3328.79394531	6.0	2.0	3404.25244141	4.0	4.0	55.4356010482	0.0	-0.982104659081	0.129156544805	0.137073069811	20.3164630993	24.8394145064	-54.3593521118	-3.09958004951	-50.7954025269	0.0734204734504	1.0	12.3199996948	11.3199996948	0.0	12.3199996948	0.990414430455	1.0	2
1.0	4918.75585938	6.0	3.0	3840.94189453	3.0	2.0	88.0799999237	0.0	-0.982101380825	0.129166737199	0.13708691299	0.0	17.3884589526	-53.9221992493	-0.832260489464	-57.6579971313	0.498952143148	5.0	3.48000001907	36.6199989319	4.0	16.7199993134	0.997988813066	1.0	2
1.0	5213.10253906	5.0	2.0	2861.85253906	4.0	4.0	89.93120116	0.0	0.0849882289767	0.953448712826	-0.289331227541	22.5302331919	21.0500506138	-55.8508987427	1.75666499138	-47.3281478882	0.813378595523	2.0	19.9599990845	39.1800003052	1.0	22.2999992371	0.99302975513	1.0	2
1.0	4708.59912109	5.0	3.0	3454.59375	3.0	2.0	76.4311999679	0.0	0.0849882289767	0.953448712826	-0.289331227541	1.4330934418	22.5302357571	-55.8508987427	1.75666499138	-47.3281478882	0.813378595523	3.0	4.51999998093	40.6600008011	2.0	22.2999992371	0.996677218369	1.0	2
1.0	5591.46875	5.0	2.0	3877.06542969	6.0	5.0	117.051201046	0.0	-0.982101380825	0.129166737199	0.13708691299	0.0	21.7472908645	-53.9221992493	-0.832260489464	-57.6579971313	0.498952143148	5.0	3.48000001907	43.0600004196	5.0	22.2999992371	0.999914036234	1.0	2
1.0	3094.83447266	6.0	3.0	3674.03808594	4.0	3.0	36.9200005531	0.0	0.982104659081	-0.129156544805	-0.137073069811	4.89734869446	25.0218644451	-54.3593521118	-3.09958004951	-50.7954025269	0.380637516744	3.0	3.48000001907	29.1999988556	2.0	22.2999992371	0.974881265894	1.0	2
1.0	5967.19775391	7.0	3.0	2915.23388672	5.0	4.0	81.6200010777	0.0	-0.982101380825	0.129166737199	0.13708691299	0.0	21.7472908645	-53.9221992493	-0.832260489464	-57.6579971313	0.498952143148	3.0	4.07999992371	27.3999996185	2.0	4.51999998093	0.999745502688	1.0	2
1.0	2150.19897461	1.0	0.0	682.15802002	1.0	0.0	0.0	10.0	0.0	0.0	0.0	0.0	0.0	0.0	0.0	0.0	2.0	0.0	0.0	0.0	0.0	0.0	2.08609287952e-07	0.0	2
1.0	3806.89794922	5.0	4.0	4534.09179688	3.0	3.0	92.089199543	0.0	-0.998192667961	0.0286472793669	-0.0528268888593	1.67058727254	35.5028111173	-57.3591499329	-6.58138513565	-48.2387504578	0.479932264394	8.0	4.09999990463	84.9800004959	1.0	4.09999990463	0.965454786269	1.0	2
1.0	3057.41503906	3.0	3.0	3072.65820312	4.0	4.0	56.9199998379	0.0	0.0411587618291	0.994547307491	-0.0958207845688	20.8865635265	44.7837325	-50.3060493469	-47.6248474121	-27.1158504486	0.492078201446	6.0	11.1599998474	88.0399999619	0.0	26.7999992371	0.308641034197	1.0	2
1.0	6001.32666016	4.0	3.0	2236.05517578	2.0	2.0	62.3351998329	0.0	0.0412674434483	0.994542837143	-0.0958203524351	40.0108490674	10.8594479317	-45.5158004761	-32.0924530029	-47.9243469238	0.346076828358	6.0	10.6000003815	86.3399991989	0.0	26.7999992371	0.983147146284	1.0	2
1.0	4089.05883789	4.0	3.0	2339.57006836	3.0	3.0	75.1599998474	0.0	0.0411587618291	0.994547307491	-0.0958207845688	26.5251350664	2.95614068638	-50.3060493469	-47.6248474121	-27.1158504486	0.492078201446	5.0	9.39999961853	57.2600002289	0.0	12.6999998093	0.865798604551	1.0	2
1.0	4666.65087891	5.0	4.0	3674.33911133	3.0	3.0	78.8351999521	0.0	0.99819368124	-0.028618440032	0.0528234019876	21.1031787788	26.4163332833	-51.1821517944	-12.6492996216	-52.90965271	0.98139906756	8.0	10.6000003815	102.619999886	1.0	13.720000267	0.965152633579	1.0	2
1.0	1093.3449707	4.0	1.0	3162.21020508	3.0	2.0	17.5599997044	0.0	-0.998192667961	0.0286472793669	-0.0528268888593	1.67058727254	35.5028111173	-57.3591499329	-6.58138513565	-48.2387504578	0.479932264394	2.0	12.0	25.1999998093	0.0	12.0	0.548287836773	1.0	2
1.0	4628.32470703	5.0	4.0	3712.66503906	3.0	3.0	104.355199575	0.0	0.99819368124	-0.028618440032	0.0528234019876	21.1031787788	26.4163332833	-51.1821517944	-12.6492996216	-52.90965271	0.98139906756	7.0	10.6000003815	86.6800003052	0.0	12.6999998093	0.982234911635	1.0	2
1.0	3274.35913086	2.0	1.0	682.15802002	1.0	1.0	8.53999996185	0.0	-0.99819368124	0.028618440032	-0.0528234019876	26.4163332833	4.48208602907	-51.1821517944	-12.6492996216	-52.90965271	0.98139906756	2.0	12.0	29.0999994278	0.0	23.7800006866	0.0839936359928	1.0	2
1.0	3118.92163086	1.0	0.0	1670.74279785	1.0	0.0	0.0	10.0	0.0	0.0	0.0	0.0	0.0	0.0	0.0	0.0	2.0	0.0	0.0	0.0	0.0	0.0	2.08609287952e-07	0.0	2
1.0	5982.02490234	10.0	5.0	4006.50537109	9.0	7.0	117.199999928	0.0	0.0288054142147	-0.963110685349	0.267559528351	4.90700238649	29.3789899708	-54.8174972534	-9.34749507904	-43.4208984375	0.825927374291	9.0	4.94000005722	124.260000706	5.0	25.7999992371	0.999762363118	1.0	2
1.0	2312.95556641	5.0	1.0	1766.57995605	4.0	3.0	9.60000038147	0.0	-0.0288015119731	0.963109791279	-0.26756310463	2.7901160398	18.2654072072	-54.964099884	-3.76071500778	-49.3530006409	0.194875719397	3.0	13.8000001907	35.9999995232	0.0	21.8600006104	0.46426513542	1.0	2
1.0	6248.51953125	10.0	6.0	2669.81591797	7.0	5.0	104.200000286	0.0	-0.999506771564	-0.0309935808182	-0.00506545975804	22.4864805454	1.97457573978	-33.2457008362	-17.556098938	-59.8323974609	0.572031858924	6.0	6.23999977112	80.1999998093	0.0	24.5400009155	0.999687398545	1.0	2
1.0	5622.94238281	8.0	4.0	3129.70043945	8.0	6.0	92.7199999094	0.0	0.0289089009166	-0.963109016418	0.267554342747	49.8222862451	18.3656147388	-56.182849884	-29.9458007812	-36.2662010193	0.586274231633	11.0	10.8000001907	128.259999752	2.0	11.8999996185	0.998539063033	1.0	2
1.0	6282.9453125	13.0	7.0	3332.91259766	9.0	7.0	172.299999237	0.0	-0.0288073439151	0.96310454607	-0.267581343651	33.8499642827	27.9472845742	-56.7232971191	-11.904050827	-41.2775993347	0.862847119657	9.0	4.94000005722	76.5999999046	4.0	25.7999992371	0.999901404123	1.0	2
1.0	4285.37792969	7.0	3.0	2100.08496094	5.0	4.0	78.7800002098	0.0	0.0288015119731	-0.963109791279	0.26756310463	8.5832380964	27.5607895794	-54.964099884	-3.76071500778	-49.3530006409	0.194875719397	11.0	12.7600002289	121.379999638	0.0	22.8400001526	0.874983593077	1.0	2
1.0	6231.06445312	14.0	5.0	3294.17480469	6.0	4.0	87.9600001574	0.0	0.99950671196	0.0309955105186	0.00506545929238	51.8012051521	9.4059076109	-48.5685005188	-36.8377990723	-34.2508010864	0.509198692359	12.0	4.94000005722	157.499999523	4.0	25.7999992371	0.999977928432	1.0	2
1.0	6359.76806641	8.0	3.0	3901.79199219	5.0	3.0	51.0199993849	0.0	-0.0288054142147	0.963110685349	-0.267559528351	39.4639747248	29.1098175357	-54.8174972534	-9.34749507904	-43.4208984375	0.825927374291	2.0	24.5400009155	48.9400005341	2.0	24.5400009155	0.999792806958	1.0	2
1.0	6558.45751953	11.0	4.0	2225.27539062	6.0	5.0	124.379999161	0.0	0.0289089009166	-0.963109016418	0.267554342747	35.9366164582	18.3656147388	-56.182849884	-29.9458007812	-36.2662010193	0.586274231633	3.0	21.5599994659	24.0800004005	1.0	11.8999996185	0.999954663942	1.0	2
1.0	1789.55395508	1.0	1.0	1867.58032227	1.0	1.0	20.5199997425	3.51417124891	-0.16852620244	0.931918740273	-0.321132779121	0.0	22.175339331	-57.3592987061	-13.2514753342	-51.1715011597	0.0548460064644	0.0	0.0	0.0	0.0	0.0	-1.0	0.0	2
1.0	3639.28393555	4.0	2.0	3477.05786133	3.0	2.0	94.0599991679	0.0	0.0130400490016	-0.976929664612	0.213162869215	1.30285794062	34.6126035608	-60.6802482605	-5.66315984726	-45.3801002502	0.799215848696	6.0	14.0	90.1000003815	2.0	17.3999996185	0.967595118549	1.0	2
1.0	1283.94897461	2.0	0.0	1867.58032227	1.0	0.0	0.0	10.0	0.0	0.0	0.0	0.0	0.0	0.0	0.0	0.0	2.0	0.0	0.0	0.0	0.0	0.0	2.08609287952e-07	1.0	2
1.0	4821.9921875	4.0	2.0	2950.56835938	3.0	2.0	61.099999845	0.0	0.0130400490016	-0.976929664612	0.213162869215	1.30285794062	46.2954926674	-60.6802482605	-5.66315984726	-45.3801002502	0.799215848696	4.0	7.73999977112	55.539999485	1.0	7.73999977112	0.990132029372	1.0	2
1.0	1899.10595703	1.0	1.0	2086.69506836	3.0	1.0	20.5199997425	3.51417124891	-0.16852620244	0.931918740273	-0.321132779121	0.0	22.0147133291	-57.3592987061	-13.2514753342	-51.1715011597	0.0548460064644	0.0	0.0	0.0	0.0	0.0	0.0767041333343	1.0	2
1.0	5560.93701172	4.0	1.0	2211.62329102	4.0	4.0	71.8400006294	0.0	-0.0130400490016	0.976929664612	-0.213162869215	28.8487551519	46.060039452	-60.6802482605	-5.66315984726	-45.3801002502	0.256452537606	7.0	7.73999977112	88.3800005913	2.0	14.0	0.976241190572	1.0	2
1.0	1858.04333496	2.0	1.0	3043.12524414	2.0	1.0	20.5199997425	3.51417124891	-0.16852620244	0.931918740273	-0.321132779121	0.0	27.7848375042	-57.3592987061	-13.2514753342	-51.1715011597	0.0548460064644	0.0	0.0	0.0	0.0	0.0	0.105736288975	1.0	2
1.0	3425.71948242	4.0	2.0	1336.63293457	3.0	1.0	11.0599997044	0.0	-0.0130403237417	0.976928651333	-0.213167354465	42.1685272747	22.2849667767	-60.9915504456	-14.2541503906	-35.4696998596	0.976506400196	0.0	0.0	0.0	1.0	20.6800003052	0.678919414732	1.0	2
1.0	1936.86828613	2.0	0.0	456.160003662	1.0	0.0	0.0	10.0	0.0	0.0	0.0	0.0	0.0	0.0	0.0	0.0	2.0	0.0	0.0	0.0	0.0	0.0	2.08609287952e-07	0.0	2
1.0	5364.97167969	7.0	3.0	2253.88793945	2.0	2.0	63.3399991989	0.0	-0.00915413536131	0.994012892246	-0.108878567815	34.6986663006	27.0329718853	-59.0860977173	-20.0825996399	-40.4169006348	0.509306286294	1.0	12.1800003052	12.1800003052	0.0	12.1800003052	0.985584896288	1.0	2
1.0	5370.73876953	8.0	3.0	2195.86010742	1.0	1.0	50.1999988556	1.68992602835	0.438891112804	-0.685857832432	0.58049428463	14.5807532392	5.81396084642	-51.9365997314	-18.551651001	-54.6432991028	0.663876186352	0.0	0.0	0.0	0.0	0.0	0.923700869941	1.0	2
1.0	4794.72900391	7.0	4.0	2908.37597656	2.0	2.0	79.8799986839	0.0	-0.994893431664	0.0	0.100930772722	32.4728196698	3.32897996	-40.5663986206	-32.9583015442	-51.8520011902	0.265979210041	3.0	12.8000001907	47.3599996567	0.0	21.2600002289	0.97544179439	1.0	2
1.0	2473.04418945	7.0	3.0	2361.46411133	2.0	1.0	33.8400001526	0.0	-0.00915413536131	0.994012892246	-0.108878567815	2.37496075343	27.0329718853	-59.0860977173	-20.0825996399	-40.4169006348	0.509306286294	1.0	12.1800003052	12.1800003052	0.0	12.1800003052	0.741809877465	1.0	2
1.0	6037.08496094	9.0	5.0	1841.98999023	2.0	2.0	77.4799995422	0.0	-0.994893431664	0.0	0.100930772722	32.4728196698	3.32897996	-40.5663986206	-32.9583015442	-51.8520011902	0.265979210041	4.0	12.1800003052	62.5399999619	0.0	21.2600002289	0.985584889498	1.0	2
1.0	3892.23413086	7.0	2.0	2361.46411133	2.0	2.0	32.4999990463	3.14680002951	-0.675749778748	0.737018287182	-0.0128960348666	20.3851064671	18.6979199053	-43.789150238	-25.5184001923	-57.0526504517	0.429108732986	0.0	0.0	0.0	0.0	0.0	0.746516198413	1.0	2
1.0	4863.12304688	7.0	3.0	2703.47583008	3.0	3.0	76.4399986267	0.0	-0.994893431664	0.0	0.100930772722	32.4728196698	3.32897996	-40.5663986206	-32.9583015442	-51.8520011902	0.265979210041	1.0	12.8000001907	11.5399999619	0.0	12.8000001907	0.974397139527	1.0	2
1.0	1902.51501465	5.0	1.0	2623.10595703	2.0	2.0	28.1799993515	0.0	-0.994902789593	0.0	0.100838899612	13.5260222505	24.2553448145	-54.494102478	-22.0261001587	-45.3733520508	0.883152214597	2.0	20.1200008392	38.8199996948	0.0	21.2600002289	0.58480057602	1.0	2
1.0	5127.68359375	7.0	4.0	2217.7800293	2.0	2.0	55.6399989128	0.0	-0.994902789593	0.0	0.100838899612	28.3838545286	24.2553448145	-54.494102478	-22.0261001587	-45.3733520508	0.883152214597	2.0	20.1200008392	38.8199996948	1.0	17.9200000763	0.970689894414	1.0	2
1.0	1874.64819336	2.0	1.0	1723.72497559	1.0	1.0	11.1599998474	0.0	-0.0473555475473	0.972080111504	-0.229821026325	3.62694417927	1.06086269582	-49.1835021973	-21.2164001465	-54.5650482178	0.965872434084	1.0	3.59999990463	3.72000002861	1.0	3.59999990463	-1.0	0.0	2
1.0	7259.04638672	6.0	1.0	1023.86901855	3.0	3.0	45.0943994522	0.0	0.0472530908883	-0.972107231617	0.229727506638	15.7975184746	3.25036582842	-53.4935493469	-14.4714002609	-49.5278015137	0.0867511992662	5.0	16.1200008392	109.73999691	2.0	23.6200008392	0.982306978464	1.0	2
1.0	2977.12988281	5.0	3.0	1362.64794922	3.0	3.0	18.620760124	0.0	-0.0472582913935	0.972105383873	-0.229734107852	3.62701814857	20.2556538044	-54.8809509277	-7.7537150383	-51.0745010376	0.566360352079	3.0	16.1200008392	58.139998436	1.0	23.6200008392	0.691706702618	1.0	2
1.0	4554.81933594	4.0	4.0	4221.28613281	3.0	2.0	81.094399929	0.0	-0.0472519174218	0.972084999084	-0.22982172668	43.8901429026	10.3481110563	-50.1926498413	-36.0400009155	-41.2785491943	0.00375942604177	4.0	5.69999980927	69.5199980736	1.0	5.69999980927	0.997719777436	1.0	2
1.0	1697.7421875	3.0	2.0	1927.33300781	2.0	2.0	28.3999996185	0.0	-0.0473555475473	0.972080111504	-0.229821026325	3.62694417927	23.898543716	-49.1835021973	-21.2164001465	-54.5650482178	0.965872434084	2.0	3.59999990463	9.4399998188	2.0	5.69999980927	0.272841687646	1.0	2
1.0	4330.06347656	6.0	4.0	2771.4621582	5.0	4.0	74.6467602661	0.0	0.0472519174218	-0.972084999084	0.22982172668	33.3603322024	8.22587452977	-52.1549491882	-35.2870025635	-36.5240478516	0.176685142973	8.0	3.59999990463	142.879997253	3.0	23.6200008392	0.971565102201	1.0	2
1.0	4835.37988281	4.0	3.0	2850.82983398	3.0	3.0	52.4523599556	0.0	0.0472530908883	-0.972107231617	0.229727506638	1.98489274261	32.2757995366	-53.4935493469	-14.4714002609	-49.5278015137	0.0867511992662	5.0	16.1200008392	92.7199983597	0.0	20.3600006104	0.973424067801	1.0	2
1.0	5591.82128906	4.0	2.0	2433.28515625	3.0	3.0	29.6399998665	0.0	-0.998335182667	-0.0336497686803	0.046846460551	48.2318759148	3.18239083541	-52.6979522705	-32.3432502747	-33.9658508301	0.565051581686	2.0	3.59999990463	15.279999733	1.0	3.59999990463	0.999881628109	1.0	2
1.0	5016.28125	4.0	4.0	3457.71875	3.0	2.0	79.8116000891	0.0	0.0472530908883	-0.972107231617	0.229727506638	1.98489274261	32.2757995366	-53.4935493469	-14.4714002609	-49.5278015137	0.0867511992662	5.0	3.59999990463	49.2599995136	3.0	5.69999980927	0.989737742976	1.0	2
1.0	3941.94506836	3.0	2.0	3764.47094727	2.0	1.0	49.6199996471	0.0	-0.998335182667	-0.0336497686803	0.046846460551	32.9412728574	3.18239083541	-52.6979522705	-32.3432502747	-33.9658508301	0.565051581686	2.0	3.59999990463	3.72000002861	2.0	3.59999990463	0.979961250662	1.0	2
1.0	2914.95410156	1.0	1.0	1531.16210938	1.0	1.0	2.27999997139	3.09488449103	-0.343160063028	0.936708331108	-0.0694169104099	2.69676277555	20.6955177775	-54.7930526733	-15.3465499878	-48.8691482544	0.678714328612	0.0	0.0	0.0	0.0	0.0	-1.0	0.0	2
1.0	3830.35522461	8.0	4.0	1982.58630371	4.0	4.0	69.8000006676	0.0	-0.993543207645	-0.113420881331	-0.00275462819263	51.26553184	21.3081633084	-35.214099884	-32.9004516602	-54.9046478271	0.23546264644	3.0	7.40000009537	27.960000515	1.0	7.40000009537	0.978867857639	1.0	2
1.0	3159.20361328	5.0	2.0	2681.66210938	1.0	1.0	13.6799995899	1.66586013194	-0.505502998829	0.849594473839	0.150518879294	2.44999323726	16.6999317321	-46.9625015259	-9.26056480408	-59.0828475952	0.543712189971	0.0	0.0	0.0	0.0	0.0	0.321918508958	1.0	2
1.0	5484.83496094	10.0	4.0	3412.22558594	4.0	4.0	107.640000343	0.0	-0.106016807258	0.937810540199	-0.330562919378	27.6187658137	16.6999317321	-47.6037483215	-8.61380958557	-58.6864509583	0.25487857412	11.0	10.6000003815	161.900001526	0.0	27.2199993134	0.993026452795	1.0	2
1.0	4505.00439453	5.0	3.0	2833.35205078	2.0	2.0	34.6999993324	0.0	-0.106099516153	0.937805175781	-0.3305516541	37.8835505164	39.9825995888	-48.0695991516	-34.8657989502	-35.31275177	0.712236993899	1.0	7.40000009537	6.28000020981	1.0	7.40000009537	0.906370361944	1.0	2
1.0	6573.91259766	9.0	5.0	3409.99291992	3.0	3.0	109.26000011	0.0	-0.106101512909	0.937803924084	-0.330554515123	26.1900312862	17.7095030829	-48.7658996582	-8.38442993164	-57.5185508728	0.858035612387	12.0	10.6000003815	174.600001335	0.0	27.2199993134	0.999718718757	1.0	2
1.0	2094.21679688	4.0	2.0	1047.05737305	4.0	4.0	38.1000003815	0.0	-0.106101512909	0.937803924084	-0.330554515123	2.5335166845	25.6500081484	-48.7658996582	-8.38442993164	-57.5185508728	0.858035612387	5.0	7.36000013351	54.3000006676	1.0	7.36000013351	0.400618035865	1.0	2
1.0	5891.18652344	9.0	2.0	1320.58105469	2.0	2.0	16.6399993896	0.0	-0.106015138328	0.937812566757	-0.330557733774	1.98728943182	28.6460311798	-56.5401496887	-9.97130966187	-48.2182502747	0.486105965002	4.0	15.1199998856	60.2400007248	0.0	27.2199993134	0.981484612779	1.0	2
1.0	3421.80859375	3.0	1.0	1531.16210938	1.0	1.0	2.27999997139	3.09488449103	-0.343160063028	0.936708331108	-0.0694169104099	2.69676277555	20.6955177775	-54.7930526733	-15.3465499878	-48.8691482544	0.678714328612	0.0	0.0	0.0	0.0	0.0	0.40061770361	1.0	2
1.0	5203.57763672	9.0	4.0	4506.51708984	2.0	2.0	58.219999671	0.0	0.993542909622	0.113423392177	0.00275462726131	11.9181662336	20.3541724196	-46.623298645	-12.2745494843	-57.3720474243	0.207029872326	10.0	10.6000003815	97.8400006294	0.0	22.8799991608	0.986449902836	1.0	2
1.0	1826.93371582	1.0	0.0	1578.00610352	1.0	0.0	0.0	10.0	0.0	0.0	0.0	0.0	0.0	0.0	0.0	0.0	2.0	0.0	0.0	0.0	0.0	0.0	2.08609287952e-07	0.0	2
1.0	5398.20703125	12.0	6.0	3927.43408203	5.0	5.0	80.3643988818	0.0	0.0587480850518	0.984742820263	-0.16379930079	19.1678369002	43.9634120542	-55.4615020752	-15.6161994934	-49.8593978882	0.121350372133	5.0	10.0	81.8999986649	0.0	22.6200008392	0.994512622973	1.0	2
1.0	3059.36425781	7.0	3.0	5270.59619141	5.0	5.0	78.539999485	0.0	-0.0587483085692	-0.984726667404	0.163896396756	8.29736119438	41.8681705881	-58.8226013184	-5.77219963074	-48.0650482178	0.202152198175	3.0	9.19999980927	59.4800014496	0.0	25.4400005341	0.865275326969	1.0	2
1.0	3998.80175781	5.0	2.0	5051.64453125	4.0	2.0	32.07999897	0.0	0.0587480850518	0.984742820263	-0.16379930079	2.94318481821	43.9634120542	-55.4615020752	-15.6161994934	-49.8593978882	0.121350372133	1.0	10.0	10.9799995422	0.0	10.0	0.895905108152	1.0	2
1.0	4174.56689453	10.0	4.0	5404.89013672	4.0	4.0	92.6319994926	0.0	-0.0587483085692	-0.984726667404	0.163896396756	8.29736119438	41.8681705881	-58.8226013184	-5.77219963074	-48.0650482178	0.202152198175	5.0	4.69999980927	57.7399988174	2.0	15.8800001144	0.986824352534	1.0	2
1.0	1624.63867188	2.0	1.0	1432.11914062	1.0	1.0	19.0599994659	0.0	-0.0587483085692	-0.984726667404	0.163896396756	8.29736119438	15.9700307345	-58.8226013184	-5.77219963074	-48.0650482178	0.202152198175	1.0	9.19999980927	9.39999961853	0.0	9.19999980927	0.208284131053	1.0	2
1.0	5184.47705078	8.0	4.0	5764.15722656	5.0	3.0	83.6719994545	0.0	0.0588442757726	0.984737217426	-0.163798511028	2.05610120613	39.8612485942	-55.5394515991	-11.9991998672	-53.426902771	0.876616529313	7.0	4.69999980927	117.960000038	2.0	15.8800001144	0.975717335923	1.0	2
1.0	2045.08666992	4.0	0.0	2583.96630859	2.0	0.0	0.0	10.0	0.0	0.0	0.0	0.0	0.0	0.0	0.0	0.0	2.0	0.0	0.0	0.0	0.0	0.0	2.08609287952e-07	1.0	2
1.0	6019.42578125	7.0	3.0	5342.72851562	5.0	3.0	81.0199990273	0.0	0.0588442757726	0.984737217426	-0.163798511028	2.05610120613	39.8612485942	-55.5394515991	-11.9991998672	-53.426902771	0.876616529313	4.0	4.69999980927	75.3200006485	1.0	4.69999980927	0.997942373217	1.0	2
1.0	1862.62902832	3.0	1.0	1426.20495605	1.0	1.0	17.6200008392	2.8303992469	0.126474037766	0.721334695816	-0.68094098568	4.80736276437	3.71292778645	-49.8689994812	-32.5682487488	-41.0326499939	0.682320695147	0.0	0.0	0.0	0.0	0.0	-1.0	0.0	3
1.0	5766.57958984	16.0	9.0	5321.52050781	9.0	7.0	88.7599999905	0.0	-0.999278485775	-0.0343435034156	-0.0162182208151	3.18700328816	30.6795379395	-56.6807022095	3.09619998932	-49.7349014282	0.133950917681	10.0	5.34000015259	121.619998932	3.0	29.2000007629	0.997238874268	1.0	3
1.0	1611.63098145	2.0	1.0	1677.20300293	2.0	1.0	7.30000019073	2.70040739306	-0.0206386130303	0.823891997337	-0.56637096405	8.05731146043	12.5938218187	-44.3865509033	-45.901802063	-34.4638519287	0.990351864673	0.0	0.0	0.0	0.0	0.0	0.105948391154	1.0	3
1.0	7703.04833984	14.0	8.0	8321.25390625	10.0	7.0	170.181999922	0.0	0.0314092747867	-0.976041018963	0.21530765295	3.18700328816	43.484844452	-56.0963516235	2.57033014297	-49.6054000854	0.215490002583	14.0	5.34000015259	158.380000591	3.0	29.2000007629	0.999697930202	1.0	3
1.0	4691.39794922	7.0	4.0	4879.10839844	4.0	3.0	67.6999998093	0.0	-0.0314092673361	0.976041018963	-0.215307608247	38.2594334384	37.4761931476	-53.1820526123	-19.4521484375	-40.4865989685	0.118909948852	3.0	12.3199996948	46.1800003052	1.0	15.4200000763	0.959791784974	1.0	3
1.0	4147.34716797	5.0	2.0	3007.57543945	5.0	3.0	29.8999993801	0.0	-0.0314092673361	0.976041018963	-0.215307608247	24.5574981612	37.4761931476	-53.1820526123	-19.4521484375	-40.4865989685	0.83851721052	3.0	11.3199996948	24.0599999428	1.0	11.3199996948	0.990695325898	1.0	3
1.0	3909.77929688	8.0	5.0	2884.08691406	3.0	2.0	71.1199998856	0.0	-0.999275803566	-0.0343800969422	-0.0163073427975	57.2680573422	5.72355169773	-53.3400993347	-37.5046005249	-25.2983512878	0.276571071462	4.0	5.34000015259	51.0200004578	0.0	21.2600002289	0.786990796555	1.0	3
1.0	6045.44824219	8.0	4.0	3525.05810547	5.0	5.0	97.2400009632	0.0	-0.031409598887	0.976060092449	-0.215221136808	3.68138597152	31.4942219583	-57.1998519897	2.26323509216	-50.967250824	0.201050575945	7.0	11.3199996948	78.2000002861	2.0	15.4200000763	0.997185057319	1.0	3
1.0	3203.37304688	7.0	2.0	3939.93505859	2.0	1.0	33.8600006104	2.8303992469	0.126474037766	0.721334695816	-0.68094098568	46.7456271691	45.7913971818	-49.8689994812	-32.5682487488	-41.0326499939	0.682320695147	0.0	0.0	0.0	0.0	0.0	0.241657295671	1.0	3
1.0	4534.67919922	7.0	5.0	3350.40087891	3.0	2.0	67.9620001316	0.0	-0.999275803566	-0.0343800969422	-0.0163073427975	44.6802541074	5.72355169773	-53.3400993347	-37.5046005249	-25.2983512878	0.276571071462	5.0	5.34000015259	49.7400007248	0.0	12.6400003433	0.976627743635	1.0	3
1.0	2666.88598633	3.0	1.0	766.070007324	1.0	1.0	9.85999965668	0.0	-0.99953275919	0.0	-0.0305649135262	2.95471672577	2.08037446531	-54.5515518188	-12.0721998215	-47.9329986572	0.257654415013	1.0	26.7800006866	26.4400005341	0.0	26.7800006866	-1.0	0.0	3
1.0	5688.3359375	8.0	2.0	5869.11523438	6.0	2.0	38.3200001717	0.0	0.00326345767826	0.994233012199	-0.107191734016	33.4294821297	30.3162862299	-46.776599884	-37.479850769	-40.4926986694	0.271346102642	2.0	5.17999982834	25.7200007439	2.0	32.0600013733	0.995213998458	1.0	3
1.0	3402.66699219	4.0	1.0	766.070007324	1.0	1.0	9.85999965668	0.0	-0.99953275919	0.0	-0.0305649135262	2.95471672577	2.08037446531	-54.5515518188	-12.0721998215	-47.9329986572	0.257654415013	1.0	26.7800006866	26.4400005341	0.0	26.7800006866	0.158610489817	1.0	3
1.0	4823.64257812	11.0	1.0	2861.74536133	3.0	1.0	42.0599999428	2.55283963162	-0.502113640308	0.78827136755	0.355682551861	48.8765113428	0.0	-53.1135482788	-42.9597015381	-25.2312011719	0.205077500153	0.0	0.0	0.0	0.0	0.0	0.971883652024	1.0	3
1.0	3636.61499023	4.0	1.0	1347.13000488	3.0	1.0	9.53999996185	3.09853032253	-0.77995967865	0.622578144073	0.0637131035328	15.9801498887	25.1646393861	-38.4348526001	-36.0483474731	-51.5396499634	0.480696468986	0.0	0.0	0.0	0.0	0.0	0.926613083069	1.0	3
1.0	4977.34179688	6.0	2.0	118.742996216	1.0	1.0	22.3000001907	0.0	0.00326345767826	0.994233012199	-0.107191734016	41.6855693497	0.0	-46.776599884	-37.479850769	-40.4926986694	0.271346102642	1.0	5.17999982834	4.94000005722	1.0	5.17999982834	0.988632586882	1.0	3
1.0	5529.53515625	5.0	2.0	3134.42089844	4.0	4.0	76.5000002384	0.0	0.00326731638052	0.994222223759	-0.107291817665	2.43380654981	24.6185892435	-54.0684967041	-13.3993501663	-46.2885513306	0.487283694271	4.0	5.17999982834	60.5000014305	2.0	7.05999994278	0.996752166356	1.0	3
1.0	5412.36865234	4.0	2.0	2249.60791016	3.0	3.0	70.9000008106	0.0	-0.999532878399	0.0	-0.0305612310767	16.9435729998	26.3834058902	-55.6627502441	-11.9385004044	-46.4951019287	0.682670557464	3.0	7.05999994278	52.6800003052	1.0	7.05999994278	0.973722043651	1.0	3
1.0	4658.12792969	6.0	1.0	2654.0949707	2.0	1.0	16.4599990845	0.0	0.0032670230139	0.994234144688	-0.107180938125	46.2699107589	26.2199192399	-58.9737014771	-28.2171001434	-25.5158996582	0.573262598008	1.0	3.55999994278	3.03999996185	0.0	3.55999994278	0.98524123964	1.0	3
1.0	1878.17321777	2.0	0.0	397.135009766	1.0	0.0	0.0	10.0	0.0	0.0	0.0	0.0	0.0	0.0	0.0	0.0	2.0	0.0	0.0	0.0	0.0	0.0	2.08609287952e-07	0.0	3
1.0	9924.27929688	13.0	6.0	4810.68847656	9.0	5.0	170.364000201	0.0	0.995689570904	-0.0703872293234	-0.060398068279	2.68230833227	21.8270138266	-40.5294494629	4.63467979431	-62.6169509888	0.677705858231	11.0	8.10000038147	157.999999523	4.0	21.2800006866	0.999965838416	1.0	3
1.0	5526.23632812	8.0	2.0	5365.88427734	8.0	3.0	72.0399999619	0.0	0.0535310395062	0.956510424614	-0.286744266748	1.21097181298	21.8380582327	-39.9624481201	5.11033535004	-62.8036003113	0.0216250615975	3.0	12.3199996948	40.1599993706	1.0	12.3199996948	0.899151894905	1.0	3
1.0	6671.19873047	12.0	4.0	3942.671875	4.0	2.0	59.4799990654	0.0	-0.0535315088928	-0.95650857687	0.28675031662	24.2585869887	35.6139839674	-45.4485473633	-16.8851013184	-54.5971984863	0.308947902685	2.0	8.10000038147	17.6599998474	0.0	9.5	0.989437320414	1.0	3
1.0	3359.65039062	4.0	3.0	3401.27172852	3.0	2.0	58.7199997902	2.23297107045	-0.402815401554	0.793957591057	-0.455380171537	34.1359858648	49.2888847272	-49.4195480347	-45.2318000793	-30.0832996368	0.276167093051	0.0	0.0	0.0	0.0	0.0	0.220442343443	1.0	3
1.0	6319.12646484	5.0	3.0	3325.33886719	3.0	3.0	117.199999809	0.0	0.0535310395062	0.956510424614	-0.286744266748	15.3247801169	0.0	-31.2481498718	-5.61224460602	-67.9432983398	0.649175702902	1.0	20.1200008392	19.3199996948	1.0	15.220000267	0.970740518862	1.0	3
1.0	1070.45703125	4.0	1.0	608.528015137	2.0	1.0	3.01999998093	0.0	0.0536236725748	0.956503689289	-0.286749392748	2.16232061946	1.61889660251	-42.1550979614	-46.3115997314	-34.7871017456	0.0802264213885	1.0	16.6800003052	16.9599990845	0.0	16.6800003052	0.165457050926	1.0	3
1.0	5468.63037109	6.0	2.0	1980.61999512	1.0	1.0	18.3000001907	0.0	0.995689451694	-0.0703885480762	-0.0603980608284	24.3299904228	2.40813278919	-45.929851532	-17.0577507019	-53.2412490845	0.451760125999	1.0	13.279999733	13.720000267	0.0	13.279999733	0.977640802349	1.0	3
1.0	3633.4699707	7.0	3.0	2847.70288086	2.0	2.0	53.6399998665	1.79509049413	-0.0535630807281	-0.956507742405	0.286747038364	6.41587435283	0.0	-37.2494010925	-1.88855159283	-63.4902000427	0.13878118038	0.0	0.0	0.0	0.0	0.0	0.747293289663	1.0	3
1.0	6778.43896484	9.0	5.0	2192.01293945	2.0	2.0	86.7000006437	0.0	0.995689451694	-0.0703885480762	-0.0603980608284	25.6328418775	2.40813278919	-45.929851532	-17.0577507019	-53.2412490845	0.451760125999	4.0	9.5	51.8199987411	0.0	16.6800003052	0.981211192796	1.0	3
1.0	2020.90197754	2.0	0.0	1081.42797852	1.0	0.0	0.0	10.0	0.0	0.0	0.0	0.0	0.0	0.0	0.0	0.0	2.0	0.0	0.0	0.0	0.0	0.0	2.08609287952e-07	0.0	3
1.0	6336.56152344	13.0	5.0	6474.20117188	13.0	4.0	120.100001097	0.0	-0.999262571335	0.0310831982642	0.0225434154272	3.59689632815	18.2526741843	-27.3913002014	-11.3582000732	-64.2879486084	0.246189320165	13.0	3.46000003815	164.699997902	5.0	20.3799991608	0.985072936707	1.0	3
1.0	3766.72021484	14.0	2.0	3126.3293457	9.0	2.0	2.38000011444	0.0	0.0335471220315	0.986689388752	-0.159118160605	35.7383684711	27.4095348369	-34.362449646	-17.9976997375	-61.5453491211	0.0246491190917	2.0	4.5	17.5200004578	0.0	15.4200000763	0.986367938897	1.0	3
1.0	8855.484375	15.0	6.0	7258.50683594	10.0	6.0	141.400000095	0.0	0.999262571335	-0.0310831982642	-0.0225434154272	41.0045861134	17.4887617122	-27.3913002014	-11.3582000732	-64.2879486084	0.246189320165	8.0	9.61999988556	90.6376004219	3.0	25.3199996948	0.999958624098	1.0	3
1.0	2716.09228516	4.0	2.0	1791.03295898	3.0	2.0	53.0416001081	0.0	0.0335525237024	0.986688196659	-0.159124746919	2.36515406008	28.0490808345	-54.615852356	-9.85531997681	-47.4343490601	0.588299362426	5.0	3.46000003815	62.1599988937	0.0	17.8199996948	0.627306743511	1.0	3
1.0	6046.06591797	9.0	4.0	4414.36816406	3.0	3.0	90.7199995518	0.0	0.0335511863232	0.986688911915	-0.15912039578	48.4601495974	31.4298909401	-59.3202514648	-35.0672988892	-28.4035491943	0.573581411945	5.0	10.5200004578	74.8400001526	3.0	18.6599998474	0.998453237966	1.0	3
1.0	1226.48693848	2.0	1.0	1124.99291992	2.0	1.0	15.9200000763	0.0	-0.0335470549762	-0.986689448357	0.15911783278	14.7588875717	14.7752148224	-48.1017494202	-35.7914009094	-38.9975509644	0.460336121692	2.0	3.46000003815	6.57999992371	0.0	4.5	0.679599535158	1.0	3
1.0	4791.03466797	8.0	5.0	4055.41088867	7.0	6.0	116.280000806	0.0	-0.0335510522127	-0.986689031124	0.159119769931	45.143567253	6.51258354418	-47.1854476929	-44.2724990845	-30.2335510254	0.101841214112	7.0	4.5	66.9399995804	1.0	14.2600002289	0.975441792539	1.0	3
1.0	3879.66674805	9.0	4.0	2827.25585938	3.0	3.0	68.9800004959	0.0	-0.0335510522127	-0.986689031124	0.159119769931	45.143567253	6.51258354418	-47.1854476929	-44.2724990845	-30.2335510254	0.101841214112	9.0	4.5	69.5032008886	1.0	14.2600002289	0.950200160352	1.0	3
1.0	5676.01074219	10.0	5.0	3185.62548828	6.0	6.0	86.2399991751	0.0	-0.999265670776	0.0309833660722	0.0225413404405	44.2530361419	1.04246394762	-48.6088485718	-43.946647644	-24.303150177	0.585099557194	10.0	10.5200004578	138.179999352	3.0	20.3799991608	0.988761029087	1.0	3
1.0	3042.56787109	1.0	1.0	1790.75036621	1.0	1.0	2.3599999547	2.98549163859	-0.0129585340619	0.896540164948	-0.442772865295	25.9504928561	6.34731688209	-52.4123497009	-18.7290992737	-53.0807495117	0.585417313716	0.0	0.0	0.0	0.0	0.0	-1.0	0.0	3
1.0	3377.71313477	13.0	2.0	1062.59204102	2.0	1.0	17.2600002289	0.0	0.00770276552066	-0.965316593647	0.260968416929	2.17399419358	4.11747361974	-52.6186981201	-2.5713698864	-60.1280975342	0.959934022977	1.0	11.4600000381	12.1000003815	0.0	11.4600000381	0.99380720814	1.0	3
1.0	5448.58642578	6.0	2.0	2764.52246094	3.0	2.0	7.28000003099	2.98549163859	-0.0129585340619	0.896540164948	-0.442772865295	33.148317629	15.5969390287	-52.4123497009	-18.7290992737	-53.0807495117	0.585417313716	0.0	0.0	0.0	0.0	0.0	0.64765020125	1.0	3
1.0	8787.11328125	14.0	7.0	7442.92871094	10.0	8.0	136.420000672	0.0	-0.00759994750842	0.965312540531	-0.260986506939	54.9170216359	0.0	-41.5855484009	-53.1704483032	-30.712600708	0.337244161018	13.0	9.5	127.18239899	7.0	21.8600006104	0.999999451047	1.0	3
1.0	3453.89404297	7.0	3.0	3274.46044922	4.0	3.0	35.9600000381	0.0	-0.00759994750842	0.965312540531	-0.260986506939	45.1617203305	0.0	-41.5855484009	-53.1704483032	-30.712600708	0.337244161018	13.0	9.5	126.079999924	6.0	20.9599990845	0.962405900367	1.0	3
1.0	5214.91845703	9.0	3.0	4317.84423828	4.0	2.0	55.2800002098	0.0	-0.0075991791673	0.96532022953	-0.260958135128	23.6700020979	27.277637155	-47.5267486572	-17.1786994934	-59.9223022461	0.728193995128	7.0	0.959999978542	57.099998951	2.0	11.3999996185	0.995239113266	1.0	3
1.0	3509.55957031	8.0	2.0	2517.69799805	2.0	1.0	10.3600000143	0.0	-0.999440729618	0.0	0.0334396250546	4.06697569504	26.8117028581	-50.9953994751	-15.0852003098	-56.7964019775	0.850005125468	4.0	11.4600000381	36.5800004005	2.0	11.4600000381	0.85439735944	1.0	3
1.0	2051.39404297	4.0	4.0	1081.19299316	3.0	3.0	31.3800004721	0.0	0.999440610409	0.0	-0.0334428846836	24.3195665982	10.5781827419	-37.2585525513	-48.5514984131	-39.2599029541	0.902304210708	3.0	9.60000038147	33.0	3.0	14.5799999237	0.967398151404	1.0	3
1.0	3869.56713867	10.0	3.0	5650.76074219	5.0	5.0	60.6400000453	0.0	0.00760315125808	-0.965320169926	0.260958105326	24.9960719179	29.1555130826	-47.4277496338	-16.4756011963	-56.5394973755	0.267707457168	10.0	7.09999990463	98.8600006104	5.0	23.2600002289	0.999823276674	1.0	3
1.0	3809.97045898	10.0	5.0	6399.15869141	8.0	6.0	72.2400006652	0.0	-0.0075991791673	0.96532022953	-0.260958135128	23.6700020979	27.277637155	-47.5267486572	-17.1786994934	-59.9223022461	0.728193995128	11.0	0.959999978542	108.639997959	5.0	23.2600002289	0.999888592481	1.0	3
