valid	volumeS1	connectedComponentsS1	connectedComponentsS1Rel	volumeS2	connectedComponentsS2	connectedComponentsS2Rel	corticalSize	distanceMin	direction_x	direction_y	direction_z	distanceToExtremity1	distanceToExtremity2	gravityCenter_x	gravityCenter_y	gravityCenter_z	corticalDotProduct	junctions	junctionDepthMin	junctionsSize	plisDePassage	plisDePassageDepthMax	Potential	Class	cycle
1.0	200.293609619	2.0	0.0	408.394897461	4.0	0.0	0.0	10.0	0.0	0.0	0.0	0.0	0.0	0.0	0.0	0.0	2.0	0.0	0.0	0.0	0.0	0.0	8.3796587858e-10	0.0	1
1.0	3111.88574219	12.0	3.0	2772.29443359	5.0	4.0	99.6599998474	0.0	-0.997889816761	0.0560520589352	0.0327726565301	0.0	15.9770309312	-27.8312988281	-66.2856521606	-14.5823497772	0.158168115548	1.0	0.920000016689	0.0	0.0	0.920000016689	0.998091361372	1.0	1
1.0	3593.27050781	13.0	5.0	3584.96044922	7.0	4.0	103.89999938	0.0	0.997895479202	-0.0559511147439	-0.0327738150954	12.1159290999	30.1844045456	-22.2439002991	-54.2061004639	-46.5575485229	0.00184677052008	9.0	4.51999998093	64.3304007053	2.0	14.279999733	0.997347782664	1.0	1
1.0	3725.08691406	14.0	6.0	3108.73486328	4.0	3.0	180.379999638	0.0	-0.997889816761	0.0560520589352	0.0327726565301	0.0	15.9770309312	-27.8312988281	-66.2856521606	-14.5823497772	0.158168115548	6.0	0.920000016689	33.6103999615	0.0	22.4200000763	0.998742027196	1.0	1
1.0	735.59967041	3.0	0.0	408.394897461	4.0	0.0	0.0	10.0	0.0	0.0	0.0	0.0	0.0	0.0	0.0	0.0	2.0	0.0	0.0	0.0	0.0	0.0	8.3796587858e-10	1.0	1
1.0	1507.3536377	6.0	2.0	539.986694336	3.0	2.0	9.90000009537	2.97588478844	-0.12468650192	-0.621590614319	0.773355305195	30.6136863764	6.60896999877	-34.8899002075	-55.8841514587	-39.7976493835	0.483915093288	0.0	0.0	0.0	0.0	0.0	0.974088191865	1.0	1
1.0	473.036407471	5.0	3.0	2290.38476562	6.0	3.0	51.9200007915	2.71302965328	0.231493383646	-0.823017537594	0.51870316267	20.2956765546	20.6916792358	-24.0320510864	-36.1604995728	-61.1258506775	0.451852498014	0.0	0.0	0.0	0.0	0.0	0.391485952432	1.0	1
1.0	256.887390137	2.0	1.0	283.048309326	3.0	2.0	16.5599999428	1.41788223885	0.481960505247	0.326361715794	-0.813143372536	3.12249625728	12.1509175853	-10.4337444305	-61.6185531616	-31.7169494629	0.909613999502	0.0	0.0	0.0	0.0	0.0	0.971124633462	1.0	1
1.0	1826.82568359	8.0	5.0	1751.41101074	7.0	7.0	173.559999704	0.0	0.997895479202	-0.0559511147439	-0.0327738150954	19.9182417882	30.1844045456	-22.2439002991	-54.2061004639	-46.5575485229	0.00184677052008	1.0	7.65999984741	6.44000005722	0.0	7.65999984741	0.925861410445	1.0	1
1.0	1513.66430664	11.0	5.0	1502.92602539	4.0	4.0	125.039999247	0.0	-0.997889816761	0.0560520589352	0.0327726565301	0.0	15.9770309312	-27.8312988281	-66.2856521606	-14.5823497772	0.158168115548	1.0	0.920000016689	0.0	0.0	0.920000016689	0.98370093913	1.0	1
1.0	339.080993652	2.0	0.0	461.102966309	3.0	0.0	0.0	10.0	0.0	0.0	0.0	0.0	0.0	0.0	0.0	0.0	2.0	0.0	0.0	0.0	0.0	0.0	8.3796587858e-10	0.0	1
1.0	3689.2980957	10.0	4.0	2418.42700195	6.0	4.0	101.959998131	0.0	0.104945518076	0.992565989494	0.0616379603744	25.1547494567	14.9167909575	-32.4278030396	-57.7027511597	-34.8835983276	0.723486548936	3.0	7.40000009537	21.4600000381	1.0	11.5200004578	0.992653726717	1.0	1
1.0	4228.74414062	7.0	5.0	4324.53173828	9.0	6.0	142.640000343	0.0	-0.995591282845	0.0936355441809	-0.00550807965919	2.10287472604	30.5262812129	-28.5809001923	-65.4773025513	-15.2525997162	0.935181170878	10.0	3.44000005722	108.340000391	3.0	12.5200004578	0.999635112436	1.0	1
1.0	4535.88574219	12.0	9.0	4075.26147461	4.0	3.0	160.779999971	0.0	-0.995591282845	0.0936355441809	-0.00550807965919	2.10287472604	22.2587489647	-28.5809001923	-65.4773025513	-15.2525997162	0.935181170878	12.0	1.05999994278	121.360000849	5.0	12.5200004578	0.999525052603	1.0	1
1.0	967.261962891	3.0	1.0	1034.90002441	6.0	1.0	23.4799995422	3.09407981887	0.0926328226924	0.849927425385	-0.51869314909	14.1523357183	11.7288408523	-18.5033988953	-37.363899231	-59.9322013855	0.575071930569	0.0	0.0	0.0	0.0	0.0	0.105079661378	1.0	1
1.0	4081.92626953	9.0	6.0	953.162963867	3.0	3.0	95.9000005722	0.0	0.104935109615	0.992567420006	0.0616318508983	2.10323389283	31.7998950774	-28.9312000275	-63.8656005859	-16.9820995331	0.217540933193	3.0	12.3199996948	39.7600002289	0.0	14.7600002289	0.99943628533	1.0	1
1.0	1239.5925293	6.0	1.0	129.589004517	1.0	1.0	10.1000003815	3.50168528173	-0.00525206746534	-0.839217185974	0.543770968914	37.77480823	4.20574871676	-15.8092002869	-27.2778511047	-67.4944000244	0.676562536436	0.0	0.0	0.0	0.0	0.0	0.791136858464	1.0	1
1.0	4228.77978516	10.0	5.0	1479.54602051	5.0	5.0	157.399998665	0.0	0.104935109615	0.992567420006	0.0616318508983	2.10323389283	31.7998950774	-28.9312000275	-63.8656005859	-16.9820995331	0.217540933193	4.0	1.05999994278	37.1400003433	2.0	11.1199998856	0.999946753157	1.0	1
1.0	3458.43237305	7.0	4.0	1135.16809082	7.0	4.0	53.6999993324	0.0	0.104935109615	0.992567420006	0.0616318508983	2.10323389283	31.7998950774	-28.9312000275	-63.8656005859	-16.9820995331	0.217540933193	2.0	1.05999994278	12.9600000381	1.0	1.05999994278	0.981374086044	1.0	1
1.0	2886.86743164	6.0	4.0	400.765991211	3.0	3.0	66.5999999046	2.35842745113	0.179011404514	-0.0630862116814	0.981822311878	2.23657547538	5.56165377184	-28.5194511414	-65.1829528809	-21.6170501709	0.976192577033	0.0	0.0	0.0	0.0	0.0	0.968233067728	1.0	1
1.0	47.8989982605	1.0	0.0	675.891967773	3.0	0.0	0.0	10.0	0.0	0.0	0.0	0.0	0.0	0.0	0.0	0.0	2.0	0.0	0.0	0.0	0.0	0.0	8.3796587858e-10	0.0	1
1.0	3046.39550781	8.0	3.0	4855.03320312	4.0	3.0	99.9800000191	2.58644159019	-0.331431031227	0.365447729826	-0.869828402996	0.0	39.2138629523	-10.5405302048	-63.9233474731	-38.5536003113	0.144551989307	0.0	0.0	0.0	0.0	0.0	0.996749309173	1.0	1
1.0	2390.02954102	8.0	3.0	4670.3203125	3.0	1.0	44.0	1.44952751223	-0.00376000674441	-0.375561326742	0.926789939404	1.5744457392	40.4202844349	-21.821149826	-68.5674438477	-28.512550354	0.487297932255	0.0	0.0	0.0	0.0	0.0	0.989391047326	1.0	1
1.0	2240.5324707	9.0	2.0	4888.35693359	5.0	4.0	59.1599998474	0.0	-0.999344229698	0.0346990264952	0.0103471018374	14.4106362546	34.694299456	-25.6674003601	-68.7204437256	-20.2754993439	0.847288086816	0.0	0.0	0.0	1.0	9.80000019073	0.987905056918	1.0	1
1.0	328.641998291	2.0	1.0	302.747009277	2.0	2.0	30.1800003052	1.90266130683	0.606618404388	-0.539740145206	0.583690583706	15.5648950658	13.4477199981	-23.9433002472	-68.3313446045	-17.6550998688	0.624312436653	0.0	0.0	0.0	0.0	0.0	0.527496410119	1.0	1
1.0	1117.7869873	3.0	1.0	1384.44799805	3.0	1.0	6.71999979019	2.5900849335	-0.477853536606	0.783255517483	-0.397701889277	21.3508168369	13.4896467711	-31.1284503937	-59.6450500488	-37.1477012634	0.675463875186	0.0	0.0	0.0	0.0	0.0	0.730334328853	1.0	1
1.0	977.250976562	4.0	2.0	1467.37512207	6.0	3.0	36.4599990845	0.0	-0.999344229698	0.0346990264952	0.0103471018374	2.09473306188	19.9963878053	-25.6674003601	-68.7204437256	-20.2754993439	0.847288086816	0.0	0.0	0.0	1.0	9.80000019073	0.861358213084	1.0	1
1.0	1814.29492188	6.0	1.0	1627.68920898	3.0	1.0	6.19999980927	0.0	-0.999344229698	0.0346990264952	0.0103471018374	2.09473306188	10.9281300444	-25.6674003601	-68.7204437256	-20.2754993439	0.847288086816	0.0	0.0	0.0	1.0	9.80000019073	0.974859424379	1.0	1
1.0	85.6724014282	1.0	0.0	788.388000488	2.0	0.0	0.0	10.0	0.0	0.0	0.0	0.0	0.0	0.0	0.0	0.0	2.0	0.0	0.0	0.0	0.0	0.0	8.3796587858e-10	0.0	1
1.0	5346.37060547	8.0	4.0	4046.53417969	5.0	3.0	102.200000048	0.0	0.0461898557842	0.993751108646	-0.1016131863	5.57343179609	29.6749510346	-34.5280990601	-59.1964988708	-33.0384979248	0.266643156215	8.0	7.36000013351	76.240000248	3.0	16.8199996948	0.999956075823	1.0	1
1.0	1783.65698242	5.0	2.0	1231.70898438	3.0	2.0	30.7399992943	1.92763326548	-0.238630503416	0.48829510808	-0.83941847086	9.99635138555	25.5735103442	-18.8581504822	-66.8323059082	-25.6872501373	0.891851077067	0.0	0.0	0.0	0.0	0.0	0.949295908656	1.0	1
1.0	3903.00463867	8.0	3.0	3331.12719727	4.0	3.0	70.6799998283	1.84281846129	0.0627492889762	0.857109725475	-0.511297821999	9.92423566366	36.2580042095	-19.4080505371	-67.3805007935	-26.3786010742	0.977325043654	0.0	0.0	0.0	0.0	0.0	0.974129134951	1.0	1
1.0	850.973876953	5.0	0.0	898.067993164	3.0	0.0	0.0	10.0	0.0	0.0	0.0	0.0	0.0	0.0	0.0	0.0	2.0	0.0	0.0	0.0	0.0	0.0	8.3796587858e-10	1.0	1
1.0	922.373352051	5.0	3.0	2024.22509766	5.0	5.0	56.9599990845	0.0	0.0461943224072	0.993749678135	-0.101624883711	6.32253282181	39.4541831817	-20.8791999817	-68.9358520508	-21.2405014038	0.388451381837	1.0	8.27999973297	7.65999984741	2.0	11.8000001907	0.97274733107	1.0	1
1.0	1563.64941406	6.0	2.0	1966.84960938	4.0	4.0	50.8799996376	0.0	0.0461943224072	0.993749678135	-0.101624883711	14.2155190614	21.8361578357	-20.8791999817	-68.9358520508	-21.2405014038	0.388451381837	2.0	7.82000017166	11.259999752	2.0	8.27999973297	0.682191927774	1.0	1
1.0	3016.0949707	9.0	3.0	2425.02099609	4.0	3.0	76.0800004005	0.0	-0.99802595377	0.0331811159849	-0.0533219575882	10.9095272167	33.162921957	-17.852350235	-67.7582015991	-24.097650528	0.9006722298	2.0	7.36000013351	16.9199995995	1.0	7.82000017166	0.993156785296	1.0	1
1.0	322.39239502	2.0	1.0	445.557006836	2.0	2.0	23.2600002289	0.0	-0.998023092747	0.0332724004984	-0.0533184222877	19.0571275941	9.87402713557	-21.0891494751	-58.8467483521	-41.0592498779	0.518427928263	1.0	8.06000041962	8.14000034332	0.0	8.06000041962	0.26754577609	1.0	1
1.0	2531.96972656	8.0	3.0	2571.13916016	4.0	4.0	118.639999628	0.0	-0.998026132584	0.0331811197102	-0.0533185824752	34.9678554578	6.39656709247	-35.7626495361	-56.0922012329	-39.1949501038	0.791150879805	3.0	7.36000013351	20.7399992943	3.0	11.8000001907	0.991988530645	1.0	1
1.0	331.391998291	2.0	0.0	454.863006592	1.0	0.0	0.0	10.0	0.0	0.0	0.0	0.0	0.0	0.0	0.0	0.0	2.0	0.0	0.0	0.0	0.0	0.0	8.3796587858e-10	0.0	1
1.0	3350.99121094	5.0	1.0	1821.80834961	5.0	1.0	25.6199998856	0.0	-0.994935870171	0.0	0.100511498749	43.9700956378	9.51262014386	-37.1417999268	-30.4741001129	-56.4622497559	0.827584784773	2.0	10.6000003815	22.0600004196	0.0	12.1000003815	0.97806430544	1.0	1
1.0	601.954833984	5.0	1.0	1100.38806152	2.0	1.0	14.3999996185	0.0	0.994935154915	0.0	-0.100518830121	2.70769159426	19.8074165941	-20.9143486023	-67.3075027466	-21.2429504395	0.767101725167	1.0	5.46000003815	5.46000003815	0.0	5.46000003815	0.370046093429	1.0	1
1.0	3773.12402344	8.0	3.0	3211.75	5.0	4.0	48.4359992445	0.0	0.994935154915	0.0	-0.100518830121	2.70769159426	26.341140893	-20.9143486023	-67.3075027466	-21.2429504395	0.767101725167	4.0	5.46000003815	44.220000267	0.0	13.0600004196	0.99481652947	1.0	1
1.0	450.912994385	3.0	1.0	335.342010498	1.0	1.0	14.3999996185	0.0	0.994935154915	0.0	-0.100518830121	2.70769159426	0.0	-20.9143486023	-67.3075027466	-21.2429504395	0.767101725167	1.0	5.46000003815	5.46000003815	0.0	5.46000003815	0.164174659418	1.0	1
1.0	402.715789795	3.0	0.0	454.863006592	1.0	0.0	0.0	10.0	0.0	0.0	0.0	0.0	0.0	0.0	0.0	0.0	2.0	0.0	0.0	0.0	0.0	0.0	8.3796587858e-10	1.0	1
1.0	1867.89990234	4.0	0.0	1219.90905762	2.0	0.0	0.0	10.0	0.0	0.0	0.0	0.0	0.0	0.0	0.0	0.0	2.0	0.0	0.0	0.0	0.0	0.0	8.3796587858e-10	1.0	1
1.0	283.744598389	2.0	0.0	1069.22167969	4.0	0.0	0.0	10.0	0.0	0.0	0.0	0.0	0.0	0.0	0.0	0.0	2.0	0.0	0.0	0.0	0.0	0.0	8.3796587858e-10	0.0	1
1.0	4901.06542969	9.0	3.0	2210.94702148	5.0	4.0	46.5207996964	0.0	-0.998985588551	0.0365927219391	-0.0262443777174	1.28316689777	21.6900132574	-32.7469482422	-66.9598999023	-18.2521495819	0.178029900584	3.0	11.3599996567	35.6400003433	1.0	16.2000007629	0.991426235191	1.0	1
1.0	2149.50561523	6.0	1.0	1742.72949219	3.0	1.0	12.0600004196	4.2623349871	-0.453406065702	-0.792636334896	0.407615721226	37.0044140511	1.72938613573	-8.63834953308	-40.4273490906	-67.6483001709	0.0940738780703	0.0	0.0	0.0	0.0	0.0	0.976559377901	1.0	1
1.0	4672.70019531	12.0	5.0	2017.6842041	5.0	4.0	98.7444010377	0.0	0.998987436295	-0.0365989692509	0.0261648651212	1.28316689777	20.0203237626	-31.5022506714	-67.0054931641	-18.219499588	0.369287437445	3.0	7.84000015259	32.2292008847	1.0	16.2000007629	0.99989922353	1.0	1
1.0	1087.47998047	5.0	2.0	557.19329834	3.0	2.0	47.0999996662	1.73723057915	0.454738795757	0.70941054821	-0.538469433784	27.5619865364	14.0438593193	-24.7678985596	-47.3652000427	-57.0788497925	0.576208500686	0.0	0.0	0.0	0.0	0.0	0.397851707195	1.0	1
1.0	4135.29443359	9.0	2.0	2586.69335938	4.0	4.0	73.0600001812	1.73723057915	-0.454738795757	-0.70941054821	0.538469433784	39.1257313588	19.1854246588	-24.7678985596	-47.3652000427	-57.0788497925	0.576208500686	0.0	0.0	0.0	0.0	0.0	0.998505065253	1.0	1
1.0	889.865600586	4.0	1.0	184.134307861	2.0	1.0	9.27999973297	2.9263151163	-0.0351964347064	-0.286066204309	0.957563221455	16.5805863447	8.13796394061	-25.1748008728	-62.456451416	-39.6478996277	0.708892259538	0.0	0.0	0.0	0.0	0.0	0.790391370599	1.0	1
1.0	2115.95141602	6.0	4.0	1207.7409668	3.0	3.0	88.3800001144	1.73723057915	0.454738795757	0.70941054821	-0.538469433784	36.6416187973	12.7173540088	-24.7678985596	-47.3652000427	-57.0788497925	0.576208500686	0.0	0.0	0.0	0.0	0.0	0.971884252795	1.0	1
1.0	1606.09265137	7.0	2.0	1355.99768066	4.0	3.0	47.3199996948	1.94638124086	0.68364918232	0.191452786326	-0.704251110554	17.2566603282	29.1971354869	-10.289525032	-64.1891479492	-39.0619010925	0.408430788249	0.0	0.0	0.0	0.0	0.0	0.860736248506	1.0	1
1.0	4121.45410156	11.0	5.0	2900.9777832	6.0	6.0	95.5200006962	0.0	0.998987436295	-0.0365989692509	0.0261648651212	1.28316689777	20.0203237626	-31.5022506714	-67.0054931641	-18.219499588	0.369287437445	2.0	7.84000015259	16.5092006177	1.0	16.2000007629	0.986085795888	1.0	1
1.0	882.090454102	4.0	0.0	995.671813965	5.0	0.0	0.0	10.0	0.0	0.0	0.0	0.0	0.0	0.0	0.0	0.0	2.0	0.0	0.0	0.0	0.0	0.0	8.3796587858e-10	0.0	1
1.0	5319.234375	8.0	3.0	2111.30615234	10.0	4.0	82.1572009325	0.0	-0.00372826005332	-0.980663061142	0.195668309927	1.14256521876	25.5100997669	-33.0851516724	-59.5186500549	-34.1665992737	0.156277735571	2.0	13.3199996948	28.1800003052	0.0	15.3599996567	0.99396787244	1.0	1
1.0	1390.60534668	5.0	1.0	487.156799316	5.0	4.0	40.2200014591	0.0	-0.999826014042	0.0	-0.0186547394842	21.8667485899	20.5867460973	-33.6854019165	-62.5433998108	-31.2444496155	0.248999678902	1.0	1.13999998569	0.0	0.0	1.13999998569	0.379865704663	1.0	1
1.0	4983.45019531	12.0	1.0	1941.23791504	9.0	3.0	30.3600001335	0.0	-0.999824285507	0.0	-0.0187440980226	7.50588295354	25.2488580877	-25.9351997375	-56.6848983765	-38.0931015015	0.373626807003	2.0	12.8599996567	24.1999998093	0.0	13.1400003433	0.9958985113	1.0	1
1.0	3847.29248047	10.0	6.0	1712.40942383	10.0	9.0	148.080000877	0.0	0.00372826005332	0.980663061142	-0.195668309927	25.0656150592	17.5814242778	-33.0851516724	-59.5186500549	-34.1665992737	0.156277735571	5.0	1.13999998569	42.5000004768	0.0	15.3599996567	0.951339603185	1.0	1
1.0	3368.99072266	11.0	4.0	2023.80249023	8.0	3.0	79.8000001907	2.11717972983	-0.739476561546	-0.349091440439	0.575594961643	9.67717463936	18.5207508628	-29.2461509705	-57.2762985229	-35.7072486877	0.404475728344	0.0	0.0	0.0	0.0	0.0	0.968912634675	1.0	1
1.0	4820.80761719	11.0	4.0	1492.96887207	8.0	5.0	65.7600007057	0.0	-0.999826014042	0.0	-0.0186547394842	21.8667485899	20.5867460973	-33.6854019165	-62.5433998108	-31.2444496155	0.248999678902	1.0	1.13999998569	0.0	0.0	1.13999998569	0.99318072232	1.0	1
1.0	4693.06689453	13.0	3.0	2334.52880859	11.0	3.0	54.097200036	0.0	-0.00372826005332	-0.980663061142	0.195668309927	1.14256521876	18.2755189791	-33.0851516724	-59.5186500549	-34.1665992737	0.156277735571	3.0	12.8599996567	40.6599998474	0.0	15.3599996567	0.997681420745	1.0	1
1.0	6241.47070312	13.0	2.0	2169.20068359	10.0	4.0	49.1372004747	0.0	-0.00372826005332	-0.980663061142	0.195668309927	1.14256521876	18.2755189791	-33.0851516724	-59.5186500549	-34.1665992737	0.156277735571	3.0	4.38000011444	32.3600001335	0.0	15.3599996567	0.999854344838	1.0	1
1.0	4608.26171875	13.0	2.0	2067.01245117	9.0	3.0	38.680000782	0.0	-0.00382819119841	-0.980662703514	0.195668235421	0.0	38.7289600575	-11.3217000961	-64.5761489868	-33.915599823	0.634593744284	2.0	4.38000011444	16.6599993706	0.0	12.8599996567	0.996791819959	1.0	1
1.0	344.154418945	2.0	1.0	681.203979492	1.0	1.0	17.0799999237	2.8411160522	-0.762419521809	-0.112897410989	0.637158274651	2.33401657611	6.84624355079	-23.7472000122	-61.5335502625	-33.1041488647	0.618510329944	0.0	0.0	0.0	0.0	0.0	-1.0	0.0	1
1.0	3736.12866211	9.0	4.0	3533.01171875	7.0	6.0	157.000000477	0.0	0.0265261642635	0.970082998276	-0.241320088506	10.462012902	31.1079481299	-24.5199012756	-69.0924987793	-20.9881515503	0.696980525465	5.0	5.19999980927	40.8400001526	2.0	5.48000001907	0.999974213388	1.0	1
1.0	1862.67871094	7.0	2.0	3087.48876953	4.0	2.0	38.9999995232	0.0	0.993508279324	0.0	0.113759703934	18.2745372463	14.7016680453	-25.7479496002	-47.0443992615	-45.410697937	0.354246675074	1.0	10.7600002289	8.96000003815	0.0	10.7600002289	0.767878013642	1.0	1
1.0	2882.7890625	7.0	3.0	3269.87451172	6.0	4.0	111.159999371	0.0	0.993508279324	0.0	0.113759703934	18.2745372463	14.7016680453	-25.7479496002	-47.0443992615	-45.410697937	0.354246675074	3.0	5.48000001907	24.2400007248	1.0	5.48000001907	0.998866581714	1.0	1
1.0	245.408401489	2.0	0.0	1768.38000488	4.0	0.0	0.0	10.0	0.0	0.0	0.0	0.0	0.0	0.0	0.0	0.0	2.0	0.0	0.0	0.0	0.0	0.0	8.3796587858e-10	1.0	1
1.0	888.010375977	6.0	1.0	1936.26306152	6.0	3.0	42.4399986267	2.70838143722	0.0752390697598	0.724990367889	-0.684637188911	11.1802709144	3.78425136578	-18.3243503571	-52.82970047	-46.8488006592	0.440156024441	0.0	0.0	0.0	0.0	0.0	0.979323708066	1.0	1
1.0	482.102386475	3.0	1.0	1324.39599609	4.0	2.0	31.4799995422	2.8411160522	-0.762419521809	-0.112897410989	0.637158274651	2.33401657611	6.84624355079	-23.7472000122	-61.5335502625	-33.1041488647	0.618510329944	0.0	0.0	0.0	0.0	0.0	0.269992290443	1.0	1
1.0	1353.92797852	7.0	1.0	3152.29833984	7.0	5.0	73.3600006104	0.0	0.0265261642635	0.970082998276	-0.241320088506	10.462012902	32.6175546282	-24.5199012756	-69.0924987793	-20.9881515503	0.696980525465	2.0	5.19999980927	16.5999994278	1.0	5.19999980927	0.988965422839	1.0	1
1.0	248.011001587	1.0	0.0	777.347412109	2.0	0.0	0.0	10.0	0.0	0.0	0.0	0.0	0.0	0.0	0.0	0.0	2.0	0.0	0.0	0.0	0.0	0.0	8.3796587858e-10	1.0	1
1.0	1450.07141113	8.0	2.0	2961.77978516	5.0	4.0	73.7199993134	0.0	0.0265261642635	0.970082998276	-0.241320088506	10.462012902	32.6175546282	-24.5199012756	-69.0924987793	-20.9881515503	0.696980525465	2.0	5.19999980927	16.5999994278	1.0	5.19999980927	0.992937588052	1.0	1
1.0	512.485107422	3.0	1.0	950.478271484	4.0	2.0	15.3000004292	2.87971011239	-0.848174989223	-0.314938187599	0.425926148891	2.688511249	12.9902893189	-23.8430500031	-58.3175506592	-36.490650177	0.00314249993586	0.0	0.0	0.0	0.0	0.0	-1.0	0.0	1
1.0	2202.74951172	11.0	3.0	2608.65014648	6.0	4.0	64.0400009155	0.0	-0.982109487057	0.129219338298	0.136979401112	33.2173485276	2.27656049887	-35.2098503113	-46.0104522705	-41.8479499817	0.333492431014	6.0	5.26000022888	40.3399999142	0.0	12.8999996185	0.988502730203	1.0	1
1.0	983.951904297	6.0	3.0	971.116577148	5.0	3.0	63.699999094	1.00262654597	-0.982106745243	0.129227921367	0.136990621686	5.6237682761	29.91434657	-32.3413009644	-58.1603507996	-31.1955490112	0.805783096853	0.0	0.0	0.0	0.0	0.0	0.495047543971	1.0	1
1.0	2035.96899414	9.0	3.0	1158.45397949	6.0	2.0	28.2999997139	0.0	-0.0849869325757	-0.953449964523	0.289327383041	17.6801714786	1.77694981619	-12.6450004578	-44.4951019287	-38.6199493408	0.955609938102	1.0	5.48000001907	5.03999996185	1.0	5.48000001907	0.973122808664	1.0	1
1.0	637.984375	3.0	2.0	824.979003906	4.0	2.0	48.779999733	1.00262654597	-0.982106745243	0.129227921367	0.136990621686	5.6237682761	20.3166781604	-32.3413009644	-58.1603507996	-31.1955490112	0.805783096853	0.0	0.0	0.0	0.0	0.0	0.38959985904	1.0	1
1.0	1543.8984375	9.0	3.0	3199.89404297	5.0	4.0	82.8000011444	0.0	-0.982096016407	0.129221111536	0.137074023485	3.67352993833	35.8963975487	-31.5881500244	-66.8497467041	-16.5638008118	0.413316418229	3.0	5.86000013351	15.4600000381	0.0	9.60000038147	0.973424128946	1.0	1
1.0	1268.21362305	7.0	3.0	2895.36962891	5.0	3.0	49.020001173	0.0	-0.0849857926369	-0.953451454639	0.289322972298	15.1664037263	28.2685002024	-30.8465003967	-49.6283988953	-40.0478515625	0.770816956028	3.0	5.26000022888	24.879999876	0.0	12.8999996185	0.913487067565	1.0	1
1.0	1564.31591797	9.0	4.0	3081.40795898	6.0	5.0	89.1800012589	0.0	-0.982096016407	0.129221111536	0.137074023485	3.67352993833	35.8963975487	-31.5881500244	-66.8497467041	-16.5638008118	0.413316418229	6.0	5.26000022888	40.3399999142	0.0	12.8999996185	0.973122851906	1.0	1
1.0	686.217102051	4.0	1.0	1399.97607422	4.0	2.0	15.3000004292	2.87971011239	-0.848174989223	-0.314938187599	0.425926148891	2.688511249	12.9902893189	-23.8430500031	-58.3175506592	-36.490650177	0.00314249993586	0.0	0.0	0.0	0.0	0.0	0.267546236503	1.0	1
1.0	135.185699463	2.0	0.0	904.341918945	3.0	0.0	0.0	10.0	0.0	0.0	0.0	0.0	0.0	0.0	0.0	0.0	2.0	0.0	0.0	0.0	0.0	0.0	8.3796587858e-10	0.0	1
1.0	2963.51855469	13.0	3.0	2462.4765625	5.0	2.0	38.3600000143	0.0	0.0412720516324	0.994553029537	-0.0957124754786	6.41406493282	34.9096530333	-28.7486000061	-59.1176528931	-36.0597991943	0.415511943382	1.0	2.8599998951	0.084399998188	1.0	2.8599998951	0.968338206194	1.0	1
1.0	342.649688721	3.0	1.0	696.877868652	3.0	2.0	18.1799997091	0.0	0.998198449612	-0.028622245416	0.0527314841747	2.46408998687	23.2146239911	-25.3885002136	-62.2772979736	-34.1863021851	0.248653135491	2.0	10.779999733	22.6800003052	0.0	12.1400003433	0.162498891352	1.0	1
1.0	3358.57397461	10.0	4.0	1860.91674805	6.0	5.0	56.3999997377	0.0	-0.998193144798	0.0286220926791	-0.0528321564198	28.3822558222	1.72297954087	-26.6691017151	-43.737197876	-54.2004508972	0.654839072466	4.0	4.21999979019	35.1800003052	1.0	11.1599998474	0.970473276059	1.0	1
1.0	391.431610107	5.0	1.0	2427.171875	4.0	1.0	18.4200000763	2.76908287648	-0.0628334358335	-0.782587468624	0.619361639023	3.07816240772	27.7220444773	-14.8845996857	-56.6140975952	-44.6745986938	0.345887861413	0.0	0.0	0.0	0.0	0.0	0.493442384768	1.0	1
1.0	2273.49194336	7.0	4.0	2627.91259766	3.0	2.0	32.8200006485	2.33951063125	-0.247035577893	-0.780753552914	0.573931455612	35.7174979655	26.4300874752	-26.9464492798	-46.6805496216	-51.1361465454	0.906739402069	0.0	0.0	0.0	0.0	0.0	0.968338247055	1.0	1
1.0	1738.42993164	7.0	2.0	2271.95874023	5.0	1.0	34.5	2.61075276989	-0.000955142953899	-0.847784161568	-0.530340611935	1.0202629461	34.1984778346	-4.89389514923	-50.3328475952	-36.4261016846	0.190272654741	0.0	0.0	0.0	0.0	0.0	0.864684933495	1.0	1
1.0	3367.10766602	11.0	5.0	2415.734375	7.0	5.0	87.5599991083	0.0	-0.998193323612	0.0286220982671	-0.0528284274042	28.9228437507	1.64662572743	-22.5246009827	-45.8943023682	-56.5692520142	0.622092211747	4.0	2.8599998951	33.2443998456	1.0	2.8599998951	0.996272778294	1.0	1
1.0	2918.83154297	8.0	3.0	2142.80859375	6.0	2.0	25.9600000381	2.7142015315	-0.474736809731	-0.418186038733	0.774432301521	32.5301977129	12.5401824894	-37.940448761	-39.4493484497	-51.0040512085	0.0647061991616	0.0	0.0	0.0	0.0	0.0	0.948069272879	1.0	1
1.0	3500.34741211	10.0	5.0	3324.93457031	7.0	6.0	146.225598931	0.0	-0.99819034338	0.0287192258984	-0.0528320111334	15.6447114481	41.7120338572	-23.3891983032	-63.2418518066	-33.9912490845	0.436721220334	3.0	2.8599998951	22.0444000363	1.0	2.8599998951	0.997360530671	1.0	1
1.0	144.195007324	1.0	1.0	645.215942383	3.0	1.0	14.1999998093	2.90963908471	-0.221238672733	-0.513243019581	0.829237639904	6.39292895442	13.1202950974	-15.7446994781	-60.0454483032	-33.2070503235	0.945127407073	0.0	0.0	0.0	0.0	0.0	-1.0	0.0	1
1.0	3419.71118164	10.0	4.0	2260.64111328	5.0	4.0	90.3399999142	0.0	0.0288045555353	-0.96311289072	0.267551571131	51.8239209659	2.40332184612	-26.2548999786	-37.0658988953	-51.4055023193	0.454346351456	1.0	11.6000003815	11.3400001526	2.0	11.6000003815	0.999968547251	1.0	1
1.0	662.022033691	4.0	1.0	1358.5057373	6.0	2.0	21.0199999809	2.90963908471	-0.221238672733	-0.513243019581	0.829237639904	6.39292895442	20.4674089834	-15.7446994781	-60.0454483032	-33.2070503235	0.945127407073	0.0	0.0	0.0	0.0	0.0	0.602442898507	1.0	1
1.0	4135.2890625	10.0	2.0	3171.21557617	4.0	2.0	43.5999999046	2.81063161885	-0.359794318676	-0.598644912243	0.715662121773	2.96644234227	28.0185429806	-8.12708950043	-68.3172454834	-22.7778511047	0.0992272336207	0.0	0.0	0.0	0.0	0.0	0.999958148603	1.0	1
1.0	775.789794922	5.0	2.0	1684.18212891	3.0	3.0	45.039999485	0.0	0.999507188797	0.0309955272824	0.00496307061985	27.2254380368	10.2319257508	-28.1431999207	-58.7719993591	-30.8089485168	0.893461236308	0.0	0.0	0.0	1.0	4.84000015259	0.630759101615	1.0	1
1.0	144.195007324	1.0	1.0	2207.12695312	6.0	3.0	37.6399993896	2.83599887077	-0.852584898472	-0.292976945639	0.432739496231	4.06567719004	9.48355369066	-24.253950119	-55.7900009155	-37.4237518311	0.716849642351	0.0	0.0	0.0	0.0	0.0	0.28862943954	1.0	1
1.0	144.195007324	1.0	1.0	1215.51501465	6.0	3.0	45.9200000763	1.31589894467	-0.00629513850436	0.344253212214	-0.93885576725	2.42439879002	18.0437580078	-19.9402503967	-50.8382492065	-42.3888473511	0.916679828325	0.0	0.0	0.0	0.0	0.0	0.384743522969	1.0	1
1.0	338.009307861	3.0	0.0	363.148986816	3.0	0.0	0.0	10.0	0.0	0.0	0.0	0.0	0.0	0.0	0.0	0.0	2.0	0.0	0.0	0.0	0.0	0.0	8.3796587858e-10	0.0	1
1.0	3217.51782227	9.0	4.0	2679.98217773	7.0	5.0	115.092400551	0.0	0.997134745121	0.0	-0.0756462067366	37.3033097281	24.8321232	-4.84591960907	-42.3773002625	-41.5648002625	0.78108217124	2.0	12.0200004578	24.5600004196	1.0	10.0600004196	0.983935913212	1.0	1
1.0	1347.50134277	5.0	2.0	1091.37902832	5.0	1.0	29.1999998093	2.54380032351	-0.398321062326	-0.797878324986	0.452471554279	16.3855834271	11.771741462	-18.1767501831	-33.4140014648	-64.1283493042	0.955704014604	0.0	0.0	0.0	0.0	0.0	0.587210088878	1.0	1
1.0	2992.30786133	8.0	3.0	2655.95727539	7.0	5.0	66.5324010849	0.0	0.997134387493	0.0	-0.0756503790617	26.7102279516	35.142781577	-4.98134994507	-49.5094985962	-28.7861995697	0.0102715500441	2.0	12.0200004578	23.220000267	0.0	12.0200004578	0.971538288793	1.0	1
1.0	2966.8137207	7.0	4.0	1907.2442627	6.0	6.0	148.140002251	1.76665217136	-0.0602401122451	-0.176961570978	-0.982372522354	40.6039197817	28.6007845097	-4.6129450798	-40.2100486755	-45.2590026855	0.38213955568	0.0	0.0	0.0	0.0	0.0	0.976751212869	1.0	1
1.0	1422.72900391	7.0	4.0	410.815002441	3.0	3.0	77.1199998856	2.02658578452	-0.896819651127	0.441459268332	-0.0287797376513	11.3167645215	18.7160223474	-30.7639503479	-63.7377510071	-22.1115989685	0.665748244405	0.0	0.0	0.0	0.0	0.0	0.868881183151	1.0	1
1.0	2410.94262695	10.0	2.0	1432.20202637	3.0	3.0	61.8400001526	2.02658578452	-0.896819651127	0.441459268332	-0.0287797376513	11.3167645215	9.30728982337	-30.7639503479	-63.7377510071	-22.1115989685	0.665748244405	0.0	0.0	0.0	0.0	0.0	0.984732168094	1.0	1
1.0	2620.01367188	7.0	3.0	1791.58520508	5.0	4.0	68.7000002861	2.54380032351	-0.398321062326	-0.797878324986	0.452471554279	49.4830270439	11.771741462	-18.1767501831	-33.4140014648	-64.1283493042	0.955704014604	0.0	0.0	0.0	0.0	0.0	0.969847792852	1.0	1
1.0	2634.0925293	8.0	2.0	2484.51147461	7.0	2.0	44.5200014114	2.48270816188	-0.718916654587	-0.54349064827	0.433332204819	23.9874557636	2.60567298744	-17.9250488281	-44.9225997925	-60.0237998962	0.188966029177	0.0	0.0	0.0	0.0	0.0	0.967595133788	1.0	1
1.0	776.705932617	4.0	1.0	268.797790527	2.0	1.0	10.6800003052	3.30549543168	-0.330038964748	-0.21677993238	0.918738663197	1.10965665226	13.369119156	-14.9598503113	-70.5677947998	-18.9232997894	0.177931455592	0.0	0.0	0.0	0.0	0.0	-1.0	0.0	1
1.0	3160.1628418	6.0	2.0	2855.91088867	8.0	3.0	21.5799994469	0.0	0.994893431664	0.0	-0.100930772722	1.55196360039	22.6585606972	-29.1310997009	-47.301700592	-48.2900009155	0.823423190176	2.0	12.8000001907	26.8400001526	0.0	16.8400001526	0.990621786018	1.0	1
1.0	2740.33178711	7.0	1.0	268.797790527	2.0	1.0	10.6800003052	3.30549543168	-0.330038964748	-0.21677993238	0.918738663197	1.10965665226	13.369119156	-14.9598503113	-70.5677947998	-18.9232997894	0.177931455592	0.0	0.0	0.0	0.0	0.0	0.237929773157	1.0	1
1.0	4209.41015625	10.0	3.0	3336.84863281	6.0	5.0	86.0400004387	0.0	0.994902431965	0.0	-0.100842297077	2.64392080106	37.5997969328	-11.6503000259	-67.4248962402	-25.8800506592	0.54794520438	4.0	1.03999996185	40.8800001144	0.0	16.8400001526	0.997611184991	1.0	1
1.0	2475.83251953	7.0	3.0	2023.30273438	6.0	4.0	74.3000006676	0.0	0.994893431664	0.0	-0.100930772722	37.1898699528	1.52549054688	-29.1310997009	-47.301700592	-48.2900009155	0.823423190176	3.0	1.03999996185	29.3400001526	0.0	16.8400001526	0.938392502377	1.0	1
1.0	2175.22070312	6.0	5.0	1596.97485352	6.0	5.0	115.459999084	0.0	0.994902431965	0.0	-0.100842297077	2.64392080106	28.5802552995	-11.6503000259	-67.4248962402	-25.8800506592	0.54794520438	4.0	1.03999996185	39.3400001526	0.0	16.8400001526	0.973308647895	1.0	1
1.0	976.701904297	3.0	1.0	1273.64672852	6.0	3.0	27.8600001335	1.37740700458	-0.073687158525	0.482863217592	-0.872590005398	10.0596583748	16.7335934563	-25.5249996185	-60.6808509827	-38.5509490967	0.831706077388	0.0	0.0	0.0	0.0	0.0	0.257726909011	1.0	1
1.0	2365.61157227	6.0	3.0	2450.71557617	5.0	4.0	74.3000006676	0.0	0.994893431664	0.0	-0.100930772722	37.1898699528	1.52549054688	-29.1310997009	-47.301700592	-48.2900009155	0.823423190176	3.0	1.03999996185	29.3400001526	0.0	16.8400001526	0.979215570034	1.0	1
1.0	140.169006348	1.0	0.0	240.869003296	1.0	0.0	0.0	10.0	0.0	0.0	0.0	0.0	0.0	0.0	0.0	0.0	2.0	0.0	0.0	0.0	0.0	0.0	8.3796587858e-10	1.0	1
1.0	3006.38867188	6.0	2.0	1920.15991211	5.0	2.0	35.1399993896	0.0	0.994902431965	0.0	-0.100842297077	26.0481056383	7.52567491303	-32.5202026367	-58.9272003174	-35.6826515198	0.408686304794	1.0	8.42000007629	10.0	0.0	8.42000007629	0.964670510233	1.0	1
1.0	59.5587005615	1.0	1.0	551.177001953	1.0	1.0	9.89999961853	4.09465494418	-0.327133655548	-0.678882360458	0.65734487772	1.57671799209	2.65260604077	-13.8190002441	-51.0830497742	-49.6323013306	0.814842347036	0.0	0.0	0.0	0.0	0.0	-1.0	0.0	1
1.0	4176.21630859	5.0	3.0	3240.43017578	5.0	3.0	84.291200161	0.0	-0.998334825039	-0.0336529687047	0.0468509159982	5.34227069579	28.6874417934	-30.7495994568	-55.4673500061	-39.0242500305	0.734950749238	3.0	8.56000041962	30.7000007629	2.0	14.6599998474	0.997667130257	1.0	1
1.0	662.000976562	4.0	3.0	2157.90478516	4.0	2.0	33.6528000832	0.0	-0.998336136341	-0.0337452404201	0.0467575117946	2.18983367543	23.0482365629	-2.36720991135	-58.5433998108	-23.2015991211	0.0153903181536	2.0	5.03999996185	16.4600000381	1.0	5.03999996185	0.360143266542	1.0	1
1.0	3920.16552734	8.0	4.0	4788.98925781	4.0	3.0	64.0399997234	0.0	-0.998331606388	-0.0337499566376	0.0468507632613	3.98464822699	12.2220760753	-30.6587982178	-43.5737991333	-51.5769500732	0.912317157432	5.0	9.06000041962	47.9400005341	2.0	14.6599998474	0.999751251178	1.0	1
1.0	1355.67175293	2.0	2.0	522.662475586	2.0	1.0	14.1599998474	3.68770934982	0.364712893963	-0.689033567905	0.626272499561	0.0	0.0	-21.1075000763	-51.8857498169	-46.7290992737	0.879572484504	0.0	0.0	0.0	0.0	0.0	0.820947632661	1.0	1
1.0	2063.36914062	6.0	1.0	78.4332962036	1.0	1.0	0.0	3.32553759366	0.702274560928	-0.0275967959315	0.711371064186	8.43461944305	4.88434127244	-16.4491004944	-69.658996582	-14.3388004303	0.944233228295	0.0	0.0	0.0	0.0	0.0	0.953422952781	1.0	1
1.0	254.361694336	2.0	1.0	356.37399292	1.0	1.0	16.5200004578	0.0	0.998331844807	0.0337447710335	-0.0468485616148	4.80510108341	0.0	-6.73709487915	-66.6735992432	-34.0485496521	0.259586258338	1.0	5.03999996185	5.0	1.0	5.03999996185	0.136256741027	1.0	1
1.0	243.830001831	2.0	0.0	472.68737793	3.0	0.0	0.0	10.0	0.0	0.0	0.0	0.0	0.0	0.0	0.0	0.0	2.0	0.0	0.0	0.0	0.0	0.0	8.3796587858e-10	0.0	1
1.0	4246.98681641	6.0	2.0	3627.41699219	7.0	3.0	49.9399995804	2.31526884359	-0.135141327977	-0.684688925743	0.716196835041	8.20891713942	35.0949247374	-1.37294507027	-51.9942474365	-28.6721000671	0.871307746085	0.0	0.0	0.0	0.0	0.0	0.993718746461	1.0	1
1.0	1932.6373291	5.0	1.0	594.854003906	5.0	1.0	0.0	10.0	0.0	0.0	0.0	0.0	0.0	0.0	0.0	0.0	2.0	1.0	10.6000003815	4.98000001907	0.0	10.6000003815	0.376327924357	1.0	1
1.0	5631.05615234	9.0	5.0	3830.2578125	6.0	6.0	206.779998302	0.0	-0.106010220945	0.937814831734	-0.330552875996	41.4626373949	7.06566575392	-33.3556518555	-34.3051986694	-54.337348938	0.401195873229	7.0	4.09999990463	71.080000639	2.0	15.4399995804	0.998971376731	1.0	1
1.0	811.626953125	4.0	1.0	332.522003174	2.0	1.0	19.6200008392	0.0	-0.106016278267	0.937841951847	-0.330473870039	1.12596930046	16.032836016	-10.4757499695	-66.5236053467	-31.7889995575	0.16310643941	1.0	2.88000011444	5.28000020981	1.0	2.88000011444	0.436015271939	1.0	1
1.0	1791.45996094	8.0	3.0	2097.08666992	4.0	4.0	75.8600002527	0.0	-0.106013216078	0.937814891338	-0.330551713705	13.5113581462	13.3178377179	-33.6218490601	-52.2732009888	-35.1321487427	0.131430548943	2.0	2.88000011444	21.400001049	2.0	15.4399995804	0.980031383527	1.0	1
1.0	1674.34692383	7.0	3.0	906.326049805	5.0	4.0	45.1000003815	0.0	-0.106016278267	0.937841951847	-0.330473870039	1.12596930046	30.4214426212	-10.4757499695	-66.5236053467	-31.7889995575	0.16310643941	2.0	2.88000011444	21.400001049	2.0	15.4399995804	0.551049985903	1.0	1
1.0	2392.0637207	9.0	4.0	2509.10131836	5.0	5.0	105.299999833	0.0	0.106021903455	-0.937804341316	0.330578833818	36.1589470377	3.74633459689	-16.5144500732	-42.8161506653	-57.1481513977	0.862079973747	2.0	4.09999990463	19.4400007725	2.0	15.4399995804	0.991157173249	1.0	1
1.0	568.274291992	4.0	1.0	233.042999268	1.0	1.0	1.13999998569	4.28485712835	-0.0913180708885	-0.30217859149	0.948867201805	7.68446065352	6.96842077925	-19.5426998138	-66.8098983765	-17.8078899384	0.942050526953	0.0	0.0	0.0	0.0	0.0	0.234001441856	1.0	1
1.0	2973.64379883	9.0	3.0	2511.28637695	5.0	4.0	97.6200014353	0.0	0.106016278267	-0.937841951847	0.330473870039	2.82227336401	37.6681444556	-10.4757499695	-66.5236053467	-31.7889995575	0.16310643941	1.0	2.88000011444	5.28000020981	1.0	2.88000011444	0.968913968903	1.0	1
1.0	468.795166016	2.0	0.0	703.688293457	2.0	0.0	0.0	10.0	0.0	0.0	0.0	0.0	0.0	0.0	0.0	0.0	2.0	0.0	0.0	0.0	0.0	0.0	8.3796587858e-10	0.0	1
1.0	4096.39746094	5.0	4.0	4877.52734375	6.0	3.0	84.2334594727	0.0	-0.992685317993	0.0704838335514	0.0980198904872	13.1681806667	24.4334616973	-21.2439498901	-50.5259017944	-51.0432510376	0.0450379736817	3.0	4.76000022888	27.0999994278	0.0	11.0200004578	0.999320269622	1.0	1
1.0	3169.38427734	3.0	1.0	3538.77612305	9.0	1.0	15.1199998856	2.25408078052	0.0153320459649	-0.711868345737	0.702145516872	0.0	8.49012739272	-30.2574501038	-40.6298522949	-57.6289520264	0.264257689992	0.0	0.0	0.0	0.0	0.0	0.969578090838	1.0	1
1.0	3960.4140625	4.0	2.0	4802.98388672	7.0	3.0	28.8994597197	0.0	-0.992685317993	0.0704838335514	0.0980198904872	3.65214908187	24.4334616973	-21.2439498901	-50.5259017944	-51.0432510376	0.0450379736817	2.0	4.76000022888	16.1400003433	0.0	10.7600002289	0.98810420246	1.0	1
1.0	871.618713379	4.0	2.0	2640.64794922	5.0	2.0	37.220000267	2.75301109537	-0.423784703016	-0.714690387249	0.556438803673	2.07598008114	33.1821382349	-12.6981506348	-59.3720474243	-44.5739517212	0.209152677409	0.0	0.0	0.0	0.0	0.0	0.464264978315	1.0	1
1.0	2040.95495605	2.0	1.0	1224.65209961	2.0	1.0	12.9600000381	2.61907999877	-0.427300691605	-0.462943911552	0.776593208313	14.9273328223	11.1191615495	-29.3415489197	-62.4769973755	-36.9994506836	0.915655508939	0.0	0.0	0.0	0.0	0.0	0.979961183878	1.0	1
1.0	639.461242676	4.0	4.0	1711.83618164	6.0	3.0	46.9662597179	0.0	-0.0588506422937	-0.984718084335	0.163911253214	1.81698131456	28.2315635063	-23.957950592	-56.4862518311	-46.7938499451	0.236431817304	5.0	4.76000022888	47.0599994659	0.0	11.0200004578	0.76149160309	1.0	1
1.0	2978.59179688	6.0	5.0	2569.6640625	7.0	7.0	148.132800698	0.0	0.99269336462	-0.0704911500216	-0.0979332625866	50.8953803415	7.65319387507	-22.0718002319	-34.3218994141	-61.0371017456	0.281430786346	6.0	9.56000041962	70.3800010681	1.0	13.6000003815	0.981063393453	1.0	1
1.0	2179.50512695	2.0	0.0	959.551269531	2.0	0.0	0.0	10.0	0.0	0.0	0.0	0.0	0.0	0.0	0.0	0.0	2.0	0.0	0.0	0.0	0.0	0.0	8.3796587858e-10	1.0	1
1.0	2906.45825195	5.0	3.0	1215.59851074	5.0	5.0	130.892800093	0.0	-0.992685258389	0.0704839602113	0.0980200618505	43.6995875959	16.8572494336	-25.4086494446	-49.2135009766	-50.7946510315	0.810842834702	3.0	10.7600002289	45.0000009537	0.0	13.3199996948	0.986367946902	1.0	1
1.0	200.293609619	2.0	0.0	408.394897461	4.0	0.0	0.0	10.0	0.0	0.0	0.0	0.0	0.0	0.0	0.0	0.0	2.0	0.0	0.0	0.0	0.0	0.0	8.3796587858e-10	0.0	2
1.0	974.195068359	5.0	2.0	1024.67297363	6.0	4.0	69.0199992657	0.0	0.997895479202	-0.0559511147439	-0.0327738150954	12.1159290999	29.6226193146	-22.2439002991	-54.2061004639	-46.5575485229	0.00184677052008	1.0	7.65999984741	6.44000005722	0.0	7.65999984741	0.250722698887	1.0	2
1.0	1474.05029297	11.0	6.0	1665.24865723	5.0	5.0	138.580000401	0.0	-0.997889816761	0.0560520589352	0.0327726565301	0.0	15.9770309312	-27.8312988281	-66.2856521606	-14.5823497772	0.158168115548	1.0	0.920000016689	0.0	0.0	0.920000016689	0.967595081571	1.0	2
1.0	1044.25415039	6.0	2.0	2645.46264648	8.0	2.0	36.9000003338	2.71302965328	0.231493383646	-0.823017537594	0.51870316267	20.947224526	20.6916792358	-24.0320510864	-36.1604995728	-61.1258506775	0.451852498014	0.0	0.0	0.0	0.0	0.0	0.719989168443	1.0	2
1.0	1222.06433105	9.0	4.0	1520.0267334	5.0	4.0	83.9800002575	1.41788223885	0.481960505247	0.326361715794	-0.813143372536	15.997461274	30.6208109967	-10.4337444305	-61.6185531616	-31.7169494629	0.909613999502	0.0	0.0	0.0	0.0	0.0	0.979739134188	1.0	2
1.0	410.882629395	3.0	1.0	197.805908203	3.0	3.0	31.0199999809	2.75438193684	-0.745893239975	0.614385485649	-0.257242619991	0.0	19.6401428385	-23.0439987183	-65.8475494385	-33.5741004944	0.311437170527	0.0	0.0	0.0	0.0	0.0	0.233496670922	1.0	2
1.0	1687.74035645	13.0	7.0	2092.57885742	5.0	5.0	143.379999638	0.0	-0.997889816761	0.0560520589352	0.0327726565301	10.4095369694	15.9770309312	-27.8312988281	-66.2856521606	-14.5823497772	0.158168115548	2.0	0.920000016689	6.44000005722	0.0	7.65999984741	0.982088419571	1.0	2
1.0	1573.27697754	6.0	2.0	584.153991699	3.0	3.0	42.5199992657	2.66858198008	0.0189990829676	0.680850982666	-0.732175529003	31.7365455189	19.4856334906	-30.4309501648	-50.4102020264	-49.0273513794	0.356854748547	0.0	0.0	0.0	0.0	0.0	0.353673415067	1.0	2
1.0	869.386108398	9.0	5.0	1539.06298828	4.0	4.0	112.179999352	0.0	-0.997889816761	0.0560520589352	0.0327726565301	0.0	15.9770309312	-27.8312988281	-66.2856521606	-14.5823497772	0.158168115548	1.0	0.920000016689	0.0	0.0	0.920000016689	0.968965816825	1.0	2
1.0	339.080993652	2.0	0.0	461.102966309	3.0	0.0	0.0	10.0	0.0	0.0	0.0	0.0	0.0	0.0	0.0	0.0	2.0	0.0	0.0	0.0	0.0	0.0	8.3796587858e-10	0.0	2
1.0	3057.67114258	6.0	3.0	833.104919434	5.0	3.0	31.740000248	2.15295611911	-0.859733104706	0.510295033455	0.0214014817029	2.31951571311	41.6444192403	-30.6795005798	-60.7841491699	-25.9328994751	0.724750539148	0.0	0.0	0.0	0.0	0.0	0.980117568872	1.0	2
1.0	3924.59960938	9.0	3.0	1733.59204102	4.0	4.0	113.460000515	0.0	-0.105046205223	-0.992555379868	-0.061637300998	39.959842011	1.9857737084	-17.9282493591	-51.4123535156	-48.9270019531	0.804741565637	3.0	11.1199998856	36.5200004578	1.0	11.1199998856	0.999644606639	1.0	2
1.0	3151.16772461	10.0	5.0	1022.81903076	5.0	5.0	128.78000021	0.0	-0.104935109615	-0.992567420006	-0.0616318508983	4.12152332772	15.2659952056	-28.9312000275	-63.8656005859	-16.9820995331	0.0230047597342	2.0	11.1199998856	23.5600004196	1.0	11.1199998856	0.996435606596	1.0	2
1.0	530.820983887	3.0	1.0	289.353027344	2.0	1.0	9.07999992371	2.40493242926	-0.0451646074653	-0.384423077106	0.922051548958	27.7658348718	10.20339981	-4.93519020081	-57.9273986816	-31.8517494202	0.168582975637	0.0	0.0	0.0	0.0	0.0	0.536945316987	1.0	2
1.0	4107.25390625	8.0	4.0	1601.07202148	7.0	4.0	63.0000004768	0.0	-0.105046205223	-0.992555379868	-0.061637300998	37.7266331398	1.9857737084	-17.9282493591	-51.4123535156	-48.9270019531	0.804741565637	4.0	1.05999994278	37.1400003433	2.0	11.1199998856	0.999019512465	1.0	2
1.0	2485.42871094	5.0	1.0	243.968002319	2.0	2.0	39.4400005341	1.45122707668	-0.995595753193	0.0935853347182	-0.00555610843003	0.0	11.3107930367	-20.5597991943	-65.4595489502	-31.5747489929	0.74740888241	0.0	0.0	0.0	0.0	0.0	0.73033414863	1.0	2
1.0	4492.81005859	8.0	4.0	818.655029297	4.0	4.0	107.459998608	0.0	-0.104935109615	-0.992567420006	-0.0616318508983	4.12152332772	15.2659952056	-28.9312000275	-63.8656005859	-16.9820995331	0.0230047597342	2.0	11.3199996948	27.5399999619	0.0	14.7600002289	0.999285362838	1.0	2
1.0	339.080993652	2.0	1.0	416.459991455	2.0	1.0	23.4799995422	3.09407981887	-0.0926328226924	-0.849927425385	0.51869314909	11.7288408523	6.38397526853	-18.5033988953	-37.363899231	-59.9322013855	0.575071930569	0.0	0.0	0.0	0.0	0.0	0.324064133971	1.0	2
1.0	3593.04370117	6.0	3.0	1669.36999512	5.0	4.0	76.0400004387	0.0	0.104935109615	0.992567420006	0.0616318508983	2.10323389283	31.7998950774	-28.9312000275	-63.8656005859	-16.9820995331	0.217540933193	2.0	13.6400003433	27.0399999619	0.0	14.7600002289	0.987583919866	1.0	2
1.0	47.8989982605	1.0	0.0	675.891967773	3.0	0.0	0.0	10.0	0.0	0.0	0.0	0.0	0.0	0.0	0.0	0.0	2.0	0.0	0.0	0.0	0.0	0.0	8.3796587858e-10	0.0	2
1.0	328.641998291	2.0	1.0	263.055999756	1.0	1.0	15.2600002289	2.87632571628	0.549033164978	0.398753613234	-0.734546244144	4.99664713574	9.03570894197	-22.8466491699	-62.9525985718	-38.5208511353	0.960976309426	0.0	0.0	0.0	0.0	0.0	0.745346590671	1.0	2
1.0	1135.96801758	4.0	1.0	3001.61132812	7.0	3.0	39.0199995041	2.58644159019	-0.331431031227	0.365447729826	-0.869828402996	0.0	19.9203564224	-10.5405302048	-63.9233474731	-38.5536003113	0.144551989307	0.0	0.0	0.0	0.0	0.0	0.823226705393	1.0	2
1.0	2232.125	8.0	4.0	2219.58813477	5.0	3.0	47.819999218	0.0	-0.999344229698	0.0346990264952	0.0103471018374	2.09473306188	30.3139414597	-25.6674003601	-68.7204437256	-20.2754993439	0.847288086816	0.0	0.0	0.0	1.0	9.80000019073	0.972101999225	1.0	2
1.0	221.766998291	2.0	1.0	1780.34912109	5.0	3.0	34.0	0.0	-0.999344229698	0.0346990264952	0.0103471018374	2.09473306188	30.8274480164	-25.6674003601	-68.7204437256	-20.2754993439	0.847288086816	0.0	0.0	0.0	1.0	9.80000019073	0.46804852295	1.0	2
1.0	1251.03503418	5.0	1.0	2235.83300781	6.0	3.0	33.279999733	2.58644159019	0.331431031227	-0.365447729826	0.869828402996	0.0	37.6282662595	-10.5405302048	-63.9233474731	-38.5536003113	0.144551989307	0.0	0.0	0.0	0.0	0.0	0.720972865189	1.0	2
1.0	85.6724014282	1.0	0.0	788.388000488	2.0	0.0	0.0	10.0	0.0	0.0	0.0	0.0	0.0	0.0	0.0	0.0	2.0	0.0	0.0	0.0	0.0	0.0	8.3796587858e-10	0.0	2
1.0	2262.32373047	8.0	3.0	3432.18066406	5.0	4.0	125.719999552	0.0	0.0461943224072	0.993749678135	-0.101624883711	6.32253282181	39.4541831817	-20.8791999817	-68.9358520508	-21.2405014038	0.388451381837	4.0	7.36000013351	32.7199997902	3.0	11.8000001907	0.985883622578	1.0	2
1.0	648.2734375	3.0	1.0	1751.5345459	4.0	1.0	2.6400001049	3.27867345013	0.868331968784	0.0205307602882	-0.495558381081	9.48984850075	0.0	-29.6212501526	-58.9487533569	-40.0320510864	0.261328159808	0.0	0.0	0.0	0.0	0.0	0.301467481556	1.0	2
1.0	2329.99267578	7.0	2.0	2385.15527344	5.0	4.0	73.259999752	0.0	-0.998026132584	0.0331811197102	-0.0533185824752	12.1811091274	38.2302668313	-35.7626495361	-56.0922012329	-39.1949501038	0.791150879805	1.0	8.15999984741	7.82000017166	2.0	11.8000001907	0.968479392731	1.0	2
1.0	502.148773193	5.0	1.0	1971.62756348	6.0	3.0	17.8000001907	0.0	-0.99802595377	0.0331811159849	-0.0533219575882	10.9095272167	25.2838110935	-17.852350235	-67.7582015991	-24.097650528	0.9006722298	1.0	7.82000017166	7.44000005722	1.0	7.82000017166	0.849701578193	1.0	2
1.0	2194.83154297	7.0	3.0	2970.19384766	4.0	4.0	81.5199995041	0.0	-0.99802595377	0.0331811159849	-0.0533219575882	10.9095272167	40.9421549966	-17.852350235	-67.7582015991	-24.097650528	0.9006722298	1.0	7.82000017166	7.44000005722	2.0	11.8000001907	0.981471110423	1.0	2
1.0	735.46081543	3.0	1.0	995.117492676	3.0	2.0	30.0599999428	0.0	0.998023033142	-0.0332690402865	0.0533218458295	1.52424119249	20.3547893091	-13.9607505798	-54.2611503601	-44.0679473877	0.443669318183	1.0	8.15999984741	7.82000017166	1.0	8.15999984741	0.0158190303256	1.0	2
1.0	2290.95288086	7.0	2.0	2950.8203125	5.0	5.0	65.2200009823	0.0	0.0461898557842	0.993751108646	-0.1016131863	18.8316800173	42.8667381704	-34.5280990601	-59.1964988708	-33.0384979248	0.266643156215	1.0	7.36000013351	9.47999954224	0.0	7.36000013351	0.995411259336	1.0	2
1.0	2093.27270508	7.0	1.0	824.552001953	4.0	1.0	12.6599998474	0.0	0.998023092747	-0.0332724004984	0.0533184222877	16.0891626003	1.01755848046	-21.0891494751	-58.8467483521	-41.0592498779	0.518427928263	1.0	8.06000041962	8.14000034332	0.0	8.06000041962	0.932465093756	1.0	2
1.0	2438.92236328	7.0	3.0	2340.51708984	3.0	3.0	66.6999993324	0.0	0.998026132584	-0.0331811197102	0.0533185824752	35.9140216549	1.51266658899	-35.7626495361	-56.0922012329	-39.1949501038	0.791150879805	0.0	0.0	0.0	1.0	11.8000001907	0.966800833735	1.0	2
1.0	331.391998291	2.0	0.0	454.863006592	1.0	0.0	0.0	10.0	0.0	0.0	0.0	0.0	0.0	0.0	0.0	0.0	2.0	0.0	0.0	0.0	0.0	0.0	8.3796587858e-10	0.0	2
1.0	2194.59667969	5.0	1.0	1514.48205566	3.0	3.0	47.8599996567	0.0	0.994935154915	0.0	-0.100518830121	2.70769159426	23.1353319005	-20.9143486023	-67.3075027466	-21.2429504395	0.767101725167	1.0	5.46000003815	5.46000003815	0.0	5.46000003815	0.976789592673	1.0	2
1.0	1847.97412109	2.0	0.0	634.554016113	2.0	0.0	0.0	10.0	0.0	0.0	0.0	0.0	0.0	0.0	0.0	0.0	2.0	0.0	0.0	0.0	0.0	0.0	8.3796587858e-10	1.0	2
1.0	2374.2878418	6.0	2.0	1334.79101562	2.0	2.0	29.4599995613	0.0	0.994935154915	0.0	-0.100518830121	2.70769159426	19.8074165941	-20.9143486023	-67.3075027466	-21.2429504395	0.767101725167	1.0	5.46000003815	5.46000003815	0.0	5.46000003815	0.972818108552	1.0	2
1.0	1836.6920166	3.0	0.0	749.436035156	3.0	0.0	0.0	10.0	0.0	0.0	0.0	0.0	0.0	0.0	0.0	0.0	2.0	0.0	0.0	0.0	0.0	0.0	8.3796587858e-10	1.0	2
1.0	2374.2878418	6.0	2.0	1334.79101562	2.0	2.0	29.4599995613	0.0	0.994935154915	0.0	-0.100518830121	2.70769159426	19.8074165941	-20.9143486023	-67.3075027466	-21.2429504395	0.767101725167	1.0	5.46000003815	5.46000003815	0.0	5.46000003815	0.973424073053	1.0	2
1.0	467.244018555	2.0	0.0	454.863006592	1.0	0.0	0.0	10.0	0.0	0.0	0.0	0.0	0.0	0.0	0.0	0.0	2.0	0.0	0.0	0.0	0.0	0.0	8.3796587858e-10	1.0	2
1.0	283.744598389	2.0	0.0	1069.22167969	4.0	0.0	0.0	10.0	0.0	0.0	0.0	0.0	0.0	0.0	0.0	0.0	2.0	0.0	0.0	0.0	0.0	0.0	8.3796587858e-10	0.0	2
1.0	3788.59936523	10.0	4.0	2971.80908203	5.0	3.0	81.4800000191	0.0	0.998985528946	-0.0365959256887	0.0262422859669	4.53785605093	15.4723122439	-23.817899704	-53.0615997314	-54.1714515686	0.773581139798	2.0	7.84000015259	9.26919989288	0.0	9.43999958038	0.995185714833	1.0	2
1.0	532.715026855	4.0	2.0	1662.10827637	5.0	4.0	69.6400003433	0.0	0.998985528946	-0.0365959256887	0.0262422859669	22.6751493449	15.4723122439	-23.817899704	-53.0615997314	-54.1714515686	0.773581139798	1.0	9.43999958038	9.11999988556	0.0	9.43999958038	0.430549884229	1.0	2
1.0	3311.60400391	10.0	5.0	2094.81396484	2.0	2.0	72.3600003719	0.0	0.998987436295	-0.0365989692509	0.0261648651212	1.28316689777	20.0203237626	-31.5022506714	-67.0054931641	-18.219499588	0.369287437445	1.0	16.7800006866	16.3600006104	1.0	16.2000007629	0.989966971844	1.0	2
1.0	1172.70166016	4.0	2.0	1069.22167969	4.0	1.0	29.3599996567	0.0	0.998985469341	-0.0365958362818	0.0262444149703	1.28326993885	13.4970873623	-24.5519485474	-44.2697982788	-60.8351516724	0.496984104788	1.0	7.84000015259	0.149200007319	0.0	7.84000015259	0.188525597912	1.0	2
1.0	3617.35766602	9.0	3.0	2045.49511719	3.0	3.0	64.656400919	0.0	0.998987436295	-0.0365989692509	0.0261648651212	1.28316689777	20.0203237626	-31.5022506714	-67.0054931641	-18.219499588	0.369287437445	3.0	11.3599996567	38.0399999619	1.0	16.2000007629	0.973306622597	1.0	2
1.0	1221.90563965	6.0	2.0	2710.05981445	6.0	1.0	25.5600004196	3.40599465069	0.277874022722	-0.765722453594	0.580047547817	2.49202574854	23.0370909079	-16.8066005707	-41.9092483521	-67.5694503784	0.10273297555	0.0	0.0	0.0	0.0	0.0	0.585715119547	1.0	2
1.0	974.80065918	5.0	4.0	636.536010742	2.0	2.0	44.4800000191	1.68848157521	-0.453704178333	0.14542388916	0.879206717014	10.3724292515	11.993369646	-31.0488510132	-62.5537033081	-29.3467998505	0.0338760157176	0.0	0.0	0.0	0.0	0.0	0.982399700967	1.0	2
1.0	1397.54467773	3.0	0.0	1069.22167969	4.0	0.0	0.0	10.0	0.0	0.0	0.0	0.0	0.0	0.0	0.0	0.0	2.0	0.0	0.0	0.0	0.0	0.0	8.3796587858e-10	1.0	2
1.0	4446.08691406	12.0	4.0	2576.34423828	4.0	4.0	95.6800000668	0.0	0.998985528946	-0.0365959256887	0.0262422859669	32.4569628471	21.5168253389	-23.817899704	-53.0615997314	-54.1714515686	0.773581139798	1.0	9.43999958038	9.11999988556	0.0	9.43999958038	0.999338581785	1.0	2
1.0	882.090454102	4.0	0.0	995.671813965	5.0	0.0	0.0	10.0	0.0	0.0	0.0	0.0	0.0	0.0	0.0	0.0	2.0	0.0	0.0	0.0	0.0	0.0	8.3796587858e-10	0.0	2
1.0	5772.51660156	10.0	3.0	1189.89904785	11.0	6.0	98.5572007895	0.0	-0.999826014042	0.0	-0.0186529867351	26.9879763254	17.6674687554	-33.6019973755	-58.2495994568	-35.5943527222	0.591923680606	4.0	11.720000267	48.3199996948	0.0	13.3199996948	0.999539437488	1.0	2
1.0	5908.03808594	12.0	2.0	2363.62158203	10.0	4.0	49.8000006676	0.0	-0.00382819119841	-0.980662703514	0.195668235421	0.0	38.3700046191	-11.3217000961	-64.5761489868	-33.915599823	0.634593744284	3.0	4.38000011444	28.3799996376	0.0	13.1400003433	0.99961704429	1.0	2
1.0	5608.36230469	13.0	2.0	1260.17883301	9.0	6.0	50.1971999407	0.0	-0.999826014042	0.0	-0.0186529867351	26.9879763254	15.858007091	-33.6019973755	-58.2495994568	-35.5943527222	0.591923680606	2.0	13.3199996948	24.5	0.0	13.3199996948	0.999395236089	1.0	2
1.0	3918.29296875	5.0	2.0	961.180969238	7.0	5.0	55.8972007036	0.0	-0.999826014042	0.0	-0.0186547394842	21.8667485899	21.1372145356	-33.6854019165	-62.5433998108	-31.2444496155	0.248999678902	5.0	1.13999998569	48.3199996948	0.0	13.3199996948	0.976238869085	1.0	2
1.0	6202.26464844	12.0	6.0	1687.6809082	11.0	6.0	147.720000505	0.0	0.00372826005332	0.980663061142	-0.195668309927	25.0656150592	17.5814242778	-33.0851516724	-59.5186500549	-34.1665992737	0.156277735571	4.0	12.8599996567	50.8000001907	0.0	15.3599996567	0.999777911473	1.0	2
1.0	1061.43530273	6.0	1.0	1064.86682129	4.0	1.0	16.2000007629	2.64196896633	-0.940922856331	0.194152161479	0.277433156967	0.0	25.645488061	-25.5345497131	-64.9766998291	-30.6066493988	0.216120635464	0.0	0.0	0.0	0.0	0.0	0.261824821733	1.0	2
1.0	6099.2265625	10.0	4.0	1779.25720215	11.0	8.0	116.517200589	0.0	-0.999826014042	0.0	-0.0186529867351	26.9879763254	15.858007091	-33.6019973755	-58.2495994568	-35.5943527222	0.591923680606	3.0	1.13999998569	24.5	0.0	13.3199996948	0.99976173553	1.0	2
1.0	3620.72949219	13.0	3.0	1851.734375	10.0	2.0	48.5171996355	0.0	-0.00372826005332	-0.980663061142	0.195668309927	1.14256521876	18.2755189791	-33.0851516724	-59.5186500549	-34.1665992737	0.156277735571	2.0	13.3199996948	28.1800003052	0.0	15.3599996567	0.984889503716	1.0	2
1.0	4487.73388672	10.0	4.0	1022.46417236	9.0	4.0	69.7372003794	0.0	-0.999826014042	0.0	-0.0186529867351	2.51771773646	32.3615985914	-33.6019973755	-58.2495994568	-35.5943527222	0.591923680606	3.0	11.720000267	36.8599996567	0.0	13.3199996948	0.976849967595	1.0	2
1.0	344.154418945	2.0	1.0	681.203979492	1.0	1.0	17.0799999237	2.8411160522	-0.762419521809	-0.112897410989	0.637158274651	2.33401657611	6.84624355079	-23.7472000122	-61.5335502625	-33.1041488647	0.618510329944	0.0	0.0	0.0	0.0	0.0	-1.0	0.0	2
1.0	1503.19299316	8.0	2.0	2239.16650391	7.0	6.0	103.919999361	0.0	0.0265261642635	0.970082998276	-0.241320088506	10.462012902	32.6175546282	-24.5199012756	-69.0924987793	-20.9881515503	0.696980525465	3.0	5.19999980927	25.5599994659	1.0	5.19999980927	0.982551913687	1.0	2
1.0	856.47668457	4.0	2.0	2342.2578125	5.0	4.0	54.0	0.0	0.0265261642635	0.970082998276	-0.241320088506	10.462012902	31.1079481299	-24.5199012756	-69.0924987793	-20.9881515503	0.696980525465	2.0	5.19999980927	16.5999994278	1.0	5.19999980927	0.662697203587	1.0	2
1.0	1287.8034668	7.0	4.0	2551.14599609	4.0	3.0	44.4799993038	0.0	-0.993508279324	0.0	-0.113759703934	31.8429278019	2.35802608101	-25.7479496002	-47.0443992615	-45.410697937	0.733684555909	2.0	10.7600002289	21.3999996185	0.0	12.3599996567	0.972462392199	1.0	2
1.0	344.154418945	2.0	1.0	898.979003906	2.0	2.0	20.1999998093	2.8411160522	-0.762419521809	-0.112897410989	0.637158274651	2.33401657611	22.9174927088	-23.7472000122	-61.5335502625	-33.1041488647	0.618510329944	0.0	0.0	0.0	0.0	0.0	0.0461098818174	1.0	2
1.0	730.376464844	4.0	1.0	1924.98706055	5.0	2.0	31.4799995422	2.8411160522	-0.762419521809	-0.112897410989	0.637158274651	2.33401657611	6.84624355079	-23.7472000122	-61.5335502625	-33.1041488647	0.618510329944	0.0	0.0	0.0	0.0	0.0	0.517915184419	1.0	2
1.0	1124.61132812	8.0	2.0	3381.61474609	4.0	2.0	69.8399991989	2.56997279557	0.29666531086	0.875925958157	0.38045156002	12.6580808846	31.895411733	-6.55413532257	-57.989151001	-21.7272987366	0.516071103928	0.0	0.0	0.0	0.0	0.0	0.974196387623	1.0	2
1.0	723.854675293	5.0	1.0	681.203979492	1.0	1.0	17.0799999237	2.8411160522	-0.762419521809	-0.112897410989	0.637158274651	2.33401657611	6.84624355079	-23.7472000122	-61.5335502625	-33.1041488647	0.618510329944	0.0	0.0	0.0	0.0	0.0	0.513074930146	1.0	2
1.0	1177.73291016	8.0	2.0	2757.24121094	3.0	2.0	60.7999987602	0.0	-0.993508279324	0.0	-0.113759703934	28.402239571	2.35802608101	-25.7479496002	-47.0443992615	-45.410697937	0.733684555909	1.0	10.7600002289	8.96000003815	0.0	10.7600002289	0.979591752666	1.0	2
1.0	512.485107422	3.0	1.0	950.478271484	4.0	2.0	15.3000004292	2.87971011239	-0.848174989223	-0.314938187599	0.425926148891	2.688511249	12.9902893189	-23.8430500031	-58.3175506592	-36.490650177	0.00314249993586	0.0	0.0	0.0	0.0	0.0	-1.0	0.0	2
1.0	512.485107422	3.0	2.0	1559.68566895	6.0	3.0	31.8199999332	2.87971011239	-0.848174989223	-0.314938187599	0.425926148891	2.688511249	12.9902893189	-23.8430500031	-58.3175506592	-36.490650177	0.00314249993586	0.0	0.0	0.0	0.0	0.0	0.175270907262	1.0	2
1.0	1015.25311279	5.0	1.0	950.478271484	4.0	2.0	15.3000004292	2.87971011239	-0.848174989223	-0.314938187599	0.425926148891	2.688511249	12.9902893189	-23.8430500031	-58.3175506592	-36.490650177	0.00314249993586	0.0	0.0	0.0	0.0	0.0	0.37986553941	1.0	2
1.0	1599.38769531	9.0	4.0	3144.40478516	7.0	5.0	80.7400000095	0.0	-0.982096016407	0.129221111536	0.137074023485	3.67352993833	35.8963975487	-31.5881500244	-66.8497467041	-16.5638008118	0.413316418229	6.0	5.26000022888	40.3399999142	0.0	12.8999996185	0.976789639273	1.0	2
1.0	1810.70214844	9.0	4.0	2933.09008789	7.0	5.0	77.060000658	0.0	0.98212313652	-0.129118174314	-0.136976987123	34.2360756404	1.02134380017	-35.123046875	-45.0367012024	-42.143447876	0.624429454333	6.0	5.48000001907	37.5	1.0	5.48000001907	0.918987003977	1.0	2
1.0	1842.80737305	8.0	4.0	1056.80383301	6.0	5.0	80.720000267	0.0	-0.982109487057	0.129219338298	0.136979401112	33.2173485276	21.9005587442	-35.2098503113	-46.0104522705	-41.8479499817	0.333492431014	3.0	9.60000038147	28.6399998665	0.0	12.8999996185	0.984022224633	1.0	2
1.0	2062.19482422	11.0	5.0	1814.92456055	4.0	4.0	93.6999993324	0.0	-0.0849869325757	-0.953449964523	0.289327383041	37.1954765791	1.77694981619	-12.6450004578	-44.4951019287	-38.6199493408	0.955609938102	4.0	5.48000001907	20.5	1.0	5.48000001907	0.980629989664	1.0	2
1.0	135.185699463	2.0	0.0	904.341918945	3.0	0.0	0.0	10.0	0.0	0.0	0.0	0.0	0.0	0.0	0.0	0.0	2.0	0.0	0.0	0.0	0.0	0.0	8.3796587858e-10	0.0	2
1.0	3896.140625	11.0	5.0	2929.14135742	5.0	4.0	133.499999523	0.0	0.0412720516324	0.994553029537	-0.0957124754786	22.4667234431	34.9096530333	-28.7486000061	-59.1176528931	-36.0597991943	0.415511943382	1.0	2.8599998951	0.084399998188	1.0	2.8599998951	0.99740683994	1.0	2
1.0	629.942016602	2.0	1.0	185.580001831	1.0	1.0	18.3999996185	1.7561064855	0.0601821951568	0.844495236874	-0.532170951366	12.8017423311	1.93911127435	-18.5300006866	-61.3931007385	-37.4154968262	0.854986966919	0.0	0.0	0.0	0.0	0.0	0.516547133621	1.0	2
1.0	3922.91967773	12.0	3.0	1859.92260742	5.0	4.0	62.6855999231	0.0	-0.99819034338	0.0287192258984	-0.0528320111334	15.6447114481	26.2811238784	-23.3891983032	-63.2418518066	-33.9912490845	0.436721220334	3.0	2.8599998951	22.0444000363	1.0	2.8599998951	0.998851717001	1.0	2
1.0	1999.02368164	6.0	1.0	510.554992676	3.0	1.0	5.34000015259	3.28562011347	-0.156161263585	-0.794404804707	0.586970746517	21.5182222941	1.93511514722	-21.1725006104	-41.6210021973	-59.7105484009	0.450138730792	0.0	0.0	0.0	0.0	0.0	0.427153054785	1.0	2
1.0	1339.56799316	8.0	4.0	1710.36669922	5.0	4.0	65.8799993992	2.68899796013	-0.066330589354	-0.563507437706	0.823443770409	27.7034025864	34.7505001946	-5.13044500351	-49.4808502197	-31.6416988373	0.989318056914	0.0	0.0	0.0	0.0	0.0	0.993437121191	1.0	2
1.0	3326.91503906	10.0	6.0	3035.74658203	6.0	5.0	66.7656000853	0.0	-0.99819034338	0.0287192258984	-0.0528320111334	15.6447114481	41.7120338572	-23.3891983032	-63.2418518066	-33.9912490845	0.436721220334	2.0	9.19999980927	21.3599996567	0.0	10.779999733	0.996034709567	1.0	2
1.0	2954.59667969	10.0	3.0	1406.62963867	3.0	2.0	38.9399998188	0.0	0.0412720516324	0.994553029537	-0.0957124754786	8.12952208753	19.6040705574	-28.7486000061	-59.1176528931	-36.0597991943	0.415511943382	1.0	2.8599998951	0.084399998188	1.0	2.8599998951	0.979011131703	1.0	2
1.0	3219.32348633	8.0	4.0	2133.70703125	6.0	6.0	91.4656002522	0.0	-0.99819034338	0.0287192258984	-0.0528320111334	15.6447114481	24.2770184523	-23.3891983032	-63.2418518066	-33.9912490845	0.436721220334	2.0	10.779999733	22.4800004959	0.0	12.1400003433	0.986473682355	1.0	2
1.0	3533.65722656	8.0	5.0	3086.86254883	5.0	4.0	126.179999352	0.0	0.0412720516324	0.994553029537	-0.0957124754786	22.4667234431	34.9096530333	-28.7486000061	-59.1176528931	-36.0597991943	0.415511943382	1.0	2.8599998951	0.084399998188	1.0	2.8599998951	0.978639864881	1.0	2
1.0	144.195007324	1.0	1.0	645.215942383	3.0	1.0	14.1999998093	2.90963908471	-0.221238672733	-0.513243019581	0.829237639904	6.39292895442	13.1202950974	-15.7446994781	-60.0454483032	-33.2070503235	0.945127407073	0.0	0.0	0.0	0.0	0.0	-1.0	0.0	2
1.0	177.769805908	2.0	2.0	2303.39111328	6.0	3.0	60.3800001144	1.31589894467	-0.00629513850436	0.344253212214	-0.93885576725	2.42439879002	18.0437580078	-19.9402503967	-50.8382492065	-42.3888473511	0.916679828325	0.0	0.0	0.0	0.0	0.0	0.446149906551	1.0	2
1.0	533.715820312	4.0	2.0	2094.80493164	2.0	1.0	32.039999485	2.83599887077	-0.852584898472	-0.292976945639	0.432739496231	22.2098203924	9.48355369066	-24.253950119	-55.7900009155	-37.4237518311	0.716849642351	0.0	0.0	0.0	0.0	0.0	0.68266176881	1.0	2
1.0	144.195007324	1.0	1.0	1825.96008301	6.0	2.0	35.9600000381	1.31589894467	-0.00629513850436	0.344253212214	-0.93885576725	2.42439879002	18.0437580078	-19.9402503967	-50.8382492065	-42.3888473511	0.916679828325	0.0	0.0	0.0	0.0	0.0	0.283383774796	1.0	2
1.0	404.219818115	3.0	3.0	1654.4140625	5.0	4.0	72.3000004292	0.0	0.0288053154945	-0.963138341904	0.267459958792	19.2231427032	15.107525522	-33.7730026245	-52.4149017334	-31.1887512207	0.00412168980976	1.0	12.2399997711	11.6000003815	1.0	12.2399997711	0.186323291997	1.0	2
1.0	338.009307861	3.0	0.0	363.148986816	3.0	0.0	0.0	10.0	0.0	0.0	0.0	0.0	0.0	0.0	0.0	0.0	2.0	0.0	0.0	0.0	0.0	0.0	8.3796587858e-10	0.0	2
1.0	3134.25585938	9.0	2.0	923.36517334	3.0	2.0	45.9000005722	2.72486330442	-0.180379807949	0.33960044384	-0.923111379147	11.5102950565	21.0001190278	-30.5886497498	-64.5661468506	-26.745300293	0.83434096581	0.0	0.0	0.0	0.0	0.0	0.990345336993	1.0	2
1.0	446.982330322	4.0	1.0	109.552001953	1.0	1.0	6.76000022888	2.02658578452	-0.896819651127	0.441459268332	-0.0287797376513	11.3167645215	4.19039815425	-30.7639503479	-63.7377510071	-22.1115989685	0.665748244405	0.0	0.0	0.0	0.0	0.0	0.191570941623	1.0	2
1.0	446.982330322	4.0	1.0	109.552001953	1.0	1.0	6.76000022888	2.02658578452	-0.896819651127	0.441459268332	-0.0287797376513	11.3167645215	4.19039815425	-30.7639503479	-63.7377510071	-22.1115989685	0.665748244405	0.0	0.0	0.0	0.0	0.0	0.191570941623	1.0	2
1.0	2620.01367188	7.0	4.0	2567.0793457	8.0	6.0	114.70000124	1.76665217136	-0.0602401122451	-0.176961570978	-0.982372522354	40.6039197817	28.6007845097	-4.6129450798	-40.2100486755	-45.2590026855	0.38213955568	0.0	0.0	0.0	0.0	0.0	0.97070505347	1.0	2
1.0	372.911499023	4.0	0.0	363.148986816	3.0	0.0	0.0	10.0	0.0	0.0	0.0	0.0	0.0	0.0	0.0	0.0	2.0	0.0	0.0	0.0	0.0	0.0	8.3796587858e-10	1.0	2
1.0	2811.55493164	9.0	3.0	2029.24316406	5.0	4.0	92.2000021935	2.02658578452	-0.896819651127	0.441459268332	-0.0287797376513	11.3167645215	36.1029539305	-30.7639503479	-63.7377510071	-22.1115989685	0.665748244405	0.0	0.0	0.0	0.0	0.0	0.989691281157	1.0	2
1.0	3141.83496094	9.0	1.0	1872.47119141	5.0	3.0	35.7199997902	2.98487522267	-0.569755077362	-0.181256964803	0.80157661438	13.1613034291	14.142341223	-25.167301178	-61.8675498962	-35.7513999939	0.22759359317	0.0	0.0	0.0	0.0	0.0	0.962040829913	1.0	2
1.0	2702.58203125	8.0	2.0	2484.51147461	7.0	2.0	44.5200014114	2.48270816188	-0.718916654587	-0.54349064827	0.433332204819	23.9874557636	2.60567298744	-17.9250488281	-44.9225997925	-60.0237998962	0.188966029177	0.0	0.0	0.0	0.0	0.0	0.978685316776	1.0	2
1.0	776.705932617	4.0	1.0	268.797790527	2.0	1.0	10.6800003052	3.30549543168	-0.330038964748	-0.21677993238	0.918738663197	1.10965665226	13.369119156	-14.9598503113	-70.5677947998	-18.9232997894	0.177931455592	0.0	0.0	0.0	0.0	0.0	-1.0	0.0	2
1.0	1166.96435547	5.0	2.0	1328.30371094	5.0	4.0	45.6400008202	0.0	0.994902431965	0.0	-0.100842297077	2.64392080106	19.2247609145	-11.6503000259	-67.4248962402	-25.8800506592	0.54794520438	2.0	1.03999996185	10.0	0.0	8.42000007629	0.380617445628	1.0	2
1.0	2977.61230469	6.0	5.0	1254.57006836	7.0	5.0	100.119999886	0.0	0.994902431965	0.0	-0.100842297077	2.64392080106	35.6181559749	-11.6503000259	-67.4248962402	-25.8800506592	0.54794520438	4.0	1.03999996185	41.220000267	0.0	14.9600000381	0.971883623604	1.0	2
1.0	708.720275879	4.0	1.0	635.55682373	3.0	1.0	11.6599998474	1.37740700458	0.073687158525	-0.482863217592	0.872590005398	4.55896677577	1.048879375	-25.5249996185	-60.6808509827	-38.5509490967	0.831706077388	0.0	0.0	0.0	0.0	0.0	0.433389467726	1.0	2
1.0	2577.64453125	8.0	4.0	2025.25976562	5.0	3.0	55.7800006866	0.0	0.994893431664	0.0	-0.100930772722	37.1898699528	1.52549054688	-29.1310997009	-47.301700592	-48.2900009155	0.823423190176	4.0	1.03999996185	39.3400001526	0.0	16.8400001526	0.980881254308	1.0	2
1.0	3074.37426758	6.0	3.0	717.47869873	5.0	3.0	49.5800008774	0.0	0.994902431965	0.0	-0.100842297077	2.64392080106	19.2247609145	-11.6503000259	-67.4248962402	-25.8800506592	0.54794520438	2.0	1.03999996185	10.0	0.0	8.42000007629	0.831135639452	1.0	2
1.0	59.5587005615	1.0	1.0	551.177001953	1.0	1.0	9.89999961853	4.09465494418	-0.327133655548	-0.678882360458	0.65734487772	1.57671799209	2.65260604077	-13.8190002441	-51.0830497742	-49.6323013306	0.814842347036	0.0	0.0	0.0	0.0	0.0	-1.0	0.0	2
1.0	562.187988281	3.0	2.0	499.665710449	2.0	2.0	21.5599994659	3.61860474079	-0.217019677162	0.721059560776	-0.658008813858	14.1301606618	13.7894063278	-22.1665496826	-51.9214477539	-46.6794509888	0.0677621294189	0.0	0.0	0.0	0.0	0.0	0.988632626333	1.0	2
1.0	178.438690186	2.0	2.0	510.730285645	2.0	1.0	10.1527996063	0.0	-0.998336136341	-0.0337452404201	0.0467575117946	2.18983367543	21.3353985949	-2.36720991135	-58.5433998108	-23.2015991211	0.0153903181536	1.0	12.0600004196	11.4600000381	0.0	12.0600004196	0.119398222	1.0	2
1.0	938.645263672	4.0	2.0	849.826293945	2.0	2.0	30.2199993134	3.32553759366	0.702274560928	-0.0275967959315	0.711371064186	8.43461944305	4.88434127244	-16.4491004944	-69.658996582	-14.3388004303	0.944233228295	0.0	0.0	0.0	0.0	0.0	0.370046037871	1.0	2
1.0	1933.7442627	6.0	6.0	759.235290527	4.0	4.0	99.3727993965	0.0	0.0473535396159	-0.972080290318	0.229820623994	29.504550726	18.6749153732	-18.5052986145	-57.7432022095	-40.5768508911	0.501569785738	3.0	1.58000004292	18.3200000525	1.0	5.03999996185	0.972198568357	1.0	2
1.0	233.582702637	2.0	1.0	551.177001953	1.0	1.0	9.89999961853	4.09465494418	-0.327133655548	-0.678882360458	0.65734487772	10.3532303085	2.65260604077	-13.8190002441	-51.0830497742	-49.6323013306	0.814842347036	0.0	0.0	0.0	0.0	0.0	0.191832020093	1.0	2
1.0	1738.94128418	5.0	5.0	954.038269043	3.0	3.0	69.1727986336	0.0	-0.998336136341	-0.0337452404201	0.0467575117946	25.7477327681	21.3353985949	-2.36720991135	-58.5433998108	-23.2015991211	0.0153903181536	1.0	12.0600004196	11.4600000381	0.0	12.0600004196	0.964792181979	1.0	2
1.0	848.279724121	3.0	1.0	641.542480469	2.0	1.0	9.89999961853	4.09465494418	-0.327133655548	-0.678882360458	0.65734487772	22.0715860038	2.65260604077	-13.8190002441	-51.0830497742	-49.6323013306	0.814842347036	0.0	0.0	0.0	0.0	0.0	0.345136510318	1.0	2
1.0	243.830001831	2.0	0.0	472.68737793	3.0	0.0	0.0	10.0	0.0	0.0	0.0	0.0	0.0	0.0	0.0	0.0	2.0	0.0	0.0	0.0	0.0	0.0	8.3796587858e-10	0.0	2
1.0	3510.77001953	10.0	5.0	2535.72216797	5.0	5.0	129.259999752	0.0	-0.106016278267	0.937841951847	-0.330473870039	1.12596930046	36.6282272898	-10.4757499695	-66.5236053467	-31.7889995575	0.16310643941	3.0	2.88000011444	24.7200009823	3.0	15.4399995804	0.988682851504	1.0	2
1.0	2616.40258789	8.0	2.0	2813.67285156	5.0	5.0	46.8399996758	0.0	-0.106013216078	0.937814891338	-0.330551713705	30.1317533164	30.5584750065	-33.6218490601	-52.2732009888	-35.1321487427	0.131430548943	1.0	15.4399995804	16.1200008392	1.0	15.4399995804	0.883689699596	1.0	2
1.0	3482.58105469	9.0	5.0	2579.50390625	5.0	5.0	147.280000329	0.0	0.106021903455	-0.937804341316	0.330578833818	35.828491548	3.74633459689	-16.5144500732	-42.8161506653	-57.1481513977	0.862079973747	3.0	2.88000011444	24.7200009823	3.0	15.4399995804	0.990901686184	1.0	2
1.0	419.54598999	2.0	0.0	165.794998169	1.0	0.0	0.0	10.0	0.0	0.0	0.0	0.0	0.0	0.0	0.0	0.0	2.0	0.0	0.0	0.0	0.0	0.0	8.3796587858e-10	1.0	2
1.0	419.54598999	2.0	0.0	882.664428711	3.0	0.0	0.0	10.0	0.0	0.0	0.0	0.0	0.0	0.0	0.0	0.0	2.0	0.0	0.0	0.0	0.0	0.0	8.3796587858e-10	1.0	2
1.0	468.795166016	2.0	0.0	703.688293457	2.0	0.0	0.0	10.0	0.0	0.0	0.0	0.0	0.0	0.0	0.0	0.0	2.0	0.0	0.0	0.0	0.0	0.0	8.3796587858e-10	0.0	2
1.0	3386.33764648	7.0	5.0	2773.51513672	4.0	4.0	160.19279933	0.0	0.992685258389	-0.0704839602113	-0.0980200618505	44.1230557367	18.84685162	-25.4086494446	-49.2135009766	-50.7946510315	0.810842834702	6.0	4.53999996185	63.8896011114	1.0	13.6000003815	0.987968300974	1.0	2
1.0	2536.50219727	3.0	1.0	2830.43359375	4.0	1.0	12.3199996948	3.9058674129	-0.162529140711	-0.876680195332	0.452787101269	12.5094606206	23.1773364555	-19.5150489807	-42.0677032471	-56.3330001831	0.994230737674	0.0	0.0	0.0	0.0	0.0	0.842077227057	1.0	2
1.0	3104.08740234	6.0	5.0	2928.515625	6.0	5.0	127.36680007	0.0	0.99269336462	-0.0704911500216	-0.0979332625866	50.8953803415	7.65319387507	-22.0718002319	-34.3218994141	-61.0371017456	0.662305282151	7.0	4.53999996185	74.8496001959	1.0	13.6000003815	0.967454422686	1.0	2
1.0	871.618713379	4.0	1.0	1784.94921875	5.0	1.0	16.2000007629	2.75301109537	-0.423784703016	-0.714690387249	0.556438803673	2.07598008114	16.8352864809	-12.6981506348	-59.3720474243	-44.5739517212	0.209152677409	0.0	0.0	0.0	0.0	0.0	0.345136514519	1.0	2
1.0	623.179016113	2.0	1.0	288.924499512	2.0	1.0	11.6400003433	0.0	0.0588506422937	0.984718084335	-0.163911253214	13.6431869619	1.81698131456	-23.957950592	-56.4862518311	-46.7938499451	0.236431817304	1.0	9.56000041962	9.19999980927	0.0	9.56000041962	0.994386124026	1.0	2
1.0	838.12902832	4.0	3.0	1826.37133789	6.0	6.0	82.4200000763	0.0	-0.99269169569	0.0703946650028	0.0980196222663	3.66947675535	26.7536286955	-28.463350296	-68.1608505249	-12.9535503387	0.168315757046	3.0	12.1599998474	34.4600009918	1.0	13.6000003815	0.657489593498	1.0	2
1.0	2422.35327148	5.0	3.0	1672.04919434	5.0	4.0	48.6867997646	0.0	-0.0588506422937	-0.984718084335	0.163911253214	1.81698131456	28.2315635063	-23.957950592	-56.4862518311	-46.7938499451	0.236431817304	2.0	9.56000041962	19.5999994278	0.0	11.0200004578	0.967454437799	1.0	2
1.0	340.889282227	3.0	1.0	514.661010742	2.0	1.0	3.88000011444	0.0	0.99269336462	-0.0704911500216	-0.0979332625866	21.6660264678	1.47160353678	-22.0718002319	-34.3218994141	-61.0371017456	0.281430786346	1.0	12.1599998474	11.0200004578	0.0	12.1599998474	0.512103063301	1.0	2
1.0	2744.26147461	4.0	2.0	2536.54931641	5.0	3.0	33.1927996874	0.0	-0.992685258389	0.0704839602113	0.0980200618505	8.73570476085	16.8572494336	-25.4086494446	-49.2135009766	-50.7946510315	0.810842834702	1.0	10.7600002289	10.7600002289	0.0	10.7600002289	0.967818263391	1.0	2
1.0	739.637329102	2.0	1.0	913.083374023	3.0	1.0	15.1800003052	0.0	0.999277353287	0.0343767292798	0.0162182301283	10.7949976405	2.26893756855	-21.9653015137	-50.2912979126	-42.7862014771	0.453298747626	1.0	1.37999999523	2.27999997139	0.0	1.37999999523	-1.0	0.0	3
1.0	2806.24902344	9.0	3.0	3130.16479492	9.0	6.0	114.614400253	0.0	0.0314975678921	-0.976061046124	0.215204074979	43.2075021054	2.50494942308	-19.3996009827	-36.5237998962	-56.9753494263	0.24645701816	4.0	1.37999999523	16.3799996376	1.0	3.16000008583	0.989656668566	1.0	3
1.0	1097.9206543	5.0	1.0	1250.50390625	4.0	1.0	0.0	10.0	0.0	0.0	0.0	0.0	0.0	0.0	0.0	0.0	2.0	1.0	14.720000267	5.98000001907	0.0	14.720000267	0.200283127883	1.0	3
1.0	3527.953125	8.0	2.0	3394.58764648	5.0	2.0	11.4143997282	0.0	0.0314115434885	-0.976060450077	0.215219348669	10.9819116386	14.9766674112	-24.6563491821	-57.4964523315	-35.654548645	0.885577779193	1.0	8.07999992371	7.07999992371	0.0	8.07999992371	0.981948966617	1.0	3
1.0	1671.42810059	5.0	2.0	1883.5213623	7.0	3.0	38.1999998093	0.0	0.0314975678921	-0.976061046124	0.215204074979	33.5563240538	2.50494942308	-19.3996009827	-36.5237998962	-56.9753494263	0.24645701816	1.0	3.16000008583	1.77999997139	1.0	3.16000008583	0.529712759483	1.0	3
1.0	2265.12939453	7.0	4.0	2794.65576172	8.0	6.0	120.234400615	0.0	0.0314975678921	-0.976061046124	0.215204074979	34.4624189779	2.50494942308	-19.3996009827	-36.5237998962	-56.9753494263	0.24645701816	3.0	1.37999999523	11.1399998665	1.0	3.16000008583	0.973285421053	1.0	3
1.0	1050.39794922	3.0	0.0	889.711730957	5.0	0.0	0.0	10.0	0.0	0.0	0.0	0.0	0.0	0.0	0.0	0.0	2.0	0.0	0.0	0.0	0.0	0.0	8.3796587858e-10	1.0	3
1.0	2435.32202148	6.0	2.0	2785.93139648	6.0	4.0	77.0400009155	0.0	0.999278724194	0.0342927090824	0.0163090452552	13.6730968382	18.1723304878	-27.507900238	-57.04845047	-35.8209495544	0.26004458394	1.0	5.57999992371	5.23999977112	0.0	5.57999992371	0.987936724078	1.0	3
1.0	2192.93505859	6.0	2.0	1758.96313477	3.0	2.0	11.4143997282	0.0	0.0314115434885	-0.976060450077	0.215219348669	10.9819116386	16.8302932628	-24.6563491821	-57.4964523315	-35.654548645	0.885577779193	1.0	8.07999992371	7.07999992371	0.0	8.07999992371	0.570155687824	1.0	3
1.0	2135.40771484	7.0	4.0	3085.84545898	6.0	3.0	73.5743986219	0.0	0.0314115434885	-0.976060450077	0.215219348669	10.9819116386	20.3217143867	-24.6563491821	-57.4964523315	-35.654548645	0.885577779193	2.0	1.37999999523	9.3599998951	0.0	8.07999992371	0.985241253961	1.0	3
1.0	757.757019043	3.0	0.0	485.187988281	2.0	0.0	0.0	10.0	0.0	0.0	0.0	0.0	0.0	0.0	0.0	0.0	2.0	0.0	0.0	0.0	0.0	0.0	8.3796587858e-10	0.0	3
1.0	5639.39111328	11.0	6.0	2881.55053711	6.0	5.0	204.519999981	0.0	-0.733893990517	0.672575891018	-0.095085427165	36.0863048422	26.7727297888	-35.6697998047	-50.0070991516	-37.3135528564	0.562389738854	2.0	10.3800001144	18.0199999809	2.0	10.3800001144	0.999948592437	1.0	3
1.0	2699.24121094	8.0	2.0	1745.52197266	4.0	1.0	43.4400005341	0.0	-0.99953275919	0.0	-0.0305648054928	33.4953490774	26.2524092568	-27.0139503479	-52.8432006836	-41.2014007568	0.411197777171	1.0	3.25999999046	2.42000007629	0.0	3.25999999046	0.863832330315	1.0	3
1.0	4452.76708984	9.0	4.0	3351.4309082	4.0	3.0	155.039999008	2.30010219844	-0.823685765266	-0.133522257209	0.551102161407	17.8929512583	38.6676032665	-29.1074504852	-64.653503418	-25.126499176	0.835208276475	0.0	0.0	0.0	0.0	0.0	0.998796815786	1.0	3
1.0	1903.59692383	6.0	0.0	1977.76672363	5.0	0.0	0.0	10.0	0.0	0.0	0.0	0.0	0.0	0.0	0.0	0.0	2.0	0.0	0.0	0.0	0.0	0.0	8.3796587858e-10	1.0	3
1.0	4087.54101562	8.0	3.0	2860.00952148	5.0	2.0	76.3399982452	2.46664348497	-0.010584644042	-0.938438177109	0.345284968615	26.8976379193	2.89633469455	-22.8092002869	-40.4790496826	-56.5281982422	0.485695368893	0.0	0.0	0.0	0.0	0.0	0.997821532713	1.0	3
1.0	1058.46398926	4.0	0.0	1147.76196289	3.0	0.0	0.0	10.0	0.0	0.0	0.0	0.0	0.0	0.0	0.0	0.0	2.0	0.0	0.0	0.0	0.0	0.0	8.3796587858e-10	1.0	3
1.0	5220.30712891	10.0	3.0	1808.18078613	4.0	4.0	114.020000458	0.0	-0.733893990517	0.672575891018	-0.095085427165	36.0863048422	0.0	-35.6697998047	-50.0070991516	-37.3135528564	0.562389738854	1.0	10.3800001144	10.6199998856	1.0	10.3800001144	0.997001439467	1.0	3
1.0	3247.75097656	6.0	1.0	442.264678955	2.0	1.0	16.6800003052	2.94463925547	-0.268936425447	-0.612213611603	0.743550717831	11.1549019088	3.34629834168	-24.4582500458	-58.4191970825	-37.5483016968	0.682508551035	0.0	0.0	0.0	0.0	0.0	0.869518782299	1.0	3
1.0	3353.36499023	8.0	4.0	1947.86474609	5.0	5.0	135.520000935	0.0	-0.733893990517	0.672575891018	-0.095085427165	36.0863048422	26.7727297888	-35.6697998047	-50.0070991516	-37.3135528564	0.562389738854	1.0	10.3800001144	10.6199998856	1.0	10.3800001144	0.998488156785	1.0	3
1.0	4082.79638672	12.0	7.0	4431.47119141	7.0	5.0	173.420000315	0.0	0.995684087276	-0.0703864023089	-0.0604894720018	46.1685798166	2.50132007733	-33.3148498535	-40.2287521362	-49.9612007141	0.699078648341	6.0	3.55999994278	59.3600006104	4.0	20.5599994659	0.999279054168	1.0	3
1.0	1675.43066406	8.0	5.0	2284.11279297	6.0	4.0	53.7400007248	0.0	-0.995689570904	0.0703867897391	0.060398068279	37.9897479982	14.4692819839	-23.0957508087	-49.512046814	-49.3197517395	0.247119566155	2.0	3.55999994278	8.65999984741	1.0	6.26000022888	0.851402861393	1.0	3
1.0	647.190002441	5.0	3.0	2745.35595703	9.0	5.0	89.8800008297	0.0	-0.995689332485	0.0703902989626	0.0603980533779	1.62779580546	33.8195163349	-16.4475498199	-69.8956451416	-19.7951507568	0.763135272037	2.0	9.93999958038	21.1599998474	0.0	11.2399997711	0.988572855865	1.0	3
1.0	356.445495605	3.0	2.0	817.414978027	1.0	1.0	14.7999997139	2.7641363933	-0.978736758232	0.204188808799	0.0195276737213	0.0	10.0941372043	-26.3015995026	-58.6744499207	-36.2275009155	0.314764181585	0.0	0.0	0.0	0.0	0.0	0.113763031445	1.0	3
1.0	1320.55273438	6.0	4.0	427.191009521	3.0	3.0	84.8800001144	0.0	0.995689570904	-0.0703867897391	-0.060398068279	2.70909852002	17.6179581268	-29.361749649	-61.5541534424	-28.7990493774	0.663420425403	1.0	13.9399995804	13.6199998856	0.0	13.9399995804	0.850189371381	1.0	3
1.0	356.445495605	3.0	1.0	115.785003662	1.0	1.0	8.22000026703	3.14211393523	-0.530940651894	-0.328294336796	0.781232893467	0.0	2.65973293496	-25.183549881	-61.0750999451	-32.445602417	0.863890073199	0.0	0.0	0.0	0.0	0.0	0.0745683241525	1.0	3
1.0	380.329986572	2.0	0.0	765.202453613	1.0	0.0	0.0	10.0	0.0	0.0	0.0	0.0	0.0	0.0	0.0	0.0	2.0	0.0	0.0	0.0	0.0	0.0	8.3796587858e-10	0.0	3
1.0	5489.14794922	8.0	4.0	3007.3527832	8.0	6.0	167.353999794	0.0	0.0335490591824	0.986689388752	-0.15911783278	34.8277879467	18.9322204035	-30.8363494873	-45.5316009521	-43.854850769	0.168552471649	6.0	7.13999986649	62.5599999428	0.0	14.8199996948	0.999064116951	1.0	3
1.0	2506.73095703	5.0	3.0	2218.78369141	7.0	2.0	40.0199995041	0.0	-0.0335491932929	-0.986689269543	0.159118458629	23.7339436122	24.825422265	-23.5974502563	-44.4414978027	-48.6866493225	0.510553462397	1.0	13.1199998856	12.8199996948	0.0	13.1199998856	0.782261417495	1.0	3
1.0	4171.76464844	8.0	4.0	2754.85253906	9.0	8.0	148.109199047	0.0	0.0335490591824	0.986689388752	-0.15911783278	34.8277879467	18.9322204035	-30.8363494873	-45.5316009521	-43.854850769	0.884291361189	2.0	11.6199998856	21.0200004578	0.0	12.8800001144	0.976789601862	1.0	3
1.0	173.903793335	1.0	1.0	523.191711426	3.0	1.0	18.4000005722	0.0	0.999265491962	-0.0309862811118	-0.0225471220911	8.58490299974	1.90171360615	-13.9071998596	-55.5431518555	-39.7442474365	0.405671319796	2.0	7.13999986649	14.759999752	0.0	8.88000011444	0.224619222814	1.0	3
1.0	2570.2097168	5.0	5.0	2038.10644531	4.0	2.0	59.7199997902	0.0	-0.0335491932929	-0.986689269543	0.159118458629	26.0884605176	6.23789212048	-23.5974502563	-44.4414978027	-48.6866493225	0.510553462397	1.0	13.1199998856	12.8199996948	0.0	13.1199998856	0.964394809192	1.0	3
1.0	3526.19799805	7.0	4.0	2447.3684082	4.0	4.0	113.715599775	1.33166812187	0.00383444270119	-0.423778504133	0.905757725239	3.27438791277	26.4975511168	-19.7489013672	-69.6374511719	-20.2359008789	0.251698690234	0.0	0.0	0.0	0.0	0.0	0.963176063433	1.0	3
1.0	4005.74267578	7.0	6.0	2561.29785156	5.0	5.0	135.275599241	0.0	-0.0335491932929	-0.986689269543	0.159118458629	37.4544967367	6.23789212048	-23.5974502563	-44.4414978027	-48.6866493225	0.510553462397	3.0	7.13999986649	28.6599993706	0.0	13.1199998856	0.992277764022	1.0	3
1.0	1033.03515625	4.0	2.0	2149.30859375	6.0	3.0	47.5200004578	0.0	0.033549040556	0.986688792706	-0.159121736884	10.7429671084	20.7739175589	-14.4120502472	-55.0578994751	-39.8081512451	0.168753114657	2.0	7.13999986649	13.8000001907	0.0	7.13999986649	0.914427731874	1.0	3
1.0	3820.28295898	6.0	5.0	2395.85473633	6.0	5.0	112.855599165	0.0	-0.0335491932929	-0.986689269543	0.159118458629	37.4544967367	6.23789212048	-23.5974502563	-44.4414978027	-48.6866493225	0.510553462397	1.0	13.1199998856	12.8199996948	0.0	13.1199998856	0.996012031525	1.0	3
1.0	238.497497559	2.0	1.0	1009.93267822	3.0	1.0	14.4399995804	2.30591625497	0.0241497587413	-0.565087199211	0.82467764616	5.32658161061	24.8004959806	-5.23772525787	-63.1588516235	-39.9552993774	0.590537921084	0.0	0.0	0.0	0.0	0.0	-1.0	0.0	3
1.0	5922.51757812	6.0	4.0	5125.21972656	6.0	5.0	144.551998153	0.0	-0.00770466402173	0.965345323086	-0.26086217165	37.6833524234	13.1901202989	-31.0476989746	-44.987197876	-52.9492492676	0.653827081446	3.0	10.8400001526	31.8599996567	0.0	11.5799999237	0.999998129264	1.0	3
1.0	3420.57324219	10.0	4.0	2866.38183594	7.0	3.0	41.5	0.0	0.00770667567849	-0.965344548225	0.260865002871	2.67398290237	28.4179358254	-24.9395999908	-69.0247039795	-18.0390510559	0.0655255731526	1.0	7.67999982834	7.46000003815	0.0	7.67999982834	0.942504080867	1.0	3
1.0	5700.25488281	9.0	5.0	5407.14111328	6.0	5.0	130.159999847	0.0	-0.00760114286095	0.965319335461	-0.260961323977	41.995670136	14.8828774682	-20.9427490234	-44.4118003845	-55.231300354	0.090292577047	3.0	5.42000007629	23.5400004387	2.0	8.10000038147	0.999999696692	1.0	3
1.0	357.841491699	3.0	1.0	2952.78979492	5.0	2.0	27.3599996567	2.30591625497	0.0241497587413	-0.565087199211	0.82467764616	5.32658161061	36.1824433011	-5.23772525787	-63.1588516235	-39.9552993774	0.590537921084	0.0	0.0	0.0	0.0	0.0	0.55086966517	1.0	3
1.0	3469.3190918	6.0	3.0	2442.38012695	4.0	4.0	101.079998374	1.67502240693	-0.709328949451	0.455671161413	0.537788271904	15.9311425243	17.1608818835	-30.4799995422	-60.5379486084	-33.5611495972	0.392117294561	0.0	0.0	0.0	0.0	0.0	0.998465415222	1.0	3
1.0	616.615966797	2.0	1.0	631.814208984	3.0	2.0	37.6399992704	2.30591625497	-0.0241497587413	0.565087199211	-0.82467764616	17.9942989977	5.32658161061	-5.23772525787	-63.1588516235	-39.9552993774	0.590537921084	0.0	0.0	0.0	0.0	0.0	0.312214942662	1.0	3
1.0	2681.27392578	5.0	1.0	3114.23217773	6.0	3.0	53.2999992371	2.32745136526	-0.163887709379	-0.554678678513	0.815764904022	0.0	20.8888630442	-3.12465000153	-64.8534469604	-19.8978004456	0.135872675449	0.0	0.0	0.0	0.0	0.0	0.984889527261	1.0	3
1.0	460.512512207	3.0	2.0	787.917663574	3.0	2.0	35.3599996567	0.0	0.999440610409	0.0	-0.0334429480135	3.77690896288	10.8728176884	-14.7557497025	-67.0904998779	-34.99659729	0.533326181178	1.0	8.10000038147	7.76000022888	1.0	8.10000038147	0.392949182839	1.0	3
1.0	3370.50927734	6.0	4.0	1843.72045898	5.0	4.0	80.779999733	0.0	0.00770667567849	-0.965344548225	0.260865002871	2.67398290237	28.8824663704	-24.9395999908	-69.0247039795	-18.0390510559	0.0655255731526	2.0	6.80000019073	14.0999999046	0.0	7.67999982834	0.993967860461	1.0	3
