valid	volumeS1	connectedComponentsS1	connectedComponentsS1Rel	volumeS2	connectedComponentsS2	connectedComponentsS2Rel	corticalSize	distanceMin	direction_x	direction_y	direction_z	distanceToExtremity1	distanceToExtremity2	gravityCenter_x	gravityCenter_y	gravityCenter_z	corticalDotProduct	junctions	junctionDepthMin	junctionsSize	plisDePassage	plisDePassageDepthMax	Potential	Class	cycle
1.0	2381.97192383	2.0	0.0	651.401489258	2.0	0.0	0.0	10.0	0.0	0.0	0.0	0.0	0.0	0.0	0.0	0.0	2.0	0.0	0.0	0.0	0.0	0.0	0.000206200179832	0.0	1
1.0	11371.8935547	6.0	2.0	3900.82543945	7.0	5.0	117.560001373	0.0	0.997889816761	-0.0560520589352	-0.0327726565301	15.9770309312	10.4095369694	-27.8312988281	-66.2856521606	-14.5823497772	0.158168115548	29.0	0.920000016689	200.944800228	0.0	28.2999992371	0.984732188431	1.0	1
1.0	3197.0480957	6.0	1.0	205.668502808	2.0	1.0	19.3600006104	0.0	0.997891843319	-0.0560425892472	-0.0327285043895	39.283645547	0.0	-31.0775489807	-37.1126480103	8.23263931274	0.92743042808	1.0	8.0	7.21999979019	0.0	8.0	0.340800073264	1.0	1
1.0	7535.38574219	7.0	3.0	2429.98999023	5.0	3.0	8.23999977112	5.26396229921	0.955894052982	-0.149080261588	0.253064632416	24.2173680224	22.2023362858	-24.2707500458	-52.5211486816	6.47317504883	0.987162202564	5.0	14.3999996185	54.9000005722	0.0	20.1800003052	0.976241202718	1.0	1
1.0	4088.61547852	6.0	1.0	1088.61352539	3.0	1.0	24.2600002289	3.88251210208	0.749226152897	0.170295387506	0.640046596527	15.4700022346	2.0103707496	-44.2628479004	-52.0728988647	-4.75952720642	0.664975513413	0.0	0.0	0.0	0.0	0.0	0.496993820489	1.0	1
1.0	7811.98681641	9.0	4.0	1913.71118164	4.0	4.0	99.6800012589	0.0	0.0584627389908	0.987315475941	-0.147615328431	48.4327357828	0.0	-57.9729995728	-31.5965003967	1.03342103958	0.946802964187	4.0	8.0	31.3783994019	0.0	18.2000007629	0.997188062038	1.0	1
1.0	503.851196289	6.0	2.0	1149.98840332	3.0	2.0	57.2200005054	0.0	0.997891843319	-0.0560425892472	-0.0327285043895	2.62193662145	20.4082555603	-31.0775489807	-37.1126480103	8.23263931274	0.92743042808	3.0	8.0	25.5999999046	0.0	9.30000019073	0.047541086591	1.0	1
1.0	7007.82421875	9.0	4.0	1461.8013916	4.0	2.0	85.0399997234	0.0	-0.0584585554898	-0.987317144871	0.147605776787	53.3917457444	23.772419469	-47.7723999023	-30.0741996765	9.38143539429	0.370526757588	2.0	2.75999999046	3.73840001225	1.0	2.75999999046	0.978839105565	1.0	1
1.0	5737.15429688	9.0	2.0	2096.36157227	3.0	2.0	58.8199996948	0.0	0.0584525913	0.987324535847	-0.1475584656	1.99405615767	25.0587469097	-40.5125999451	-27.6763496399	16.2229499817	0.565061877621	4.0	9.30000019073	34.798399955	0.0	18.2000007629	0.94945530926	1.0	1
1.0	7553.76660156	10.0	4.0	2171.93139648	3.0	3.0	111.779999495	0.0	0.0584525913	0.987324535847	-0.1475584656	53.0620578858	25.0587469097	-40.5125999451	-27.6763496399	16.2229499817	0.565061877621	5.0	2.75999999046	38.5784001648	1.0	2.75999999046	0.975543972274	1.0	1
1.0	3101.61230469	1.0	1.0	1339.66748047	3.0	1.0	11.3999996185	3.50309861485	0.89393812418	0.307530045509	0.326036721468	2.78343103983	32.385730078	-46.2467498779	-36.3927497864	6.38062477112	0.0519287651633	0.0	0.0	0.0	0.0	0.0	-1.0	0.0	1
1.0	12324.5097656	5.0	3.0	8088.796875	11.0	4.0	172.059999466	0.0	-0.995591938496	0.0936285257339	-0.00551714934409	1.05303425477	28.9033152783	-20.4725990295	-68.5731964111	-8.05476474762	0.317504825253	27.0	6.38000011444	252.878799766	7.0	22.3400001526	0.999999808799	1.0	1
1.0	1790.97692871	4.0	1.0	67.2164001465	1.0	1.0	23.9599990845	2.14221377478	0.909987390041	-0.104225441813	0.401322871447	10.7391633108	2.78412050119	-22.2929000854	-50.1337509155	6.72574043274	0.988294795465	0.0	0.0	0.0	0.0	0.0	0.856167063983	1.0	1
1.0	5893.24511719	12.0	3.0	3854.68920898	8.0	5.0	19.7399997711	0.0	0.995591282845	-0.0936355441809	0.00550807965919	0.0	3.92810896917	-28.5809001923	-65.4773025513	-15.2525997162	0.935181170878	6.0	3.44000005722	34.8599998951	3.0	21.8400001526	0.96904684677	1.0	1
1.0	8348.30859375	2.0	2.0	4274.484375	9.0	6.0	117.560000896	0.0	0.995591938496	-0.0936285257339	0.00551714934409	2.97330408246	1.05303425477	-20.4725990295	-68.5731964111	-8.05476474762	0.317504825253	4.0	8.31999969482	65.1599988937	4.0	13.9399995804	0.999823276585	1.0	1
1.0	5615.11962891	5.0	3.0	1037.16247559	4.0	3.0	39.2399988174	0.0	0.99559122324	-0.0936355367303	0.00552709773183	25.5715565147	31.7139998149	-29.9619998932	-37.5116996765	8.31983947754	0.623426528686	1.0	9.80000019073	8.03999996185	1.0	9.80000019073	0.973858411045	1.0	1
1.0	3303.69335938	2.0	1.0	1137.58642578	3.0	1.0	20.9199995995	0.0	-0.104938901961	-0.992567002773	-0.0616327822208	16.3232475979	25.2257220233	-34.8185997009	-38.4624023438	6.3834400177	0.238121357845	2.0	7.48000001907	14.759999752	0.0	8.03999996185	0.118098801166	1.0	1
1.0	7650.50830078	5.0	4.0	2015.67053223	5.0	4.0	82.2600007057	0.0	0.104935176671	0.992568016052	0.0616222843528	24.9823132389	0.0	-41.3737030029	-61.0483016968	-9.6559047699	0.841236310621	2.0	6.38000011444	40.1599998474	2.0	9.64000034332	0.999994699322	1.0	1
1.0	8684.63574219	3.0	3.0	4492.98925781	7.0	6.0	145.419999123	0.0	-0.995591938496	0.0936285257339	-0.00551714934409	15.2473642231	12.9524037848	-20.4725990295	-68.5731964111	-8.05476474762	0.317504825253	5.0	8.31999969482	79.2399988174	3.0	13.9399995804	0.999972817063	1.0	1
1.0	9670.73632812	7.0	6.0	3599.01049805	5.0	5.0	135.479998112	0.0	-0.995591938496	0.0936285257339	-0.00551714934409	15.2473642231	12.9524037848	-20.4725990295	-68.5731964111	-8.05476474762	0.317504825253	8.0	6.38000011444	75.4599990845	6.0	13.9399995804	0.999994412298	1.0	1
1.0	2235.3137207	1.0	0.0	753.689025879	2.0	0.0	0.0	10.0	0.0	0.0	0.0	0.0	0.0	0.0	0.0	0.0	2.0	0.0	0.0	0.0	0.0	0.0	0.000206200179832	0.0	1
1.0	8438.73339844	11.0	4.0	4817.25585938	9.0	5.0	65.3999998569	0.0	-0.999347805977	0.0346076227725	0.0103100733832	20.9432618452	2.86488467038	-41.1502494812	-66.089302063	-7.80412960052	0.698082975118	20.0	2.70000004768	138.134400189	1.0	17.2399997711	0.97582261487	1.0	1
1.0	2297.45166016	3.0	1.0	215.843002319	1.0	1.0	17.3799991608	1.99093696389	0.864609003067	0.320141673088	0.387247473001	4.95523775797	3.62236186333	-34.4370002747	-41.0561981201	12.1958999634	0.964463111755	0.0	0.0	0.0	0.0	0.0	0.493387157968	1.0	1
1.0	11432.2246094	10.0	5.0	6186.93261719	7.0	4.0	72.6000001431	0.0	-0.0334176197648	-0.984702169895	0.171011373401	2.24226659704	15.2699370337	-14.9127502441	-69.7199554443	-7.60371494293	0.0111114426794	24.0	3.5	236.149999738	2.0	11.1999998093	0.999823276752	1.0	1
1.0	2829.61645508	3.0	0.0	2401.13110352	3.0	0.0	0.0	10.0	0.0	0.0	0.0	0.0	0.0	0.0	0.0	0.0	2.0	0.0	0.0	0.0	0.0	0.0	0.000206200179832	1.0	1
1.0	5030.61035156	5.0	2.0	3525.79980469	4.0	2.0	101.199999809	0.0	0.999348342419	-0.0346073023975	-0.010257827118	3.54111535589	25.5604656371	-36.4603004456	-34.8496017456	12.0597496033	0.206939029904	2.0	8.68000030518	18.5	0.0	9.22000026703	0.976444312403	1.0	1
1.0	3740.16992188	7.0	2.0	2634.05981445	4.0	4.0	67.9999985695	0.0	0.0334177240729	0.984703600407	-0.17100328207	29.3600950859	0.0	-55.7011489868	-22.2631492615	6.57353973389	0.0583775070776	2.0	2.70000004768	10.7200000286	0.0	9.22000026703	0.670026328022	1.0	1
1.0	5667.78222656	5.0	3.0	2448.05004883	5.0	2.0	66.1400003433	0.0	0.0334177240729	0.984703600407	-0.17100328207	25.2431600084	0.0	-55.7011489868	-22.2631492615	6.57353973389	0.0583775070776	3.0	2.70000004768	21.1800000668	0.0	9.22000026703	0.991622800432	1.0	1
1.0	4712.34179688	5.0	1.0	1740.55102539	3.0	2.0	7.32000017166	4.18439949604	0.221032083035	-0.97437274456	-0.0417437255383	2.24226840979	19.5599250432	-34.3631515503	-54.5699501038	11.8182497025	0.198174289513	1.0	8.31999969482	5.98000001907	0.0	8.31999969482	0.929478047987	1.0	1
1.0	5311.92626953	5.0	2.0	3154.47680664	3.0	3.0	84.9799990654	1.99093696389	0.864609003067	0.320141673088	0.387247473001	4.95523775797	31.5265680075	-34.4370002747	-41.0561981201	12.1958999634	0.964463111755	0.0	0.0	0.0	0.0	0.0	0.983002083911	1.0	1
1.0	2468.86499023	2.0	0.0	812.046691895	3.0	0.0	0.0	10.0	0.0	0.0	0.0	0.0	0.0	0.0	0.0	0.0	2.0	0.0	0.0	0.0	0.0	0.0	0.000206200179832	0.0	1
1.0	11438.3417969	14.0	5.0	4422.47021484	8.0	4.0	111.643198989	0.0	-0.0461924485862	-0.993749678135	0.101625822484	7.716855947	36.3617467234	-19.6539993286	-50.898349762	11.5550003052	0.0164371429037	12.0	5.17999982834	133.898399636	7.0	12.5200004578	0.999989860216	1.0	1
1.0	8867.07128906	14.0	3.0	1818.25708008	4.0	3.0	51.539999485	0.0	0.998026430607	-0.0331811308861	0.0533126778901	2.67126380713	0.0	-21.3241500854	-68.8759994507	-2.51598501205	0.895286348932	3.0	9.15999984741	27.8599998951	2.0	12.5200004578	0.991556531029	1.0	1
1.0	12408.4433594	14.0	5.0	3839.54125977	7.0	3.0	63.8431992754	0.0	0.998023092747	-0.0332690142095	0.0533209592104	11.5068573458	38.5878974356	-24.2663497925	-69.4999542236	-11.2528495789	0.179313968397	14.0	5.17999982834	144.518399999	6.0	12.5200004578	0.999989966586	1.0	1
1.0	2786.82128906	7.0	3.0	973.924926758	4.0	3.0	37.4199995995	0.0	0.998026430607	-0.0331811308861	0.0533126778901	2.67126380713	24.4561392976	-21.3241500854	-68.8759994507	-2.51598501205	0.895286348932	1.0	9.5	8.85999965668	1.0	8.14000034332	0.679362570856	1.0	1
1.0	4774.53613281	9.0	5.0	2344.21166992	6.0	6.0	110.279998779	0.0	0.998026430607	-0.0331811308861	0.0533126778901	2.67126380713	24.4561392976	-21.3241500854	-68.8759994507	-2.51598501205	0.895286348932	1.0	9.5	8.85999965668	1.0	8.14000034332	0.998044530611	1.0	1
1.0	2437.84887695	3.0	1.0	344.245697021	2.0	2.0	32.3800001144	2.13121794735	-0.721584975719	-0.251910626888	-0.644869089127	19.3047708221	17.4560300435	-30.9419498444	-45.9402008057	4.70261478424	0.38532083125	0.0	0.0	0.0	0.0	0.0	0.36243604001	1.0	1
1.0	5493.296875	11.0	4.0	1999.23205566	5.0	4.0	85.1799998283	0.0	-0.0461924485862	-0.993749678135	0.101625822484	7.716855947	20.2040803567	-19.6539993286	-50.898349762	11.5550003052	0.0164371429037	3.0	5.42000007629	15.9599995613	2.0	8.14000034332	0.999634148233	1.0	1
1.0	5598.11474609	8.0	4.0	2187.18579102	4.0	4.0	120.359998703	0.0	-0.0461924485862	-0.993749678135	0.101625822484	7.716855947	24.3357225233	-19.6539993286	-50.898349762	11.5550003052	0.0164371429037	2.0	5.42000007629	7.09999990463	1.0	5.42000007629	0.995781758195	1.0	1
1.0	5721.68603516	8.0	2.0	1926.62268066	5.0	2.0	36.0	0.0	0.998026430607	-0.0331811308861	0.0533126778901	2.67126380713	0.0	-21.3241500854	-68.8759994507	-2.51598501205	0.895286348932	0.0	0.0	0.0	1.0	8.14000034332	0.997916922858	1.0	1
1.0	3041.63452148	3.0	1.0	1251.07495117	1.0	1.0	24.7600007057	2.84753233505	0.964593052864	-0.250293344259	-0.083147354424	0.0	1.80712921496	-45.3508987427	-48.40625	13.3901996613	0.440393009031	0.0	0.0	0.0	0.0	0.0	-1.0	0.0	1
1.0	9884.25878906	13.0	4.0	2359.46875	8.0	5.0	117.980000734	1.46369396607	0.599094092846	-0.438618451357	0.669850826263	48.0467861294	12.4253488895	-50.0360488892	-58.1945495605	-8.9993057251	0.79412073156	3.0	10.2600002289	27.2600009441	0.0	29.9200000763	0.999263693428	1.0	1
1.0	8639.07714844	13.0	5.0	3125.85913086	11.0	7.0	79.9600009918	0.0	0.00609863456339	-0.998389601707	0.0563999377191	55.5181295444	1.01643786622	-58.7220993042	-42.561000824	-0.703693509102	0.872548624121	11.0	1.12000000477	104.519999743	2.0	28.9400005341	0.999941038188	1.0	1
1.0	11982.6503906	14.0	8.0	5518.62402344	11.0	6.0	195.34000206	0.0	0.994935154915	0.0	-0.100518830121	26.9380319632	0.0	-20.9143486023	-67.3075027466	-21.2429504395	0.767101725167	20.0	1.12000000477	156.000000238	9.0	33.1599998474	0.99999953588	1.0	1
1.0	5031.04101562	5.0	2.0	1484.74194336	2.0	2.0	51.1200010777	1.46369396607	0.599094092846	-0.438618451357	0.669850826263	25.6594789067	10.5544740647	-50.0360488892	-58.1945495605	-8.9993057251	0.79412073156	0.0	0.0	0.0	0.0	0.0	0.938497255026	1.0	1
1.0	5043.93652344	8.0	3.0	1054.73059082	5.0	4.0	85.6272001266	0.0	0.00610299129039	-0.9983907938	0.0563785396516	4.50327685874	32.826174438	-34.4701004028	-41.6604499817	14.9278507233	0.559672007231	2.0	1.12000000477	3.66000008583	2.0	10.8599996567	0.975441784789	1.0	1
1.0	5243.44482422	12.0	3.0	271.830200195	2.0	2.0	48.5000009537	0.0	-0.00619681505486	0.99838912487	-0.0563986189663	52.6821917614	2.03277270961	-53.413848877	-48.2741508484	6.64177036285	0.258524531541	1.0	7.98000001907	7.42000007629	1.0	7.98000001907	0.943090166999	1.0	1
1.0	6612.07910156	9.0	3.0	1805.25476074	4.0	4.0	98.0600011349	0.0	0.994935035706	0.0	-0.1005198434	12.7425808893	23.7679079453	-38.558052063	-38.1839981079	13.6312503815	0.171516191354	3.0	1.12000000477	27.0600004196	1.0	1.12000000477	0.991825619338	1.0	1
1.0	8614.65625	7.0	2.0	1651.00598145	3.0	3.0	109.200001001	1.46369396607	0.599094092846	-0.438618451357	0.669850826263	48.0467861294	10.5544740647	-50.0360488892	-58.1945495605	-8.9993057251	0.79412073156	0.0	0.0	0.0	0.0	0.0	0.999372501775	1.0	1
1.0	7137.34228516	9.0	2.0	717.657958984	1.0	1.0	16.7720001042	0.0	-0.994935035706	0.0	0.1005198434	46.3924877873	14.7738627911	-38.558052063	-38.1839981079	13.6312503815	0.483165630073	2.0	11.779999733	27.4400005341	0.0	15.5399999619	0.996861436504	1.0	1
1.0	3178.81298828	1.0	0.0	1127.63647461	4.0	0.0	0.0	10.0	0.0	0.0	0.0	0.0	0.0	0.0	0.0	0.0	2.0	0.0	0.0	0.0	0.0	0.0	0.000206200179832	0.0	1
1.0	8064.11328125	9.0	4.0	2108.39428711	7.0	3.0	110.559999466	0.0	0.998986363411	-0.0365959554911	0.0262105446309	49.3630037844	1.20238861052	-54.0615005493	-23.9596004486	4.15095996857	0.692307814797	4.0	7.80000019073	47.0800004005	3.0	12.3000001907	0.999945704339	1.0	1
1.0	4210.48583984	3.0	1.0	1085.86254883	3.0	3.0	38.7399988174	1.31983708959	0.0156718622893	0.786468446255	0.617431640625	12.5000099699	15.8101684126	-29.5745506287	-54.1375999451	-0.14099098742	0.685599478404	0.0	0.0	0.0	0.0	0.0	0.521941133551	1.0	1
1.0	12979.3496094	9.0	5.0	5350.29101562	9.0	2.0	73.9284000993	0.0	0.998986363411	-0.0365959554911	0.0262105446309	25.0242171008	44.0774000212	-54.0615005493	-23.9596004486	4.15095996857	0.692307814797	12.0	8.22000026703	122.355201721	9.0	25.3600006104	0.999999997039	1.0	1
1.0	4003.02197266	2.0	0.0	1127.63647461	4.0	0.0	0.0	10.0	0.0	0.0	0.0	0.0	0.0	0.0	0.0	0.0	2.0	0.0	0.0	0.0	0.0	0.0	0.000206200179832	1.0	1
1.0	5361.96875	7.0	3.0	747.367370605	3.0	3.0	91.979998827	0.0	0.0429157428443	0.985954880714	-0.161403983831	32.9848282381	15.9601116013	-32.6657028198	-33.6489486694	6.17806529999	0.67489282693	1.0	11.3599996567	10.3999996185	1.0	11.3599996567	0.979949111453	1.0	1
1.0	3054.50292969	7.0	2.0	1343.77404785	3.0	3.0	50.2400007248	0.0	0.0429980792105	0.985951423645	-0.161403119564	28.7283831715	15.5491054915	-39.131652832	-44.1964492798	-1.32003498077	0.556986826347	2.0	5.19999980927	15.5999994278	1.0	11.3599996567	0.974326654068	1.0	1
1.0	6891.20800781	9.0	3.0	1077.55456543	4.0	3.0	67.1799993515	0.0	-0.0190140660852	0.143781244755	0.989426791668	48.2048042238	2.13865243582	-52.1577987671	-24.3047485352	2.29552507401	0.0933412192457	2.0	7.80000019073	16.039999485	2.0	11.3599996567	0.996919643796	1.0	1
1.0	3143.7565918	4.0	1.0	313.041015625	2.0	2.0	13.0	0.0	0.0429157428443	0.985954880714	-0.161403983831	32.9848282381	6.72468201593	-32.6657028198	-33.6489486694	6.17806529999	0.67489282693	2.0	9.53999996185	22.3999996185	1.0	11.3599996567	0.848317992407	1.0	1
1.0	6612.34179688	7.0	2.0	1443.5246582	4.0	1.0	22.0600004196	0.0	-0.0429126471281	-0.985954999924	0.161404058337	4.20326710136	2.40477386873	-52.2229995728	-26.1752510071	1.95180499554	0.771482816522	1.0	8.22000026703	7.80000019073	0.0	8.22000026703	0.998360940091	1.0	1
1.0	2403.453125	2.0	0.0	1453.66711426	3.0	0.0	0.0	10.0	0.0	0.0	0.0	0.0	0.0	0.0	0.0	0.0	2.0	0.0	0.0	0.0	0.0	0.0	0.000206200179832	0.0	1
1.0	11403.2050781	9.0	5.0	4656.91845703	7.0	3.0	109.120002389	0.0	0.00372826564126	0.980664551258	-0.195660918951	13.7615979453	39.3229771584	-25.0482501984	-64.6880493164	0.794727504253	0.935477657121	13.0	3.33999991417	101.063999943	2.0	17.1000003815	0.999859376579	1.0	1
1.0	7522.99755859	13.0	3.0	3785.65966797	7.0	3.0	30.8800003529	0.0	-0.00372825213708	-0.980662941933	0.19566886127	42.2781460804	25.9056593556	-44.851650238	-28.5404510498	11.8474006653	0.410138390652	13.0	6.09999990463	139.35719876	0.0	22.2999992371	0.944672079391	1.0	1
1.0	8527.9765625	6.0	2.0	4352.328125	7.0	3.0	57.6800011396	0.0	0.00372826564126	0.980664551258	-0.195660918951	3.41226831818	22.1230128392	-25.0482501984	-64.6880493164	0.794727504253	0.935477657121	16.0	4.38000011444	154.093599014	1.0	17.1000003815	0.999094048829	1.0	1
1.0	6462.24462891	4.0	2.0	2933.26196289	4.0	1.0	56.3200016022	0.0	-0.00372825213708	-0.980662941933	0.19566886127	1.57744735763	32.8079290862	-44.851650238	-28.5404510498	11.8474006653	0.410138390652	2.0	6.38000011444	20.1999998093	1.0	6.38000011444	0.987638046	1.0	1
1.0	5763.16210938	4.0	1.0	1414.24926758	5.0	2.0	39.8000013828	2.74885066897	0.856752753258	-0.335896223783	0.391341865063	28.3062895529	5.28267880327	-47.8848991394	-55.7372512817	-0.253279983997	0.949153226923	0.0	0.0	0.0	0.0	0.0	0.976031585944	1.0	1
1.0	4490.15332031	7.0	3.0	1840.45007324	2.0	2.0	62.7000000477	0.0	0.00372826564126	0.980664551258	-0.195660918951	0.0	1.57745923254	-25.0482501984	-64.6880493164	0.794727504253	0.935477657121	4.0	8.19999980927	52.4400005341	1.0	17.1000003815	0.981374089058	1.0	1
1.0	6153.22558594	4.0	2.0	2135.69311523	5.0	2.0	44.7200012207	0.0	-0.00372825213708	-0.980662941933	0.19566886127	1.57744735763	32.8079290862	-44.851650238	-28.5404510498	11.8474006653	0.410138390652	2.0	8.19999980927	25.2399997711	0.0	12.0799999237	0.971737034456	1.0	1
1.0	2956.61376953	3.0	0.0	1878.33312988	4.0	0.0	0.0	10.0	0.0	0.0	0.0	0.0	0.0	0.0	0.0	0.0	2.0	0.0	0.0	0.0	0.0	0.0	0.000206200179832	1.0	1
1.0	5655.35058594	6.0	4.0	1783.11096191	4.0	3.0	48.8800008297	0.0	0.00372826564126	0.980664551258	-0.195660918951	0.0	1.57745923254	-25.0482501984	-64.6880493164	0.794727504253	0.935477657121	4.0	6.38000011444	46.7600002289	2.0	17.1000003815	0.993240204237	1.0	1
1.0	3705.52612305	2.0	1.0	1068.59997559	3.0	1.0	6.71999979019	3.04824704309	0.656384646893	-0.463698327541	0.595099151134	12.5456438962	24.0771502849	-57.9124984741	-36.7455978394	8.24122428894	0.318679137742	0.0	0.0	0.0	0.0	0.0	-1.0	0.0	1
1.0	10674.5947266	8.0	4.0	4998.8828125	10.0	3.0	58.7599987984	0.0	0.0265243966132	0.970085382462	-0.241310611367	0.0	36.2370227176	-55.8426971436	-41.7925987244	9.74956512451	0.250781611678	5.0	1.79999995232	27.2424002849	3.0	7.55999994278	0.999389898574	1.0	1
1.0	3254.22363281	8.0	2.0	546.674987793	3.0	2.0	18.720000267	0.0	-0.026526786387	-0.970077395439	0.241342425346	21.9995093311	0.0	-38.2080993652	-35.3670501709	12.0235500336	0.576477923118	3.0	10.3999996185	34.4000005722	0.0	12.8400001526	0.370425337538	1.0	1
1.0	12542.7695312	7.0	4.0	4123.67480469	12.0	5.0	116.320801273	0.0	0.993496894836	0.0	0.113859146833	25.4857527843	0.0	-38.2770996094	-63.3446998596	-12.7747497559	0.476616616994	11.0	1.79999995232	92.4024001323	8.0	15.2399997711	0.999994971608	1.0	1
1.0	10263.7988281	8.0	6.0	2010.83007812	6.0	6.0	133.640001893	0.0	-0.993508279324	0.0	-0.113759703934	25.4857527843	3.49078400316	-39.3809509277	-63.3446998596	-12.9012002945	0.593869735309	4.0	1.79999995232	42.0800008774	2.0	19.8799991608	0.999996871692	1.0	1
1.0	4966.56787109	3.0	0.0	1313.66503906	4.0	0.0	0.0	10.0	0.0	0.0	0.0	0.0	0.0	0.0	0.0	0.0	2.0	0.0	0.0	0.0	0.0	0.0	0.000206200179832	1.0	1
1.0	4858.83886719	6.0	1.0	1054.8112793	3.0	1.0	27.3200001717	1.5362909603	0.444327026606	-0.855354130268	0.266350835562	38.2942028483	29.3425274642	-59.5545501709	-40.4746017456	-2.24443006516	0.76778686282	0.0	0.0	0.0	0.0	0.0	0.976444288649	1.0	1
1.0	6480.77294922	4.0	2.0	2539.60205078	5.0	2.0	32.5999999046	0.0	-0.993508279324	0.0	-0.113759703934	2.87002290677	3.49078400316	-39.3809509277	-63.3446998596	-12.9012002945	0.593869735309	1.0	19.8799991608	20.5200004578	1.0	19.8799991608	0.891752433851	1.0	1
1.0	8097.00390625	4.0	2.0	2917.15307617	8.0	2.0	55.0000002384	0.0	-0.993508279324	0.0	-0.113759703934	2.87002290677	10.6621348601	-39.3809509277	-63.3446998596	-12.9012002945	0.593869735309	1.0	19.8799991608	20.5200004578	1.0	19.8799991608	0.983655914979	1.0	1
1.0	2095.61621094	2.0	0.0	1169.73522949	3.0	0.0	0.0	10.0	0.0	0.0	0.0	0.0	0.0	0.0	0.0	0.0	2.0	0.0	0.0	0.0	0.0	0.0	0.000206200179832	0.0	1
1.0	12289.6367188	7.0	4.0	3362.44384766	19.0	7.0	110.659999609	0.0	0.982096076012	-0.129220873117	-0.137073770165	6.97648541375	17.197753279	-34.3256530762	-66.0857543945	-14.7648000717	0.85019384224	9.0	5.86000013351	65.5200004578	2.0	12.1000003815	0.999999889998	1.0	1
1.0	10516.9960938	10.0	5.0	2901.94873047	16.0	6.0	71.9399991035	0.0	0.9821138978	-0.129124805331	-0.137036561966	7.04465967666	16.8601632844	-15.8196496964	-70.3908004761	-1.47653007507	0.983513011932	11.0	6.88000011444	92.6199998856	4.0	18.3600006104	0.999996201031	1.0	1
1.0	11612.9667969	8.0	5.0	4808.73388672	15.0	5.0	109.720000505	0.0	-0.982102513313	0.129214257002	0.137033835053	1.00529209166	18.1896912104	-11.5594501495	-69.5618515015	-0.937360525131	0.355209756148	12.0	2.03999996185	78.2800002098	6.0	14.9200000763	0.999991737869	1.0	1
1.0	6686.6484375	4.0	3.0	2404.81176758	8.0	3.0	77.5999991894	0.0	0.08498557657	0.953448951244	-0.289331138134	6.26229507196	0.0	-37.1400985718	-66.5130996704	-0.343722492456	0.410036558214	0.0	0.0	0.0	1.0	9.93999958038	0.992099960036	1.0	1
1.0	7881.14404297	6.0	4.0	2277.34472656	9.0	4.0	122.959999323	0.0	0.08498557657	0.953448951244	-0.289331138134	6.26229507196	0.0	-37.1400985718	-66.5130996704	-0.343722492456	0.410036558214	2.0	5.28000020981	16.5799999237	1.0	9.93999958038	0.999941707955	1.0	1
1.0	6210.82861328	4.0	2.0	1510.23693848	6.0	2.0	44.2600002289	2.14086199931	-0.0496588759124	0.485897749662	0.872603774071	19.2905394429	3.67364382134	-62.5325012207	-41.6521987915	3.90787982941	0.498540783536	0.0	0.0	0.0	0.0	0.0	0.978795575748	1.0	1
1.0	6206.89648438	8.0	2.0	1179.39196777	4.0	2.0	44.1000003815	0.0	0.08498557657	0.953448951244	-0.289331138134	10.8434206098	0.0	-37.1400985718	-66.5130996704	-0.343722492456	0.410036558214	0.0	0.0	0.0	1.0	9.93999958038	0.996639094653	1.0	1
1.0	6133.84814453	3.0	1.0	2001.12915039	5.0	1.0	17.4200000763	0.0	0.0849933773279	0.953439354897	-0.289360433817	5.33073063656	13.2494035229	-48.9660987854	-58.2883491516	-5.21183490753	0.722171640077	1.0	9.18000030518	8.15999984741	1.0	9.18000030518	0.982506218016	1.0	1
1.0	7684.19873047	4.0	2.0	2397.30981445	8.0	3.0	69.279999733	0.0	0.08498557657	0.953448951244	-0.289331138134	6.26229507196	0.0	-37.1400985718	-66.5130996704	-0.343722492456	0.410036558214	0.0	0.0	0.0	1.0	9.93999958038	0.99966137409	1.0	1
1.0	2783.56005859	1.0	1.0	1430.63146973	3.0	1.0	2.8599998951	3.98143189882	0.731640934944	-0.143271043897	0.66646450758	15.6783041097	20.3003037796	-54.9585990906	-38.2879486084	7.28757953644	0.602621109084	0.0	0.0	0.0	0.0	0.0	-1.0	0.0	1
1.0	12021.8720703	9.0	4.0	5455.14697266	7.0	2.0	79.4924002886	0.0	-0.0411591939628	-0.994557678699	0.0957129150629	52.7825443892	1.3730249479	-35.1603507996	-62.698348999	-15.1140003204	0.778546854098	30.0	2.27999997139	183.427998979	11.0	11.6199998856	0.999980681529	1.0	1
1.0	9536.74316406	9.0	2.0	3463.81298828	9.0	3.0	28.9200003147	0.0	0.0411633066833	0.994546115398	-0.0958313569427	44.1156225929	15.1645205576	-43.7396507263	-24.1631011963	16.9174499512	0.193591734062	18.0	2.27999997139	103.821999181	13.0	13.6199998856	0.997289519626	1.0	1
1.0	6317.53759766	13.0	8.0	3957.86401367	11.0	5.0	70.3399989605	0.0	-0.0411591939628	-0.994557678699	0.0957129150629	44.2358932859	1.3730249479	-35.1603507996	-62.698348999	-15.1140003204	0.778546854098	15.0	2.27999997139	114.491199613	7.0	11.6199998856	0.994500182208	1.0	1
1.0	3076.83813477	4.0	2.0	1821.45141602	4.0	1.0	12.4799997807	3.04225238404	0.392856419086	0.0612619668245	0.917557001114	1.0202410024	1.96277005966	-46.0886001587	-57.866897583	0.595029950142	0.561422769927	0.0	0.0	0.0	0.0	0.0	0.243174147406	1.0	1
1.0	7422.93164062	9.0	5.0	4051.37548828	6.0	3.0	93.4523993731	0.0	0.0411629453301	0.994547128677	-0.0958207696676	0.911069169087	28.5174144791	-42.754447937	-21.246049881	19.4684505463	0.895241835258	16.0	2.27999997139	93.6167998314	10.0	13.6199998856	0.997241111037	1.0	1
1.0	7723.61328125	6.0	4.0	3625.24316406	5.0	2.0	45.912399888	0.0	-0.0411591939628	-0.994557678699	0.0957129150629	52.7825443892	1.3730249479	-35.1603507996	-62.698348999	-15.1140003204	0.778546854098	3.0	5.23999977112	18.779999733	1.0	11.6199998856	0.992238240749	1.0	1
1.0	8714.43554688	8.0	6.0	2843.22485352	6.0	4.0	114.160000801	0.0	-0.0411591939628	-0.994557678699	0.0957129150629	46.914104406	1.3730249479	-35.1603507996	-62.698348999	-15.1140003204	0.778546854098	11.0	2.27999997139	53.8851999007	6.0	19.1000003815	0.99996177654	1.0	1
1.0	6503.46728516	3.0	2.0	2743.50634766	5.0	2.0	10.5999996662	0.0	-0.0411591939628	-0.994557678699	0.0957129150629	50.2756134629	1.3730249479	-35.1603507996	-62.698348999	-15.1140003204	0.778546854098	1.0	11.8400001526	12.0799999237	0.0	11.8400001526	0.827037123515	1.0	1
1.0	5985.76074219	7.0	4.0	2839.28222656	4.0	2.0	53.7599995136	0.0	-0.0411591939628	-0.994557678699	0.0957129150629	24.0599685754	1.3730249479	-35.1603507996	-62.698348999	-15.1140003204	0.778546854098	5.0	7.26000022888	29.0599997044	2.0	13.6199998856	0.997749279595	1.0	1
1.0	3117.25195312	3.0	1.0	1675.49658203	1.0	1.0	9.72000026703	3.80394535542	0.390430033207	0.494998782873	0.776234865189	4.41095656037	18.8770894731	-46.9548492432	-47.3677978516	7.3867650032	0.150056646108	0.0	0.0	0.0	0.0	0.0	-1.0	0.0	1
1.0	10407.5556641	10.0	4.0	5077.68603516	14.0	7.0	114.120001793	0.0	-0.0289053618908	0.963119983673	-0.267515093088	0.0	31.1205274113	-29.582950592	-64.3264007568	-3.00464010239	0.0474995940021	22.0	2.94000005722	212.72000134	6.0	28.6800003052	0.999999867933	1.0	1
1.0	9006.74121094	12.0	8.0	6157.43994141	11.0	5.0	83.5199995041	0.0	-0.0289053656161	0.963120162487	-0.267514556646	43.1891185382	5.20837126727	-54.5790481567	-23.5450000763	-0.0547693483531	0.140922177108	12.0	11.9399995804	112.373198986	1.0	11.9399995804	0.999993647231	1.0	1
1.0	10202.0429688	10.0	5.0	5166.66113281	15.0	7.0	55.5200004578	0.0	-0.0289053618908	0.963119983673	-0.267515093088	0.0	31.1205274113	-29.582950592	-64.3264007568	-3.00464010239	0.0474995940021	15.0	1.96000003815	110.533199787	4.0	28.6800003052	0.999999187587	1.0	1
1.0	5080.77978516	7.0	3.0	1542.93725586	6.0	3.0	32.7999997139	0.0	0.999506890774	0.0309955179691	0.00502380356193	43.464683464	4.62934108454	-55.0690994263	-23.4388999939	-1.55105996132	0.142581560918	3.0	11.6000003815	39.8400001526	1.0	11.6000003815	0.992451566972	1.0	1
1.0	3672.74853516	9.0	2.0	1543.35009766	6.0	3.0	51.5200004578	0.0	0.999506890774	0.0309955179691	0.00502380356193	38.5116759602	4.62934108454	-55.0690994263	-23.4388999939	-1.55105996132	0.142581560918	1.0	18.7600002289	17.7800006866	0.0	18.7600002289	0.996482211881	1.0	1
1.0	7535.4609375	7.0	3.0	1766.52514648	6.0	3.0	78.4800012112	0.0	0.686940014362	0.702636003494	-0.185515478253	8.82921728836	26.2432040402	-33.0017471313	-36.5552978516	14.0692996979	0.0925010761969	3.0	6.63999986649	21.6400003433	3.0	13.0	0.999992106991	1.0	1
1.0	6320.2265625	8.0	4.0	2535.98095703	5.0	3.0	78.1600005627	0.0	0.0289050489664	-0.963109612465	0.26755258441	0.985973158453	35.9444584396	-25.4869499207	-40.1237983704	15.1616001129	0.240961716526	6.0	4.67999982834	50.8600003719	3.0	11.6000003815	0.998399343927	1.0	1
1.0	5271.77148438	8.0	2.0	2234.56054688	2.0	2.0	36.0400006771	2.85605148861	0.0914676114917	0.875518083572	0.474448889494	16.9856996435	18.8770894731	-44.5031509399	-47.3572998047	11.0677604675	0.010380156278	0.0	0.0	0.0	0.0	0.0	0.983281221481	1.0	1
1.0	4027.92041016	7.0	3.0	2356.17431641	8.0	4.0	54.9600007534	0.0	0.0289050489664	-0.963109612465	0.26755258441	0.985973158453	28.0035420537	-25.4869499207	-40.1237983704	15.1616001129	0.240961716526	4.0	4.67999982834	22.4599997997	2.0	6.63999986649	0.980409508237	1.0	1
1.0	2037.61083984	3.0	1.0	592.945739746	1.0	1.0	19.2400007248	3.93015269869	0.639344215393	0.26040789485	0.723482310772	16.6600620754	17.5542126819	-49.4514007568	-39.7301483154	2.85465478897	0.504499607514	0.0	0.0	0.0	0.0	0.0	-1.0	0.0	1
1.0	7388.37402344	6.0	1.0	3320.27636719	6.0	2.0	0.0	10.0	0.0	0.0	0.0	0.0	0.0	0.0	0.0	0.0	2.0	8.0	10.5600004196	59.1000000238	5.0	23.3600006104	0.996974839441	1.0	1
1.0	5658.29785156	4.0	2.0	4676.17236328	7.0	1.0	2.03999996185	4.53422543406	0.837475001812	0.107450902462	0.535807788372	21.0574313504	33.7588488386	-42.5759963989	-50.4522476196	-4.92021512985	0.548197902727	1.0	16.0400009155	5.67999982834	2.0	20.4599990845	0.953606895579	1.0	1
1.0	9145.04785156	6.0	3.0	3827.08691406	6.0	2.0	50.3799991608	1.59516141141	0.386905968189	0.8210490942	0.419740587473	49.0679532183	46.0220273828	-59.0973510742	-25.7180995941	2.91527509689	0.0195529137978	19.0	10.5600004196	146.136401653	12.0	20.4599990845	0.997347777922	1.0	1
1.0	2790.60498047	5.0	1.0	864.370788574	1.0	1.0	19.2400007248	3.93015269869	0.639344215393	0.26040789485	0.723482310772	24.8245899557	17.5542126819	-49.4514007568	-39.7301483154	2.85465478897	0.504499607514	0.0	0.0	0.0	0.0	0.0	0.433980172753	1.0	1
1.0	6439.93896484	5.0	3.0	2040.23791504	2.0	2.0	83.1400003433	0.0	-0.0130402678624	0.976926505566	-0.213177233934	38.4701301373	29.8871222479	-33.6123504639	-39.3549499512	6.37359523773	0.885449080409	4.0	6.30000019073	31.220000267	1.0	10.5600004196	0.990958052396	1.0	1
1.0	330.684997559	1.0	0.0	223.741607666	1.0	0.0	0.0	10.0	0.0	0.0	0.0	0.0	0.0	0.0	0.0	0.0	2.0	0.0	0.0	0.0	0.0	0.0	0.000206200179832	1.0	1
1.0	6888.09326172	6.0	5.0	2113.58764648	2.0	2.0	124.479999542	0.0	0.997137963772	0.0	-0.0756037533283	44.8527107058	25.0148118761	-40.3851013184	-38.6255989075	8.3278799057	0.928336695626	5.0	6.30000019073	41.4600000381	1.0	10.5600004196	0.992734191339	1.0	1
1.0	6423.75292969	4.0	3.0	2577.92773438	3.0	2.0	76.4000005722	0.0	0.99713742733	0.0	-0.0756108686328	3.24057913462	16.7881494754	-20.2280502319	-67.5980987549	-7.65792989731	0.94665429443	3.0	10.5600004196	34.8600006104	1.0	10.5600004196	0.990758241454	1.0	1
1.0	5435.68603516	3.0	2.0	568.20880127	2.0	1.0	44.8000011444	3.93015269869	0.639344215393	0.26040789485	0.723482310772	43.0743112982	17.5542126819	-49.4514007568	-39.7301483154	2.85465478897	0.504499607514	0.0	0.0	0.0	0.0	0.0	0.982975474228	1.0	1
1.0	2892.24853516	2.0	1.0	1098.57702637	2.0	1.0	4.90000009537	3.77853144502	0.580783903599	0.701542556286	0.412950515747	0.0	10.0299126404	-48.1618003845	-40.6131515503	16.4262008667	0.677786094756	0.0	0.0	0.0	0.0	0.0	-1.0	0.0	1
1.0	9296.52539062	11.0	4.0	3728.56738281	10.0	5.0	54.1599998474	0.0	0.994902431965	0.0	-0.100842297077	39.8555543677	35.0140293708	-36.9602966309	-36.7742004395	17.2194499969	0.184658081857	6.0	1.89999997616	54.2799993753	1.0	17.5400009155	0.996891594089	1.0	1
1.0	7026.53710938	10.0	6.0	4357.10498047	11.0	6.0	161.140000343	0.0	-0.00919148977846	0.99401563406	-0.108850367367	3.33847609557	11.3821143287	-9.22290039062	-71.3876953125	-3.72898507118	0.665521646813	9.0	1.89999997616	84.1400002241	0.0	27.2800006866	0.984488930548	1.0	1
1.0	8162.00830078	14.0	7.0	5175.07958984	8.0	3.0	62.2799992561	0.0	0.994900643826	0.0	-0.100859843194	3.78546739331	16.7462220953	-30.5049991608	-69.5707015991	1.36490011215	0.616642722813	16.0	5.46000003815	182.818797827	3.0	17.5400009155	0.998513176038	1.0	1
1.0	2506.02685547	2.0	0.0	805.201049805	2.0	0.0	0.0	10.0	0.0	0.0	0.0	0.0	0.0	0.0	0.0	0.0	2.0	0.0	0.0	0.0	0.0	0.0	0.000206200179832	1.0	1
1.0	6751.46240234	7.0	7.0	2984.19311523	6.0	4.0	138.639997721	0.0	-0.994902431965	0.0	0.100842297077	24.1419073026	1.10965665226	-39.3515014648	-62.2421989441	-11.0959501266	0.771638029527	4.0	1.03999996185	29.1799998283	1.0	7.17999982834	0.99806503585	1.0	1
1.0	6676.13964844	6.0	6.0	3321.86157227	6.0	4.0	129.199999809	0.0	-0.994902431965	0.0	0.100842297077	13.1027681826	1.10965665226	-39.3515014648	-62.2421989441	-11.0959501266	0.0548759200504	4.0	1.03999996185	32.2399997711	0.0	13.1400003433	0.97787280992	1.0	1
1.0	5525.39013672	4.0	4.0	4037.70727539	8.0	2.0	76.5999983549	0.0	-0.994902431965	0.0	0.100842297077	3.24869435826	1.10965665226	-39.3515014648	-62.2421989441	-11.0959501266	0.771638029527	4.0	1.03999996185	34.9800000191	1.0	7.17999982834	0.978329663144	1.0	1
1.0	4471.22265625	8.0	5.0	2117.20166016	6.0	5.0	95.859998703	0.0	0.994902431965	0.0	-0.100842297077	27.6603858793	0.0	-39.3515014648	-62.2421989441	-11.0959501266	0.0548759200504	3.0	1.03999996185	17.2999997139	1.0	7.17999982834	0.909396348495	1.0	1
1.0	7154.93798828	7.0	3.0	1886.58898926	5.0	3.0	26.3999997377	0.0	0.994902431965	0.0	-0.100842297077	23.8934975159	0.0	-39.3515014648	-62.2421989441	-11.0959501266	0.0548759200504	3.0	1.03999996185	29.5600004196	0.0	17.8999996185	0.982229764391	1.0	1
1.0	3219.65600586	2.0	1.0	1263.97412109	2.0	1.0	5.28000020981	3.99318173564	0.491267770529	0.231306999922	0.83973389864	18.8948818906	27.1943120819	-50.9636535645	-43.1776504517	-1.49604010582	0.72239228128	0.0	0.0	0.0	0.0	0.0	-1.0	0.0	1
1.0	8306.75	10.0	3.0	2503.20629883	9.0	3.0	29.4200000763	2.41709536554	0.529462873936	0.772961378098	0.349570780993	43.34823832	22.2755287702	-41.0914497375	-46.5104484558	2.96261501312	0.083517334601	1.0	9.30000019073	5.61999988556	0.0	9.30000019073	0.999272054171	1.0	1
1.0	6433.26367188	6.0	2.0	1521.03344727	8.0	2.0	3.98000001907	3.21987584248	0.557917714119	-0.435064762831	0.706715285778	22.2694056059	26.4488961576	-40.9956512451	-60.5612030029	-8.26640987396	0.120192672425	1.0	14.1999998093	4.28000020981	1.0	14.1999998093	0.986673892598	1.0	1
1.0	6124.54638672	13.0	5.0	889.197021484	3.0	3.0	48.1560807675	0.0	-0.0472551062703	0.972107231617	-0.229726999998	15.316877275	1.98488885409	-24.431350708	-67.1027984619	-12.2089004517	0.0755970654131	4.0	5.05999994278	32.2200005054	2.0	17.7999992371	0.974596306027	1.0	1
1.0	1285.63183594	5.0	2.0	607.99798584	1.0	1.0	18.8600006104	0.0	-0.0472543798387	0.972096145153	-0.229774147272	14.5429341708	0.0	-20.3229484558	-48.2256011963	2.56449508667	0.830060000436	1.0	5.05999994278	3.72000002861	0.0	5.05999994278	0.49072291505	1.0	1
1.0	4871.50585938	8.0	4.0	2575.01586914	6.0	4.0	41.8760791272	0.0	0.0329161733389	0.174286782742	0.984144628048	3.3197482767	15.7182289593	-12.436050415	-69.1246032715	-6.52586507797	0.768569272288	4.0	3.46000003815	34.6600000858	1.0	3.46000003815	0.994636258466	1.0	1
1.0	6120.81982422	6.0	4.0	1517.11230469	4.0	2.0	61.5199999809	1.93506327572	0.823430538177	0.543923079967	-0.161585435271	17.5508910007	18.9380916489	-41.0964508057	-47.7500495911	1.63893508911	0.517591919364	0.0	0.0	0.0	0.0	0.0	0.92580112482	1.0	1
1.0	8641.66210938	7.0	4.0	1541.94763184	4.0	3.0	63.6799998283	0.0	0.0329161733389	0.174286782742	0.984144628048	3.3197482767	0.0	-12.436050415	-69.1246032715	-6.52586507797	0.768569272288	4.0	3.46000003815	47.2799999714	1.0	3.46000003815	0.998926660128	1.0	1
1.0	4766.34082031	4.0	2.0	1618.94030762	5.0	1.0	11.1800003052	3.55770993694	0.542788088322	-0.821510195732	0.174648538232	42.4600753273	27.1943120819	-50.4820480347	-36.1343994141	4.09363985062	0.00304217476001	0.0	0.0	0.0	0.0	0.0	0.613248418827	1.0	1
1.0	6302.17480469	8.0	1.0	866.14440918	5.0	1.0	0.216079995036	0.0	-0.0472551062703	0.972107231617	-0.229726999998	15.316877275	26.451111615	-24.431350708	-67.1027984619	-12.2089004517	0.0755970654131	1.0	9.46000003815	10.4600000381	0.0	9.46000003815	0.968533866056	1.0	1
1.0	2698.6809082	1.0	0.0	1537.58203125	1.0	0.0	0.0	10.0	0.0	0.0	0.0	0.0	0.0	0.0	0.0	0.0	2.0	0.0	0.0	0.0	0.0	0.0	0.000206200179832	0.0	1
1.0	9459.08398438	11.0	3.0	4708.31445312	5.0	2.0	97.4200001955	0.0	0.106013685465	-0.937819063663	0.330539792776	44.9031182101	2.26942777262	-58.9693489075	-19.4972000122	-0.912878036499	0.710707145873	9.0	7.42000007629	63.9227999523	4.0	29.8600006104	0.999520226143	1.0	1
1.0	3298.60961914	4.0	1.0	2939.45117188	4.0	1.0	26.3600006104	1.95742690299	-0.209109380841	-0.773357927799	0.598490417004	2.88777885952	10.6393747286	-48.7632980347	-54.1333465576	-12.4315500259	0.745139145707	0.0	0.0	0.0	0.0	0.0	0.462650280786	1.0	1
1.0	8757.08105469	14.0	4.0	4369.55273438	8.0	3.0	105.373200033	0.0	0.106013685465	-0.937819063663	0.330539792776	44.9031182101	2.26942777262	-58.9693489075	-19.4972000122	-0.912878036499	0.710707145873	14.0	7.94000005722	144.335999437	3.0	11.8800001144	0.996242131508	1.0	1
1.0	3370.59790039	2.0	1.0	1455.67407227	2.0	1.0	15.7131998278	0.0	-0.624472737312	-0.745576560497	0.23270021379	0.0	17.9879654884	-33.5206489563	-39.2198486328	10.9153995514	0.2921009816	2.0	12.3400001526	22.8600006104	0.0	12.3400001526	0.321917746009	1.0	1
1.0	5188.00390625	6.0	3.0	3412.81298828	4.0	2.0	46.7800010443	0.0	-0.106013968587	0.937819898129	-0.330537199974	3.40418662164	2.26942777262	-58.8490486145	-20.5614013672	-0.537796020508	0.105948659559	1.0	11.8800001144	12.6800003052	1.0	11.8800001144	0.980031358263	1.0	1
1.0	3472.04003906	4.0	1.0	1936.49707031	3.0	2.0	23.9799995422	0.0	0.10610023886	-0.937811553478	0.330533325672	23.2732475303	32.4695349073	-47.7597999573	-48.4071006775	5.72313976288	0.714677448495	1.0	7.94000005722	7.96000003815	1.0	7.94000005722	0.156070176449	1.0	1
1.0	4705.59228516	5.0	3.0	2897.5559082	3.0	2.0	24.4999998808	0.0	-0.993543982506	-0.113414302468	-0.00275311549194	12.4642478209	45.2826028786	-43.5386505127	-60.3540496826	-5.50763034821	0.349787142477	2.0	7.67999982834	13.7600002289	2.0	18.4400005341	0.981831197074	1.0	1
1.0	3582.70581055	3.0	1.0	3712.65405273	3.0	2.0	23.8400006294	0.0	-0.106013968587	0.937819898129	-0.330537199974	38.3631479541	2.26942777262	-58.8490486145	-20.5614013672	-0.537796020508	0.105948659559	1.0	11.8800001144	12.6800003052	1.0	11.8800001144	0.592737645811	1.0	1
1.0	6229.89111328	7.0	2.0	3101.91503906	5.0	4.0	107.45319793	0.0	0.10610023886	-0.937811553478	0.330533325672	9.96275920186	33.897385051	-47.7597999573	-48.4071006775	5.72313976288	0.714677448495	5.0	7.42000007629	47.9800000191	2.0	7.94000005722	0.997551793591	1.0	1
1.0	3761.10400391	3.0	0.0	1535.47961426	2.0	0.0	0.0	10.0	0.0	0.0	0.0	0.0	0.0	0.0	0.0	0.0	2.0	0.0	0.0	0.0	0.0	0.0	0.000206200179832	0.0	1
1.0	12035.4501953	7.0	2.0	5554.49902344	8.0	2.0	77.9200003147	0.0	0.992688179016	-0.0704840421677	-0.0979906022549	33.3783648022	56.8574114916	-56.134147644	-23.2530002594	-2.09656500816	0.959056954813	17.0	3.90000009537	142.348399594	2.0	17.3799991608	0.999961804351	1.0	1
1.0	10283.7177734	12.0	4.0	4103.41552734	9.0	4.0	66.819999218	0.0	0.992686986923	-0.0704876706004	-0.0980000719428	2.12816204507	1.47159322318	-21.7881507874	-72.8074951172	-6.94956970215	0.876914655601	17.0	3.90000009537	128.38960126	1.0	10.9799995422	0.999996572278	1.0	1
1.0	6130.57763672	8.0	5.0	4266.93945312	5.0	2.0	40.6959999502	0.0	-0.0587511919439	-0.98472994566	0.163875535131	33.4763099874	31.8710608527	-38.0284996033	-43.2252998352	6.59800004959	0.729230684846	6.0	4.53999996185	45.3999991417	1.0	17.3799991608	0.969233843431	1.0	1
1.0	3286.77001953	4.0	1.0	179.911697388	1.0	1.0	28.7599992752	2.35413470851	0.669275462627	0.259168565273	0.696349024773	13.5767812378	9.15760013338	-22.575750351	-50.642250061	11.3292293549	0.99978076277	0.0	0.0	0.0	0.0	0.0	0.549030497578	1.0	1
1.0	7441.01464844	7.0	4.0	3244.42041016	5.0	3.0	70.2959989011	0.0	0.992688179016	-0.0704840421677	-0.0979906022549	53.1962284336	1.06407755737	-56.134147644	-23.2530002594	-2.09656500816	0.372857300822	5.0	1.05999994278	47.0400009155	1.0	20.2199993134	0.999193245596	1.0	1
1.0	3587.33398438	3.0	0.0	1535.47961426	2.0	0.0	0.0	10.0	0.0	0.0	0.0	0.0	0.0	0.0	0.0	0.0	2.0	0.0	0.0	0.0	0.0	0.0	0.000206200179832	1.0	1
1.0	8606.1015625	8.0	4.0	748.282592773	5.0	4.0	92.1360000074	0.0	-0.0587511919439	-0.98472994566	0.163875535131	40.6173080858	10.2098961545	-38.0284996033	-43.2252998352	6.59800004959	0.0776732059109	4.0	1.05999994278	18.3999996185	0.0	9.52000045776	0.999653548615	1.0	1
1.0	3924.63525391	4.0	1.0	1371.9486084	2.0	2.0	46.6199989319	0.0	-0.992688179016	0.0704841688275	0.0979907736182	15.5703952421	9.0057045301	-28.4471511841	-51.5305023193	6.87101507187	0.822104732799	1.0	1.48000001907	0.0	0.0	1.48000001907	0.459771503745	1.0	1
1.0	3793.29370117	8.0	4.0	602.033935547	3.0	3.0	57.1360019147	0.0	-0.0587511919439	-0.98472994566	0.163875535131	40.6173080858	21.5565541805	-38.0284996033	-43.2252998352	6.59800004959	0.729230684846	1.0	9.52000045776	9.19999980927	0.0	9.52000045776	0.972509977693	1.0	1
1.0	2381.97192383	2.0	0.0	651.401489258	2.0	0.0	0.0	10.0	0.0	0.0	0.0	0.0	0.0	0.0	0.0	0.0	2.0	0.0	0.0	0.0	0.0	0.0	0.000206200179832	0.0	2
1.0	6784.87451172	11.0	3.0	2033.33117676	3.0	3.0	96.7800006866	0.0	-0.0584563538432	-0.987317860126	0.147601664066	38.245272643	11.0146876227	-37.8048019409	-40.5072479248	4.51274013519	0.691577817636	4.0	9.30000019073	34.798399955	0.0	18.2000007629	0.980174827613	1.0	2
1.0	4462.33251953	8.0	3.0	2058.22607422	5.0	5.0	87.1799995899	0.0	0.0584627389908	0.987315475941	-0.147615328431	25.3137423656	0.0	-57.9729995728	-31.5965003967	1.03342103958	0.946802964187	7.0	2.75999999046	53.2383995354	1.0	2.75999999046	0.823458034859	1.0	2
1.0	5171.39746094	10.0	2.0	1747.88134766	3.0	2.0	28.6600008011	0.0	0.997891843319	-0.0560425892472	-0.0327285043895	38.7089217995	24.1342277478	-31.0775489807	-37.1126480103	8.23263931274	0.92743042808	3.0	8.0	23.6383996308	0.0	18.2000007629	0.978991848687	1.0	2
1.0	972.634033203	5.0	0.0	554.079956055	3.0	0.0	0.0	10.0	0.0	0.0	0.0	0.0	0.0	0.0	0.0	0.0	2.0	0.0	0.0	0.0	0.0	0.0	0.000206200179832	1.0	2
1.0	6708.50488281	9.0	2.0	481.438293457	4.0	2.0	40.9000015259	0.0	0.997891843319	-0.0560425892472	-0.0327285043895	38.7089217995	20.2637047457	-31.0775489807	-37.1126480103	8.23263931274	0.92743042808	1.0	8.0	7.21999979019	0.0	8.0	0.992127398475	1.0	2
1.0	2833.11352539	8.0	1.0	460.475280762	4.0	2.0	26.4599990845	0.0	0.0584563538432	0.987317860126	-0.147601664066	11.0146876227	17.7210383909	-37.8048019409	-40.5072479248	4.51274013519	0.691577817636	1.0	9.30000019073	9.34000015259	0.0	9.30000019073	0.850777153186	1.0	2
1.0	5326.44287109	7.0	3.0	1499.17602539	5.0	4.0	98.2399997711	0.0	-0.0584563538432	-0.987317860126	0.147601664066	18.5422993818	11.0146876227	-37.8048019409	-40.5072479248	4.51274013519	0.570976239082	5.0	8.0	49.7999997139	0.0	18.2000007629	0.972744531988	1.0	2
1.0	3353.52783203	7.0	1.0	1629.66540527	3.0	2.0	27.6000003815	0.0	0.997891843319	-0.0560425892472	-0.0327285043895	2.62193662145	27.1710588649	-31.0775489807	-37.1126480103	8.23263931274	0.92743042808	1.0	8.0	7.21999979019	0.0	8.0	0.716445398612	1.0	2
1.0	7208.22705078	10.0	4.0	1837.21044922	4.0	4.0	76.4000008106	0.0	0.997891843319	-0.0560425892472	-0.0327285043895	38.7089217995	27.1710588649	-31.0775489807	-37.1126480103	8.23263931274	0.92743042808	4.0	2.75999999046	35.8999996185	1.0	2.75999999046	0.991088872517	1.0	2
1.0	3101.61230469	1.0	1.0	1339.66748047	3.0	1.0	11.3999996185	3.50309861485	0.89393812418	0.307530045509	0.326036721468	2.78343103983	32.385730078	-46.2467498779	-36.3927497864	6.38062477112	0.0519287651633	0.0	0.0	0.0	0.0	0.0	-1.0	0.0	2
1.0	3536.83203125	7.0	2.0	1496.03796387	3.0	2.0	24.0999997854	0.0	0.105048164725	0.992555737495	0.0616282001138	24.5067933303	36.1079749846	-34.9052505493	-39.3638534546	4.50382518768	0.0547542378159	1.0	6.71999979019	6.51999998093	0.0	6.71999979019	0.997074226024	1.0	2
1.0	2415.91601562	6.0	2.0	1258.24304199	3.0	2.0	9.01999998093	0.0	-0.104938901961	-0.992567002773	-0.0616327822208	26.0074434615	25.6402769199	-34.8185997009	-38.4624023438	6.3834400177	0.238121357845	2.0	6.38000011444	10.8800001144	1.0	6.38000011444	0.94743943106	1.0	2
1.0	7891.09277344	8.0	5.0	3124.24536133	6.0	5.0	108.860000134	0.0	0.104935176671	0.992568016052	0.0616222843528	25.1379485122	14.7114263653	-41.3737030029	-61.0483016968	-9.6559047699	0.841236310621	2.0	6.38000011444	23.2600002289	3.0	13.5200004578	0.999937626698	1.0	2
1.0	5805.82470703	4.0	4.0	2226.81420898	6.0	5.0	107.140000343	0.0	-0.995591938496	0.0936285257339	-0.00551714934409	15.2473642231	12.9524037848	-20.4725990295	-68.5731964111	-8.05476474762	0.317504825253	4.0	6.38000011444	57.6599993706	3.0	9.64000034332	0.958311320398	1.0	2
1.0	7660.10888672	8.0	4.0	2453.43701172	4.0	3.0	77.8200001717	0.0	0.104935176671	0.992568016052	0.0616222843528	24.9823132389	0.0	-41.3737030029	-61.0483016968	-9.6559047699	0.841236310621	1.0	6.38000011444	9.18000030518	3.0	13.5200004578	0.999635113615	1.0	2
1.0	1514.79394531	5.0	1.0	206.977996826	1.0	1.0	0.0	3.51099698093	0.900271117687	-0.414563804865	0.132848754525	0.0	3.90741131374	-15.6809997559	-62.6994018555	6.03503513336	0.274646414561	0.0	0.0	0.0	0.0	0.0	0.814542319705	1.0	2
1.0	2227.14013672	6.0	3.0	1071.46240234	5.0	3.0	52.819999218	0.0	0.995600342751	-0.0935385897756	0.00551718613133	25.7832149124	2.955766789	-52.6717987061	-42.6535491943	-6.83929491043	0.854559833857	3.0	7.48000001907	28.7999997139	1.0	13.9399995804	0.969446061565	1.0	2
1.0	8899.84863281	5.0	4.0	2091.6496582	4.0	4.0	103.039997458	0.0	0.99559122324	-0.0936355367303	0.00552709773183	25.5715565147	34.0464387789	-29.9619998932	-37.5116996765	8.31983947754	0.623426528686	3.0	6.71999979019	22.8399996758	1.0	9.80000019073	0.999856882732	1.0	2
1.0	5306.65820312	8.0	6.0	1365.13696289	6.0	5.0	97.6199998856	0.0	0.105033688247	0.992557048798	0.0616318024695	47.2919597108	8.19133295126	-57.1699523926	-29.9604988098	-2.46951007843	0.518520030254	3.0	6.38000011444	43.5799994469	2.0	8.31999969482	0.99355818365	1.0	2
1.0	2235.3137207	1.0	0.0	753.689025879	2.0	0.0	0.0	10.0	0.0	0.0	0.0	0.0	0.0	0.0	0.0	0.0	2.0	0.0	0.0	0.0	0.0	0.0	0.000206200179832	0.0	2
1.0	5645.00878906	6.0	2.0	1605.57287598	3.0	1.0	40.9200000763	0.0	0.999348342419	-0.0346073023975	-0.010257827118	3.54111535589	19.7006869636	-36.4603004456	-34.8496017456	12.0597496033	0.206939029904	2.0	8.68000030518	18.5	0.0	9.22000026703	0.992257451942	1.0	2
1.0	5345.82421875	3.0	1.0	3303.9140625	4.0	2.0	42.9200000763	2.05289790322	0.545467972755	0.123078949749	0.82904535532	36.4554263719	11.5457458097	-59.4262008667	-31.1956501007	2.74885988235	0.635650933089	0.0	0.0	0.0	0.0	0.0	0.975822543146	1.0	2
1.0	5512.34716797	4.0	2.0	3525.79980469	4.0	2.0	101.199999809	0.0	0.999348342419	-0.0346073023975	-0.010257827118	3.54111535589	25.5604656371	-36.4603004456	-34.8496017456	12.0597496033	0.206939029904	2.0	8.68000030518	18.5	0.0	9.22000026703	0.997331802248	1.0	2
1.0	5266.62646484	6.0	1.0	843.440002441	2.0	2.0	24.6999993324	1.99093696389	0.864609003067	0.320141673088	0.387247473001	4.95523775797	3.62236186333	-34.4370002747	-41.0561981201	12.1958999634	0.964463111755	0.0	0.0	0.0	0.0	0.0	0.999566912164	1.0	2
1.0	1749.5390625	4.0	1.0	902.78302002	2.0	2.0	33.1999988556	1.99093696389	0.864609003067	0.320141673088	0.387247473001	15.3841023373	24.0799536873	-34.4370002747	-41.0561981201	12.1958999634	0.964463111755	0.0	0.0	0.0	0.0	0.0	0.632080469848	1.0	2
1.0	4924.30566406	4.0	1.0	1831.43884277	4.0	2.0	42.9200000763	2.05289790322	0.545467972755	0.123078949749	0.82904535532	36.4554263719	11.5457458097	-59.4262008667	-31.1956501007	2.74885988235	0.635650933089	0.0	0.0	0.0	0.0	0.0	0.96739815668	1.0	2
1.0	5029.52685547	4.0	0.0	2614.57299805	5.0	0.0	0.0	10.0	0.0	0.0	0.0	0.0	0.0	0.0	0.0	0.0	2.0	0.0	0.0	0.0	0.0	0.0	0.000206200179832	1.0	2
1.0	4220.84130859	5.0	1.0	3422.55273438	4.0	4.0	65.6599993706	0.0	0.999348342419	-0.0346073023975	-0.010257827118	11.2357829664	25.5604656371	-36.4603004456	-34.8496017456	12.0597496033	0.206939029904	2.0	8.31999969482	16.4400000572	0.0	8.68000030518	0.993299160789	1.0	2
1.0	2468.86499023	2.0	0.0	812.046691895	3.0	0.0	0.0	10.0	0.0	0.0	0.0	0.0	0.0	0.0	0.0	0.0	2.0	0.0	0.0	0.0	0.0	0.0	0.000206200179832	0.0	2
1.0	4292.51171875	11.0	2.0	1574.37805176	3.0	3.0	47.57999897	0.0	-0.0461924485862	-0.993749678135	0.101625822484	7.716855947	17.7884830363	-19.6539993286	-50.898349762	11.5550003052	0.0164371429037	1.0	5.42000007629	5.01999998093	1.0	5.42000007629	0.979215545122	1.0	2
1.0	3022.40380859	11.0	2.0	269.183990479	1.0	1.0	18.7600002289	0.0	0.0461897961795	0.993749797344	-0.101625710726	30.4591064819	2.7191738232	-34.459197998	-33.429901123	6.10358524323	0.927808862734	1.0	9.5	8.85999965668	0.0	9.5	0.499348155985	1.0	2
1.0	2036.7121582	9.0	3.0	1540.45300293	3.0	3.0	54.2799987793	0.0	-0.0461924485862	-0.993749678135	0.101625822484	7.716855947	22.4879086923	-19.6539993286	-50.898349762	11.5550003052	0.0164371429037	3.0	5.42000007629	16.1799998283	1.0	5.42000007629	0.990621766167	1.0	2
1.0	4592.70068359	4.0	2.0	2157.43286133	6.0	4.0	50.0	0.0	0.998026430607	-0.0331811308861	0.0533126778901	2.67126380713	24.4561392976	-21.3241500854	-68.8759994507	-2.51598501205	0.895286348932	0.0	0.0	0.0	1.0	8.14000034332	0.848228722913	1.0	2
1.0	4132.23242188	11.0	4.0	2071.62792969	4.0	4.0	89.9599995613	0.0	0.998026430607	-0.0331811308861	0.0533126778901	21.4681954578	0.0	-21.3241500854	-68.8759994507	-2.51598501205	0.895286348932	3.0	5.42000007629	15.9599995613	2.0	8.14000034332	0.989137651426	1.0	2
1.0	3076.73608398	4.0	0.0	1494.87475586	5.0	0.0	0.0	10.0	0.0	0.0	0.0	0.0	0.0	0.0	0.0	0.0	2.0	0.0	0.0	0.0	0.0	0.0	0.000206200179832	1.0	2
1.0	5489.74804688	8.0	3.0	2384.56079102	5.0	5.0	88.5399990082	0.0	0.998026430607	-0.0331811308861	0.0533126778901	2.67126380713	24.4561392976	-21.3241500854	-68.8759994507	-2.51598501205	0.895286348932	1.0	9.5	8.85999965668	1.0	8.14000034332	0.989800339781	1.0	2
1.0	4753.75244141	12.0	4.0	1603.50866699	4.0	4.0	119.999998093	0.0	0.998026430607	-0.0331811308861	0.0533126778901	21.4681954578	0.0	-21.3241500854	-68.8759994507	-2.51598501205	0.895286348932	2.0	5.42000007629	14.0999999046	2.0	8.14000034332	0.996924140292	1.0	2
1.0	5727.80078125	6.0	3.0	2807.26171875	5.0	4.0	58.8599991798	0.0	0.998026430607	-0.0331811308861	0.0533126778901	2.67126380713	24.4561392976	-21.3241500854	-68.8759994507	-2.51598501205	0.895286348932	0.0	0.0	0.0	1.0	8.14000034332	0.970689721101	1.0	2
1.0	3041.63452148	3.0	1.0	1251.07495117	1.0	1.0	24.7600007057	2.84753233505	0.964593052864	-0.250293344259	-0.083147354424	0.0	1.80712921496	-45.3508987427	-48.40625	13.3901996613	0.440393009031	0.0	0.0	0.0	0.0	0.0	-1.0	0.0	2
1.0	8111.93359375	8.0	3.0	2026.41394043	5.0	4.0	93.4272019863	0.0	0.00619681505486	-0.99838912487	0.0563986189663	8.24741709013	25.8390073065	-53.413848877	-48.2741508484	6.64177036285	0.258524531541	1.0	7.98000001907	7.42000007629	2.0	10.8599996567	0.999971294768	1.0	2
1.0	3258.12158203	6.0	1.0	1251.07495117	1.0	1.0	24.7600007057	2.84753233505	0.964593052864	-0.250293344259	-0.083147354424	0.0	1.80712921496	-45.3508987427	-48.40625	13.3901996613	0.440393009031	0.0	0.0	0.0	0.0	0.0	0.0513707413098	1.0	2
1.0	6283.12792969	8.0	3.0	822.507202148	4.0	3.0	66.3400001526	0.0	-0.00610299129039	0.9983907938	-0.0563785396516	41.8696102	33.3354742624	-34.4701004028	-41.6604499817	14.9278507233	0.559672007231	1.0	4.11999988556	3.66000008583	0.0	4.11999988556	0.991825614952	1.0	2
1.0	4675.07714844	7.0	3.0	1040.20874023	3.0	3.0	92.1400015354	0.0	0.00609863456339	-0.998389601707	0.0563999377191	33.3459284589	15.4582922022	-58.7220993042	-42.561000824	-0.703693509102	0.872548624121	3.0	1.12000000477	27.0600004196	1.0	1.12000000477	0.89590501734	1.0	2
1.0	5832.04150391	6.0	1.0	1498.53771973	4.0	3.0	54.8800008297	2.84753233505	-0.964593052864	0.250293344259	0.083147354424	12.9451600812	25.3631347479	-45.3508987427	-48.40625	13.3901996613	0.440393009031	0.0	0.0	0.0	0.0	0.0	0.991248109695	1.0	2
1.0	4245.74072266	8.0	2.0	864.739990234	2.0	1.0	32.7600002289	3.35931538374	0.822796106339	-0.526209175587	0.214733511209	21.1419008483	36.4149800308	-44.7537498474	-58.0640487671	3.30385017395	0.620675865854	0.0	0.0	0.0	0.0	0.0	0.822801491378	1.0	2
1.0	7247.36279297	8.0	3.0	1593.86230469	5.0	4.0	89.0992005169	0.0	-0.994935035706	0.0	0.1005198434	7.56427550829	22.9320535099	-38.558052063	-38.1839981079	13.6312503815	0.483165630073	1.0	11.779999733	11.8400001526	1.0	10.8599996567	0.997640356618	1.0	2
1.0	5228.91796875	5.0	1.0	1484.74194336	2.0	2.0	47.8600010872	1.46369396607	0.599094092846	-0.438618451357	0.669850826263	25.6594789067	10.5544740647	-50.0360488892	-58.1945495605	-8.9993057251	0.79412073156	0.0	0.0	0.0	0.0	0.0	0.842077376869	1.0	2
1.0	4180.75488281	7.0	1.0	837.421020508	2.0	2.0	12.4520004094	0.0	0.994935035706	0.0	-0.1005198434	3.83390354187	19.9289155151	-38.558052063	-38.1839981079	13.6312503815	0.171516191354	2.0	11.779999733	23.3000001907	0.0	11.779999733	0.995159139032	1.0	2
1.0	3178.81298828	1.0	0.0	1127.63647461	4.0	0.0	0.0	10.0	0.0	0.0	0.0	0.0	0.0	0.0	0.0	0.0	2.0	0.0	0.0	0.0	0.0	0.0	0.000206200179832	0.0	2
1.0	6099.54541016	10.0	3.0	1844.14916992	2.0	1.0	53.7200012207	1.31503613992	-0.689929664135	0.711903870106	-0.131110280752	39.4543194267	8.3002473501	-46.8225517273	-28.0135498047	7.56540489197	0.401379994087	0.0	0.0	0.0	0.0	0.0	0.994214652365	1.0	2
1.0	6237.82861328	9.0	4.0	1305.2322998	4.0	4.0	85.7199981213	0.0	0.0429157428443	0.985954880714	-0.161403983831	32.9848282381	27.9953282212	-32.6657028198	-33.6489486694	6.17806529999	0.67489282693	2.0	9.53999996185	22.3999996185	1.0	11.3599996567	0.99842433193	1.0	2
1.0	7052.40283203	11.0	4.0	1684.19750977	5.0	3.0	73.2199997902	0.0	0.998986363411	-0.0365959554911	0.0262105446309	3.95423225008	1.20238861052	-54.0615005493	-23.9596004486	4.15095996857	0.692307814797	4.0	5.19999980927	44.4400005341	1.0	12.3000001907	0.99938068684	1.0	2
1.0	6312.70898438	5.0	2.0	2078.11669922	7.0	3.0	26.8600006104	2.60134584367	0.709695875645	-0.295537918806	0.639522612095	22.2581703153	39.9701152829	-55.9736480713	-28.2779502869	-1.02911996841	0.551816672363	0.0	0.0	0.0	0.0	0.0	0.99443796744	1.0	2
1.0	7884.81787109	8.0	3.0	2388.34521484	6.0	4.0	77.4999990463	0.0	0.998986363411	-0.0365959554911	0.0262105446309	45.6924487866	1.20238861052	-54.0615005493	-23.9596004486	4.15095996857	0.692307814797	4.0	7.80000019073	44.8800005913	2.0	12.3000001907	0.999975987074	1.0	2
1.0	6094.22167969	8.0	3.0	1454.81970215	5.0	3.0	65.1600003242	0.0	-0.0429980792105	-0.985951423645	0.161403119564	24.0289887483	19.7573786573	-39.131652832	-44.1964492798	-1.32003498077	0.556986826347	1.0	5.19999980927	5.19999980927	0.0	5.19999980927	0.980967440815	1.0	2
1.0	6628.83886719	10.0	3.0	1579.0802002	5.0	2.0	49.640001297	0.0	-0.0429126471281	-0.985954999924	0.161404058337	4.20326710136	2.40477386873	-52.2229995728	-26.1752510071	1.95180499554	0.771482816522	1.0	8.22000026703	7.80000019073	0.0	8.22000026703	0.999204834933	1.0	2
1.0	2505.78613281	2.0	1.0	794.927612305	3.0	2.0	26.3800001144	0.0	0.0429949127138	0.985951542854	-0.161403134465	16.1311235107	15.0452629611	-36.5088500977	-38.992149353	1.77787494659	0.517545300278	2.0	9.53999996185	24.220000267	0.0	12.6000003815	0.581375826715	1.0	2
1.0	3548.36669922	9.0	1.0	1023.58953857	2.0	1.0	37.6399986744	3.15358372235	0.733509659767	-0.0539665967226	0.677533149719	2.16917256627	2.4919652516	-13.9034996033	-63.4765472412	6.91464519501	0.987340712717	0.0	0.0	0.0	0.0	0.0	0.991537868659	1.0	2
1.0	2403.453125	2.0	0.0	1453.66711426	3.0	0.0	0.0	10.0	0.0	0.0	0.0	0.0	0.0	0.0	0.0	0.0	2.0	0.0	0.0	0.0	0.0	0.0	0.000206200179832	0.0	2
1.0	7927.88525391	4.0	2.0	1543.32275391	1.0	1.0	43.2600002289	0.0	0.00382819818333	0.980664432049	-0.195659458637	28.5525589611	0.0	-41.4594993591	-41.7476501465	5.22823524475	0.899060478605	3.0	8.19999980927	36.9200000763	0.0	12.8400001526	0.99652820623	1.0	2
1.0	3338.97509766	2.0	0.0	1453.66711426	3.0	0.0	0.0	10.0	0.0	0.0	0.0	0.0	0.0	0.0	0.0	0.0	2.0	0.0	0.0	0.0	0.0	0.0	0.000206200179832	1.0	2
1.0	7884.67285156	5.0	3.0	2336.5378418	3.0	3.0	90.4000003338	0.0	0.00372826564126	0.980664551258	-0.195660918951	0.0	1.57745923254	-25.0482501984	-64.6880493164	0.794727504253	0.935477657121	5.0	6.38000011444	56.9800004959	2.0	17.1000003815	0.999212849067	1.0	2
1.0	2984.375	4.0	2.0	1685.56018066	3.0	1.0	33.7400007248	0.0	-0.00382818328217	-0.980664491653	0.195659175515	10.322127577	32.641119364	-50.1622009277	-29.686050415	4.98804521561	0.730898077809	1.0	6.38000011444	6.0	1.0	6.38000011444	0.113763377385	1.0	2
1.0	4602.65673828	6.0	1.0	1935.55371094	5.0	3.0	25.8400006294	0.0	0.00372826564126	0.980664551258	-0.195660918951	0.0	18.7769936987	-25.0482501984	-64.6880493164	0.794727504253	0.935477657121	1.0	17.1000003815	15.5200004578	1.0	17.1000003815	0.96864259908	1.0	2
1.0	4306.85498047	3.0	0.0	2352.58300781	3.0	0.0	0.0	10.0	0.0	0.0	0.0	0.0	0.0	0.0	0.0	0.0	2.0	0.0	0.0	0.0	0.0	0.0	0.000206200179832	1.0	2
1.0	6300.94384766	4.0	3.0	1519.01281738	2.0	2.0	60.8399996758	0.0	-0.00382818328217	-0.980664491653	0.195659175515	30.3033179013	2.98303621098	-50.1622009277	-29.686050415	4.98804521561	0.730898077809	3.0	6.38000011444	27.2600002289	1.0	6.38000011444	0.978216285435	1.0	2
1.0	5805.40966797	7.0	3.0	1187.44018555	2.0	2.0	91.3800020218	0.0	-0.00382819818333	-0.980664432049	0.195659458637	29.3094304716	20.4682599757	-41.4594993591	-41.7476501465	5.22823524475	0.612002946623	2.0	12.0799999237	23.5399999619	0.0	12.8400001526	0.969446133549	1.0	2
1.0	5684.51220703	7.0	4.0	1531.16503906	3.0	2.0	40.3600003719	0.0	0.00372826564126	0.980664551258	-0.195660918951	0.0	1.57745923254	-25.0482501984	-64.6880493164	0.794727504253	0.935477657121	2.0	12.0799999237	26.5600004196	1.0	17.1000003815	0.984216025146	1.0	2
1.0	3705.52612305	2.0	1.0	1068.59997559	3.0	1.0	6.71999979019	3.04824704309	0.656384646893	-0.463698327541	0.595099151134	12.5456438962	24.0771502849	-57.9124984741	-36.7455978394	8.24122428894	0.318679137742	0.0	0.0	0.0	0.0	0.0	-1.0	0.0	2
1.0	9658.27539062	6.0	4.0	2616.35424805	7.0	6.0	152.200001001	0.0	-0.993508279324	0.0	-0.113759703934	30.0262984016	10.6621348601	-39.3809509277	-63.3446998596	-12.9012002945	0.593869735309	3.0	10.3999996185	43.1200008392	1.0	19.8799991608	0.999348340441	1.0	2
1.0	2993.24951172	7.0	2.0	351.830993652	2.0	2.0	18.4400005341	3.42870231503	0.690167427063	-0.335105746984	0.641383707523	46.3545705848	5.40282647139	-21.8843994141	-55.0993499756	16.0544490814	0.849841809592	0.0	0.0	0.0	0.0	0.0	0.909168000332	1.0	2
1.0	5679.10107422	6.0	3.0	2158.56005859	6.0	6.0	115.28000164	0.0	-0.993508279324	0.0	-0.113759703934	30.0262984016	10.6621348601	-39.3809509277	-63.3446998596	-12.9012002945	0.593869735309	3.0	10.3999996185	42.0800008774	1.0	19.8799991608	0.997435137721	1.0	2
1.0	4367.80712891	4.0	1.0	94.6651992798	1.0	1.0	4.44000005722	3.40598009073	-0.0451960302889	0.910394906998	0.411264419556	0.0	0.0	-28.990650177	-31.8716506958	19.6900501251	0.956007157725	0.0	0.0	0.0	0.0	0.0	0.810057933315	1.0	2
1.0	6853.64794922	6.0	4.0	2493.1628418	5.0	4.0	90.3600003719	0.0	-0.993508279324	0.0	-0.113759703934	30.0262984016	10.6621348601	-39.3809509277	-63.3446998596	-12.9012002945	0.593869735309	1.0	19.8799991608	20.5200004578	1.0	19.8799991608	0.99977595075	1.0	2
1.0	4845.23925781	3.0	3.0	2368.47631836	6.0	3.0	73.1600000858	1.5362909603	0.444327026606	-0.855354130268	0.266350835562	39.0278637872	32.5133208571	-59.5545501709	-40.4746017456	-2.24443006516	0.76778686282	0.0	0.0	0.0	0.0	0.0	0.880432002538	1.0	2
1.0	5417.82910156	6.0	2.0	884.397033691	4.0	3.0	46.7200005054	0.0	0.0265243388712	0.970083236694	-0.24131923914	8.67137883629	19.9827986536	-36.0279006958	-36.3763999939	12.5275497437	0.986186579846	2.0	10.3999996185	21.5600004196	0.0	12.3199996948	0.999313064749	1.0	2
1.0	2722.86303711	3.0	1.0	589.622009277	3.0	1.0	17.3199996948	0.0	-0.026526786387	-0.970077395439	0.241342425346	2.91885797456	19.8257246732	-36.0002975464	-35.3670501709	12.2764501572	0.597102991779	1.0	10.3999996185	10.6800003052	0.0	10.3999996185	0.40954007211	1.0	2
1.0	8825.95703125	7.0	4.0	1527.80895996	5.0	3.0	69.3999997377	1.5362909603	0.444327026606	-0.855354130268	0.266350835562	39.0278637872	0.0	-59.5545501709	-40.4746017456	-2.24443006516	0.76778686282	0.0	0.0	0.0	0.0	0.0	0.978498525864	1.0	2
1.0	2095.61621094	2.0	0.0	1169.73522949	3.0	0.0	0.0	10.0	0.0	0.0	0.0	0.0	0.0	0.0	0.0	0.0	2.0	0.0	0.0	0.0	0.0	0.0	0.000206200179832	0.0	2
1.0	6484.62402344	9.0	3.0	1569.43164062	7.0	4.0	84.1600005627	1.50166244571	0.914096534252	0.316718041897	-0.253213793039	20.0549948315	29.6130614223	-33.0273513794	-41.290599823	14.669500351	0.814628204132	0.0	0.0	0.0	0.0	0.0	0.971565020401	1.0	2
1.0	4859.27685547	4.0	2.0	1704.68164062	6.0	4.0	83.2600004673	1.50166244571	0.914096534252	0.316718041897	-0.253213793039	20.1618423606	31.7838327209	-33.0273513794	-41.290599823	14.669500351	0.814628204132	0.0	0.0	0.0	0.0	0.0	0.970255082542	1.0	2
1.0	7947.98876953	7.0	2.0	1805.93701172	6.0	2.0	59.0599994659	0.0	0.08498557657	0.953448951244	-0.289331138134	6.26229507196	0.0	-37.1400985718	-66.5130996704	-0.343722492456	0.410036558214	1.0	9.10000038147	11.0399999619	1.0	9.93999958038	0.999918809187	1.0	2
1.0	6289.09619141	9.0	3.0	678.593688965	5.0	3.0	71.3800008297	1.50166244571	0.914096534252	0.316718041897	-0.253213793039	20.1618423606	26.9427022883	-33.0273513794	-41.290599823	14.669500351	0.814628204132	0.0	0.0	0.0	0.0	0.0	0.997667124279	1.0	2
1.0	4350.25048828	5.0	2.0	1796.87475586	6.0	4.0	101.239999771	0.0	-0.982093214989	0.129229679704	0.137086197734	22.1710806436	35.3269054071	-41.2890014648	-38.726348877	15.3971996307	0.0516136510353	1.0	9.10000038147	11.0399999619	0.0	9.10000038147	0.990735927183	1.0	2
1.0	4889.02880859	8.0	2.0	1151.88098145	5.0	3.0	58.7000007629	0.0	0.08498557657	0.953448951244	-0.289331138134	48.4206443581	0.0	-37.1400985718	-66.5130996704	-0.343722492456	0.410036558214	0.0	0.0	0.0	1.0	9.93999958038	0.985572281041	1.0	2
1.0	5954.69873047	7.0	0.0	806.570983887	4.0	0.0	0.0	10.0	0.0	0.0	0.0	0.0	0.0	0.0	0.0	0.0	2.0	0.0	0.0	0.0	0.0	0.0	0.000206200179832	1.0	2
1.0	6935.84375	6.0	4.0	2811.15332031	7.0	2.0	61.9399991035	0.0	0.0849933773279	0.953439354897	-0.289360433817	18.3592095799	13.2494035229	-48.9660987854	-58.2883491516	-5.21183490753	0.722171640077	1.0	9.18000030518	8.15999984741	1.0	9.18000030518	0.995873250189	1.0	2
1.0	7277.85742188	5.0	4.0	2144.17480469	8.0	3.0	111.199999332	0.0	0.0849933773279	0.953439354897	-0.289360433817	18.3592095799	13.2494035229	-48.9660987854	-58.2883491516	-5.21183490753	0.722171640077	1.0	9.18000030518	8.15999984741	1.0	9.18000030518	0.998266176039	1.0	2
1.0	2783.56005859	1.0	1.0	1430.63146973	3.0	1.0	2.8599998951	3.98143189882	0.731640934944	-0.143271043897	0.66646450758	15.6783041097	20.3003037796	-54.9585990906	-38.2879486084	7.28757953644	0.602621109084	0.0	0.0	0.0	0.0	0.0	-1.0	0.0	2
1.0	8629.17871094	5.0	5.0	2199.7668457	5.0	4.0	66.3399996758	0.0	-0.998193621635	0.0286156348884	-0.0528262034059	11.6111722536	25.1207692891	-41.4507522583	-41.6828994751	10.389749527	0.553372357624	11.0	3.31999993324	86.5731994845	9.0	13.6199998856	0.997921651419	1.0	2
1.0	6021.04101562	6.0	3.0	3266.99414062	4.0	3.0	39.1523996592	0.0	-0.0411591939628	-0.994557678699	0.0957129150629	54.5151909987	1.3730249479	-35.1603507996	-62.698348999	-15.1140003204	0.778546854098	8.0	5.23999977112	34.0272000059	5.0	16.6599998474	0.88635803276	1.0	2
1.0	6098.81738281	10.0	5.0	3549.01367188	6.0	3.0	107.492399812	0.0	-0.0411591939628	-0.994557678699	0.0957129150629	46.914104406	1.3730249479	-35.1603507996	-62.698348999	-15.1140003204	0.778546854098	19.0	2.8599998951	107.760399576	10.0	19.1000003815	0.997729269104	1.0	2
1.0	8070.12207031	7.0	7.0	2267.23535156	7.0	5.0	166.478399754	0.0	-0.998195648193	0.0287175625563	-0.0527333021164	12.7549400077	11.5244155789	-47.2478027344	-22.7016487122	16.5979003906	0.652275653746	12.0	4.32000017166	72.6672003493	6.0	19.1000003815	0.998147606228	1.0	2
1.0	8122.08642578	6.0	5.0	3976.08349609	5.0	3.0	93.4523993731	0.0	0.0411629453301	0.994547128677	-0.0958207696676	0.911069169087	28.5174144791	-42.754447937	-21.246049881	19.4684505463	0.895241835258	17.0	2.8599998951	105.820399519	11.0	19.1000003815	0.997191850303	1.0	2
1.0	2841.8425293	2.0	1.0	1430.63146973	3.0	1.0	2.8599998951	3.98143189882	0.731640934944	-0.143271043897	0.66646450758	16.6422275087	20.3003037796	-54.9585990906	-38.2879486084	7.28757953644	0.602621109084	0.0	0.0	0.0	0.0	0.0	0.123439738539	1.0	2
1.0	6598.08203125	10.0	5.0	2207.63696289	5.0	3.0	95.2600002289	0.0	-0.0411591939628	-0.994557678699	0.0957129150629	44.2358932859	1.3730249479	-35.1603507996	-62.698348999	-15.1140003204	0.778546854098	12.0	4.32000017166	71.7783998251	7.0	11.6199998856	0.996402355593	1.0	2
1.0	2920.26000977	2.0	2.0	1430.63146973	3.0	1.0	26.9800002575	3.12287525424	0.917198002338	-0.189419493079	0.350525379181	2.48618826048	6.81600141871	-49.865447998	-51.6441497803	8.15953445435	0.721306401292	0.0	0.0	0.0	0.0	0.0	0.0883919084184	1.0	2
1.0	6244.91064453	5.0	4.0	3958.97631836	5.0	3.0	66.4599997997	0.0	-0.0411591939628	-0.994557678699	0.0957129150629	52.7825443892	1.3730249479	-35.1603507996	-62.698348999	-15.1140003204	0.778546854098	8.0	3.31999993324	64.8967998028	3.0	19.1000003815	0.997012392735	1.0	2
1.0	3117.25195312	3.0	1.0	1675.49658203	1.0	1.0	9.72000026703	3.80394535542	0.390430033207	0.494998782873	0.776234865189	4.41095656037	18.8770894731	-46.9548492432	-47.3677978516	7.3867650032	0.150056646108	0.0	0.0	0.0	0.0	0.0	-1.0	0.0	2
1.0	7552.62353516	6.0	2.0	2390.91796875	8.0	4.0	100.520001173	0.0	0.999506890774	0.0309955179691	0.00502380356193	38.5116759602	4.62934108454	-55.0690994263	-23.4388999939	-1.55105996132	0.142581560918	4.0	6.63999986649	39.42000103	3.0	13.0	0.999987954028	1.0	2
1.0	419.185913086	3.0	1.0	826.572570801	4.0	1.0	3.94000005722	0.0	-0.0288053154945	0.963138341904	-0.267459958792	3.25418245779	19.6944725281	-33.5586013794	-34.9141998291	16.5269508362	0.916172525755	0.0	0.0	0.0	1.0	12.5	0.725791369943	1.0	2
1.0	5431.54638672	6.0	2.0	948.422058105	5.0	3.0	30.6200003624	0.0	0.0289050489664	-0.963109612465	0.26755258441	0.985973158453	19.2499222233	-25.4869499207	-40.1237983704	15.1616001129	0.240961716526	3.0	5.92000007629	28.960000515	3.0	13.0	0.998651285996	1.0	2
1.0	3702.49365234	5.0	1.0	1190.65002441	1.0	1.0	23.7199997902	0.0	0.99950671196	0.0309955701232	0.00506450328976	13.5164191156	17.869023691	-31.9897994995	-37.5956001282	15.8318996429	0.550847535137	2.0	11.6000003815	22.0599994659	2.0	12.5	0.536944967446	1.0	2
1.0	6105.14355469	7.0	4.0	2505.53662109	5.0	3.0	68.1200008392	0.0	-0.0288053154945	0.963138341904	-0.267459958792	3.25418245779	29.1200371732	-33.5586013794	-34.9141998291	16.5269508362	0.916172525755	3.0	11.6000003815	39.42000103	3.0	13.0	0.999931596709	1.0	2
1.0	4131.99414062	4.0	2.0	1731.24255371	4.0	2.0	39.4000000954	0.0	-0.02880743891	0.963104844093	-0.267580270767	8.4244122306	13.3313302803	-41.4004974365	-36.2194519043	12.4014997482	0.364271524997	3.0	4.67999982834	25.7599995136	2.0	12.5	0.761491605093	1.0	2
1.0	3748.03930664	7.0	3.0	2084.59814453	4.0	3.0	37.3800003529	0.0	-0.0288053154945	0.963138341904	-0.267459958792	33.2177256233	23.8754350392	-33.5586013794	-34.9141998291	16.5269508362	0.916172525755	1.0	11.6000003815	10.6199998856	2.0	12.5	0.982898073071	1.0	2
1.0	5678.52734375	6.0	1.0	2001.00952148	2.0	1.0	9.72000026703	3.80394535542	0.390430033207	0.494998782873	0.776234865189	4.41095656037	18.8770894731	-46.9548492432	-47.3677978516	7.3867650032	0.150056646108	0.0	0.0	0.0	0.0	0.0	0.967086653501	1.0	2
1.0	6945.96044922	8.0	4.0	2522.35400391	5.0	3.0	82.060000658	0.0	0.99950671196	0.0309955701232	0.00506450328976	31.1087727655	25.9676928082	-31.9897994995	-37.5956001282	15.8318996429	0.550847535137	2.0	12.0200004578	22.4600000381	1.0	13.0	0.999982437292	1.0	2
1.0	2037.61083984	3.0	1.0	592.945739746	1.0	1.0	19.2400007248	3.93015269869	0.639344215393	0.26040789485	0.723482310772	16.6600620754	17.5542126819	-49.4514007568	-39.7301483154	2.85465478897	0.504499607514	0.0	0.0	0.0	0.0	0.0	-1.0	0.0	2
1.0	6497.10302734	5.0	4.0	2354.1862793	4.0	3.0	73.0799999237	0.0	0.99713742733	0.0	-0.0756108686328	3.24057913462	16.7881494754	-20.2280502319	-67.5980987549	-7.65792989731	0.94665429443	5.0	6.30000019073	48.6600008011	1.0	10.5600004196	0.991953303394	1.0	2
1.0	3025.67895508	4.0	1.0	864.370788574	1.0	1.0	19.2400007248	3.93015269869	0.639344215393	0.26040789485	0.723482310772	20.7363926505	17.5542126819	-49.4514007568	-39.7301483154	2.85465478897	0.504499607514	0.0	0.0	0.0	0.0	0.0	0.397665719448	1.0	2
1.0	6720.53759766	5.0	4.0	2063.5	4.0	4.0	89.5999991894	0.0	0.99713742733	0.0	-0.0756108686328	3.24057913462	16.7881494754	-20.2280502319	-67.5980987549	-7.65792989731	0.94665429443	4.0	6.30000019073	39.2000007629	0.0	12.220000267	0.997657730817	1.0	2
1.0	3681.58520508	4.0	1.0	810.58972168	2.0	1.0	21.2800006866	3.93015269869	0.639344215393	0.26040789485	0.723482310772	24.8245899557	17.5542126819	-49.4514007568	-39.7301483154	2.85465478897	0.504499607514	0.0	0.0	0.0	0.0	0.0	0.56021039124	1.0	2
1.0	6415.15771484	5.0	3.0	2186.62988281	2.0	2.0	59.8600006104	1.59516141141	0.386905968189	0.8210490942	0.419740587473	42.9405932356	1.85582242097	-59.0973510742	-25.7180995941	2.91527509689	0.0195529137978	2.0	10.5600004196	19.720000267	1.0	10.5600004196	0.982726558531	1.0	2
1.0	1360.77490234	2.0	0.0	592.945739746	1.0	0.0	0.0	10.0	0.0	0.0	0.0	0.0	0.0	0.0	0.0	0.0	2.0	0.0	0.0	0.0	0.0	0.0	0.000206200179832	1.0	2
1.0	5614.84960938	5.0	3.0	2354.49365234	3.0	2.0	66.8599996567	0.0	0.99713742733	0.0	-0.0756108686328	3.24057913462	16.7881494754	-20.2280502319	-67.5980987549	-7.65792989731	0.94665429443	2.0	8.84000015259	23.5600004196	0.0	11.3800001144	0.993487230292	1.0	2
1.0	4064.18530273	7.0	2.0	816.799560547	2.0	2.0	61.5599994659	0.0	-0.0131457624957	0.97692990303	-0.213155165315	10.5671448004	32.5848336274	-33.6002006531	-40.2615013123	6.57140493393	0.0186324952881	3.0	6.30000019073	21.7399997711	0.0	8.84000015259	0.822276391292	1.0	2
1.0	5838.47949219	6.0	3.0	1448.34814453	3.0	3.0	44.8400001526	0.0	-0.0130402678624	0.976926505566	-0.213177233934	38.4701301373	29.8871222479	-33.6123504639	-39.3549499512	6.37359523773	0.885449080409	2.0	6.30000019073	18.6800003052	0.0	12.220000267	0.967360946322	1.0	2
1.0	2892.24853516	2.0	1.0	1098.57702637	2.0	1.0	4.90000009537	3.77853144502	0.580783903599	0.701542556286	0.412950515747	0.0	10.0299126404	-48.1618003845	-40.6131515503	16.4262008667	0.677786094756	0.0	0.0	0.0	0.0	0.0	-1.0	0.0	2
1.0	5852.66748047	6.0	4.0	2967.61889648	6.0	5.0	108.159997821	0.0	-0.994902431965	0.0	0.100842297077	27.4318234559	1.10965665226	-39.3515014648	-62.2421989441	-11.0959501266	0.771638029527	3.0	1.03999996185	25.2800002098	1.0	7.17999982834	0.998044536459	1.0	2
1.0	2972.12304688	5.0	4.0	2620.44555664	5.0	3.0	68.4199991226	0.0	0.994902431965	0.0	-0.100842297077	21.6249661636	35.0140293708	-36.9602966309	-36.7742004395	17.2194499969	0.184658081857	1.0	13.1400003433	11.8800001144	0.0	13.1400003433	0.91030431712	1.0	2
1.0	6070.109375	6.0	6.0	2476.95068359	5.0	4.0	167.939997435	0.0	-0.994902431965	0.0	0.100842297077	27.4318234559	1.10965665226	-39.3515014648	-62.2421989441	-11.0959501266	0.0548759200504	4.0	1.03999996185	23.7399997711	0.0	13.1400003433	0.998993332181	1.0	2
1.0	7099.37207031	6.0	5.0	1746.6105957	6.0	5.0	154.799998283	0.0	-0.994902431965	0.0	0.100842297077	19.2114778273	13.0323283878	-38.2041015625	-35.8582000732	15.6758499146	0.825621457869	3.0	7.17999982834	30.1199994087	1.0	7.17999982834	0.996988257147	1.0	2
1.0	6422.37304688	7.0	3.0	512.789123535	2.0	2.0	70.0799994469	0.0	0.994902431965	0.0	-0.100842297077	18.5452000944	22.0508864795	-36.9602966309	-36.7742004395	17.2194499969	0.400530715161	2.0	12.8199996948	23.7399997711	0.0	13.1400003433	0.992711383168	1.0	2
1.0	2364.0859375	3.0	2.0	565.492492676	1.0	1.0	38.4599995613	1.23512346778	0.730024218559	-0.683419704437	0.00148030254059	26.5720949756	14.5321010663	-52.8935508728	-50.4090995789	-0.0503387488425	0.110822728343	0.0	0.0	0.0	0.0	0.0	0.744172427509	1.0	2
1.0	6119.07617188	7.0	5.0	3123.49072266	6.0	4.0	104.420000076	0.0	0.00915051903576	-0.994015097618	0.108858801425	22.1032110015	3.05662351873	-55.9668998718	-22.289100647	9.70374011993	0.504840191559	2.0	7.17999982834	17.2999997139	1.0	7.17999982834	0.995362725761	1.0	2
1.0	5701.14990234	6.0	5.0	2339.8671875	5.0	2.0	95.6399979591	0.0	-0.994902431965	0.0	0.100842297077	13.1027681826	39.6294304206	-39.3515014648	-62.2421989441	-11.0959501266	0.0548759200504	2.0	1.03999996185	7.59999990463	1.0	7.17999982834	0.846743034065	1.0	2
1.0	6401.42626953	5.0	5.0	3161.67114258	7.0	6.0	170.019998193	0.0	0.994902431965	0.0	-0.100842297077	27.6603858793	0.0	-39.3515014648	-62.2421989441	-11.0959501266	0.0548759200504	5.0	1.03999996185	49.8999996185	0.0	17.8999996185	0.976930339473	1.0	2
1.0	3219.65600586	2.0	1.0	1263.97412109	2.0	1.0	5.28000020981	3.99318173564	0.491267770529	0.231306999922	0.83973389864	18.8948818906	27.1943120819	-50.9636535645	-43.1776504517	-1.49604010582	0.72239228128	0.0	0.0	0.0	0.0	0.0	-1.0	0.0	2
1.0	7303.96435547	8.0	3.0	1267.91870117	5.0	3.0	79.0600008965	0.0	0.0329161733389	0.174286782742	0.984144628048	3.3197482767	0.0	-12.436050415	-69.1246032715	-6.52586507797	0.768569272288	3.0	3.46000003815	18.3800001144	1.0	3.46000003815	0.999483250031	1.0	2
1.0	3024.14013672	5.0	1.0	1886.41503906	5.0	1.0	4.28000020981	3.42225066609	0.408322423697	-0.258883833885	0.87535816431	9.01001059773	14.2476971182	-39.4404983521	-62.5044021606	-11.1022796631	0.37879894961	0.0	0.0	0.0	0.0	0.0	0.113763377385	1.0	2
1.0	5704.13183594	8.0	2.0	1176.77233887	3.0	2.0	31.7399997711	2.11275646301	0.735014617443	0.14714153111	0.661893427372	54.3345185233	2.6526318944	-49.3761520386	-23.4715003967	4.27202510834	0.77348038196	0.0	0.0	0.0	0.0	0.0	0.979733307635	1.0	2
1.0	8087.45800781	10.0	7.0	1549.48132324	6.0	4.0	163.460000038	0.0	0.998339414597	0.0336518287659	-0.0467542335391	57.3877239567	0.0	-45.7518501282	-25.8492507935	12.7938995361	0.0192032296274	3.0	9.0	41.7600002289	0.0	12.4600000381	0.999873228966	1.0	2
1.0	8380.02246094	6.0	4.0	2553.38061523	5.0	4.0	124.480000973	1.72551443473	-0.0472554117441	0.972094655037	-0.229780033231	32.738718527	33.0903509723	-36.1765518188	-53.4451522827	-0.433704406023	0.838331569577	0.0	0.0	0.0	0.0	0.0	0.999993999997	1.0	2
1.0	1185.01672363	4.0	1.0	1590.40942383	4.0	1.0	13.9200000763	2.41709536554	0.529462873936	0.772961378098	0.349570780993	0.0	9.24214752053	-41.0914497375	-46.5104484558	2.96261501312	0.083517334601	0.0	0.0	0.0	0.0	0.0	0.0627594089033	1.0	2
1.0	7052.45068359	8.0	4.0	2716.14501953	5.0	3.0	62.3399996758	0.0	0.0329161733389	0.174286782742	0.984144628048	3.3197482767	15.7182289593	-12.436050415	-69.1246032715	-6.52586507797	0.768569272288	3.0	3.46000003815	24.2000000477	1.0	3.46000003815	0.99933562098	1.0	2
1.0	1702.1361084	5.0	2.0	788.829956055	2.0	2.0	40.4200000763	0.0	-0.0472525693476	0.972098469734	-0.229764610529	29.2393771258	9.2634635693	-38.5611495972	-44.0092010498	2.26837015152	0.861477802739	2.0	9.0	17.3400001526	0.0	9.0	0.942455121391	1.0	2
1.0	8416.89550781	6.0	4.0	2734.61962891	5.0	3.0	72.1199991703	0.0	-0.0472525693476	0.972098469734	-0.229764610529	37.0245407932	24.0244994377	-38.5611495972	-44.0092010498	2.26837015152	0.164660014655	2.0	9.0	21.3400001526	0.0	12.1400003433	0.999840685209	1.0	2
1.0	2698.6809082	1.0	0.0	1537.58203125	1.0	0.0	0.0	10.0	0.0	0.0	0.0	0.0	0.0	0.0	0.0	0.0	2.0	0.0	0.0	0.0	0.0	0.0	0.000206200179832	0.0	2
1.0	7754.39306641	4.0	3.0	3222.93212891	4.0	3.0	73.3932003714	0.0	-0.106013968587	0.937819898129	-0.330537199974	47.1613571226	2.26942777262	-58.8490486145	-20.5614013672	-0.537796020508	0.105948659559	4.0	7.42000007629	45.0800008774	1.0	11.8800001144	0.997456717557	1.0	2
1.0	2990.45996094	5.0	0.0	598.469970703	1.0	0.0	0.0	10.0	0.0	0.0	0.0	0.0	0.0	0.0	0.0	0.0	2.0	0.0	0.0	0.0	0.0	0.0	0.000206200179832	1.0	2
1.0	7813.15283203	4.0	1.0	2259.16992188	4.0	2.0	47.0331995226	0.0	-0.993543982506	-0.113414302468	-0.00275311549194	41.0795154301	9.28869319562	-43.5386505127	-60.3540496826	-5.50763034821	0.349787142477	3.0	7.67999982834	29.680000782	1.0	7.67999982834	0.994010335457	1.0	2
1.0	3761.10400391	3.0	0.0	1535.47961426	2.0	0.0	0.0	10.0	0.0	0.0	0.0	0.0	0.0	0.0	0.0	0.0	2.0	0.0	0.0	0.0	0.0	0.0	0.000206200179832	0.0	2
1.0	5428.4609375	10.0	4.0	3414.28271484	6.0	5.0	88.5399999619	0.0	0.992686986923	-0.0704876706004	-0.0980000719428	19.1276658091	1.47159322318	-21.7881507874	-72.8074951172	-6.94956970215	0.876914655601	2.0	5.88000011444	24.5000004768	1.0	20.2199993134	0.998604287997	1.0	2
1.0	8688.20996094	10.0	4.0	3593.24780273	6.0	4.0	88.57999897	0.0	0.992686986923	-0.0704876706004	-0.0980000719428	2.12816204507	1.47159322318	-21.7881507874	-72.8074951172	-6.94956970215	0.876914655601	5.0	1.48000001907	36.7000002861	0.0	12.8199996948	0.999894408207	1.0	2
1.0	7368.61035156	8.0	2.0	3153.58227539	4.0	3.0	65.4359982908	0.0	0.0587511919439	0.98472994566	-0.163875535131	28.1808802273	26.7508797485	-38.0284996033	-43.2252998352	6.59800004959	0.0776732059109	5.0	4.61999988556	40.4399995804	0.0	12.8199996948	0.988502738324	1.0	2
1.0	5842.26416016	7.0	3.0	2244.05541992	4.0	1.0	33.7959998548	0.0	0.0587511919439	0.98472994566	-0.163875535131	40.0861555645	26.7508797485	-38.0284996033	-43.2252998352	6.59800004959	0.729230684846	3.0	1.05999994278	9.19999980927	0.0	9.52000045776	0.962760835258	1.0	2
1.0	5689.32958984	9.0	3.0	635.079711914	3.0	2.0	38.6559995115	0.0	-0.992688179016	0.0704841688275	0.0979907736182	15.5703952421	9.0057045301	-28.4471511841	-51.5305023193	6.87101507187	0.822104732799	4.0	1.48000001907	27.3599996567	0.0	12.1999998093	0.96479228407	1.0	2
1.0	6854.38916016	7.0	3.0	3502.15942383	6.0	4.0	112.06000042	0.0	0.992688179016	-0.0704841688275	-0.0979907736182	9.0057045301	22.4321045641	-28.4471511841	-51.5305023193	6.87101507187	0.822104732799	4.0	1.05999994278	22.0399999619	0.0	12.8199996948	0.985735054085	1.0	2
1.0	5724.60693359	12.0	5.0	3029.00341797	7.0	5.0	99.1000006199	0.0	-0.992686986923	0.0704876706004	0.0980000719428	17.9968429174	10.9904811608	-21.7881507874	-72.8074951172	-6.94956970215	0.876914655601	2.0	5.88000011444	14.6600003242	0.0	9.84000015259	0.998121946879	1.0	2
1.0	4455.34570312	4.0	1.0	1175.07983398	4.0	1.0	3.09999990463	0.0	0.108724869788	0.146983221173	0.983145356178	34.4193326155	33.7969178172	-34.5289993286	-41.6072502136	8.20265960693	0.0792871211277	2.0	9.84000015259	18.4800004959	0.0	12.1999998093	0.130645254714	1.0	2
1.0	7070.42236328	9.0	2.0	3470.06152344	4.0	3.0	78.4599990845	0.0	-0.0587511919439	-0.98472994566	0.163875535131	40.6173080858	21.5565541805	-38.0284996033	-43.2252998352	6.59800004959	0.0776732059109	5.0	1.05999994278	40.7600002289	0.0	12.8199996948	0.970917393805	1.0	2
1.0	2872.46606445	3.0	0.0	855.687866211	2.0	0.0	0.0	10.0	0.0	0.0	0.0	0.0	0.0	0.0	0.0	0.0	2.0	0.0	0.0	0.0	0.0	0.0	0.000206200179832	0.0	3
1.0	9658.61132812	8.0	4.0	5348.55126953	13.0	5.0	91.2200000286	0.0	-0.999276697636	-0.0343733467162	-0.0162640362978	55.1824406036	3.82692687963	-27.48279953	-70.495803833	-6.20680522919	0.827689744244	10.0	2.09999990463	98.180000186	6.0	31.7199993134	0.999914863177	1.0	3
1.0	4710.875	6.0	1.0	1042.30493164	3.0	1.0	8.07999992371	1.06509626365	0.999278903008	0.0342894084752	0.0163073930889	6.94331801301	29.3782015178	-37.2588996887	-30.2530498505	19.792049408	0.282578945537	0.0	0.0	0.0	0.0	0.0	0.601881996503	1.0	3
1.0	12623.4433594	6.0	2.0	4724.72998047	12.0	4.0	78.4139989614	0.0	0.0314095206559	-0.976050615311	0.215264111757	16.9530592794	10.122014649	-33.9408493042	-64.4430541992	-6.28795480728	0.827602124996	8.0	11.8599996567	110.659998894	2.0	30.1200008392	0.999992332626	1.0	3
1.0	4234.99609375	4.0	3.0	1554.00878906	3.0	2.0	29.7199993134	3.1649961248	0.455164968967	-0.395018786192	0.797988116741	48.4978410637	1.59130470386	-59.5623474121	-21.8576011658	11.1015796661	0.808619407216	1.0	17.7999992371	0.0	0.0	17.7999992371	0.448961208481	1.0	3
1.0	5111.79296875	8.0	2.0	1535.91381836	3.0	2.0	44.6200008392	1.96090284826	0.885753571987	-0.1835283041	0.426330834627	9.73265773788	0.0	-34.5678482056	-66.2598495483	1.81322550774	0.0445568611317	0.0	0.0	0.0	0.0	0.0	0.977718388492	1.0	3
1.0	2547.49804688	3.0	1.0	1477.83300781	5.0	1.0	8.39999961853	2.59762586992	0.851151168346	-0.416320472956	0.319717049599	31.7616258181	16.3715435929	-39.1323509216	-61.4803009033	-7.76436519623	0.735853105933	0.0	0.0	0.0	0.0	0.0	0.0723831873565	1.0	3
1.0	6075.43017578	7.0	2.0	2037.50280762	7.0	3.0	88.1400003433	1.86727879513	0.661739587784	-0.526397228241	0.533860146999	43.2600344071	7.65592144206	-50.0897521973	-56.6740036011	-7.67878007889	0.933458535355	0.0	0.0	0.0	0.0	0.0	0.989251018651	1.0	3
1.0	5902.50537109	4.0	2.0	3064.0078125	7.0	3.0	129.600001812	0.0	0.031409624964	-0.976050436497	0.215264841914	29.0304718037	1.59123429398	-43.1200485229	-60.6599502563	-8.7412147522	0.259304725733	2.0	2.09999990463	16.5400002003	0.0	14.9399995804	0.957441550724	1.0	3
1.0	6795.66455078	7.0	2.0	1204.01977539	4.0	2.0	105.620000839	2.06972221741	-0.817303180695	0.544549703598	0.188364297152	18.1693835882	15.9948890115	-43.3683509827	-48.3221511841	15.900850296	0.838279374747	0.0	0.0	0.0	0.0	0.0	0.97916126251	1.0	3
1.0	2236.81396484	2.0	1.0	1287.28100586	2.0	1.0	14.7600002289	3.46739101423	0.440414607525	-0.891068458557	0.10969030112	4.1321071607	20.1877304803	-48.7364997864	-42.098449707	6.02451992035	0.510854285879	0.0	0.0	0.0	0.0	0.0	-1.0	0.0	3
1.0	4206.28808594	8.0	1.0	1496.01489258	2.0	1.0	12.5799999237	0.0	0.00326735153794	0.99423289299	-0.107192695141	23.5537671658	1.47735361516	-28.1187000275	-38.6416511536	12.2287006378	0.96965942981	1.0	12.0799999237	11.3000001907	0.0	12.0799999237	0.965958522186	1.0	3
1.0	2219.66308594	6.0	1.0	291.674987793	1.0	1.0	12.5799999237	0.0	0.00326735153794	0.99423289299	-0.107192695141	23.5537671658	1.47735361516	-28.1187000275	-38.6416511536	12.2287006378	0.96965942981	1.0	12.0799999237	11.3000001907	0.0	12.0799999237	0.797302083264	1.0	3
1.0	6960.59423828	5.0	2.0	4333.12402344	5.0	3.0	88.4600000381	0.0	0.00326731614769	0.994222104549	-0.10729277879	2.95471672577	33.5709131077	-40.9213027954	-27.7947502136	12.1518497467	0.304714989085	6.0	13.3599996567	52.4884009063	0.0	31.4799995422	0.985895969515	1.0	3
1.0	4276.45507812	3.0	2.0	2863.05200195	2.0	2.0	34.6800003052	1.2033910581	0.733926594257	-0.672540664673	0.095083117485	0.0	3.09714240681	-41.0678482056	-62.3795013428	-0.469509512186	0.231745310525	0.0	0.0	0.0	0.0	0.0	0.803460969765	1.0	3
1.0	7239.11816406	5.0	3.0	2717.90551758	4.0	3.0	52.080000639	1.2033910581	0.733926594257	-0.672540664673	0.095083117485	0.0	3.09714240681	-41.0678482056	-62.3795013428	-0.469509512186	0.231745310525	0.0	0.0	0.0	0.0	0.0	0.98962042999	1.0	3
1.0	2311.71289062	2.0	0.0	686.256958008	2.0	0.0	0.0	10.0	0.0	0.0	0.0	0.0	0.0	0.0	0.0	0.0	2.0	0.0	0.0	0.0	0.0	0.0	0.000206200179832	1.0	3
1.0	7576.140625	7.0	5.0	2768.69726562	3.0	2.0	89.7200005054	0.0	-0.00326731614769	-0.994222104549	0.10729277879	2.43380713705	30.8484786191	-27.0107002258	-39.7493515015	10.8958492279	0.360140435759	4.0	12.0799999237	38.3684005439	0.0	13.5600004196	0.994321812348	1.0	3
1.0	3252.29199219	4.0	2.0	2491.62109375	2.0	2.0	32.1600005627	3.00658774273	0.100480727851	0.813368678093	0.573005259037	1.82215870259	19.7661047665	-47.612449646	-52.1052513123	4.16642999649	0.0803451760551	0.0	0.0	0.0	0.0	0.0	0.691706817015	1.0	3
1.0	6459.57519531	4.0	1.0	901.251525879	4.0	1.0	11.8800001144	1.2033910581	0.733926594257	-0.672540664673	0.095083117485	0.0	3.09714240681	-41.0678482056	-62.3795013428	-0.469509512186	0.231745310525	0.0	0.0	0.0	0.0	0.0	0.991541781839	1.0	3
1.0	2507.82641602	3.0	1.0	1417.98510742	1.0	1.0	18.1799998283	3.14707959144	0.618592977524	0.560122072697	0.551004528999	28.5895119774	16.8125617225	-44.995300293	-41.1729507446	15.8234004974	0.129425129046	0.0	0.0	0.0	0.0	0.0	-1.0	0.0	3
1.0	11238.7597656	12.0	9.0	8058.56103516	13.0	10.0	192.928802364	0.0	0.0536235161126	0.956504464149	-0.286746770144	11.9241201824	32.9871443731	-55.2073974609	-24.567199707	15.5513000488	0.942621467479	27.0	8.19999980927	247.011198632	9.0	16.7800006866	0.999987890339	1.0	3
1.0	2502.92602539	11.0	2.0	2677.27294922	3.0	2.0	22.2399997711	0.0	-0.0535315349698	-0.956509053707	0.286748677492	24.6402496509	40.66347639	-55.0910491943	-20.0363006592	11.6726999283	0.690872674052	1.0	16.7800006866	18.2199993134	1.0	16.7800006866	0.699194214251	1.0	3
1.0	7405.72021484	16.0	5.0	3906.9440918	7.0	6.0	47.382399559	0.0	-0.995689332485	0.0703902989626	0.0603980533779	1.64556027713	18.3406083323	-30.9189491272	-66.7087554932	-10.6956501007	0.0197467283993	12.0	8.19999980927	114.360000007	4.0	16.7800006866	0.98826932218	1.0	3
1.0	4488.44677734	3.0	1.0	1417.98510742	1.0	1.0	18.1799998283	3.14707959144	0.618592977524	0.560122072697	0.551004528999	2.48418446599	16.8125617225	-44.995300293	-41.1729507446	15.8234004974	0.129425129046	0.0	0.0	0.0	0.0	0.0	0.0526856696892	1.0	3
1.0	5910.32470703	11.0	3.0	2509.86303711	5.0	5.0	78.7799999714	0.0	0.0536253005266	0.956504642963	-0.286745935678	16.7004508067	27.6586636503	-29.5579986572	-44.1205978394	14.1690006256	0.664044718865	4.0	8.19999980927	44.3800001144	0.0	14.4600000381	0.991946348329	1.0	3
1.0	2719.21948242	4.0	1.0	1417.98510742	1.0	1.0	18.1799998283	3.14707959144	0.618592977524	0.560122072697	0.551004528999	28.5895119774	16.8125617225	-44.995300293	-41.1729507446	15.8234004974	0.129425129046	0.0	0.0	0.0	0.0	0.0	0.100731211013	1.0	3
1.0	4435.82714844	6.0	3.0	2611.38989258	4.0	4.0	78.7800009251	1.23348691839	-0.66973054409	0.725269854069	-0.159513682127	42.6485994956	38.2069186221	-52.4305000305	-24.4544506073	16.5572509766	0.579633233074	0.0	0.0	0.0	0.0	0.0	0.97198086611	1.0	3
1.0	5137.12646484	8.0	4.0	2786.29614258	5.0	5.0	59.9168012142	0.0	-0.0535315610468	-0.956509530544	0.286747038364	6.47576735087	24.7903467272	-49.9693527222	-28.7542991638	17.6259002686	0.814563787704	3.0	5.17999982834	33.8999996185	2.0	6.92000007629	0.795211264174	1.0	3
1.0	5852.1328125	10.0	5.0	1538.71606445	6.0	5.0	99.3404006884	0.0	0.995689034462	-0.0703867524862	-0.0604072995484	26.2071692431	0.0	-47.0831489563	-55.150352478	-3.92936491966	0.728131715955	7.0	8.19999980927	86.5200004578	0.0	15.6599998474	0.991437496885	1.0	3
1.0	2949.30712891	2.0	1.0	1006.57763672	2.0	1.0	16.2999992371	3.08223129029	0.558525204659	-0.215079441667	0.801118254662	18.2682214934	21.8861099323	-55.0055503845	-39.8036499023	10.1265096664	0.455713897347	0.0	0.0	0.0	0.0	0.0	-1.0	0.0	3
1.0	8320.20117188	12.0	5.0	5682.34814453	13.0	6.0	125.916800976	0.0	-0.999265193939	0.030989959836	0.022554455325	0.0	11.1867017035	-11.673500061	-72.1424484253	-4.45522499084	0.550559593709	14.0	0.959999978542	142.659999609	8.0	34.1199989319	0.999517479422	1.0	3
1.0	2381.34130859	2.0	2.0	1182.64294434	4.0	3.0	22.8200006485	0.0	0.0335464850068	0.986672639847	-0.159222438931	6.11443820964	21.4483503121	-32.9355506897	-51.4776000977	13.6191005707	0.00835946190973	1.0	4.65999984741	3.5	0.0	4.65999984741	0.507875970233	1.0	3
1.0	6074.64892578	14.0	1.0	1318.53881836	5.0	1.0	0.0	10.0	0.0	0.0	0.0	0.0	0.0	0.0	0.0	0.0	2.0	2.0	24.8400001526	22.259999752	1.0	26.5	0.988887975631	1.0	3
1.0	3729.9831543	5.0	3.0	1803.20861816	2.0	1.0	52.5599994659	2.13810425633	0.897441089153	-0.438767910004	0.0456311218441	22.5328096258	3.16658385906	-41.3801994324	-54.5025024414	14.3367996216	0.301667233572	0.0	0.0	0.0	0.0	0.0	0.481999678952	1.0	3
1.0	3628.53076172	5.0	3.0	868.672912598	3.0	3.0	62.8539988399	0.0	-0.999262571335	0.0310831982642	0.0225434154272	34.1838434245	1.72316230774	-54.3868026733	-27.801399231	17.8430500031	0.509622168796	3.0	8.42000007629	36.2400007248	2.0	15.6599998474	0.977308011104	1.0	3
1.0	4780.3984375	3.0	1.0	746.580688477	2.0	2.0	22.6199998856	0.0	-0.0335510596633	-0.986689150333	0.159118801355	9.49970167409	16.7363861912	-40.8719482422	-41.4636001587	15.2037506104	0.647170311962	2.0	7.86000013351	17.1199998856	0.0	11.3599996567	0.929776477595	1.0	3
1.0	6341.38574219	5.0	3.0	2235.30859375	5.0	4.0	108.116800785	0.0	-0.0335464850068	-0.986672639847	0.159222438931	0.0	21.2008710304	-32.9355506897	-51.4776000977	13.6191005707	0.00835946190973	5.0	4.65999984741	47.9800000191	0.0	9.31999969482	0.999064117821	1.0	3
1.0	4738.06835938	5.0	4.0	1962.55651855	2.0	2.0	94.0800004005	0.0	0.999262273312	-0.0310830771923	-0.0225547645241	41.9805777849	1.04237205631	-58.5373001099	-20.5345993042	6.3911447525	0.443221158323	3.0	8.03999996185	39.3199996948	1.0	8.69999980927	0.830044998953	1.0	3
1.0	5614.89257812	6.0	5.0	2232.95141602	4.0	4.0	77.9140002131	0.0	0.0335512124002	0.986685633659	-0.159140586853	27.9927502874	1.79996158648	-38.1117477417	-64.8408966064	-9.35517978668	0.210973916912	3.0	8.69999980927	29.9000005722	3.0	15.6599998474	0.990522822637	1.0	3
1.0	3228.4128418	2.0	1.0	1640.27685547	5.0	3.0	37.0199995041	0.0	0.00760409608483	-0.965338766575	0.260889232159	3.78509134138	13.9487071354	-42.2312507629	-43.3269500732	16.7137489319	0.52918631704	1.0	5.44000005722	3.94000005722	1.0	5.44000005722	-1.0	0.0	3
1.0	11036.6171875	7.0	4.0	5219.54296875	14.0	5.0	55.8799993992	0.0	0.999440729618	0.0	-0.0334395170212	9.49599173683	31.6094529103	-43.2915000916	-59.4840011597	-2.12490987778	0.876477432612	11.0	6.63999986649	109.360800207	3.0	22.8799991608	0.999988762097	1.0	3
1.0	11105.03125	9.0	7.0	4940.44775391	15.0	10.0	113.879998922	0.0	0.999440789223	0.0	-0.0334388129413	5.42881975623	32.3320303597	-32.7444000244	-68.4981002808	10.6900997162	0.783769908939	9.0	2.22000002861	72.1600000858	5.0	26.3400001526	0.999999884144	1.0	3
1.0	11227.8730469	6.0	5.0	4786.33349609	15.0	6.0	68.159999609	0.0	0.00770667567849	-0.965344548225	0.260865002871	0.0	39.0868978679	-24.9395999908	-69.0247039795	-18.0390510559	0.63304138327	19.0	0.959999978542	117.939199388	8.0	22.6800003052	0.999988461848	1.0	3
1.0	1489.99304199	4.0	3.0	982.856994629	4.0	2.0	46.1799993515	0.0	-0.00760409608483	0.965338766575	-0.260889232159	29.0786186455	16.1090034417	-42.2312507629	-43.3269500732	16.7137489319	0.52918631704	1.0	5.44000005722	3.94000005722	2.0	12.4399995804	0.951961571454	1.0	3
1.0	6248.95654297	7.0	6.0	3385.70581055	9.0	6.0	156.979998112	0.0	0.999440729618	0.0	-0.033439218998	2.03343893807	27.4505038534	-29.8517990112	-68.6258010864	5.26338005066	0.260239548757	6.0	4.28000020981	46.3399999142	2.0	12.4399995804	0.999981453753	1.0	3
1.0	2948.68798828	1.0	1.0	887.480041504	4.0	1.0	17.8999996185	0.0	-0.00759925413877	0.965327680111	-0.260930389166	18.956913495	12.6996652166	-54.7171478271	-39.5230026245	7.16156482697	0.944947692021	1.0	6.63999986649	5.61999988556	1.0	6.63999986649	0.662697394128	1.0	3
1.0	6433.51367188	4.0	3.0	3007.36669922	9.0	4.0	88.4199986458	0.0	0.00760392239317	-0.96531277895	0.260985553265	16.6544775063	2.70654751303	-55.6012496948	-29.7742500305	11.7059001923	0.0442464736732	4.0	5.28000020981	22.4400000572	3.0	8.88000011444	0.986743529762	1.0	3
1.0	4221.99902344	4.0	3.0	2401.08081055	8.0	5.0	97.1199979782	0.0	-0.00759925413877	0.965327680111	-0.260930389166	27.0744065454	12.6996652166	-54.7171478271	-39.5230026245	7.16156482697	0.944947692021	2.0	5.44000005722	9.55999994278	3.0	12.4399995804	0.796017355136	1.0	3
1.0	5325.01171875	8.0	3.0	2167.19482422	6.0	5.0	69.4999985695	0.0	0.999440729618	0.0	-0.033439218998	18.1013665707	10.9653563016	-29.8517990112	-68.6258010864	5.26338005066	0.260239548757	2.0	4.28000020981	14.4600000381	2.0	12.4399995804	0.999322058306	1.0	3
