valid	volumeS1	connectedComponentsS1	connectedComponentsS1Rel	volumeS2	connectedComponentsS2	connectedComponentsS2Rel	corticalSize	distanceMin	direction_x	direction_y	direction_z	distanceToExtremity1	distanceToExtremity2	gravityCenter_x	gravityCenter_y	gravityCenter_z	corticalDotProduct	junctions	junctionDepthMin	junctionsSize	plisDePassage	plisDePassageDepthMax	Potential	Class	cycle
1.0	461.186004639	1.0	1.0	1746.42651367	1.0	1.0	29.9599990845	3.2932810788	0.0723176524043	0.906308293343	0.416383683681	14.083869277	23.7212704999	-1.691650033	62.4784011841	-52.5750007629	0.929045322297	0.0	0.0	0.0	0.0	0.0	-1.0	0.0	1
1.0	3969.41113281	7.0	5.0	4553.72509766	6.0	6.0	207.80639863	0.0	-0.0584509260952	-0.987322211266	0.147574901581	12.0721304468	8.98731669622	-0.129409492016	69.2099990845	-19.1646499634	0.954938043285	8.0	4.53999996185	111.885201216	2.0	15.7600002289	0.990622599354	1.0	1
1.0	2444.05566406	5.0	3.0	2225.93066406	7.0	5.0	122.219997883	2.27885279706	-0.0668385177851	-0.63516587019	-0.769478321075	29.0395505899	18.3023929563	-16.6978492737	80.4565429688	-65.8414001465	0.0436755853747	3.0	5.61999988556	21.6000003815	2.0	9.93999958038	0.448714494846	1.0	1
1.0	3495.86279297	7.0	5.0	4836.0625	6.0	4.0	218.783597231	0.0	-0.0584509260952	-0.987322211266	0.147574901581	12.0721304468	8.98731669622	-0.129409492016	69.2099990845	-19.1646499634	0.954938043285	15.0	3.92000007629	112.140801795	4.0	9.93999958038	0.988667999298	1.0	1
1.0	1610.0300293	3.0	3.0	1877.36938477	4.0	3.0	19.3599996567	0.0	0.997889995575	-0.0560491830111	-0.032771948725	1.73104303713	37.3461913984	-3.76692485809	48.8539505005	-44.492149353	0.200299636232	3.0	5.55999994278	14.0400004387	1.0	14.9200000763	0.308059478293	1.0	1
1.0	2020.88452148	3.0	2.0	2087.83056641	5.0	5.0	109.699997663	0.0	0.99789005518	-0.0560487359762	-0.0327716842294	3.50660934611	20.2169781185	-0.81165099144	71.9510498047	-30.0289497375	0.941277000242	12.0	1.34000003338	56.5356005505	4.0	9.93999958038	0.725235329781	1.0	1
1.0	131.880996704	1.0	1.0	1614.54553223	1.0	1.0	0.0	10.0	0.0	0.0	0.0	0.0	0.0	0.0	0.0	0.0	2.0	2.0	9.69999980927	10.8883998096	0.0	11.3400001526	0.233497049628	1.0	1
1.0	995.132446289	2.0	2.0	991.007019043	1.0	1.0	36.1799998283	2.86671930383	0.197272434831	0.67684429884	0.709200501442	11.2868228886	0.0	-5.59048509598	79.7817001343	-50.8285484314	0.578262180771	0.0	0.0	0.0	0.0	0.0	-1.0	0.0	1
1.0	2742.72460938	4.0	4.0	2051.30957031	6.0	4.0	81.1000008583	0.0	-0.105046875775	-0.99256169796	-0.0615339614451	47.3968482968	2.25895865935	-27.1997489929	60.0611495972	-65.9512481689	0.578722854155	3.0	10.8000001907	31.4200000763	0.0	11.6800003052	0.992155104303	1.0	1
1.0	1186.90844727	3.0	2.0	799.231018066	1.0	1.0	24.0	0.0	-0.995600759983	0.0935350880027	-0.00550994835794	24.5971839971	5.646478877	-7.12442016602	86.0786514282	-33.1368026733	0.91306936961	2.0	11.3199996948	24.0	0.0	11.6400003433	0.124593711861	1.0	1
1.0	2192.9519043	5.0	3.0	1426.77514648	5.0	3.0	46.6000003815	0.0	-0.995599925518	0.0935385450721	-0.00560050318018	9.21122406128	0.0	-27.9846000671	57.6465530396	-66.1071472168	0.699702016524	3.0	8.06000041962	31.5599994659	1.0	16.5799999237	0.966541576322	1.0	1
1.0	230.628005981	1.0	0.0	155.462997437	1.0	0.0	0.0	10.0	0.0	0.0	0.0	0.0	0.0	0.0	0.0	0.0	2.0	0.0	0.0	0.0	0.0	0.0	0.00323373194517	1.0	1
1.0	3212.98120117	5.0	3.0	1759.05163574	4.0	4.0	72.0695990846	0.0	0.995600759983	-0.0935350880027	0.00550994835794	41.2580394983	13.533425757	-7.12442016602	86.0786514282	-33.1368026733	0.234682863675	3.0	1.0	22.4799995422	1.0	1.0	0.968642591095	1.0	1
1.0	995.132446289	2.0	2.0	1048.09265137	2.0	2.0	46.259999752	2.86671930383	0.197272434831	0.67684429884	0.709200501442	11.2868228886	27.4910124612	-5.59048509598	79.7817001343	-50.8285484314	0.578262180771	0.0	0.0	0.0	0.0	0.0	0.150460432345	1.0	1
1.0	1915.02539062	4.0	2.0	2146.89160156	4.0	4.0	68.5599997044	0.0	-0.104997210205	-0.992560505867	-0.0616378597915	20.7033818913	17.9917200872	-4.54502487183	65.9125518799	-23.3934001923	0.210162644454	2.0	13.8599996567	29.3400001526	0.0	15.1199998856	0.620057256325	1.0	1
1.0	1221.00415039	2.0	0.0	87.1443023682	1.0	0.0	0.0	10.0	0.0	0.0	0.0	0.0	0.0	0.0	0.0	0.0	2.0	0.0	0.0	0.0	0.0	0.0	0.00323373194517	0.0	1
1.0	2114.02856445	5.0	3.0	1740.99328613	5.0	4.0	40.7799993753	0.0	-0.999348282814	0.0346097536385	0.0102566955611	21.3832402098	2.09466806984	-2.16508507729	58.5293998718	-31.8245506287	0.88739198433	5.0	8.15999984741	60.8599977493	2.0	19.5200004578	0.979052229114	1.0	1
1.0	1541.44299316	4.0	1.0	2051.02075195	3.0	1.0	0.0	10.0	0.0	0.0	0.0	0.0	0.0	0.0	0.0	0.0	2.0	1.0	10.0600004196	7.69999980927	0.0	10.0600004196	0.137550526406	1.0	1
1.0	3860.1730957	5.0	5.0	2235.63574219	8.0	5.0	83.6199985743	0.0	0.999348402023	-0.034606359899	-0.0102549968287	30.8053624414	1.10410519441	-2.44189500809	54.2674026489	-43.7564506531	0.968445662285	5.0	9.88000011444	71.4799995422	1.0	13.3800001144	0.994981960949	1.0	1
1.0	4293.328125	3.0	1.0	327.697998047	2.0	2.0	26.5800001621	0.0	0.0334302186966	0.984703540802	-0.171000882983	39.5279907065	1.12113440288	-8.43810462952	90.7499008179	-44.5426025391	0.227103988018	4.0	8.15999984741	61.4399995804	2.0	19.5200004578	0.925801164084	1.0	1
1.0	3428.55517578	3.0	2.0	347.333984375	3.0	3.0	69.5399980545	0.0	0.999345183372	-0.0346987359226	-0.010258548893	32.4519856272	2.09473191765	-3.22223496437	64.8804473877	-47.3916473389	0.96860890971	3.0	4.48000001907	22.0199997425	1.0	4.48000001907	0.863049684399	1.0	1
1.0	1739.54614258	4.0	2.0	2061.35742188	1.0	1.0	38.9199981689	0.0	0.0334272794425	0.984706878662	-0.170982390642	17.4576542091	17.3733733322	-3.29473495483	75.9307556152	-38.4398002625	0.903387507543	1.0	4.48000001907	4.61999988556	1.0	4.48000001907	0.546261539712	1.0	1
1.0	525.852050781	1.0	1.0	1224.99694824	1.0	1.0	15.7000002861	2.18535127012	-0.662001490593	0.633007645607	-0.401316970587	0.0	14.866902442	-3.57993507385	77.9736480713	-52.3314971924	0.219785778847	0.0	0.0	0.0	0.0	0.0	-1.0	0.0	1
1.0	2995.5925293	7.0	6.0	5548.32714844	5.0	4.0	155.139998674	0.0	-0.998025894165	0.0331817269325	-0.0533229410648	22.6397653917	0.0	-1.94117999077	52.2052001953	-60.373550415	0.474055776771	9.0	5.55999994278	113.740000248	1.0	15.3199996948	0.972174460449	1.0	1
1.0	525.852050781	1.0	1.0	3487.62695312	1.0	1.0	37.1799998283	2.18535127012	-0.662001490593	0.633007645607	-0.401316970587	0.0	24.7491149634	-3.57993507385	77.9736480713	-52.3314971924	0.219785778847	0.0	0.0	0.0	0.0	0.0	0.237929287326	1.0	1
1.0	3344.66308594	7.0	3.0	2854.58691406	5.0	3.0	42.8200004101	0.0	-0.998025894165	0.0331817567348	-0.0533229857683	22.9058345705	2.51052854303	-1.54010057449	56.6738014221	-43.5104522705	0.241204180297	7.0	5.17999982834	60.7148003578	2.0	15.3199996948	0.988552861988	1.0	1
1.0	525.852050781	1.0	1.0	1446.29187012	2.0	2.0	34.1599993706	2.18535127012	-0.662001490593	0.633007645607	-0.401316970587	0.0	24.7491149634	-3.57993507385	77.9736480713	-52.3314971924	0.219785778847	0.0	0.0	0.0	0.0	0.0	0.177400085342	1.0	1
1.0	1619.23303223	3.0	3.0	2911.46386719	3.0	3.0	73.2399981022	0.0	0.0462035611272	0.993749380112	-0.101623743773	33.1289222349	11.7125362589	-7.48410511017	81.3222503662	-50.7128982544	0.404157441372	3.0	5.44000005722	42.2199993134	0.0	15.3599996567	0.781578610402	1.0	1
1.0	1402.22399902	2.0	2.0	1350.6340332	2.0	2.0	48.4000000954	0.0	-0.998022913933	0.0332699231803	-0.0533232577145	13.5966723557	2.85528482322	-1.70930504799	58.0530509949	-39.3355484009	0.618598160915	3.0	10.4799995422	21.6544003487	0.0	11.6800003052	0.424784789104	1.0	1
1.0	372.950012207	1.0	0.0	89.1780014038	1.0	0.0	0.0	10.0	0.0	0.0	0.0	0.0	0.0	0.0	0.0	0.0	2.0	0.0	0.0	0.0	0.0	0.0	0.00323373194517	0.0	1
1.0	2643.68920898	8.0	6.0	4536.54443359	5.0	4.0	91.5999997854	0.0	-0.994935870171	0.0	0.100511580706	1.01643637979	22.5556880147	-13.7399997711	79.4160003662	-59.0582504272	0.0257975046094	4.0	6.30000019073	41.1999998093	1.0	6.30000019073	0.965185339085	1.0	1
1.0	2662.87597656	5.0	3.0	4455.10400391	6.0	5.0	91.060000658	0.0	0.994935870171	0.0	-0.100511580706	5.60619236611	23.6701971747	-13.7399997711	79.4160003662	-59.0582504272	0.0257975046094	4.0	6.30000019073	34.7599992752	1.0	6.30000019073	0.950200125851	1.0	1
1.0	1299.85900879	3.0	3.0	3819.67382812	5.0	4.0	77.6000007391	0.0	0.994935631752	0.0	-0.100514240563	24.5565313316	27.8941535315	-3.51124477386	55.0985984802	-37.5475502014	0.996646418769	3.0	5.5	25.1399998665	2.0	6.30000019073	0.418280445348	1.0	1
1.0	1831.71411133	3.0	1.0	912.25994873	2.0	1.0	3.66000008583	4.23434774805	-0.243094459176	0.712618172169	0.658088445663	3.90093035119	17.6482781487	-12.8069000244	85.9546051025	-50.4594497681	0.0341070831733	0.0	0.0	0.0	0.0	0.0	0.549030500909	1.0	1
1.0	622.0	3.0	0.0	290.854003906	2.0	0.0	0.0	10.0	0.0	0.0	0.0	0.0	0.0	0.0	0.0	0.0	2.0	0.0	0.0	0.0	0.0	0.0	0.00323373194517	1.0	1
1.0	976.591796875	2.0	0.0	516.116027832	1.0	0.0	0.0	10.0	0.0	0.0	0.0	0.0	0.0	0.0	0.0	0.0	2.0	0.0	0.0	0.0	0.0	0.0	0.00323373194517	0.0	1
1.0	3979.34716797	7.0	7.0	3083.37866211	5.0	5.0	150.659999847	0.0	0.998985469341	-0.0365974083543	0.0262433495373	17.4387666354	1.20239430605	-3.83718490601	67.4196014404	-64.4931488037	0.472307328149	7.0	4.63999986649	63.240000248	4.0	27.6200008392	0.996097971801	1.0	1
1.0	1176.22802734	3.0	1.0	563.437988281	2.0	1.0	7.23999977112	3.77939150196	-0.509517908096	0.690536975861	0.513371348381	18.8170258765	2.85444708953	-8.98366928101	93.3386535645	-42.203250885	0.741912040861	0.0	0.0	0.0	0.0	0.0	0.430549718655	1.0	1
1.0	3402.73535156	6.0	6.0	3645.08862305	7.0	5.0	95.4800004959	0.0	-0.998987555504	0.0365977808833	-0.0261640157551	23.1827482525	7.32905507903	-1.21344995499	55.1916999817	-39.0191001892	0.575660272936	14.0	1.77999997139	116.387600243	3.0	20.1800003052	0.992177786555	1.0	1
1.0	617.471008301	1.0	1.0	2755.68505859	3.0	3.0	35.0999994278	0.0	0.998985409737	-0.0365978479385	0.0262436624616	10.3724822666	31.6527233473	-1.53449249268	73.4676971436	-47.2353515625	0.621828062294	1.0	4.21999979019	2.98000001907	1.0	4.21999979019	0.497596168234	1.0	1
1.0	135.089996338	1.0	1.0	586.044006348	2.0	1.0	7.36000013351	2.65982703414	-0.160544872284	0.781039953232	0.603491485119	1.77479614527	13.3677423689	-17.0778007507	84.9931945801	-55.9487495422	0.478205448268	0.0	0.0	0.0	0.0	0.0	0.0787913442487	1.0	1
1.0	1133.58703613	2.0	1.0	359.120788574	3.0	3.0	35.0599994659	0.0	-0.998987436295	0.0365989692509	-0.0261648651212	2.76970525576	7.40721208389	-15.8875494003	82.2075958252	-58.067199707	0.530287086151	1.0	4.21999979019	2.98000001907	2.0	13.9200000763	0.512301262626	1.0	1
1.0	471.49621582	3.0	3.0	851.739990234	1.0	1.0	17.7999994755	2.61599312474	0.0153444809839	0.599531590939	-0.800203979015	9.29680355422	11.7512017296	6.26992511749	76.6891479492	-43.1447982788	0.106273624667	0.0	0.0	0.0	0.0	0.0	-1.0	0.0	1
1.0	5404.26318359	12.0	9.0	5865.68945312	12.0	6.0	176.180000067	0.0	0.00374805694446	0.980666935444	-0.195648387074	21.5605991861	1.4729019048	4.28153991699	49.8741989136	-52.9725990295	0.308506636424	22.0	3.38000011444	199.439998627	2.0	6.19999980927	0.988572859238	1.0	1
1.0	2741.53710938	13.0	7.0	3277.73364258	13.0	6.0	41.4199995995	0.0	-0.00374795799144	-0.980663001537	0.195668295026	31.3760767777	5.95505476427	6.45983982086	67.9666519165	-53.048500061	0.652039194606	11.0	7.26000022888	91.1163990498	0.0	24.8799991608	0.743386870421	1.0	1
1.0	5374.87988281	12.0	6.0	2836.09912109	15.0	8.0	77.539999485	0.0	0.00374805694446	0.980666935444	-0.195648387074	21.5605991861	1.4729019048	4.28153991699	49.8741989136	-52.9725990295	0.308506636424	20.0	3.0	99.2305985428	2.0	6.19999980927	0.978026123392	1.0	1
1.0	65.1601028442	1.0	1.0	101.5911026	2.0	2.0	13.8399996758	0.0	0.00374795799144	0.980663001537	-0.195668295026	2.26360722598	5.04870265724	6.45983982086	67.9666519165	-53.048500061	0.652039194606	1.0	7.26000022888	7.59999990463	0.0	7.26000022888	0.306253621566	1.0	1
1.0	343.641204834	3.0	3.0	979.594970703	2.0	2.0	36.0999987125	0.0	0.00374795799144	0.980663001537	-0.195668295026	15.6392634776	23.7776398227	6.45983982086	67.9666519165	-53.048500061	0.0889570164105	2.0	6.88000011444	14.6599998474	0.0	9.03999996185	0.169728036628	1.0	1
1.0	784.104248047	3.0	3.0	851.739990234	1.0	1.0	17.7999994755	2.61599312474	0.0153444809839	0.599531590939	-0.800203979015	17.2720037065	11.7512017296	6.26992511749	76.6891479492	-43.1447982788	0.106273624667	0.0	0.0	0.0	0.0	0.0	0.165456889761	1.0	1
1.0	897.760009766	2.0	1.0	264.911010742	1.0	1.0	21.1199996471	0.0	-0.106952175498	0.204383522272	0.973030626774	16.8860552375	0.0	3.32562994957	72.272102356	-50.598449707	0.554543343874	1.0	1.12000000477	0.0	0.0	1.12000000477	-1.0	0.0	1
1.0	932.256347656	4.0	3.0	5115.37792969	6.0	4.0	42.7199993134	0.0	-0.993508279324	0.0	-0.113759703934	2.11987502698	41.969852204	-23.6506500244	97.6166000366	-44.1533966064	0.87370516154	4.0	7.96000003815	65.8400015831	1.0	16.7999992371	0.983440753616	1.0	1
1.0	650.911987305	2.0	1.0	1215.41137695	5.0	2.0	25.3599994183	0.0	-0.106952175498	0.204383522272	0.973030626774	3.58817490713	19.2455418354	3.32562994957	72.272102356	-50.598449707	0.554543343874	1.0	1.12000000477	0.0	0.0	1.12000000477	0.0329470718401	1.0	1
1.0	156.914993286	1.0	0.0	943.482788086	3.0	0.0	0.0	10.0	0.0	0.0	0.0	0.0	0.0	0.0	0.0	0.0	2.0	0.0	0.0	0.0	0.0	0.0	0.00323373194517	1.0	1
1.0	291.540008545	1.0	1.0	3786.05419922	3.0	1.0	2.55999994278	0.0	0.0265247989446	0.970082819462	-0.241320967674	4.24200554537	27.0049220777	-1.034719944	59.9373016357	-41.4359512329	0.0775371527194	1.0	13.8400001526	17.2800006866	0.0	13.8400001526	0.163318927228	1.0	1
1.0	264.911010742	1.0	1.0	897.760009766	2.0	1.0	21.1199996471	0.0	0.106952175498	-0.204383522272	-0.973030626774	0.0	16.8860552375	3.32562994957	72.272102356	-50.598449707	0.554543343874	1.0	1.12000000477	0.0	0.0	1.12000000477	0.989665723574	1.0	1
1.0	897.760009766	2.0	2.0	360.526794434	2.0	2.0	27.0799996853	0.0	-0.106952175498	0.204383522272	0.973030626774	16.8860552375	15.6440844538	3.32562994957	72.272102356	-50.598449707	0.554543343874	1.0	1.12000000477	0.0	0.0	1.12000000477	0.0526856696892	1.0	1
1.0	830.78503418	2.0	2.0	993.375793457	3.0	3.0	38.479998827	0.0	0.106952175498	-0.204383522272	-0.973030626774	10.6896730692	3.58817490713	3.32562994957	72.272102356	-50.598449707	0.554543343874	4.0	1.12000000477	53.9200019836	2.0	18.3199996948	0.965215268812	1.0	1
1.0	156.914993286	1.0	1.0	1189.30004883	1.0	1.0	3.6400001049	2.56861055836	0.372267633677	-0.876854598522	-0.30420845747	3.78452593767	18.9538168192	1.17304837704	78.0083465576	-51.3535499573	0.877042195118	0.0	0.0	0.0	0.0	0.0	0.975822565526	1.0	1
1.0	656.195617676	2.0	1.0	315.712097168	1.0	1.0	18.1599998474	2.56302163002	-0.643527150154	0.657550990582	0.391790121794	4.35850200505	9.73074645924	-8.78530979156	80.0870513916	-49.0774497986	0.860690086153	0.0	0.0	0.0	0.0	0.0	-1.0	0.0	1
1.0	1764.14526367	5.0	5.0	1762.78955078	7.0	5.0	97.8800015636	0.0	0.0849748700857	0.953442811966	-0.289354681969	39.5332769669	1.00526470877	-6.1402797699	47.1290512085	-55.3979492188	0.598008575002	2.0	7.51999998093	15.4400000572	1.0	7.76000022888	0.9910467163	1.0	1
1.0	2117.12036133	6.0	6.0	3312.36694336	4.0	4.0	68.3599996567	0.0	-0.982108712196	0.129120334983	0.137077942491	23.8106668348	0.0	-4.61926460266	50.0227012634	-50.3673019409	0.951798030423	3.0	7.51999998093	41.1799988747	2.0	20.0200004578	0.94495499516	1.0	1
1.0	2011.25439453	3.0	2.0	2070.58691406	3.0	2.0	14.1800003052	2.90455167636	-0.00776291498914	0.674802362919	-0.737957656384	16.7225327881	0.0	-0.120895504951	59.5449523926	-28.6062507629	0.044925607172	1.0	20.5	10.4399995804	0.0	20.5	0.990304818366	1.0	1
1.0	2434.87695312	5.0	5.0	2278.63793945	3.0	3.0	75.6399989128	0.0	-0.982108712196	0.129120334983	0.137077942491	23.8106668348	0.0	-4.61926460266	50.0227012634	-50.3673019409	0.951798030423	2.0	7.51999998093	17.9800000191	1.0	11.8800001144	0.97058809896	1.0	1
1.0	1092.12670898	2.0	0.0	315.712097168	1.0	0.0	0.0	10.0	0.0	0.0	0.0	0.0	0.0	0.0	0.0	0.0	2.0	0.0	0.0	0.0	0.0	0.0	0.00323373194517	1.0	1
1.0	2429.40087891	5.0	5.0	2895.51269531	4.0	4.0	162.919998646	0.0	0.0849857926369	0.953451454639	-0.289322972298	15.5488736945	27.5298968613	-10.3203001022	84.4563980103	-45.4624481201	0.303528067449	2.0	11.4600000381	26.5399999619	1.0	7.76000022888	0.990414422404	1.0	1
1.0	2766.44262695	5.0	5.0	2750.02099609	3.0	3.0	157.059999008	0.0	0.982109308243	-0.129116490483	-0.137077644467	9.23774889254	26.6255769537	-16.4338493347	88.7084960938	-45.6012992859	0.0647543094759	1.0	1.01999998093	1.0	2.0	11.8800001144	0.972198524433	1.0	1
1.0	1330.31896973	3.0	1.0	2215.66796875	2.0	1.0	5.59999990463	0.0	0.0849857926369	0.953451454639	-0.289322972298	27.3364763522	21.168989939	-10.3203001022	84.4563980103	-45.4624481201	0.303528067449	1.0	13.5	15.2600002289	0.0	13.5	0.990193953023	1.0	1
1.0	565.069396973	2.0	0.0	196.688812256	1.0	0.0	0.0	10.0	0.0	0.0	0.0	0.0	0.0	0.0	0.0	0.0	2.0	0.0	0.0	0.0	0.0	0.0	0.00323373194517	0.0	1
1.0	741.032958984	2.0	1.0	694.299682617	5.0	1.0	0.0	10.0	0.0	0.0	0.0	0.0	0.0	0.0	0.0	0.0	2.0	1.0	20.5400009155	14.1599998474	0.0	20.5400009155	0.976886899643	1.0	1
1.0	582.000427246	5.0	0.0	798.990539551	3.0	0.0	0.0	10.0	0.0	0.0	0.0	0.0	0.0	0.0	0.0	0.0	2.0	0.0	0.0	0.0	0.0	0.0	0.00323373194517	1.0	1
1.0	594.111633301	3.0	3.0	167.646606445	2.0	2.0	12.6799995899	0.0	-0.998190402985	0.0287185292691	-0.0528307259083	6.97510698376	9.02271343547	0.0860555022955	58.4414520264	-46.1804504395	0.538971164727	2.0	8.06000041962	16.1399993896	0.0	11.7399997711	0.101565190227	1.0	1
1.0	1547.56750488	3.0	2.0	799.196044922	2.0	2.0	22.5799999237	2.33803125148	0.0412281900644	0.994547843933	-0.0957853794098	31.1664456197	3.29334843508	2.29411506653	78.5597991943	-45.2603988647	0.0282417344861	0.0	0.0	0.0	0.0	0.0	0.355929369405	1.0	1
1.0	505.149688721	2.0	2.0	728.986999512	1.0	1.0	32.7800002098	2.37246076465	0.0124420132488	-0.251131027937	-0.967873156071	13.9325203961	0.0	-4.08900499344	73.8047485352	-40.9689483643	0.386567370599	0.0	0.0	0.0	0.0	0.0	-1.0	0.0	1
1.0	764.994689941	3.0	2.0	1009.07098389	3.0	1.0	16.3000001907	0.0	0.028847457841	-0.963104486465	0.267577171326	17.4323920638	9.11627591327	-4.42269039154	52.8944511414	-41.0146026611	0.707537292601	2.0	4.34000015259	18.9999997616	1.0	4.34000015259	0.96817810833	1.0	1
1.0	967.126464844	6.0	4.0	2364.53881836	5.0	2.0	56.1199998856	0.0	0.999503552914	0.0310959108174	0.00506544951349	23.2185672983	0.0	-4.16449975967	61.2238502502	-46.2416992188	0.818336087003	1.0	14.5600004196	15.3199996948	1.0	7.59999990463	0.432317522495	1.0	1
1.0	1470.32727051	5.0	5.0	4503.45019531	3.0	3.0	73.7800009251	0.0	-0.999503552914	-0.0310958735645	-0.0050654434599	11.5135092322	0.987291267705	-23.5942001343	84.5131530762	-60.2670974731	0.0621239274629	5.0	1.39999997616	103.779996872	2.0	28.1599998474	0.976525969323	1.0	1
1.0	449.468994141	1.0	1.0	4321.5625	5.0	2.0	36.4200005531	2.04084542035	0.0315166637301	-0.996783554554	-0.073683783412	15.636311692	33.0784127171	-4.52880477905	57.476348877	-48.857749939	0.648440965043	0.0	0.0	0.0	0.0	0.0	0.283383728749	1.0	1
1.0	889.076660156	4.0	4.0	2510.828125	3.0	3.0	49.9800009727	0.0	-0.999503552914	-0.0310958735645	-0.0050654434599	11.5135092322	0.987291267705	-23.5942001343	84.5131530762	-60.2670974731	0.0621239274629	5.0	1.39999997616	42.6400001049	1.0	4.34000015259	0.968533806245	1.0	1
1.0	505.149688721	2.0	2.0	3847.66015625	4.0	3.0	52.5800004005	1.67758458705	-0.012436482124	0.251144379377	0.967869758606	8.38815501383	17.9963612446	-4.02336978912	70.2276992798	-31.2148513794	0.731085361342	0.0	0.0	0.0	0.0	0.0	0.21918754943	1.0	1
1.0	1267.97998047	2.0	1.0	497.364990234	1.0	1.0	23.3799991608	3.42487959267	0.0398134738207	0.759525477886	0.64925801754	27.0174249523	3.59793342571	-6.4757900238	71.808303833	-45.6642990112	0.89357903091	0.0	0.0	0.0	0.0	0.0	-1.0	0.0	1
1.0	2737.75683594	6.0	4.0	4942.42431641	5.0	4.0	88.4788002968	0.0	-0.997142493725	0.0	0.075543679297	18.7278384453	7.17332455518	-26.3807506561	70.3076019287	-63.034450531	0.543331550535	4.0	3.38000011444	37.4200005531	1.0	8.5	0.975007727435	1.0	1
1.0	647.521972656	2.0	1.0	2213.41088867	2.0	2.0	57.0399990082	1.54264708438	0.0293054524809	0.877900421619	0.477945625782	25.5158055238	25.1452482414	-6.16193008423	81.209602356	-40.5459976196	0.944164776991	0.0	0.0	0.0	0.0	0.0	0.606063262107	1.0	1
1.0	1513.74902344	3.0	3.0	754.989013672	1.0	1.0	58.3999991417	2.96052874559	-0.0591635704041	0.256187081337	-0.964814960957	0.0	0.0	-3.96548509598	75.6923980713	-34.7009506226	0.232519396122	0.0	0.0	0.0	0.0	0.0	0.250722517349	1.0	1
1.0	1675.7611084	4.0	2.0	3714.12402344	4.0	3.0	44.0187989473	0.0	-0.0130386389792	0.976911365986	-0.213246688247	2.07174476843	2.06762748495	-14.9674501419	79.1957015991	-64.247543335	0.0105935846888	1.0	1.55999994278	0.0	1.0	1.55999994278	0.288052360514	1.0	1
1.0	475.35333252	2.0	1.0	1385.78210449	1.0	1.0	9.65999984741	2.77738366722	-0.403105705976	0.843766868114	0.354349076748	2.21196769233	14.2958121167	-14.8127498627	84.1625518799	-50.1445999146	0.227998066395	0.0	0.0	0.0	0.0	0.0	-1.0	0.0	1
1.0	1144.27294922	9.0	3.0	1819.88000488	4.0	3.0	23.4599997997	0.0	0.994902312756	0.0	-0.100843206048	27.513837203	2.18380900756	-4.77069473267	52.7276000977	-36.7109489441	0.539735543026	2.0	9.56000041962	20.220000267	1.0	9.56000041962	0.996757852973	1.0	1
1.0	1628.01879883	8.0	4.0	2505.33911133	5.0	3.0	48.8399993181	0.0	0.994893431664	0.0	-0.100930795074	15.6032462008	7.86211505798	-4.12949991226	54.4028015137	-29.1182994843	0.924395627862	3.0	9.56000041962	41.5200004578	2.0	10.8800001144	0.416102377121	1.0	1
1.0	1104.65100098	6.0	1.0	409.567993164	3.0	1.0	5.59999990463	0.0	-0.994893431664	0.0	0.100930795074	34.8195428721	7.46394095933	-4.12949991226	54.4028015137	-29.1182994843	0.924395627862	1.0	9.56000041962	8.46000003815	1.0	9.56000041962	0.999487318476	1.0	1
1.0	709.641845703	4.0	3.0	4800.44238281	3.0	2.0	48.1599998474	1.92294306656	-0.0651855021715	-0.632358074188	-0.771928846836	1.55204932905	25.328799422	-4.44044971466	56.7411499023	-26.2080001831	0.484289729462	0.0	0.0	0.0	0.0	0.0	0.411732179095	1.0	1
1.0	520.303833008	3.0	2.0	3206.95141602	6.0	2.0	19.3999996185	0.0	-0.994902312756	0.0	0.100843206048	2.18380900756	0.0	-4.77069473267	52.7276000977	-36.7109489441	0.539735543026	1.0	10.720000267	11.7600002289	0.0	10.720000267	0.232948507624	1.0	1
1.0	1335.10559082	4.0	3.0	4565.48535156	4.0	4.0	75.1599998474	0.0	-0.994902431965	0.0	0.100842297077	35.8522131449	26.2074407228	-13.0771999359	86.8804016113	-42.778049469	0.260350788703	8.0	8.43999958038	120.159998894	5.0	24.0799999237	0.966105114744	1.0	1
1.0	673.639038086	2.0	2.0	2824.85522461	4.0	2.0	18.4600000381	0.0	-0.994902074337	0.0	0.10084592551	1.10961680213	32.1789867127	-9.49522018433	77.6538009644	-53.1018486023	0.735991612946	4.0	8.43999958038	57.8199996948	2.0	24.0799999237	0.534124246159	1.0	1
1.0	184.302993774	1.0	1.0	1691.14294434	1.0	1.0	28.6399993896	2.21121235679	0.0414405316114	-0.0286955609918	0.998728811741	3.44936791724	2.60594314848	-2.83851003647	81.1943511963	-44.3334999084	0.519138661421	0.0	0.0	0.0	0.0	0.0	-1.0	0.0	1
1.0	3063.55786133	8.0	4.0	5466.65283203	5.0	3.0	81.4400002956	0.0	-0.0472742058337	0.972083985806	-0.229821488261	32.4552603528	38.3680787764	-2.80253982544	56.6270980835	-40.9102478027	0.127984587776	12.0	1.0	91.8992007375	6.0	15.4399995804	0.996714911927	1.0	1
1.0	418.184020996	2.0	1.0	4308.48095703	5.0	4.0	71.279999733	2.21121235679	0.0414405316114	-0.0286955609918	0.998728811741	16.8629269177	35.3613086425	-2.83851003647	81.1943511963	-44.3334999084	0.519138661421	0.0	0.0	0.0	0.0	0.0	0.507876152462	1.0	1
1.0	2484.29760742	8.0	7.0	6224.92382812	7.0	4.0	150.186400652	0.0	0.998336076736	0.0337465107441	-0.0467574745417	11.1798169226	1.98488885409	-23.1278991699	71.3823013306	-69.5440063477	0.6917630286	17.0	1.0	142.78000021	10.0	24.7199993134	0.996318005908	1.0	1
1.0	328.190002441	2.0	2.0	1547.25598145	1.0	1.0	28.6399993896	2.21121235679	0.0414405316114	-0.0286955609918	0.998728811741	3.44936791724	2.60594314848	-2.83851003647	81.1943511963	-44.3334999084	0.519138661421	0.0	0.0	0.0	1.0	24.3600006104	0.191832020093	1.0	1
1.0	301.492980957	2.0	1.0	898.409973145	1.0	1.0	0.0	10.0	0.0	0.0	0.0	0.0	0.0	0.0	0.0	0.0	2.0	1.0	22.6599998474	17.3400001526	1.0	22.6599998474	0.835300656561	1.0	1
1.0	606.445007324	3.0	1.0	1500.8359375	2.0	1.0	0.0	0.0	-0.0472746230662	0.972083747387	-0.229822337627	6.32720733731	2.67333002752	-7.07567024231	87.1119995117	-38.292350769	0.301339565164	1.0	11.5	0.17919999361	1.0	11.5	0.984556404554	1.0	1
1.0	313.186004639	1.0	1.0	585.119995117	1.0	1.0	25.8800001144	2.77271349416	-0.257054775953	-0.311904639006	-0.914679348469	0.0	0.0	-1.21799945831	81.3790512085	-49.0956001282	0.0249320134209	0.0	0.0	0.0	0.0	0.0	-1.0	0.0	1
1.0	1506.28955078	5.0	3.0	2928.27001953	10.0	4.0	49.6939993203	0.0	0.106021627784	-0.937814056873	0.330551415682	26.335750565	20.9378415192	-1.61092495918	64.6430969238	-35.5119514465	0.953427498841	4.0	4.96000003815	27.7399997711	4.0	16.4799995422	0.980219015077	1.0	1
1.0	313.186004639	1.0	1.0	2195.85986328	2.0	2.0	32.7224001884	2.7726539902	-0.391922563314	0.844700813293	0.364523351192	2.4499968378	35.5332211278	-1.82338345051	86.5389480591	-41.8364486694	0.830406461756	0.0	0.0	0.0	0.0	0.0	0.132726767502	1.0	1
1.0	493.062011719	1.0	0.0	892.62701416	1.0	0.0	0.0	10.0	0.0	0.0	0.0	0.0	0.0	0.0	0.0	0.0	2.0	0.0	0.0	0.0	0.0	0.0	0.00323373194517	1.0	1
1.0	170.957000732	1.0	1.0	585.119995117	1.0	1.0	12.6800003052	2.93624753833	-0.112825803459	0.988270461559	0.10291672498	1.12592155158	1.63719342593	-1.55591499805	74.4985961914	-53.8511505127	0.546368797016	0.0	0.0	0.0	0.0	0.0	0.0950794251717	1.0	1
1.0	725.17199707	1.0	0.0	684.539978027	1.0	0.0	0.0	10.0	0.0	0.0	0.0	0.0	0.0	0.0	0.0	0.0	2.0	0.0	0.0	0.0	0.0	0.0	0.00323373194517	0.0	1
1.0	3367.90844727	7.0	3.0	1830.04321289	6.0	2.0	17.5899996758	0.0	-0.992685377598	0.070481069386	0.0980210229754	37.8955490462	2.95169354915	-0.384132504463	68.0223999023	-18.3253498077	0.926852283061	6.0	6.05999994278	68.2424002849	3.0	10.3800001144	0.972198594632	1.0	1
1.0	2924.90991211	3.0	1.0	1269.96594238	4.0	3.0	12.8243998289	0.0	-0.0588462352753	-0.984737038612	0.16379879415	2.0561138156	19.1024227113	-17.6377487183	88.358505249	-51.1554031372	0.272044697768	5.0	4.15999984741	76.359998703	5.0	24.7600002289	0.288629067993	1.0	1
1.0	2773.46923828	5.0	2.0	3096.01367188	5.0	5.0	83.4244011641	0.0	0.0588226988912	0.984720230103	-0.163908526301	28.5123072795	12.7468073892	-2.83338499069	75.805847168	-32.7906494141	0.598167652333	4.0	1.05999994278	57.7000007629	0.0	18.3600006104	0.977050267836	1.0	1
1.0	1768.65100098	2.0	1.0	3491.43603516	3.0	3.0	32.7300000191	0.0	-0.0588462352753	-0.984737038612	0.16379879415	2.0561138156	23.9055871248	-17.6377487183	88.358505249	-51.1554031372	0.272044697768	2.0	18.5200004578	47.0199985504	2.0	24.7600002289	0.490722820927	1.0	1
1.0	1587.42004395	1.0	1.0	1022.25195312	4.0	3.0	29.1700000763	0.0	0.0588170737028	0.984722554684	-0.163896560669	13.4570391109	9.03943288511	-4.64228534698	87.891204834	-49.5130500793	0.727133271889	1.0	18.5200004578	13.0799999237	1.0	7.38000011444	0.997167699265	1.0	1
1.0	1692.81994629	6.0	1.0	2686.36523438	2.0	1.0	0.0	10.0	0.0	0.0	0.0	0.0	0.0	0.0	0.0	0.0	2.0	1.0	18.5200004578	13.0799999237	1.0	18.5200004578	0.714796567158	1.0	1
1.0	1962.99804688	2.0	2.0	725.17199707	1.0	1.0	60.6799988747	1.76291238817	-0.122373096645	-0.464936137199	-0.876846194267	17.5594061847	3.12718431467	-2.67212486267	82.8955993652	-47.4323997498	0.895663032294	0.0	0.0	0.0	0.0	0.0	0.981063372435	1.0	1
1.0	489.337036133	2.0	1.0	3023.99902344	3.0	1.0	3.27999997139	0.0	-0.992685616016	0.0704797506332	0.0980191901326	15.6977216384	3.76269670639	-1.24020552635	73.3787002563	-31.0790500641	0.887595346369	1.0	7.26000022888	14.9399995804	0.0	7.26000022888	0.694674358081	1.0	1
1.0	461.186004639	1.0	1.0	1746.42651367	1.0	1.0	29.9599990845	3.2932810788	0.0723176524043	0.906308293343	0.416383683681	14.083869277	23.7212704999	-1.691650033	62.4784011841	-52.5750007629	0.929045322297	0.0	0.0	0.0	0.0	0.0	-1.0	0.0	2
1.0	1886.71044922	3.0	2.0	777.235839844	3.0	3.0	23.8000001907	0.0	-0.0584509260952	-0.987322211266	0.147574901581	32.9599048361	8.98731669622	-0.129409492016	69.2099990845	-19.1646499634	0.954938043285	3.0	5.44000005722	31.0800004005	1.0	15.7600002289	0.972147841413	1.0	2
1.0	246.610992432	2.0	2.0	1716.15515137	2.0	1.0	0.0	4.13702789102	-0.158709019423	0.791225552559	0.590570569038	0.0	4.01687303365	-13.2112503052	75.2252044678	-68.9613037109	0.167558418582	2.0	6.28000020981	0.280799992383	1.0	13.5799999237	0.32779740734	1.0	2
1.0	2768.97705078	4.0	4.0	2383.35888672	6.0	6.0	124.359998465	0.0	0.99789005518	-0.0560487359762	-0.0327716842294	3.50660934611	20.0968703249	-0.81165099144	71.9510498047	-30.0289497375	0.941277000242	4.0	5.61999988556	41.3400001526	3.0	13.5799999237	0.848743015474	1.0	2
1.0	721.614013672	2.0	2.0	1485.99853516	2.0	2.0	29.9599990845	3.2932810788	0.0723176524043	0.906308293343	0.416383683681	14.083869277	23.7212704999	-1.691650033	62.4784011841	-52.5750007629	0.929045322297	2.0	9.43999958038	0.353599995375	1.0	13.5799999237	0.102116312439	1.0	2
1.0	2784.2265625	4.0	4.0	2492.1809082	5.0	5.0	123.763597727	0.0	-0.997899353504	0.0559418089688	0.0326716676354	3.14276201914	19.2863843896	-1.67340505123	73.1054000854	-28.664899826	0.280850703186	7.0	2.0	55.8400011063	8.0	14.9200000763	0.969188731668	1.0	2
1.0	995.132446289	2.0	2.0	991.007019043	1.0	1.0	36.1799998283	2.86671930383	0.197272434831	0.67684429884	0.709200501442	11.2868228886	0.0	-5.59048509598	79.7817001343	-50.8285484314	0.578262180771	0.0	0.0	0.0	0.0	0.0	-1.0	0.0	2
1.0	486.682373047	3.0	0.0	813.400024414	1.0	0.0	0.0	10.0	0.0	0.0	0.0	0.0	0.0	0.0	0.0	0.0	2.0	0.0	0.0	0.0	0.0	0.0	0.00323373194517	1.0	2
1.0	1927.82836914	3.0	2.0	2134.08862305	4.0	4.0	63.3199996948	2.22814274977	-0.104996681213	-0.992560684681	-0.0616359189153	29.6443058269	17.3256266068	-2.96833515167	60.3068466187	-34.6595001221	0.656255096829	0.0	0.0	0.0	0.0	0.0	0.620057256325	1.0	2
1.0	2883.88842773	4.0	4.0	1883.71337891	5.0	5.0	118.089598827	0.0	0.995600759983	-0.0935350880027	0.00550994835794	41.2580394983	13.533425757	-7.12442016602	86.0786514282	-33.1368026733	0.234682863675	5.0	1.0	51.8199996948	1.0	1.0	0.982322440165	1.0	2
1.0	995.225402832	3.0	3.0	2018.59887695	5.0	3.0	62.2000000477	0.0	-0.10499676317	-0.99256080389	-0.0616335980594	18.2142723579	31.2576051525	-4.77110958099	63.8573989868	-21.6973991394	0.29867457603	3.0	10.8000001907	39.1400003433	0.0	15.1199998856	0.508201846826	1.0	2
1.0	2837.94433594	4.0	3.0	2134.08862305	4.0	4.0	82.4599990845	0.0	0.104996815324	0.992560565472	0.0616376250982	25.3990377378	0.0	-5.74102497101	53.3765487671	-51.5264968872	0.279942826726	1.0	7.80000019073	8.65999984741	1.0	7.80000019073	0.967398168799	1.0	2
1.0	2188.01342773	3.0	3.0	2026.37341309	4.0	4.0	97.2399988174	0.0	0.104996815324	0.992560565472	0.0616376250982	29.882201495	0.0	-5.74102497101	53.3765487671	-51.5264968872	0.279942826726	1.0	7.80000019073	8.65999984741	1.0	7.80000019073	0.783622395673	1.0	2
1.0	294.906402588	2.0	2.0	1895.6640625	3.0	3.0	49.8999996185	0.0	-0.104947015643	-0.99256581068	-0.0616377145052	2.10287404432	21.06749586	-17.7594985962	79.6470489502	-55.5333023071	0.163337511174	1.0	10.8000001907	9.80000019073	0.0	10.8000001907	0.207863192968	1.0	2
1.0	1496.14648438	4.0	1.0	96.7156982422	1.0	1.0	7.59999990463	2.91800273993	0.43747279048	-0.595396995544	-0.673884272575	26.3450703496	2.78413421767	-14.7789001465	77.5905456543	-60.184299469	0.157408067149	0.0	0.0	0.0	0.0	0.0	0.974196472428	1.0	2
1.0	1221.00415039	2.0	0.0	87.1443023682	1.0	0.0	0.0	10.0	0.0	0.0	0.0	0.0	0.0	0.0	0.0	0.0	2.0	0.0	0.0	0.0	0.0	0.0	0.00323373194517	0.0	2
1.0	1033.05712891	3.0	1.0	2094.82397461	3.0	1.0	7.01520013809	0.0	0.999344289303	-0.0346983931959	-0.0103469127789	19.5160099423	26.4543869675	-6.80492973328	89.8498535156	-46.2239990234	0.282430149876	1.0	24.5799999237	27.5400009155	1.0	24.5799999237	0.992458182901	1.0	2
1.0	1262.70397949	3.0	2.0	2234.40258789	3.0	2.0	19.2551999092	0.0	0.0334302186966	0.984703540802	-0.171000882983	18.8508161924	26.2596702548	-8.43810462952	90.7499008179	-44.5426025391	0.227103988018	2.0	8.15999984741	35.2800006866	2.0	24.5799999237	0.877433129964	1.0	2
1.0	3697.27832031	3.0	3.0	430.220275879	2.0	2.0	14.6600000858	0.0	0.0334302186966	0.984703540802	-0.171000882983	39.5279907065	1.12113440288	-8.43810462952	90.7499008179	-44.5426025391	0.227103988018	4.0	8.15999984741	61.4399995804	3.0	19.5200004578	0.883362070578	1.0	2
1.0	2476.39111328	4.0	4.0	2144.63525391	4.0	4.0	125.515197039	0.0	0.999345183372	-0.0346987359226	-0.010258548893	25.6800406812	18.4866389971	-3.22223496437	64.8804473877	-47.3916473389	0.96860890971	6.0	4.48000001907	82.1000013351	3.0	24.5799999237	0.973169371056	1.0	2
1.0	1258.33728027	3.0	1.0	150.786193848	2.0	2.0	13.1599998474	0.0	-0.735095441341	-0.66590732336	0.127287849784	9.07734075412	0.0	-4.1633849144	68.5319976807	-42.5765991211	2.0	1.0	9.68000030518	7.84000015259	0.0	9.68000030518	0.144011361751	1.0	2
1.0	641.639709473	2.0	0.0	178.483001709	1.0	0.0	0.0	10.0	0.0	0.0	0.0	0.0	0.0	0.0	0.0	0.0	2.0	0.0	0.0	0.0	0.0	0.0	0.00323373194517	1.0	2
1.0	525.852050781	1.0	1.0	1224.99694824	1.0	1.0	15.7000002861	2.18535127012	-0.662001490593	0.633007645607	-0.401316970587	0.0	14.866902442	-3.57993507385	77.9736480713	-52.3314971924	0.219785778847	0.0	0.0	0.0	0.0	0.0	-1.0	0.0	2
1.0	1148.19995117	2.0	2.0	3580.45068359	2.0	2.0	55.2999992371	0.0	0.998022913933	-0.0332699231803	0.0533232577145	13.5035047635	28.900377189	-1.70930504799	58.0530509949	-39.3355484009	0.618598160915	5.0	5.17999982834	52.7604002953	1.0	5.17999982834	0.499348227573	1.0	2
1.0	1310.70703125	2.0	2.0	440.142028809	2.0	2.0	36.9999997616	0.0	0.0461790934205	0.993741333485	-0.10171341151	20.0991177841	7.28917604506	-9.61166572571	79.0066986084	-54.904548645	0.38893058544	3.0	5.17999982834	13.2511996031	3.0	15.3199996948	0.437662457786	1.0	2
1.0	285.713012695	1.0	1.0	637.218017578	1.0	1.0	7.63999986649	3.17660200298	-0.619482815266	0.587020754814	-0.52119833231	0.0	10.2823594892	-3.13186621666	72.148147583	-54.5849494934	0.371564439265	0.0	0.0	0.0	0.0	0.0	0.0894090560229	1.0	2
1.0	200.003005981	1.0	0.0	415.731018066	1.0	0.0	0.0	10.0	0.0	0.0	0.0	0.0	0.0	0.0	0.0	0.0	2.0	0.0	0.0	0.0	0.0	0.0	0.00323373194517	1.0	2
1.0	200.003005981	1.0	1.0	1024.99401855	1.0	1.0	8.1400001049	0.0	0.0461840257049	0.993749976158	-0.10162679106	0.0	13.620581508	-7.4089050293	77.9206542969	-54.6809997559	0.814844849858	2.0	5.17999982834	3.35119998455	3.0	15.3199996948	0.398508629027	1.0	2
1.0	1564.73608398	2.0	2.0	330.020996094	2.0	2.0	20.8399999142	0.0	-0.998025894165	0.0331817567348	-0.0533229857683	17.522169385	2.51052854303	-1.54010057449	56.6738014221	-43.5104522705	0.0880656046816	5.0	5.17999982834	25.0056003332	2.0	6.94000005722	0.985433168783	1.0	2
1.0	372.950012207	1.0	0.0	89.1780014038	1.0	0.0	0.0	10.0	0.0	0.0	0.0	0.0	0.0	0.0	0.0	0.0	2.0	0.0	0.0	0.0	0.0	0.0	0.00323373194517	0.0	2
1.0	1082.77197266	1.0	1.0	2498.71386719	2.0	1.0	25.7600002289	2.68857951994	0.0860580801964	0.603040397167	0.793055057526	0.0	25.7788541064	-1.33403992653	78.7373962402	-33.0732498169	0.478592569932	0.0	0.0	0.0	0.0	0.0	0.399247654302	1.0	2
1.0	962.986999512	3.0	2.0	1037.18798828	3.0	2.0	19.3800003529	0.0	-0.00610943278298	0.998391032219	-0.0563739798963	24.9448146021	4.87547246178	-3.80879497528	62.3338012695	-45.4861526489	0.177458017361	1.0	6.30000019073	7.01999998093	1.0	6.30000019073	0.486373816076	1.0	2
1.0	868.727050781	1.0	1.0	3819.67382812	5.0	2.0	19.7000005245	0.0	0.994935631752	0.0	-0.100514218211	0.0	36.1601242832	-5.62210512161	58.7071990967	-46.6069488525	0.479557966703	3.0	5.5	30.5399999619	1.0	5.5	0.0741315563622	1.0	2
1.0	1797.73706055	2.0	2.0	3321.79589844	3.0	2.0	57.7199999094	2.68857951994	0.0860580801964	0.603040397167	0.793055057526	26.2296089158	25.7788541064	-1.33403992653	78.7373962402	-33.0732498169	0.478592569932	0.0	0.0	0.0	0.0	0.0	0.7467109942	1.0	2
1.0	976.591796875	2.0	0.0	516.116027832	1.0	0.0	0.0	10.0	0.0	0.0	0.0	0.0	0.0	0.0	0.0	0.0	2.0	0.0	0.0	0.0	0.0	0.0	0.00323373194517	0.0	2
1.0	394.24798584	3.0	1.0	702.832702637	3.0	2.0	22.779999733	0.0	0.998985409737	-0.0365979373455	0.0262437276542	12.4967220106	11.3645263464	-0.773184001446	66.0458068848	-39.4961509705	0.00837513379363	1.0	9.18000030518	9.26000022888	1.0	9.18000030518	0.986444776797	1.0	2
1.0	976.591796875	2.0	1.0	1372.95996094	2.0	2.0	22.2199993134	3.39268325704	0.630420267582	-0.705850243568	-0.323025912046	12.3916387159	9.68054724509	-6.55475997925	80.3111495972	-60.1674499512	0.069689099842	0.0	0.0	0.0	0.0	0.0	0.251116494974	1.0	2
1.0	342.088684082	3.0	2.0	870.554016113	3.0	2.0	6.0	2.68317908758	-0.0460283234715	-0.746457159519	0.663839697838	4.50060744153	7.94605407509	-1.56123995781	63.3815536499	-37.1228485107	0.206714140609	1.0	7.36000013351	5.21999979019	0.0	7.36000013351	0.966725880425	1.0	2
1.0	274.448974609	2.0	2.0	1365.35693359	4.0	3.0	25.4799997807	0.0	0.998987436295	-0.0365989692509	0.0261648651212	7.40721208389	19.9984192036	-15.8875494003	82.2075958252	-58.067199707	0.530287086151	1.0	4.21999979019	2.98000001907	2.0	13.9200000763	0.446492082361	1.0	2
1.0	1408.03613281	2.0	1.0	84.6717987061	1.0	1.0	18.0599997044	2.66040969963	0.026128878817	0.915687859058	0.401039958	3.48393230924	0.0	-0.0311278495938	70.6335449219	-36.9849510193	0.77847762815	0.0	0.0	0.0	0.0	0.0	0.194863649709	1.0	2
1.0	909.782043457	4.0	4.0	1841.43457031	6.0	5.0	50.8599989414	0.0	-0.998985409737	0.0365979894996	-0.0262437649071	1.77487964287	2.16805032703	-3.86159515381	67.604095459	-63.2235488892	0.702051629963	4.0	4.21999979019	20.0000002384	3.0	10.7399997711	0.606911024885	1.0	2
1.0	471.49621582	3.0	3.0	851.739990234	1.0	1.0	17.7999994755	2.61599312474	0.0153444809839	0.599531590939	-0.800203979015	9.29680355422	11.7512017296	6.26992511749	76.6891479492	-43.1447982788	0.106273624667	0.0	0.0	0.0	0.0	0.0	-1.0	0.0	2
1.0	3697.49023438	7.0	6.0	1949.24206543	3.0	3.0	82.7599992752	0.0	-0.0037582591176	-0.980663239956	0.19566680491	38.017085012	7.73402721784	3.98440504074	65.582244873	-37.4762001038	0.840703307347	3.0	5.59999990463	34.240000248	0.0	15.1800003052	0.758708363189	1.0	2
1.0	2804.59423828	5.0	3.0	3223.49658203	2.0	2.0	65.439999342	2.32116139101	0.38922944665	0.503057003021	0.77164375782	38.3504375281	12.32921197	4.97822523117	75.9743041992	-32.5429496765	0.479552069851	0.0	0.0	0.0	0.0	0.0	0.853803013491	1.0	2
1.0	127.855003357	1.0	1.0	617.490478516	3.0	3.0	26.5399990082	0.0	-0.00374795799144	-0.980663001537	0.195668295026	1.57826942272	8.29648277609	6.45983982086	67.9666519165	-53.048500061	0.0889570164105	2.0	6.88000011444	14.6599998474	0.0	9.03999996185	0.47997277284	1.0	2
1.0	4688.07568359	8.0	7.0	1467.36962891	3.0	3.0	127.799999237	0.0	0.999826014042	0.0	0.0186524968594	31.7827227422	1.88203865891	3.50257492065	58.4919013977	-40.729347229	0.0360749433404	3.0	5.59999990463	27.759999752	0.0	14.6400003433	0.974308044375	1.0	2
1.0	3214.11254883	4.0	4.0	1968.45703125	3.0	3.0	76.7999989986	0.0	-0.00375825632364	-0.980662465096	0.195670500398	22.8184762245	27.4883296602	3.99409484863	85.6212463379	-37.9811019897	0.189766705871	1.0	15.1800003052	20.7600002289	0.0	15.1800003052	0.493387536766	1.0	2
1.0	4505.61279297	7.0	7.0	1649.83251953	4.0	4.0	136.459998846	0.0	-0.0037582591176	-0.980663239956	0.19566680491	38.017085012	7.73402721784	3.98440504074	65.582244873	-37.4762001038	0.840703307347	4.0	5.59999990463	27.3800001144	0.0	7.26000022888	0.968912679585	1.0	2
1.0	897.760009766	2.0	1.0	264.911010742	1.0	1.0	21.1199996471	0.0	-0.106952175498	0.204383522272	0.973030626774	16.8860552375	0.0	3.32562994957	72.272102356	-50.598449707	0.554543343874	1.0	1.12000000477	0.0	0.0	1.12000000477	-1.0	0.0	2
1.0	1690.74707031	2.0	1.0	264.911010742	1.0	1.0	21.1199996471	0.0	-0.106952175498	0.204383522272	0.973030626774	17.5900463839	0.0	3.32562994957	72.272102356	-50.598449707	0.554543343874	1.0	1.12000000477	0.0	0.0	1.12000000477	0.409540409442	1.0	2
1.0	897.760009766	2.0	2.0	556.451049805	2.0	2.0	28.3999993801	0.0	0.99350810051	0.0	0.113761425018	8.27395622842	1.11109711705	0.938477993011	56.6754989624	-44.1340026855	0.598448841828	3.0	1.12000000477	34.8000011444	1.0	16.7999992371	0.324064146774	1.0	2
1.0	1617.92675781	2.0	1.0	2640.7512207	2.0	1.0	4.19999980927	3.7712862505	0.0465694479644	0.955477237701	0.291366636753	18.1372050793	9.67180397442	1.65600001812	69.0823974609	-30.3217010498	0.844750113262	0.0	0.0	0.0	0.0	0.0	0.814542209986	1.0	2
1.0	978.628967285	2.0	2.0	2813.62402344	2.0	2.0	31.240000248	1.70844376215	0.425465404987	-0.818132340908	-0.386831521988	26.2845997635	23.5457097091	-0.399986505508	59.2480010986	-42.1260528564	0.83784633842	0.0	0.0	0.0	0.0	0.0	0.97764077109	1.0	2
1.0	1084.52697754	1.0	1.0	1835.61791992	5.0	3.0	33.6399996281	0.0	-0.99350810051	0.0	-0.113761514425	23.1097679907	2.39766632632	0.49691838026	62.8298988342	-40.1164016724	0.92476869281	4.0	12.720000267	69.4000015259	2.0	18.3199996948	0.0065916942493	1.0	2
1.0	656.195617676	2.0	1.0	315.712097168	1.0	1.0	18.1599998474	2.56302163002	-0.643527150154	0.657550990582	0.391790121794	4.35850200505	9.73074645924	-8.78530979156	80.0870513916	-49.0774497986	0.860690086153	0.0	0.0	0.0	0.0	0.0	-1.0	0.0	2
1.0	656.195617676	2.0	2.0	955.178100586	2.0	2.0	37.3000001907	1.84751456042	-0.0105529557914	-0.746147274971	0.665697276592	11.3016362219	27.1778279662	-2.17565011978	53.6277999878	-38.8054008484	0.0691497777287	0.0	0.0	0.0	0.0	0.0	0.202812632174	1.0	2
1.0	3277.65893555	8.0	7.0	1599.33886719	3.0	3.0	112.51999855	0.0	0.0849748700857	0.953442811966	-0.289354681969	15.4302196726	1.00526470877	-6.1402797699	47.1290512085	-55.3979492188	0.598008575002	5.0	1.01999998093	42.9800000191	2.0	7.76000022888	0.989968422815	1.0	2
1.0	656.195617676	2.0	2.0	422.112121582	2.0	2.0	21.0399999619	2.47545755569	-0.0849640965462	-0.953445255756	0.289349764585	20.1329564162	4.62853840074	-4.14037513733	54.0776977539	-54.6851501465	0.991778880728	0.0	0.0	0.0	0.0	0.0	0.0342639326353	1.0	2
1.0	2054.90673828	5.0	5.0	1183.5657959	3.0	3.0	58.0599994846	0.0	0.982109069824	-0.129119068384	-0.137076586485	14.8117021794	31.0316528765	-2.04059004784	59.1809997559	-47.3263015747	0.624141048462	0.0	0.0	0.0	2.0	11.8800001144	0.993029772154	1.0	2
1.0	373.718811035	2.0	2.0	2214.41381836	3.0	3.0	39.4400000572	0.0	0.982109308243	-0.129116490483	-0.137077644467	1.00528518706	23.9004336678	-16.4338493347	88.7084960938	-45.6012992859	0.0647543094759	1.0	1.01999998093	1.0	2.0	7.76000022888	0.283384064236	1.0	2
1.0	3145.15405273	8.0	8.0	2371.30981445	4.0	4.0	167.63999939	0.0	0.0849748700857	0.953442811966	-0.289354681969	15.4302196726	1.00526470877	-6.1402797699	47.1290512085	-55.3979492188	0.598008575002	5.0	1.01999998093	39.1799998283	3.0	11.8800001144	0.965185245291	1.0	2
1.0	1338.40783691	4.0	4.0	2815.50488281	4.0	4.0	103.540000916	0.0	-0.982108712196	0.129120334983	0.137077942491	5.16619446277	0.0	-4.61926460266	50.0227012634	-50.3673019409	0.951798030423	2.0	1.01999998093	7.51999998093	2.0	7.76000022888	0.887724094566	1.0	2
1.0	565.069396973	2.0	0.0	196.688812256	1.0	0.0	0.0	10.0	0.0	0.0	0.0	0.0	0.0	0.0	0.0	0.0	2.0	0.0	0.0	0.0	0.0	0.0	0.00323373194517	0.0	2
1.0	594.111633301	3.0	2.0	80.8308029175	1.0	1.0	12.6799995899	0.0	-0.998190402985	0.0287185292691	-0.0528307259083	6.97510698376	1.64664492973	0.0860555022955	58.4414520264	-46.1804504395	0.538971164727	1.0	8.06000041962	8.39999961853	0.0	8.06000041962	0.101565190227	1.0	2
1.0	1119.11279297	2.0	2.0	4178.43603516	4.0	4.0	76.0799996853	0.0	0.0412267819047	0.994554877281	-0.0957130491734	15.6767156295	29.0976198552	-0.247631013393	68.3120498657	-42.9852981567	0.790652956641	2.0	7.38000011444	14.4600000381	0.0	7.61999988556	0.38648915131	1.0	2
1.0	674.942443848	3.0	2.0	266.603790283	2.0	2.0	9.11999988556	2.33803125148	0.0412281900644	0.994547843933	-0.0957853794098	9.7535977596	10.6205301789	2.29411506653	78.5597991943	-45.2603988647	0.0282417344861	1.0	11.7399997711	7.73999977112	0.0	11.7399997711	0.0751873353336	1.0	2
1.0	305.56842041	1.0	1.0	456.189819336	2.0	1.0	21.4000003338	1.17731474681	-0.0526254363358	0.0821714922786	0.995227813721	12.391460468	9.40331382657	0.492351472378	64.3763427734	-40.4695510864	0.997956749089	0.0	0.0	0.0	0.0	0.0	0.175412998926	1.0	2
1.0	505.149688721	2.0	2.0	728.986999512	1.0	1.0	32.7800002098	2.37246076465	0.0124420132488	-0.251131027937	-0.967873156071	13.9325203961	0.0	-4.08900499344	73.8047485352	-40.9689483643	0.386567370599	0.0	0.0	0.0	0.0	0.0	-1.0	0.0	2
1.0	505.149688721	2.0	2.0	2339.78710938	2.0	2.0	43.8800005913	2.37246076465	0.0124420132488	-0.251131027937	-0.967873156071	13.9325203961	32.0246045145	-4.08900499344	73.8047485352	-40.9689483643	0.386567370599	0.0	0.0	0.0	0.0	0.0	0.125025873466	1.0	2
1.0	505.149688721	2.0	2.0	988.83203125	2.0	2.0	47.5000004768	2.04084542035	0.0315166637301	-0.996783554554	-0.073683783412	15.636311692	9.42948998085	-4.52880477905	57.476348877	-48.857749939	0.648440965043	0.0	0.0	0.0	0.0	0.0	0.153036169127	1.0	2
1.0	505.149688721	2.0	2.0	1632.5390625	3.0	2.0	34.740000248	0.0	0.0288454089314	-0.963136732578	0.267461448908	2.99745910297	18.8748898188	-4.70932006836	61.3083992004	-36.0512504578	0.504959093534	1.0	14.5600004196	15.3199996948	0.0	14.5600004196	0.0171369725501	1.0	2
1.0	1267.97998047	2.0	1.0	497.364990234	1.0	1.0	23.3799991608	3.42487959267	0.0398134738207	0.759525477886	0.64925801754	27.0174249523	3.59793342571	-6.4757900238	71.808303833	-45.6642990112	0.89357903091	0.0	0.0	0.0	0.0	0.0	-1.0	0.0	2
1.0	1418.13708496	3.0	2.0	1812.23901367	2.0	1.0	50.1799988747	3.33607557668	-0.528306245804	0.658636391163	-0.535808384418	19.4251378643	2.64357262226	-12.0093450546	74.1707992554	-60.9692001343	0.415749927799	0.0	0.0	0.0	0.0	0.0	0.223089992181	1.0	2
1.0	1513.74902344	3.0	2.0	497.364990234	1.0	1.0	31.5999994278	2.96052874559	-0.0591635704041	0.256187081337	-0.964814960957	0.0	0.0	-3.96548509598	75.6923980713	-34.7009506226	0.232519396122	0.0	0.0	0.0	0.0	0.0	0.0694236426055	1.0	2
1.0	1915.5020752	4.0	4.0	3223.39892578	3.0	3.0	73.6399998665	0.0	0.0130829419941	-0.9769282341	0.213166818023	23.0413099057	32.7543786887	-6.205909729	58.9398498535	-41.2630004883	0.361966135311	1.0	12.0	12.7399997711	0.0	12.0	0.38527072478	1.0	2
1.0	1267.97998047	2.0	1.0	743.133972168	2.0	2.0	23.5387991667	1.33624848433	0.0458510443568	0.662367522717	0.747774660587	23.3965950195	15.9504068535	-6.88566493988	59.6302490234	-37.3610992432	0.122699412982	0.0	0.0	0.0	0.0	0.0	0.0694236426055	1.0	2
1.0	475.35333252	2.0	1.0	1385.78210449	1.0	1.0	9.65999984741	2.77738366722	-0.403105705976	0.843766868114	0.354349076748	2.21196769233	14.2958121167	-14.8127498627	84.1625518799	-50.1445999146	0.227998066395	0.0	0.0	0.0	0.0	0.0	-1.0	0.0	2
1.0	779.464111328	3.0	2.0	376.390991211	2.0	1.0	0.0	10.0	0.0	0.0	0.0	0.0	0.0	0.0	0.0	0.0	2.0	2.0	18.1200008392	27.1600008011	2.0	27.3799991608	0.992634376453	1.0	2
1.0	81.6214981079	1.0	1.0	3904.02685547	6.0	1.0	7.55999994278	3.7839529922	0.237374231219	-0.0660973191261	0.969166994095	0.0	17.0751476311	-5.93254470825	60.529296875	-57.0615005493	0.74901003347	0.0	0.0	0.0	0.0	0.0	0.385117479848	1.0	2
1.0	512.786987305	3.0	3.0	4611.12939453	4.0	3.0	51.159999609	0.0	0.994902312756	0.0	-0.100843206048	14.4723669473	2.18380900756	-4.77069473267	52.7276000977	-36.7109489441	0.539735543026	4.0	10.720000267	52.0799999237	4.0	27.3799991608	0.757961361294	1.0	2
1.0	794.509765625	4.0	4.0	2169.45117188	4.0	2.0	33.3400001526	1.44836458189	0.00919556617737	-0.994017601013	0.108832001686	21.4529330914	12.3858909565	-3.72213506699	61.6049003601	-44.071849823	0.660750910932	1.0	18.1200008392	7.96000003815	2.0	27.3799991608	0.971883587187	1.0	2
1.0	441.672607422	4.0	4.0	5466.68359375	4.0	3.0	70.5199992657	0.0	0.00919061247259	-0.994022786617	0.108785286546	17.0751850351	6.0786611361	-5.60713005066	55.0810012817	-40.023147583	0.848610320815	3.0	7.86000013351	23.9199995995	1.0	18.1200008392	0.437662049638	1.0	2
1.0	831.80682373	5.0	4.0	526.467041016	3.0	2.0	30.6599993706	0.0	-0.994902312756	0.0	0.100843206048	14.5320904886	9.53530729481	-4.77069473267	52.7276000977	-36.7109489441	0.539735543026	2.0	8.43999958038	21.0399999619	0.0	10.720000267	0.99802381879	1.0	2
1.0	475.35333252	2.0	1.0	2775.22216797	1.0	1.0	22.120000124	2.54899200263	0.0771679952741	0.398837953806	0.913768768311	5.01092302201	20.9088007591	-8.45148468018	81.2878036499	-47.3348464966	0.373233684824	0.0	0.0	0.0	0.0	0.0	0.110291555194	1.0	2
1.0	1143.73132324	2.0	2.0	1244.30712891	3.0	2.0	35.6999993324	0.0	-0.994902431965	0.0	0.100842297077	4.12962617798	20.4090131533	-13.0771999359	86.8804016113	-42.778049469	0.112040340937	5.0	10.8800001144	58.0799999237	3.0	18.1200008392	0.985734996747	1.0	2
1.0	184.302993774	1.0	1.0	1691.14294434	1.0	1.0	28.6399993896	2.21121235679	0.0414405316114	-0.0286955609918	0.998728811741	3.44936791724	2.60594314848	-2.83851003647	81.1943511963	-44.3334999084	0.519138661421	0.0	0.0	0.0	0.0	0.0	-1.0	0.0	2
1.0	1700.11083984	3.0	3.0	2940.33447266	5.0	5.0	97.2799985409	0.0	-0.0472746230662	0.972083747387	-0.229822337627	14.0196564152	26.3454115102	-7.07567024231	87.1119995117	-38.292350769	0.190295115929	10.0	3.59999990463	92.539200604	6.0	24.7199993134	0.97879558155	1.0	2
1.0	184.302993774	1.0	1.0	3396.43847656	3.0	3.0	63.0999994278	2.21121235679	0.0414405316114	-0.0286955609918	0.998728811741	3.44936791724	35.3613086425	-2.83851003647	81.1943511963	-44.3334999084	0.519138661421	0.0	0.0	0.0	0.0	0.0	0.370046521433	1.0	2
1.0	760.032043457	2.0	2.0	253.448410034	2.0	2.0	8.77999973297	3.00609716078	-0.0762122198939	-0.99522960186	0.0609077848494	1.06080169783	10.204437158	-3.11647987366	67.9502487183	-50.8824996948	0.50047421894	1.0	15.4399995804	12.0399999619	1.0	15.4399995804	0.73115380751	1.0	2
1.0	688.18939209	2.0	2.0	3641.68701172	5.0	3.0	9.84639978409	0.0	-0.0472553558648	0.972107410431	-0.229726091027	14.5555928476	25.3322784155	-3.82167005539	66.5082015991	-30.2710990906	0.762949259539	5.0	6.13999986649	39.5	5.0	11.8000001907	0.900323737753	1.0	2
1.0	761.566040039	3.0	3.0	4139.85058594	7.0	4.0	50.7664003372	0.0	0.0472553558648	-0.972107410431	0.229726091027	0.0	25.2944763746	-3.82167005539	66.5082015991	-30.2710990906	0.762949259539	8.0	1.0	80.720000267	5.0	15.4399995804	0.84859840394	1.0	2
1.0	664.372009277	2.0	2.0	452.473999023	2.0	2.0	5.30000019073	2.39461060435	-0.0517002753913	0.360955566168	-0.931148827076	3.62694040138	2.09323403077	-1.88027000427	66.8572998047	-34.4777984619	0.134064691321	2.0	11.9200000763	22.3000006676	0.0	22.6599998474	0.97973334322	1.0	2
1.0	313.186004639	1.0	1.0	585.119995117	1.0	1.0	25.8800001144	2.77271349416	-0.257054775953	-0.311904639006	-0.914679348469	0.0	0.0	-1.21799945831	81.3790512085	-49.0956001282	0.0249320134209	0.0	0.0	0.0	0.0	0.0	-1.0	0.0	2
1.0	1389.94091797	4.0	3.0	1298.55200195	2.0	2.0	49.7539999783	0.0	0.993543446064	0.113418519497	0.00275279441848	1.98725795149	20.9293407378	-1.47525203228	58.3763504028	-30.7335510254	0.222291544328	3.0	4.96000003815	25.5800004005	3.0	12.1599998474	0.792326142042	1.0	2
1.0	1568.27709961	3.0	3.0	1613.2779541	3.0	3.0	52.3140001595	0.0	0.993542850018	0.113424226642	0.00275123887695	4.99042950095	1.22501340038	-23.7049999237	75.1833496094	-64.7567520142	0.363939872558	1.0	10.779999733	11.4399995804	2.0	14.8800001144	0.971164510958	1.0	2
1.0	585.119995117	1.0	1.0	170.957000732	1.0	1.0	12.6800003052	2.93624753833	0.112825803459	-0.988270461559	-0.10291672498	1.63719342593	1.12592155158	-1.55591499805	74.4985961914	-53.8511505127	0.546368797016	0.0	0.0	0.0	0.0	0.0	0.296041735809	1.0	2
1.0	548.153991699	1.0	1.0	2722.92089844	3.0	3.0	48.4424004555	0.0	-0.993543446064	-0.113418519497	-0.00275279441848	2.69583117195	23.4999055268	-1.47525203228	58.3763504028	-30.7335510254	0.222291544328	1.0	12.1599998474	14.5600004196	1.0	12.1599998474	0.43986907033	1.0	2
1.0	725.17199707	1.0	0.0	684.539978027	1.0	0.0	0.0	10.0	0.0	0.0	0.0	0.0	0.0	0.0	0.0	0.0	2.0	0.0	0.0	0.0	0.0	0.0	0.00323373194517	0.0	2
1.0	906.225952148	3.0	1.0	684.539978027	1.0	1.0	0.0	10.0	0.0	0.0	0.0	0.0	0.0	0.0	0.0	0.0	2.0	1.0	18.5200004578	13.0799999237	1.0	18.5200004578	0.0570669315724	1.0	2
1.0	3055.48413086	3.0	3.0	3535.13818359	4.0	4.0	77.75	0.0	-0.0588462352753	-0.984737038612	0.16379879415	35.4200717536	23.9055871248	-17.6377487183	88.358505249	-51.1554031372	0.272044697768	2.0	18.5200004578	47.0199985504	3.0	24.7600002289	0.9702551137	1.0	2
1.0	2215.89599609	3.0	3.0	1766.56689453	4.0	4.0	83.5599994659	0.0	0.0588167794049	0.984723269939	-0.163892358541	14.7620741197	3.1272856555	-1.41422510147	53.6719970703	-33.9058532715	0.28415409321	3.0	10.720000267	57.7799987793	1.0	24.7600002289	0.545027135965	1.0	2
1.0	670.568054199	3.0	3.0	2948.53417969	5.0	2.0	62.9200000763	0.0	0.0588167794049	0.984723269939	-0.163892358541	22.2203025416	3.1272856555	-1.41422510147	53.6719970703	-33.9058532715	0.28415409321	1.0	10.720000267	10.7600002289	0.0	10.720000267	0.992949939095	1.0	2
1.0	725.17199707	1.0	0.0	72.3239974976	1.0	0.0	0.0	10.0	0.0	0.0	0.0	0.0	0.0	0.0	0.0	0.0	2.0	0.0	0.0	0.0	0.0	0.0	0.00323373194517	1.0	2
1.0	1812.17602539	2.0	2.0	948.317993164	3.0	3.0	48.4799993038	0.0	0.992685616016	-0.0704797506332	-0.0980191901326	3.76269670639	15.6977216384	-1.24020552635	73.3787002563	-31.0790500641	0.887595346369	2.0	7.26000022888	28.0199995041	0.0	18.5200004578	0.978310753708	1.0	2
1.0	592.343994141	2.0	1.0	887.348999023	1.0	1.0	31.5	2.75116159008	-0.0338004976511	0.609447956085	0.792105257511	16.8017689887	12.6741493815	-9.94458580017	81.8014068604	-59.6051483154	0.988655284509	0.0	0.0	0.0	0.0	0.0	-1.0	0.0	3
1.0	4622.96533203	5.0	3.0	2920.39135742	4.0	4.0	118.160001755	0.0	-0.999275803566	-0.0343800373375	-0.0163056347519	31.5430463163	16.4169009318	-21.9051017761	81.5174026489	-56.3201522827	0.814241646314	1.0	6.94000005722	6.80000019073	1.0	16.5599994659	0.971168188188	1.0	3
1.0	1269.68151855	3.0	2.0	4209.56298828	1.0	1.0	66.8599995375	2.75116159008	-0.0338004976511	0.609447956085	0.792105257511	16.8017689887	22.5639101809	-9.94458580017	81.8014068604	-59.6051483154	0.988655284509	0.0	0.0	0.0	0.0	0.0	0.598790803003	1.0	3
1.0	3229.46411133	3.0	2.0	2196.88500977	1.0	1.0	72.9600000381	0.0	0.0314195156097	-0.976059615612	0.215221822262	39.1046966445	5.59792549484	-3.35862493515	82.4010467529	-46.2509498596	0.704103797761	1.0	9.81999969482	11.220000267	1.0	9.81999969482	0.989556701434	1.0	3
1.0	3805.20092773	3.0	2.0	2291.84692383	2.0	2.0	84.8800001144	0.0	0.0314195156097	-0.976059615612	0.215221822262	32.4281132428	5.59792549484	-3.35862493515	82.4010467529	-46.2509498596	0.704103797761	1.0	9.81999969482	11.220000267	1.0	9.81999969482	0.53663273125	1.0	3
1.0	887.348999023	1.0	1.0	592.343994141	2.0	1.0	31.5	2.75116159008	0.0338004976511	-0.609447956085	-0.792105257511	12.6741493815	16.8017689887	-9.94458580017	81.8014068604	-59.6051483154	0.988655284509	0.0	0.0	0.0	0.0	0.0	0.0867927730863	1.0	3
1.0	2257.9609375	5.0	3.0	1546.23498535	3.0	3.0	61.360001564	0.0	0.999277293682	0.0343800038099	0.0162181872874	30.5375949154	20.4005459022	-1.03372848034	71.0615005493	-60.5400009155	0.355729538341	1.0	6.94000005722	6.80000019073	1.0	16.5599994659	0.98194897263	1.0	3
1.0	563.465026855	1.0	0.0	1624.94238281	1.0	0.0	0.0	10.0	0.0	0.0	0.0	0.0	0.0	0.0	0.0	0.0	2.0	0.0	0.0	0.0	0.0	0.0	0.00323373194517	0.0	3
1.0	2309.04711914	7.0	6.0	6388.38574219	7.0	4.0	73.2080013752	0.0	-0.999529957771	0.0	-0.0306581389159	39.438114655	27.7420808411	-1.25087702274	83.3345031738	-46.1946487427	0.978047737103	9.0	11.0600004196	71.9652001858	9.0	32.0800018311	0.964792184783	1.0	3
1.0	1811.80615234	5.0	3.0	3983.48071289	5.0	3.0	26.3199996948	2.81136443208	-0.0273020304739	0.454289376736	0.890435695648	31.9770376231	26.5937629979	0.349853515625	76.9371948242	-46.1981964111	0.904798732085	3.0	16.2999992371	31.0000009537	1.0	16.2999992371	0.76388117198	1.0	3
1.0	4995.65771484	6.0	2.0	4068.05566406	7.0	6.0	103.980000496	0.0	0.99953275919	0.0	0.0305656660348	22.3167640478	13.1110331233	0.108276501298	69.891998291	-20.9193000793	0.450423334418	10.0	12.1199998856	55.591201216	5.0	32.0800018311	0.993708757074	1.0	3
1.0	547.465026855	2.0	2.0	2446.59838867	3.0	3.0	33.6799995899	0.0	0.00328620593064	0.994232535362	-0.107195571065	9.22640155794	2.08046980414	0.105064496398	51.1094512939	-38.2150001526	0.267607954501	4.0	11.0600004196	25.2392000258	4.0	15.9799995422	0.0114253031408	1.0	3
1.0	2860.72631836	3.0	3.0	2664.2253418	3.0	3.0	99.4679994583	0.0	0.999529957771	0.0	0.0306581389159	20.9492496457	16.9517210604	-1.25087702274	83.3345031738	-46.1946487427	0.978047737103	5.0	9.72000026703	33.8467998505	2.0	18.1000003815	0.394434326202	1.0	3
1.0	1348.69702148	4.0	4.0	5024.40576172	4.0	3.0	93.3399996758	0.0	-0.00326735060662	-0.994232594967	0.107195578516	8.05444843178	21.0515729026	-18.2276000977	76.105255127	-66.7440948486	0.852140192234	10.0	9.72000026703	67.5792008638	5.0	18.1000003815	0.969577995981	1.0	3
1.0	949.761352539	2.0	2.0	4416.38037109	3.0	2.0	86.1599988937	2.58497966072	-0.496943086386	0.64305049181	0.582695186138	3.66457784911	15.9813319103	-17.8282012939	83.8778533936	-62.3684997559	0.689600533912	0.0	0.0	0.0	0.0	0.0	0.731153303736	1.0	3
1.0	1168.89160156	3.0	3.0	1164.5612793	4.0	2.0	21.6000003815	0.0	0.00328678404912	0.994222164154	-0.107291810215	10.8894248814	16.3357434589	0.0631942972541	52.2171516418	-36.8494491577	0.322705071967	3.0	12.1199998856	34.4800004959	3.0	20.9200000763	0.968885785358	1.0	3
1.0	182.188598633	2.0	0.0	403.939208984	1.0	0.0	0.0	10.0	0.0	0.0	0.0	0.0	0.0	0.0	0.0	0.0	2.0	0.0	0.0	0.0	0.0	0.0	0.00323373194517	0.0	3
1.0	1243.43469238	4.0	1.0	612.961486816	4.0	1.0	0.0	10.0	0.0	0.0	0.0	0.0	0.0	0.0	0.0	0.0	2.0	1.0	14.9200000763	7.46000003815	0.0	14.9200000763	0.178251272665	1.0	3
1.0	1227.61328125	5.0	3.0	1876.11816406	2.0	2.0	35.4000000954	2.34076908009	0.15493516624	0.139874473214	-0.977972507477	10.0108662473	12.5991107642	-3.07815003395	52.7246017456	-36.8319473267	0.223669557323	2.0	18.6000003815	17.8763995171	0.0	29.2399997711	0.731358019702	1.0	3
1.0	83.3061981201	1.0	1.0	717.112609863	3.0	1.0	11.3400001526	2.58197215326	0.156871452928	-0.645600497723	0.747389674187	0.0	9.28244914272	-2.93751478195	64.109703064	-29.4454994202	0.481649780568	0.0	0.0	0.0	0.0	0.0	0.105079661378	1.0	3
1.0	1168.51757812	3.0	3.0	2006.84020996	3.0	3.0	74.4200000763	2.34076908009	0.15493516624	0.139874473214	-0.977972507477	20.9469902803	12.5991107642	-3.07815003395	52.7246017456	-36.8319473267	0.223669557323	0.0	0.0	0.0	0.0	0.0	0.807779563395	1.0	3
1.0	589.518005371	1.0	1.0	721.976013184	1.0	1.0	13.2600002289	2.52525844951	0.0432475097477	0.823409795761	0.565796792507	17.8636860304	16.2240599209	-5.8410949707	71.9354476929	-56.6924514771	0.0760102174191	0.0	0.0	0.0	0.0	0.0	-1.0	0.0	3
1.0	3626.86230469	10.0	10.0	3455.40185547	4.0	3.0	108.082800031	0.0	0.0335592105985	0.986688971519	-0.159118399024	24.4937462647	1.77336310178	-2.32303500175	47.5011978149	-44.6992492676	0.827505387526	12.0	5.96000003815	129.720000744	2.0	14.3400001526	0.989137674298	1.0	3
1.0	1683.38171387	5.0	5.0	4499.40527344	5.0	3.0	74.1628004313	0.0	-0.999265551567	0.0309859979898	0.0225450862199	8.70634734258	12.7152516193	-5.1094250679	57.6368484497	-22.4738502502	0.924552976355	8.0	5.96000003815	82.6600008011	1.0	6.96000003815	0.837019041124	1.0	3
1.0	2877.50024414	9.0	8.0	2642.30175781	6.0	4.0	96.5	0.0	-0.999265551567	0.0309859979898	0.0225450862199	13.584926271	3.60426206987	-5.1094250679	57.6368484497	-22.4738502502	0.924552976355	6.0	5.96000003815	49.8600006104	1.0	14.3400001526	0.985241277083	1.0	3
1.0	1016.01000977	4.0	3.0	890.33001709	2.0	2.0	38.5	0.0	-0.999265551567	0.0309859868139	0.0225432477891	28.1517386714	2.73233984645	-4.82224464417	51.6173477173	-46.7762489319	0.769310165473	3.0	5.96000003815	27.3600006104	0.0	15.2399997711	0.967818276376	1.0	3
1.0	1833.00891113	5.0	2.0	662.439331055	1.0	1.0	39.1399998665	0.0	0.999265551567	-0.0309859868139	-0.0225432477891	6.45591559859	0.0	-4.82224464417	51.6173477173	-46.7762489319	0.423760370882	2.0	15.2399997711	32.2400007248	0.0	15.8999996185	0.549030500909	1.0	3
1.0	1574.61328125	2.0	1.0	404.389007568	1.0	1.0	21.6800003052	2.62975280644	-0.147206261754	0.989097177982	-0.00413595233113	23.3212714398	0.0	-2.99537992477	70.3211975098	-50.2196998596	0.325702505761	0.0	0.0	0.0	0.0	0.0	-1.0	0.0	3
1.0	3432.28125	8.0	8.0	5575.67138672	3.0	3.0	81.8080000579	0.0	0.999437451363	0.0	-0.0335377529263	38.075114957	22.4838146624	-8.74123954773	82.1154022217	-38.0194473267	0.580566300537	9.0	9.96000003815	140.319999695	2.0	19.9400005341	0.997187530297	1.0	3
1.0	1745.55297852	4.0	2.0	2105.97021484	3.0	1.0	11.3399996758	0.0	-0.999440491199	0.0	0.0334466956556	19.1326735543	4.06707813952	-19.7156486511	72.4311981201	-65.4304046631	0.488674094844	0.0	0.0	0.0	1.0	13.5	0.677227313092	1.0	3
1.0	3824.61328125	6.0	6.0	5335.91699219	3.0	3.0	106.5700012	0.0	0.999437451363	0.0	-0.0335377529263	38.075114957	22.4838146624	-8.74123954773	82.1154022217	-38.0194473267	0.580566300537	5.0	11.720000267	79.6000003815	1.0	19.9400005341	0.999256544353	1.0	3
1.0	198.958999634	1.0	0.0	513.234985352	1.0	0.0	0.0	10.0	0.0	0.0	0.0	0.0	0.0	0.0	0.0	0.0	2.0	0.0	0.0	0.0	0.0	0.0	0.00323373194517	1.0	3
1.0	3095.74584961	5.0	5.0	1954.13623047	4.0	4.0	92.2480007112	0.0	-0.999440491199	0.0	0.0334466956556	19.1326735543	13.7991933867	-19.7156486511	72.4311981201	-65.4304046631	0.488674094844	2.0	12.5399999619	36.3799991608	1.0	13.5	0.985846686054	1.0	3
1.0	967.773193359	2.0	2.0	1524.46398926	2.0	1.0	51.4399981499	0.0	0.999440491199	0.0	-0.0334466956556	4.06707813952	1.01666875321	-19.7156486511	72.4311981201	-65.4304046631	0.488674094844	0.0	0.0	0.0	1.0	13.5	0.513075323615	1.0	3
1.0	3356.36303711	5.0	4.0	1693.5189209	4.0	4.0	89.8200005293	0.0	-0.00764432316646	0.965339004993	-0.260887295008	2.00156611968	14.6598204964	-4.90762042999	66.9484558105	-28.6793498993	0.723743842999	3.0	6.46000003815	30.8399996758	1.0	6.46000003815	0.970613605157	1.0	3
1.0	1781.75	4.0	3.0	2016.66210938	4.0	4.0	71.6000002623	0.0	-0.00764432316646	0.965339004993	-0.260887295008	2.00156611968	14.6598204964	-4.90762042999	66.9484558105	-28.6793498993	0.723743842999	3.0	6.46000003815	30.8399996758	1.0	6.46000003815	0.932120301154	1.0	3
1.0	672.481018066	2.0	0.0	247.66619873	2.0	0.0	0.0	10.0	0.0	0.0	0.0	0.0	0.0	0.0	0.0	0.0	2.0	0.0	0.0	0.0	0.0	0.0	0.00323373194517	1.0	3
