valid	volumeS1	connectedComponentsS1	connectedComponentsS1Rel	volumeS2	connectedComponentsS2	connectedComponentsS2Rel	corticalSize	distanceMin	direction_x	direction_y	direction_z	distanceToExtremity1	distanceToExtremity2	gravityCenter_x	gravityCenter_y	gravityCenter_z	corticalDotProduct	junctions	junctionDepthMin	junctionsSize	plisDePassage	plisDePassageDepthMax	Potential	Class	cycle
1.0	461.186004639	1.0	0.0	980.444946289	1.0	0.0	0.0	10.0	0.0	0.0	0.0	0.0	0.0	0.0	0.0	0.0	2.0	0.0	0.0	0.0	0.0	0.0	3.32853558443e-09	0.0	1
1.0	4136.78125	4.0	3.0	4237.93212891	8.0	3.0	51.2999992371	0.0	-0.0584406927228	-0.987322866917	0.14757438004	22.0891399497	29.5347764221	-4.28244018555	48.4288024902	-44.4084510803	0.355751007354	2.0	13.1999998093	25.6400003433	2.0	13.3599996567	0.979143412527	1.0	1
1.0	3984.4921875	6.0	2.0	497.764892578	3.0	1.0	50.6999988556	2.27885279706	-0.0668385177851	-0.63516587019	-0.769478321075	29.0395505899	15.4822298935	-16.6978492737	80.4565429688	-65.8414001465	0.0436755853747	0.0	0.0	0.0	0.0	0.0	0.921012292534	1.0	1
1.0	4584.66650391	5.0	1.0	3408.56738281	7.0	2.0	22.6399993896	2.27885279706	-0.0668385177851	-0.63516587019	-0.769478321075	28.9370281901	45.6264579642	-16.6978492737	80.4565429688	-65.8414001465	0.0436755853747	0.0	0.0	0.0	0.0	0.0	0.991023689787	1.0	1
1.0	461.186004639	1.0	1.0	118.064002991	1.0	1.0	10.6599998474	3.30998494378	-0.732278645039	0.116648770869	-0.67094039917	0.0	0.0	-7.84169006348	67.8152999878	-70.3396987915	0.177570141369	0.0	0.0	0.0	0.0	0.0	0.0657808745565	1.0	1
1.0	461.186004639	1.0	0.0	2096.0559082	3.0	0.0	0.0	10.0	0.0	0.0	0.0	0.0	0.0	0.0	0.0	0.0	2.0	0.0	0.0	0.0	0.0	0.0	3.32853558443e-09	1.0	1
1.0	995.132446289	2.0	1.0	1095.57092285	1.0	1.0	20.3799996376	2.20487192573	-0.272765308619	-0.553302407265	-0.787055015564	7.61105487357	0.0	-10.1741695404	76.1194458008	-59.3100509644	0.420913980408	0.0	0.0	0.0	0.0	0.0	-1.0	0.0	1
1.0	3094.06518555	4.0	3.0	2700.01000977	6.0	5.0	104.753200769	0.0	0.995591282845	-0.0936356261373	0.00550989573821	34.9549213228	6.33112430836	-2.79146003723	56.8922996521	-36.689201355	0.997148278677	4.0	3.55999994278	28.6999995708	4.0	11.3400001526	0.989391085015	1.0	1
1.0	1246.39111328	5.0	1.0	1651.46936035	4.0	1.0	2.09999990463	3.33622536768	-0.00926203653216	-0.131756067276	-0.991238892078	30.9966799538	10.8495896344	-4.51985502243	55.3213500977	-42.2755508423	0.938839055899	0.0	0.0	0.0	0.0	0.0	0.462885484891	1.0	1
1.0	3896.34985352	6.0	5.0	4836.41601562	6.0	5.0	120.433200359	0.0	-0.995591282845	0.0936356261373	-0.00550989573821	35.2429685998	2.08636792134	-2.79146003723	56.8922996521	-36.689201355	0.0595233362465	6.0	3.55999994278	50.9199998379	5.0	19.9799995422	0.995934334313	1.0	1
1.0	1027.56970215	3.0	1.0	395.324005127	2.0	1.0	8.76000022888	0.0	-0.105046629906	-0.992555558681	-0.0616337098181	0.992888040911	2.10337465757	-18.4014511108	73.1687469482	-65.0538024902	0.782141091455	1.0	12.4600000381	10.8999996185	0.0	12.4600000381	0.124593218954	1.0	1
1.0	2188.95922852	4.0	2.0	3667.13476562	5.0	5.0	72.42000103	0.0	-0.995599925518	0.0935385450721	-0.00560050318018	9.21122406128	26.7043697269	-27.9846000671	57.6465530396	-66.1071472168	0.767073075897	3.0	8.56000041962	29.8000001907	0.0	12.2600002289	0.991946350662	1.0	1
1.0	497.643310547	3.0	3.0	2911.00292969	4.0	3.0	69.9600000381	0.0	-0.995599925518	0.0935385450721	-0.00560050318018	9.21122406128	26.7043697269	-27.9846000671	57.6465530396	-66.1071472168	0.699702016524	2.0	8.06000041962	14.7600002289	0.0	8.56000041962	0.517915180929	1.0	1
1.0	992.278442383	6.0	6.0	935.198913574	3.0	2.0	72.9200005531	0.0	-0.995599925518	0.0935385450721	-0.00560050318018	9.21122406128	0.0	-27.9846000671	57.6465530396	-66.1071472168	0.699702016524	2.0	8.06000041962	16.5399999619	0.0	10.8000001907	0.987583941739	1.0	1
1.0	1374.61340332	2.0	1.0	1095.57092285	1.0	1.0	20.3799996376	2.20487192573	-0.272765308619	-0.553302407265	-0.787055015564	7.61105487357	0.0	-10.1741695404	76.1194458008	-59.3100509644	0.420913980408	0.0	0.0	0.0	0.0	0.0	0.0789369317724	1.0	1
1.0	1221.00415039	2.0	1.0	1081.19494629	1.0	1.0	8.69999980927	3.55974713424	-0.300622016191	-0.857145905495	-0.418243139982	8.30652803052	0.0	-9.40958499908	57.2868003845	-76.7564544678	0.203912937024	0.0	0.0	0.0	0.0	0.0	-1.0	0.0	1
1.0	2644.80371094	5.0	3.0	2393.97583008	6.0	3.0	40.8639983013	0.0	0.0334177687764	0.984706580639	-0.170985803008	4.75336079253	33.9558912335	-25.8295497894	79.6522521973	-60.4437026978	0.86202235899	2.0	6.86000013351	14.5599999428	0.0	10.0600004196	0.989800373072	1.0	1
1.0	1221.00415039	2.0	0.0	922.190979004	1.0	0.0	0.0	10.0	0.0	0.0	0.0	0.0	0.0	0.0	0.0	0.0	2.0	0.0	0.0	0.0	0.0	0.0	3.32853558443e-09	1.0	1
1.0	5799.28417969	6.0	5.0	4639.48974609	7.0	5.0	182.323996909	0.0	-0.0334272794425	-0.984706878662	0.170982390642	34.8989724924	2.10724208461	-3.29473495483	75.9307556152	-38.4398002625	0.903387507543	6.0	4.48000001907	45.9599995613	3.0	4.48000001907	0.998544189461	1.0	1
1.0	462.315002441	2.0	2.0	937.172241211	3.0	3.0	32.8399991989	0.0	-0.999348402023	0.034606359899	0.0102549968287	5.90382345242	2.3812660259	-2.44189500809	54.2674026489	-43.7564506531	0.968445662285	2.0	4.48000001907	12.4600000381	2.0	13.3800001144	0.207863571643	1.0	1
1.0	1986.55566406	3.0	2.0	1412.98291016	4.0	2.0	10.740000248	2.63191946035	-0.0338702984154	-0.756978392601	-0.652561485767	19.9198847977	15.3760219947	-1.75118994713	55.5899009705	-35.8489494324	0.943068774521	0.0	0.0	0.0	0.0	0.0	0.986212417614	1.0	1
1.0	1809.61999512	1.0	1.0	2143.1953125	3.0	1.0	33.2599983215	0.0	-0.0334272794425	-0.984706878662	0.170982390642	17.3733733322	2.10724208461	-3.29473495483	75.9307556152	-38.4398002625	0.903387507543	1.0	4.48000001907	4.61999988556	1.0	4.48000001907	0.13107747525	1.0	1
1.0	525.852050781	1.0	0.0	555.594970703	1.0	0.0	0.0	10.0	0.0	0.0	0.0	0.0	0.0	0.0	0.0	0.0	2.0	0.0	0.0	0.0	0.0	0.0	3.32853558443e-09	0.0	1
1.0	3123.85986328	10.0	5.0	6216.65966797	7.0	7.0	167.415199757	0.0	0.0461790934205	0.993741333485	-0.10171341151	27.2890780026	7.28917604506	-9.61166572571	79.0066986084	-54.904548645	0.38893058544	12.0	6.94000005722	149.510800719	2.0	12.3199996948	0.97038365416	1.0	1
1.0	1689.76855469	8.0	2.0	6067.99902344	5.0	1.0	0.0	2.18535127012	-0.662001490593	0.633007645607	-0.401316970587	29.1405548993	5.34222340642	-3.57993507385	77.9736480713	-52.3314971924	0.219785778847	1.0	18.1800003052	17.5200004578	1.0	15.3199996948	0.187595264098	1.0	1
1.0	2295.98168945	10.0	5.0	4298.82861328	5.0	5.0	76.300000906	0.0	0.0461977906525	0.993750333786	-0.101616859436	21.9673741956	26.5912339847	-1.00116550922	56.1495018005	-43.4286994934	0.979936109801	5.0	11.3599996567	65.640001297	1.0	12.3199996948	0.989906814247	1.0	1
1.0	585.805053711	2.0	2.0	495.641998291	2.0	2.0	37.419999361	0.0	-0.998022735119	0.0332723893225	-0.0533251687884	1.82323507139	11.9783921771	-20.1084499359	56.6704483032	-76.1730499268	0.692418404145	3.0	5.44000005722	35.0199995041	0.0	14.5600004196	0.441915855517	1.0	1
1.0	1608.84106445	4.0	4.0	5273.27880859	6.0	5.0	117.639998913	0.0	-0.0461934134364	-0.993750333786	0.101619325578	1.12710886404	36.0665740992	-7.05484008789	58.7676506042	-75.7406005859	0.319573252964	7.0	5.17999982834	72.060400486	2.0	12.3199996948	0.687790234319	1.0	1
1.0	285.179290771	2.0	2.0	720.107055664	2.0	2.0	22.5199999809	0.0	0.0461977906525	0.993750333786	-0.101616859436	12.7111358835	2.75832940684	-1.00116550922	56.1495018005	-43.4286994934	0.979936109801	3.0	11.3599996567	31.4200000763	0.0	11.6800003052	0.652975537179	1.0	1
1.0	372.950012207	1.0	0.0	1611.25085449	1.0	0.0	0.0	10.0	0.0	0.0	0.0	0.0	0.0	0.0	0.0	0.0	2.0	0.0	0.0	0.0	0.0	0.0	3.32853558443e-09	0.0	1
1.0	2988.60009766	7.0	4.0	5988.18310547	5.0	3.0	95.080000639	0.0	0.00619874475524	-0.998390138149	0.056379865855	13.4431932687	5.40846885477	-21.1248512268	74.7747497559	-59.5582504272	0.413471694732	4.0	4.88000011444	30.9000005722	3.0	10.8800001144	0.972198580122	1.0	1
1.0	602.822021484	3.0	1.0	1299.03588867	5.0	1.0	6.82000017166	0.0	0.00619874475524	-0.998390138149	0.056379865855	0.0	5.40846885477	-21.1248512268	74.7747497559	-59.5582504272	0.413471694732	1.0	4.88000011444	4.28000020981	1.0	4.88000011444	0.256906065414	1.0	1
1.0	3206.45410156	7.0	4.0	4240.01318359	8.0	5.0	142.560000658	0.0	-0.994935870171	0.0	0.100511580706	1.01643637979	2.707736237	-13.7399997711	79.4160003662	-59.0582504272	0.0257975046094	7.0	3.3599998951	60.439999342	3.0	10.8800001144	0.98524126402	1.0	1
1.0	1877.36499023	4.0	2.0	3290.29394531	3.0	2.0	35.6799995899	0.0	0.00619874475524	-0.998390138149	0.056379865855	4.46953145527	21.572084425	-21.1248512268	74.7747497559	-59.5582504272	0.551246536019	3.0	4.88000011444	19.3400001526	1.0	4.88000011444	0.807473841557	1.0	1
1.0	283.027008057	2.0	0.0	1717.00085449	1.0	0.0	0.0	10.0	0.0	0.0	0.0	0.0	0.0	0.0	0.0	0.0	2.0	0.0	0.0	0.0	0.0	0.0	3.32853558443e-09	1.0	1
1.0	1188.52197266	2.0	1.0	2802.73388672	2.0	1.0	15.2199997902	0.0	0.00619874475524	-0.998390138149	0.056379865855	10.3055207582	5.40846885477	-21.1248512268	74.7747497559	-59.5582504272	0.413471694732	2.0	4.88000011444	10.6000003815	2.0	6.69999980927	0.113762982025	1.0	1
1.0	976.591796875	2.0	0.0	1719.67797852	1.0	0.0	0.0	10.0	0.0	0.0	0.0	0.0	0.0	0.0	0.0	0.0	2.0	0.0	0.0	0.0	0.0	0.0	3.32853558443e-09	0.0	1
1.0	3325.03955078	7.0	5.0	7609.01123047	7.0	5.0	143.680000305	0.0	0.998985409737	-0.0365978479385	0.0262436624616	17.4195900128	2.16917178524	-1.53449249268	73.4676971436	-47.2353515625	0.621828062294	11.0	4.21999979019	91.4635994136	3.0	13.9200000763	0.98285294757	1.0	1
1.0	2560.06665039	7.0	3.0	2685.28930664	4.0	2.0	28.2199993134	0.0	0.998985409737	-0.0365979373455	0.0262437276542	25.1053946974	4.66649680059	-0.773184001446	66.0458068848	-39.4961509705	0.00837513379363	1.0	9.18000030518	9.26000022888	1.0	9.18000030518	0.875321068835	1.0	1
1.0	1123.68981934	3.0	2.0	5091.12451172	5.0	2.0	39.259999752	0.0	-0.0429968982935	-0.98596072197	0.161346644163	1.20238167966	27.0277252621	-19.0824508667	77.4343490601	-62.5480995178	0.41650205447	2.0	4.63999986649	8.69199992716	0.0	7.92000007629	0.446491838024	1.0	1
1.0	804.603759766	5.0	4.0	4162.89111328	4.0	3.0	64.1799993515	0.0	-0.0429968982935	-0.98596072197	0.161346644163	1.20238167966	26.3349153036	-19.0824508667	77.4343490601	-62.5480995178	0.41650205447	5.0	2.48000001907	25.4431996197	2.0	13.9200000763	0.795278625202	1.0	1
1.0	841.501831055	2.0	1.0	1854.76806641	2.0	1.0	6.88000011444	0.0	-0.998987436295	0.0365989692509	-0.0261648651212	2.76970525576	19.2702300955	-15.8875494003	82.2075958252	-58.067199707	0.530287086151	0.0	0.0	0.0	1.0	13.9200000763	0.182172162035	1.0	1
1.0	672.529052734	2.0	2.0	858.21270752	3.0	2.0	6.88000011444	0.0	0.998987436295	-0.0365989692509	0.0261648651212	1.77479614527	2.76970525576	-15.8875494003	82.2075958252	-58.067199707	0.530287086151	1.0	2.48000001907	0.0432000011206	1.0	13.9200000763	0.990097462637	1.0	1
1.0	471.49621582	3.0	0.0	552.294311523	1.0	0.0	0.0	10.0	0.0	0.0	0.0	0.0	0.0	0.0	0.0	0.0	2.0	0.0	0.0	0.0	0.0	0.0	3.32853558443e-09	0.0	1
1.0	6053.86181641	8.0	6.0	7800.10400391	13.0	11.0	208.820000172	0.0	-0.999825954437	0.0	-0.018656000495	4.60522773321	12.323839923	1.6653649807	30.3404006958	-58.4412498474	0.0472324950377	14.0	3.38000011444	142.5400002	2.0	4.0	0.982167753942	1.0	1
1.0	3904.82983398	9.0	3.0	3734.85131836	5.0	1.0	57.240000248	0.0	-0.999824345112	0.0	-0.018742389977	23.3927045507	29.2158505009	-25.6335506439	80.5149002075	-53.8225021362	0.69741674222	2.0	3.38000011444	4.33999991417	2.0	4.0	0.678415303073	1.0	1
1.0	1233.53027344	7.0	2.0	1968.72058105	5.0	1.0	8.15999984741	0.0	-0.00374795799144	-0.980663001537	0.195668295026	25.9693881057	4.77473853746	6.45983982086	67.9666519165	-53.048500061	0.0889570164105	1.0	6.88000011444	6.30000019073	0.0	6.88000011444	0.973858411506	1.0	1
1.0	362.718719482	3.0	2.0	595.911682129	2.0	1.0	8.15999984741	0.0	-0.00374795799144	-0.980663001537	0.195668295026	15.9470887709	2.26360722598	6.45983982086	67.9666519165	-53.048500061	0.0889570164105	1.0	6.88000011444	6.30000019073	0.0	6.88000011444	0.156896377635	1.0	1
1.0	4683.703125	8.0	8.0	3830.06811523	6.0	6.0	188.258801103	0.0	-0.999826014042	0.0	-0.0186526682228	25.2053561449	1.84610116524	4.6799697876	81.8514022827	-45.3696517944	0.377064256462	7.0	5.59999990463	61.3800001144	1.0	8.85999965668	0.985534467411	1.0	1
1.0	394.170196533	3.0	2.0	2814.32177734	5.0	3.0	30.6000003815	0.0	-0.00374795799144	-0.980663001537	0.195668295026	1.57826942272	8.29648277609	6.45983982086	67.9666519165	-53.048500061	0.652039194606	2.0	7.26000022888	15.9599995613	0.0	9.03999996185	0.519521143218	1.0	1
1.0	370.581695557	1.0	0.0	344.885009766	1.0	0.0	0.0	10.0	0.0	0.0	0.0	0.0	0.0	0.0	0.0	0.0	2.0	0.0	0.0	0.0	0.0	0.0	3.32853558443e-09	1.0	1
1.0	637.188720703	3.0	1.0	291.209289551	2.0	1.0	12.1199998856	1.81351593747	0.67366951704	-0.412057727575	-0.613496363163	20.767643132	10.4389882203	-20.4280014038	62.1827011108	-69.8682479858	0.314487517884	0.0	0.0	0.0	0.0	0.0	0.969446128456	1.0	1
1.0	897.760009766	2.0	0.0	1394.6229248	1.0	0.0	0.0	10.0	0.0	0.0	0.0	0.0	0.0	0.0	0.0	0.0	2.0	0.0	0.0	0.0	0.0	0.0	3.32853558443e-09	0.0	1
1.0	1558.36999512	3.0	0.0	2650.64306641	5.0	0.0	0.0	10.0	0.0	0.0	0.0	0.0	0.0	0.0	0.0	0.0	2.0	0.0	0.0	0.0	0.0	0.0	3.32853558443e-09	1.0	1
1.0	2944.89990234	5.0	2.0	7853.57519531	9.0	4.0	94.5999994278	0.0	-0.106952175498	0.204383522272	0.973030626774	17.5900463839	40.3857737003	3.32562994957	72.272102356	-50.598449707	0.554543343874	5.0	1.12000000477	72.2000017166	1.0	16.7999992371	0.9790522303	1.0	1
1.0	1437.00500488	2.0	0.0	1394.6229248	1.0	0.0	0.0	10.0	0.0	0.0	0.0	0.0	0.0	0.0	0.0	0.0	2.0	0.0	0.0	0.0	0.0	0.0	3.32853558443e-09	1.0	1
1.0	900.983032227	3.0	3.0	5642.58496094	6.0	2.0	52.039999485	0.0	0.106952175498	-0.204383522272	-0.973030626774	10.6896730692	3.58817490713	3.32562994957	72.272102356	-50.598449707	0.554543343874	5.0	1.12000000477	72.0000009537	1.0	18.3199996948	0.144011364086	1.0	1
1.0	360.526794434	2.0	1.0	2407.27001953	4.0	1.0	5.96000003815	1.76679656733	0.0265218187124	0.970083236694	-0.241319537163	8.05245146573	15.201393667	3.29803514481	52.6753997803	-50.3473510742	0.724117928625	0.0	0.0	0.0	0.0	0.0	0.364724017554	1.0	1
1.0	291.540008545	1.0	0.0	156.914993286	1.0	0.0	0.0	10.0	0.0	0.0	0.0	0.0	0.0	0.0	0.0	0.0	2.0	0.0	0.0	0.0	0.0	0.0	3.32853558443e-09	1.0	1
1.0	656.195617676	2.0	0.0	1193.81994629	1.0	0.0	0.0	10.0	0.0	0.0	0.0	0.0	0.0	0.0	0.0	0.0	2.0	0.0	0.0	0.0	0.0	0.0	3.32853558443e-09	0.0	1
1.0	4048.06982422	11.0	6.0	5707.82861328	8.0	5.0	136.840000868	0.0	-0.982096791267	0.129213377833	0.137075766921	15.6752936301	1.43296870253	-26.7338504791	79.9349517822	-53.5163993835	0.945135204756	6.0	7.13999986649	64.3399996758	0.0	18.0799999237	0.99667721946	1.0	1
1.0	2282.25756836	7.0	5.0	4232.79296875	9.0	4.0	71.9400005527	0.0	-0.982096791267	0.129213377833	0.137075766921	15.6752936301	1.43296870253	-26.7338504791	79.9349517822	-53.5163993835	0.945135204756	2.0	10.3199996948	29.8399991989	0.0	18.0799999237	0.754196426972	1.0	1
1.0	4283.56152344	8.0	5.0	5845.24072266	8.0	5.0	126.660000563	0.0	-0.982096791267	0.129213377833	0.137075766921	21.9854381696	1.43296870253	-26.7338504791	79.9349517822	-53.5163993835	0.945135204756	6.0	7.13999986649	64.3399996758	0.0	18.0799999237	0.969578085981	1.0	1
1.0	2380.18676758	5.0	2.0	2017.92004395	2.0	2.0	37.8200011253	2.90544839284	-0.0510089509189	-0.884944319725	-0.46289485693	11.2447496714	10.0268193102	-14.6525001526	70.9468002319	-69.9389953613	0.635028624718	0.0	0.0	0.0	0.0	0.0	0.92331288429	1.0	1
1.0	2156.65087891	6.0	4.0	3297.72265625	4.0	2.0	74.8600001335	0.0	0.982109069824	-0.129119068384	-0.137076586485	21.8694457483	13.9669076519	-2.04059004784	59.1809997559	-47.3263015747	0.624141048462	0.0	0.0	0.0	1.0	7.76000022888	0.97973330046	1.0	1
1.0	751.917724609	3.0	0.0	1193.81994629	1.0	0.0	0.0	10.0	0.0	0.0	0.0	0.0	0.0	0.0	0.0	0.0	2.0	0.0	0.0	0.0	0.0	0.0	3.32853558443e-09	1.0	1
1.0	1311.39465332	4.0	3.0	3070.41015625	3.0	2.0	29.3199996948	0.0	0.982108712196	-0.129120334983	-0.137077942491	23.7978041411	38.0924848352	-4.61926460266	50.0227012634	-50.3673019409	0.951798030423	1.0	7.51999998093	6.51999998093	0.0	7.51999998093	0.987265456535	1.0	1
1.0	1398.87158203	5.0	0.0	2618.50683594	2.0	0.0	0.0	10.0	0.0	0.0	0.0	0.0	0.0	0.0	0.0	0.0	2.0	0.0	0.0	0.0	0.0	0.0	3.32853558443e-09	1.0	1
1.0	2298.71289062	5.0	2.0	2135.48608398	3.0	2.0	42.0600013733	0.0	-0.0849748700857	-0.953442811966	0.289354681969	34.4506420272	22.0618181866	-6.1402797699	47.1290512085	-55.3979492188	0.598008575002	1.0	9.31999969482	8.92000007629	0.0	9.31999969482	0.985407712367	1.0	1
1.0	565.069396973	2.0	1.0	1317.43994141	1.0	1.0	18.720000267	2.88382031365	0.0526313707232	-0.0822356268764	-0.995222210884	10.0902821486	1.96285704976	2.28761005402	72.78125	-48.8751983643	0.493743864173	0.0	0.0	0.0	0.0	0.0	-1.0	0.0	1
1.0	179.787994385	1.0	1.0	2029.23132324	4.0	2.0	29.3800001144	2.13432185943	-0.0412263981998	-0.994548678398	0.095777451992	0.0	23.8717941859	1.83617997169	73.3717498779	-58.7161483765	0.295356853607	0.0	0.0	0.0	0.0	0.0	0.175413056985	1.0	1
1.0	2979.29882812	3.0	0.0	146.722000122	1.0	0.0	0.0	10.0	0.0	0.0	0.0	0.0	0.0	0.0	0.0	0.0	2.0	0.0	0.0	0.0	0.0	0.0	3.32853558443e-09	1.0	1
1.0	1128.52087402	3.0	3.0	3048.95849609	5.0	4.0	107.220000505	0.0	0.0412263385952	0.994544506073	-0.0958209186792	22.0992914647	19.426077651	1.26555001736	57.4943504333	-40.4509506226	0.816639808159	3.0	7.38000011444	26.0599989891	0.0	10.8999996185	0.0927867270152	1.0	1
1.0	305.56842041	1.0	1.0	1576.94091797	2.0	2.0	40.1200006008	1.17731474681	-0.0526254363358	0.0821714922786	0.995227813721	12.391460468	13.1694033881	0.492351472378	64.3763427734	-40.4695510864	0.997956749089	0.0	0.0	0.0	0.0	0.0	0.175412998926	1.0	1
1.0	413.93359375	3.0	3.0	2182.80200195	5.0	4.0	38.4400005341	0.0	-0.0412267819047	-0.994554877281	0.0957130491734	14.7776705716	11.9953052346	-0.247631013393	68.3120498657	-42.9852981567	0.790652956641	1.0	7.61999988556	7.28000020981	0.0	7.61999988556	0.97148697177	1.0	1
1.0	505.149688721	2.0	0.0	1198.64465332	2.0	0.0	0.0	10.0	0.0	0.0	0.0	0.0	0.0	0.0	0.0	0.0	2.0	0.0	0.0	0.0	0.0	0.0	3.32853558443e-09	0.0	1
1.0	1507.21557617	6.0	5.0	3474.1706543	7.0	4.0	61.0000004768	0.0	-0.999503612518	-0.0310958735645	-0.0050615798682	0.0	28.9636871372	-31.7709007263	63.2579498291	-70.5453948975	0.732014441793	3.0	10.6400003433	35.6000003815	1.0	9.06000041962	0.980629880633	1.0	1
1.0	271.68069458	2.0	2.0	1432.11364746	3.0	1.0	15.6199998856	0.0	0.999503552914	0.0310959108174	0.00506544951349	16.1962660492	13.090086515	-4.16449975967	61.2238502502	-46.2416992188	0.818336087003	0.0	0.0	0.0	1.0	7.59999990463	0.272841224239	1.0	1
1.0	505.149688721	2.0	2.0	4621.34033203	7.0	3.0	71.460000515	2.04084542035	0.0315166637301	-0.996783554554	-0.073683783412	15.636311692	18.4838921233	-4.52880477905	57.476348877	-48.857749939	0.648440965043	0.0	0.0	0.0	0.0	0.0	0.667110084175	1.0	1
1.0	408.721008301	2.0	1.0	1736.39794922	3.0	1.0	5.82000017166	0.0	-0.999503552914	-0.0310959033668	-0.00506544858217	16.1941846756	1.70469092283	-4.19076013565	60.2527503967	-34.2911987305	0.696872182467	1.0	13.4799995422	13.3400001526	0.0	13.4799995422	0.0399689469533	1.0	1
1.0	855.241027832	2.0	2.0	4070.29199219	8.0	5.0	65.2800002098	0.0	-0.999503612518	-0.0310958735645	-0.0050615798682	0.0	36.4669158027	-31.7709007263	63.2579498291	-70.5453948975	0.732014441793	3.0	4.34000015259	32.3399999142	2.0	9.06000041962	0.900323456854	1.0	1
1.0	867.376708984	4.0	3.0	903.552001953	2.0	2.0	32.1000003815	0.0	0.0288454089314	-0.963136732578	0.267461448908	8.8874254976	2.98271386595	-4.70932006836	61.3083992004	-36.0512504578	0.504959093534	2.0	4.34000015259	18.9999997616	1.0	4.34000015259	0.982898114144	1.0	1
1.0	1267.97998047	2.0	1.0	975.860412598	1.0	1.0	25.8400001526	1.92658506258	0.0130936782807	-0.976921975613	0.213194683194	2.78382384921	2.75208031109	-13.7353000641	58.126701355	-74.1283493042	0.302628874769	0.0	0.0	0.0	0.0	0.0	-1.0	0.0	1
1.0	1701.21289062	5.0	2.0	3062.85888672	4.0	3.0	90.578800559	0.0	-0.0130829419941	0.9769282341	-0.213166818023	19.2075146888	17.702928421	-6.205909729	58.9398498535	-41.2630004883	0.361966135311	1.0	12.0	12.7399997711	0.0	12.0	0.524047511872	1.0	1
1.0	1267.97998047	2.0	0.0	888.636413574	1.0	0.0	0.0	10.0	0.0	0.0	0.0	0.0	0.0	0.0	0.0	0.0	2.0	0.0	0.0	0.0	0.0	0.0	3.32853558443e-09	1.0	1
1.0	552.079956055	1.0	1.0	2324.27392578	4.0	1.0	23.3799991608	3.42487959267	0.0398134738207	0.759525477886	0.64925801754	9.38183098274	3.59793342571	-6.4757900238	71.808303833	-45.6642990112	0.89357903091	0.0	0.0	0.0	0.0	0.0	0.385269920784	1.0	1
1.0	475.35333252	2.0	0.0	489.422180176	1.0	0.0	0.0	10.0	0.0	0.0	0.0	0.0	0.0	0.0	0.0	0.0	2.0	0.0	0.0	0.0	0.0	0.0	3.32853558443e-09	0.0	1
1.0	2224.28662109	6.0	3.0	2286.26049805	7.0	3.0	40.5999994278	1.44836458189	-0.00919556617737	0.994017601013	-0.108832001686	27.0092418641	18.5356794727	-3.72213506699	61.6049003601	-44.071849823	0.660750910932	0.0	0.0	0.0	0.0	0.0	0.99329914306	1.0	1
1.0	697.392944336	3.0	1.0	4698.06152344	8.0	2.0	20.1399998665	2.7194540055	-0.0651882961392	-0.632357776165	-0.771928846836	8.96218523423	29.5146143032	-5.00932979584	61.4479980469	-32.9442977905	0.837338455062	0.0	0.0	0.0	0.0	0.0	0.202812536158	1.0	1
1.0	2581.66699219	6.0	3.0	6567.27050781	10.0	4.0	103.939999104	0.0	-0.00919071212411	0.994012594223	-0.108878336847	32.0821508716	24.845476456	-3.24004983902	43.6427001953	-51.5481033325	0.893197056729	2.0	8.43999958038	20.8000001907	0.0	11.1199998856	0.975441748586	1.0	1
1.0	391.24798584	2.0	2.0	2905.79150391	5.0	1.0	24.1400001049	0.0	-0.00919061247259	0.994022786617	-0.108785286546	15.4338102471	5.54651679366	-5.60713005066	55.0810012817	-40.023147583	0.848610320815	1.0	7.86000013351	7.51999998093	0.0	7.86000013351	0.357846417861	1.0	1
1.0	268.342010498	1.0	1.0	3707.00024414	6.0	4.0	34.1599998474	0.0	-0.994902074337	0.0	0.10084592551	1.10961680213	4.74275374248	-9.49522018433	77.6538009644	-53.1018486023	0.735991612946	1.0	8.43999958038	9.27999973297	0.0	8.43999958038	0.306253963476	1.0	1
1.0	866.601318359	3.0	2.0	1925.90356445	3.0	1.0	7.55999994278	3.7839529922	-0.237374231219	0.0660973191261	-0.969166994095	23.4261159113	0.0	-5.93254470825	60.529296875	-57.0615005493	0.74901003347	0.0	0.0	0.0	0.0	0.0	0.491389492505	1.0	1
1.0	184.302993774	1.0	0.0	571.763000488	1.0	0.0	0.0	10.0	0.0	0.0	0.0	0.0	0.0	0.0	0.0	0.0	2.0	0.0	0.0	0.0	0.0	0.0	3.32853558443e-09	0.0	1
1.0	3409.30664062	8.0	2.0	3935.16357422	8.0	2.0	17.1068004742	0.0	0.0472548753023	-0.972106337547	0.229730695486	0.992485825261	33.1866746886	-16.011051178	60.1102981567	-75.2308959961	0.276652471353	6.0	3.57999992371	56.7200007439	0.0	11.8000001907	0.986824315274	1.0	1
1.0	242.422698975	2.0	1.0	663.846435547	2.0	1.0	9.72000026703	2.8589859161	0.0211275350302	-0.927097201347	-0.374225109816	1.06081659347	0.0	-1.94713497162	62.8637008667	-40.0005989075	0.872277397754	0.0	0.0	0.0	0.0	0.0	0.113763377385	1.0	1
1.0	1681.10437012	5.0	4.0	1909.70727539	5.0	4.0	96.2468003407	0.0	-0.0472548753023	0.972106337547	-0.229730695486	4.84658555632	32.4539837046	-16.011051178	60.1102981567	-75.2308959961	0.276652471353	5.0	1.05999994278	34.0	1.0	9.57999992371	0.983469624023	1.0	1
1.0	1109.47705078	4.0	3.0	3249.91821289	6.0	2.0	25.046400547	0.0	-0.998336076736	-0.0337465107441	0.0467574745417	1.98488885409	41.5289490683	-23.1278991699	71.3823013306	-69.5440063477	0.6917630286	2.0	6.13999986649	14.0200004578	2.0	9.57999992371	0.657490022564	1.0	1
1.0	1640.68457031	5.0	2.0	2302.14111328	4.0	2.0	31.7000010014	0.0	0.0472551360726	-0.972107887268	0.229724273086	16.6925196574	10.3532499646	-15.003950119	59.8712005615	-76.8322982788	0.193295741552	1.0	9.42000007629	9.42000007629	0.0	9.42000007629	0.911575750611	1.0	1
1.0	561.400024414	4.0	1.0	400.92401123	1.0	1.0	20.080000639	2.68602863222	-0.859838783741	-0.0872523188591	0.503054976463	0.0	2.68834258597	-34.0985488892	63.9115524292	-72.1954956055	0.454207545224	0.0	0.0	0.0	0.0	0.0	0.0741312576057	1.0	1
1.0	313.186004639	1.0	0.0	1023.09552002	2.0	0.0	0.0	10.0	0.0	0.0	0.0	0.0	0.0	0.0	0.0	0.0	2.0	0.0	0.0	0.0	0.0	0.0	3.32853558443e-09	0.0	1
1.0	2171.50976562	6.0	4.0	4447.84814453	7.0	4.0	89.4400000572	0.0	-0.106021627784	0.937814056873	-0.330551415682	27.4567843537	0.0	-1.61092495918	64.6430969238	-35.5119514465	0.819112881542	3.0	4.96000003815	20.7800002098	2.0	8.38000011444	0.978465272456	1.0	1
1.0	1402.23803711	6.0	4.0	5282.26904297	9.0	3.0	62.9799995422	0.0	-0.106021627784	0.937814056873	-0.330551415682	8.61501782701	20.0636714722	-1.61092495918	64.6430969238	-35.5119514465	0.819112881542	3.0	5.38000011444	19.9999995232	2.0	8.38000011444	0.825237105733	1.0	1
1.0	1133.27404785	2.0	0.0	3698.31542969	3.0	0.0	0.0	10.0	0.0	0.0	0.0	0.0	0.0	0.0	0.0	0.0	2.0	0.0	0.0	0.0	0.0	0.0	3.32853558443e-09	1.0	1
1.0	1462.1550293	2.0	0.0	3698.31542969	3.0	0.0	0.0	10.0	0.0	0.0	0.0	0.0	0.0	0.0	0.0	0.0	2.0	0.0	0.0	0.0	0.0	0.0	3.32853558443e-09	1.0	1
1.0	471.110015869	2.0	2.0	3680.90429688	5.0	1.0	21.5399999619	0.0	0.106027565897	-0.937812685966	0.33055332303	17.3270399019	2.82231835165	0.42926800251	66.6697998047	-37.4269485474	0.607985168049	1.0	4.96000003815	5.86000013351	1.0	4.96000003815	0.197636230888	1.0	1
1.0	725.17199707	1.0	0.0	572.396972656	1.0	0.0	0.0	10.0	0.0	0.0	0.0	0.0	0.0	0.0	0.0	0.0	2.0	0.0	0.0	0.0	0.0	0.0	3.32853558443e-09	0.0	1
1.0	3348.33032227	5.0	3.0	4070.96899414	6.0	2.0	63.8400001526	2.97472687437	-0.371014922857	0.703698039055	0.605934798717	25.7917316382	10.0059811206	-15.8758506775	76.351600647	-67.417755127	0.946705904891	0.0	0.0	0.0	0.0	0.0	0.975441752982	1.0	1
1.0	932.329956055	2.0	1.0	1211.75500488	6.0	3.0	25.1400003433	0.0	-0.992694854736	0.0704839378595	0.0979232415557	25.6780134082	23.1997202728	-4.66308498383	60.3740005493	-55.6051025391	0.364457234502	1.0	9.96000003815	10.5	0.0	9.96000003815	0.0968148541783	1.0	1
1.0	4275.17236328	6.0	4.0	1644.46069336	5.0	4.0	88.9800004959	0.0	-0.992694854736	0.0704839378595	0.0979232415557	25.6780134082	23.1997202728	-4.66308498383	60.3740005493	-55.6051025391	0.364457234502	1.0	9.96000003815	10.5	0.0	9.96000003815	0.965185176291	1.0	1
1.0	833.901977539	2.0	0.0	1935.58691406	2.0	0.0	0.0	10.0	0.0	0.0	0.0	0.0	0.0	0.0	0.0	0.0	2.0	0.0	0.0	0.0	0.0	0.0	3.32853558443e-09	1.0	1
1.0	3684.88110352	4.0	3.0	2205.34399414	3.0	3.0	48.3600008488	0.0	-0.992685556412	0.0704803317785	0.0980200022459	17.1308579877	16.4479480006	-11.5935497284	73.0505981445	-70.3593444824	0.95891897569	1.0	8.96000003815	7.71999979019	0.0	8.96000003815	0.98106339238	1.0	1
1.0	2869.40087891	3.0	3.0	3876.57910156	4.0	3.0	41.3800001144	0.0	0.992694854736	-0.0704839378595	-0.0979232415557	33.1041906292	23.6059436009	-4.66308498383	60.3740005493	-55.6051025391	0.364457234502	1.0	9.96000003815	10.5	0.0	9.96000003815	0.935713527898	1.0	1
1.0	3684.88110352	4.0	3.0	2777.7409668	4.0	4.0	71.4399998188	0.0	-0.992685556412	0.0704803317785	0.0980200022459	17.1308579877	16.4479480006	-11.5935497284	73.0505981445	-70.3593444824	0.95891897569	1.0	8.96000003815	7.71999979019	0.0	8.96000003815	0.98106339238	1.0	1
1.0	1147.53308105	4.0	2.0	3009.47875977	4.0	3.0	44.8999989033	0.0	-0.992685556412	0.0704803317785	0.0980200022459	17.1308579877	2.78694715653	-11.5935497284	73.0505981445	-70.3593444824	0.95891897569	1.0	8.96000003815	7.71999979019	0.0	8.96000003815	0.329951211253	1.0	1
1.0	3057.09399414	4.0	2.0	2090.77197266	2.0	1.0	26.5400009155	3.10328699402	-0.821372747421	0.234798684716	0.519823431969	13.7740745115	6.06168553322	-10.0131349564	79.5544967651	-64.827545166	0.86946508569	0.0	0.0	0.0	0.0	0.0	0.979502753009	1.0	1
1.0	461.186004639	1.0	0.0	980.444946289	1.0	0.0	0.0	10.0	0.0	0.0	0.0	0.0	0.0	0.0	0.0	0.0	2.0	0.0	0.0	0.0	0.0	0.0	3.32853558443e-09	0.0	2
1.0	995.132446289	2.0	1.0	1095.57092285	1.0	1.0	20.3799996376	2.20487192573	-0.272765308619	-0.553302407265	-0.787055015564	7.61105487357	0.0	-10.1741695404	76.1194458008	-59.3100509644	0.420913980408	0.0	0.0	0.0	0.0	0.0	-1.0	0.0	2
1.0	2118.31640625	2.0	1.0	1271.23254395	2.0	1.0	10.0799999237	3.43799365574	-0.860029578209	-0.508620142937	-0.0406774654984	5.92826025456	18.5213198512	-23.8208999634	77.3166046143	-57.5672988892	0.0889534206728	0.0	0.0	0.0	0.0	0.0	0.967398253977	1.0	2
1.0	2339.1784668	5.0	2.0	3063.98413086	2.0	2.0	69.279999733	2.20487192573	-0.272765308619	-0.553302407265	-0.787055015564	19.0583509593	0.0	-10.1741695404	76.1194458008	-59.3100509644	0.420913980408	0.0	0.0	0.0	0.0	0.0	0.791136975307	1.0	2
1.0	320.838012695	1.0	0.0	486.86340332	2.0	0.0	0.0	10.0	0.0	0.0	0.0	0.0	0.0	0.0	0.0	0.0	2.0	0.0	0.0	0.0	0.0	0.0	3.32853558443e-09	1.0	2
1.0	1374.61340332	2.0	1.0	3464.07592773	4.0	3.0	46.3600001335	2.20487192573	-0.272765308619	-0.553302407265	-0.787055015564	7.61105487357	32.2813569598	-10.1741695404	76.1194458008	-59.3100509644	0.420913980408	0.0	0.0	0.0	0.0	0.0	0.33581271403	1.0	2
1.0	813.400024414	1.0	1.0	1266.28857422	3.0	2.0	17.5200004578	0.0	0.104987487197	0.992567718029	0.0615381784737	1.9858670935	22.3652584079	-5.06278991699	59.5420532227	-56.6145477295	0.507465703421	1.0	15.279999733	15.9799995422	1.0	15.279999733	0.993299162835	1.0	2
1.0	749.377563477	3.0	3.0	1662.16369629	4.0	4.0	75.1199998856	0.0	-0.995599925518	0.0935385450721	-0.00560050318018	9.21122406128	16.4375822943	-27.9846000671	57.6465530396	-66.1071472168	0.767073075897	4.0	8.56000041962	40.6999998093	0.0	12.4600000381	0.628105827457	1.0	2
1.0	2857.4230957	5.0	3.0	2950.45068359	6.0	6.0	128.5400002	0.0	-0.105046831071	-0.992561221123	-0.0615416169167	0.0	25.8937227685	-28.5609512329	57.2030487061	-66.1406555176	0.38386868121	4.0	7.80000019073	41.3399991989	1.0	7.80000019073	0.968642603716	1.0	2
1.0	654.72467041	4.0	3.0	313.167602539	3.0	2.0	30.220000267	0.0	0.105046629906	0.992555558681	0.0616337098181	19.5352525905	8.49178488913	-18.4014511108	73.1687469482	-65.0538024902	0.782141091455	3.0	8.06000041962	29.5599994659	0.0	12.4600000381	0.658984488622	1.0	2
1.0	2217.90283203	4.0	4.0	4055.74511719	6.0	6.0	162.839999437	0.0	-0.105046875775	-0.99256169796	-0.0615339614451	2.7835195339	28.932246015	-27.1997489929	60.0611495972	-65.9512481689	0.578722854155	3.0	7.80000019073	36.5599994659	2.0	15.279999733	0.971367355649	1.0	2
1.0	1221.00415039	2.0	1.0	1081.19494629	1.0	1.0	8.69999980927	3.55974713424	-0.300622016191	-0.857145905495	-0.418243139982	8.30652803052	0.0	-9.40958499908	57.2868003845	-76.7564544678	0.203912937024	0.0	0.0	0.0	0.0	0.0	-1.0	0.0	2
1.0	3207.56005859	4.0	3.0	3988.13623047	5.0	3.0	45.9400005341	0.0	-0.03341884166	-0.984705805779	0.17099031806	17.3970671963	2.50042156433	-14.7493495941	77.2820510864	-65.6459960938	0.940793740355	1.0	10.1800003052	10.4600000381	1.0	13.3800001144	0.893094665909	1.0	2
1.0	853.918212891	3.0	3.0	697.279663086	4.0	3.0	26.259999752	0.0	0.735095441341	0.66590732336	-0.127287849784	14.7995715271	9.07734075412	-4.1633849144	68.5319976807	-42.5765991211	2.0	1.0	9.68000030518	7.84000015259	1.0	13.3800001144	0.978777191907	1.0	2
1.0	2695.24804688	2.0	2.0	3829.31274414	6.0	3.0	64.8199987411	0.0	-0.735095441341	-0.66590732336	0.127287849784	22.4112227453	23.88071953	-4.1633849144	68.5319976807	-42.5765991211	2.0	1.0	9.68000030518	7.84000015259	0.0	9.68000030518	0.711340785486	1.0	2
1.0	703.132019043	1.0	1.0	557.50402832	2.0	1.0	37.6199989319	2.36091714947	-0.17877818644	0.362525701523	0.91466575861	19.663525299	14.6391550641	-2.44058990479	59.5886497498	-61.8784484863	0.995236110998	0.0	0.0	0.0	0.0	0.0	0.977930444297	1.0	2
1.0	2923.54223633	2.0	0.0	2075.3347168	4.0	0.0	0.0	10.0	0.0	0.0	0.0	0.0	0.0	0.0	0.0	0.0	2.0	0.0	0.0	0.0	0.0	0.0	3.32853558443e-09	1.0	2
1.0	1397.93981934	4.0	1.0	159.003997803	1.0	1.0	8.69999980927	3.55974713424	-0.300622016191	-0.857145905495	-0.418243139982	8.30652803052	0.0	-9.40958499908	57.2868003845	-76.7564544678	0.203912937024	0.0	0.0	0.0	0.0	0.0	0.263870194443	1.0	2
1.0	2868.1706543	4.0	0.0	125.928894043	2.0	0.0	0.0	10.0	0.0	0.0	0.0	0.0	0.0	0.0	0.0	0.0	2.0	0.0	0.0	0.0	0.0	0.0	3.32853558443e-09	1.0	2
1.0	525.852050781	1.0	0.0	555.594970703	1.0	0.0	0.0	10.0	0.0	0.0	0.0	0.0	0.0	0.0	0.0	0.0	2.0	0.0	0.0	0.0	0.0	0.0	3.32853558443e-09	0.0	2
1.0	1257.23400879	3.0	3.0	2491.08813477	3.0	3.0	43.3200008869	0.0	-0.0461934134364	-0.993750333786	0.101619325578	1.12710886404	36.0665740992	-7.05484008789	58.7676506042	-75.7406005859	0.319573252964	2.0	5.17999982834	18.2404007912	2.0	12.3199996948	0.339316997538	1.0	2
1.0	1840.98730469	4.0	3.0	4436.25488281	5.0	5.0	75.1400015354	0.0	-0.998022735119	0.0332723893225	-0.0533251687884	5.59699506519	40.1551576063	-20.1084499359	56.6704483032	-76.1730499268	0.612711419902	2.0	5.17999982834	11.7803997993	1.0	5.17999982834	0.973858392929	1.0	2
1.0	992.425048828	3.0	2.0	3256.9152832	5.0	2.0	7.83999991417	0.0	-0.998022854328	0.0332719422877	-0.0533231087029	3.76695062746	43.1855212039	-18.9584999084	55.4991493225	-77.4356536865	0.0297962844835	2.0	12.1400003433	28.1799993515	0.0	14.5600004196	0.394063230561	1.0	2
1.0	579.937988281	2.0	1.0	4805.796875	5.0	1.0	0.0	10.0	0.0	0.0	0.0	0.0	0.0	0.0	0.0	0.0	2.0	1.0	10.4799995422	8.80000019073	0.0	10.4799995422	0.545335742365	1.0	2
1.0	1532.24206543	2.0	2.0	2055.11303711	3.0	2.0	51.2200007439	0.0	-0.0461934134364	-0.993750333786	0.101619325578	1.12710886404	36.0665740992	-7.05484008789	58.7676506042	-75.7406005859	0.319573252964	1.0	12.3199996948	16.7000007629	1.0	12.3199996948	0.595113603016	1.0	2
1.0	372.950012207	1.0	0.0	1611.25085449	1.0	0.0	0.0	10.0	0.0	0.0	0.0	0.0	0.0	0.0	0.0	0.0	2.0	0.0	0.0	0.0	0.0	0.0	3.32853558443e-09	0.0	2
1.0	602.822021484	3.0	2.0	3960.08203125	4.0	3.0	38.7999994755	0.0	0.00619874475524	-0.998390138149	0.056379865855	0.0	27.1537417233	-21.1248512268	74.7747497559	-59.5582504272	0.949681679315	2.0	6.69999980927	13.3400001526	1.0	6.69999980927	0.553009127239	1.0	2
1.0	418.600921631	2.0	1.0	1565.59997559	1.0	1.0	3.25999999046	0.0	0.00619874475524	-0.998390138149	0.056379865855	4.46953145527	3.37918134782	-21.1248512268	74.7747497559	-59.5582504272	0.551246536019	1.0	9.26000022888	8.03999996185	0.0	9.26000022888	0.0399689469533	1.0	2
1.0	655.977050781	2.0	1.0	2233.68188477	4.0	1.0	8.76000022888	2.12209098514	-0.10774358362	-0.0500080995262	-0.992920219898	15.3090446473	2.03277023596	-1.95609998703	61.1493988037	-38.8058013916	0.454410168185	0.0	0.0	0.0	0.0	0.0	0.335032620211	1.0	2
1.0	2188.43212891	3.0	2.0	3760.00097656	2.0	2.0	40.3600003719	0.0	0.00619874475524	-0.998390138149	0.056379865855	9.47199181447	16.6041517356	-21.1248512268	74.7747497559	-59.5582504272	0.413471694732	2.0	4.88000011444	10.6000003815	2.0	6.69999980927	0.900323819945	1.0	2
1.0	976.591796875	2.0	0.0	1719.67797852	1.0	0.0	0.0	10.0	0.0	0.0	0.0	0.0	0.0	0.0	0.0	0.0	2.0	0.0	0.0	0.0	0.0	0.0	3.32853558443e-09	0.0	2
1.0	1538.59680176	5.0	2.0	5213.99951172	4.0	2.0	43.0999999046	0.0	-0.0429968982935	-0.98596072197	0.161346644163	1.20238167966	27.0277252621	-19.0824508667	77.4343490601	-62.5480995178	0.41650205447	2.0	7.36000013351	13.7999997139	0.0	7.92000007629	0.690424820917	1.0	2
1.0	1820.15478516	4.0	4.0	3294.82861328	4.0	4.0	105.119999647	0.0	0.998985409737	-0.0365978479385	0.0262436624616	20.8942832981	2.16917178524	-1.53449249268	73.4676971436	-47.2353515625	0.621828062294	4.0	4.21999979019	29.7800002098	1.0	4.21999979019	0.96540914614	1.0	2
1.0	943.424499512	5.0	3.0	4753.54931641	5.0	3.0	90.2999987602	0.0	-0.998985469341	0.0365974083543	-0.0262433495373	1.20239430605	25.5826071699	-3.83718490601	67.4196014404	-64.4931488037	0.472307328149	5.0	4.21999979019	26.5320000798	1.0	4.21999979019	0.91424368269	1.0	2
1.0	537.439025879	1.0	1.0	1094.06762695	3.0	1.0	7.19999980927	0.0	0.998985469341	-0.0365974083543	0.0262433495373	3.11502587405	21.0569022473	-3.83718490601	67.4196014404	-64.4931488037	0.472307328149	2.0	2.48000001907	9.64320038259	0.0	4.63999986649	0.996046375371	1.0	2
1.0	841.501831055	2.0	1.0	1854.76806641	2.0	1.0	6.88000011444	0.0	-0.998987436295	0.0365989692509	-0.0261648651212	2.76970525576	19.2702300955	-15.8875494003	82.2075958252	-58.067199707	0.530287086151	0.0	0.0	0.0	1.0	13.9200000763	0.182172162035	1.0	2
1.0	2360.91894531	5.0	4.0	5086.50537109	4.0	4.0	113.179998875	0.0	0.998985409737	-0.0365979373455	0.0262437276542	18.5882360499	4.66649680059	-0.773184001446	66.0458068848	-39.4961509705	0.00837513379363	2.0	7.92000007629	17.8400001526	1.0	9.18000030518	0.965409206437	1.0	2
1.0	471.49621582	3.0	0.0	552.294311523	1.0	0.0	0.0	10.0	0.0	0.0	0.0	0.0	0.0	0.0	0.0	0.0	2.0	0.0	0.0	0.0	0.0	0.0	3.32853558443e-09	0.0	2
1.0	4520.36523438	7.0	6.0	3492.92822266	5.0	4.0	123.779999971	0.0	-0.999826014042	0.0	-0.0186526682228	25.2053561449	1.84610116524	4.6799697876	81.8514022827	-45.3696517944	0.377064256462	3.0	6.90000009537	28.5400004387	0.0	13.5799999237	0.968370127999	1.0	2
1.0	803.319152832	4.0	0.0	552.294311523	1.0	0.0	0.0	10.0	0.0	0.0	0.0	0.0	0.0	0.0	0.0	0.0	2.0	0.0	0.0	0.0	0.0	0.0	3.32853558443e-09	1.0	2
1.0	1923.06518555	5.0	3.0	1430.4831543	3.0	2.0	29.9799997807	2.41924157483	-0.753397643566	0.430465340614	0.497083097696	3.45828452128	20.4451314213	-4.2647600174	88.2245941162	-61.3687515259	0.722718366112	0.0	0.0	0.0	0.0	0.0	0.978404843083	1.0	2
1.0	427.878814697	3.0	2.0	595.911682129	2.0	1.0	13.0999999046	0.0	0.00374795799144	0.980663001537	-0.195668295026	15.6392634776	1.47276077309	6.45983982086	67.9666519165	-53.048500061	0.652039194606	2.0	6.88000011444	13.9000000954	0.0	7.26000022888	0.109423405797	1.0	2
1.0	991.413208008	4.0	1.0	1355.63537598	2.0	1.0	16.9200000763	2.72160067134	-0.449815928936	0.760121464729	0.468914657831	5.97234881287	2.53053230501	-2.51282453537	81.6302490234	-67.5911483765	0.331098572101	0.0	0.0	0.0	0.0	0.0	0.282170749487	1.0	2
1.0	995.604492188	4.0	3.0	731.809814453	4.0	4.0	45.819999218	0.0	-0.999826014042	0.0	-0.0186524968594	17.2418035398	24.9011679704	3.50257492065	58.4919013977	-40.729347229	0.0360749433404	1.0	14.6400003433	14.279999733	0.0	14.6400003433	0.969709404841	1.0	2
1.0	471.49621582	3.0	2.0	884.11730957	2.0	1.0	2.8599998951	3.48987108249	-0.282130092382	0.620584607124	0.73162651062	18.9725727805	1.84610116524	5.85401535034	78.0722961426	-49.8350982666	0.412875591559	0.0	0.0	0.0	0.0	0.0	0.0307520300394	1.0	2
1.0	2577.36181641	4.0	3.0	1249.87915039	4.0	3.0	41.4000005722	0.0	-0.999825954437	0.0	-0.0186565238982	0.0	17.0963249861	-16.5472984314	51.9814987183	-73.5838470459	0.442173633775	2.0	5.59999990463	11.240000248	0.0	6.0	0.967256906065	1.0	2
1.0	897.760009766	2.0	0.0	1394.6229248	1.0	0.0	0.0	10.0	0.0	0.0	0.0	0.0	0.0	0.0	0.0	0.0	2.0	0.0	0.0	0.0	0.0	0.0	3.32853558443e-09	0.0	2
1.0	616.890991211	2.0	1.0	291.540008545	1.0	1.0	2.55999994278	0.0	-0.0265247989446	-0.970082819462	0.241320967674	4.34088161901	4.24200554537	-1.034719944	59.9373016357	-41.4359512329	0.0775371527194	1.0	13.8400001526	17.2800006866	0.0	13.8400001526	0.984077761918	1.0	2
1.0	437.783996582	1.0	1.0	1854.59899902	2.0	1.0	4.23999977112	1.70844376215	-0.425465404987	0.818132340908	0.386831521988	2.08106128735	18.3684858291	-0.399986505508	59.2480010986	-42.1260528564	0.83784633842	0.0	0.0	0.0	0.0	0.0	0.0329470718401	1.0	2
1.0	1268.56896973	2.0	2.0	2221.54980469	5.0	3.0	53.8399987221	0.0	0.0265133399516	0.970082879066	-0.241321906447	4.34088303807	3.96285309566	-0.0412292517722	81.4057006836	-50.4755477905	0.281658761352	3.0	1.12000000477	28.2800006866	1.0	11.0799999237	0.708069124028	1.0	2
1.0	107.996002197	1.0	0.0	2899.86987305	5.0	0.0	0.0	10.0	0.0	0.0	0.0	0.0	0.0	0.0	0.0	0.0	2.0	0.0	0.0	0.0	0.0	0.0	3.32853558443e-09	1.0	2
1.0	1121.56384277	3.0	2.0	4817.64453125	5.0	2.0	30.879999876	1.02006370701	0.0265346486121	0.97008317709	-0.241318315268	24.550415425	14.9003357949	3.68439483643	62.5732002258	-64.0332489014	0.391183830488	0.0	0.0	0.0	0.0	0.0	0.643807102899	1.0	2
1.0	949.901977539	3.0	3.0	5182.36181641	5.0	2.0	41.1600000858	0.0	-0.0265133399516	-0.970082879066	0.241321906447	7.73122548863	4.34088303807	-0.0412292517722	81.4057006836	-50.4755477905	0.281658761352	5.0	11.0799999237	83.0000009537	2.0	18.3199996948	0.0197728227331	1.0	2
1.0	656.195617676	2.0	0.0	1193.81994629	1.0	0.0	0.0	10.0	0.0	0.0	0.0	0.0	0.0	0.0	0.0	0.0	2.0	0.0	0.0	0.0	0.0	0.0	3.32853558443e-09	0.0	2
1.0	2829.63598633	6.0	4.0	3069.03271484	5.0	4.0	108.86000061	0.0	-0.982093214989	0.129226133227	0.137089312077	1.79010877686	38.3893143914	-25.8268013	73.6282501221	-64.1287994385	0.48348109504	2.0	7.13999986649	16.2600002289	1.0	7.76000022888	0.991825603461	1.0	2
1.0	154.710601807	1.0	1.0	1819.2019043	2.0	1.0	18.3200001717	2.78304147351	0.0443894676864	0.838776826859	0.542662918568	8.6850910068	11.3678524668	-1.06396448612	63.712600708	-44.2034492493	0.94212546513	0.0	0.0	0.0	0.0	0.0	0.219188035134	1.0	2
1.0	397.185913086	2.0	1.0	1284.65576172	3.0	1.0	9.34000015259	0.0	0.982109069824	-0.129119068384	-0.137076586485	10.1699077796	8.76760467438	-2.04059004784	59.1809997559	-47.3263015747	0.624141048462	0.0	0.0	0.0	1.0	7.76000022888	0.972510095855	1.0	2
1.0	566.250610352	3.0	1.0	1559.7388916	3.0	1.0	1.01999998093	2.95961150017	-0.163553640246	-0.367690503597	-0.915452837944	22.14005518	10.7100508873	-4.82065486908	55.0141525269	-60.9667510986	0.0175319356574	0.0	0.0	0.0	0.0	0.0	0.0911525804001	1.0	2
1.0	81.4738006592	1.0	1.0	670.177978516	2.0	1.0	6.36000013351	2.8887281638	0.0576818957925	0.706708014011	0.705150067806	0.0	11.3678524668	-1.13272953033	64.0122528076	-45.0440483093	0.564810074023	0.0	0.0	0.0	0.0	0.0	0.990081814148	1.0	2
1.0	260.38861084	2.0	2.0	1119.40307617	4.0	3.0	55.180000782	0.0	0.982109367847	-0.129217714071	-0.136981710792	8.17043743136	37.8637832254	-6.30564975739	54.667350769	-68.2696533203	0.689412176089	1.0	9.89999961853	9.72000026703	0.0	9.89999961853	0.345136659431	1.0	2
1.0	2748.16235352	5.0	3.0	3092.1418457	5.0	4.0	101.020000935	0.0	-0.982093214989	0.129226133227	0.137089312077	1.79010877686	32.2524954347	-25.8268013	73.6282501221	-64.1287994385	0.48348109504	2.0	7.13999986649	16.2600002289	0.0	9.89999961853	0.979269670941	1.0	2
1.0	565.069396973	2.0	1.0	1317.43994141	1.0	1.0	18.720000267	2.88382031365	0.0526313707232	-0.0822356268764	-0.995222210884	10.0902821486	1.96285704976	2.28761005402	72.78125	-48.8751983643	0.493743864173	0.0	0.0	0.0	0.0	0.0	-1.0	0.0	2
1.0	1245.35839844	1.0	1.0	2296.40600586	2.0	1.0	18.720000267	2.88382031365	0.0526313707232	-0.0822356268764	-0.995222210884	2.92460721459	1.96285704976	2.28761005402	72.78125	-48.8751983643	0.493743864173	0.0	0.0	0.0	0.0	0.0	0.226426993363	1.0	2
1.0	3434.38500977	2.0	2.0	3174.29980469	6.0	3.0	69.5399997234	0.0	0.0412267819047	0.994554877281	-0.0957130491734	22.013646858	11.4004980555	-0.247631013393	68.3120498657	-42.9852981567	0.790652956641	2.0	7.38000011444	14.4600000381	0.0	7.61999988556	0.127800852198	1.0	2
1.0	3355.13720703	3.0	3.0	1130.66943359	5.0	3.0	50.6199994087	0.0	0.0412263385952	0.994544506073	-0.0958209186792	22.0992914647	19.426077651	1.26555001736	57.4943504333	-40.4509506226	0.816639808159	2.0	7.38000011444	16.4999995232	0.0	8.5	0.390252147006	1.0	2
1.0	305.56842041	1.0	1.0	1576.94091797	2.0	2.0	40.1200006008	1.17731474681	-0.0526254363358	0.0821714922786	0.995227813721	12.391460468	13.1694033881	0.492351472378	64.3763427734	-40.4695510864	0.997956749089	0.0	0.0	0.0	0.0	0.0	0.175412998926	1.0	2
1.0	505.149688721	2.0	0.0	1198.64465332	2.0	0.0	0.0	10.0	0.0	0.0	0.0	0.0	0.0	0.0	0.0	0.0	2.0	0.0	0.0	0.0	0.0	0.0	3.32853558443e-09	0.0	2
1.0	998.371032715	2.0	1.0	704.824951172	3.0	2.0	39.8200006485	0.0	0.999503552914	0.0310959033668	0.00506544858217	1.96996473229	8.24770903709	-4.19076013565	60.2527503967	-34.2911987305	0.696872182467	3.0	4.34000015259	30.9400002956	1.0	4.34000015259	0.98106338755	1.0	2
1.0	819.239013672	2.0	2.0	2419.14575195	5.0	3.0	28.0199999809	0.0	-0.999503552914	-0.0310955867171	-0.00506539689377	2.20490419795	32.6848735292	-6.75075531006	50.9510498047	-58.0296020508	0.928729524257	4.0	10.6000003815	49.1599998474	1.0	10.6000003815	0.733800764577	1.0	2
1.0	618.023681641	3.0	0.0	2038.47265625	3.0	0.0	0.0	10.0	0.0	0.0	0.0	0.0	0.0	0.0	0.0	0.0	2.0	0.0	0.0	0.0	0.0	0.0	3.32853558443e-09	1.0	2
1.0	1267.97998047	2.0	1.0	975.860412598	1.0	1.0	25.8400001526	1.92658506258	0.0130936782807	-0.976921975613	0.213194683194	2.78382384921	2.75208031109	-13.7353000641	58.126701355	-74.1283493042	0.302628874769	0.0	0.0	0.0	0.0	0.0	-1.0	0.0	2
1.0	1670.54602051	3.0	2.0	2966.08349609	3.0	2.0	76.0199990273	1.92658506258	0.0130936782807	-0.976921975613	0.213194683194	2.78382384921	41.4920051032	-13.7353000641	58.126701355	-74.1283493042	0.302628874769	0.0	0.0	0.0	0.0	0.0	0.54237978252	1.0	2
1.0	968.309020996	1.0	1.0	418.926391602	2.0	2.0	37.9400005341	1.92658506258	0.0130936782807	-0.976921975613	0.213194683194	2.78382384921	13.2121037586	-13.7353000641	58.126701355	-74.1283493042	0.302628874769	0.0	0.0	0.0	0.0	0.0	0.0948678518632	1.0	2
1.0	1267.97998047	2.0	0.0	888.636413574	1.0	0.0	0.0	10.0	0.0	0.0	0.0	0.0	0.0	0.0	0.0	0.0	2.0	0.0	0.0	0.0	0.0	0.0	3.32853558443e-09	1.0	2
1.0	968.309020996	1.0	1.0	466.18838501	2.0	2.0	54.6000003815	1.92658506258	0.0130936782807	-0.976921975613	0.213194683194	2.78382384921	13.2121037586	-13.7353000641	58.126701355	-74.1283493042	0.302628874769	0.0	0.0	0.0	0.0	0.0	0.226564884115	1.0	2
1.0	475.35333252	2.0	0.0	489.422180176	1.0	0.0	0.0	10.0	0.0	0.0	0.0	0.0	0.0	0.0	0.0	0.0	2.0	0.0	0.0	0.0	0.0	0.0	3.32853558443e-09	0.0	2
1.0	207.011291504	2.0	2.0	268.342010498	1.0	1.0	28.1999998093	0.0	0.994902074337	0.0	-0.10084592551	4.74275374248	1.10961680213	-9.49522018433	77.6538009644	-53.1018486023	0.735991612946	1.0	8.43999958038	9.27999973297	0.0	8.43999958038	0.247853952666	1.0	2
1.0	388.357788086	4.0	2.0	4283.8046875	3.0	2.0	75.6999988556	1.91020417885	0.274817228317	-0.89187592268	-0.35921138525	10.6772199273	18.4382856466	-7.38124990463	58.0796508789	-67.6238479614	0.933327605985	0.0	0.0	0.0	0.0	0.0	0.329951114582	1.0	2
1.0	948.222839355	4.0	3.0	4773.22705078	4.0	3.0	94.599998951	1.91020417885	0.274817228317	-0.89187592268	-0.35921138525	10.6772199273	18.4382856466	-7.38124990463	58.0796508789	-67.6238479614	0.933327605985	0.0	0.0	0.0	0.0	0.0	0.773233870192	1.0	2
1.0	739.175292969	4.0	0.0	1844.28210449	2.0	0.0	0.0	10.0	0.0	0.0	0.0	0.0	0.0	0.0	0.0	0.0	2.0	0.0	0.0	0.0	0.0	0.0	3.32853558443e-09	1.0	2
1.0	184.302993774	1.0	0.0	571.763000488	1.0	0.0	0.0	10.0	0.0	0.0	0.0	0.0	0.0	0.0	0.0	0.0	2.0	0.0	0.0	0.0	0.0	0.0	3.32853558443e-09	0.0	2
1.0	621.91229248	4.0	4.0	3357.48999023	4.0	4.0	76.4800007343	2.21121235679	-0.0414405316114	0.0286955609918	-0.998728811741	16.006107715	3.44936791724	-2.83851003647	81.1943511963	-44.3334999084	0.519138661421	0.0	0.0	0.0	0.0	0.0	0.389599697257	1.0	2
1.0	373.398010254	3.0	3.0	3418.00219727	5.0	4.0	56.4000005722	0.0	-0.0472551360726	0.972107887268	-0.229724273086	1.90677566321	38.0992734745	-15.003950119	59.8712005615	-76.8322982788	0.193295741552	1.0	9.42000007629	9.42000007629	0.0	9.42000007629	0.246203237743	1.0	2
1.0	380.611999512	2.0	0.0	1510.62194824	3.0	0.0	0.0	10.0	0.0	0.0	0.0	0.0	0.0	0.0	0.0	0.0	2.0	0.0	0.0	0.0	0.0	0.0	3.32853558443e-09	1.0	2
1.0	196.309005737	1.0	0.0	1032.85827637	2.0	0.0	0.0	10.0	0.0	0.0	0.0	0.0	0.0	0.0	0.0	0.0	2.0	0.0	0.0	0.0	0.0	0.0	3.32853558443e-09	1.0	2
1.0	313.186004639	1.0	0.0	1023.09552002	2.0	0.0	0.0	10.0	0.0	0.0	0.0	0.0	0.0	0.0	0.0	0.0	2.0	0.0	0.0	0.0	0.0	0.0	3.32853558443e-09	0.0	2
1.0	1227.18701172	3.0	0.0	1615.57849121	2.0	0.0	0.0	10.0	0.0	0.0	0.0	0.0	0.0	0.0	0.0	0.0	2.0	0.0	0.0	0.0	0.0	0.0	3.32853558443e-09	1.0	2
1.0	548.153991699	1.0	0.0	1023.09552002	2.0	0.0	0.0	10.0	0.0	0.0	0.0	0.0	0.0	0.0	0.0	0.0	2.0	0.0	0.0	0.0	0.0	0.0	3.32853558443e-09	1.0	2
1.0	602.462524414	2.0	2.0	2700.87792969	3.0	2.0	37.1800003052	0.0	-0.106021627784	0.937814056873	-0.330551415682	8.61501782701	20.0636714722	-1.61092495918	64.6430969238	-35.5119514465	0.819112881542	2.0	5.38000011444	13.3199996948	2.0	8.38000011444	0.363982532018	1.0	2
1.0	38.6134986877	1.0	1.0	1297.66796875	2.0	1.0	15.6800003052	2.35613670178	-0.300647646189	-0.941428542137	-0.152719795704	1.12586887419	21.6576067941	-28.6058006287	53.7488021851	-74.3733062744	0.315705723525	0.0	0.0	0.0	0.0	0.0	0.142083146946	1.0	2
1.0	725.17199707	1.0	0.0	572.396972656	1.0	0.0	0.0	10.0	0.0	0.0	0.0	0.0	0.0	0.0	0.0	0.0	2.0	0.0	0.0	0.0	0.0	0.0	3.32853558443e-09	0.0	2
1.0	3230.34008789	3.0	3.0	4088.03686523	5.0	5.0	105.439998865	0.0	-0.992694854736	0.0704839378595	0.0979232415557	25.6780134082	23.1997202728	-4.66308498383	60.3740005493	-55.6051025391	0.364457234502	1.0	9.96000003815	10.5	0.0	9.96000003815	0.97756290251	1.0	2
1.0	2869.40087891	3.0	3.0	4448.97607422	5.0	3.0	41.3800001144	0.0	0.992694854736	-0.0704839378595	-0.0979232415557	33.1041906292	23.6059436009	-4.66308498383	60.3740005493	-55.6051025391	0.364457234502	1.0	9.96000003815	10.5	0.0	9.96000003815	0.935713527898	1.0	2
1.0	3322.48803711	4.0	3.0	3995.88891602	4.0	3.0	87.2200012207	0.0	0.992694854736	-0.0704839378595	-0.0979232415557	22.5522596658	23.6059436009	-4.66308498383	60.3740005493	-55.6051025391	0.364457234502	1.0	9.96000003815	10.5	0.0	9.96000003815	0.979502781643	1.0	2
1.0	2572.14404297	2.0	2.0	4008.35009766	4.0	2.0	26.0599994659	3.1248199411	-0.231219112873	-0.539944767952	-0.809319078922	22.031870716	19.9548370274	-2.44432997704	67.454750061	-49.4862976074	0.913143102067	0.0	0.0	0.0	0.0	0.0	0.826457502376	1.0	2
1.0	3206.46191406	3.0	3.0	4111.91503906	4.0	3.0	99.720000267	2.26724721776	-0.0588240511715	-0.984725236893	0.1638777107	1.80352320057	27.6551735922	-3.48785996437	65.1838531494	-74.4909057617	0.458442888912	0.0	0.0	0.0	0.0	0.0	0.975717358799	1.0	2
1.0	2035.49902344	3.0	1.0	476.964996338	1.0	1.0	10.2600002289	0.0	0.992694854736	-0.0704839378595	-0.0979232415557	33.1041906292	2.75763302839	-4.66308498383	60.3740005493	-55.6051025391	0.364457234502	1.0	9.96000003815	10.5	0.0	9.96000003815	0.197328185333	1.0	2
1.0	2983.97314453	4.0	4.0	4334.40380859	5.0	4.0	74.9200000763	0.0	0.992685556412	-0.0704803317785	-0.0980200022459	5.61896403016	16.6157470002	-11.5935497284	73.0505981445	-70.3593444824	0.95891897569	2.0	8.96000003815	18.2199997902	0.0	9.96000003815	0.976525987907	1.0	2
1.0	2463.4140625	2.0	1.0	2559.60400391	3.0	1.0	9.92000007629	3.14986824487	0.427343785763	-0.554941892624	-0.713734388351	2.0561138156	2.092296084	-15.4875001907	86.1117019653	-54.7803497314	0.148297572299	0.0	0.0	0.0	0.0	0.0	0.418279668362	1.0	2
1.0	3207.91601562	4.0	3.0	3254.70605469	5.0	4.0	71.1600008011	0.0	-0.992685556412	0.0704803317785	0.0980200022459	10.7647872795	16.4479480006	-11.5935497284	73.0505981445	-70.3593444824	0.95891897569	2.0	8.96000003815	18.2199997902	0.0	9.96000003815	0.982306987244	1.0	2
1.0	592.343994141	2.0	1.0	1087.43896484	1.0	1.0	16.0200004578	2.69045352544	0.349946290255	-0.853763699532	-0.385519325733	6.23721485998	0.0	-16.229549408	71.5195007324	-70.1226959229	0.0443832632398	0.0	0.0	0.0	0.0	0.0	-1.0	0.0	3
1.0	4745.22021484	4.0	2.0	3409.86816406	8.0	3.0	46.4400014877	0.0	-0.999275803566	-0.0343800373375	-0.0163056347519	16.534239072	51.4555579088	-21.9051017761	81.5174026489	-56.3201522827	0.814241646314	0.0	0.0	0.0	1.0	16.5599994659	0.971712523926	1.0	3
1.0	3857.87133789	4.0	1.0	2204.859375	6.0	1.0	16.0200004578	2.69045352544	0.349946290255	-0.853763699532	-0.385519325733	6.23721485998	26.3587833076	-16.229549408	71.5195007324	-70.1226959229	0.0443832632398	0.0	0.0	0.0	0.0	0.0	0.573409544061	1.0	3
1.0	699.041015625	3.0	2.0	1383.90893555	3.0	3.0	61.8400008678	2.5821250633	0.869671940804	-0.378411591053	-0.31697845459	0.0	15.3384572419	-21.8298988342	55.9284973145	-75.9494018555	0.16411199445	0.0	0.0	0.0	0.0	0.0	0.23709973691	1.0	3
1.0	450.606994629	2.0	1.0	1987.22692871	3.0	2.0	22.8200006485	2.69045352544	0.349946290255	-0.853763699532	-0.385519325733	6.23721485998	21.4908922113	-16.229549408	71.5195007324	-70.1226959229	0.0443832632398	0.0	0.0	0.0	0.0	0.0	0.0531239403639	1.0	3
1.0	592.343994141	2.0	0.0	898.797973633	1.0	0.0	0.0	10.0	0.0	0.0	0.0	0.0	0.0	0.0	0.0	0.0	2.0	0.0	0.0	0.0	0.0	0.0	3.32853558443e-09	1.0	3
1.0	563.465026855	1.0	0.0	1018.6550293	2.0	0.0	0.0	10.0	0.0	0.0	0.0	0.0	0.0	0.0	0.0	0.0	2.0	0.0	0.0	0.0	0.0	0.0	3.32853558443e-09	0.0	3
1.0	4884.94775391	5.0	4.0	5391.55029297	8.0	4.0	89.4000003338	0.0	-0.00326735060662	-0.994232594967	0.107195578516	28.0002619615	17.71691361	-18.2276000977	76.105255127	-66.7440948486	0.852140192234	6.0	9.72000026703	32.8800001144	4.0	20.9200000763	0.9925369922	1.0	3
1.0	1328.62756348	5.0	2.0	3150.13232422	7.0	2.0	0.0	10.0	0.0	0.0	0.0	0.0	0.0	0.0	0.0	0.0	2.0	2.0	15.9799995422	12.4400005341	1.0	15.9799995422	0.512102505719	1.0	3
1.0	5357.05126953	7.0	2.0	3942.40576172	5.0	3.0	16.9800000191	0.0	-0.00328718847595	-0.994232952595	0.107191726565	32.9773075471	4.26751302205	-1.44735002518	33.6539497375	-57.1878967285	0.95243904175	3.0	7.11999988556	27.1000003815	0.0	25.0799999237	0.998417511184	1.0	3
1.0	2783.18505859	2.0	0.0	1893.87597656	3.0	0.0	0.0	10.0	0.0	0.0	0.0	0.0	0.0	0.0	0.0	0.0	2.0	0.0	0.0	0.0	0.0	0.0	3.32853558443e-09	1.0	3
1.0	3330.64990234	2.0	0.0	957.729309082	3.0	0.0	0.0	10.0	0.0	0.0	0.0	0.0	0.0	0.0	0.0	0.0	2.0	0.0	0.0	0.0	0.0	0.0	3.32853558443e-09	1.0	3
1.0	4114.32226562	4.0	2.0	4125.26269531	4.0	2.0	26.2999992371	2.5776210408	-0.969996571541	-0.126456871629	0.207642316818	10.0301876993	17.0587083392	-4.14313316345	68.5521011353	-73.6723937988	0.607131652771	0.0	0.0	0.0	0.0	0.0	0.986824259352	1.0	3
1.0	3091.93994141	2.0	0.0	1706.74401855	3.0	0.0	0.0	10.0	0.0	0.0	0.0	0.0	0.0	0.0	0.0	0.0	2.0	0.0	0.0	0.0	0.0	0.0	3.32853558443e-09	1.0	3
1.0	182.188598633	2.0	1.0	519.90814209	1.0	1.0	1.62000000477	3.81941097052	-0.856785595417	-0.158466383815	-0.490720808506	1.97455178736	7.50587923828	-13.3164396286	65.0581512451	-61.7886962891	0.502672744216	0.0	0.0	0.0	0.0	0.0	-1.0	0.0	3
1.0	1777.47436523	4.0	2.0	1778.85046387	5.0	2.0	33.1599998474	0.0	-0.995689451694	0.0703896507621	0.0603974983096	15.6470881388	42.3979873133	-4.79646492004	66.7725524902	-47.1676483154	0.455306261891	1.0	6.28000020981	6.05999994278	1.0	6.28000020981	0.438372975387	1.0	3
1.0	396.479614258	3.0	1.0	573.33770752	2.0	1.0	1.62000000477	3.81941097052	-0.856785595417	-0.158466383815	-0.490720808506	1.97455178736	15.0157875821	-13.3164396286	65.0581512451	-61.7886962891	0.502672744216	0.0	0.0	0.0	0.0	0.0	0.105079661378	1.0	3
1.0	457.084197998	3.0	1.0	749.208679199	4.0	1.0	4.05999994278	3.14625810867	-0.16518984735	0.949482142925	-0.266825646162	7.12378914953	3.91072768067	-3.72698497772	59.3741531372	-47.6023483276	0.958135088814	0.0	0.0	0.0	0.0	0.0	0.0963798470523	1.0	3
1.0	855.344238281	3.0	2.0	594.012512207	3.0	3.0	45.4199997187	0.0	-0.995689570904	0.0703867897391	0.060398068279	14.0338808189	7.73899125663	-27.6689491272	62.7212524414	-63.0928497314	0.143547397598	3.0	6.28000020981	26.2999997139	1.0	6.28000020981	0.298267698625	1.0	3
1.0	589.518005371	1.0	0.0	1050.48901367	1.0	0.0	0.0	10.0	0.0	0.0	0.0	0.0	0.0	0.0	0.0	0.0	2.0	0.0	0.0	0.0	0.0	0.0	3.32853558443e-09	0.0	3
1.0	3054.64672852	6.0	2.0	2949.34106445	3.0	2.0	29.5400009155	0.0	-0.99926251173	0.0310850273818	0.0225434154272	1.77332440687	28.3440036735	-21.7000999451	62.0970993042	-73.2512512207	0.846680575263	3.0	8.69999980927	41.5399999619	0.0	15.8999996185	0.983840049089	1.0	3
1.0	3476.77929688	7.0	4.0	5792.55859375	10.0	4.0	130.70000124	0.0	0.999265551567	-0.0309859998524	-0.0225432571024	21.7183037918	39.5615577207	-5.40116500854	44.1219482422	-60.417049408	0.820262849845	4.0	8.69999980927	53.2400007248	2.0	14.3400001526	0.973122795641	1.0	3
1.0	3696.6315918	5.0	3.0	2107.96899414	7.0	2.0	50.6399998665	0.0	-0.99926251173	0.0310850273818	0.0225434154272	1.77332440687	36.8613597036	-21.7000999451	62.0970993042	-73.2512512207	0.846680575263	2.0	8.69999980927	19.5399999619	0.0	9.69999980927	0.991825616078	1.0	3
1.0	790.107971191	1.0	0.0	1354.10302734	2.0	0.0	0.0	10.0	0.0	0.0	0.0	0.0	0.0	0.0	0.0	0.0	2.0	0.0	0.0	0.0	0.0	0.0	3.32853558443e-09	1.0	3
1.0	294.775299072	2.0	2.0	2117.69799805	4.0	2.0	41.4599995613	0.0	-0.999265551567	0.0309857018292	0.0225430410355	11.7925314543	17.3731374953	-5.85474967957	59.5386505127	-59.9048500061	0.749339452051	2.0	5.96000003815	15.8600006104	0.0	9.84000015259	0.340094163267	1.0	3
1.0	1574.61328125	2.0	1.0	569.289978027	1.0	1.0	15.4600000381	2.9637307552	-0.358134239912	-0.858784675598	-0.366372466087	17.0175212536	0.0	-10.7231292725	62.0431480408	-70.9671478271	0.033766966375	0.0	0.0	0.0	0.0	0.0	-1.0	0.0	3
1.0	3510.47070312	5.0	3.0	4619.86865234	6.0	4.0	105.480000734	0.0	-0.00764439441264	0.965312719345	-0.260984539986	5.87202867314	23.4073479963	-3.80520009995	45.6615524292	-60.507598877	0.590796312714	2.0	9.30000019073	21.0999994278	0.0	11.720000267	0.997112498356	1.0	3
1.0	1490.14306641	2.0	2.0	653.760192871	2.0	2.0	21.6399998665	0.0	-0.999440491199	0.0	0.0334466956556	1.01666875321	2.17569626445	-19.7156486511	72.4311981201	-65.4304046631	0.488674094844	0.0	0.0	0.0	1.0	13.5	0.263870005897	1.0	3
1.0	2796.03588867	5.0	3.0	3556.14941406	9.0	4.0	48.9499997646	1.18291587428	-0.721019148827	-0.66241389513	0.203320547938	28.1348707985	42.7147117998	-25.4000492096	79.7664489746	-51.1315498352	0.935698978998	0.0	0.0	0.0	0.0	0.0	0.971737111185	1.0	3
1.0	1974.76916504	4.0	2.0	569.289978027	1.0	1.0	33.5199995041	2.4593007291	0.835527300835	-0.517909288406	-0.183477893472	2.03353741085	7.46168878904	-19.0066986084	55.075302124	-75.9571533203	0.908070228678	0.0	0.0	0.0	0.0	0.0	0.251562431749	1.0	3
1.0	1745.55297852	4.0	2.0	1857.08886719	4.0	3.0	60.0799999237	2.4593007291	0.835527300835	-0.517909288406	-0.183477893472	2.03353741085	23.2344139488	-19.0066986084	55.075302124	-75.9571533203	0.908070228678	0.0	0.0	0.0	0.0	0.0	0.967818257956	1.0	3
1.0	967.773193359	2.0	2.0	1176.13000488	2.0	2.0	66.899998188	0.0	0.999440491199	0.0	-0.0334466956556	4.06707813952	33.084276016	-19.7156486511	72.4311981201	-65.4304046631	0.488674094844	0.0	0.0	0.0	1.0	13.5	0.673643257808	1.0	3
1.0	976.423950195	2.0	2.0	1679.78198242	6.0	1.0	25.9000000954	2.62975280644	0.147206261754	-0.989097177982	0.00413595233113	17.0798508989	23.361982705	-2.99537992477	70.3211975098	-50.2196998596	0.325702505761	0.0	0.0	0.0	0.0	0.0	0.997187538717	1.0	3
1.0	972.190979004	3.0	3.0	2987.36938477	5.0	3.0	50.3899993449	1.18291587428	-0.721019148827	-0.66241389513	0.203320547938	33.7207416276	3.61292699818	-25.4000492096	79.7664489746	-51.1315498352	0.935698978998	0.0	0.0	0.0	0.0	0.0	0.936312666147	1.0	3
1.0	2546.42480469	5.0	5.0	2824.17333984	5.0	4.0	169.149998143	0.0	-0.999440729618	0.0	0.0334403216839	28.5936872346	29.8732673521	-4.21790981293	46.8282012939	-57.2331008911	0.994387960205	1.0	9.30000019073	8.03999996185	0.0	9.30000019073	0.983868252274	1.0	3
