valid	extremitiesValid	extremity1x	extremity1y	extremity1z	extremity2x	extremity2y	extremity2z	gravityCenter_x	gravityCenter_y	gravityCenter_z	normalValid	normal_x	normal_y	normal_z	direction_x	direction_y	direction_z	volume	geodesicDepthMax	geodesicDepthMin	connectedComponentsAllRels	connectedComponents	pureCortical	distanceBetweenComponentsMax	plisDePassage	hullJunctionsSize	Potential	Class	cycle
1.0	1.0	-3.38800001144	41.8372993469	-37.9679985046	-2.55230998993	36.7473983765	-47.9641990662	-6.17572021484	38.2621002197	-43.0550003052	1.0	0.0919643938541	-0.993735849857	-0.0634942948818	-0.048175830394	-0.26992815733	-0.961674511433	61.8311004639	9.60000038147	0.0	1.0	1.0	0.0	0.0	0.0	32.9589996338	1.0	1.0	1
1.0	1.0	-3.38800001144	41.8372993469	-37.9679985046	-2.55230998993	36.7473983765	-47.9641990662	-6.17572021484	38.2621002197	-43.0550003052	1.0	0.0919643938541	-0.993735849857	-0.0634942948818	-0.048175830394	-0.26992815733	-0.961674511433	61.8311004639	9.60000038147	0.0	1.0	1.0	0.0	0.0	0.0	32.9589996338	1.0	1.0	1
1.0	1.0	-3.38800001144	41.8372993469	-37.9679985046	-2.55230998993	36.7473983765	-47.9641990662	-6.17572021484	38.2621002197	-43.0550003052	1.0	0.0919643938541	-0.993735849857	-0.0634942948818	-0.048175830394	-0.26992815733	-0.961674511433	61.8311004639	9.60000038147	0.0	1.0	1.0	0.0	0.0	0.0	32.9589996338	1.0	1.0	1
1.0	1.0	-1.41222000122	32.2942008972	-53.9370994568	1.92479002476	21.3339996338	-61.2793998718	-4.92684984207	25.5249996185	-56.7405014038	1.0	-0.361276954412	0.706773877144	-0.608234882355	0.120855048299	-0.7814412117	-0.612163186073	110.122001648	11.6800003052	0.0	1.0	1.0	0.0	0.0	0.0	40.0780982971	1.0	1.0	1
1.0	1.0	-2.50574994087	52.2238998413	-60.4039001465	0.373778998852	15.5500001907	-57.8667984009	-6.38671112061	34.4996986389	-55.4664268494	1.0	-0.341465234756	-0.152872130275	-0.927378892899	0.0667126327753	-0.990312516689	-0.121780559421	570.334716797	15.8999996185	0.0	1.0	1.0	0.0	0.0	1.0	179.296798706	1.0	1.0	1
1.0	1.0	-8.15830993652	59.3106994629	-75.8526992798	0.373778998852	15.5500001907	-57.8667984009	-6.60915565491	38.3893089294	-57.5198745728	1.0	-0.227069050074	-0.366569191217	-0.902256369591	0.139075800776	-0.980351150036	0.139890700579	716.616699219	15.8999996185	0.0	1.0	1.0	0.0	0.0	1.0	242.57800293	1.0	1.0	1
1.0	1.0	-2.23752999306	22.9897003174	-55.6162986755	-15.7756004333	30.497800827	-78.6350021362	-9.48536872864	26.2204761505	-69.055305481	1.0	-0.405535936356	-0.817402780056	-0.409137278795	0.751755595207	-0.551798462868	-0.361084461212	104.220993042	9.47999954224	0.0	2.0	2.0	0.0	30.0	0.0	48.3399009705	1.0	1.0	1
1.0	1.0	-15.7756004333	30.497800827	-78.6350021362	-5.39256000519	24.5723991394	-75.6821975708	-11.6883001328	27.6525993347	-73.604598999	1.0	-0.369257181883	-0.927760362625	-0.0539439208806	0.887198150158	-0.461341112852	0.00661951117218	71.2176971436	9.47999954224	0.0	1.0	1.0	0.0	0.0	0.0	32.8711013794	1.0	1.0	1
1.0	1.0	-2.23752999306	22.9897003174	-55.6162986755	-1.98671996593	19.1994991302	-63.1957015991	-4.7316699028	23.1301002502	-59.2383995056	1.0	0.23029486835	0.860118508339	-0.455148726702	-0.0275583043694	-0.389500021935	-0.920614123344	33.0032997131	6.96000003815	0.0	1.0	1.0	0.0	0.0	0.0	15.4687995911	1.0	1.0	1
1.0	1.0	-1.29610002041	35.278301239	-42.2458000183	-1.3299100399	16.6245994568	-70.387802124	-6.54602146149	26.4214038849	-54.9453544617	1.0	-0.363003343344	-0.445975452662	-0.81812864542	-0.107018940151	-0.941753327847	0.318822354078	297.981689453	15.8199996948	0.0	2.0	2.0	0.0	30.0	1.0	132.907608032	1.0	1.0	1
1.0	1.0	-0.821106016636	37.9911003113	-56.9878997803	-4.29721021652	12.4484996796	-58.0561981201	-7.03643846512	28.1353988647	-58.2019958496	1.0	-0.395210325718	0.212541818619	-0.893663704395	-0.107718423009	-0.953797876835	-0.280474931002	397.949401855	15.8199996948	0.0	1.0	1.0	0.0	0.0	1.0	155.278198242	1.0	1.0	1
1.0	1.0	-1.29610002041	35.278301239	-42.2458000183	-2.00857996941	42.3311004639	-52.5242996216	-4.38234996796	38.9989013672	-47.6455993652	1.0	-0.349611133337	-0.761224269867	-0.546177268028	-0.0361583977938	-0.566063940525	0.823567867279	38.4492988586	9.72000026703	0.0	1.0	1.0	0.0	0.0	0.0	23.6865005493	1.0	1.0	1
1.0	1.0	5.51786994934	48.0509986877	-60.738899231	5.6750202179	36.5993995667	-68.9337997437	2.62105989456	41.2849006653	-63.7356987	1.0	-0.668428897858	0.534331858158	-0.517389953136	0.0243469960988	-0.739289939404	-0.672946929932	20.9790000916	4.13999986649	0.0	1.0	1.0	0.0	0.0	0.0	34.2773017883	-1.0	0.0	1
1.0	1.0	4.62275981903	63.4516983032	-70.8182983398	1.31770002842	23.5645008087	-68.7432022095	-4.41155290604	44.328666687	-54.5352554321	1.0	-0.530756235123	-0.0536759234965	-0.845823168755	-0.093104749918	-0.951542079449	0.293085604906	645.413208008	20.1800003052	0.0	1.0	1.0	0.0	0.0	0.0	130.078094482	0.997450989386	1.0	1
1.0	1.0	4.62275981903	63.4516983032	-70.8182983398	1.31770002842	23.5645008087	-68.7432022095	-4.33167886734	43.6560058594	-54.416343689	1.0	-0.523699760437	-0.10637280345	-0.845235645771	-0.0900939553976	-0.944370269775	0.316303610802	686.137084961	20.1800003052	0.0	1.0	1.0	0.0	0.0	0.0	147.65625	0.998302947823	1.0	1
1.0	1.0	4.62275981903	63.4516983032	-70.8182983398	1.31770002842	23.5645008087	-68.7432022095	-4.36313962936	44.2852592468	-54.4189605713	1.0	-0.529772222042	-0.0687702298164	-0.845347344875	-0.093104749918	-0.951542079449	0.293085604906	656.519714355	20.1800003052	0.0	1.0	1.0	0.0	0.0	0.0	136.230438232	0.99771863425	1.0	1
1.0	1.0	4.62275981903	63.4516983032	-70.8182983398	2.16518998146	30.7222995758	-56.1781005859	-4.37859869003	46.6069297791	-53.8370933533	1.0	-0.540312886238	-0.178381249309	-0.82233941555	-0.0894605815411	-0.909685611725	0.405547767878	578.773986816	20.1800003052	0.0	1.0	2.0	1.0	5.0	0.0	131.835906982	1.0	1.0	1
1.0	1.0	4.62275981903	63.4516983032	-70.8182983398	2.16518998146	30.7222995758	-56.1781005859	-4.37859869003	46.6069297791	-53.8370933533	1.0	-0.540312886238	-0.178381249309	-0.82233941555	-0.0894605815411	-0.909685611725	0.405547767878	578.773986816	20.1800003052	0.0	1.0	2.0	1.0	5.0	0.0	131.835906982	1.0	1.0	1
1.0	1.0	4.62275981903	63.4516983032	-70.8182983398	1.31770002842	23.5645008087	-68.7432022095	-4.19015550613	44.2328453064	-54.8249015808	1.0	-0.539930820465	-0.0332952737808	-0.841050565243	-0.0904794633389	-0.960479080677	0.263236433268	666.392211914	20.1800003052	0.0	1.0	2.0	1.0	5.0	0.0	164.355407715	1.0	1.0	1
1.0	1.0	4.62275981903	63.4516983032	-70.8182983398	1.31770002842	23.5645008087	-68.7432022095	-4.19015550613	44.2328453064	-54.8249015808	1.0	-0.539930820465	-0.0332952737808	-0.841050565243	-0.0904794633389	-0.960479080677	0.263236433268	666.392211914	20.1800003052	0.0	1.0	2.0	1.0	5.0	0.0	164.355407715	1.0	1.0	1
1.0	1.0	5.51786994934	48.0509986877	-60.738899231	1.31770002842	23.5645008087	-68.7432022095	-1.87003731728	31.0105552673	-61.810874939	1.0	-0.23867918551	0.896887004375	-0.372325092554	-0.0121788997203	-0.533856093884	-0.845487594604	108.597198486	13.1000003815	0.0	1.0	2.0	1.0	8.64332008362	0.0	66.7967987061	1.0	1.0	1
1.0	1.0	-8.18937015533	50.4429016113	-63.7484016418	-6.73433017731	35.7658996582	-65.4985961914	-8.90880966187	42.4045982361	-62.8958053589	1.0	-0.455252110958	-0.127935037017	-0.881123244762	0.064715385437	-0.996374726295	0.0552200898528	43.8306999207	6.30000019073	0.0	1.0	1.0	0.0	0.0	0.0	49.1309013367	-1.0	0.0	1
1.0	1.0	-5.57762002945	50.5323982239	-49.9039001465	-16.8055000305	50.7144012451	-76.8888015747	-11.7822999954	51.8263053894	-61.0311012268	1.0	-0.408601015806	0.908296108246	0.0896850079298	-0.351233035326	-0.0349869020283	-0.935634076595	165.945007324	11.8599996567	0.0	1.0	1.0	0.0	0.0	0.0	64.1602020264	1.0	1.0	1
1.0	1.0	-5.57762002945	50.5323982239	-49.9039001465	-16.8055000305	50.7144012451	-76.8888015747	-11.7822999954	51.8263053894	-61.0311012268	1.0	-0.408601015806	0.908296108246	0.0896850079298	-0.351233035326	-0.0349869020283	-0.935634076595	165.945007324	11.8599996567	0.0	1.0	1.0	0.0	0.0	0.0	64.1602020264	1.0	1.0	1
1.0	1.0	-8.15637016296	54.1214981079	-62.1450004578	-4.25052976608	21.5638008118	-66.7754974365	-9.59533977509	30.8776435852	-60.4183273315	1.0	-0.122164025903	0.943584263325	-0.307773768902	-0.163517683744	-0.18478295207	-0.969080626965	243.292800903	12.0399999619	0.0	2.0	3.0	1.0	7.55837011337	0.0	100.195304871	1.0	1.0	1
1.0	1.0	-2.33704996109	25.6991004944	-51.5878982544	-3.24390006065	16.4738006592	-61.6848983765	-6.46119022369	22.3013000488	-57.1503982544	1.0	-0.0464790314436	0.79649245739	-0.602859377861	-0.0320197828114	-0.754929602146	-0.655023574829	65.5867004395	10.2600002289	0.0	1.0	1.0	0.0	0.0	0.0	39.0	1.0	1.0	1
1.0	1.0	-2.33704996109	25.6991004944	-51.5878982544	-3.24390006065	16.4738006592	-61.6848983765	-6.46119022369	22.3013000488	-57.1503982544	1.0	-0.0464790314436	0.79649245739	-0.602859377861	-0.0320197828114	-0.754929602146	-0.655023574829	65.5867004395	10.2600002289	0.0	1.0	1.0	0.0	0.0	0.0	39.0	1.0	1.0	1
1.0	1.0	-1.30057001114	23.1408004761	-48.695098877	-3.24390006065	16.4738006592	-61.6848983765	-7.15107679367	26.3373622894	-53.4198379517	1.0	-0.134369716048	0.589204013348	-0.796732962132	-0.012166515924	-0.883603215218	-0.468078285456	95.2863006592	14.6800003052	0.0	2.0	2.0	0.0	30.0	0.0	56.0	1.0	1.0	1
1.0	1.0	-2.29590988159	12.5708999634	-56.4887008667	-12.9105997086	29.0704994202	-80.6103973389	-8.7930431366	18.613445282	-65.9892120361	1.0	-0.0045135980472	-0.886876344681	-0.461984813213	0.0889012813568	-0.596255123615	0.797857344151	103.177398682	10.1599998474	0.0	2.0	2.0	0.0	30.0	0.0	60.0	1.0	1.0	1
1.0	1.0	-12.9105997086	29.0704994202	-80.6103973389	-10.7481002808	24.356300354	-77.9794998169	-14.6491994858	26.7159004211	-76.110496521	1.0	-0.529828906059	-0.756703853607	-0.382988899946	0.412053912878	-0.751814901829	0.514767885208	28.3738002777	9.68000030518	0.0	1.0	1.0	0.0	0.0	0.0	17.0	1.0	1.0	1
1.0	1.0	-2.31317996979	18.9349994659	-55.5316009521	-4.48861980438	13.7887001038	-57.4445991516	-7.43728065491	15.6467990875	-54.5690002441	1.0	-0.460157096386	0.63446611166	-0.621054112911	-0.0863593220711	-0.9820291996	-0.167812049389	36.1120986938	11.1000003815	0.0	1.0	1.0	0.0	0.0	0.0	18.0	1.0	1.0	1
1.0	1.0	-4.46397018433	31.5466995239	-56.1054992676	-0.789040029049	32.2574005127	-74.7216033936	-5.41804933548	32.2439002991	-64.1148986816	1.0	-0.111864000559	0.992630004883	0.0466063991189	0.107171952724	0.061110176146	-0.992360651493	97.2081985474	9.15999984741	0.0	1.0	1.0	0.0	0.0	0.0	53.0	1.0	1.0	1
1.0	1.0	-4.46397018433	31.5466995239	-56.1054992676	-0.789040029049	32.2574005127	-74.7216033936	-5.41804933548	32.2439002991	-64.1148986816	1.0	-0.111864000559	0.992630004883	0.0466063991189	0.107171952724	0.061110176146	-0.992360651493	97.2081985474	9.15999984741	0.0	1.0	1.0	0.0	0.0	0.0	53.0	1.0	1.0	1
1.0	1.0	-4.46397018433	31.5466995239	-56.1054992676	-0.789040029049	32.2574005127	-74.7216033936	-5.41804933548	32.2439002991	-64.1148986816	1.0	-0.111864000559	0.992630004883	0.0466063991189	0.107171952724	0.061110176146	-0.992360651493	97.2081985474	9.15999984741	0.0	1.0	1.0	0.0	0.0	0.0	53.0	1.0	1.0	1
1.0	1.0	-4.546189785	28.7479991913	-49.1413993835	-6.10087013245	29.5249996185	-83.164100647	-9.94318580627	36.6617965698	-56.2012367249	1.0	-0.494481563568	-0.0495151765645	-0.867776632309	0.0594999305904	-0.998132824898	0.0138056343421	533.511413574	17.2600002289	0.0	1.0	2.0	1.0	8.12403964996	0.0	198.0	1.0	1.0	1
1.0	1.0	-4.35116004944	50.6976013184	-59.7617988586	-4.546189785	28.7479991913	-49.1413993835	-10.8382997513	40.693901062	-51.9822006226	1.0	-0.336810827255	-0.574484705925	-0.746006608009	0.0988695845008	-0.822397828102	0.560255885124	337.403015137	17.2600002289	0.0	1.0	1.0	0.0	0.0	0.0	95.0	1.0	1.0	1
1.0	1.0	-4.546189785	28.7479991913	-49.1413993835	-6.10087013245	29.5249996185	-83.164100647	-10.1899557114	39.2736854553	-56.0550727844	1.0	-0.451528638601	-0.360920280218	-0.816001534462	0.0887887775898	-0.938370347023	0.334032207727	422.667419434	17.2600002289	0.0	1.0	2.0	1.0	8.12403964996	0.0	150.0	1.0	1.0	1
1.0	1.0	-5.70198011398	40.302898407	-52.659198761	-4.29289007187	47.9194984436	-68.8681030273	-8.89113044739	41.6062011719	-57.4970016479	1.0	0.297370046377	-0.868778169155	-0.395974099636	-0.0390814915299	-0.473619878292	0.879861831665	69.90650177	13.8400001526	0.0	1.0	1.0	0.0	0.0	0.0	49.0	1.0	1.0	1
1.0	1.0	-5.70198011398	40.302898407	-52.659198761	-4.29289007187	47.9194984436	-68.8681030273	-8.89113044739	41.6062011719	-57.4970016479	1.0	0.297370046377	-0.868778169155	-0.395974099636	-0.0390814915299	-0.473619878292	0.879861831665	69.90650177	13.8400001526	0.0	1.0	1.0	0.0	0.0	0.0	49.0	1.0	1.0	1
1.0	1.0	-5.70198011398	40.302898407	-52.659198761	-4.29289007187	47.9194984436	-68.8681030273	-8.89113044739	41.6062011719	-57.4970016479	1.0	0.297370046377	-0.868778169155	-0.395974099636	-0.0390814915299	-0.473619878292	0.879861831665	69.90650177	13.8400001526	0.0	1.0	1.0	0.0	0.0	0.0	49.0	1.0	1.0	1
1.0	1.0	-5.63770008087	47.3291015625	-54.8256988525	-3.45553994179	25.315700531	-52.6721992493	-12.3881998062	36.117401123	-49.0495986938	1.0	-0.610466718674	-0.253292888403	-0.750448644161	0.0908265113831	-0.985323190689	0.144529029727	320.588012695	20.6399993896	0.0	1.0	1.0	0.0	0.0	0.0	72.0	1.0	1.0	1
1.0	1.0	-4.54336977005	46.1105003357	-53.9221000671	-5.23918008804	54.876499176	-76.0266036987	-9.55943012238	50.9593009949	-61.9516983032	1.0	-0.058765411377	-0.901677131653	-0.428398102522	0.0302497074008	-0.491843104362	0.870158195496	174.069000244	14.6800003052	0.0	1.0	1.0	0.0	0.0	0.0	63.0	1.0	1.0	1
1.0	1.0	-5.63770008087	47.3291015625	-54.8256988525	-3.45553994179	25.315700531	-52.6721992493	-12.3881998062	36.117401123	-49.0495986938	1.0	-0.610466718674	-0.253292888403	-0.750448644161	0.0908265113831	-0.985323190689	0.144529029727	320.588012695	20.6399993896	0.0	1.0	1.0	0.0	0.0	0.0	72.0	1.0	1.0	1
1.0	1.0	-3.98781991005	46.4757995605	-79.5785980225	-4.380879879	30.5191993713	-59.2979011536	-6.05165576935	39.990272522	-69.4204864502	1.0	-0.117994114757	0.966961026192	-0.225973084569	0.135805591941	-0.151619747281	-0.979065001011	54.5357971191	6.42000007629	0.0	1.0	2.0	1.0	14.7648000717	0.0	86.0	1.0	1.0	1
1.0	1.0	-6.46645021439	49.6902999878	-65.834197998	-3.98781991005	46.4757995605	-79.5785980225	-6.56160020828	46.9384002686	-73.2649002075	1.0	-0.454916924238	0.859437823296	-0.233274951577	0.112998969853	-0.148879960179	-0.982377707958	29.638999939	6.26000022888	0.0	1.0	1.0	0.0	0.0	0.0	46.0	1.0	1.0	1
1.0	1.0	-6.46645021439	49.6902999878	-65.834197998	-3.98781991005	46.4757995605	-79.5785980225	-6.56160020828	46.9384002686	-73.2649002075	1.0	-0.454916924238	0.859437823296	-0.233274951577	0.112998969853	-0.148879960179	-0.982377707958	29.638999939	6.26000022888	0.0	1.0	1.0	0.0	0.0	0.0	46.0	1.0	1.0	1
1.0	1.0	-0.46984899044	48.1787986755	-54.266998291	-2.43452000618	29.9792003632	-59.7944984436	-2.61004781723	38.0836334229	-56.5232582092	1.0	-0.00135984865483	0.224334746599	-0.97451120615	-0.010568710044	-0.955045104027	-0.29627212882	87.9822998047	6.55999994278	0.0	1.0	1.0	0.0	0.0	0.0	69.6972961426	-1.0	0.0	1
1.0	1.0	-0.376450002193	35.1162986755	-57.3132019043	-2.43452000618	29.9792003632	-59.7944984436	-3.51749992371	32.8428993225	-57.5355987549	1.0	-0.0957029014826	0.40351998806	-0.909951984882	-0.144692987204	-0.877900958061	-0.456457972527	24.6968002319	6.55999994278	0.0	1.0	1.0	0.0	0.0	0.0	14.8535003662	0.306273083312	1.0	1
1.0	1.0	-0.376450002193	35.1162986755	-57.3132019043	-0.450531005859	12.7159004211	-54.8972015381	-3.46582984924	26.8167686462	-59.7236061096	1.0	0.0208865460008	0.792186796665	-0.609921216965	0.092849932611	-0.617857992649	-0.780788302422	98.7872009277	6.94000005722	0.0	1.0	2.0	1.0	8.4533996582	0.0	75.4101028442	1.0	1.0	1
1.0	1.0	-1.51660001278	26.4846992493	-54.929901123	1.03104996681	28.2026996613	-68.4150009155	-3.20302009583	28.531999588	-61.6529998779	1.0	0.142517969012	0.989563822746	0.0212640948594	0.176060006022	-0.0194615982473	-0.98418700695	52.4807014465	6.94000005722	0.0	1.0	1.0	0.0	0.0	0.0	39.9902000427	0.605835147597	1.0	1
1.0	1.0	-0.46984899044	48.1787986755	-54.266998291	1.03104996681	28.2026996613	-68.4150009155	-2.83159804344	34.5148887634	-58.4398651123	1.0	0.0666415318847	0.647298336029	-0.759317934513	0.0724994316697	-0.73413592577	-0.67512100935	140.462997437	6.94000005722	0.0	1.0	1.0	0.0	0.0	0.0	109.6875	0.256542236622	1.0	1
1.0	1.0	-1.15906000137	32.057598114	-60.6465988159	-0.469130992889	30.7541007996	-77.0944976807	-3.48797988892	31.7819023132	-67.2388000488	1.0	-0.192241922021	0.970332562923	-0.146620944142	0.0234620943666	-0.143591970205	-0.989358842373	56.3877983093	6.69999980927	0.0	1.0	1.0	0.0	0.0	0.0	42.1875	1.0	1.0	1
1.0	1.0	-1.90417003632	15.4400997162	-64.0373001099	0.110397003591	19.0104999542	-72.1971969604	-2.82523989677	16.9512996674	-67.0986022949	1.0	-0.00902796909213	-0.899480879307	-0.43686696887	-0.157605946064	-0.432106852531	0.887943685055	14.619099617	4.69999980927	0.0	1.0	1.0	0.0	0.0	0.0	18.4570007324	1.0	1.0	1
1.0	1.0	-0.469130992889	30.7541007996	-77.0944976807	-1.90417003632	15.4400997162	-64.0373001099	-3.35153317451	28.7285366058	-67.2099380493	1.0	-0.241579145193	0.915169715881	-0.322651416063	-0.0217154100537	-0.319038391113	-0.947492957115	71.0068969727	6.69999980927	0.0	1.0	2.0	1.0	10.3125	0.0	60.6445007324	1.0	1.0	1
1.0	1.0	-1.14400994778	51.1557998657	-61.9305992126	-1.80701005459	37.0592002869	-60.9486999512	-2.95413994789	44.3152999878	-60.8134040833	1.0	-0.112868018448	-0.136010035872	-0.984257102013	-0.050585784018	-0.996040701866	0.0731031671166	53.2116012573	6.69999980927	0.0	1.0	1.0	0.0	0.0	0.0	38.146900177	-1.0	0.0	1
1.0	1.0	-1.14400994778	51.1557998657	-61.9305992126	-13.4159002304	29.9412994385	-79.7182998657	-6.22154188156	39.5151824951	-68.0514526367	1.0	-0.449273079634	0.34154805541	-0.825529336929	-0.383065640926	-0.887106478214	0.257493466139	93.9028015137	7.80000019073	0.0	2.0	2.0	0.0	30.0	0.0	62.9423980713	1.0	1.0	1
1.0	1.0	-1.14400994778	51.1557998657	-61.9305992126	-1.62272000313	35.6237983704	-69.5205993652	-3.49342465401	40.1113624573	-61.0955314636	1.0	-0.0412169061601	0.647850394249	-0.760651707649	0.00739918462932	-0.742848515511	-0.669418692589	114.248504639	7.65999984741	0.0	1.0	1.0	0.0	0.0	0.0	75.3401947021	0.29604994077	1.0	1
1.0	1.0	-1.14400994778	51.1557998657	-61.9305992126	-13.4159002304	29.9412994385	-79.7182998657	-6.22154188156	39.5151824951	-68.0514526367	1.0	-0.449273079634	0.34154805541	-0.825529336929	-0.383065640926	-0.887106478214	0.257493466139	93.9028015137	7.80000019073	0.0	2.0	2.0	0.0	30.0	0.0	62.9423980713	1.0	1.0	1
1.0	1.0	-3.4356200695	42.4425010681	-46.1255989075	-13.5188999176	25.6944007874	-77.4648971558	-7.7767624855	35.6898536682	-60.9752426147	1.0	-0.00551880663261	0.963858127594	-0.266358911991	-0.0785318985581	-0.255868643522	-0.96351647377	409.504302979	15.2600002289	0.0	1.0	3.0	2.0	10.928899765	0.0	232.809204102	1.0	1.0	1
1.0	1.0	-3.4356200695	42.4425010681	-46.1255989075	-13.5188999176	25.6944007874	-77.4648971558	-7.7767624855	35.6898536682	-60.9752426147	1.0	-0.00551880663261	0.963858127594	-0.266358911991	-0.0785318985581	-0.255868643522	-0.96351647377	409.504302979	15.2600002289	0.0	1.0	3.0	2.0	10.928899765	0.0	232.809204102	1.0	1.0	1
1.0	1.0	-3.4356200695	42.4425010681	-46.1255989075	-13.5188999176	25.6944007874	-77.4648971558	-7.7767624855	35.6898536682	-60.9752426147	1.0	-0.00551880663261	0.963858127594	-0.266358911991	-0.0785318985581	-0.255868643522	-0.96351647377	409.504302979	15.2600002289	0.0	1.0	3.0	2.0	10.928899765	0.0	232.809204102	1.0	1.0	1
1.0	1.0	-7.10950994492	46.2823982239	-54.1310005188	-4.03504991531	28.0055007935	-64.7343978882	-7.93649244308	43.8477020264	-60.4963302612	1.0	0.0901137813926	0.87007945776	-0.484604150057	0.0790858417749	-0.7187089324	-0.69079875946	84.6497955322	6.30000019073	0.0	1.0	2.0	1.0	6.47138023376	0.0	108.429199219	1.0	1.0	1
1.0	1.0	-7.10950994492	46.2823982239	-54.1310005188	-4.60271978378	46.6450004578	-69.8173980713	-8.08380031586	48.7355003357	-60.5783004761	1.0	0.220285013318	0.954114079475	-0.202832013369	0.100512951612	-0.611165761948	-0.785094618797	55.8689002991	6.30000019073	0.0	1.0	1.0	0.0	0.0	0.0	62.7747993469	1.0	1.0	1
1.0	1.0	-7.10950994492	46.2823982239	-54.1310005188	-4.60271978378	46.6450004578	-69.8173980713	-8.08380031586	48.7355003357	-60.5783004761	1.0	0.220285013318	0.954114079475	-0.202832013369	0.100512951612	-0.611165761948	-0.785094618797	55.8689002991	6.30000019073	0.0	1.0	1.0	0.0	0.0	0.0	62.7747993469	1.0	1.0	1
1.0	1.0	-5.73956012726	34.1339988708	-56.4869995117	-5.37723016739	37.7597999573	-70.3188018799	-6.19386005402	37.0550994873	-63.715801239	1.0	-0.116116032004	-0.981392383575	-0.152925059199	-0.0301076024771	0.153390005231	-0.987707018852	18.2600002289	5.07999992371	0.0	1.0	1.0	0.0	0.0	0.0	30.8495998383	1.0	1.0	1
1.0	0.0	0.0	0.0	0.0	0.0	0.0	0.0	-10.2987003326	20.564699173	-50.9718017578	1.0	-0.278583973646	0.925003945827	-0.258376955986	0.0	0.0	0.0	18.2600002289	11.6199998856	4.67999982834	1.0	1.0	0.0	0.0	0.0	0.0	1.0	1.0	1
1.0	0.0	0.0	0.0	0.0	0.0	0.0	0.0	-10.2987003326	20.564699173	-50.9718017578	1.0	-0.278583973646	0.925003945827	-0.258376955986	0.0	0.0	0.0	18.2600002289	11.6199998856	4.67999982834	1.0	1.0	0.0	0.0	0.0	0.0	1.0	1.0	1
1.0	1.0	-3.14580988884	51.2223014832	-60.3054008484	-2.57999992371	35.0214996338	-63.7738990784	-5.46460008621	43.1110038757	-59.429599762	1.0	0.0418602190912	0.187090069056	-0.981450438499	0.0148663008586	-0.975902080536	-0.217702016234	54.7354011536	6.30000019073	0.0	1.0	1.0	0.0	0.0	0.0	47.9883003235	-1.0	0.0	1
1.0	1.0	-3.14580988884	51.2223014832	-60.3054008484	-4.17924022675	32.8585014343	-78.241897583	-6.27480125427	36.1596031189	-63.6561050415	1.0	-0.0106237158179	-0.538638353348	-0.842470049858	0.0659519731998	-0.841278553009	0.536563754082	112.690597534	8.0	0.0	1.0	2.0	1.0	3.96894001961	0.0	92.5487976074	1.0	1.0	1
1.0	1.0	-3.14580988884	51.2223014832	-60.3054008484	-4.17924022675	32.8585014343	-78.241897583	-6.27480125427	36.1596031189	-63.6561050415	1.0	-0.0106237158179	-0.538638353348	-0.842470049858	0.0659519731998	-0.841278553009	0.536563754082	112.690597534	8.0	0.0	1.0	2.0	1.0	3.96894001961	0.0	92.5487976074	1.0	1.0	1
1.0	1.0	-3.14580988884	51.2223014832	-60.3054008484	-4.17924022675	32.8585014343	-78.241897583	-6.27480125427	36.1596031189	-63.6561050415	1.0	-0.0106237158179	-0.538638353348	-0.842470049858	0.0659519731998	-0.841278553009	0.536563754082	112.690597534	8.0	0.0	1.0	2.0	1.0	3.96894001961	0.0	92.5487976074	1.0	1.0	1
1.0	1.0	-2.78671002388	51.6044998169	-65.7543029785	-4.64471006393	35.9706993103	-58.9562988281	-5.49733972549	43.1624984741	-60.0917015076	1.0	0.00377201102674	-0.425022095442	-0.905175089836	-0.046543687582	-0.908057749271	0.416250884533	61.2142982483	5.78000020981	0.0	1.0	1.0	0.0	0.0	0.0	42.539100647	-1.0	0.0	1
1.0	1.0	-11.147600174	56.8651008606	-73.4270019531	-4.64472007751	21.9316005707	-53.7882003784	-9.45945549011	41.0106163025	-50.303401947	1.0	-0.387796461582	-0.445660173893	-0.806846320629	0.109814442694	-0.89360421896	0.43521514535	708.498291016	16.5200004578	0.0	1.0	1.0	0.0	0.0	2.0	196.742889404	0.999092151259	1.0	1
1.0	1.0	-11.147600174	56.8651008606	-73.4270019531	-4.64472007751	21.9316005707	-53.7882003784	-9.1197013855	41.9216384888	-51.3154449463	1.0	-0.369293808937	-0.454222857952	-0.810742676258	0.0858795270324	-0.891603291035	0.444598942995	762.911010742	16.5200004578	0.0	1.0	2.0	1.0	2.26553010941	1.0	245.485595703	1.0	1.0	1
1.0	1.0	-11.147600174	56.8651008606	-73.4270019531	-4.64472007751	21.9316005707	-53.7882003784	-9.43570804596	41.8133964539	-50.5498275757	1.0	-0.407320797443	-0.453307956457	-0.792844057083	0.101415932178	-0.88856446743	0.447401225567	701.696655273	16.5200004578	0.0	1.0	2.0	1.0	7.40229988098	1.0	202.946502686	1.0	1.0	1
1.0	1.0	-11.147600174	56.8651008606	-73.4270019531	-4.64472007751	21.9316005707	-53.7882003784	-9.43570804596	41.8133964539	-50.5498275757	1.0	-0.407320797443	-0.453307956457	-0.792844057083	0.101415932178	-0.88856446743	0.447401225567	701.696655273	16.5200004578	0.0	1.0	2.0	1.0	7.40229988098	1.0	202.946502686	1.0	1.0	1
1.0	1.0	-11.147600174	56.8651008606	-73.4270019531	-4.64472007751	21.9316005707	-53.7882003784	-9.43570804596	41.8133964539	-50.5498275757	1.0	-0.407320797443	-0.453307956457	-0.792844057083	0.101415932178	-0.88856446743	0.447401225567	701.696655273	16.5200004578	0.0	1.0	2.0	1.0	7.40229988098	1.0	202.946502686	1.0	1.0	1
1.0	1.0	-11.147600174	56.8651008606	-73.4270019531	-4.64472007751	21.9316005707	-53.7882003784	-9.1197013855	41.9216384888	-51.3154449463	1.0	-0.369293808937	-0.454222857952	-0.810742676258	0.0858795270324	-0.891603291035	0.444598942995	762.911010742	16.5200004578	0.0	1.0	2.0	1.0	2.26553010941	1.0	245.485595703	1.0	1.0	1
1.0	1.0	-3.7669699192	48.3340988159	-60.67029953	-4.39822006226	36.6468009949	-56.1693992615	-6.95247983932	42.0073013306	-56.2331008911	1.0	0.0690482184291	-0.236413046718	-0.969196200371	-0.00974080711603	-0.976282775402	0.216279938817	62.7154998779	7.42000007629	0.0	1.0	1.0	0.0	0.0	0.0	31.6406002045	-1.0	0.0	1
1.0	1.0	-3.76272988319	47.96900177	-47.0125007629	-5.77344989777	16.8666000366	-70.6977996826	-8.3367395401	42.0042304993	-59.5749664307	1.0	-0.279211372137	-0.609915614128	-0.741649508476	-0.0973120927811	-0.204093024135	-0.974102795124	390.403900146	14.4799995422	0.0	2.0	3.0	1.0	5.70258998871	0.0	188.789108276	1.0	1.0	1
1.0	1.0	-3.76272988319	47.96900177	-47.0125007629	-1.86052000523	24.2665996552	-71.0529022217	-8.56515693665	43.9755592346	-59.1023635864	1.0	-0.251143693924	-0.725644409657	-0.64059895277	-0.0981498360634	-0.203505381942	-0.974141716957	360.614013672	14.4799995422	0.0	2.0	2.0	0.0	30.0	0.0	164.531311035	1.0	1.0	1
1.0	1.0	-3.76272988319	47.96900177	-47.0125007629	-5.77344989777	16.8666000366	-70.6977996826	-9.67616271973	48.5289802551	-59.6296844482	1.0	0.121099993587	-0.980220377445	-0.156533554196	-0.188066795468	0.0790037661791	-0.978973567486	249.293899536	14.4799995422	0.0	2.0	2.0	0.0	30.0	0.0	118.125	1.0	1.0	1
1.0	1.0	-3.7669699192	48.3340988159	-60.67029953	-1.86052000523	24.2665996552	-71.0529022217	-6.27259874344	34.0249214172	-58.4797782898	1.0	-0.345870792866	0.475507497787	-0.80886721611	0.0621814616024	-0.855777204037	-0.513594090939	203.825500488	10.1599998474	0.0	1.0	1.0	0.0	0.0	1.0	102.304702759	0.607878771003	1.0	1
1.0	1.0	-3.76272988319	47.96900177	-47.0125007629	-1.86052000523	24.2665996552	-71.0529022217	-8.3262424469	43.6839675903	-58.6772956848	1.0	-0.170668646693	-0.619165599346	-0.766489505768	-0.0984329208732	-0.384103745222	-0.918027877808	423.329467773	14.4799995422	0.0	1.0	2.0	1.0	2.22611999512	1.0	196.171905518	1.0	1.0	1
1.0	1.0	3.3264799118	46.915599823	-69.5485992432	0.481247007847	36.5763015747	-60.0012016296	-0.501174986362	40.3988990784	-64.9887008667	1.0	-0.0344352014363	-0.529039978981	-0.847898006439	-0.169718965888	-0.831572830677	0.528849899769	37.7798995972	6.38000011444	0.0	1.0	1.0	0.0	0.0	0.0	37.3694000244	-1.0	0.0	1
1.0	1.0	0.191085994244	37.292301178	-42.8240013123	-1.04047000408	26.9200000763	-80.8740005493	-3.89044976234	37.0640029907	-51.7632293701	1.0	-0.312991738319	0.168656766415	-0.934660971165	-0.140327170491	-0.976796030998	-0.161795437336	414.230316162	14.8999996185	0.0	1.0	2.0	1.0	5.7623000145	1.0	153.539398193	1.0	1.0	1
1.0	1.0	0.898833990097	38.3059005737	-65.3527984619	-1.04047000408	26.9200000763	-80.8740005493	-1.21748995781	31.7368984222	-73.3532028198	1.0	-0.0829379931092	0.80385196209	-0.589018940926	-0.0328864976764	-0.580408930779	-0.813660919666	39.1291999817	5.38000011444	0.0	1.0	1.0	0.0	0.0	0.0	37.3694000244	0.366648450152	1.0	1
1.0	1.0	1.5500099659	39.0770988464	-46.7812995911	-1.04047000408	26.9200000763	-80.8740005493	-3.50814461708	33.6686134338	-56.6568603516	1.0	-0.147718325257	0.328569889069	-0.932856440544	-0.132910072803	-0.907440245152	-0.398606538773	268.507293701	12.4799995422	0.0	1.0	2.0	1.0	5.7623000145	1.0	124.293800354	1.0	1.0	1
1.0	1.0	1.5500099659	39.0770988464	-46.7812995911	-1.04047000408	26.9200000763	-80.8740005493	-3.50814461708	33.6686134338	-56.6568603516	1.0	-0.147718325257	0.328569889069	-0.932856440544	-0.132910072803	-0.907440245152	-0.398606538773	268.507293701	12.4799995422	0.0	1.0	2.0	1.0	5.7623000145	1.0	124.293800354	1.0	1.0	1
1.0	1.0	1.5500099659	39.0770988464	-46.7812995911	-1.04047000408	26.9200000763	-80.8740005493	-4.00051355362	32.5665817261	-55.2925796509	1.0	-0.157109692693	0.466249763966	-0.870590388775	-0.114483371377	-0.840394973755	-0.529745042324	230.727401733	12.4799995422	0.0	2.0	2.0	0.0	30.0	1.0	86.9244003296	1.0	1.0	1
1.0	1.0	3.3264799118	46.915599823	-69.5485992432	-0.159271001816	30.0818004608	-51.792301178	-3.96612906456	36.5711631775	-53.2287216187	1.0	-0.104619920254	-0.138318255544	-0.984846532345	-0.16297441721	-0.986608862877	-0.00650932407007	161.913909912	12.4799995422	0.0	1.0	2.0	1.0	5.7623000145	0.0	65.8025970459	1.0	1.0	1
1.0	1.0	1.5500099659	39.0770988464	-46.7812995911	-1.04047000408	26.9200000763	-80.8740005493	-4.00051355362	32.5665817261	-55.2925796509	1.0	-0.157109692693	0.466249763966	-0.870590388775	-0.114483371377	-0.840394973755	-0.529745042324	230.727401733	12.4799995422	0.0	2.0	2.0	0.0	30.0	1.0	86.9244003296	1.0	1.0	1
1.0	1.0	-12.5629997253	45.6137008667	-81.6598968506	-3.51271009445	21.8001003265	-50.4850006104	-9.40090847015	37.6486053467	-66.1809234619	1.0	-0.459146648645	0.752477407455	-0.472188740969	-0.487765401602	-0.702048540115	-0.518857240677	268.284118652	11.2600002289	0.0	2.0	3.0	1.0	9.375	1.0	242.578201294	1.0	1.0	1
1.0	1.0	-4.68480014801	48.1062011719	-55.7756996155	-12.5629997253	45.6137008667	-81.6598968506	-7.83678007126	46.5825996399	-67.5232009888	1.0	-0.209603980184	0.964027941227	-0.163451001048	-0.236489057541	-0.10127902776	-0.966341257095	87.7406997681	8.47999954224	0.0	1.0	1.0	0.0	0.0	0.0	81.7382965088	1.0	1.0	1
1.0	1.0	-12.5629997253	45.6137008667	-81.6598968506	-3.51271009445	21.8001003265	-50.4850006104	-7.27554988861	40.238899231	-62.5141372681	1.0	-0.263370215893	0.760172963142	-0.593947052956	-0.18565736711	-0.642407238483	-0.7435349226	173.7940979	10.5399999619	0.0	2.0	2.0	0.0	30.0	0.0	166.113311768	1.0	1.0	1
1.0	1.0	-2.82063007355	46.6581001282	-59.7666015625	-2.88332009315	39.2333984375	-60.5087013245	-5.35673999786	42.1944999695	-60.4978981018	1.0	-0.0812951251864	-0.107809022069	-0.990842163563	0.00229390105233	-0.998517394066	0.0543846227229	14.4512996674	4.69999980927	0.0	1.0	1.0	0.0	0.0	0.0	26.3672008514	-1.0	0.0	1
1.0	1.0	-3.11470007896	44.2895011902	-50.0638999939	-16.8351993561	50.0997009277	-80.6856002808	-11.0408697128	47.4601593018	-61.6472091675	1.0	0.0797928199172	-0.955662488937	-0.283447057009	0.294161468744	-0.310692220926	0.903846979141	397.409698486	16.5	0.0	1.0	3.0	2.0	8.37191009521	0.0	163.476898193	1.0	1.0	1
1.0	1.0	-3.11470007896	44.2895011902	-50.0638999939	-16.8351993561	50.0997009277	-80.6856002808	-11.0408697128	47.4601593018	-61.6472091675	1.0	0.0797928199172	-0.955662488937	-0.283447057009	0.294161468744	-0.310692220926	0.903846979141	397.409698486	16.5	0.0	1.0	3.0	2.0	8.37191009521	0.0	163.476898193	1.0	1.0	1
1.0	1.0	-3.11470007896	44.2895011902	-50.0638999939	-16.8351993561	50.0997009277	-80.6856002808	-11.0408697128	47.4601593018	-61.6472091675	1.0	0.0797928199172	-0.955662488937	-0.283447057009	0.294161468744	-0.310692220926	0.903846979141	397.409698486	16.5	0.0	1.0	3.0	2.0	8.37191009521	0.0	163.476898193	1.0	1.0	1
1.0	1.0	-3.51355004311	40.0372009277	-59.0257987976	-0.962646007538	27.1711997986	-75.9383010864	-5.66061019897	34.7318000793	-64.5651016235	1.0	-0.194678932428	0.79855877161	-0.569564819336	0.105659998953	-0.529793977737	-0.841518998146	89.0643005371	8.65999984741	0.0	1.0	1.0	0.0	0.0	0.0	43.2421989441	1.0	1.0	1
1.0	1.0	-0.980606019497	45.5164985657	-46.1930007935	-6.14029979706	59.8219985962	-70.2425003052	-7.22824001312	49.2855987549	-57.625995636	1.0	-0.140151947737	-0.938802599907	-0.314653873444	0.227140963078	-0.344220936298	0.910998821259	181.309005737	13.7399997711	0.0	1.0	1.0	0.0	0.0	0.0	93.8672027588	1.0	1.0	1
1.0	1.0	-0.980606019497	45.5164985657	-46.1930007935	-0.962646007538	27.1711997986	-75.9383010864	-6.71184396744	44.4913978577	-59.9118309021	1.0	-0.280289113522	-0.649686396122	-0.706643879414	0.335716545582	-0.727235972881	0.598683893681	270.373291016	13.7399997711	0.0	1.0	2.0	1.0	8.34397983551	0.0	137.109405518	1.0	1.0	1
1.0	1.0	-10.0394001007	29.0340995789	-79.9462966919	-16.6021995544	22.6054992676	-76.2753982544	-12.3157997131	24.427400589	-75.8503036499	1.0	0.468196928501	-0.756279885769	-0.456981927156	-0.720617711544	-0.64558672905	0.252839893103	32.0232009888	8.11999988556	0.0	1.0	1.0	0.0	0.0	0.0	30.585899353	1.0	1.0	1
1.0	1.0	-10.0394001007	29.0340995789	-79.9462966919	-16.6021995544	22.6054992676	-76.2753982544	-12.3157997131	24.427400589	-75.8503036499	1.0	0.468196928501	-0.756279885769	-0.456981927156	-0.720617711544	-0.64558672905	0.252839893103	32.0232009888	8.11999988556	0.0	1.0	1.0	0.0	0.0	0.0	30.585899353	1.0	1.0	1
1.0	1.0	-2.63382005692	37.2442016602	-53.164100647	-0.765395998955	44.3306007385	-67.1549987793	-4.48939990997	41.1380004883	-59.5802993774	1.0	0.172456026077	-0.896515130997	-0.408068060875	-0.0535279810429	-0.427173823118	0.902583599091	56.040599823	7.71999979019	0.0	1.0	1.0	0.0	0.0	0.0	32.6953010559	1.0	1.0	1
1.0	1.0	-0.954361021519	33.4687004089	-56.8644981384	0.505034983158	28.7336006165	-68.2265014648	-3.20163989067	29.8731994629	-61.735496521	1.0	-0.0124600026757	0.908679246902	-0.417309075594	0.0830585062504	-0.403538018465	-0.911185145378	37.5640983582	5.92000007629	0.0	1.0	1.0	0.0	0.0	0.0	26.3672008514	1.0	1.0	1
1.0	1.0	-0.954361021519	33.4687004089	-56.8644981384	0.505034983158	28.7336006165	-68.2265014648	-3.20163989067	29.8731994629	-61.735496521	1.0	-0.0124600026757	0.908679246902	-0.417309075594	0.0830585062504	-0.403538018465	-0.911185145378	37.5640983582	5.92000007629	0.0	1.0	1.0	0.0	0.0	0.0	26.3672008514	1.0	1.0	1
1.0	1.0	-0.954361021519	33.4687004089	-56.8644981384	0.505034983158	28.7336006165	-68.2265014648	-3.20163989067	29.8731994629	-61.735496521	1.0	-0.0124600026757	0.908679246902	-0.417309075594	0.0830585062504	-0.403538018465	-0.911185145378	37.5640983582	5.92000007629	0.0	1.0	1.0	0.0	0.0	0.0	26.3672008514	1.0	1.0	1
1.0	1.0	-1.1289999485	31.9995002747	-57.0323982239	-4.51748991013	30.9995002747	-78.9679031372	-4.66698980331	32.2789001465	-68.8388977051	1.0	-0.076698705554	0.996189057827	0.0415293052793	-0.0663879960775	0.031265296042	-0.997303962708	85.8909988403	7.42000007629	0.0	1.0	1.0	0.0	0.0	0.0	46.4062004089	1.0	1.0	1
1.0	1.0	-1.1289999485	31.9995002747	-57.0323982239	-4.51748991013	30.9995002747	-78.9679031372	-4.66698980331	32.2789001465	-68.8388977051	1.0	-0.076698705554	0.996189057827	0.0415293052793	-0.0663879960775	0.031265296042	-0.997303962708	85.8909988403	7.42000007629	0.0	1.0	1.0	0.0	0.0	0.0	46.4062004089	1.0	1.0	1
1.0	1.0	-1.1289999485	31.9995002747	-57.0323982239	-4.51748991013	30.9995002747	-78.9679031372	-4.66698980331	32.2789001465	-68.8388977051	1.0	-0.076698705554	0.996189057827	0.0415293052793	-0.0663879960775	0.031265296042	-0.997303962708	85.8909988403	7.42000007629	0.0	1.0	1.0	0.0	0.0	0.0	46.4062004089	1.0	1.0	1
1.0	1.0	0.795876026154	39.8064002991	-59.9794998169	0.00804137997329	36.5094985962	-75.450302124	-2.3006401062	37.8693008423	-68.4396972656	1.0	-0.0532032027841	0.967148065567	-0.248584017158	-0.0145222963765	-0.229591920972	-0.973178625107	48.9841003418	6.21999979019	0.0	1.0	1.0	0.0	0.0	0.0	30.585899353	-1.0	0.0	1
1.0	1.0	0.795876026154	39.8064002991	-59.9794998169	0.259315013885	25.2752990723	-78.5261001587	-2.76144313812	31.290763855	-68.2092895508	1.0	-0.335037946701	0.172451674938	-0.926288247108	0.0101457387209	-0.0849423483014	-0.996334254742	93.6461029053	6.96000003815	0.0	1.0	2.0	1.0	10.5881004333	0.0	74.8827972412	1.0	1.0	1
1.0	1.0	-1.78485000134	30.4006004333	-53.5023002625	0.259315013885	25.2752990723	-78.5261001587	-3.11858987808	31.2697162628	-66.4774017334	1.0	-0.185995399952	-0.438144415617	-0.8794516325	0.042993221432	-0.0564839541912	-0.997477412224	108.053199768	9.97999954224	0.0	1.0	3.0	3.0	10.5881004333	0.0	86.4844055176	1.0	1.0	1
1.0	1.0	0.0335692986846	45.589099884	-50.6477012634	0.259315013885	25.2752990723	-78.5261001587	-6.22479629517	36.6208229065	-52.9525604248	1.0	-0.524875700474	0.057302094996	-0.849247813225	-0.0158617030829	-0.83410602808	-0.55137616396	334.244110107	18.0200004578	0.0	1.0	3.0	2.0	10.5881004333	0.0	124.453094482	1.0	1.0	1
1.0	1.0	-1.78485000134	30.4006004333	-53.5023002625	0.00804137997329	36.5094985962	-75.450302124	-3.01414036751	36.3382987976	-65.4352416992	1.0	-0.0318106003106	0.892917811871	-0.449094504118	0.0468680337071	-0.15079703927	-0.987453103065	63.3912010193	9.97999954224	0.0	1.0	2.0	1.0	7.0501999855	0.0	42.1875	1.0	1.0	1
1.0	1.0	0.0335692986846	45.589099884	-50.6477012634	0.259315013885	25.2752990723	-78.5261001587	-6.8986415863	36.4064369202	-50.2931480408	1.0	-0.53545987606	-0.131748318672	-0.834221243858	-0.0151475239545	-0.899829089642	-0.435979455709	285.260009766	18.0200004578	0.0	2.0	2.0	0.0	30.0	0.0	93.8672027588	1.0	1.0	1
1.0	1.0	0.795876026154	39.8064002991	-59.9794998169	0.259315013885	25.2752990723	-78.5261001587	-2.76144313812	31.290763855	-68.2092895508	1.0	-0.335037946701	0.172451674938	-0.926288247108	0.0101457387209	-0.0849423483014	-0.996334254742	93.6461029053	6.96000003815	0.0	1.0	2.0	1.0	10.5881004333	0.0	74.8827972412	1.0	1.0	1
1.0	1.0	0.0335692986846	45.589099884	-50.6477012634	0.259315013885	25.2752990723	-78.5261001587	-6.82851648331	36.1529006958	-50.5300216675	1.0	-0.518403470516	-0.18221861124	-0.835496425629	-0.000803052214906	-0.876358628273	-0.481658428907	299.667114258	18.0200004578	0.0	1.0	2.0	1.0	6.67836999893	0.0	105.468803406	1.0	1.0	1
1.0	1.0	-1.78485000134	30.4006004333	-53.5023002625	-0.520035028458	32.1377983093	-56.4281005859	-5.44004011154	31.132900238	-55.2201042175	1.0	0.0970958024263	-0.93619197607	-0.337812006474	0.251946926117	0.128842964768	-0.959125757217	14.4070997238	9.97999954224	0.0	1.0	1.0	0.0	0.0	0.0	11.6015996933	0.306751932999	1.0	1
1.0	1.0	0.0335692986846	45.589099884	-50.6477012634	0.259315013885	25.2752990723	-78.5261001587	-6.22479629517	36.6208229065	-52.9525604248	1.0	-0.524875700474	0.057302094996	-0.849247813225	-0.0158617030829	-0.83410602808	-0.55137616396	334.244110107	18.0200004578	0.0	1.0	3.0	2.0	10.5881004333	0.0	124.453094482	1.0	1.0	1
1.0	1.0	-1.45220005512	45.3059997559	-48.03150177	-4.08494997025	30.8311004639	-49.7256011963	-9.08076953888	37.8431015015	-48.5197982788	1.0	-0.35994002223	0.183892026544	-0.914673089981	-0.0733289271593	-0.963106334209	-0.258938103914	204.074996948	11.7600002289	0.0	1.0	1.0	0.0	0.0	0.0	53.789100647	1.0	1.0	1
1.0	1.0	-1.45220005512	45.3059997559	-48.03150177	-4.08494997025	30.8311004639	-49.7256011963	-9.08076953888	37.8431015015	-48.5197982788	1.0	-0.35994002223	0.183892026544	-0.914673089981	-0.0733289271593	-0.963106334209	-0.258938103914	204.074996948	11.7600002289	0.0	1.0	1.0	0.0	0.0	0.0	53.789100647	1.0	1.0	1
1.0	1.0	-4.25563001633	33.0364990234	-50.7863998413	0.150062993169	39.0252990723	-73.4128036499	-4.92279148102	35.634475708	-60.551071167	1.0	-0.157644718885	0.967982947826	-0.19533854723	0.206928744912	-0.164571613073	-0.964415192604	93.8086013794	6.01999998093	0.0	1.0	2.0	1.0	5.98428010941	0.0	65.3906021118	1.0	1.0	1
1.0	1.0	-2.00348997116	25.1035003662	-52.8359985352	-3.47670006752	28.0055007935	-74.6432037354	-4.7022600174	25.5659999847	-64.2406005859	1.0	-0.126156017184	-0.94403219223	-0.304775059223	-0.015995696187	-0.229102939367	0.973270773888	60.279499054	7.05999994278	0.0	1.0	1.0	0.0	0.0	0.0	54.8437995911	1.0	1.0	1
1.0	1.0	-2.00348997116	25.1035003662	-52.8359985352	-3.47670006752	28.0055007935	-74.6432037354	-4.7022600174	25.5659999847	-64.2406005859	1.0	-0.126156017184	-0.94403219223	-0.304775059223	-0.015995696187	-0.229102939367	0.973270773888	60.279499054	7.05999994278	0.0	1.0	1.0	0.0	0.0	0.0	54.8437995911	1.0	1.0	1
1.0	1.0	-2.00348997116	25.1035003662	-52.8359985352	-3.47670006752	28.0055007935	-74.6432037354	-4.7022600174	25.5659999847	-64.2406005859	1.0	-0.126156017184	-0.94403219223	-0.304775059223	-0.015995696187	-0.229102939367	0.973270773888	60.279499054	7.05999994278	0.0	1.0	1.0	0.0	0.0	0.0	54.8437995911	1.0	1.0	1
1.0	1.0	-18.2054004669	29.9157009125	-75.9662017822	-7.74095010757	27.9258995056	-77.7684020996	-13.0732002258	28.8726997375	-74.3463973999	1.0	-0.0990836843848	-0.987304866314	-0.124142989516	0.995905578136	-0.0881620571017	-0.0199928898364	32.3721008301	6.32000017166	0.0	1.0	1.0	0.0	0.0	0.0	25.3125	1.0	1.0	1
1.0	1.0	-18.2054004669	29.9157009125	-75.9662017822	-7.74095010757	27.9258995056	-77.7684020996	-13.0732002258	28.8726997375	-74.3463973999	1.0	-0.0990836843848	-0.987304866314	-0.124142989516	0.995905578136	-0.0881620571017	-0.0199928898364	32.3721008301	6.32000017166	0.0	1.0	1.0	0.0	0.0	0.0	25.3125	1.0	1.0	1
1.0	1.0	-18.2054004669	29.9157009125	-75.9662017822	-7.74095010757	27.9258995056	-77.7684020996	-13.0732002258	28.8726997375	-74.3463973999	1.0	-0.0990836843848	-0.987304866314	-0.124142989516	0.995905578136	-0.0881620571017	-0.0199928898364	32.3721008301	6.32000017166	0.0	1.0	1.0	0.0	0.0	0.0	25.3125	1.0	1.0	1
1.0	1.0	-2.36418008804	55.5056991577	-76.1513977051	-1.42428004742	23.5776996613	-50.5378990173	-7.08711004257	41.8983001709	-55.1481018066	1.0	-0.862036287785	-0.147862061858	-0.484799176455	0.0244092941284	-0.917466759682	0.397062897682	502.059997559	15.6999998093	0.0	1.0	1.0	0.0	0.0	0.0	156.093994141	1.0	1.0	1
1.0	1.0	-2.36418008804	55.5056991577	-76.1513977051	-1.42428004742	23.5776996613	-50.5378990173	-7.08711004257	41.8983001709	-55.1481018066	1.0	-0.862036287785	-0.147862061858	-0.484799176455	0.0244092941284	-0.917466759682	0.397062897682	502.059997559	15.6999998093	0.0	1.0	1.0	0.0	0.0	0.0	156.093994141	1.0	1.0	1
1.0	1.0	-2.36418008804	55.5056991577	-76.1513977051	-1.42428004742	23.5776996613	-50.5378990173	-6.89881706238	41.6066818237	-55.818523407	1.0	-0.849027693272	-0.204839080572	-0.48702442646	0.0283144209534	-0.937680959702	0.346341967583	534.506103516	15.6999998093	0.0	1.0	1.0	0.0	0.0	0.0	190.898696899	1.0	1.0	1
1.0	1.0	-3.16013002396	61.876499176	-71.181098938	-5.05669021606	23.5125007629	-52.4784011841	-8.93887424469	41.7743453979	-54.8443069458	1.0	-0.634109139442	0.0697092041373	-0.770094931126	-0.0625834092498	-0.997110128403	-0.0430644601583	705.871765137	17.8600006104	0.0	1.0	2.0	1.0	2.57661008835	0.0	253.124908447	1.0	1.0	1
1.0	1.0	-3.16013002396	61.876499176	-71.181098938	-5.05669021606	23.5125007629	-52.4784011841	-8.90371894836	41.5098724365	-55.0116043091	1.0	-0.634944975376	0.0671521127224	-0.769633412361	-0.0615617521107	-0.997299790382	-0.0400403030217	717.076049805	17.8600006104	0.0	1.0	3.0	3.0	9.64566993713	0.0	279.492095947	1.0	1.0	1
1.0	1.0	-3.16013002396	61.876499176	-71.181098938	-4.30117988586	48.8362007141	-54.7226982117	-6.36333942413	55.3395042419	-63.4010009766	1.0	-0.623974144459	-0.560091137886	-0.544935047626	-0.0409313887358	-0.556982815266	0.829514741898	98.0378036499	9.02000045776	0.0	1.0	1.0	0.0	0.0	0.0	60.1171989441	1.0	1.0	1
1.0	1.0	-1.78831005096	41.8773994446	-54.1534004211	-11.6254997253	53.6041984558	-76.3125991821	-8.45820045471	49.3843002319	-63.7941017151	1.0	-0.0719281882048	-0.903158843517	-0.42323794961	0.295787870884	-0.434482812881	0.850725650787	176.835006714	12.8000001907	0.0	1.0	1.0	0.0	0.0	0.0	85.4297027588	1.0	1.0	1
1.0	1.0	-1.25173997879	41.8446998596	-44.6643981934	-2.61104989052	39.0355987549	-40.6845016479	-5.65460014343	39.7242012024	-40.9071006775	1.0	-0.15917609632	-0.811647415161	-0.562042295933	-0.0854785814881	-0.527273893356	0.845384836197	22.6028995514	8.10000038147	0.0	1.0	1.0	0.0	0.0	0.0	10.5468997955	1.0	1.0	1
1.0	1.0	-2.61104989052	39.0355987549	-40.6845016479	-11.6254997253	53.6041984558	-76.3125991821	-8.8079366684	40.4725418091	-52.8938484192	1.0	-0.283732563257	-0.673030853271	-0.6830265522	0.158406227827	-0.837749421597	0.522573828697	542.470214844	18.2600002289	0.0	1.0	1.0	0.0	0.0	1.0	180.351608276	1.0	1.0	1
1.0	1.0	-1.3532999754	43.7939987183	-44.8680992126	-11.8600997925	48.4235992432	-80.7577972412	-8.98026180267	39.243270874	-55.2290039062	1.0	-0.533454239368	0.0829091593623	-0.841755747795	-0.159385502338	-0.977788805962	-0.13610778749	894.303100586	18.6800003052	0.0	1.0	1.0	0.0	0.0	0.0	236.25	1.0	1.0	1
1.0	1.0	-1.3532999754	43.7939987183	-44.8680992126	-11.8600997925	48.4235992432	-80.7577972412	-8.85204601288	48.0529899597	-61.2906951904	1.0	-0.600569784641	-0.0864510536194	-0.794884979725	-0.391852080822	-0.917165338993	0.0725238919258	407.148101807	16.5599994659	0.0	1.0	1.0	0.0	0.0	0.0	126.5625	1.0	1.0	1
1.0	0.0	0.0	0.0	0.0	0.0	0.0	0.0	-7.89655017853	42.8347015381	-47.2456016541	1.0	-0.359694898129	0.845253825188	-0.395177870989	0.0	0.0	0.0	21.3353004456	10.8199996948	5.07999992371	1.0	1.0	0.0	0.0	0.0	0.0	1.0	1.0	1
1.0	1.0	-4.20509004593	32.736000061	-59.7896003723	-3.33210992813	24.96159935	-76.5344009399	-6.04460000992	28.6779994965	-66.9851989746	1.0	-0.183842092752	0.933323383331	-0.308398157358	0.0119786988944	-0.341473996639	-0.939814865589	60.4215011597	8.18000030518	0.0	1.0	1.0	0.0	0.0	0.0	36.914100647	-1.0	0.0	1
1.0	1.0	-1.84442996979	46.9453010559	-58.7851982117	-2.58260989189	25.4046993256	-62.5559005737	-4.84444999695	36.1152000427	-59.011100769	1.0	-0.340849041939	0.0581811033189	-0.938316047192	-0.0103182028979	-0.996187269688	-0.0866284295917	63.6018981934	6.01999998093	0.0	1.0	1.0	0.0	0.0	0.0	58.0078010559	-1.0	0.0	1
1.0	1.0	-1.84442996979	46.9453010559	-58.7851982117	-18.4459991455	20.6611003876	-75.2602996826	-8.23102283478	32.2877616882	-64.2284469604	1.0	-0.583615064621	0.289186418056	-0.7587916255	-0.190616130829	-0.980603218079	0.0456378981471	94.6271972656	7.19999980927	0.0	1.0	2.0	1.0	15.2108001709	0.0	88.5937042236	1.0	1.0	1
1.0	1.0	-1.84442996979	46.9453010559	-58.7851982117	-18.4459991455	20.6611003876	-75.2602996826	-8.23102283478	32.2877616882	-64.2284469604	1.0	-0.583615064621	0.289186418056	-0.7587916255	-0.190616130829	-0.980603218079	0.0456378981471	94.6271972656	7.19999980927	0.0	1.0	2.0	1.0	15.2108001709	0.0	88.5937042236	1.0	1.0	1
1.0	1.0	-11.8303003311	28.6240997314	-79.9773025513	-18.4459991455	20.6611003876	-75.2602996826	-15.173500061	24.4414997101	-74.9240036011	1.0	-0.786984801292	0.616918861866	-0.00812908820808	-0.529377937317	-0.789956867695	0.309397935867	31.0252990723	7.19999980927	0.0	1.0	1.0	0.0	0.0	0.0	30.585899353	0.440729647887	1.0	1
1.0	1.0	-1.84442996979	46.9453010559	-58.7851982117	-18.4459991455	20.6611003876	-75.2602996826	-8.23102283478	32.2877616882	-64.2284469604	1.0	-0.583615064621	0.289186418056	-0.7587916255	-0.190616130829	-0.980603218079	0.0456378981471	94.6271972656	7.19999980927	0.0	1.0	2.0	1.0	15.2108001709	0.0	88.5937042236	1.0	1.0	1
1.0	1.0	-1.84442996979	46.9453010559	-58.7851982117	-18.4459991455	20.6611003876	-75.2602996826	-8.23102283478	32.2877616882	-64.2284469604	1.0	-0.583615064621	0.289186418056	-0.7587916255	-0.190616130829	-0.980603218079	0.0456378981471	94.6271972656	7.19999980927	0.0	1.0	2.0	1.0	15.2108001709	0.0	88.5937042236	1.0	1.0	1
1.0	1.0	-4.31267976761	46.2784004211	-54.2761001587	-2.80787992477	29.9675998688	-50.0532989502	-10.6658000946	39.3129005432	-49.6927986145	1.0	-0.444784194231	-0.374696165323	-0.813492417336	-0.0121807036921	-0.987957239151	0.154247045517	320.675994873	16.1200008392	0.0	1.0	1.0	0.0	0.0	0.0	51.6796989441	1.0	1.0	1
1.0	1.0	-0.196273997426	46.3330993652	-42.3574981689	-4.43207979202	44.0369987488	-53.2496986389	-7.18793058395	46.2009010315	-46.6449012756	1.0	-0.301869004965	-0.923197925091	-0.23786701262	-0.185555949807	-0.0779039859772	-0.979540765285	71.8180999756	12.8800001144	0.0	1.0	1.0	0.0	0.0	0.0	34.8046989441	1.0	1.0	1
1.0	1.0	-4.81772994995	56.7406005859	-61.0654983521	-3.69396996498	54.9196014404	-62.8426017761	-7.8224606514	55.2377967834	-58.3339996338	1.0	-0.652297079563	-0.0235964041203	-0.757596075535	0.0	0.0	0.0	23.3826007843	9.42000007629	0.0	1.0	1.0	0.0	0.0	0.0	7.38281011581	1.0	1.0	1
1.0	1.0	-2.54101991653	44.1375007629	-67.4378967285	-1.1601099968	24.9290008545	-53.101398468	-5.56670999527	33.4696006775	-60.7626991272	1.0	0.0682360753417	-0.514247894287	-0.854922771454	0.0688969790936	-0.830393791199	0.552900850773	191.837005615	11.7600002289	0.0	1.0	1.0	0.0	0.0	0.0	72.773399353	-1.0	0.0	1
1.0	1.0	-1.11403000355	38.7921981812	-50.9771995544	-10.2423000336	50.2876014709	-77.5711975098	-7.04555988312	47.7700996399	-60.4808044434	1.0	-0.208792105317	-0.82889342308	-0.518981218338	0.153333082795	-0.416363239288	0.896175503731	244.43800354	15.8999996185	0.0	1.0	1.0	0.0	0.0	0.0	97.0311965942	0.974834107984	1.0	1
1.0	1.0	-10.2423000336	50.2876014709	-77.5711975098	-1.1601099968	24.9290008545	-53.101398468	-6.39528608322	41.4819412231	-60.6047515869	1.0	-0.090245872736	-0.716479897499	-0.691745817661	0.120695278049	-0.621541678905	0.774027466774	436.275024414	15.8999996185	0.0	1.0	2.0	1.0	5.19831991196	0.0	169.804595947	1.0	1.0	1
1.0	1.0	-10.2423000336	50.2876014709	-77.5711975098	-1.1601099968	24.9290008545	-53.101398468	-6.39528608322	41.4819412231	-60.6047515869	1.0	-0.090245872736	-0.716479897499	-0.691745817661	0.120695278049	-0.621541678905	0.774027466774	436.275024414	15.8999996185	0.0	1.0	2.0	1.0	5.19831991196	0.0	169.804595947	1.0	1.0	1
1.0	1.0	-10.2423000336	50.2876014709	-77.5711975098	-1.1601099968	24.9290008545	-53.101398468	-6.39528608322	41.4819412231	-60.6047515869	1.0	-0.090245872736	-0.716479897499	-0.691745817661	0.120695278049	-0.621541678905	0.774027466774	436.275024414	15.8999996185	0.0	1.0	2.0	1.0	5.19831991196	0.0	169.804595947	1.0	1.0	1
1.0	1.0	-10.2423000336	50.2876014709	-77.5711975098	-1.1601099968	24.9290008545	-53.101398468	-6.39528608322	41.4819412231	-60.6047515869	1.0	-0.090245872736	-0.716479897499	-0.691745817661	0.120695278049	-0.621541678905	0.774027466774	436.275024414	15.8999996185	0.0	1.0	2.0	1.0	5.19831991196	0.0	169.804595947	1.0	1.0	1
1.0	1.0	-1.11403000355	38.7921981812	-50.9771995544	-10.2423000336	50.2876014709	-77.5711975098	-7.04555988312	47.7700996399	-60.4808044434	1.0	-0.208792105317	-0.82889342308	-0.518981218338	0.153333082795	-0.416363239288	0.896175503731	244.43800354	15.8999996185	0.0	1.0	1.0	0.0	0.0	0.0	97.0311965942	0.974834107984	1.0	1
1.0	1.0	-4.84729003906	30.0480003357	-60.4238014221	-6.41102981567	31.1678009033	-64.5658035278	-9.09195041656	31.4784011841	-63.3069000244	1.0	0.0159481074661	-0.932668447495	-0.360382139683	0.0	0.0	0.0	20.5203990936	6.57999992371	0.0	1.0	1.0	0.0	0.0	0.0	9.49219036102	1.0	1.0	1
1.0	1.0	-4.84729003906	30.0480003357	-60.4238014221	-6.41102981567	31.1678009033	-64.5658035278	-9.09195041656	31.4784011841	-63.3069000244	1.0	0.0159481074661	-0.932668447495	-0.360382139683	0.0	0.0	0.0	20.5203990936	6.57999992371	0.0	1.0	1.0	0.0	0.0	0.0	9.49219036102	1.0	1.0	1
1.0	0.0	0.0	0.0	0.0	0.0	0.0	0.0	-12.772600174	43.1355018616	-51.8876953125	1.0	-0.183422908187	-0.981668591499	-0.0517952740192	0.0	0.0	0.0	22.0988998413	14.220000267	6.03999996185	1.0	1.0	0.0	0.0	0.0	0.0	1.0	1.0	1
1.0	1.0	-2.72528004646	45.5980987549	-68.0439987183	-4.38617992401	34.1246986389	-80.3149032593	-6.16780042648	37.2030982971	-70.3762969971	1.0	0.517376124859	0.740538179874	-0.428865075111	-0.0191782098264	-0.534469246864	-0.844970345497	55.5662994385	6.59999990463	0.0	1.0	1.0	0.0	0.0	0.0	60.1171989441	-1.0	0.0	1
1.0	1.0	-3.06288003922	46.8568000793	-46.5087013245	-4.01224994659	28.9104003906	-67.6578979492	-8.82610416412	38.9579734802	-52.0388755798	1.0	-0.27586427331	-0.451527506113	-0.848540961742	-0.00694368919358	-0.990451753139	0.137684985995	568.010803223	15.5399999619	0.0	1.0	1.0	0.0	0.0	2.0	193.007705688	0.99609141536	1.0	1
1.0	1.0	-3.76701998711	24.655500412	-54.9622993469	-4.38617992401	34.1246986389	-80.3149032593	-8.00315856934	34.7525215149	-63.7716941833	1.0	0.290193319321	-0.141581088305	-0.946436822414	0.0392631962895	-0.971084654331	0.235484570265	134.285202026	14.8599996567	0.0	2.0	3.0	1.0	7.23477983475	0.0	93.8672027588	1.0	1.0	1
1.0	1.0	-3.06288003922	46.8568000793	-46.5087013245	-4.01224994659	28.9104003906	-67.6578979492	-8.82610416412	38.9579734802	-52.0388755798	1.0	-0.27586427331	-0.451527506113	-0.848540961742	-0.00694368919358	-0.990451753139	0.137684985995	568.010803223	15.5399999619	0.0	1.0	1.0	0.0	0.0	2.0	193.007705688	0.99609141536	1.0	1
1.0	1.0	-3.76701998711	24.655500412	-54.9622993469	-4.38617992401	34.1246986389	-80.3149032593	-6.94990634918	31.9873924255	-65.261756897	1.0	0.50031965971	-0.345353186131	-0.793984472752	0.0392631962895	-0.971084654331	0.235484570265	114.219604492	9.22000026703	0.0	1.0	2.0	1.0	7.23477983475	0.0	93.8672027588	1.0	1.0	1
1.0	1.0	-3.09437990189	25.6051006317	-51.9719009399	-4.38617992401	34.1246986389	-80.3149032593	-8.57225227356	36.6236610413	-55.2981796265	1.0	-0.188030257821	-0.163907602429	-0.968389868736	-0.0119268801063	-0.99844366312	0.0544795803726	381.246276855	15.5399999619	0.0	1.0	2.0	1.0	6.07280015945	0.0	158.203094482	1.0	1.0	1
1.0	1.0	-3.76701998711	24.655500412	-54.9622993469	-4.38617992401	34.1246986389	-80.3149032593	-6.94990634918	31.9873924255	-65.261756897	1.0	0.50031965971	-0.345353186131	-0.793984472752	0.0392631962895	-0.971084654331	0.235484570265	114.219604492	9.22000026703	0.0	1.0	2.0	1.0	7.23477983475	0.0	93.8672027588	1.0	1.0	1
1.0	1.0	-3.09437990189	25.6051006317	-51.9719009399	-4.38617992401	34.1246986389	-80.3149032593	-8.45473098755	35.3466682434	-55.9806060791	1.0	-0.190179616213	-0.31055700779	-0.931335628033	-0.00375902582891	-0.978440701962	0.206493869424	439.899597168	15.5399999619	0.0	1.0	2.0	1.0	6.07280015945	0.0	191.953094482	1.0	1.0	1
1.0	1.0	-1.51180005074	21.5060997009	-51.0028991699	-15.9365997314	26.6084003448	-80.9405975342	-8.77423858643	26.8313713074	-63.932094574	1.0	-0.140968382359	0.935267567635	-0.324657350779	-0.331591188908	-0.303843408823	-0.89315533638	247.816101074	11.6800003052	0.0	1.0	2.0	1.0	11.7087001801	0.0	111.796798706	1.0	1.0	1
1.0	1.0	-1.51180005074	21.5060997009	-51.0028991699	-3.8095600605	16.263999939	-60.5247993469	-6.79889011383	18.7936992645	-55.5905990601	1.0	-0.0433065742254	0.855690479279	-0.515672683716	-0.135151952505	-0.505049824715	-0.852442741394	61.9541015625	9.30000019073	0.0	1.0	1.0	0.0	0.0	0.0	22.148399353	1.0	1.0	1
1.0	1.0	-1.51180005074	21.5060997009	-51.0028991699	-3.8095600605	16.263999939	-60.5247993469	-6.79889011383	18.7936992645	-55.5905990601	1.0	-0.0433065742254	0.855690479279	-0.515672683716	-0.135151952505	-0.505049824715	-0.852442741394	61.9541015625	9.30000019073	0.0	1.0	1.0	0.0	0.0	0.0	22.148399353	1.0	1.0	1
1.0	1.0	-1.71233999729	37.4108009338	-66.0261993408	0.79861497879	34.7168006897	-73.8422012329	-2.45143008232	35.8815994263	-69.4486999512	1.0	-0.0710224956274	0.951016843319	-0.300869941711	0.135678976774	-0.354408949614	-0.9251947999	21.0884990692	6.01999998093	0.0	1.0	1.0	0.0	0.0	0.0	17.9297008514	1.0	1.0	1
1.0	1.0	-1.71233999729	37.4108009338	-66.0261993408	0.79861497879	34.7168006897	-73.8422012329	-2.45143008232	35.8815994263	-69.4486999512	1.0	-0.0710224956274	0.951016843319	-0.300869941711	0.135678976774	-0.354408949614	-0.9251947999	21.0884990692	6.01999998093	0.0	1.0	1.0	0.0	0.0	0.0	17.9297008514	1.0	1.0	1
1.0	1.0	-1.71233999729	37.4108009338	-66.0261993408	0.79861497879	34.7168006897	-73.8422012329	-2.45143008232	35.8815994263	-69.4486999512	1.0	-0.0710224956274	0.951016843319	-0.300869941711	0.135678976774	-0.354408949614	-0.9251947999	21.0884990692	6.01999998093	0.0	1.0	1.0	0.0	0.0	0.0	17.9297008514	1.0	1.0	1
1.0	1.0	-2.10399007797	46.3340988159	-49.8596000671	-5.52793979645	26.1667995453	-77.5625	-5.81921434402	30.051486969	-61.3431587219	1.0	-0.325709164143	0.913196146488	-0.244921341538	-0.0220721885562	-0.211288005114	-0.977174580097	256.899993896	11.1000003815	0.0	1.0	2.0	1.0	10.0424003601	1.0	133.945297241	1.0	1.0	1
1.0	1.0	-2.10399007797	46.3340988159	-49.8596000671	-5.52793979645	26.1667995453	-77.5625	-5.97738790512	27.2377815247	-62.4673690796	1.0	-0.380736768246	0.882946848869	-0.27467122674	-0.0369003862143	-0.245970383286	-0.968574643135	197.11819458	11.1000003815	0.0	2.0	2.0	0.0	30.0	0.0	94.9218978882	1.0	1.0	1
1.0	1.0	-2.10399007797	46.3340988159	-49.8596000671	-5.52793979645	26.1667995453	-77.5625	-5.81921434402	30.051486969	-61.3431587219	1.0	-0.325709164143	0.913196146488	-0.244921341538	-0.0220721885562	-0.211288005114	-0.977174580097	256.899993896	11.1000003815	0.0	1.0	2.0	1.0	10.0424003601	1.0	133.945297241	1.0	1.0	1
1.0	1.0	-2.31082010269	24.801700592	-50.7060012817	-0.566711008549	18.9342002869	-64.5873031616	-7.21484804153	19.7380523682	-56.8194541931	1.0	-0.210974127054	0.703355908394	-0.678808093071	0.109732799232	-0.541462481022	-0.833532810211	108.97820282	11.5600004196	0.0	1.0	1.0	0.0	0.0	1.0	41.1328010559	1.0	1.0	1
1.0	1.0	-2.67702007294	45.3851013184	-57.4878005981	-4.5311999321	41.7281990051	-63.7857017517	-6.39197015762	43.7576980591	-60.6397018433	1.0	-0.108722008765	0.916203081608	-0.38568302989	-0.0958844721317	-0.257844954729	-0.961416721344	27.6511993408	7.05999994278	0.0	1.0	1.0	0.0	0.0	0.0	22.148399353	1.0	1.0	1
1.0	1.0	-2.31082010269	24.801700592	-50.7060012817	-2.81936001778	18.3490009308	-58.7541007996	-8.03229999542	20.5174007416	-55.2102012634	1.0	-0.197823062539	0.546574175358	-0.813709318638	0.0620524026453	-0.688741087914	-0.722347080708	79.7005004883	11.5600004196	0.0	1.0	1.0	0.0	0.0	0.0	23.2031002045	1.0	1.0	1
1.0	1.0	1.58464002609	48.3689002991	-48.2067985535	0.116943001747	19.7429008484	-56.1586990356	-6.38370990753	36.8788986206	-47.6085014343	1.0	0.46863386035	0.0868509784341	-0.879112780094	-0.000554935832042	-0.954753756523	-0.29739689827	626.565002441	18.2000007629	0.0	1.0	1.0	0.0	0.0	0.0	103.35900116	1.0	1.0	1
1.0	1.0	1.58464002609	48.3689002991	-48.2067985535	0.116943001747	19.7429008484	-56.1586990356	-6.38370990753	36.8788986206	-47.6085014343	1.0	0.46863386035	0.0868509784341	-0.879112780094	-0.000554935832042	-0.954753756523	-0.29739689827	626.565002441	18.2000007629	0.0	1.0	1.0	0.0	0.0	0.0	103.35900116	1.0	1.0	1
1.0	1.0	1.58464002609	48.3689002991	-48.2067985535	0.116943001747	19.7429008484	-56.1586990356	-6.38370990753	36.8788986206	-47.6085014343	1.0	0.46863386035	0.0868509784341	-0.879112780094	-0.000554935832042	-0.954753756523	-0.29739689827	626.565002441	18.2000007629	0.0	1.0	1.0	0.0	0.0	0.0	103.35900116	1.0	1.0	1
1.0	1.0	-4.38911008835	38.1885986328	-59.5602989197	-3.73837995529	39.464099884	-82.4934005737	-5.67406082153	39.9951820374	-70.4047775269	1.0	-0.00500716967508	-0.954023480415	-0.299689978361	0.0587103590369	0.0265899281949	-0.997920870781	57.4278030396	6.80000019073	0.0	1.0	1.0	0.0	0.0	0.0	59.0625	-1.0	0.0	1
1.0	1.0	-5.43355989456	60.4832000732	-70.2373962402	-1.84294998646	28.860200882	-45.641998291	-9.22745418549	41.5965309143	-53.4672470093	1.0	-0.19924223423	-0.52645355463	-0.826528310776	0.0992194488645	-0.918138086796	0.383637875319	582.481811523	16.3199996948	0.0	1.0	2.0	1.0	5.48372983932	0.0	211.992095947	1.0	1.0	1
1.0	1.0	-2.53954005241	34.5307998657	-53.3591995239	-1.84294998646	28.860200882	-45.641998291	-5.22912979126	30.7282009125	-47.9636001587	1.0	-0.00156777061056	-0.796695232391	-0.604379177094	0.134704008698	-0.638091087341	0.75808608532	34.4566993713	7.15999984741	0.0	1.0	1.0	0.0	0.0	0.0	24.2577991486	0.42961342204	1.0	1
1.0	1.0	-5.43355989456	60.4832000732	-70.2373962402	-1.84294998646	28.860200882	-45.641998291	-9.60913085938	41.950592041	-51.4064025879	1.0	-0.209140211344	-0.513846337795	-0.831999063492	0.0870648398995	-0.872623860836	0.48056986928	543.102661133	16.3199996948	0.0	1.0	1.0	0.0	0.0	1.0	159.257720947	0.995080853998	1.0	1
1.0	1.0	-2.14792990685	41.1511993408	-75.3671035767	-3.73837995529	39.464099884	-82.4934005737	-3.79052996635	40.4197998047	-79.439201355	1.0	-0.0580843053758	0.972737073898	-0.224519014359	-0.0627804249525	-0.146703049541	-0.98718637228	14.7671003342	5.69999980927	0.0	1.0	1.0	0.0	0.0	0.0	25.3125	0.210126330334	1.0	1
1.0	1.0	-5.43355989456	60.4832000732	-70.2373962402	-2.62524008751	33.5989990234	-51.8526000977	-9.94169044495	42.6097984314	-54.1625976562	1.0	-0.148777976632	-0.546090900898	-0.824408829212	0.0851549208164	-0.790884256363	0.606012105942	397.071990967	16.3199996948	0.0	1.0	1.0	0.0	0.0	0.0	107.57800293	0.978982817185	1.0	1
1.0	1.0	-2.14792990685	41.1511993408	-75.3671035767	-3.73837995529	39.464099884	-82.4934005737	-3.79052996635	40.4197998047	-79.439201355	1.0	-0.0580843053758	0.972737073898	-0.224519014359	-0.0627804249525	-0.146703049541	-0.98718637228	14.7671003342	5.69999980927	0.0	1.0	1.0	0.0	0.0	0.0	25.3125	0.210126330334	1.0	1
1.0	1.0	-5.43355989456	60.4832000732	-70.2373962402	-2.62524008751	33.5989990234	-51.8526000977	-9.40245914459	42.2794342041	-56.2148628235	1.0	-0.141003757715	-0.582795262337	-0.800292134285	0.101957634091	-0.857527196407	0.504233837128	454.499786377	16.3199996948	0.0	1.0	2.0	1.0	5.48372983932	0.0	166.64050293	1.0	1.0	1
1.0	1.0	-5.43355989456	60.4832000732	-70.2373962402	-2.62524008751	33.5989990234	-51.8526000977	-9.40245914459	42.2794342041	-56.2148628235	1.0	-0.141003757715	-0.582795262337	-0.800292134285	0.101957634091	-0.857527196407	0.504233837128	454.499786377	16.3199996948	0.0	1.0	2.0	1.0	5.48372983932	0.0	166.64050293	1.0	1.0	1
1.0	1.0	-5.43355989456	60.4832000732	-70.2373962402	-2.62524008751	33.5989990234	-51.8526000977	-9.40245914459	42.2794342041	-56.2148628235	1.0	-0.141003757715	-0.582795262337	-0.800292134285	0.101957634091	-0.857527196407	0.504233837128	454.499786377	16.3199996948	0.0	1.0	2.0	1.0	5.48372983932	0.0	166.64050293	1.0	1.0	1
1.0	1.0	-3.2994799614	40.0209999084	-58.7766990662	-1.83219003677	27.9183998108	-74.1064987183	-4.58654022217	33.5209999084	-66.1557006836	1.0	-0.101290993392	0.764375865459	-0.6367649436	0.0461323857307	-0.653552770615	-0.755473732948	36.4216003418	6.11999988556	0.0	1.0	1.0	0.0	0.0	0.0	40.0780982971	1.0	1.0	1
1.0	1.0	-3.2994799614	40.0209999084	-58.7766990662	-1.83219003677	27.9183998108	-74.1064987183	-4.58654022217	33.5209999084	-66.1557006836	1.0	-0.101290993392	0.764375865459	-0.6367649436	0.0461323857307	-0.653552770615	-0.755473732948	36.4216003418	6.11999988556	0.0	1.0	1.0	0.0	0.0	0.0	40.0780982971	1.0	1.0	1
1.0	1.0	-3.2994799614	40.0209999084	-58.7766990662	-1.83219003677	27.9183998108	-74.1064987183	-4.58654022217	33.5209999084	-66.1557006836	1.0	-0.101290993392	0.764375865459	-0.6367649436	0.0461323857307	-0.653552770615	-0.755473732948	36.4216003418	6.11999988556	0.0	1.0	1.0	0.0	0.0	0.0	40.0780982971	1.0	1.0	1
1.0	1.0	-3.05080008507	49.1612014771	-64.6929016113	-2.43519997597	20.591999054	-51.8944015503	-9.91461181641	32.7543106079	-44.2132797241	1.0	-0.360710710287	0.308868587017	-0.880050003529	0.0598505958915	-0.953382492065	-0.295769780874	418.522399902	18.8799991608	0.0	2.0	2.0	0.0	30.0	0.0	94.9218978882	1.0	1.0	1
1.0	1.0	-2.74047994614	42.6091995239	-43.7387008667	-2.43519997597	20.591999054	-51.8944015503	-10.1773004532	31.7831993103	-43.3927001953	1.0	-0.367956161499	0.255815088749	-0.893961310387	0.0565107949078	-0.968966960907	-0.240643978119	394.17199707	18.8799991608	0.0	1.0	1.0	0.0	0.0	0.0	74.8827972412	1.0	1.0	1
1.0	1.0	-3.05080008507	49.1612014771	-64.6929016113	-2.43519997597	20.591999054	-51.8944015503	-9.64974308014	35.0978813171	-46.8358650208	1.0	-0.290935814381	0.56420558691	-0.772676169872	0.0472535938025	-0.834729373455	-0.548629045486	558.537414551	18.8799991608	0.0	1.0	2.0	1.0	5.625	0.0	147.656311035	1.0	1.0	1
1.0	1.0	-1.88392996788	44.4757003784	-45.2943992615	-3.12712001801	41.2648010254	-53.6963005066	-6.59561014175	43.0889015198	-49.0495033264	1.0	-0.129818037152	0.950600206852	-0.281969040632	-0.116264007986	-0.344154030085	-0.931687057018	45.331401825	10.5600004196	0.0	1.0	1.0	0.0	0.0	0.0	25.3125	1.0	1.0	1
1.0	0.0	0.0	0.0	0.0	0.0	0.0	0.0	-11.1906995773	56.9894981384	-64.9005966187	1.0	-0.755309820175	-0.279567927122	-0.592746853828	0.0	0.0	0.0	17.8087997437	13.0799999237	8.47999954224	1.0	1.0	0.0	0.0	0.0	0.0	1.0	1.0	1
1.0	0.0	0.0	0.0	0.0	0.0	0.0	0.0	-11.1906995773	56.9894981384	-64.9005966187	1.0	-0.755309820175	-0.279567927122	-0.592746853828	0.0	0.0	0.0	17.8087997437	13.0799999237	8.47999954224	1.0	1.0	0.0	0.0	0.0	0.0	1.0	1.0	1
1.0	1.0	-2.12137007713	38.8116989136	-51.8848991394	-5.83843994141	22.2943992615	-76.5927963257	-6.92833995819	32.6894989014	-61.8126983643	1.0	-0.0671688169241	0.850665211678	-0.521399140358	-0.118129938841	-0.543638765812	-0.830964624882	116.103996277	8.0	0.0	1.0	1.0	0.0	0.0	0.0	63.2812004089	1.0	1.0	1
1.0	1.0	-2.12137007713	38.8116989136	-51.8848991394	-5.83843994141	22.2943992615	-76.5927963257	-6.92833995819	32.6894989014	-61.8126983643	1.0	-0.0671688169241	0.850665211678	-0.521399140358	-0.118129938841	-0.543638765812	-0.830964624882	116.103996277	8.0	0.0	1.0	1.0	0.0	0.0	0.0	63.2812004089	1.0	1.0	1
1.0	1.0	-2.12137007713	38.8116989136	-51.8848991394	-5.83843994141	22.2943992615	-76.5927963257	-6.92833995819	32.6894989014	-61.8126983643	1.0	-0.0671688169241	0.850665211678	-0.521399140358	-0.118129938841	-0.543638765812	-0.830964624882	116.103996277	8.0	0.0	1.0	1.0	0.0	0.0	0.0	63.2812004089	1.0	1.0	1
1.0	1.0	-3.73255991936	35.0834999084	-61.0438995361	-1.95801997185	30.3612995148	-80.8924026489	-5.34972000122	31.8787002563	-69.4095001221	1.0	-0.293710052967	0.876422166824	-0.381600052118	0.0853716656566	-0.352919846773	-0.93175059557	63.7762985229	6.86000013351	0.0	1.0	1.0	0.0	0.0	0.0	45.351600647	-1.0	0.0	1
1.0	1.0	-3.92738008499	50.5909004211	-49.435798645	-3.82740998268	12.3161001205	-62.2365989685	-5.90257453918	28.0441474915	-61.6240196228	1.0	-0.224583759904	0.672384619713	-0.705309152603	0.00631363876164	-0.705825865269	-0.708357155323	221.623199463	10.3599996567	0.0	2.0	3.0	1.0	6.9365901947	0.0	124.453201294	1.0	1.0	1
1.0	1.0	-3.92738008499	50.5909004211	-49.435798645	-3.82740998268	12.3161001205	-62.2365989685	-5.90257453918	28.0441474915	-61.6240196228	1.0	-0.224583759904	0.672384619713	-0.705309152603	0.00631363876164	-0.705825865269	-0.708357155323	221.623199463	10.3599996567	0.0	2.0	3.0	1.0	6.9365901947	0.0	124.453201294	1.0	1.0	1
1.0	1.0	-1.95801997185	30.3612995148	-80.8924026489	-3.82740998268	12.3161001205	-62.2365989685	-5.63814353943	26.67121315	-67.6689453125	1.0	-0.282938867807	0.647349834442	-0.707731425762	-0.0173005312681	-0.679659366608	-0.733323931694	94.070098877	6.96000003815	0.0	2.0	2.0	0.0	30.0	0.0	64.3359985352	1.0	1.0	1
1.0	1.0	-3.04806995392	30.8281002045	-52.4292984009	-1.95801997185	30.3612995148	-80.8924026489	-5.79183244705	27.4166564941	-62.7001914978	1.0	-0.24141998589	0.78511017561	-0.570366859436	0.054783128202	-0.575295329094	-0.81610918045	167.413299561	10.3599996567	0.0	1.0	2.0	1.0	6.9365901947	0.0	90.7032012939	1.0	1.0	1
1.0	1.0	-3.11214995384	35.9039993286	-44.112701416	-4.06913995743	35.1226997375	-70.9307022095	-5.22264575958	35.6049575806	-57.7592086792	1.0	-0.689308345318	0.470123380423	-0.551215052605	-0.11491008848	-0.693210363388	-0.711515963078	34.5921020508	5.63999986649	0.0	2.0	2.0	0.0	30.0	0.0	30.7420005798	1.0	1.0	2
1.0	1.0	-3.11214995384	35.9039993286	-44.112701416	-3.00833010674	18.2019004822	-65.4888000488	-4.12117481232	29.8809604645	-55.6939849854	1.0	-0.0107553983107	-0.671076357365	-0.741310179234	-0.0940160676837	-0.768502831459	0.632901608944	27.9398002625	3.90000009537	0.0	2.0	2.0	0.0	30.0	0.0	32.2059020996	1.0	1.0	2
1.0	1.0	-2.51748991013	25.6380996704	-65.1041030884	-3.00833010674	18.2019004822	-65.4888000488	-4.73820018768	22.1298007965	-64.4970016479	1.0	-0.0405931845307	-0.145386949182	-0.988541722298	-0.076203584671	-0.996090829372	0.0446775890887	13.3046998978	3.90000009537	0.0	1.0	1.0	0.0	0.0	0.0	15.3710002899	1.0	1.0	2
1.0	1.0	-4.39219999313	50.9347991943	-64.4817962646	-3.29428005219	43.5535011292	-56.7857017517	-5.73961019516	46.001701355	-60.09400177	1.0	0.235431954265	-0.507434904575	-0.828903853893	0.253732979298	-0.793209969997	0.553567945957	21.2870006561	4.92000007629	0.0	1.0	1.0	0.0	0.0	0.0	35.8594017029	-1.0	0.0	2
1.0	1.0	-4.39219999313	50.9347991943	-64.4817962646	-5.49004983902	17.1068992615	-65.0865020752	-10.0004615784	39.9940032959	-58.3316841125	1.0	0.399063080549	0.797531306744	-0.452429503202	-0.0573031045496	-0.757039308548	-0.650851607323	106.434898376	14.1199998856	0.0	2.0	3.0	1.0	20.0139007568	0.0	61.1719017029	1.0	1.0	2
1.0	1.0	-2.1963300705	19.9412002563	-54.9166984558	-5.49004983902	17.1068992615	-65.0865020752	-11.0656747818	38.4920768738	-57.8910980225	1.0	0.330730706453	0.915613472462	-0.228624656796	-0.206492960453	-0.240817949176	-0.948349773884	85.1479034424	14.1199998856	0.0	2.0	2.0	0.0	30.0	0.0	25.3125	1.0	1.0	2
1.0	1.0	-2.1963300705	19.9412002563	-54.9166984558	-5.49004983902	17.1068992615	-65.0865020752	-5.87962007523	18.4106006622	-60.1514015198	1.0	0.106485001743	0.994284033775	0.00776571035385	-0.206492960453	-0.240817949176	-0.948349773884	35.4782981873	7.05999994278	0.0	1.0	1.0	0.0	0.0	0.0	25.3125	0.27644287659	1.0	2
1.0	1.0	-4.39219999313	50.9347991943	-64.4817962646	-5.49004983902	17.1068992615	-65.0865020752	-5.82711648941	28.757270813	-60.1298789978	1.0	0.281071007252	0.782617866993	-0.555435240269	-0.0573031045496	-0.757039308548	-0.650851607323	56.765296936	7.05999994278	0.0	1.0	2.0	1.0	20.0139007568	0.0	61.1719017029	1.0	1.0	2
1.0	1.0	-4.39219999313	50.9347991943	-64.4817962646	-5.49004983902	17.1068992615	-65.0865020752	-5.82711648941	28.757270813	-60.1298789978	1.0	0.281071007252	0.782617866993	-0.555435240269	-0.0573031045496	-0.757039308548	-0.650851607323	56.765296936	7.05999994278	0.0	1.0	2.0	1.0	20.0139007568	0.0	61.1719017029	1.0	1.0	2
1.0	1.0	-4.7151799202	41.0031013489	-49.3830986023	-6.64251995087	19.7882995605	-76.0708007812	-8.67621231079	29.2871017456	-60.1042556763	1.0	-0.380864679813	0.552014410496	-0.741769731045	0.208188429475	-0.834561228752	-0.510063886642	263.087005615	12.5	0.0	1.0	3.0	2.0	4.99616003036	0.0	106.347595215	1.0	1.0	2
1.0	1.0	-5.76405000687	40.09400177	-50.8185997009	-6.64251995087	19.7882995605	-76.0708007812	-8.85887336731	27.3844795227	-55.2074394226	1.0	-0.290807664394	-0.685649752617	-0.667319536209	0.192138940096	-0.827080488205	0.528223931789	268.62600708	15.5600004196	0.0	2.0	3.0	1.0	4.99616003036	0.0	99.2577972412	1.0	1.0	2
1.0	1.0	-4.7151799202	41.0031013489	-49.3830986023	-6.64251995087	19.7882995605	-76.0708007812	-9.45020389557	30.847990036	-56.3428993225	1.0	-0.533093750477	0.110403977334	-0.83882188797	0.128761410713	-0.964346766472	-0.231204867363	447.24810791	16.3600006104	0.0	1.0	3.0	2.0	3.7409799099	0.0	156.862701416	1.0	1.0	2
1.0	1.0	-4.24949979782	31.1888008118	-51.3273010254	-1.8845499754	28.6872997284	-67.9272994995	-5.71599006653	30.1650009155	-59.2593994141	1.0	-0.186849996448	0.9709379673	-0.149553999305	0.0816397890449	-0.139259979129	-0.986884832382	67.6747970581	7.86000013351	0.0	1.0	1.0	0.0	0.0	0.0	32.7905006409	1.0	1.0	2
1.0	1.0	-4.24949979782	31.1888008118	-51.3273010254	-1.8845499754	28.6872997284	-67.9272994995	-5.71599006653	30.1650009155	-59.2593994141	1.0	-0.186849996448	0.9709379673	-0.149553999305	0.0816397890449	-0.139259979129	-0.986884832382	67.6747970581	7.86000013351	0.0	1.0	1.0	0.0	0.0	0.0	32.7905006409	1.0	1.0	2
1.0	1.0	-4.24949979782	31.1888008118	-51.3273010254	-1.8845499754	28.6872997284	-67.9272994995	-5.71599006653	30.1650009155	-59.2593994141	1.0	-0.186849996448	0.9709379673	-0.149553999305	0.0816397890449	-0.139259979129	-0.986884832382	67.6747970581	7.86000013351	0.0	1.0	1.0	0.0	0.0	0.0	32.7905006409	1.0	1.0	2
1.0	1.0	-3.86490988731	10.9836997986	-55.9108009338	-5.64776992798	13.6564998627	-66.7106018066	-8.0352897644	11.9232997894	-60.6817970276	1.0	0.0419390127063	-0.968270301819	-0.246361076832	-0.0666102021933	-0.0580496042967	-0.996089041233	39.9720993042	9.22000026703	0.0	1.0	1.0	0.0	0.0	0.0	30.3222999573	1.0	1.0	2
1.0	1.0	-3.86490988731	10.9836997986	-55.9108009338	-5.64776992798	13.6564998627	-66.7106018066	-8.0352897644	11.9232997894	-60.6817970276	1.0	0.0419390127063	-0.968270301819	-0.246361076832	-0.0666102021933	-0.0580496042967	-0.996089041233	39.9720993042	9.22000026703	0.0	1.0	1.0	0.0	0.0	0.0	30.3222999573	1.0	1.0	2
1.0	1.0	-10.0487003326	41.5444984436	-77.8280029297	-3.86490988731	10.9836997986	-55.9108009338	-9.20125102997	32.3815536499	-62.8178939819	1.0	-0.383578956127	0.920009255409	-0.0803134515882	-0.155938610435	0.000206225231523	-0.987766742706	144.660995483	10.9200000763	0.0	2.0	2.0	0.0	30.0	1.0	109.423797607	1.0	1.0	2
1.0	1.0	-8.23357009888	32.5878982544	-59.3424987793	-6.38888978958	24.1529998779	-59.2338981628	-8.65787982941	29.0627994537	-59.0942993164	1.0	-0.0981313809752	-0.0268660932779	-0.994810760021	0.119520053267	-0.992634415627	0.0197953078896	15.9413995743	4.53999996185	0.0	1.0	1.0	0.0	0.0	0.0	20.4946994781	-1.0	0.0	2
