valid	volumeS1	connectedComponentsS1	connectedComponentsS1Rel	volumeS2	connectedComponentsS2	connectedComponentsS2Rel	corticalSize	distanceMin	direction_x	direction_y	direction_z	distanceToExtremity1	distanceToExtremity2	gravityCenter_x	gravityCenter_y	gravityCenter_z	corticalDotProduct	junctions	junctionDepthMin	junctionsSize	plisDePassage	plisDePassageDepthMax	Potential	Class	cycle
1.0	373.195007324	1.0	1.0	1521.48901367	1.0	1.0	26.3671998978	2.75934409171	0.343181997538	-0.626882076263	-0.699460446835	6.99623524381	17.5915608374	-71.1651992798	13.5991506577	-39.2159996033	0.891751885414	0.0	0.0	0.0	0.0	0.0	-1.0	0.0	1
1.0	373.195007324	1.0	1.0	1594.36132812	1.0	1.0	38.2323999405	2.75934409171	0.343181997538	-0.626882076263	-0.699460446835	6.99623524381	32.070595119	-71.1651992798	13.5991506577	-39.2159996033	0.891751885414	0.0	0.0	0.0	0.0	0.0	0.059256497305	1.0	1
1.0	373.195007324	1.0	1.0	4568.87841797	5.0	2.0	43.505859971	0.0	-0.735087990761	-0.665915131569	0.127289578319	0.0	23.1735172526	-70.8304519653	22.349899292	-37.1152000427	0.375653833151	2.0	11.779999733	76.464799881	0.0	15.6599998474	0.0854841562754	1.0	1
1.0	309.155609131	1.0	1.0	494.648376465	2.0	1.0	0.0	10.0	0.0	0.0	0.0	0.0	0.0	0.0	0.0	0.0	2.0	1.0	12.4200000763	38.2323989868	0.0	12.4200000763	0.131077470564	1.0	1
1.0	123.662002563	1.0	1.0	907.592224121	4.0	3.0	51.4160003662	0.0	0.0334243215621	0.984703660011	-0.171001642942	0.0	27.2233790284	-72.7034454346	16.1828994751	-34.2063980103	0.408509403467	1.0	12.4200000763	38.2323989868	1.0	8.60000038147	0.358995233586	1.0	1
1.0	223.531997681	1.0	1.0	1730.72851562	1.0	1.0	41.1328010559	2.91330576217	0.472343832254	-0.594320893288	-0.650902450085	2.33389611496	25.4621348771	-69.1425018311	17.7289505005	-44.9767494202	0.8059476614	0.0	0.0	0.0	0.0	0.0	-1.0	0.0	1
1.0	1352.69506836	4.0	2.0	2787.57495117	7.0	3.0	129.726498604	0.0	-0.998027682304	0.0332708619535	-0.0532323643565	18.394671025	2.09660372621	-72.1614532471	18.4159507751	-19.9548988342	0.606800973415	5.0	10.5399999619	120.234363079	1.0	26.7199993134	0.232948217882	1.0	1
1.0	509.522277832	2.0	2.0	700.181274414	7.0	2.0	31.6406002045	0.0	-0.0461935847998	-0.993750631809	0.101616889238	3.64661226217	24.5056843294	-71.4313964844	21.1441001892	-41.8418998718	0.803134679794	2.0	10.0600004196	48.5156993866	1.0	10.0600004196	0.988672281288	1.0	1
1.0	1168.60998535	1.0	1.0	2120.26586914	5.0	2.0	79.1015195847	0.0	-0.998027682304	0.0332708619535	-0.0532323643565	10.2781120544	18.5590167647	-72.1614532471	18.4159507751	-19.9548988342	0.606800973415	1.0	10.5399999619	35.8594017029	0.0	10.5399999619	0.202812536158	1.0	1
1.0	1265.58337402	2.0	2.0	1204.77050781	5.0	2.0	126.562448502	0.0	-0.998027682304	0.0332708619535	-0.0532323643565	29.9411042976	15.3086859488	-72.1614532471	18.4159507751	-19.9548988342	0.606800973415	1.0	10.5399999619	35.8594017029	0.0	10.5399999619	0.353239818183	1.0	1
1.0	48.6365013123	1.0	1.0	1721.38000488	1.0	1.0	25.1366996765	2.92581449727	0.145232483745	-0.98595649004	0.0824456512928	0.0	16.9945463521	-72.1123504639	13.8341751099	-30.7159004211	0.0133468806744	0.0	0.0	0.0	0.0	0.0	-1.0	0.0	1
1.0	569.742126465	6.0	3.0	1156.85424805	6.0	3.0	57.040989995	0.0	-0.999275863171	-0.0343784168363	-0.0163056626916	13.9964387996	58.1611026992	-55.2210998535	28.2588005066	-55.231048584	0.877341270447	4.0	10.5200004578	74.4433994293	3.0	13.8000001907	0.966105166302	1.0	1
1.0	368.247924805	4.0	3.0	1188.12060547	7.0	2.0	23.2031002045	0.0	0.999275863171	0.0343784168363	0.0163056626916	0.0	53.4703709208	-55.2210998535	28.2588005066	-55.231048584	0.877341270447	4.0	10.5200004578	67.6756796837	1.0	10.5200004578	0.364342927936	1.0	1
1.0	336.9815979	3.0	2.0	1776.97033691	7.0	2.0	22.2362900972	0.0	-0.999278724194	-0.0343348942697	-0.0162182245404	0.0	49.9624981431	-56.6807022095	3.09488487244	-49.7351989746	0.133950442076	1.0	9.35999965668	23.2031002045	2.0	13.8000001907	0.643292088653	1.0	1
1.0	112.906204224	1.0	1.0	1995.8293457	3.0	2.0	32.8710794449	2.58006980831	-0.00121200329158	-0.366201341152	0.930534899235	8.46340785151	23.1052333172	-74.3168029785	24.1010513306	-21.8004493713	0.177054464817	0.0	0.0	0.0	0.0	0.0	0.0723829881342	1.0	1
1.0	159.565002441	1.0	1.0	2124.32470703	1.0	1.0	67.1118984222	1.98977131646	0.559270262718	-0.140674203634	-0.816962361336	0.0	22.4811159361	-67.8804473877	20.2674999237	-46.9731483459	0.453461647034	0.0	0.0	0.0	0.0	0.0	-1.0	0.0	1
1.0	257.610809326	1.0	1.0	2462.67895508	11.0	2.0	113.169002533	0.0	-0.0429130718112	-0.985964775085	0.161344394088	1.78708449383	35.5839092795	-69.0843048096	22.3681488037	-45.3925018311	0.108711838722	1.0	2.6400001049	3.94775009155	1.0	2.6400001049	0.117882349879	1.0	1
1.0	449.85760498	2.0	2.0	1676.38903809	5.0	3.0	96.0620012283	0.0	0.0429155752063	0.985951006413	-0.161427542567	12.2859132567	53.4539996457	-63.2604980469	37.8605499268	-54.3269500732	0.128530099988	1.0	8.65999984741	28.9501991272	0.0	8.65999984741	0.744553495072	1.0	1
1.0	73.0535964966	1.0	1.0	2210.8359375	2.0	2.0	51.3208694458	0.0	-0.998985648155	0.0365901552141	-0.0262444596738	6.91941055963	0.0	-68.0850524902	7.5865945816	-33.8362503052	0.468391567469	2.0	9.81999969482	71.0596008301	0.0	11.279999733	0.0787914864118	1.0	1
1.0	159.565002441	1.0	1.0	955.464599609	2.0	1.0	26.3183994293	2.89975694098	0.0861653015018	-0.828654527664	0.553088784218	7.20872058453	8.47996628449	-70.3056488037	12.7358999252	-36.6792984009	0.998571753502	0.0	0.0	0.0	0.0	0.0	0.201185249929	1.0	1
1.0	234.470993042	1.0	1.0	1691.89562988	1.0	1.0	33.398399353	2.92430169011	0.125628352165	-0.938455820084	-0.32174256444	0.0	21.024282313	-64.9739990234	12.5925655365	-45.6595001221	0.436123490334	0.0	0.0	0.0	0.0	0.0	-1.0	0.0	1
1.0	135.74659729	2.0	0.0	709.584106445	3.0	0.0	0.0	10.0	0.0	0.0	0.0	0.0	0.0	0.0	0.0	0.0	2.0	0.0	0.0	0.0	0.0	0.0	0.0420809693989	1.0	1
1.0	471.410583496	2.0	1.0	2265.73266602	4.0	1.0	36.0351982117	0.0	0.00382813974284	0.980662465096	-0.195669442415	1.47277378251	28.4640897753	-61.0098991394	6.68517494202	-53.7249984741	0.0170438140631	1.0	16.3999996185	56.25	0.0	16.3999996185	0.33386158198	1.0	1
1.0	1195.80322266	1.0	1.0	3580.00561523	6.0	2.0	162.597670317	0.0	-0.00372825143859	-0.980662763119	0.195669785142	11.01012856	16.9790789955	-70.1438446045	28.5962486267	-31.4777984619	0.621590971947	6.0	12.1599998474	152.050908804	0.0	13.3599996567	0.416829047506	1.0	1
1.0	1008.22564697	1.0	1.0	2496.50146484	3.0	1.0	72.9492086172	2.50721957129	0.320503145456	-0.159251049161	-0.933764874935	18.3810145078	0.0	-70.2953948975	12.3269996643	-23.5741996765	0.621864795685	0.0	0.0	0.0	0.0	0.0	0.333861819245	1.0	1
1.0	286.269195557	1.0	1.0	1420.38952637	1.0	1.0	85.6933083534	1.26600947251	0.584335029125	-0.187785595655	-0.789486646652	22.923865317	20.8404994186	-66.7422485352	8.5092754364	-41.9649505615	0.0767365396023	0.0	0.0	0.0	0.0	0.0	-1.0	0.0	1
1.0	1877.87255859	7.0	6.0	2990.07861328	16.0	8.0	390.761796474	0.0	0.0289094727486	-0.963107466698	0.26755964756	1.97467692908	53.9933919749	-54.9925498962	-2.8098897934	-49.6166992188	0.347062110901	16.0	3.20000004768	469.599534512	4.0	16.2800006866	0.967818290267	1.0	1
1.0	491.726196289	3.0	2.0	672.527893066	3.0	1.0	79.9804182053	1.26600947251	-0.584335029125	0.187785595655	0.789486646652	7.06651097732	22.923865317	-66.7422485352	8.5092754364	-41.9649505615	0.0767365396023	4.0	9.07999992371	65.1269807816	1.0	10.9200000763	0.283384105897	1.0	1
1.0	990.300598145	3.0	3.0	2809.27490234	10.0	4.0	314.209021568	0.0	-0.028804525733	0.963111937046	-0.267555147409	16.1809973893	53.6121278621	-60.2043991089	38.3633003235	-55.2667007446	0.140878424048	10.0	4.80000019073	279.931610584	3.0	14.9600000381	0.703437393504	1.0	1
1.0	682.115478516	4.0	2.0	390.367523193	4.0	1.0	70.8397979736	1.26600947251	-0.584335029125	0.187785595655	0.789486646652	20.8404994186	22.923865317	-66.7422485352	8.5092754364	-41.9649505615	0.0767365396023	2.0	9.07999992371	43.4180011749	1.0	16.2800006866	0.994321811592	1.0	1
1.0	1105.35595703	4.0	4.0	2109.3527832	10.0	5.0	165.673912525	0.0	-0.0289097074419	0.963135898113	-0.26745736599	23.4815640471	34.6887897424	-66.3221511841	11.3179998398	-44.9285507202	0.872309565544	6.0	8.92000007629	220.517472744	1.0	14.9600000381	0.731153759796	1.0	1
1.0	1197.12609863	3.0	3.0	2606.55859375	12.0	7.0	283.359419823	0.0	0.028804525733	-0.963111937046	0.267555147409	11.2156427272	53.9536318033	-60.2043991089	38.3633003235	-55.2667007446	0.140878424048	8.0	4.80000019073	267.363200188	0.0	21.0400009155	0.975989948804	1.0	1
1.0	89.0312042236	2.0	2.0	953.318115234	2.0	2.0	6.85546016693	0.0	-0.999506771564	-0.0309935808182	-0.00506545975804	0.0	24.5606002267	-65.8713989258	12.7576999664	-45.3217010498	0.219015613198	3.0	7.44000005722	101.689400673	2.0	9.47999954224	0.230037319294	1.0	1
1.0	1068.37390137	4.0	3.0	1887.46057129	10.0	4.0	62.8418307304	0.0	0.028804525733	-0.963111937046	0.267555147409	11.2156427272	53.9536318033	-60.2043991089	38.3633003235	-55.2667007446	0.140878424048	6.0	9.07999992371	233.08591032	1.0	10.9200000763	0.97705024739	1.0	1
1.0	78.7537002563	1.0	1.0	1697.42614746	1.0	1.0	48.3398990631	0.0	-0.0536209903657	-0.95653116703	0.286658138037	1.08116622115	33.7737004457	-65.620803833	7.3310546875	-38.582950592	0.72090691328	1.0	4.19999980927	11.4258003235	0.0	4.19999980927	-1.0	0.0	1
1.0	997.078796387	2.0	2.0	3182.49609375	7.0	1.0	11.4257795811	2.6656162955	0.578773796558	-0.472508609295	-0.664647698402	0.0	51.7629838218	-57.6723022461	42.509552002	-48.9832992554	0.755675137043	0.0	0.0	0.0	0.0	0.0	0.5065706678	1.0	1
1.0	78.7537002563	1.0	1.0	3192.34106445	5.0	2.0	52.7344288826	0.0	-0.0536209903657	-0.95653116703	0.286658138037	1.08116622115	33.7737004457	-65.620803833	7.3310546875	-38.582950592	0.72090691328	1.0	4.19999980927	11.4258003235	0.0	4.19999980927	0.0219691136683	1.0	1
1.0	52.0336990356	1.0	0.0	767.849243164	4.0	0.0	0.0	10.0	0.0	0.0	0.0	0.0	0.0	0.0	0.0	0.0	2.0	0.0	0.0	0.0	0.0	0.0	0.0420809693989	1.0	1
1.0	78.753692627	3.0	3.0	1523.04333496	3.0	1.0	63.2812995911	0.0	-0.995689451694	0.0703876614571	0.0603980608284	2.65961754452	50.0673374692	-48.3104515076	13.9506492615	-58.4036483765	0.00821408629417	3.0	7.07999992371	58.8867998123	1.0	7.07999992371	0.139705307504	1.0	1
1.0	97.7612991333	1.0	1.0	1872.31188965	1.0	1.0	44.0	1.0	0.00273933215067	-0.988860845566	-0.148817822337	1.07432156158	16.027428006	-65.6466522217	3.27553987503	-41.9482498169	0.0462361574173	0.0	0.0	0.0	0.0	0.0	-1.0	0.0	1
1.0	81.6740036011	1.0	1.0	3026.88720703	6.0	2.0	54.0	2.14069616937	0.451813876629	-0.825298428535	-0.338742882013	0.0	53.3244852992	-65.4245452881	25.9316005707	-54.2896995544	0.217525929213	0.0	0.0	0.0	0.0	0.0	0.0299910032388	1.0	1
1.0	482.354003906	1.0	1.0	1799.15637207	1.0	1.0	93.0	1.93433712628	0.284678965807	-0.708621263504	-0.645611107349	17.6789366141	27.8297107037	-69.3131484985	15.9296998978	-47.2501983643	0.947073459625	0.0	0.0	0.0	0.0	0.0	-1.0	0.0	1
1.0	1984.87597656	2.0	2.0	4258.6484375	11.0	5.0	328.0	0.0	0.0027029120829	-0.988878190517	-0.148702844977	7.83200202613	19.7378162516	-71.324546814	7.64062023163	-27.6181507111	0.515735268593	4.0	10.0600004196	89.0	0.0	26.4200000763	0.977139593747	1.0	1
1.0	38.6915016174	1.0	1.0	821.550415039	2.0	1.0	46.0	0.0	0.0027029120829	-0.988878190517	-0.148702844977	0.0	3.10243654787	-71.324546814	7.64062023163	-27.6181507111	0.515735268593	1.0	10.0600004196	30.0	0.0	10.0600004196	0.601184486303	1.0	1
1.0	572.634216309	2.0	2.0	3624.10742188	6.0	3.0	209.0	0.0	0.0027029120829	-0.988878190517	-0.148702844977	7.83200202613	19.7378162516	-71.324546814	7.64062023163	-27.6181507111	0.515735268593	1.0	10.0600004196	30.0	0.0	10.0600004196	0.623065349572	1.0	1
1.0	1635.36218262	2.0	2.0	4452.10595703	8.0	4.0	359.0	0.0	-0.00270286458544	0.98887860775	0.148700237274	2.41297122524	58.1947477193	-59.6628494263	44.0576515198	-61.5623512268	0.857433140278	3.0	10.0600004196	126.0	0.0	23.6800003052	0.969264588869	1.0	1
1.0	821.550537109	2.0	0.0	1649.54919434	5.0	0.0	0.0	10.0	0.0	0.0	0.0	0.0	0.0	0.0	0.0	0.0	2.0	0.0	0.0	0.0	0.0	0.0	0.0420809693989	1.0	1
1.0	821.550537109	2.0	2.0	1481.88513184	4.0	1.0	56.0	0.0	0.0027029120829	-0.988878190517	-0.148702844977	7.83200202613	3.10243654787	-71.324546814	7.64062023163	-27.6181507111	0.515735268593	1.0	10.0600004196	30.0	0.0	10.0600004196	0.601184486303	1.0	1
1.0	1583.77355957	2.0	2.0	4185.13378906	8.0	4.0	359.0	0.0	-0.00270286458544	0.98887860775	0.148700237274	2.41297122524	58.1947477193	-59.6628494263	44.0576515198	-61.5623512268	0.857433140278	3.0	10.0600004196	126.0	0.0	23.6800003052	0.973749363326	1.0	1
1.0	582.018493652	1.0	0.0	49.2192993164	1.0	0.0	0.0	10.0	0.0	0.0	0.0	0.0	0.0	0.0	0.0	0.0	2.0	0.0	0.0	0.0	0.0	0.0	0.0420809693989	1.0	1
1.0	618.932983398	1.0	1.0	1876.48608398	4.0	2.0	40.0	0.0	0.0187849197537	0.152881398797	-0.988066077232	3.08726391836	22.5286770646	-56.4132995605	16.7013511658	-59.5938491821	0.836612820625	2.0	20.0	122.0	1.0	12.3199996948	0.554599722349	1.0	1
1.0	618.932983398	1.0	1.0	1893.70898438	2.0	2.0	90.0	0.0	0.0187849197537	0.152881398797	-0.988066077232	3.08726391836	42.4866563382	-56.4132995605	16.7013511658	-59.5938491821	0.836612820625	2.0	20.0	122.0	1.0	12.3199996948	0.561485495824	1.0	1
1.0	62.7546005249	2.0	2.0	2586.47460938	5.0	1.0	89.0	0.0	-0.00269271060824	0.99008667469	0.140431940556	2.15334743907	36.5893764733	-56.4021492004	16.2472991943	-60.1796989441	0.619268238544	3.0	8.57999992371	130.0	0.0	20.0	0.417780345132	1.0	1
1.0	370.290985107	1.0	1.0	1589.57165527	1.0	1.0	59.0	2.39678112577	0.365462213755	-0.808118164539	-0.461933374405	14.9756083217	31.1211896042	-71.1321563721	19.6379508972	-43.1007499695	0.732453644276	0.0	0.0	0.0	0.0	0.0	-1.0	0.0	1
1.0	1031.69946289	7.0	2.0	4688.32470703	10.0	4.0	184.0	0.0	0.0181113481522	0.147383540869	-0.988913655281	1.08956353198	56.9415047302	-66.6443481445	33.0214004517	-50.1125488281	0.609130978584	6.0	8.73999977112	183.0	0.0	17.6800003052	0.78757001665	1.0	1
1.0	504.277984619	2.0	1.0	973.232055664	5.0	1.0	29.0	2.67234539331	0.149004220963	-0.948960542679	-0.277977764606	1.51526960158	22.5786636235	-68.6401519775	-6.89586496353	-30.4446487427	0.250488042831	0.0	0.0	0.0	0.0	0.0	0.812723575525	1.0	1
1.0	362.982879639	2.0	2.0	412.923583984	3.0	2.0	21.0	0.0	0.00264094537124	-0.989321887493	-0.145723327994	18.5836960739	4.35737657032	-65.5247955322	32.7300491333	-51.7351531982	0.144710808992	1.0	16.6800003052	45.0	0.0	16.6800003052	0.964379136719	1.0	1
1.0	500.623962402	2.0	1.0	1637.07617188	2.0	2.0	72.0	0.0	-0.00273449299857	0.989321529865	0.145723283291	2.38381226625	44.0339723697	-66.6496505737	31.370349884	-49.8228530884	0.585904955864	1.0	16.6800003052	41.0	0.0	16.6800003052	0.272905080563	1.0	1
1.0	570.053588867	2.0	1.0	4526.32128906	8.0	2.0	78.0	0.0	0.0181113481522	0.147383540869	-0.988913655281	1.08956353198	56.9415047302	-66.6443481445	33.0214004517	-50.1125488281	0.609130978584	4.0	8.73999977112	125.0	0.0	17.6800003052	0.489193831655	1.0	1
1.0	905.039001465	2.0	0.0	851.360839844	4.0	0.0	0.0	10.0	0.0	0.0	0.0	0.0	0.0	0.0	0.0	0.0	2.0	0.0	0.0	0.0	0.0	0.0	0.0420809693989	1.0	1
1.0	520.553222656	3.0	2.0	2655.19726562	9.0	3.0	103.0	0.0	-0.99985229969	0.0	-0.0171878151596	1.52581054534	53.0849389393	-60.5567512512	31.9207992554	-61.4037475586	0.467462748289	3.0	12.6400003433	65.0	0.0	34.9399986267	0.114495709197	1.0	1
1.0	1711.45996094	6.0	6.0	3906.02294922	9.0	7.0	340.0	0.0	0.0181462932378	0.142467215657	-0.989633202553	0.0	61.4555086304	-58.8774490356	30.9639511108	-62.0644493103	0.725478649139	17.0	7.84000015259	431.0	0.0	38.1599998474	0.964027580076	1.0	1
1.0	258.403991699	1.0	1.0	1380.6529541	6.0	1.0	13.0	0.0	0.0181462932378	0.142467215657	-0.989633202553	0.0	57.973338346	-58.8774490356	30.9639511108	-62.0644493103	0.725478649139	1.0	12.6400003433	35.0	0.0	12.6400003433	0.0649086127746	1.0	1
1.0	182.256195068	2.0	2.0	2530.36401367	6.0	2.0	95.0	2.44948974278	0.338382393122	-0.745022058487	0.574838638306	4.56821219936	3.82779228166	-70.7848968506	-1.68416845798	-18.8690490723	0.881930649281	0.0	0.0	0.0	0.0	0.0	0.182917956866	1.0	1
1.0	182.256195068	2.0	2.0	3170.75732422	8.0	2.0	95.0	2.44948974278	0.338382393122	-0.745022058487	0.574838638306	4.56821219936	3.82779228166	-70.7848968506	-1.68416845798	-18.8690490723	0.881930649281	0.0	0.0	0.0	0.0	0.0	0.182917956866	1.0	1
1.0	1037.36206055	4.0	4.0	2717.61303711	6.0	5.0	346.0	0.0	0.0181462932378	0.142467215657	-0.989633202553	0.0	57.4686629112	-58.8774490356	30.9639511108	-62.0644493103	0.725478649139	3.0	9.06000041962	96.0	0.0	12.6400003433	0.970451936613	1.0	1
1.0	254.216003418	1.0	0.0	1505.26000977	1.0	0.0	0.0	10.0	0.0	0.0	0.0	0.0	0.0	0.0	0.0	0.0	2.0	0.0	0.0	0.0	0.0	0.0	0.0420809693989	0.0	1
1.0	417.014404297	2.0	1.0	339.372009277	4.0	2.0	0.0	10.0	0.0	0.0	0.0	0.0	0.0	0.0	0.0	0.0	2.0	5.0	18.4200000763	94.0	0.0	23.2199993134	0.249612948937	1.0	1
1.0	497.161010742	1.0	0.0	1655.53564453	6.0	0.0	0.0	10.0	0.0	0.0	0.0	0.0	0.0	0.0	0.0	0.0	2.0	0.0	0.0	0.0	0.0	0.0	0.0420809693989	1.0	1
1.0	497.161010742	1.0	1.0	4206.45947266	7.0	2.0	113.0	2.32059474474	-0.00426317518577	-0.973963081837	0.226666763425	1.05092021491	33.7620999722	-70.2409973145	28.0869998932	-47.0198974609	0.661422610283	0.0	0.0	0.0	0.0	0.0	0.492987966675	1.0	1
1.0	74.6902999878	1.0	1.0	1464.17041016	1.0	1.0	16.0	3.84689487728	-0.0773225650191	-0.942361533642	0.325539529324	1.10594328815	2.11241845871	-74.2384033203	24.0319499969	-21.8869514465	0.861657381058	0.0	0.0	0.0	0.0	0.0	-1.0	0.0	1
1.0	112.628204346	2.0	2.0	2620.09179688	12.0	2.0	59.0	0.0	0.0192109663039	0.152657717466	-0.988092422485	0.0	39.775348762	-58.7511520386	1.23958492279	-50.504699707	0.353023588657	1.0	8.73999977112	28.0	1.0	8.73999977112	0.304978924385	1.0	1
1.0	675.76940918	2.0	2.0	2659.21533203	7.0	2.0	27.0	3.17797100403	-0.102657571435	-0.993610441685	-0.0469001531601	0.0	17.0628416146	-74.2924041748	21.9986495972	-19.1011505127	0.911787986755	2.0	22.1000003815	72.0	0.0	22.9400005341	0.235495749538	1.0	1
1.0	455.254882812	2.0	2.0	206.287902832	4.0	3.0	23.0	0.0	-0.0191077273339	-0.152624100447	0.988099455833	15.393543505	2.52841593008	-66.592300415	8.98551559448	-45.4306488037	0.484217613935	3.0	10.0600004196	90.0	2.0	10.0600004196	0.976451587966	1.0	1
1.0	804.995544434	2.0	2.0	3114.47119141	8.0	2.0	105.0	0.0	0.0191149804741	0.152711257339	-0.988085925579	18.4565240506	38.4578579219	-69.8643035889	28.582698822	-47.8247489929	0.0309040695429	1.0	9.52000045776	20.0	0.0	9.52000045776	0.597982000499	1.0	1
1.0	984.014892578	3.0	2.0	1890.97314453	6.0	3.0	115.0	0.0	-0.0191076993942	-0.152633741498	0.988098084927	7.90071823139	25.6933005065	-64.3526992798	6.00333023071	-46.8432502747	0.986072838306	2.0	10.0600004196	90.0	2.0	10.0600004196	0.964379136719	1.0	1
1.0	539.4296875	3.0	3.0	646.130004883	1.0	1.0	129.0	0.0	0.0191149804741	0.152711257339	-0.988085925579	12.9427632853	11.3509737244	-69.8643035889	28.582698822	-47.8247489929	0.0309040695429	1.0	9.52000045776	20.0	0.0	9.52000045776	0.613802631534	1.0	1
1.0	1317.15734863	3.0	3.0	1901.63989258	8.0	4.0	255.0	0.0	0.0192109663039	0.152657717466	-0.988092422485	0.0	31.5272989813	-58.7511520386	1.23958492279	-50.504699707	0.353023588657	3.0	8.73999977112	65.0	1.0	8.73999977112	0.973226164345	1.0	1
1.0	489.305114746	1.0	1.0	1460.19799805	1.0	1.0	69.6972980499	1.92708588334	0.538638949394	-0.538513958454	-0.647974431515	0.0	27.4534973918	-65.764755249	9.62280464172	-47.6461486816	0.124071210623	0.0	0.0	0.0	0.0	0.0	-1.0	0.0	1
1.0	546.416503906	2.0	1.0	2574.640625	10.0	2.0	74.2675991058	0.0	-0.00327087705955	-0.994222998619	0.107284761965	4.33534096403	40.4692959664	-66.9515991211	14.4067993164	-43.7397499084	0.836598873138	1.0	9.47999954224	29.7070007324	0.0	9.47999954224	0.0228475284912	1.0	1
1.0	20.0660991669	1.0	1.0	1032.63476562	4.0	1.0	27.4218997955	1.92708588334	0.538638949394	-0.538513958454	-0.647974431515	0.0	42.4457661776	-65.764755249	9.62280464172	-47.6461486816	0.124071210623	0.0	0.0	0.0	0.0	0.0	0.208284131053	1.0	1
1.0	20.0660991669	1.0	1.0	1460.19799805	1.0	1.0	27.4218997955	1.92708588334	0.538638949394	-0.538513958454	-0.647974431515	0.0	27.4534973918	-65.764755249	9.62280464172	-47.6461486816	0.124071210623	0.0	0.0	0.0	0.0	0.0	0.208284131053	1.0	1
1.0	131.572006226	1.0	1.0	1783.53015137	1.0	1.0	17.1387004852	2.68620739391	-0.0701832771301	-0.766315937042	0.638618886471	5.52702489142	0.0	-74.0840454102	24.164150238	-27.6816482544	0.821400642395	0.0	0.0	0.0	0.0	0.0	-1.0	0.0	1
1.0	461.545196533	4.0	2.0	2848.63330078	9.0	3.0	110.74216032	0.0	0.0265279840678	0.970082461834	-0.241321802139	3.01679076753	49.6962993388	-68.4542007446	27.1693000793	-48.3947525024	0.907549738884	0.0	0.0	0.0	1.0	11.9200000763	0.156896236942	1.0	1
1.0	296.558197021	2.0	2.0	2529.1027832	6.0	4.0	127.880800724	0.0	0.0265279840678	0.970082461834	-0.241321802139	3.01679076753	41.2744231084	-68.4542007446	27.1693000793	-48.3947525024	0.907549738884	2.0	7.34000015259	55.371099472	1.0	11.9200000763	0.263870008115	1.0	1
1.0	701.71484375	4.0	3.0	4431.66943359	6.0	2.0	141.064462185	2.42828544568	0.173380494118	-0.984669864178	-0.019094126299	17.0625411372	45.4583240839	-67.9022979736	23.4518508911	-48.3314971924	0.87993645668	0.0	0.0	0.0	0.0	0.0	0.263870194443	1.0	1
1.0	388.44921875	2.0	1.0	1096.42919922	7.0	1.0	29.0039000511	2.46430520826	-0.256869405508	0.202118486166	0.945074677467	4.68057206953	11.3536632928	-70.4550018311	8.14937496185	-25.1047992706	0.147034183145	0.0	0.0	0.0	0.0	0.0	0.335812276158	1.0	1
1.0	408.477508545	1.0	1.0	1449.23425293	1.0	1.0	53.4057006836	0.0	0.106013379991	-0.937814712524	0.330552250147	20.7541705617	30.3197619362	-59.4380493164	15.5747995377	-53.3322486877	0.120906934142	1.0	2.79999995232	4.76837015152	1.0	2.79999995232	-1.0	0.0	1
1.0	15.6505002975	1.0	1.0	1842.0612793	2.0	2.0	57.2203998566	0.0	0.106013379991	-0.937814712524	0.330552250147	1.12596735161	30.3197619362	-59.4380493164	15.5747995377	-53.3322486877	0.120906934142	2.0	2.79999995232	26.7028698921	1.0	2.79999995232	0.0190711832333	1.0	1
1.0	408.477508545	1.0	1.0	3048.71337891	8.0	3.0	106.811401367	0.0	0.106013379991	-0.937814712524	0.330552250147	20.7541705617	49.0122080017	-59.4380493164	15.5747995377	-53.3322486877	0.120906934142	1.0	2.79999995232	4.76837015152	1.0	2.79999995232	0.260857692594	1.0	1
1.0	95.2335968018	1.0	1.0	1553.89660645	1.0	1.0	30.9587402344	3.22079180797	0.456752955914	-0.841198205948	-0.289417088032	2.92105988745	28.6055666328	-66.9001464844	22.4039001465	-39.4928512573	0.840097904205	0.0	0.0	0.0	0.0	0.0	-1.0	0.0	1
1.0	422.202392578	3.0	2.0	563.466796875	7.0	2.0	29.7203998566	0.0	-0.0363960526884	0.997945249081	-0.0527320057154	2.3672982873	18.8490369475	-67.3051528931	28.7792510986	-37.7911987305	0.653944015503	1.0	18.6800003052	27.2437000275	1.0	8.64000034332	0.969662563302	1.0	1
1.0	217.450088501	6.0	3.0	2806.21972656	9.0	1.0	44.580540657	0.0	-0.996831357479	-0.0361104756594	-0.0708742588758	14.8719263828	34.8920541719	-64.7323455811	16.539899826	-42.4587478638	0.294566512108	3.0	12.5	116.404800415	0.0	20.8999996185	0.0680038816628	1.0	1
1.0	711.07800293	1.0	1.0	265.067016602	3.0	2.0	28.4820404053	3.38585288343	-0.153095513582	0.949182748795	0.274979740381	21.0719302656	42.54173904	-65.2738037109	23.5088996887	-39.4296989441	0.956788778305	0.0	0.0	0.0	0.0	0.0	0.768005366724	1.0	1
1.0	766.631408691	2.0	2.0	2864.94726562	7.0	1.0	70.5859413147	2.87874806771	0.185494229198	-0.951293826103	-0.246235653758	7.80085337935	19.1306614693	-71.4979553223	11.9707241058	-26.3172492981	0.114912569523	0.0	0.0	0.0	0.0	0.0	0.453539537847	1.0	1
1.0	1701.50817871	4.0	4.0	2268.14941406	9.0	6.0	386.364843369	0.0	0.0364906042814	-0.997941851616	0.0527299046516	17.712813848	29.3115983837	-72.4564056396	19.8574504852	-25.4152984619	0.39012119174	5.0	4.82000017166	178.322189331	0.0	22.7999992371	0.851921027574	1.0	1
1.0	99.8867034912	1.0	1.0	1610.03881836	1.0	1.0	45.6543998718	2.3429853082	0.596259057522	-0.301216363907	-0.744139611721	0.0	30.5392303813	-69.6414489746	9.6031999588	-42.0615501404	0.0557979345322	0.0	0.0	0.0	0.0	0.0	-1.0	0.0	1
1.0	560.381774902	4.0	0.0	182.843505859	5.0	0.0	0.0	10.0	0.0	0.0	0.0	0.0	0.0	0.0	0.0	0.0	2.0	0.0	0.0	0.0	0.0	0.0	0.0420809693989	1.0	1
1.0	897.287597656	4.0	1.0	1127.53466797	4.0	1.0	13.6962995529	0.0	-0.0210204385221	0.981930315495	-0.188071981072	3.38176177095	39.4554392886	-58.6447486877	41.701499939	-57.9934501648	0.687709093094	1.0	19.8999996185	60.492099762	0.0	19.8999996185	0.319413913032	1.0	1
1.0	707.671813965	4.0	2.0	1843.67260742	7.0	2.0	28.5339794159	0.0	-0.0210204385221	0.981930315495	-0.188071981072	40.037430607	58.057954444	-58.6447486877	41.701499939	-57.9934501648	0.687709093094	1.0	19.8999996185	60.492099762	0.0	19.8999996185	0.985981668796	1.0	1
1.0	760.154602051	3.0	3.0	3365.67553711	7.0	4.0	197.45523715	0.0	0.993341863155	0.0	-0.115203723311	2.37227072248	26.7147246602	-59.2433509827	21.4202003479	-58.5867500305	0.990995883942	3.0	10.1599998474	94.7327976227	2.0	20.2399997711	0.807057856886	1.0	1
1.0	1017.48980713	2.0	2.0	2014.66503906	4.0	2.0	58.2093589306	0.0	0.021020475775	-0.981930315495	0.188072308898	31.4954326891	3.17816830646	-66.3056488037	14.6536998749	-50.3247489929	0.83780413866	0.0	0.0	0.0	1.0	21.3600006104	0.968396969209	1.0	1
1.0	677.197814941	2.0	2.0	2084.078125	9.0	5.0	174.628018141	0.0	0.993341863155	0.0	-0.115203723311	27.004433727	24.4137012473	-66.0611495972	2.35292005539	-43.3689498901	0.57779198885	2.0	10.1599998474	63.916097641	1.0	11.4799995422	0.911298230002	1.0	1
1.0	190.899993896	1.0	1.0	1235.0378418	1.0	1.0	25.1367506981	2.80828414293	0.252003639936	-0.783697724342	-0.567725300789	4.37973028319	13.8379467238	-70.6143493652	25.159450531	-40.4938964844	0.82936757803	0.0	0.0	0.0	0.0	0.0	-1.0	0.0	1
1.0	946.198181152	5.0	2.0	1153.69836426	8.0	2.0	60.5566587448	0.0	-0.0472533963621	0.972083210945	-0.229828923941	2.63406822075	29.1200350348	-67.5295562744	6.69272518158	-34.5945510864	0.601065635681	6.0	8.14000034332	195.380804062	2.0	18.6599998474	0.984202274032	1.0	1
1.0	489.699615479	6.0	2.0	1303.09790039	4.0	1.0	57.1289515495	0.0	0.0472520031035	-0.972084879875	0.229822158813	16.4327000329	3.96302418416	-69.4579467773	17.8249015808	-45.2681503296	0.843155741692	1.0	7.59999990463	34.2773017883	0.0	7.59999990463	0.158610489817	1.0	1
1.0	703.838439941	4.0	3.0	1173.61853027	9.0	2.0	86.8359494209	0.0	-0.0472533963621	0.972083210945	-0.229828923941	2.63406822075	29.1200350348	-67.5295562744	6.69272518158	-34.5945510864	0.601065635681	3.0	8.14000034332	86.8359012604	1.0	10.1400003433	0.978064320854	1.0	1
1.0	39.8399009705	1.0	1.0	1386.09802246	2.0	2.0	66.2696018219	0.0	0.0472520031035	-0.972084879875	0.229822158813	0.992384733286	26.8623698519	-69.4579467773	17.8249015808	-45.2681503296	0.843155741692	1.0	7.59999990463	34.2773017883	0.0	7.59999990463	0.2028127762	1.0	1
1.0	79.6798019409	2.0	2.0	190.899993896	1.0	1.0	17.1387004852	3.15735644596	-0.107598930597	0.829488217831	0.548061847687	1.90685675298	4.37973028319	-71.1228942871	24.0394001007	-41.0168495178	0.92507815361	1.0	15.5200004578	31.9922008514	0.0	15.5200004578	0.422982426057	1.0	1
1.0	321.973388672	1.0	1.0	1596.98620605	1.0	1.0	65.1269989014	0.0	-0.0588479749858	-0.984736979008	0.163798481226	0.0	24.9007674133	-62.8945503235	14.8502998352	-50.9133987427	0.947642147541	1.0	3.20000004768	5.71289014816	1.0	3.20000004768	-1.0	0.0	1
1.0	956.259887695	5.0	4.0	1901.25183105	6.0	3.0	180.52741909	0.0	-0.992691874504	0.0703895539045	0.0980208963156	12.3440448195	25.8003858907	-70.9196472168	19.6768493652	-32.813949585	0.924951195717	3.0	3.20000004768	33.1347708702	4.0	12.4200000763	0.964394826367	1.0	1
1.0	941.771484375	2.0	2.0	965.919677734	7.0	2.0	19.4237995148	0.0	-0.0588481537998	-0.984720826149	0.163895443082	24.3498593305	15.9614556481	-68.5402526855	2.27754998207	-33.2926483154	0.235745728016	2.0	9.76000022888	78.8379001617	1.0	9.76000022888	0.759080814806	1.0	1
1.0	169.035903931	3.0	1.0	1988.18432617	9.0	2.0	38.8476982117	0.0	0.992692053318	-0.0703890621662	-0.0980202034116	1.80343762998	35.1330305266	-65.3344497681	31.2372512817	-50.2662506104	0.575673043728	1.0	3.20000004768	1.14258003235	1.0	11.4200000763	0.993708763653	1.0	1
1.0	732.489013672	1.0	1.0	1186.47070312	2.0	2.0	55.9863014221	0.0	-0.108658239245	-0.146983608603	-0.983152627945	1.48334925497	46.6633973929	-52.2240524292	14.1380500793	-61.717300415	0.800932884216	0.0	0.0	0.0	2.0	24.4400005341	0.309436004654	1.0	1
1.0	585.990966797	2.0	2.0	904.744628906	5.0	2.0	18.2812004089	3.28144792232	-0.198414623737	0.980086147785	-0.007932218723	3.35866833728	13.7890901646	-55.4285964966	20.1849002838	-60.8321533203	0.148836374283	1.0	11.3000001907	15.9961004257	1.0	11.3000001907	0.99592003925	1.0	1
1.0	321.973388672	1.0	1.0	2352.01293945	4.0	2.0	105.117259979	0.0	-0.0588479749858	-0.984736979008	0.163798481226	0.0	41.1542093268	-62.8945503235	14.8502998352	-50.9133987427	0.947642147541	2.0	3.20000004768	41.132789135	2.0	11.0600004196	0.360143519686	1.0	1
1.0	948.211120605	2.0	1.0	220.551391602	2.0	1.0	31.9922008514	0.0	0.992691874504	-0.0703895539045	-0.0980208963156	17.0484691123	12.3440448195	-70.9196472168	19.6768493652	-32.813949585	0.924951195717	0.0	0.0	0.0	1.0	12.4200000763	0.974596255557	1.0	1
1.0	887.036010742	4.0	3.0	1122.07666016	6.0	3.0	121.113309383	0.0	-0.0588481537998	-0.984720826149	0.163895443082	24.3498593305	5.89779461521	-68.5402526855	2.27754998207	-33.2926483154	0.235745728016	3.0	3.20000004768	52.5585904121	4.0	12.4200000763	0.908632900952	1.0	1
1.0	999.7265625	5.0	4.0	883.815917969	4.0	3.0	189.668021202	0.0	-0.992691874504	0.0703895539045	0.0980208963156	12.3440448195	25.8003858907	-70.9196472168	19.6768493652	-32.813949585	0.924951195717	3.0	3.20000004768	67.4120898247	4.0	12.4200000763	0.971243022157	1.0	1
1.0	490.847991943	1.0	1.0	1276.4309082	1.0	1.0	49.6288986206	1.93416129366	0.23231588304	-0.957846045494	-0.168997853994	11.4966684574	28.3895930605	-65.4937973022	20.3944511414	-46.095703125	0.926546573639	0.0	0.0	0.0	0.0	0.0	-1.0	0.0	1
1.0	24.9391002655	1.0	1.0	1353.51513672	7.0	2.0	31.017999649	0.0	0.0	0.984888553619	-0.173189088702	2.05778449872	16.2249779182	-73.3901977539	13.7362003326	-21.3087005615	0.904321551323	1.0	1.72000002861	3.54491996765	1.0	1.72000002861	0.243173667361	1.0	1
1.0	893.275024414	2.0	2.0	2560.79589844	6.0	2.0	62.0360984802	0.0	1.0	0.0	0.0	3.21647178244	46.6378532468	-52.4878005981	44.0587005615	-54.9808006287	0.850517034531	2.0	11.0200004578	30.1318307519	0.0	12.1000003815	0.0310081058546	1.0	1
1.0	24.9391002655	1.0	1.0	1590.43713379	5.0	2.0	45.1976995468	0.0	0.0	0.984888553619	-0.173189088702	2.05778449872	13.1357790327	-73.3901977539	13.7362003326	-21.3087005615	0.904321551323	1.0	1.72000002861	3.54491996765	1.0	1.72000002861	0.243173667361	1.0	1
1.0	338.663818359	1.0	1.0	1502.03491211	1.0	1.0	51.6796989441	1.78511064	0.579883754253	-0.407611727715	-0.705398857594	2.30453128609	29.5700369455	-66.2957000732	15.6893501282	-48.365447998	0.763100028038	0.0	0.0	0.0	0.0	0.0	-1.0	0.0	1
1.0	34.493598938	1.0	0.0	2016.30541992	12.0	0.0	0.0	10.0	0.0	0.0	0.0	0.0	0.0	0.0	0.0	0.0	2.0	0.0	0.0	0.0	0.0	0.0	0.0420809693989	1.0	1
1.0	338.663818359	1.0	0.0	293.195007324	1.0	0.0	0.0	10.0	0.0	0.0	0.0	0.0	0.0	0.0	0.0	0.0	2.0	0.0	0.0	0.0	0.0	0.0	0.0420809693989	1.0	1
1.0	327.688598633	1.0	1.0	3123.23217773	7.0	3.0	74.8827991486	0.0	0.999417364597	0.0341228172183	0.00076417560922	2.10514259997	39.0154842058	-66.8924560547	17.746799469	-45.8850021362	0.535774469376	2.0	13.8199996948	78.0469017029	1.0	18.6399993896	0.507223617878	1.0	1
1.0	37.6292991638	1.0	1.0	3637.49902344	7.0	1.0	7.38281011581	0.0	-0.999417364597	-0.0341212376952	-0.000767837569583	1.04330633179	21.6226925363	-72.3214492798	23.2231998444	-23.2285003662	0.975035965443	0.0	0.0	0.0	1.0	9.11999988556	0.252796981624	1.0	1
1.0	110.64099884	1.0	1.0	1396.50817871	1.0	1.0	36.5569992065	2.2863441966	0.171910867095	-0.983342051506	0.0590351633728	0.0	12.0375541519	-65.852645874	16.2280502319	-37.5614013672	0.559430599213	0.0	0.0	0.0	0.0	0.0	-1.0	0.0	1
1.0	516.775756836	6.0	4.0	2632.45166016	13.0	4.0	31.6827684045	0.0	-0.00368939270265	-0.998910903931	0.0465121418238	1.04689219446	52.6713859922	-52.1184005737	39.2341003418	-58.8069992065	0.205402806401	5.0	12.1199998856	99.110039711	1.0	19.7000007629	0.971837695493	1.0	1
1.0	98.4976959229	2.0	1.0	665.196533203	2.0	1.0	6.49902009964	0.0	-0.0036894029472	-0.998915612698	0.0464106574655	2.09387559656	17.6136810535	-66.9037017822	12.1160001755	-30.8206501007	0.339588463306	1.0	10.6000003815	24.3712997437	0.0	10.6000003815	0.0284254367258	1.0	1
1.0	155.167404175	2.0	2.0	1389.76171875	2.0	1.0	24.371319294	0.0	-0.0036894029472	-0.998915612698	0.0464106574655	2.09387559656	1.32044571425	-66.9037017822	12.1160001755	-30.8206501007	0.339588463306	1.0	10.6000003815	24.3712997437	0.0	10.6000003815	0.0608531171276	1.0	1
1.0	260.411010742	2.0	1.0	3049.38061523	8.0	1.0	36.5569992065	2.2863441966	0.171910867095	-0.983342051506	0.0590351633728	15.3466505739	8.23771677846	-65.852645874	16.2280502319	-37.5614013672	0.559430599213	0.0	0.0	0.0	0.0	0.0	0.113245133931	1.0	1
1.0	44.5264015198	1.0	0.0	101.19619751	2.0	0.0	0.0	10.0	0.0	0.0	0.0	0.0	0.0	0.0	0.0	0.0	2.0	0.0	0.0	0.0	0.0	0.0	0.0420809693989	1.0	1
1.0	217.664001465	1.0	1.0	1635.01538086	1.0	1.0	44.8241996765	2.53841685376	0.14518275857	-0.946254134178	-0.289006888866	0.0	15.7559459301	-70.7660980225	7.44821500778	-37.1982002258	0.25842577219	0.0	0.0	0.0	0.0	0.0	-1.0	0.0	1
1.0	1049.51403809	4.0	3.0	830.160888672	9.0	3.0	6.59180021286	0.0	0.00760314753279	-0.965319693089	0.260959982872	12.8146238474	36.542966871	-70.9275512695	23.1259994507	-25.3415985107	0.146095782518	3.0	17.6200008392	154.248197556	0.0	35.8600006104	0.964761792897	1.0	1
1.0	288.531494141	2.0	2.0	1643.45275879	4.0	2.0	42.1875405312	2.77592687507	-0.128446057439	-0.990727186203	0.0442865900695	12.1444074907	47.7343238543	-71.8218002319	35.5601005554	-38.5110015869	0.586134433746	2.0	30.7999992371	54.0527000427	0.0	34.4599990845	0.387361084256	1.0	1
1.0	875.720275879	4.0	2.0	1304.29968262	7.0	2.0	25.0488004684	2.42026648481	0.0190364718437	0.759931147099	0.649724721909	6.62058211519	14.223847601	-67.7533569336	3.94780015945	-21.1525993347	0.831026077271	1.0	35.4599990845	14.501999855	0.0	35.4599990845	0.985846623348	1.0	1
1.0	691.801940918	3.0	3.0	2110.84008789	6.0	3.0	201.708960533	0.0	-0.00760345766321	0.965317368507	-0.260968625546	3.42601035036	14.223847601	-67.6900482178	5.8655500412	-18.991399765	0.0409282743931	6.0	4.26000022888	148.974678993	2.0	23.3799991608	0.812312060941	1.0	1
1.0	37.1211013794	2.0	2.0	1025.89208984	5.0	2.0	7.9101600647	3.2176544399	0.778654038906	-0.122374281287	-0.615404248238	1.39933841605	36.561626926	-55.2977523804	21.4169998169	-64.7416000366	0.0588785260916	1.0	30.7999992371	26.3672008514	0.0	30.7999992371	0.965663074233	1.0	1
1.0	1697.44482422	2.0	2.0	1002.26916504	6.0	3.0	17.1387000084	0.0	0.999440729618	0.0	-0.03343950212	30.3669875138	10.826793242	-67.3470993042	0.288071006536	-24.6462993622	0.381687581539	4.0	11.4200000763	137.109298706	0.0	38.9799995422	0.986915980837	1.0	1
1.0	1741.31567383	2.0	2.0	3045.61865234	5.0	5.0	264.990198612	0.0	0.999440729618	0.0	-0.0334396250546	2.87641639649	50.3717382241	-58.1738967896	12.8506002426	-58.7510986328	0.862119376659	6.0	29.9599990845	341.454684258	1.0	23.3799991608	0.833565091438	1.0	1
1.0	2048.40771484	3.0	3.0	2355.50439453	4.0	4.0	267.626958847	0.0	0.999440729618	0.0	-0.0334396250546	2.87641639649	36.2432914051	-58.1738967896	12.8506002426	-58.7510986328	0.862119376659	1.0	10.1000003815	32.9589996338	1.0	23.3799991608	0.992155107433	1.0	1
1.0	238.445999146	1.0	1.0	1548.09204102	1.0	1.0	36.914100647	2.35077225597	0.597054004669	-0.363829791546	-0.714950680733	0.0	35.3794494634	-65.375	13.3580999374	-48.962852478	0.681720912457	0.0	0.0	0.0	0.0	0.0	-1.0	0.0	1
1.0	296.251098633	2.0	1.0	3943.39135742	11.0	1.0	0.0	10.0	0.0	0.0	0.0	0.0	0.0	0.0	0.0	0.0	2.0	1.0	26.4799995422	16.875	1.0	26.4799995422	0.182502798033	1.0	1
1.0	411.860992432	1.0	1.0	3480.94995117	6.0	2.0	84.3751010895	0.0	0.99490249157	0.0	-0.100842304528	3.78684759785	51.8896510749	-60.1539001465	27.258600235	-59.6544494629	0.914345979691	1.0	13.1400003433	30.585899353	1.0	13.1400003433	0.530344958447	1.0	1
1.0	173.414993286	1.0	1.0	937.526123047	5.0	2.0	25.3124594688	0.0	-0.00925232749432	0.994012355804	-0.108874872327	1.89266366047	36.0989714838	-68.5351486206	18.2396011353	-46.8288002014	0.47640889883	0.0	0.0	0.0	1.0	17.1800003052	0.167166428027	1.0	1
1.0	89.0643005371	1.0	1.0	1625.42749023	1.0	1.0	24.2578001022	3.3436507451	0.31335875392	-0.844325006008	-0.434651046991	0.0	18.5402871751	-66.0970458984	12.5955648422	-40.5750007629	0.829026460648	0.0	0.0	0.0	0.0	0.0	-1.0	0.0	1
1.0	103.378204346	3.0	3.0	1590.43798828	2.0	2.0	61.171860218	0.0	-0.0376584157348	-0.997923374176	0.0522578731179	2.16508344124	38.3313161126	-57.4911499023	16.1819992065	-56.9701004028	0.142431661487	4.0	5.76000022888	51.6796998978	0.0	11.4799995422	0.105079661378	1.0	1
1.0	1386.85437012	1.0	1.0	2158.22290039	5.0	1.0	33.7499904633	3.16577011936	0.247357368469	-0.470011889935	-0.847291707993	5.82034199342	0.0	-69.8605041504	6.98577976227	-20.4945487976	0.691276907921	0.0	0.0	0.0	0.0	0.0	0.24289798528	1.0	1
1.0	1913.28833008	2.0	1.0	1530.00085449	3.0	2.0	62.2265901566	0.0	0.999361991882	-0.033069755882	-0.0134886540473	2.16508344124	29.1265800604	-56.9312515259	16.6662998199	-57.0037002563	0.858923971653	3.0	5.76000022888	73.8281002045	0.0	19.7399997711	0.450363688013	1.0	1
1.0	1386.85437012	1.0	1.0	2469.94775391	9.0	2.0	78.0467987061	2.11003554563	0.0223593134433	0.77998816967	-0.625394761562	20.6498496431	5.88494291396	-69.9852981567	22.9596500397	-36.6677474976	0.969685554504	0.0	0.0	0.0	0.0	0.0	0.588258928978	1.0	1
1.0	132.895996094	1.0	0.0	1759.67700195	1.0	0.0	0.0	10.0	0.0	0.0	0.0	0.0	0.0	0.0	0.0	0.0	2.0	0.0	0.0	0.0	0.0	0.0	0.0420809693989	0.0	1
1.0	963.899291992	6.0	6.0	2619.49951172	11.0	3.0	60.1172118187	0.0	-0.713226735592	-0.697250545025	-0.0717585086823	11.6010686185	33.9682145484	-71.4869537354	26.2127494812	-29.8750495911	0.964376032352	7.0	12.3199996948	118.125011086	0.0	38.0800018311	0.35324012284	1.0	1
1.0	786.16998291	1.0	1.0	2672.33764648	7.0	2.0	102.304711819	0.0	-0.713226735592	-0.697250545025	-0.0717585086823	11.6010686185	17.3451276902	-71.4869537354	26.2127494812	-29.8750495911	0.964376032352	4.0	16.3600006104	112.851590157	0.0	20.3600006104	0.402935524995	1.0	1
1.0	256.184997559	2.0	0.0	1026.34399414	2.0	0.0	0.0	10.0	0.0	0.0	0.0	0.0	0.0	0.0	0.0	0.0	2.0	0.0	0.0	0.0	0.0	0.0	0.0420809693989	1.0	1
1.0	837.407104492	3.0	2.0	280.20300293	2.0	1.0	52.7344007492	0.0	-0.0330321677029	-0.998148262501	-0.051076669246	11.2321574817	3.25450702081	-71.9018554688	27.3768501282	-31.2831001282	0.508578777313	2.0	16.6599998474	66.4452991486	0.0	20.3600006104	0.105079661378	1.0	1
1.0	202.130996704	1.0	1.0	1500.77001953	1.0	1.0	60.1171989441	2.61248922391	0.168648988008	-0.972872316837	0.158357232809	4.63208702029	10.7281787208	-70.9575042725	4.07697534561	-37.4742507935	0.470357477665	0.0	0.0	0.0	0.0	0.0	-1.0	0.0	1
1.0	1751.20214844	5.0	5.0	3829.74169922	8.0	5.0	221.484398842	2.43112934666	0.44347345829	-0.732605040073	-0.516353726387	20.147597616	54.6643232138	-61.6478996277	28.2160987854	-57.976600647	0.564992368221	4.0	17.6200008392	47.4608904123	1.0	22.3199996948	0.964670411106	1.0	1
1.0	59.0293006897	1.0	0.0	1089.35803223	3.0	0.0	0.0	10.0	0.0	0.0	0.0	0.0	0.0	0.0	0.0	0.0	2.0	0.0	0.0	0.0	0.0	0.0	0.0420809693989	1.0	1
1.0	2652.74023438	2.0	2.0	2910.31616211	8.0	5.0	166.640701294	0.0	0.991384625435	-0.100851491094	0.0835792273283	13.721894549	7.68531979294	-71.9108505249	7.67767000198	-12.2073993683	0.197381436825	10.0	10.7399997711	209.882739663	1.0	22.3199996948	0.981854396119	1.0	1
1.0	681.520019531	1.0	1.0	1500.77001953	1.0	1.0	60.1171989441	2.61248922391	0.168648988008	-0.972872316837	0.158357232809	4.63208702029	10.7281787208	-70.9575042725	4.07697534561	-37.4742507935	0.470357477665	0.0	0.0	0.0	0.0	0.0	0.262642876679	1.0	1
1.0	1309.37646484	2.0	2.0	1785.18847656	6.0	3.0	111.796801567	0.0	-0.120237700641	-0.982838273048	0.13989956677	2.23012260784	2.91144253767	-69.3328018188	-5.15443992615	-13.1385002136	0.311691105366	5.0	8.93999958038	138.164097786	1.0	11.1800003052	0.416102003544	1.0	1
1.0	1683.22937012	2.0	2.0	3112.44750977	6.0	3.0	142.382699966	0.0	0.0615160353482	-0.122627012432	-0.990544557571	1.5503505618	51.194114919	-63.4121017456	20.2443008423	-53.8518486023	0.758738517761	3.0	8.93999958038	67.4999990463	0.0	12.0399999619	0.974397080953	1.0	1
1.0	102.290000916	1.0	1.0	1394.60522461	1.0	1.0	58.0078010559	2.44627882904	0.201672226191	-0.810103952885	-0.550508737564	0.0	19.3840515651	-68.0450515747	9.65732479095	-39.7799491882	0.250175237656	0.0	0.0	0.0	0.0	0.0	-1.0	0.0	1
1.0	933.578491211	2.0	1.0	3878.38574219	11.0	1.0	58.0078010559	2.44627882904	0.201672226191	-0.810103952885	-0.550508737564	30.0617904103	21.3830522685	-68.0450515747	9.65732479095	-39.7799491882	0.250175237656	0.0	0.0	0.0	0.0	0.0	0.14659258871	1.0	1
1.0	216.378997803	1.0	1.0	1729.3807373	1.0	1.0	30.585899353	2.96341185238	0.348150849342	-0.821957528591	-0.450751334429	15.3282892528	33.2105157216	-67.204750061	14.9993991852	-44.6022491455	0.897490441799	0.0	0.0	0.0	0.0	0.0	-1.0	0.0	1
1.0	953.059570312	3.0	0.0	518.649536133	3.0	0.0	0.0	10.0	0.0	0.0	0.0	0.0	0.0	0.0	0.0	0.0	2.0	0.0	0.0	0.0	0.0	0.0	0.0420809693989	1.0	1
1.0	216.378997803	1.0	1.0	3262.20507812	5.0	2.0	91.7578010559	0.968245836552	0.0	1.0	0.0	2.10104465841	31.5290761298	-72.2874984741	24.4995002747	-29.2474002838	0.90703779459	0.0	0.0	0.0	0.0	0.0	0.296665666619	1.0	1
1.0	309.790008545	1.0	1.0	1527.15600586	1.0	1.0	25.3125	3.2286684862	0.0906985402107	-0.97219312191	0.215903654695	4.72950176559	16.5173470602	-65.2397994995	14.295334816	-45.6338005066	0.766975820065	0.0	0.0	0.0	0.0	0.0	-1.0	0.0	1
1.0	459.23651123	4.0	4.0	4036.60888672	8.0	5.0	111.797020912	0.0	0.0	-0.995170414448	0.098162971437	2.12159725838	22.1006083547	-64.7093963623	-2.29897999763	-19.4284496307	0.629636406898	6.0	8.85999965668	158.203172565	1.0	11.7399997711	0.237929577475	1.0	1
1.0	1615.8885498	3.0	3.0	2439.40087891	8.0	4.0	125.507960796	0.0	0.0	0.995170176029	-0.0981649681926	1.49277025597	48.347577822	-62.5877990723	24.9683990479	-55.8119506836	0.779594361782	9.0	8.80000019073	244.687490106	1.0	23.2399997711	0.987018440553	1.0	1
1.0	1144.19873047	1.0	1.0	3532.22851562	8.0	4.0	129.72659874	0.0	0.0	-0.995170235634	0.0981647893786	2.12160107919	41.2556459204	-65.7702026367	22.3400993347	-49.9369506836	0.818378448486	4.0	8.85999965668	110.742190003	2.0	23.2399997711	0.928211651321	1.0	1
1.0	1173.77636719	1.0	1.0	431.215881348	3.0	2.0	67.500058651	0.0	-1.0	0.0	0.0	2.54041824532	10.2408059918	-70.543800354	16.1194992065	-19.8407001495	0.944820940495	6.0	3.57999992371	188.789089799	2.0	29.5599994659	0.965395180107	1.0	1
1.0	309.790008545	1.0	0.0	404.75100708	1.0	0.0	0.0	10.0	0.0	0.0	0.0	0.0	0.0	0.0	0.0	0.0	2.0	0.0	0.0	0.0	0.0	0.0	0.0420809693989	1.0	1
1.0	1271.85083008	2.0	2.0	3118.13745117	8.0	4.0	181.406399727	0.0	0.0	0.995171129704	-0.0981555655599	9.68790991131	47.9829834339	-61.5270004272	22.8779506683	-55.6057510376	0.28861823678	6.0	8.85999965668	185.624991059	2.0	23.2399997711	0.973308641617	1.0	1
1.0	814.170776367	2.0	2.0	2476.76269531	8.0	3.0	97.0314006805	0.0	0.0	0.995171129704	-0.0981555655599	9.68790991131	47.9829834339	-61.5270004272	22.8779506683	-55.6057510376	0.28861823678	4.0	9.89999961853	176.132801056	1.0	23.2399997711	0.598509174994	1.0	1
1.0	167.867904663	1.0	1.0	1532.20581055	1.0	1.0	26.3671998978	2.99505254964	0.351183384657	-0.820883631706	-0.450355708599	12.4944995222	20.8503535618	-65.9209976196	17.9861488342	-47.4864997864	0.19898545742	0.0	0.0	0.0	0.0	0.0	-1.0	0.0	1
1.0	75.7051010132	1.0	1.0	1532.20581055	1.0	1.0	15.8203001022	2.99505254964	0.351183384657	-0.820883631706	-0.450355708599	0.0	20.8503535618	-65.9209976196	17.9861488342	-47.4864997864	0.19898545742	0.0	0.0	0.0	0.0	0.0	0.0526856696892	1.0	1
1.0	27.9780006409	1.0	0.0	194.20010376	2.0	0.0	0.0	10.0	0.0	0.0	0.0	0.0	0.0	0.0	0.0	0.0	2.0	0.0	0.0	0.0	0.0	0.0	0.0420809693989	1.0	1
1.0	195.845916748	2.0	2.0	1504.2277832	1.0	1.0	36.9140996933	0.0	-0.991584002972	-0.0963337868452	-0.0864922478795	18.487616441	21.1059961558	-62.4034004211	13.0520496368	-49.7943496704	0.41958245635	1.0	16.0599994659	48.5155982971	0.0	16.0599994659	0.0526856696892	1.0	1
1.0	103.683105469	2.0	2.0	1596.390625	2.0	2.0	49.5703606606	0.0	-0.991584002972	-0.0963337868452	-0.0864922478795	1.47748855535	21.1059961558	-62.4034004211	13.0520496368	-49.7943496704	0.41958245635	3.0	8.65999984741	97.0311985016	2.0	10.5399999619	0.343974818341	1.0	1
1.0	60.279499054	1.0	1.0	1534.80908203	1.0	1.0	26.3672008514	2.59554614647	0.118271611631	-0.961716890335	-0.247209355235	0.0	27.9604419836	-66.9978485107	14.3197002411	-44.4097976685	0.616166055202	0.0	0.0	0.0	0.0	0.0	-1.0	0.0	1
1.0	1486.89501953	4.0	3.0	4018.63525391	5.0	4.0	204.609492302	0.0	0.0353082120419	0.99805098772	0.0514547899365	6.6076779182	43.8587209383	-55.650100708	8.57947540283	-59.6891517639	0.0979282259941	10.0	1.20000004768	187.734229565	0.0	9.84000015259	0.748841626511	1.0	1
1.0	449.777496338	2.0	1.0	675.440002441	2.0	1.0	14.7656002045	0.0	-0.999059200287	0.0323551744223	-0.028875766322	0.0	2.91629997855	-56.1704025269	10.9717998505	-56.6631507874	0.845446705818	1.0	17.7000007629	51.6796989441	0.0	17.7000007629	0.0579430264305	1.0	1
1.0	710.989013672	1.0	1.0	1877.93896484	8.0	2.0	79.1015996933	0.0	0.0354092940688	0.998047292233	0.051457118243	12.4616832163	28.3054637797	-70.4981536865	24.1935005188	-38.9064483643	0.229994058609	1.0	8.89999961853	29.5312004089	0.0	8.89999961853	0.13107747525	1.0	1
1.0	104.473999023	1.0	0.0	1471.46008301	1.0	0.0	0.0	10.0	0.0	0.0	0.0	0.0	0.0	0.0	0.0	0.0	2.0	0.0	0.0	0.0	0.0	0.0	0.0420809693989	0.0	1
1.0	785.759887695	6.0	5.0	2732.50366211	11.0	2.0	85.4298386574	0.0	0.00145906081889	0.998946785927	0.0458599217236	15.6074452167	48.5472270264	-68.8447494507	25.1755008698	-47.1755981445	0.0992119908333	2.0	7.59999990463	23.2031795979	0.0	10.2600002289	0.974662298089	1.0	1
1.0	1627.43579102	4.0	2.0	3204.84277344	6.0	4.0	114.96100235	0.0	0.999461710453	0.0	-0.0328051522374	23.4743421371	2.92507481928	-71.756652832	13.3843002319	-23.0098495483	0.119348779321	4.0	6.5	168.75	0.0	27.8600006104	0.99207228002	1.0	1
1.0	1105.06665039	7.0	6.0	4280.48144531	9.0	4.0	226.757859707	0.0	0.999461650848	0.0	-0.0328064337373	16.2223181061	20.0811570546	-71.6172027588	19.3535995483	-18.6379508972	0.141972541809	9.0	7.59999990463	387.070458889	1.0	21.2800006866	0.996509885002	1.0	1
1.0	320.778015137	1.0	1.0	1150.68212891	2.0	2.0	86.4843592644	0.0	0.999461710453	0.0	-0.0328052714467	0.0	13.085544537	-56.9903488159	14.7145996094	-54.8821487427	0.48581430316	3.0	4.23999977112	73.8281002045	0.0	17.2800006866	0.40734325062	1.0	1
1.0	698.943359375	2.0	1.0	3137.15454102	6.0	1.0	35.8594017029	0.0	0.00146647414658	0.998942494392	0.0459557287395	13.7982772858	1.36511775707	-68.3169555664	-1.17185151577	-30.6284503937	0.596030294895	1.0	3.96000003815	8.4375	1.0	3.96000003815	0.706752070021	1.0	1
1.0	363.450408936	3.0	2.0	495.882995605	4.0	2.0	41.1328415871	0.0	-0.00146647414658	-0.998942494392	-0.0459557287395	1.36511775707	13.7982772858	-68.3169555664	-1.17185151577	-30.6284503937	0.596030294895	1.0	3.96000003815	8.4375	1.0	3.96000003815	0.964302513404	1.0	1
1.0	125.074501038	2.0	1.0	2894.36376953	5.0	1.0	41.1328010559	2.29481590513	0.522450208664	-0.679387807846	-0.515245556831	1.36511609789	20.6782663258	-71.1478500366	8.84360980988	-36.9119491577	0.355990380049	0.0	0.0	0.0	0.0	0.0	0.026361090704	1.0	1
1.0	239.324996948	1.0	1.0	1578.21618652	1.0	1.0	41.1328001022	2.86084946935	0.124623082578	-0.77387791872	-0.620952606201	0.0	24.42325327	-68.8597488403	13.132144928	-37.5455513	0.733190357685	0.0	0.0	0.0	0.0	0.0	-1.0	0.0	1
1.0	304.474517822	6.0	0.0	405.522796631	4.0	0.0	0.0	10.0	0.0	0.0	0.0	0.0	0.0	0.0	0.0	0.0	2.0	0.0	0.0	0.0	0.0	0.0	0.0420809693989	1.0	1
1.0	101.048400879	4.0	3.0	1765.68701172	4.0	1.0	67.5	0.0	-0.760411679745	-0.648112535477	-0.0415244027972	4.65403233912	1.70450284327	-69.1101531982	1.73201012611	-21.3427009583	0.551576375961	3.0	7.34000015259	100.195399284	1.0	7.34000015259	0.450363364909	1.0	1
1.0	682.076660156	7.0	3.0	1185.98840332	6.0	1.0	89.6485004425	0.0	0.0377615429461	0.999284565449	0.00210859416984	5.02998099109	34.4378225654	-60.5429000854	26.1818504333	-57.3619995117	0.0486455559731	2.0	4.5	32.6952991486	1.0	4.5	0.971292802708	1.0	1
1.0	51.8538017273	2.0	2.0	1836.15539551	5.0	3.0	100.19538939	0.0	-0.998023629189	0.0313621014357	-0.0544540658593	0.0	42.8921604347	-62.04529953	11.5151996613	-49.3358001709	0.260913640261	3.0	7.34000015259	88.5938005447	1.0	7.34000015259	0.570748957106	1.0	1
1.0	239.324996948	1.0	1.0	1538.32861328	1.0	1.0	29.5312004089	2.86084946935	0.124623082578	-0.77387791872	-0.620952606201	0.0	24.42325327	-68.8597488403	13.132144928	-37.5455513	0.733190357685	0.0	0.0	0.0	0.0	0.0	0.0579430216781	1.0	1
1.0	327.077606201	5.0	5.0	2494.29980469	6.0	3.0	221.484390855	0.0	-0.760411679745	-0.648112535477	-0.0415244027972	4.65403233912	1.70450284327	-69.1101531982	1.73201012611	-21.3427009583	0.551576375961	5.0	4.5	132.890698433	2.0	7.34000015259	0.574293928474	1.0	1
1.0	303.916809082	1.0	1.0	2568.58886719	5.0	1.0	70.6641025543	2.19969537967	-0.0204847417772	-0.983977198601	-0.177113562822	6.91340839288	37.4052106032	-75.133605957	27.3414001465	-26.4073486328	0.944533228874	0.0	0.0	0.0	0.0	0.0	0.420453277254	1.0	1
1.0	1246.48010254	4.0	2.0	609.233764648	7.0	3.0	79.1015183926	0.0	0.009641116485	-0.996483922005	0.0832273438573	1.43288060882	36.290713263	-55.4382019043	35.3445510864	-57.9842987061	0.767977595329	3.0	14.4399995804	141.328098297	0.0	18.8999996185	0.980477608623	1.0	1
1.0	119.04599762	1.0	1.0	1183.45568848	5.0	2.0	37.9688005447	2.7970341472	0.263181567192	-0.941980659962	0.208345666528	8.5473605895	13.3651075055	-70.0204467773	-0.618440032005	-26.0853996277	0.913015604019	0.0	0.0	0.0	0.0	0.0	0.407343833274	1.0	1
1.0	739.485046387	2.0	2.0	886.541381836	7.0	3.0	98.085899353	0.0	-0.00964056886733	0.996483981609	-0.0832263603806	2.03303777808	41.8373694024	-53.6160964966	-0.810480475426	-51.0107002258	0.927020668983	2.0	10.5200004578	80.1562004089	0.0	17.7600002289	0.567182649166	1.0	1
1.0	739.485046387	2.0	2.0	1218.46862793	1.0	1.0	66.4452991486	0.0	0.991644620895	0.0	-0.128999441862	20.6822846169	6.50397868531	-67.420249939	2.86286997795	-34.3211517334	0.640421867371	2.0	10.5200004578	65.3905982971	1.0	12.3000001907	0.315780703574	1.0	1
1.0	1200.2623291	3.0	0.0	396.352996826	1.0	0.0	0.0	10.0	0.0	0.0	0.0	0.0	0.0	0.0	0.0	0.0	2.0	0.0	0.0	0.0	0.0	0.0	0.0420809693989	1.0	1
1.0	58.0614013672	1.0	0.0	1454.95068359	2.0	0.0	0.0	10.0	0.0	0.0	0.0	0.0	0.0	0.0	0.0	0.0	2.0	0.0	0.0	0.0	0.0	0.0	0.0420809693989	0.0	1
1.0	1220.99951172	1.0	1.0	2991.86938477	9.0	3.0	68.5546909571	0.0	-0.99751573801	-0.0343106128275	-0.0615237168968	14.5511330704	21.889696514	-69.4447021484	23.7129001617	-22.0726509094	0.77489387989	3.0	14.1199998856	83.3202576637	1.0	12.4200000763	0.503295989759	1.0	1
1.0	87.0921020508	2.0	2.0	2595.68603516	7.0	2.0	34.8046998978	0.0	-0.99751573801	-0.0343106128275	-0.0615237168968	1.11336926564	22.4596100151	-69.4447021484	23.7129001617	-22.0726509094	0.77489387989	0.0	0.0	0.0	1.0	12.4200000763	0.217932034481	1.0	1
1.0	1492.5213623	1.0	1.0	2911.60864258	9.0	3.0	127.617174029	0.0	0.0367099829018	-0.997778356075	0.0555942356586	3.63746538703	10.9681239805	-69.985748291	14.156999588	-15.6345005035	0.968651771545	1.0	12.6999998093	36.914100647	0.0	12.6999998093	0.624901559089	1.0	1
1.0	1501.05981445	3.0	2.0	2216.57910156	9.0	4.0	64.3357813358	0.0	0.0367099829018	-0.997778356075	0.0555942356586	3.63746538703	10.9681239805	-69.985748291	14.156999588	-15.6345005035	0.968651771545	2.0	11.7600002289	71.7187995911	1.0	12.4200000763	0.42045286116	1.0	1
1.0	380.300415039	1.0	1.0	1581.62109375	1.0	1.0	48.5156021118	2.08829596415	0.406288504601	-0.792180776596	-0.455388963223	13.3006120355	26.8349856545	-70.9252929688	11.7777147293	-43.1017494202	0.747487306595	0.0	0.0	0.0	0.0	0.0	-1.0	0.0	1
1.0	63.9757003784	2.0	2.0	1697.13305664	2.0	2.0	50.6250019073	2.08829596415	0.406288504601	-0.792180776596	-0.455388963223	2.12635188016	26.8349856545	-70.9252929688	11.7777147293	-43.1017494202	0.747487306595	1.0	11.0	5.27343988419	0.0	11.0	0.136256249643	1.0	1
1.0	495.812408447	2.0	2.0	2248.03369141	6.0	1.0	65.3906021118	2.08829596415	0.406288504601	-0.792180776596	-0.455388963223	13.3006120355	26.8349856545	-70.9252929688	11.7777147293	-43.1017494202	0.747487306595	0.0	0.0	0.0	0.0	0.0	0.177400076106	1.0	1
1.0	1368.36938477	1.0	1.0	2002.79406738	3.0	1.0	50.6249821186	2.08829596415	0.406288504601	-0.792180776596	-0.455388963223	26.2991146736	35.6037337156	-70.9252929688	11.7777147293	-43.1017494202	0.747487306595	0.0	0.0	0.0	0.0	0.0	0.450363724599	1.0	1
1.0	40.8734016418	1.0	1.0	1581.62109375	1.0	1.0	35.8594017029	2.08829596415	0.406288504601	-0.792180776596	-0.455388963223	2.12635188016	26.8349856545	-70.9252929688	11.7777147293	-43.1017494202	0.747487306595	0.0	0.0	0.0	0.0	0.0	0.063196667849	1.0	1
1.0	80.0072021484	1.0	1.0	1774.3815918	1.0	1.0	34.8046998978	2.96341185238	0.39629817009	-0.759954810143	-0.515185952187	0.0	15.1106958769	-70.5805969238	8.61530971527	-35.2189025879	0.644938647747	0.0	0.0	0.0	0.0	0.0	-1.0	0.0	1
1.0	453.374450684	3.0	0.0	2119.30224609	7.0	0.0	0.0	10.0	0.0	0.0	0.0	0.0	0.0	0.0	0.0	0.0	2.0	0.0	0.0	0.0	0.0	0.0	0.0420809693989	1.0	1
1.0	92.4528045654	3.0	0.0	577.829711914	2.0	0.0	0.0	10.0	0.0	0.0	0.0	0.0	0.0	0.0	0.0	0.0	2.0	0.0	0.0	0.0	0.0	0.0	0.0420809693989	1.0	1
1.0	80.0072021484	1.0	1.0	1993.06787109	4.0	2.0	62.2265996933	0.0	-0.0454186014831	0.993355333805	0.105746224523	6.7756690339	20.9967677944	-72.7846984863	19.3223991394	-34.8870506287	0.876434624195	1.0	0.939999997616	2.10938000679	1.0	0.939999997616	0.14659258696	1.0	1
1.0	719.786865234	4.0	1.0	4517.28466797	8.0	2.0	114.960899353	0.0	-0.0912924408913	0.98397487402	-0.153163731098	2.24954706507	54.5473427186	-56.3558006287	35.398651123	-57.253200531	0.53988546133	1.0	13.7600002289	36.914100647	0.0	13.7600002289	0.202812769341	1.0	1
1.0	37.2304000854	1.0	1.0	3999.16259766	5.0	2.0	27.4218803644	2.74451636732	0.815604329109	0.355434149504	-0.456570118666	3.42074775418	44.6138830362	-51.8878479004	37.3217010498	-60.8287506104	0.959618389606	0.0	0.0	0.0	0.0	0.0	0.136256640995	1.0	1
1.0	37.2304000854	1.0	1.0	2015.09350586	3.0	2.0	10.5468803644	2.74451636732	0.815604329109	0.355434149504	-0.456570118666	3.42074775418	48.0657508654	-51.8878479004	37.3217010498	-60.8287506104	0.959618389606	0.0	0.0	0.0	0.0	0.0	0.495379182702	1.0	1
1.0	37.2304000854	1.0	1.0	1917.36328125	5.0	2.0	26.367190361	2.74451636732	0.815604329109	0.355434149504	-0.456570118666	3.42074775418	36.4456867947	-51.8878479004	37.3217010498	-60.8287506104	0.959618389606	0.0	0.0	0.0	0.0	0.0	0.0474253479562	1.0	1
1.0	651.37298584	1.0	1.0	1499.82507324	1.0	1.0	52.7344098091	2.39824524149	-0.0387679636478	-0.998534977436	0.0377496108413	20.4206637875	18.7186415833	-72.6707000732	17.385799408	-38.4388999939	0.0971752107143	0.0	0.0	0.0	0.0	0.0	-1.0	0.0	1
1.0	317.336181641	4.0	2.0	2533.67163086	5.0	3.0	50.6249990463	0.0	-0.0301974788308	-0.980890393257	-0.192203268409	0.0	36.1583583682	-63.2024002075	17.5317497253	-50.5050506592	0.235695660114	2.0	10.2399997711	44.2969107628	0.0	19.5799999237	0.291848727399	1.0	1
1.0	699.80847168	2.0	2.0	2974.59936523	5.0	2.0	131.835907459	0.0	-0.998940467834	0.030721899122	-0.0342630334198	7.4042973902	1.44035520199	-72.947845459	10.4966497421	-21.4447498322	0.673160433769	1.0	7.23999977112	16.875	1.0	11.9399995804	0.311024732339	1.0	1
1.0	589.57598877	1.0	1.0	1561.62207031	2.0	2.0	58.0078082085	0.0	-0.0301968958229	-0.98087143898	-0.192299902439	17.2262267895	23.2750725865	-72.3784942627	26.0583496094	-37.4720001221	0.154639035463	1.0	13.4399995804	36.914100647	0.0	13.4399995804	0.026360883424	1.0	1
1.0	696.468078613	2.0	2.0	1454.72998047	1.0	1.0	72.773399353	0.0	-0.0301974788308	-0.980890393257	-0.192203268409	0.0	32.9630567507	-63.2024002075	17.5317497253	-50.5050506592	0.235695660114	1.0	10.2399997711	36.914100647	0.0	10.2399997711	0.099861002038	1.0	1
1.0	132.742004395	1.0	1.0	1827.50976562	1.0	1.0	4.21875	3.5294333317	0.190955355763	-0.963224887848	0.189034238458	1.81118318802	0.0	-72.0232543945	15.5830249786	-28.3215007782	0.857383966446	0.0	0.0	0.0	0.0	0.0	-1.0	0.0	1
1.0	1776.57824707	4.0	4.0	1112.86975098	12.0	7.0	139.21860075	0.0	0.132850036025	-0.990334868431	-0.039845559746	13.0100082606	8.45340568937	-70.376953125	24.1830997467	-17.6424999237	0.525779128075	16.0	4.71999979019	342.773472786	3.0	11.3999996185	0.993904103705	1.0	1
1.0	1802.81811523	5.0	5.0	4451.47460938	11.0	6.0	315.351500511	0.0	-0.98930054903	-0.095238417387	-0.110517196357	0.0	39.9389197346	-57.6997489929	0.869056999683	-57.7026519775	0.348468780518	13.0	5.53999996185	286.874872208	1.0	7.55999994278	0.914715181897	1.0	1
1.0	1316.61206055	3.0	1.0	29.3267002106	1.0	1.0	0.0	10.0	0.0	0.0	0.0	0.0	0.0	0.0	0.0	0.0	2.0	1.0	15.5200004578	15.8203001022	0.0	15.5200004578	0.993299131667	1.0	1
1.0	1517.2701416	2.0	2.0	3823.26586914	8.0	3.0	137.109330416	0.0	-0.989290356636	-0.0952395573258	-0.11060769856	0.0	43.2907959915	-61.9736480713	16.0060997009	-57.3320007324	0.628067731857	1.0	5.82000017166	13.7109003067	0.0	5.82000017166	0.682191981626	1.0	1
1.0	1569.74816895	3.0	2.0	2421.76098633	5.0	4.0	129.726541042	0.0	-0.132849931717	0.990335047245	0.0398415923119	15.5359405251	49.1058228313	-58.5290489197	16.025800705	-62.6982002258	0.770154058933	4.0	6.01999998093	137.109399796	1.0	6.01999998093	0.96575191499	1.0	1
1.0	1082.00024414	2.0	2.0	3551.60864258	6.0	2.0	69.6094107628	0.0	0.132850036025	-0.990334868431	-0.039845559746	1.42354083728	24.1357372681	-67.4409484863	4.75418996811	-41.3258972168	0.451150178909	2.0	12.3400001526	58.0077991486	1.0	11.3999996185	0.446149744234	1.0	1
1.0	2954.27636719	3.0	3.0	2092.99707031	9.0	5.0	322.734238386	0.0	0.989300608635	0.0952393636107	0.110516443849	24.2969566417	11.7825107861	-67.5466461182	8.46467018127	-19.6320495605	0.578023433685	5.0	4.71999979019	113.906279802	2.0	6.01999998093	0.99695636417	1.0	1
1.0	238.249603271	1.0	1.0	1398.55371094	1.0	1.0	25.3125	3.33046543408	0.0111549980938	-0.858848452568	0.512108325958	10.1299079962	16.2518544239	-68.3459472656	20.3990497589	-46.6684494019	0.731685638428	0.0	0.0	0.0	0.0	0.0	-1.0	0.0	1
1.0	341.903991699	3.0	1.0	2213.86157227	7.0	2.0	59.0625	0.0	0.999696969986	0.0	-0.0246143192053	2.57594901069	31.8500975028	-61.6108512878	23.8404006958	-56.3721504211	0.277604460716	1.0	3.92000007629	4.21875	0.0	3.92000007629	0.167166231035	1.0	1
1.0	357.374725342	4.0	1.0	94.3714981079	3.0	1.0	0.0	10.0	0.0	0.0	0.0	0.0	0.0	0.0	0.0	0.0	2.0	1.0	30.1000003815	15.8203001022	0.0	30.1000003815	0.97466236	1.0	1
1.0	881.832519531	2.0	2.0	3682.03613281	8.0	3.0	142.382902145	0.0	0.00548766134307	0.967634618282	0.252295434475	1.80490725282	12.4267151046	-65.9112548828	4.38415527344	-33.0155487061	0.244595199823	6.0	3.92000007629	90.7031507492	2.0	15.4399995804	0.693307398248	1.0	1
1.0	78.6985015869	1.0	1.0	1632.5715332	1.0	1.0	44.2968006134	1.78511064	0.18469274044	-0.648119688034	0.738802731037	3.12175628161	14.8511561499	-70.9062042236	16.2991504669	-35.5864486694	0.342967778444	0.0	0.0	0.0	0.0	0.0	-1.0	0.0	1
1.0	1242.4309082	5.0	3.0	2384.39306641	8.0	4.0	122.343700409	0.0	-0.105753533542	-0.988711774349	-0.106137566268	27.5717104792	35.210459941	-71.6428527832	23.4090995789	-37.8719482422	0.997461259365	2.0	8.07999992371	33.7500009537	1.0	18.7999992371	0.748841584622	1.0	1
1.0	1081.68505859	2.0	2.0	281.304901123	3.0	1.0	85.4296016693	1.78511064	-0.18469274044	0.648119688034	-0.738802731037	14.8511561499	13.3180195286	-70.9062042236	16.2991504669	-35.5864486694	0.342967778444	0.0	0.0	0.0	0.0	0.0	0.615164472703	1.0	1
1.0	189.710006714	1.0	1.0	1961.49182129	1.0	1.0	45.351600647	2.29829933483	0.16618193686	-0.748207688332	-0.642315149307	0.0	17.1156907222	-70.226348877	17.4776496887	-36.0361480713	0.114136338234	0.0	0.0	0.0	0.0	0.0	-1.0	0.0	1
1.0	132.274810791	2.0	1.0	433.37399292	2.0	2.0	25.3125	0.0	0.00517454557121	-0.99097019434	0.13398270309	2.31143741423	2.52782509891	-65.4613494873	16.8166007996	-47.2735519409	0.0431129783392	1.0	16.1800003052	50.625	0.0	16.1800003052	0.120697520558	1.0	1
1.0	1075.60253906	4.0	4.0	2661.15551758	5.0	3.0	213.046898842	0.0	-0.00517454557121	0.99097019434	-0.13398270309	19.0145328556	27.4312617481	-65.4613494873	16.8166007996	-47.2735519409	0.0431129783392	4.0	8.68000030518	163.476600647	0.0	20.1599998474	0.467017837386	1.0	1
1.0	501.251800537	2.0	1.0	187.969512939	2.0	2.0	37.9687609673	2.29829933483	-0.16618193686	0.748207688332	0.642315149307	17.1156907222	10.1655748959	-70.226348877	17.4776496887	-36.0361480713	0.114136338234	0.0	0.0	0.0	0.0	0.0	0.601882434403	1.0	1
1.0	459.480895996	2.0	1.0	462.961883545	1.0	1.0	8.4375	0.0	0.00517454557121	-0.99097019434	0.13398270309	2.31143741423	1.47157867429	-65.4613494873	16.8166007996	-47.2735519409	0.791128396988	1.0	20.1599998474	62.226600647	0.0	20.1599998474	0.17228779793	1.0	1
1.0	159.046005249	1.0	1.0	1579.32788086	1.0	1.0	42.1874910593	2.16506350946	0.00917516555637	-0.988962709904	0.147880151868	0.0	19.7385251475	-68.9809494019	13.9144992828	-36.6072998047	0.725873112679	0.0	0.0	0.0	0.0	0.0	-1.0	0.0	1
1.0	1382.11108398	7.0	2.0	1277.14038086	6.0	1.0	46.4062004089	2.48737811073	-0.124137215316	-0.826134443283	0.549628734589	22.8126551793	29.5952988474	-67.4421539307	4.96469497681	-38.2501983643	0.425927996635	1.0	15.6800003052	40.0780982971	2.0	20.5	0.979644931965	1.0	1
1.0	680.717590332	4.0	2.0	704.573974609	3.0	2.0	64.3358904123	0.0	-0.00919271912426	0.988963425159	-0.147874429822	20.1463577954	22.7803658522	-64.1337966919	20.9388999939	-46.6366996765	0.441768050194	1.0	8.80000019073	15.8203001022	1.0	8.80000019073	0.834367718314	1.0	1
1.0	909.743713379	6.0	2.0	1216.70263672	9.0	2.0	21.0937995911	0.0	-0.997918069363	0.0	0.0644944310188	0.0	50.4410842322	-54.3928527832	48.0358009338	-57.1090011597	0.964412868023	2.0	15.6800003052	88.5936965942	2.0	17.3799991608	0.978102414441	1.0	1
1.0	198.807495117	3.0	3.0	3373.36743164	8.0	3.0	148.710992455	0.0	0.997918069363	0.0	-0.0644942000508	1.09157465821	39.4761690127	-55.2914505005	8.2456703186	-53.9639968872	0.4921040833	2.0	9.11999988556	37.9687004089	2.0	9.38000011444	0.411732269185	1.0	1
1.0	1216.70300293	2.0	2.0	1385.29101562	5.0	2.0	40.0781993866	0.0	-0.997918069363	0.0	0.0644944310188	0.0	35.0327640312	-54.3928527832	48.0358009338	-57.1090011597	0.964412868023	1.0	17.3799991608	48.5155982971	1.0	17.3799991608	0.990522791333	1.0	1
1.0	512.12878418	2.0	1.0	27.0377998352	1.0	1.0	18.9843997955	2.6393597523	0.629379630089	-0.336158841848	-0.700627267361	19.4463294481	0.0	-61.6212005615	14.8450508118	-50.2149505615	0.00762796401978	0.0	0.0	0.0	0.0	0.0	0.724749299734	1.0	1
1.0	171.769699097	2.0	2.0	2581.31835938	5.0	2.0	104.414102554	0.0	-0.0090957256034	0.988964259624	-0.147874549031	7.67601308691	22.7823712108	-71.96484375	21.7026004791	-31.8094005585	0.500199437141	1.0	9.11999988556	14.7656002045	1.0	9.11999988556	0.267546015704	1.0	1
1.0	176.541107178	2.0	0.0	232.207199097	1.0	0.0	0.0	10.0	0.0	0.0	0.0	0.0	0.0	0.0	0.0	0.0	2.0	0.0	0.0	0.0	0.0	0.0	0.0420809693989	1.0	1
1.0	370.556091309	5.0	2.0	2276.05151367	8.0	2.0	0.0	10.0	0.0	0.0	0.0	0.0	0.0	0.0	0.0	0.0	2.0	2.0	13.6599998474	42.1874783039	0.0	17.5200004578	0.156896236942	1.0	1
1.0	39.1644973755	1.0	1.0	1766.91467285	5.0	1.0	32.6952991486	0.0	-0.999190568924	0.0	-0.0402265787125	6.12176802086	1.77127810858	-66.3713989258	5.8690199852	-27.226650238	0.619725823402	2.0	4.98000001907	37.9686994553	0.0	9.5	0.084175342706	1.0	1
1.0	39.1644973755	1.0	1.0	504.618835449	5.0	1.0	24.2577991486	2.76997473089	0.285373449326	-0.416434049606	-0.863217651844	0.0	0.987828569435	-65.6748504639	-1.97647297382	-30.8798484802	0.188307777047	0.0	0.0	0.0	0.0	0.0	0.084175342706	1.0	1
1.0	287.139007568	1.0	1.0	1660.48364258	1.0	1.0	39.0234103203	3.41561121262	0.163901537657	-0.60684889555	-0.777734398842	10.4634923685	20.3698851361	-69.6711502075	17.4633998871	-41.6388473511	0.898037850857	0.0	0.0	0.0	0.0	0.0	-1.0	0.0	1
1.0	336.362487793	6.0	4.0	2997.73168945	12.0	2.0	43.2421097755	0.0	0.0274957958609	-0.995361626148	0.0921913087368	4.52791393728	1.79466390157	-68.7622528076	11.2381000519	-15.2708492279	0.154056221247	7.0	14.6800003052	209.88284874	0.0	35.5800018311	0.329950752334	1.0	1
1.0	782.658813477	1.0	1.0	4024.86767578	10.0	3.0	95.9765095711	2.91330576217	0.598044991493	0.381448566914	-0.704868257046	5.05046176121	60.4386169267	-64.387550354	31.457901001	-58.9054985046	0.970542192459	6.0	18.3400001526	138.164087892	0.0	33.5800018311	0.55270335977	1.0	1
1.0	347.848419189	2.0	2.0	1996.84631348	2.0	1.0	70.6639995575	0.0	0.02749010548	-0.995361208916	0.092197470367	11.4097684267	1.4189562341	-70.0158538818	6.05272006989	-39.2070503235	0.82931470871	1.0	11.3000001907	42.1875	0.0	11.3000001907	0.156896183456	1.0	1
1.0	411.838989258	1.0	1.0	3022.34277344	9.0	3.0	84.3750109673	0.0	-0.0274983774871	0.995360732079	-0.0922008752823	1.77345437197	27.7815487892	-71.7768478394	30.0790500641	-41.5229492188	0.969475626945	3.0	0.939999997616	42.1875793934	1.0	0.939999997616	0.232948507624	1.0	1
1.0	107.351699829	1.0	1.0	1524.06872559	1.0	1.0	45.3515917063	2.57470967036	0.231164798141	-0.968138277531	-0.0962871164083	2.27209989125	38.5222056371	-64.6374511719	20.3276996613	-50.2037506104	0.975085258484	0.0	0.0	0.0	0.0	0.0	-1.0	0.0	1
1.0	148.015304565	3.0	0.0	1494.79077148	2.0	0.0	0.0	10.0	0.0	0.0	0.0	0.0	0.0	0.0	0.0	0.0	2.0	0.0	0.0	0.0	0.0	0.0	0.0420809693989	1.0	1
1.0	37.4104003906	1.0	1.0	2719.57666016	6.0	1.0	1.0546900034	3.73834183822	0.0685062482953	-0.952526986599	0.296646684408	5.37357027423	25.5874629793	-71.9315032959	17.8173999786	-29.8296508789	0.667930841446	0.0	0.0	0.0	0.0	0.0	0.217932520464	1.0	1
1.0	388.743103027	2.0	0.0	229.342300415	3.0	0.0	0.0	10.0	0.0	0.0	0.0	0.0	0.0	0.0	0.0	0.0	2.0	0.0	0.0	0.0	0.0	0.0	0.0420809693989	1.0	1
1.0	100.845504761	2.0	2.0	1530.57495117	2.0	2.0	81.210899353	0.0	0.0768975317478	-0.992012500763	-0.0999896749854	1.10584212289	16.5978056411	-71.117149353	22.9108505249	-36.6953010559	0.733065605164	2.0	7.53999996185	34.8047008514	0.0	7.65999984741	0.177399629862	1.0	1
1.0	63.4351005554	1.0	0.0	405.008880615	1.0	0.0	0.0	10.0	0.0	0.0	0.0	0.0	0.0	0.0	0.0	0.0	2.0	0.0	0.0	0.0	0.0	0.0	0.0420809693989	1.0	1
1.0	339.609008789	1.0	1.0	1430.18334961	1.0	1.0	61.1718006134	2.43112934666	0.0552624166012	-0.716255247593	0.695646822453	9.79522155729	15.9129780328	-73.3707504272	11.1250400543	-37.5678482056	0.390058726072	0.0	0.0	0.0	0.0	0.0	-1.0	0.0	1
1.0	95.6645050049	2.0	2.0	3265.34667969	10.0	2.0	60.1171913147	0.0	-0.997544825077	0.0	0.0700310245156	1.34076118756	23.0365376711	-70.3667526245	4.49952983856	-34.9132003784	0.00393470562994	3.0	7.34000015259	99.1405010223	0.0	9.84000015259	0.995506839551	1.0	1
1.0	993.317016602	2.0	2.0	4094.43530273	10.0	2.0	37.968791008	0.0	-0.00983222573996	0.992209851742	-0.124189011753	14.4304467349	23.184563546	-73.1338500977	20.8837013245	-20.5258998871	0.437583297491	9.0	7.34000015259	330.117181063	0.0	27.0200004578	0.50722321945	1.0	1
1.0	963.023254395	4.0	3.0	2508.00073242	6.0	2.0	152.929803848	0.0	0.00993330124766	-0.992218852043	0.124109089375	22.1522772796	13.4941642298	-73.123298645	19.8243503571	-20.3933506012	0.00856667757034	7.0	3.29999995232	187.734291673	1.0	3.29999995232	0.966105175279	1.0	1
1.0	339.609008789	1.0	1.0	1758.6282959	2.0	2.0	106.52340126	0.0	-0.0098394844681	0.992221236229	-0.124097548425	3.20302972419	32.1701769981	-68.6790466309	17.238899231	-48.8251495361	0.458482027054	1.0	5.44000005722	10.5468997955	0.0	5.44000005722	0.222949740121	1.0	1
1.0	905.623535156	2.0	2.0	2085.48486328	4.0	1.0	66.4453001022	0.0	-0.997544825077	0.0	0.0700310245156	16.2092506652	13.0810415281	-70.3667526245	4.49952983856	-34.9132003784	0.00393470562994	2.0	9.15999984741	45.3514995575	0.0	9.84000015259	0.42045343427	1.0	1
1.0	208.360992432	1.0	1.0	1870.51708984	1.0	1.0	53.789100647	1.2340178154	0.101412847638	-0.598517477512	0.794664859772	0.0	26.2233460755	-67.7082061768	16.3992500305	-46.7333488464	0.556115984917	0.0	0.0	0.0	0.0	0.0	-1.0	0.0	1
1.0	1636.90063477	5.0	3.0	1354.34997559	10.0	2.0	143.437496185	0.0	-0.034840170294	0.997819066048	0.0560650862753	15.8281447626	66.906085795	-64.2262496948	32.896900177	-61.4818000793	0.10274079442	3.0	9.06000041962	102.304698944	0.0	18.3600006104	0.965395055816	1.0	1
1.0	367.790008545	1.0	0.0	2134.12597656	9.0	0.0	0.0	10.0	0.0	0.0	0.0	0.0	0.0	0.0	0.0	0.0	2.0	0.0	0.0	0.0	0.0	0.0	0.0420809693989	1.0	1
1.0	531.953491211	5.0	3.0	2432.4609375	11.0	3.0	30.5859003067	2.96341185238	0.821262836456	-0.240688860416	-0.517297029495	20.9370102555	59.9322310151	-57.8918991089	27.414150238	-67.5043029785	0.149130150676	2.0	9.26000022888	58.0078010559	0.0	9.61999988556	0.966800893282	1.0	1
1.0	50.5119018555	1.0	0.0	113.651702881	2.0	0.0	0.0	10.0	0.0	0.0	0.0	0.0	0.0	0.0	0.0	0.0	2.0	0.0	0.0	0.0	0.0	0.0	0.0420809693989	1.0	1
1.0	39.4623985291	1.0	0.0	956.567993164	1.0	0.0	0.0	10.0	0.0	0.0	0.0	0.0	0.0	0.0	0.0	0.0	2.0	0.0	0.0	0.0	0.0	0.0	0.0420809693989	1.0	1
1.0	59.9827957153	2.0	1.0	549.31640625	3.0	1.0	14.7656002045	0.0	0.0348362661898	-0.997819244862	-0.0560650415719	2.82281501465	16.3386339163	-56.6397476196	5.59999990463	-63.6935997009	0.333404421806	1.0	11.3599996567	26.3672008514	0.0	11.3599996567	0.967818275168	1.0	1
1.0	666.125	2.0	1.0	2405.62719727	7.0	1.0	53.789100647	1.2340178154	0.101412847638	-0.598517477512	0.794664859772	0.0	33.8376520216	-67.7082061768	16.3992500305	-46.7333488464	0.556115984917	0.0	0.0	0.0	0.0	0.0	0.197750570386	1.0	1
1.0	120.191001892	1.0	1.0	2152.51879883	1.0	1.0	44.2969017029	1.65585624765	0.392635136843	-0.370176464319	-0.841906785965	0.0	17.4600854448	-72.3162536621	8.04811477661	-31.3540496826	0.353414952755	0.0	0.0	0.0	0.0	0.0	-1.0	0.0	1
1.0	220.351104736	4.0	2.0	4804.015625	9.0	1.0	0.0	10.0	0.0	0.0	0.0	0.0	0.0	0.0	0.0	0.0	2.0	2.0	29.3999996185	30.5859003067	0.0	29.5599994659	0.217932520464	1.0	1
1.0	954.247009277	1.0	1.0	1271.11486816	2.0	2.0	48.5156517029	1.2340178154	-0.00879489257932	0.503097951412	-0.864184677601	0.0	48.1974799166	-53.332901001	17.3737487793	-62.4858016968	0.676961779594	1.0	16.5	35.8594017029	0.0	16.5	0.237929053408	1.0	1
1.0	1074.43798828	2.0	1.0	1198.27197266	1.0	1.0	26.367149353	0.0	0.671943902969	0.739170849323	-0.0460207238793	3.10293571763	5.62025997932	-54.8884506226	15.1844997406	-61.5729980469	0.485011190176	2.0	15.3999996185	76.9922027588	0.0	16.5	0.0894093652632	1.0	1
1.0	30.9584007263	1.0	1.0	1859.32617188	7.0	1.0	0.0	10.0	0.0	0.0	0.0	0.0	0.0	0.0	0.0	0.0	2.0	1.0	10.5399999619	11.6015996933	0.0	10.5399999619	0.217932520464	1.0	1
1.0	242.358184814	3.0	2.0	3039.17236328	8.0	2.0	65.3906021118	2.5902026634	0.511434793472	-0.429749250412	-0.744143843651	1.00555865783	52.0689052933	-64.0833511353	35.4659004211	-51.5069999695	0.582155108452	1.0	26.6399993896	15.8203001022	0.0	26.6399993896	0.315780269993	1.0	1
1.0	14.5415000916	1.0	1.0	3111.88183594	3.0	2.0	43.2422008514	2.46803157348	-0.0261709410697	0.536369383335	-0.843577444553	0.0	16.4878328719	-68.6632003784	2.72208452225	-30.8355503082	0.716068029404	0.0	0.0	0.0	0.0	0.0	0.084175342706	1.0	1
1.0	208.427993774	1.0	1.0	3816.33813477	8.0	2.0	76.9922018051	2.5902026634	0.511434793472	-0.429749250412	-0.744143843651	1.00555865783	52.0689052933	-64.0833511353	35.4659004211	-51.5069999695	0.582155108452	0.0	0.0	0.0	0.0	0.0	0.367008048867	1.0	1
1.0	208.427993774	1.0	1.0	3462.49462891	5.0	2.0	76.9922018051	2.5902026634	0.511434793472	-0.429749250412	-0.744143843651	1.00555865783	52.0689052933	-64.0833511353	35.4659004211	-51.5069999695	0.582155108452	0.0	0.0	0.0	0.0	0.0	0.367008048867	1.0	1
1.0	64.7592010498	1.0	0.0	1186.70996094	1.0	0.0	0.0	10.0	0.0	0.0	0.0	0.0	0.0	0.0	0.0	0.0	2.0	0.0	0.0	0.0	0.0	0.0	0.0420809693989	0.0	1
1.0	461.408996582	5.0	4.0	3440.33056641	9.0	4.0	106.523498535	0.0	0.0341096743941	0.992062270641	0.121033072472	12.3485904522	23.4083490589	-69.5345993042	11.1059999466	-37.5752487183	0.0776982009411	6.0	4.42000007629	65.3907698393	0.0	30.6200008392	0.334642834927	1.0	1
1.0	853.201965332	7.0	6.0	4238.48876953	12.0	6.0	107.578158855	0.0	0.0341096743941	0.992062270641	0.121033072472	21.8359305121	24.8535579107	-69.5345993042	11.1059999466	-37.5752487183	0.0776982009411	11.0	4.42000007629	229.92200911	2.0	13.3800001144	0.973584883	1.0	1
1.0	200.89100647	1.0	1.0	1511.24707031	1.0	1.0	53.789100647	1.72181296955	0.331875383854	-0.922256886959	0.198244690895	0.0	16.9730621535	-68.2409057617	9.09212493896	-35.1328010559	0.295982152224	0.0	0.0	0.0	0.0	0.0	-1.0	0.0	1
1.0	2483.74243164	5.0	4.0	1527.98803711	11.0	4.0	130.781241179	0.0	0.0368461869657	-0.175352737308	-0.983815968037	2.95521786114	52.6778377484	-57.1291007996	45.2541007996	-53.9457015991	0.837038397789	6.0	10.1599998474	195.117097855	0.0	18.2600002289	0.978554569514	1.0	1
1.0	2033.25976562	2.0	2.0	1744.09716797	7.0	4.0	106.523480654	1.78511064	0.332530200481	-0.695070266724	-0.637417435646	15.5030868902	40.0590034185	-75.1135482788	30.6130485535	-27.114151001	0.726167500019	0.0	0.0	0.0	0.0	0.0	0.311025241653	1.0	1
1.0	747.253295898	2.0	1.0	872.048400879	5.0	3.0	58.0078201294	0.0	0.00740733044222	0.980227470398	-0.197735413909	1.37314293907	7.19897738718	-70.2811431885	4.82366466522	-24.5345993042	0.723410129547	3.0	11.279999733	108.632902145	0.0	18.0599994659	0.0316299430162	1.0	1
1.0	986.191894531	3.0	2.0	1491.46264648	5.0	1.0	66.4453001022	0.0	-0.00740733044222	-0.980227470398	0.197735413909	20.2715098734	1.37314293907	-70.2811431885	4.82366466522	-24.5345993042	0.723410129547	3.0	11.279999733	86.4843997955	0.0	13.3000001907	0.537883013828	1.0	1
1.0	2269.15429688	4.0	4.0	1601.03930664	7.0	3.0	141.328170776	0.0	0.00740733044222	0.980227470398	-0.197735413909	1.37314293907	7.19897738718	-70.2811431885	4.82366466522	-24.5345993042	0.723410129547	3.0	11.279999733	108.632902145	0.0	18.0599994659	0.97412916938	1.0	1
1.0	1152.07922363	2.0	2.0	2564.40161133	6.0	1.0	85.4297008514	0.0	-0.00740733044222	-0.980227470398	0.197735413909	2.18932615077	1.37314293907	-70.2811431885	4.82366466522	-24.5345993042	0.723410129547	1.0	11.279999733	27.4218997955	0.0	11.279999733	0.202812485863	1.0	1
1.0	111.759101868	1.0	1.0	1484.80114746	1.0	1.0	29.2781097889	2.21196289009	0.434361547232	-0.581880807877	-0.687564373016	0.0	32.8942044519	-73.5354003906	15.4915008545	-40.4664993286	0.517316937447	0.0	0.0	0.0	0.0	0.0	-1.0	0.0	2
1.0	247.467102051	2.0	2.0	1349.09313965	1.0	1.0	29.2781097889	2.21196289009	0.434361547232	-0.581880807877	-0.687564373016	0.0	32.8942044519	-73.5354003906	15.4915008545	-40.4664993286	0.517316937447	0.0	0.0	0.0	3.0	22.0200004578	0.314669324791	1.0	2
1.0	168.969390869	3.0	3.0	384.505096436	4.0	3.0	42.4533004761	0.0	-0.0584599301219	-0.98730802536	0.147666245699	5.76843953894	1.83376063078	-78.8786010742	25.6466503143	-29.0037994385	0.663753151894	1.0	11.6599998474	8.78343963623	2.0	8.80000019073	0.851784677531	1.0	2
1.0	263.432983398	1.0	1.0	952.613708496	4.0	1.0	21.226600647	2.79016125832	-0.365541756153	0.92989140749	0.0410041846335	11.0759781451	8.43740867283	-70.9905548096	23.046749115	-52.1714477539	0.939961016178	0.0	0.0	0.0	0.0	0.0	0.890357798784	1.0	2
1.0	385.83581543	3.0	3.0	187.595703125	2.0	2.0	21.2266094685	0.0	-0.0584563724697	-0.987322926521	0.147568017244	26.2811872956	23.5001986881	-74.458404541	6.04696989059	-35.2934494019	0.916793763638	1.0	11.6599998474	8.78343963623	2.0	13.5399999619	0.803676605369	1.0	2
1.0	620.870117188	1.0	0.0	1575.2355957	5.0	0.0	0.0	10.0	0.0	0.0	0.0	0.0	0.0	0.0	0.0	0.0	2.0	0.0	0.0	0.0	0.0	0.0	0.0420809693989	1.0	2
1.0	24.8348007202	1.0	1.0	1239.96606445	3.0	1.0	6.32812023163	3.52035516204	0.309590488672	-0.942231059074	-0.127884209156	2.41035606508	2.66597878008	-72.4622497559	-1.0557949543	-25.1493492126	0.872781634331	0.0	0.0	0.0	0.0	0.0	0.353239776449	1.0	2
1.0	24.8348007202	1.0	1.0	1846.64501953	2.0	2.0	40.0781202316	0.0	0.0	-0.978770911694	0.20495736599	1.53508045893	15.8330104326	-74.6580963135	6.15227508545	-24.3522491455	0.849610328674	1.0	7.28000020981	17.9297008514	0.0	7.28000020981	0.19775067577	1.0	2
1.0	212.869812012	2.0	2.0	2937.60131836	7.0	2.0	98.0859212875	0.0	0.0	-0.978770911694	0.20495736599	11.1335320491	15.8330104326	-74.6580963135	6.15227508545	-24.3522491455	0.849610328674	1.0	7.28000020981	17.9297008514	0.0	7.28000020981	0.19775067577	1.0	2
1.0	713.104919434	4.0	3.0	3028.26928711	7.0	3.0	167.497510433	0.0	-0.00164962746203	-0.998876512051	-0.0473600178957	0.971233108109	46.2170939739	-49.0261001587	1.16948902607	-59.67029953	0.0174362659454	3.0	0.860000014305	75.329529345	4.0	16.1200008392	0.642346508154	1.0	2
1.0	437.555511475	3.0	3.0	1071.73266602	3.0	1.0	79.760799408	0.0	0.00164577004034	0.998876392841	0.0473620407283	4.01117646918	38.1894466822	-57.8803024292	16.56965065	-55.7546005249	0.170912206173	2.0	9.76000022888	63.8086013794	0.0	14.3199996948	0.183989143963	1.0	2
1.0	574.638122559	3.0	3.0	2395.4753418	4.0	2.0	140.910678864	0.0	0.999334990978	0.0	-0.0364631265402	2.78550917007	46.7918611671	-51.4187011719	2.50266003609	-56.6584014893	0.685236036777	2.0	9.76000022888	70.0121994019	1.0	16.1200008392	0.14085443021	1.0	2
1.0	160.621994019	1.0	1.0	1127.11950684	2.0	1.0	42.5390396118	2.95289344485	0.0977688729763	0.990004003048	-0.101652808487	9.27963335234	41.8659855036	-57.2662506104	11.0813798904	-52.4610977173	0.919578552246	0.0	0.0	0.0	0.0	0.0	0.496787165769	1.0	2
1.0	280.914306641	1.0	1.0	1163.23999023	1.0	1.0	35.4491996765	2.85171349531	0.653242349625	-0.609302997589	-0.449471056461	2.72843628251	22.5279408219	-67.6180496216	25.8775501251	-46.4366989136	0.789381802082	0.0	0.0	0.0	0.0	0.0	-1.0	0.0	2
1.0	211.962112427	3.0	1.0	1495.23022461	5.0	1.0	16.8383798599	0.0	0.00221848068759	-0.998687803745	0.0511637106538	2.26197426099	31.9328394884	-69.3725967407	6.88864994049	-15.5920505524	0.171785086393	2.0	10.6400003433	53.1739006042	0.0	11.5	0.977288282005	1.0	2
1.0	545.229003906	2.0	1.0	1454.3692627	5.0	1.0	44.3115100861	2.65172586562	0.530306577682	-0.832547426224	-0.160124182701	15.2426204649	22.5279408219	-66.6544952393	26.2689495087	-47.8814506531	0.974557638168	0.0	0.0	0.0	0.0	0.0	0.255640056893	1.0	2
1.0	1373.92199707	3.0	1.0	1133.87121582	6.0	1.0	15.0658998489	0.0	-0.00221834587865	0.99869376421	-0.0510473549366	25.6234612724	48.4357282942	-56.6936988831	30.5049514771	-54.7350997925	0.200332731009	1.0	10.9399995804	16.8383998871	0.0	10.9399995804	0.359792609682	1.0	2
1.0	1545.02392578	4.0	2.0	2257.52856445	4.0	2.0	30.1317996979	0.0	0.999195039272	0.0	-0.0401156954467	18.630914146	1.38330349584	-58.0567474365	5.87648010254	-50.6464500427	0.451361894608	2.0	7.61999988556	35.4492006302	0.0	10.9399995804	0.698351057841	1.0	2
1.0	121.30380249	2.0	0.0	136.62600708	1.0	0.0	0.0	10.0	0.0	0.0	0.0	0.0	0.0	0.0	0.0	0.0	2.0	0.0	0.0	0.0	0.0	0.0	0.0420809693989	1.0	2
1.0	216.991699219	1.0	1.0	1676.92407227	1.0	1.0	42.1875197887	2.75934409171	0.441850453615	-0.337099969387	-0.831343352795	0.0	29.0032283696	-67.0656509399	14.7458000183	-41.804397583	0.162854760885	0.0	0.0	0.0	0.0	0.0	-1.0	0.0	2
1.0	239.832794189	3.0	2.0	980.267700195	3.0	2.0	61.9628024101	0.0	-0.105048082769	-0.99255490303	-0.0616411156952	0.992892487942	36.5720440268	-68.2944488525	23.4763507843	-33.9916000366	0.607065916061	3.0	4.57999992371	81.7383022308	2.0	10.3400001526	0.684300499986	1.0	2
1.0	253.156707764	3.0	0.0	62.8133010864	1.0	0.0	0.0	10.0	0.0	0.0	0.0	0.0	0.0	0.0	0.0	0.0	2.0	0.0	0.0	0.0	0.0	0.0	0.0420809693989	1.0	2
1.0	801.345947266	3.0	3.0	1703.57202148	7.0	5.0	234.667980075	0.0	-0.995596885681	0.0935767516494	-0.0055081108585	24.8744798155	13.0359352526	-69.7341003418	5.02643966675	-31.4840011597	0.740058898926	3.0	7.90000009537	84.3750019073	2.0	20.5400009155	0.857916965359	1.0	2
1.0	216.991699219	1.0	1.0	1791.13012695	2.0	2.0	72.5097802877	0.0	0.105048306286	0.992555141449	0.0616374090314	10.26202729	32.3291407223	-70.0257568359	26.8823509216	-39.2749023438	0.835146725178	1.0	4.51999998093	15.8203001022	1.0	4.51999998093	0.226704629951	1.0	2
1.0	831.80065918	3.0	2.0	875.579467773	6.0	4.0	148.97469902	0.0	-0.995596885681	0.0935767516494	-0.0055081108585	18.1774018559	13.0359352526	-69.7341003418	5.02643966675	-31.4840011597	0.740058898926	1.0	8.47999954224	19.7754001617	1.0	20.5400009155	0.775870853941	1.0	2
1.0	124.874099731	1.0	1.0	1305.86401367	1.0	1.0	38.0616407394	0.0	0.0131471930072	-0.976927280426	0.213167056441	2.05861876615	37.062911702	-67.770904541	13.8480501175	-41.1161994934	0.451897203922	1.0	4.30000019073	11.7112998962	1.0	4.30000019073	-1.0	0.0	2
1.0	441.045013428	4.0	3.0	3748.87939453	7.0	3.0	67.339751482	0.0	0.0131471930072	-0.976927280426	0.213167056441	2.05861876615	37.062911702	-67.770904541	13.8480501175	-41.1161994934	0.451897203922	5.0	4.30000019073	74.6592998505	1.0	4.30000019073	0.350467315022	1.0	2
1.0	237.791793823	3.0	3.0	1390.88537598	6.0	3.0	51.9686806202	0.0	0.997134625912	0.0	-0.0756474807858	2.75217603074	32.0822307711	-65.1818008423	30.4206008911	-51.3482971191	0.780001878738	3.0	5.0	33.6698092222	2.0	8.18000030518	0.236953774083	1.0	2
1.0	57.123298645	2.0	2.0	949.840209961	3.0	2.0	51.9687299728	0.0	0.0131471930072	-0.976927280426	0.213167056441	2.05861876615	37.062911702	-67.770904541	13.8480501175	-41.1161994934	0.451897203922	4.0	4.30000019073	41.7214106321	2.0	5.0	0.148934212791	1.0	2
1.0	346.724487305	2.0	1.0	2060.42260742	4.0	2.0	73.1953706741	0.0	0.997134625912	0.0	-0.0756474807858	2.75217603074	54.114599625	-65.1818008423	30.4206008911	-51.3482971191	0.780001878738	1.0	4.30000019073	11.7112998962	2.0	8.18000030518	0.314669244237	1.0	2
