valid	volumeS1	connectedComponentsS1	connectedComponentsS1Rel	volumeS2	connectedComponentsS2	connectedComponentsS2Rel	corticalSize	distanceMin	direction_x	direction_y	direction_z	distanceToExtremity1	distanceToExtremity2	gravityCenter_x	gravityCenter_y	gravityCenter_z	corticalDotProduct	junctions	junctionDepthMin	junctionsSize	plisDePassage	plisDePassageDepthMax	Potential	Class	cycle
1.0	19.8743000031	1.0	0.0	1594.35900879	2.0	0.0	0.0	10.0	0.0	0.0	0.0	0.0	0.0	0.0	0.0	0.0	2.0	0.0	0.0	0.0	0.0	0.0	1.25065453339e-09	0.0	1
1.0	373.194976807	3.0	2.0	4034.47827148	13.0	2.0	0.0	10.0	0.0	0.0	0.0	0.0	0.0	0.0	0.0	0.0	2.0	10.0	10.3599996567	201.709040403	3.0	14.4799995422	0.163319423835	1.0	1
1.0	273.823303223	2.0	1.0	772.88848877	3.0	3.0	0.0	10.0	0.0	0.0	0.0	0.0	0.0	0.0	0.0	0.0	2.0	3.0	7.98000001907	59.3262004852	1.0	10.3599996567	0.441916170164	1.0	1
1.0	552.063476562	2.0	1.0	1194.66503906	2.0	2.0	0.0	10.0	0.0	0.0	0.0	0.0	0.0	0.0	0.0	0.0	2.0	10.0	8.60000038147	255.761820316	1.0	14.4799995422	0.195216060507	1.0	1
1.0	404.110321045	2.0	2.0	2058.09228516	3.0	1.0	0.0	10.0	0.0	0.0	0.0	0.0	0.0	0.0	0.0	0.0	2.0	17.0	2.70000004768	344.091902256	2.0	14.6000003815	0.257726857817	1.0	1
1.0	57.526599884	1.0	1.0	1872.0802002	1.0	1.0	0.0	10.0	0.0	0.0	0.0	0.0	0.0	0.0	0.0	0.0	2.0	2.0	16.5799999237	43.2421584129	0.0	22.7000007629	-1.0	0.0	1
1.0	673.883666992	1.0	1.0	836.601318359	8.0	2.0	0.0	10.0	0.0	0.0	0.0	0.0	0.0	0.0	0.0	0.0	2.0	4.0	16.5799999237	50.6250991821	0.0	32.6399993896	0.0105465089825	1.0	1
1.0	547.324707031	1.0	1.0	586.77154541	2.0	2.0	0.0	10.0	0.0	0.0	0.0	0.0	0.0	0.0	0.0	0.0	2.0	11.0	5.34000015259	271.054831624	1.0	5.34000015259	0.00527340113391	1.0	1
1.0	548.968322754	2.0	2.0	2246.82421875	1.0	1.0	0.0	10.0	0.0	0.0	0.0	0.0	0.0	0.0	0.0	0.0	2.0	19.0	5.34000015259	471.445416451	1.0	5.34000015259	0.00527340113391	1.0	1
1.0	673.883666992	1.0	1.0	1102.86694336	1.0	1.0	0.0	10.0	0.0	0.0	0.0	0.0	0.0	0.0	0.0	0.0	2.0	8.0	14.5799999237	197.226530433	0.0	32.6399993896	0.0105465089825	1.0	1
1.0	74.6918029785	1.0	1.0	1740.49169922	2.0	1.0	0.0	10.0	0.0	0.0	0.0	0.0	0.0	0.0	0.0	0.0	2.0	8.0	3.20000004768	95.7128456831	1.0	10.4399995804	0.0531237893953	1.0	1
1.0	1822.13134766	1.0	1.0	1361.82080078	2.0	2.0	0.0	10.0	0.0	0.0	0.0	0.0	0.0	0.0	0.0	0.0	2.0	15.0	3.20000004768	311.308723569	8.0	25.7999992371	0.701433763502	1.0	1
1.0	614.904785156	2.0	2.0	2039.25793457	2.0	2.0	0.0	10.0	0.0	0.0	0.0	0.0	0.0	0.0	0.0	0.0	2.0	16.0	4.26000022888	312.275282025	11.0	25.7999992371	0.817915679406	1.0	1
1.0	748.654418945	3.0	3.0	776.447387695	2.0	2.0	0.0	10.0	0.0	0.0	0.0	0.0	0.0	0.0	0.0	0.0	2.0	12.0	4.92000007629	138.251929283	2.0	16.5	0.987820223642	1.0	1
1.0	614.903625488	2.0	2.0	1132.53601074	2.0	2.0	0.0	10.0	0.0	0.0	0.0	0.0	0.0	0.0	0.0	0.0	2.0	11.0	4.26000022888	160.488245845	5.0	25.6599998474	0.295462584116	1.0	1
1.0	1172.70336914	1.0	1.0	1901.31872559	8.0	2.0	0.0	10.0	0.0	0.0	0.0	0.0	0.0	0.0	0.0	0.0	2.0	14.0	3.44000005722	405.302889347	9.0	22.8400001526	0.947095975089	1.0	1
1.0	1088.11486816	4.0	2.0	3787.25708008	12.0	3.0	22.3705997467	0.0	-0.0429120548069	-0.985955357552	0.161401644349	2.70442168606	43.0985256146	-67.4434051514	0.235625997186	3.79984498024	0.155822217464	20.0	5.65999984741	593.479099393	8.0	24.3199996948	0.970387206091	1.0	1
1.0	949.696899414	1.0	1.0	1964.75952148	2.0	2.0	0.0	10.0	0.0	0.0	0.0	0.0	0.0	0.0	0.0	0.0	2.0	29.0	3.44000005722	793.498726487	14.0	22.8400001526	0.802420095222	1.0	1
1.0	503.685394287	2.0	2.0	1597.56884766	3.0	3.0	0.0	10.0	0.0	0.0	0.0	0.0	0.0	0.0	0.0	0.0	2.0	14.0	3.44000005722	314.504469514	8.0	22.8400001526	0.983294576708	1.0	1
1.0	249.920013428	2.0	2.0	2070.49438477	1.0	1.0	0.0	10.0	0.0	0.0	0.0	0.0	0.0	0.0	0.0	0.0	2.0	13.0	4.21999979019	359.245817184	6.0	22.8400001526	0.775107152453	1.0	1
1.0	1289.9732666	1.0	1.0	928.550964355	4.0	4.0	0.0	10.0	0.0	0.0	0.0	0.0	0.0	0.0	0.0	0.0	2.0	19.0	3.44000005722	498.732967854	8.0	22.8400001526	0.780306886643	1.0	1
1.0	34.5536003113	1.0	1.0	2146.02929688	1.0	1.0	0.0	10.0	0.0	0.0	0.0	0.0	0.0	0.0	0.0	0.0	2.0	3.0	20.9200000763	43.945330143	0.0	28.1399993896	-1.0	0.0	1
1.0	782.393310547	4.0	3.0	2733.44140625	11.0	3.0	0.0	10.0	0.0	0.0	0.0	0.0	0.0	0.0	0.0	0.0	2.0	18.0	10.1199998856	371.777269125	0.0	30.7399997711	0.207864141936	1.0	1
1.0	491.726287842	1.0	1.0	1484.76635742	17.0	3.0	0.0	10.0	0.0	0.0	0.0	0.0	0.0	0.0	0.0	0.0	2.0	10.0	1.87999999523	227.373051167	4.0	13.8800001144	0.969578029553	1.0	1
1.0	812.239013672	1.0	1.0	682.115661621	8.0	2.0	0.0	10.0	0.0	0.0	0.0	0.0	0.0	0.0	0.0	0.0	2.0	13.0	2.25999999046	290.21476984	5.0	13.8800001144	0.949642319876	1.0	1
1.0	506.793365479	2.0	2.0	1453.26318359	3.0	3.0	0.0	10.0	0.0	0.0	0.0	0.0	0.0	0.0	0.0	0.0	2.0	13.0	6.0	282.216772556	5.0	20.0400009155	0.987551356004	1.0	1
1.0	535.557189941	2.0	2.0	304.075805664	4.0	3.0	0.0	10.0	0.0	0.0	0.0	0.0	0.0	0.0	0.0	0.0	2.0	6.0	1.87999999523	61.6992115974	1.0	9.96000003815	0.921609712045	1.0	1
1.0	519.120605469	1.0	1.0	1287.52819824	2.0	2.0	0.0	10.0	0.0	0.0	0.0	0.0	0.0	0.0	0.0	0.0	2.0	25.0	1.87999999523	510.732263565	8.0	20.0400009155	0.8074736134	1.0	1
1.0	579.402709961	1.0	1.0	2835.13476562	11.0	1.0	0.0	10.0	0.0	0.0	0.0	0.0	0.0	0.0	0.0	0.0	2.0	12.0	12.1800003052	169.62906003	2.0	13.8800001144	0.0570669589013	1.0	1
1.0	33.532699585	1.0	1.0	1886.85791016	1.0	1.0	0.0	10.0	0.0	0.0	0.0	0.0	0.0	0.0	0.0	0.0	2.0	2.0	26.4200000763	19.0	0.0	27.8400001526	-1.0	0.0	1
1.0	1563.1385498	1.0	1.0	4507.56347656	13.0	3.0	0.0	10.0	0.0	0.0	0.0	0.0	0.0	0.0	0.0	0.0	2.0	17.0	7.32000017166	297.0	1.0	13.8999996185	0.099667994625	1.0	1
1.0	1305.19433594	1.0	1.0	1943.60546875	3.0	3.0	10.0	0.0	-0.0178267583251	-0.144385010004	0.989361047745	1.55042299221	1.0726330515	-62.8497009277	-8.83938026428	-7.38366031647	0.996052026749	21.0	8.84000015259	673.0	0.0	38.6800003052	0.0499583749579	1.0	1
1.0	1597.96032715	1.0	1.0	2192.52050781	3.0	3.0	10.0	0.0	-0.0178267583251	-0.144385010004	0.989361047745	1.55042299221	29.0057493627	-62.8497009277	-8.83938026428	-7.38366031647	0.996052026749	25.0	7.32000017166	658.0	1.0	13.8999996185	0.0499583749579	1.0	1
1.0	1655.99755859	1.0	1.0	1870.09033203	2.0	2.0	10.0	0.0	-0.0178267583251	-0.144385010004	0.989361047745	1.55042299221	29.0057493627	-62.8497009277	-8.83938026428	-7.38366031647	0.996052026749	20.0	7.32000017166	538.0	1.0	13.8999996185	0.148885033623	1.0	1
1.0	28.0153999329	1.0	1.0	1866.07165527	1.0	1.0	0.0	10.0	0.0	0.0	0.0	0.0	0.0	0.0	0.0	0.0	2.0	4.0	10.1599998474	99.0	2.0	22.7999992371	-1.0	0.0	1
1.0	532.293518066	1.0	1.0	148.60369873	2.0	1.0	0.0	10.0	0.0	0.0	0.0	0.0	0.0	0.0	0.0	0.0	2.0	1.0	32.5200004578	42.0	0.0	32.5200004578	0.983674857694	1.0	1
1.0	182.709503174	2.0	1.0	2171.8059082	11.0	1.0	0.0	10.0	0.0	0.0	0.0	0.0	0.0	0.0	0.0	0.0	2.0	3.0	7.32000017166	25.0	3.0	27.1200008392	0.454216432682	1.0	1
1.0	179.05519104	3.0	1.0	1408.08154297	15.0	1.0	0.0	10.0	0.0	0.0	0.0	0.0	0.0	0.0	0.0	0.0	2.0	1.0	22.7999992371	33.0	1.0	22.7999992371	0.984153515752	1.0	1
1.0	86.4824981689	2.0	2.0	644.355285645	3.0	1.0	0.0	10.0	0.0	0.0	0.0	0.0	0.0	0.0	0.0	0.0	2.0	2.0	22.7999992371	65.0	1.0	22.7999992371	0.71385455304	1.0	1
1.0	718.656982422	1.0	1.0	126.678504944	3.0	2.0	0.0	10.0	0.0	0.0	0.0	0.0	0.0	0.0	0.0	0.0	2.0	4.0	16.7800006866	113.0	5.0	27.6000003815	0.988468068882	1.0	1
1.0	135.205001831	1.0	0.0	28.0153999329	1.0	0.0	0.0	10.0	0.0	0.0	0.0	0.0	0.0	0.0	0.0	0.0	2.0	0.0	0.0	0.0	0.0	0.0	1.25065453339e-09	1.0	1
1.0	338.621398926	1.0	1.0	1659.00109863	2.0	2.0	0.0	10.0	0.0	0.0	0.0	0.0	0.0	0.0	0.0	0.0	2.0	8.0	10.1599998474	265.0	4.0	22.7999992371	0.507977432898	1.0	1
1.0	330.095001221	2.0	1.0	77.9559936523	2.0	1.0	0.0	10.0	0.0	0.0	0.0	0.0	0.0	0.0	0.0	0.0	2.0	1.0	25.8600006104	1.0	0.0	25.8600006104	0.989243505652	1.0	1
1.0	8.73830986023	1.0	1.0	1891.21948242	1.0	1.0	0.0	10.0	0.0	0.0	0.0	0.0	0.0	0.0	0.0	0.0	2.0	2.0	21.4200000763	29.0	0.0	29.7399997711	-1.0	0.0	1
1.0	768.910217285	2.0	1.0	2190.26416016	11.0	1.0	0.0	10.0	0.0	0.0	0.0	0.0	0.0	0.0	0.0	0.0	2.0	26.0	1.74000000954	661.0	0.0	28.8400001526	0.182917956866	1.0	1
1.0	38.5886993408	1.0	1.0	1367.58483887	1.0	1.0	0.0	10.0	0.0	0.0	0.0	0.0	0.0	0.0	0.0	0.0	2.0	2.0	30.6599998474	60.5566005707	0.0	31.4200000763	-1.0	0.0	1
1.0	1162.29321289	1.0	1.0	872.105224609	5.0	2.0	0.0	10.0	0.0	0.0	0.0	0.0	0.0	0.0	0.0	0.0	2.0	7.0	11.4200000763	153.105401993	1.0	11.4200000763	0.842077335254	1.0	1
1.0	25.0613002777	1.0	1.0	1514.11730957	1.0	1.0	0.0	10.0	0.0	0.0	0.0	0.0	0.0	0.0	0.0	0.0	2.0	2.0	13.0399999619	56.6895008087	0.0	13.0399999619	-1.0	0.0	1
1.0	279.850799561	1.0	1.0	703.803527832	6.0	1.0	0.0	10.0	0.0	0.0	0.0	0.0	0.0	0.0	0.0	0.0	2.0	1.0	12.279999733	30.3222999573	2.0	19.3400001526	0.620057012715	1.0	1
1.0	133.660110474	3.0	3.0	1228.00146484	1.0	1.0	0.0	10.0	0.0	0.0	0.0	0.0	0.0	0.0	0.0	0.0	2.0	9.0	5.19999980927	210.93751967	1.0	19.3400001526	0.25156233795	1.0	1
1.0	839.552124023	1.0	1.0	1812.76416016	2.0	2.0	0.0	10.0	0.0	0.0	0.0	0.0	0.0	0.0	0.0	0.0	2.0	13.0	4.0	292.675639153	3.0	19.3400001526	0.816748955884	1.0	1
1.0	778.987182617	1.0	1.0	680.830688477	2.0	2.0	0.0	10.0	0.0	0.0	0.0	0.0	0.0	0.0	0.0	0.0	2.0	10.0	5.51999998093	221.484297872	5.0	19.3400001526	0.522722267426	1.0	1
1.0	292.66394043	4.0	3.0	2410.171875	8.0	4.0	0.0	10.0	0.0	0.0	0.0	0.0	0.0	0.0	0.0	0.0	2.0	9.0	8.56000041962	97.2747129202	2.0	13.4200000763	0.0381284576818	1.0	1
1.0	169.025085449	3.0	2.0	1433.58398438	3.0	2.0	0.0	10.0	0.0	0.0	0.0	0.0	0.0	0.0	0.0	0.0	2.0	8.0	20.7199993134	133.514272213	0.0	30.6000003815	0.00953646060992	1.0	1
1.0	176.850311279	3.0	2.0	489.860290527	3.0	1.0	0.0	10.0	0.0	0.0	0.0	0.0	0.0	0.0	0.0	0.0	2.0	7.0	19.8799991608	107.765053272	0.0	30.6000003815	0.00953646060992	1.0	1
1.0	154.939697266	3.0	0.0	1137.78869629	1.0	0.0	0.0	10.0	0.0	0.0	0.0	0.0	0.0	0.0	0.0	0.0	2.0	0.0	0.0	0.0	0.0	0.0	1.25065453339e-09	1.0	1
1.0	50.7913017273	1.0	0.0	1880.86560059	1.0	0.0	0.0	10.0	0.0	0.0	0.0	0.0	0.0	0.0	0.0	0.0	2.0	0.0	0.0	0.0	0.0	0.0	1.25065453339e-09	0.0	1
1.0	715.840332031	2.0	1.0	1952.29016113	11.0	2.0	0.0	10.0	0.0	0.0	0.0	0.0	0.0	0.0	0.0	0.0	2.0	6.0	5.17999982834	87.9226899147	1.0	8.81999969482	0.30568552522	1.0	1
1.0	858.690612793	1.0	1.0	1072.96630859	2.0	1.0	0.0	10.0	0.0	0.0	0.0	0.0	0.0	0.0	0.0	0.0	2.0	5.0	2.94000005722	89.1611007452	5.0	19.6599998474	0.615819477276	1.0	1
1.0	860.277770996	1.0	1.0	1496.75646973	3.0	2.0	0.0	10.0	0.0	0.0	0.0	0.0	0.0	0.0	0.0	0.0	2.0	11.0	11.7399997711	230.33288455	3.0	18.8199996948	0.866495659252	1.0	1
1.0	755.520507812	1.0	1.0	1317.3996582	2.0	1.0	0.0	10.0	0.0	0.0	0.0	0.0	0.0	0.0	0.0	0.0	2.0	5.0	2.94000005722	55.7257515192	2.0	8.81999969482	0.397805381651	1.0	1
1.0	11.8509998322	1.0	1.0	1992.65686035	1.0	1.0	0.0	10.0	0.0	0.0	0.0	0.0	0.0	0.0	0.0	0.0	2.0	2.0	31.4200000763	52.5026016235	0.0	31.4200000763	-1.0	0.0	1
1.0	551.916564941	2.0	1.0	4709.91455078	12.0	2.0	0.0	10.0	0.0	0.0	0.0	0.0	0.0	0.0	0.0	0.0	2.0	20.0	7.65999984741	513.611779451	1.0	10.6999998093	0.0910560893566	1.0	1
1.0	333.520507812	3.0	1.0	62.6408004761	2.0	1.0	0.0	10.0	0.0	0.0	0.0	0.0	0.0	0.0	0.0	0.0	2.0	2.0	28.7199993134	47.9371013641	0.0	28.8199996948	0.180614664348	1.0	1
1.0	430.021484375	2.0	2.0	1552.47753906	3.0	1.0	0.0	10.0	0.0	0.0	0.0	0.0	0.0	0.0	0.0	0.0	2.0	4.0	10.6999998093	87.8847231865	1.0	10.6999998093	0.0910560893566	1.0	1
1.0	29.8798999786	1.0	0.0	1510.59887695	2.0	0.0	0.0	10.0	0.0	0.0	0.0	0.0	0.0	0.0	0.0	0.0	2.0	0.0	0.0	0.0	0.0	0.0	1.25065453339e-09	0.0	1
1.0	343.619537354	3.0	3.0	3650.33691406	7.0	1.0	0.0	10.0	0.0	0.0	0.0	0.0	0.0	0.0	0.0	0.0	2.0	18.0	2.59999990463	307.353402138	8.0	24.3799991608	0.746710573327	1.0	1
1.0	649.059265137	5.0	4.0	1450.83850098	10.0	3.0	0.0	10.0	0.0	0.0	0.0	0.0	0.0	0.0	0.0	0.0	2.0	20.0	2.59999990463	421.611295223	4.0	26.7999992371	0.969233865965	1.0	1
1.0	898.059448242	1.0	1.0	371.839599609	5.0	3.0	0.0	10.0	0.0	0.0	0.0	0.0	0.0	0.0	0.0	0.0	2.0	10.0	7.17999982834	133.681680679	3.0	24.3799991608	0.840407178819	1.0	1
1.0	607.559448242	3.0	3.0	1611.85913086	3.0	1.0	0.0	10.0	0.0	0.0	0.0	0.0	0.0	0.0	0.0	0.0	2.0	23.0	2.59999990463	444.462801933	10.0	23.4599990845	0.572523868945	1.0	1
1.0	300.459899902	3.0	2.0	1444.19848633	3.0	1.0	0.0	10.0	0.0	0.0	0.0	0.0	0.0	0.0	0.0	0.0	2.0	11.0	3.48000001907	275.361172199	1.0	6.0	0.0684473073953	1.0	1
1.0	15.8704004288	1.0	1.0	1260.5604248	1.0	1.0	0.0	10.0	0.0	0.0	0.0	0.0	0.0	0.0	0.0	0.0	2.0	2.0	4.26000022888	23.9281907082	0.0	8.96000003815	-1.0	0.0	1
1.0	113.359802246	2.0	2.0	2485.97924805	10.0	1.0	0.0	10.0	0.0	0.0	0.0	0.0	0.0	0.0	0.0	0.0	2.0	4.0	4.26000022888	58.4912114143	0.0	24.4799995422	0.0927863396705	1.0	1
1.0	684.693237305	1.0	1.0	1572.29980469	2.0	2.0	0.0	10.0	0.0	0.0	0.0	0.0	0.0	0.0	0.0	0.0	2.0	17.0	1.70000004768	460.839809954	1.0	1.70000004768	0.00443112602408	1.0	1
1.0	480.645385742	1.0	1.0	1131.33044434	3.0	2.0	0.0	10.0	0.0	0.0	0.0	0.0	0.0	0.0	0.0	0.0	2.0	4.0	1.70000004768	140.910616934	1.0	1.70000004768	0.00443112602408	1.0	1
1.0	513.519714355	2.0	2.0	1463.4744873	1.0	1.0	0.0	10.0	0.0	0.0	0.0	0.0	0.0	0.0	0.0	0.0	2.0	9.0	1.70000004768	266.755348742	1.0	1.70000004768	0.00443112602408	1.0	1
1.0	43.9009017944	1.0	1.0	1936.34277344	1.0	1.0	0.0	10.0	0.0	0.0	0.0	0.0	0.0	0.0	0.0	0.0	2.0	2.0	17.6000003815	39.0235004425	0.0	17.6000003815	-1.0	0.0	1
1.0	664.785095215	2.0	2.0	3385.07275391	9.0	1.0	4.21875	2.59554614647	0.177005276084	-0.982995688915	0.0488725304604	0.0	34.1110051002	-65.0275497437	-6.14263010025	-1.30377006531	0.041984602809	15.0	12.779999733	242.578090668	4.0	22.8999996185	0.282170801603	1.0	1
1.0	854.499755859	2.0	2.0	3480.71313477	15.0	2.0	30.5859508514	0.0	0.0342368744314	-0.967953026295	0.248786613345	2.08660786462	40.2736701315	-67.7455978394	-3.1001701355	-1.35703003407	0.92560005188	5.0	1.32000005245	127.617147446	2.0	16.4599990845	0.967818259428	1.0	1
1.0	327.688995361	1.0	1.0	1746.62805176	4.0	3.0	4.21875	2.59554614647	0.177005276084	-0.982995688915	0.0488725304604	0.0	27.7574046111	-65.0275497437	-6.14263010025	-1.30377006531	0.041984602809	2.0	12.3999996185	45.3515789509	0.0	14.3199996948	0.0210906220281	1.0	1
1.0	818.437927246	1.0	1.0	1102.22619629	4.0	2.0	0.0	10.0	0.0	0.0	0.0	0.0	0.0	0.0	0.0	0.0	2.0	9.0	13.8999996185	149.765629053	3.0	16.4599990845	0.978102374526	1.0	1
1.0	437.441192627	1.0	1.0	2991.53198242	1.0	1.0	26.3672008514	0.0	0.0342368744314	-0.967953026295	0.248786613345	2.08660786462	4.47817894743	-67.7455978394	-3.1001701355	-1.35703003407	0.92560005188	11.0	12.779999733	240.468820333	3.0	14.8999996185	0.479296061533	1.0	1
1.0	424.898101807	1.0	1.0	1379.74255371	2.0	2.0	0.0	10.0	0.0	0.0	0.0	0.0	0.0	0.0	0.0	0.0	2.0	7.0	12.779999733	118.124939442	2.0	19.3400001526	0.110291501025	1.0	1
1.0	53.9712982178	1.0	1.0	1772.95837402	1.0	1.0	0.0	10.0	0.0	0.0	0.0	0.0	0.0	0.0	0.0	0.0	2.0	5.0	18.8199996948	53.6169397831	2.0	20.3999996185	-1.0	0.0	1
1.0	163.263290405	3.0	2.0	2249.25439453	8.0	2.0	0.0	10.0	0.0	0.0	0.0	0.0	0.0	0.0	0.0	0.0	2.0	6.0	10.6999998093	94.235878706	2.0	18.8199996948	0.442423746289	1.0	1
1.0	256.364105225	2.0	2.0	2326.16430664	1.0	1.0	0.0	10.0	0.0	0.0	0.0	0.0	0.0	0.0	0.0	0.0	2.0	14.0	18.3799991608	180.347740412	7.0	32.2799987793	0.422613475524	1.0	1
1.0	315.732299805	3.0	3.0	1988.84375	1.0	1.0	0.0	10.0	0.0	0.0	0.0	0.0	0.0	0.0	0.0	0.0	2.0	29.0	9.23999977112	457.368699133	8.0	32.2799987793	0.455397070368	1.0	1
1.0	499.235290527	1.0	1.0	1411.35009766	1.0	1.0	0.0	10.0	0.0	0.0	0.0	0.0	0.0	0.0	0.0	0.0	2.0	14.0	17.4599990845	259.960927606	4.0	32.2799987793	0.121257358574	1.0	1
1.0	1440.97302246	1.0	1.0	2342.00292969	18.0	2.0	0.0	10.0	0.0	0.0	0.0	0.0	0.0	0.0	0.0	0.0	2.0	10.0	18.2399997711	185.888764143	3.0	37.2000007629	0.994124381731	1.0	1
1.0	1073.13684082	3.0	3.0	2716.58813477	11.0	2.0	23.7304992676	1.77287054872	-0.254263430834	0.194935575128	0.947285711765	5.12595079488	29.8238767273	-66.6720504761	-5.68969535828	-1.5935344696	0.675162494183	32.0	18.2399997711	717.187685728	17.0	40.4399986267	0.93297934915	1.0	1
1.0	1095.07202148	2.0	2.0	3337.5222168	14.0	2.0	29.0039391518	0.0	0.00760397687554	-0.965320706367	0.260956406593	0.0	31.2354634159	-63.1814498901	-10.5640506744	-3.96772480011	0.955761551857	26.0	18.9400005341	701.367382884	18.0	40.4399986267	0.991732078424	1.0	1
1.0	121.487205505	2.0	2.0	666.492004395	3.0	2.0	0.0	10.0	0.0	0.0	0.0	0.0	0.0	0.0	0.0	0.0	2.0	5.0	21.7600002289	83.056661129	2.0	30.9599990845	0.276092812438	1.0	1
1.0	879.095397949	1.0	1.0	2586.6640625	2.0	2.0	5.27343988419	0.0	0.00760397687554	-0.965320706367	0.260956406593	0.0	14.2668111586	-63.1814498901	-10.5640506744	-3.96772480011	0.955761551857	28.0	23.1399993896	681.591880679	18.0	40.4399986267	0.980117556717	1.0	1
1.0	448.82800293	1.0	1.0	2564.72949219	1.0	1.0	5.27343988419	0.0	0.00760397687554	-0.965320706367	0.260956406593	0.0	14.2668111586	-63.1814498901	-10.5640506744	-3.96772480011	0.955761551857	9.0	23.7800006866	233.349679351	10.0	32.0600013733	0.436596266634	1.0	1
1.0	1039.39025879	2.0	2.0	1930.29711914	1.0	1.0	5.27343988419	0.0	0.00760397687554	-0.965320706367	0.260956406593	0.0	14.2668111586	-63.1814498901	-10.5640506744	-3.96772480011	0.955761551857	27.0	18.2399997711	681.592085361	16.0	37.8400001526	0.995176095202	1.0	1
1.0	482.573883057	2.0	2.0	528.131713867	4.0	4.0	0.0	10.0	0.0	0.0	0.0	0.0	0.0	0.0	0.0	0.0	2.0	10.0	18.9400005341	210.937502384	3.0	26.3999996185	0.935494463315	1.0	1
1.0	693.489013672	2.0	2.0	1339.73400879	2.0	2.0	0.0	10.0	0.0	0.0	0.0	0.0	0.0	0.0	0.0	0.0	2.0	17.0	18.2399997711	410.00994432	9.0	40.4399986267	0.994981963861	1.0	1
1.0	534.696899414	2.0	1.0	2660.84057617	9.0	3.0	0.0	10.0	0.0	0.0	0.0	0.0	0.0	0.0	0.0	0.0	2.0	12.0	3.55999994278	276.328093171	3.0	15.2600002289	0.156896288103	1.0	1
1.0	281.799804688	2.0	2.0	2839.67529297	1.0	1.0	0.0	10.0	0.0	0.0	0.0	0.0	0.0	0.0	0.0	0.0	2.0	11.0	14.5799999237	196.17169857	6.0	32.7999992371	0.643806864188	1.0	1
1.0	48.7729988098	1.0	1.0	2769.2253418	1.0	1.0	0.0	10.0	0.0	0.0	0.0	0.0	0.0	0.0	0.0	0.0	2.0	5.0	15.2600002289	76.9920908213	1.0	15.2600002289	0.00527340113391	1.0	1
1.0	77.6754989624	1.0	1.0	1676.34814453	1.0	1.0	0.0	10.0	0.0	0.0	0.0	0.0	0.0	0.0	0.0	0.0	2.0	10.0	3.55999994278	176.132678628	7.0	20.2600002289	0.491389040834	1.0	1
1.0	19.0851993561	1.0	1.0	1889.4362793	1.0	1.0	0.0	10.0	0.0	0.0	0.0	0.0	0.0	0.0	0.0	0.0	2.0	3.0	14.3199996948	25.3125497103	1.0	20.3400001526	-1.0	0.0	1
1.0	136.777297974	3.0	2.0	2294.99707031	6.0	1.0	0.0	10.0	0.0	0.0	0.0	0.0	0.0	0.0	0.0	0.0	2.0	9.0	14.3199996948	151.87508142	2.0	26.7999992371	0.146592198524	1.0	1
1.0	120.873001099	2.0	2.0	2514.47729492	2.0	1.0	0.0	10.0	0.0	0.0	0.0	0.0	0.0	0.0	0.0	0.0	2.0	11.0	15.0600004196	158.203172684	0.0	28.6000003815	0.380617019521	1.0	1
1.0	742.732727051	1.0	1.0	1367.77404785	2.0	1.0	0.0	10.0	0.0	0.0	0.0	0.0	0.0	0.0	0.0	0.0	2.0	4.0	18.7399997711	122.343700409	4.0	34.5999984741	0.467017848571	1.0	1
1.0	19.0851993561	1.0	1.0	1213.5012207	1.0	1.0	0.0	10.0	0.0	0.0	0.0	0.0	0.0	0.0	0.0	0.0	2.0	2.0	14.3199996948	4.21875011921	0.0	15.0600004196	0.105079661378	1.0	1
1.0	25.6186008453	1.0	1.0	1581.94848633	1.0	1.0	0.0	10.0	0.0	0.0	0.0	0.0	0.0	0.0	0.0	0.0	2.0	3.0	25.2600002289	42.1875405312	0.0	32.6399993896	-1.0	0.0	1
1.0	126.491905212	3.0	2.0	847.014892578	9.0	2.0	0.0	10.0	0.0	0.0	0.0	0.0	0.0	0.0	0.0	0.0	2.0	3.0	12.3199996948	18.9844099283	0.0	26.3400001526	0.0158189808662	1.0	1
1.0	17.8876991272	1.0	1.0	1588.42370605	1.0	1.0	0.0	10.0	0.0	0.0	0.0	0.0	0.0	0.0	0.0	0.0	2.0	2.0	19.5799999237	59.0625	0.0	19.5799999237	-1.0	0.0	1
1.0	277.25869751	3.0	3.0	1244.98071289	2.0	2.0	0.0	10.0	0.0	0.0	0.0	0.0	0.0	0.0	0.0	0.0	2.0	11.0	7.01999998093	313.242089868	1.0	7.01999998093	0.125891039694	1.0	1
1.0	855.030151367	1.0	1.0	264.737792969	2.0	2.0	0.0	10.0	0.0	0.0	0.0	0.0	0.0	0.0	0.0	0.0	2.0	10.0	11.2600002289	213.046841264	0.0	26.8199996948	0.389599689168	1.0	1
1.0	586.714111328	1.0	1.0	955.202209473	2.0	2.0	0.0	10.0	0.0	0.0	0.0	0.0	0.0	0.0	0.0	0.0	2.0	6.0	7.01999998093	167.695297241	1.0	7.01999998093	0.125891039694	1.0	1
1.0	391.740081787	2.0	2.0	686.885131836	3.0	2.0	0.0	10.0	0.0	0.0	0.0	0.0	0.0	0.0	0.0	0.0	2.0	2.0	19.5799999237	36.914100647	0.0	25.7600002289	0.156896236942	1.0	1
1.0	21.6105995178	1.0	0.0	1396.04736328	1.0	0.0	0.0	10.0	0.0	0.0	0.0	0.0	0.0	0.0	0.0	0.0	2.0	0.0	0.0	0.0	0.0	0.0	1.25065453339e-09	0.0	1
1.0	112.375297546	2.0	1.0	3791.94628906	12.0	2.0	0.0	10.0	0.0	0.0	0.0	0.0	0.0	0.0	0.0	0.0	2.0	2.0	25.0200004578	20.0390901566	0.0	33.4799995422	0.242897884882	1.0	1
1.0	1247.65429688	1.0	1.0	910.527954102	5.0	4.0	0.0	10.0	0.0	0.0	0.0	0.0	0.0	0.0	0.0	0.0	2.0	9.0	18.4200000763	181.406378031	0.0	32.6199989319	0.458730928272	1.0	1
1.0	877.392089844	1.0	1.0	367.380706787	2.0	2.0	0.0	10.0	0.0	0.0	0.0	0.0	0.0	0.0	0.0	0.0	2.0	6.0	18.1599998474	88.5936707258	1.0	18.1599998474	0.00527340113391	1.0	1
1.0	1086.29492188	2.0	1.0	808.237182617	2.0	2.0	0.0	10.0	0.0	0.0	0.0	0.0	0.0	0.0	0.0	0.0	2.0	7.0	18.4200000763	105.468760014	1.0	25.5599994659	0.00527340113391	1.0	1
1.0	21.6387996674	1.0	1.0	1816.11328125	1.0	1.0	0.0	10.0	0.0	0.0	0.0	0.0	0.0	0.0	0.0	0.0	2.0	2.0	14.8400001526	26.3672394753	0.0	18.7800006866	-1.0	0.0	1
1.0	1329.24023438	1.0	1.0	737.265197754	9.0	4.0	0.0	10.0	0.0	0.0	0.0	0.0	0.0	0.0	0.0	0.0	2.0	8.0	6.69999980927	180.351541042	1.0	10.3599996567	0.0894091098296	1.0	1
1.0	721.808349609	2.0	2.0	938.196777344	2.0	2.0	0.0	10.0	0.0	0.0	0.0	0.0	0.0	0.0	0.0	0.0	2.0	5.0	9.84000015259	180.351599693	1.0	10.3599996567	0.0894091098296	1.0	1
1.0	1370.97216797	2.0	2.0	1786.74804688	2.0	2.0	0.0	10.0	0.0	0.0	0.0	0.0	0.0	0.0	0.0	0.0	2.0	15.0	6.69999980927	485.156231165	1.0	10.3599996567	0.0894091098296	1.0	1
1.0	689.350158691	2.0	2.0	2468.37011719	1.0	1.0	0.0	10.0	0.0	0.0	0.0	0.0	0.0	0.0	0.0	0.0	2.0	10.0	6.69999980927	336.445429087	1.0	10.3599996567	0.0894091098296	1.0	1
1.0	21.2733001709	1.0	1.0	1703.1973877	1.0	1.0	0.0	10.0	0.0	0.0	0.0	0.0	0.0	0.0	0.0	0.0	2.0	1.0	28.4799995422	32.6953010559	0.0	28.4799995422	-1.0	0.0	1
1.0	35.0135002136	1.0	1.0	1788.48828125	1.0	1.0	0.0	10.0	0.0	0.0	0.0	0.0	0.0	0.0	0.0	0.0	2.0	2.0	16.8999996185	53.7890510559	0.0	27.9599990845	-1.0	0.0	1
1.0	383.747680664	3.0	1.0	2041.98608398	10.0	2.0	0.0	10.0	0.0	0.0	0.0	0.0	0.0	0.0	0.0	0.0	2.0	4.0	14.6599998474	117.070199966	1.0	14.6599998474	0.063196667849	1.0	1
1.0	854.328674316	1.0	1.0	315.12121582	3.0	2.0	0.0	10.0	0.0	0.0	0.0	0.0	0.0	0.0	0.0	0.0	2.0	3.0	11.9200000763	58.0077812672	0.0	35.8800010681	0.063196667849	1.0	1
1.0	774.49798584	1.0	1.0	827.718383789	3.0	3.0	0.0	10.0	0.0	0.0	0.0	0.0	0.0	0.0	0.0	0.0	2.0	7.0	11.9200000763	256.288977861	0.0	38.0400009155	0.063196667849	1.0	1
1.0	170.865997314	1.0	1.0	1034.9979248	2.0	1.0	0.0	10.0	0.0	0.0	0.0	0.0	0.0	0.0	0.0	0.0	2.0	9.0	24.8799991608	199.335879922	0.0	33.9799995422	0.063196667849	1.0	1
1.0	29.0307006836	1.0	1.0	4074.54296875	9.0	1.0	28.476600647	0.0	0.0367092750967	-0.997778534889	0.055592238903	1.79948408363	30.4386118974	-65.3372497559	4.13265991211	-11.8228998184	0.307873517275	1.0	3.09999990463	12.6562004089	1.0	3.09999990463	0.13107747525	1.0	1
1.0	81.96900177	1.0	1.0	2177.30224609	1.0	1.0	0.0	10.0	0.0	0.0	0.0	0.0	0.0	0.0	0.0	0.0	2.0	6.0	6.40000009537	118.125001907	1.0	9.39999961853	0.24289798528	1.0	1
1.0	510.598999023	1.0	1.0	1458.36547852	1.0	1.0	0.0	10.0	0.0	0.0	0.0	0.0	0.0	0.0	0.0	0.0	2.0	7.0	9.11999988556	322.73440361	2.0	24.1399993896	0.567182662104	1.0	1
1.0	95.6305007935	1.0	1.0	3270.22167969	1.0	1.0	0.0	10.0	0.0	0.0	0.0	0.0	0.0	0.0	0.0	0.0	2.0	3.0	22.1800003052	56.9530496597	1.0	22.1800003052	0.192678054412	1.0	1
1.0	1077.55126953	1.0	1.0	81.96900177	1.0	1.0	0.0	10.0	0.0	0.0	0.0	0.0	0.0	0.0	0.0	0.0	2.0	2.0	9.11999988556	61.1719017029	0.0	10.779999733	0.973584898382	1.0	1
1.0	515.359130859	2.0	2.0	3140.140625	11.0	2.0	0.0	10.0	0.0	0.0	0.0	0.0	0.0	0.0	0.0	0.0	2.0	10.0	10.3599996567	255.23451972	4.0	27.5	0.777440416834	1.0	1
1.0	595.329711914	1.0	1.0	1766.43994141	2.0	2.0	0.0	10.0	0.0	0.0	0.0	0.0	0.0	0.0	0.0	0.0	2.0	9.0	14.0	261.56257844	2.0	16.3999996185	0.315780257114	1.0	1
1.0	163.492996216	1.0	0.0	310.992675781	2.0	0.0	0.0	10.0	0.0	0.0	0.0	0.0	0.0	0.0	0.0	0.0	2.0	0.0	0.0	0.0	0.0	0.0	1.25065453339e-09	1.0	1
1.0	943.641662598	2.0	1.0	110.180000305	1.0	1.0	0.0	10.0	0.0	0.0	0.0	0.0	0.0	0.0	0.0	0.0	2.0	1.0	34.4399986267	54.8437995911	0.0	34.4399986267	0.946073028299	1.0	1
1.0	357.366027832	1.0	1.0	2618.90234375	10.0	1.0	0.0	10.0	0.0	0.0	0.0	0.0	0.0	0.0	0.0	0.0	2.0	11.0	15.4399995804	198.281183481	0.0	29.4200000763	0.187595698276	1.0	1
1.0	155.127105713	2.0	2.0	1028.4888916	7.0	1.0	0.0	10.0	0.0	0.0	0.0	0.0	0.0	0.0	0.0	0.0	2.0	3.0	20.0599994659	75.9376010895	3.0	30.5599994659	0.362436487345	1.0	1
1.0	167.537109375	1.0	1.0	2547.18066406	2.0	1.0	0.0	10.0	0.0	0.0	0.0	0.0	0.0	0.0	0.0	0.0	2.0	4.0	25.8199996948	116.015701294	1.0	30.5599994659	0.141428569096	1.0	1
1.0	220.280212402	2.0	2.0	1469.05102539	2.0	1.0	0.0	10.0	0.0	0.0	0.0	0.0	0.0	0.0	0.0	0.0	2.0	4.0	24.1200008392	107.578201294	0.0	36.2999992371	0.64070927188	1.0	1
1.0	155.127105713	2.0	2.0	1320.13000488	1.0	1.0	0.0	10.0	0.0	0.0	0.0	0.0	0.0	0.0	0.0	0.0	2.0	2.0	24.1200008392	73.8282012939	0.0	35.4599990845	0.64070927188	1.0	1
1.0	41.754699707	1.0	1.0	1591.69006348	1.0	1.0	0.0	10.0	0.0	0.0	0.0	0.0	0.0	0.0	0.0	0.0	2.0	2.0	15.720000267	16.8749901056	0.0	19.0599994659	-1.0	0.0	1
1.0	559.513000488	1.0	1.0	2657.27099609	12.0	4.0	0.0	10.0	0.0	0.0	0.0	0.0	0.0	0.0	0.0	0.0	2.0	6.0	1.51999998093	108.632789493	0.0	38.1800003052	0.0316300466246	1.0	1
1.0	129.654602051	3.0	3.0	1683.96838379	10.0	2.0	20.039100647	0.0	0.132863104343	-0.990328848362	-0.0399518683553	0.0	11.0906108014	-60.1026496887	-11.7989501953	-17.0777492523	0.911400556564	3.0	2.46000003815	55.8984599113	0.0	27.8600006104	0.0316300466246	1.0	1
1.0	26.2395992279	1.0	1.0	1540.42175293	2.0	1.0	6.32812023163	0.0	0.989299297333	0.0952313616872	0.1105344221	2.80513264728	1.45614335157	-59.8101005554	-8.63049030304	-8.2726650238	0.373922020197	1.0	6.86000013351	20.039100647	0.0	6.86000013351	0.0316300466246	1.0	1
1.0	643.642822266	2.0	2.0	1318.15625	4.0	2.0	0.0	10.0	0.0	0.0	0.0	0.0	0.0	0.0	0.0	0.0	2.0	9.0	6.78000020981	243.632882357	0.0	29.4400005341	0.0316300466246	1.0	1
1.0	166.698791504	2.0	1.0	885.973144531	5.0	1.0	0.0	10.0	0.0	0.0	0.0	0.0	0.0	0.0	0.0	0.0	2.0	1.0	7.69999980927	7.38281011581	0.0	7.69999980927	0.0631968673207	1.0	1
1.0	174.141296387	3.0	2.0	1461.78186035	7.0	2.0	8.4375	2.70549621656	-0.246823817492	-0.37577599287	-0.89323592186	14.7006865049	6.32353469702	-61.4399986267	-6.7420501709	-23.2526493073	0.897770404816	1.0	25.3999996185	8.4375	0.0	25.3999996185	0.0421624895764	1.0	1
1.0	24.366399765	1.0	0.0	1239.20666504	10.0	0.0	0.0	10.0	0.0	0.0	0.0	0.0	0.0	0.0	0.0	0.0	2.0	0.0	0.0	0.0	0.0	0.0	1.25065453339e-09	1.0	1
1.0	54.0756988525	1.0	1.0	1576.14587402	1.0	1.0	0.0	10.0	0.0	0.0	0.0	0.0	0.0	0.0	0.0	0.0	2.0	2.0	6.96000003815	4.21876001358	0.0	6.96000003815	-1.0	0.0	1
1.0	45.1897010803	1.0	1.0	1766.91748047	1.0	1.0	0.0	10.0	0.0	0.0	0.0	0.0	0.0	0.0	0.0	0.0	2.0	3.0	6.30000019073	55.8984212875	0.0	9.93999958038	-1.0	0.0	1
1.0	891.743225098	1.0	1.0	2254.96777344	16.0	3.0	0.0	10.0	0.0	0.0	0.0	0.0	0.0	0.0	0.0	0.0	2.0	14.0	3.66000008583	355.429614305	2.0	16.7000007629	0.420452853309	1.0	1
1.0	1200.54003906	1.0	1.0	442.859100342	1.0	1.0	0.0	10.0	0.0	0.0	0.0	0.0	0.0	0.0	0.0	0.0	2.0	9.0	3.66000008583	237.304536819	3.0	17.1000003815	0.515014753398	1.0	1
1.0	109.961700439	3.0	3.0	2315.21948242	1.0	1.0	0.0	10.0	0.0	0.0	0.0	0.0	0.0	0.0	0.0	0.0	2.0	9.0	6.30000019073	128.671859503	1.0	16.7000007629	0.110291501025	1.0	1
1.0	967.060119629	1.0	1.0	280.17590332	2.0	2.0	0.0	10.0	0.0	0.0	0.0	0.0	0.0	0.0	0.0	0.0	2.0	7.0	3.66000008583	182.46091938	0.0	19.7000007629	0.791629296585	1.0	1
1.0	1449.24780273	1.0	1.0	2878.97827148	16.0	3.0	0.0	10.0	0.0	0.0	0.0	0.0	0.0	0.0	0.0	0.0	2.0	18.0	7.44000005722	256.289110303	5.0	26.5599994659	0.296665568229	1.0	1
1.0	579.049194336	2.0	2.0	1276.83447266	3.0	3.0	0.0	10.0	0.0	0.0	0.0	0.0	0.0	0.0	0.0	0.0	2.0	8.0	14.4600000381	217.265580416	1.0	14.4600000381	0.530344965302	1.0	1
1.0	1080.02331543	1.0	1.0	1611.90234375	2.0	2.0	0.0	10.0	0.0	0.0	0.0	0.0	0.0	0.0	0.0	0.0	2.0	16.0	7.44000005722	164.531400442	4.0	13.3599996567	0.507223511188	1.0	1
1.0	606.700195312	1.0	1.0	1823.35192871	1.0	1.0	0.0	10.0	0.0	0.0	0.0	0.0	0.0	0.0	0.0	0.0	2.0	15.0	7.44000005722	187.734539986	7.0	26.5599994659	0.0894090560229	1.0	1
1.0	1036.36657715	2.0	1.0	2291.16381836	8.0	3.0	0.0	10.0	0.0	0.0	0.0	0.0	0.0	0.0	0.0	0.0	2.0	14.0	5.65999984741	264.726548672	1.0	5.65999984741	0.0579430216781	1.0	1
1.0	298.154785156	2.0	2.0	2217.82177734	1.0	1.0	0.0	10.0	0.0	0.0	0.0	0.0	0.0	0.0	0.0	0.0	2.0	16.0	5.65999984741	356.48430109	1.0	5.65999984741	0.0579430216781	1.0	1
1.0	156.25239563	2.0	2.0	2066.35327148	1.0	1.0	0.0	10.0	0.0	0.0	0.0	0.0	0.0	0.0	0.0	0.0	2.0	10.0	18.9799995422	187.734350324	0.0	28.0400009155	0.0579430216781	1.0	1
1.0	245.539306641	3.0	3.0	1478.01623535	2.0	2.0	0.0	10.0	0.0	0.0	0.0	0.0	0.0	0.0	0.0	0.0	2.0	12.0	5.65999984741	254.179508686	1.0	5.65999984741	0.0579430216781	1.0	1
1.0	25.2558994293	1.0	1.0	1736.34594727	1.0	1.0	0.0	10.0	0.0	0.0	0.0	0.0	0.0	0.0	0.0	0.0	2.0	1.0	15.2399997711	28.476600647	0.0	15.2399997711	-1.0	0.0	1
1.0	105.759300232	2.0	1.0	2266.71948242	8.0	1.0	0.0	10.0	0.0	0.0	0.0	0.0	0.0	0.0	0.0	0.0	2.0	3.0	18.5400009155	97.0311994553	1.0	18.5400009155	0.192678054412	1.0	1
1.0	1460.10900879	1.0	1.0	2479.81542969	1.0	1.0	20.0390703678	0.0	-0.724051177502	-0.688719451427	0.0376207605004	0.0	21.6817327301	-52.7538528442	-12.6785497665	-2.55130004883	0.388989508152	18.0	5.38000011444	658.12494874	4.0	18.5400009155	0.760196122066	1.0	1
1.0	1070.22131348	1.0	1.0	1973.11743164	4.0	4.0	9.49219036102	0.0	0.72408503294	0.68868380785	-0.03762235865	1.75809296808	20.7005290236	-53.99974823	-12.6560993195	-3.87651014328	0.470580339432	12.0	11.720000267	404.999975204	4.0	22.2399997711	0.701433682961	1.0	1
1.0	904.478881836	1.0	1.0	1831.05407715	2.0	2.0	9.49219036102	0.0	0.72408503294	0.68868380785	-0.03762235865	1.75809296808	18.7161934815	-53.99974823	-12.6560993195	-3.87651014328	0.470580339432	7.0	5.38000011444	159.257811069	2.0	15.3999996185	0.389599871174	1.0	1
1.0	704.25592041	2.0	1.0	2452.75366211	11.0	2.0	0.0	10.0	0.0	0.0	0.0	0.0	0.0	0.0	0.0	0.0	2.0	13.0	1.77999997139	317.461012483	1.0	8.65999984741	0.0998615520135	1.0	1
1.0	769.015136719	1.0	1.0	1023.19573975	3.0	3.0	0.0	10.0	0.0	0.0	0.0	0.0	0.0	0.0	0.0	0.0	2.0	17.0	1.77999997139	294.257863045	1.0	8.65999984741	0.0998615520135	1.0	1
1.0	791.680847168	1.0	1.0	1189.95031738	2.0	2.0	0.0	10.0	0.0	0.0	0.0	0.0	0.0	0.0	0.0	0.0	2.0	16.0	1.77999997139	330.117153525	1.0	8.65999984741	0.0998615520135	1.0	1
1.0	798.156738281	1.0	1.0	1076.6217041	3.0	3.0	0.0	10.0	0.0	0.0	0.0	0.0	0.0	0.0	0.0	0.0	2.0	15.0	8.65999984741	352.265613198	1.0	8.65999984741	0.0998615520135	1.0	1
1.0	620.331481934	2.0	2.0	1111.88903809	1.0	1.0	0.0	10.0	0.0	0.0	0.0	0.0	0.0	0.0	0.0	0.0	2.0	11.0	6.38000011444	238.395969868	2.0	27.8999996185	0.672521377851	1.0	2
1.0	710.334716797	3.0	1.0	365.552093506	5.0	2.0	0.0	10.0	0.0	0.0	0.0	0.0	0.0	0.0	0.0	0.0	2.0	3.0	14.3000001907	80.6469993591	0.0	24.2199993134	0.983147133136	1.0	2
1.0	70.6181030273	1.0	1.0	2316.55029297	1.0	1.0	0.0	10.0	0.0	0.0	0.0	0.0	0.0	0.0	0.0	0.0	2.0	3.0	6.38000011444	70.8983812332	2.0	11.4799995422	0.24317358212	1.0	2
1.0	569.098876953	2.0	2.0	2417.63061523	1.0	1.0	0.0	10.0	0.0	0.0	0.0	0.0	0.0	0.0	0.0	0.0	2.0	15.0	6.38000011444	347.402355731	4.0	12.6000003815	0.21800204676	1.0	2
1.0	584.330078125	1.0	1.0	426.477600098	3.0	2.0	0.0	10.0	0.0	0.0	0.0	0.0	0.0	0.0	0.0	0.0	2.0	1.0	12.6000003815	1.77245998383	1.0	20.0200004578	0.822789752598	1.0	2
1.0	1188.04614258	1.0	1.0	70.6181030273	1.0	1.0	0.0	10.0	0.0	0.0	0.0	0.0	0.0	0.0	0.0	0.0	2.0	2.0	6.38000011444	49.6288805008	2.0	11.4799995422	0.981920135581	1.0	2
1.0	699.731811523	4.0	4.0	2337.97290039	15.0	2.0	26.5868997574	0.0	0.00221856823191	-0.998693346977	0.0510545894504	2.94744391183	33.6980720308	-64.2166976929	-10.2081947327	-14.9226999283	0.406577974558	22.0	3.18000006676	462.612258434	10.0	26.3199996948	0.966345904783	1.0	2
1.0	914.247680664	1.0	1.0	683.132202148	3.0	3.0	0.0	10.0	0.0	0.0	0.0	0.0	0.0	0.0	0.0	0.0	2.0	14.0	9.73999977112	195.856981754	3.0	26.3199996948	0.205304266356	1.0	2
1.0	421.371704102	4.0	3.0	414.986999512	5.0	2.0	0.0	10.0	0.0	0.0	0.0	0.0	0.0	0.0	0.0	0.0	2.0	6.0	9.10000038147	70.0122204423	0.0	24.0200004578	0.98682619888	1.0	2
1.0	414.986816406	3.0	3.0	477.554595947	3.0	2.0	0.0	10.0	0.0	0.0	0.0	0.0	0.0	0.0	0.0	0.0	2.0	6.0	11.0	124.9585495	4.0	26.3199996948	0.875446177228	1.0	2
1.0	695.901733398	2.0	1.0	1057.25927734	3.0	2.0	28.3593397141	0.0	0.00221834308468	-0.998692512512	0.0510721616447	2.70298510945	29.1963410476	-58.6227989197	-10.6401500702	-4.03584003448	0.255938440561	4.0	7.61999988556	97.4853992462	4.0	21.2600002289	0.992956627051	1.0	2
1.0	358.803710938	2.0	2.0	2143.88623047	2.0	2.0	7.97606992722	0.0	0.00221834308468	-0.998692512512	0.0510721616447	2.70298510945	29.1963410476	-58.6227989197	-10.6401500702	-4.03584003448	0.255938440561	16.0	6.40000009537	329.677769661	2.0	9.53999996185	0.4626830184	1.0	2
1.0	767.406433105	4.0	4.0	1153.0255127	4.0	3.0	20.3832697868	0.0	-0.999198198318	0.0	0.0400380939245	1.02451843952	29.4888812302	-58.0488510132	-11.9314002991	-2.60657000542	0.697258710861	9.0	6.40000009537	169.270059586	5.0	21.2600002289	0.995267540312	1.0	2
1.0	260.484191895	3.0	3.0	1593.5489502	1.0	1.0	0.0	10.0	0.0	0.0	0.0	0.0	0.0	0.0	0.0	0.0	2.0	14.0	10.4200000763	272.072878838	3.0	23.2000007629	0.473066804842	1.0	2
1.0	22.8411998749	1.0	1.0	1680.73291016	1.0	1.0	0.0	10.0	0.0	0.0	0.0	0.0	0.0	0.0	0.0	0.0	2.0	3.0	22.8199996948	61.9628992081	2.0	26.3199996948	-1.0	0.0	2
1.0	664.298400879	1.0	1.0	4436.90332031	7.0	2.0	15.8203001022	0.0	-0.995595812798	0.0935869589448	-0.00552716339007	2.78350301633	36.8073001421	-67.0433959961	1.58231496811	-6.13104009628	0.746401011944	10.0	18.2399997711	156.884780645	8.0	32.8400001526	0.968233059156	1.0	2
1.0	188.440200806	2.0	2.0	1591.2713623	2.0	1.0	0.0	10.0	0.0	0.0	0.0	0.0	0.0	0.0	0.0	0.0	2.0	10.0	22.8199996948	272.900380135	5.0	30.6800003052	0.513074937172	1.0	2
1.0	772.794433594	1.0	1.0	1793.03381348	7.0	2.0	0.0	10.0	0.0	0.0	0.0	0.0	0.0	0.0	0.0	0.0	2.0	4.0	24.7199993134	203.027318239	2.0	30.6800003052	0.991054540145	1.0	2
1.0	374.976196289	1.0	1.0	3049.30102539	1.0	1.0	15.8203001022	0.0	-0.995595812798	0.0935869589448	-0.00552716339007	2.78350301633	0.992920492157	-67.0433959961	1.58231496811	-6.13104009628	0.746401011944	11.0	18.2399997711	162.158320189	10.0	26.3199996948	0.493386771954	1.0	2
1.0	203.667694092	1.0	1.0	1663.60119629	4.0	3.0	0.0	10.0	0.0	0.0	0.0	0.0	0.0	0.0	0.0	0.0	2.0	6.0	23.2000007629	148.974620342	3.0	30.6800003052	0.966105220124	1.0	2
1.0	782.310974121	2.0	2.0	1589.36694336	2.0	2.0	0.0	10.0	0.0	0.0	0.0	0.0	0.0	0.0	0.0	0.0	2.0	15.0	12.8599996567	431.103418112	11.0	34.4399986267	0.835565718718	1.0	2
1.0	498.699401855	1.0	1.0	1281.01135254	2.0	1.0	15.8203001022	0.0	-0.995595812798	0.0935869589448	-0.00552716339007	2.78350301633	0.992920492157	-67.0433959961	1.58231496811	-6.13104009628	0.746401011944	7.0	21.5	119.970782161	6.0	32.8400001526	0.965215282706	1.0	2
1.0	491.085601807	1.0	1.0	2417.36132812	1.0	1.0	15.8203001022	0.0	-0.995595812798	0.0935869589448	-0.00552716339007	2.78350301633	0.992920492157	-67.0433959961	1.58231496811	-6.13104009628	0.746401011944	18.0	18.2399997711	370.459120035	14.0	34.4399986267	0.906853988842	1.0	2
1.0	1155.38464355	1.0	1.0	2131.84570312	2.0	2.0	15.8203001022	0.0	-0.995595812798	0.0935869589448	-0.00552716339007	2.78350301633	0.992920492157	-67.0433959961	1.58231496811	-6.13104009628	0.746401011944	15.0	12.6000003815	326.953119278	10.0	34.4399986267	0.982551931543	1.0	2
1.0	911.315124512	1.0	1.0	782.456237793	1.0	1.0	0.0	10.0	0.0	0.0	0.0	0.0	0.0	0.0	0.0	0.0	2.0	16.0	15.4799995422	248.132259607	9.0	32.4199981689	0.617511975894	1.0	2
1.0	591.159118652	1.0	1.0	1297.89306641	2.0	2.0	0.0	10.0	0.0	0.0	0.0	0.0	0.0	0.0	0.0	0.0	2.0	4.0	20.6599998474	153.71020031	1.0	33.7799987793	0.422023612374	1.0	2
1.0	443.701904297	2.0	2.0	1517.08752441	1.0	1.0	0.0	10.0	0.0	0.0	0.0	0.0	0.0	0.0	0.0	0.0	2.0	15.0	13.3999996185	243.008483291	8.0	33.7799987793	0.650329796294	1.0	2
1.0	352.038513184	1.0	1.0	1341.73291016	1.0	1.0	0.0	10.0	0.0	0.0	0.0	0.0	0.0	0.0	0.0	0.0	2.0	13.0	17.8600006104	163.957595944	8.0	25.0799999237	0.391486009463	1.0	2
