valid	volumeS1	connectedComponentsS1	connectedComponentsS1Rel	volumeS2	connectedComponentsS2	connectedComponentsS2Rel	corticalSize	distanceMin	direction_x	direction_y	direction_z	distanceToExtremity1	distanceToExtremity2	gravityCenter_x	gravityCenter_y	gravityCenter_z	corticalDotProduct	junctions	junctionDepthMin	junctionsSize	plisDePassage	plisDePassageDepthMax	Potential	Class	cycle
1.0	105.996200562	1.0	1.0	370.986999512	1.0	1.0	50.0976018906	2.03623421323	0.193138003349	-0.95894318819	-0.207667142153	0.0	11.9381493197	-66.2789001465	-7.40181016922	-36.5653991699	0.674968242645	0.0	0.0	0.0	0.0	0.0	-1.0	0.0	1
1.0	563.105224609	2.0	2.0	843.553588867	1.0	1.0	80.4199018478	0.0	-0.0334205776453	-0.98470467329	0.170996710658	2.24226809898	12.1254788334	-59.145149231	-9.53979492188	-44.459400177	0.0331672616303	3.0	11.6199998856	125.244098663	0.0	21.8400001526	0.0723831873565	1.0	1
1.0	33.1237983704	1.0	1.0	370.986999512	1.0	1.0	15.8203001022	2.03623421323	0.193138003349	-0.95894318819	-0.207667142153	0.0	11.9381493197	-66.2789001465	-7.40181016922	-36.5653991699	0.674968242645	0.0	0.0	0.0	0.0	0.0	0.169727928957	1.0	1
1.0	139.707000732	1.0	1.0	220.244995117	1.0	1.0	44.2969017029	2.92026201902	0.173912093043	-0.817988038063	0.548315763474	11.3028378189	3.71576295024	-69.3414459229	-4.91022491455	-16.6531009674	0.957684993744	0.0	0.0	0.0	0.0	0.0	-1.0	0.0	1
1.0	249.829284668	3.0	2.0	1778.39416504	4.0	2.0	53.7890920639	2.80025895488	0.310741722584	0.476992726326	-0.822141945362	2.03503136426	6.79192668518	-65.1568450928	3.17763638496	-46.1408004761	0.752140164375	0.0	0.0	0.0	0.0	0.0	0.296665423091	1.0	1
1.0	139.707000732	1.0	1.0	826.739135742	2.0	2.0	79.101600647	0.968245836552	0.0461889393628	0.993750154972	-0.101623162627	3.65763698256	20.8755555222	-68.4953994751	0.741881489754	-28.0209999084	0.869201123714	0.0	0.0	0.0	0.0	0.0	0.17228779793	1.0	1
1.0	326.559692383	2.0	1.0	597.533996582	1.0	1.0	0.0	10.0	0.0	0.0	0.0	0.0	0.0	0.0	0.0	0.0	2.0	1.0	23.9400005341	55.1073989868	1.0	23.9400005341	0.971980724166	1.0	1
1.0	988.362426758	2.0	2.0	792.080078125	7.0	5.0	111.181680679	0.0	-0.999280273914	-0.0342910252512	-0.0162182506174	0.0	19.1127778936	-52.7432022095	-14.7938499451	-42.9036026001	0.688271939754	5.0	2.81999993324	78.3105765581	3.0	11.3000001907	0.703881288459	1.0	1
1.0	20.8442001343	1.0	1.0	422.094909668	3.0	1.0	9.66796970367	2.39428490621	0.822305977345	-0.0870602056384	-0.562346279621	0.0	4.6497099345	-58.8877487183	0.147094994783	-47.0353469849	0.107162222266	0.0	0.0	0.0	0.0	0.0	0.29986826994	1.0	1
1.0	1009.20666504	3.0	2.0	465.519989014	2.0	2.0	78.3105010986	0.0	0.0314058586955	-0.976041197777	0.21530765295	23.7436566364	10.4630461228	-69.774848938	-8.89610004425	-19.3507003784	0.978194355965	3.0	2.81999993324	40.6054974794	1.0	2.81999993324	0.659977179125	1.0	1
1.0	45.1624984741	1.0	1.0	1177.6973877	3.0	2.0	0.0	10.0	0.0	0.0	0.0	0.0	0.0	0.0	0.0	0.0	2.0	2.0	3.31999993324	5.80077707767	0.0	4.76000022888	0.167593321455	1.0	1
1.0	36.5267982483	1.0	1.0	378.726013184	1.0	1.0	31.5820007324	2.42693631842	0.343180924654	-0.925664424896	0.159286782146	0.0	7.54513017849	-67.0257034302	-1.34600496292	-15.4385499954	0.878457069397	0.0	0.0	0.0	0.0	0.0	-1.0	0.0	1
1.0	415.252807617	2.0	2.0	2112.78759766	6.0	3.0	142.119297981	0.0	0.998985528946	-0.0365950502455	0.0262422058731	0.0	36.5105767798	-63.6337013245	-10.668800354	-41.1455497742	0.492008209229	2.0	13.3000001907	123.696296692	1.0	23.1800003052	0.753221694427	1.0	1
1.0	482.539001465	1.0	1.0	592.11895752	5.0	2.0	51.3208007812	0.0	0.998985528946	-0.0365950502455	0.0262422058731	0.0	36.5105767798	-63.6337013245	-10.668800354	-41.1455497742	0.492008209229	3.0	13.3000001907	105.273397446	2.0	22.7399997711	0.977456545162	1.0	1
1.0	176.866607666	3.0	2.0	378.726013184	1.0	1.0	31.5820007324	2.42693631842	0.343180924654	-0.925664424896	0.159286782146	0.0	7.54513017849	-67.0257034302	-1.34600496292	-15.4385499954	0.878457069397	1.0	24.7199993134	42.1094017029	1.0	24.7199993134	0.117881870264	1.0	1
1.0	482.539001465	1.0	1.0	396.027587891	2.0	2.0	82.9028987885	2.36157790662	0.160772114992	-0.973361611366	0.163461118937	5.8161832563	9.27398088722	-64.299697876	-9.57412052155	-12.7287502289	0.941109657288	0.0	0.0	0.0	0.0	0.0	0.967993316455	1.0	1
1.0	36.5267982483	1.0	0.0	519.065307617	2.0	0.0	0.0	10.0	0.0	0.0	0.0	0.0	0.0	0.0	0.0	0.0	2.0	0.0	0.0	0.0	0.0	0.0	0.000138177431837	1.0	1
1.0	519.065795898	2.0	2.0	359.500793457	2.0	2.0	71.0595989227	0.0	0.0429117567837	0.985951602459	-0.161425098777	18.9006545181	0.0	-67.488494873	6.97103977203	-33.7228507996	0.659418940544	1.0	9.81999969482	34.2139015198	0.0	9.81999969482	0.979949151112	1.0	1
1.0	73.0535964966	2.0	2.0	1188.08312988	3.0	2.0	59.2163000107	0.0	-0.0429117567837	-0.985951602459	0.161425098777	0.0	18.9144263376	-67.488494873	6.97103977203	-33.7228507996	0.659418940544	1.0	9.81999969482	34.2139015198	0.0	9.81999969482	0.251116405062	1.0	1
1.0	451.779602051	3.0	3.0	463.313781738	3.0	3.0	94.746099472	0.0	0.0429117567837	0.985951602459	-0.161425098777	18.9006545181	0.0	-67.488494873	6.97103977203	-33.7228507996	0.659418940544	2.0	9.81999969482	76.3233032227	1.0	24.7199993134	0.983075215684	1.0	1
1.0	619.497680664	1.0	1.0	2461.94799805	4.0	3.0	128.320311904	0.0	0.999825835228	0.0	0.0186638720334	2.26139436547	6.68051667003	-64.6188049316	1.96516001225	-7.42230510712	0.104920238256	12.0	4.63999986649	240.820434928	0.0	24.3799991608	0.368528310111	1.0	1
1.0	256.684112549	2.0	2.0	651.583557129	2.0	1.0	58.8867006302	0.0	0.999826014042	0.0	0.0186529867351	2.97751488055	19.0013844839	-60.6747970581	-7.06463003159	-42.8207473755	0.172385245562	1.0	17.2800006866	44.8241996765	0.0	17.2800006866	0.286210284249	1.0	1
1.0	604.689086914	2.0	2.0	366.515197754	3.0	1.0	8.7890599966	0.0	-0.00372835551389	-0.980661273003	0.195677161217	1.14257144763	10.2532611404	-61.2534484863	-10.2802648544	-41.0249023438	0.889729201794	0.0	0.0	0.0	1.0	16.2999992371	0.0614460410829	1.0	1
1.0	256.684112549	2.0	2.0	1299.46459961	2.0	2.0	78.2226604223	0.0	-0.00372835551389	-0.980661273003	0.195677161217	1.14257144763	26.4500238141	-61.2534484863	-10.2802648544	-41.0249023438	0.889729201794	2.0	4.13999986649	52.7343597412	1.0	16.2999992371	0.0614460410829	1.0	1
1.0	198.607696533	1.0	1.0	294.487304688	1.0	1.0	33.1347208023	1.15144690835	0.727502942085	-0.658530652523	0.192553400993	15.5321233799	14.5470234242	-63.378200531	-7.99342489243	-17.6294498444	0.97874712944	0.0	0.0	0.0	0.0	0.0	-1.0	0.0	1
1.0	994.409729004	6.0	5.0	2109.35375977	6.0	3.0	102.832062721	0.0	0.0124378493056	-0.25114735961	-0.967868924141	5.2083613077	21.7296875562	-60.8685493469	-10.8423995972	-7.31377506256	0.958971738815	9.0	10.1599998474	454.746204376	5.0	24.2199993134	0.972198600384	1.0	1
1.0	275.31149292	3.0	1.0	925.92388916	5.0	1.0	55.9863214493	1.15144690835	0.727502942085	-0.658530652523	0.192553400993	24.5623956343	14.5470234242	-63.378200531	-7.99342489243	-17.6294498444	0.97874712944	0.0	0.0	0.0	0.0	0.0	0.113763377385	1.0	1
1.0	284.899902344	3.0	2.0	782.104675293	7.0	3.0	27.4218406677	0.0	0.0288081448525	-0.963130354881	0.267488181591	34.3726472916	11.6161563829	-58.5283966064	-18.7433509827	-32.1039505005	0.0492765009403	2.0	10.1599998474	83.4081993103	3.0	24.3199996948	0.988888012937	1.0	1
1.0	246.547607422	2.0	2.0	246.547393799	2.0	2.0	59.414021492	0.0	0.0124378493056	-0.25114735961	-0.967868924141	5.2083613077	17.4041284333	-60.8685493469	-10.8423995972	-7.31377506256	0.958971738815	1.0	10.720000267	46.8456993103	1.0	11.1199998856	0.262234121117	1.0	1
1.0	764.297973633	4.0	2.0	291.747894287	1.0	1.0	36.5625009537	0.0	-0.0288073308766	0.963105142117	-0.267579287291	2.96638507007	0.985874759231	-58.5458984375	-18.3899497986	-30.7420005798	0.625303506851	2.0	19.5200004578	121.113300323	2.0	21.8199996948	0.976259455044	1.0	1
1.0	609.520568848	3.0	3.0	565.689880371	3.0	2.0	95.976521492	1.15144690835	0.727502942085	-0.658530652523	0.192553400993	15.5321233799	24.9011988095	-63.378200531	-7.99342489243	-17.6294498444	0.97874712944	2.0	11.8400001526	60.5565986633	1.0	11.8400001526	0.389599689168	1.0	1
1.0	104.067306519	4.0	3.0	1293.81103516	6.0	4.0	30.7617402077	0.0	-0.0535315163434	-0.956509649754	0.286746829748	2.88571046144	36.9434398645	-60.4837493896	-14.279800415	-35.1535987854	0.962493777275	4.0	6.51999998093	43.9453065395	1.0	7.07999992371	0.269992000882	1.0	1
1.0	68.9095001221	1.0	1.0	1393.65917969	1.0	1.0	52.7343997955	0.0	-0.0535315163434	-0.956509649754	0.286746829748	2.88571046144	26.0381963834	-60.4837493896	-14.279800415	-35.1535987854	0.962493777275	3.0	6.96000003815	70.3124990463	0.0	9.11999988556	0.083302805578	1.0	1
1.0	47.8148002625	1.0	1.0	271.418701172	1.0	1.0	5.27343988419	0.0	-0.05353647843	-0.956534802914	0.286662012339	1.61888321141	2.40807847739	-59.348449707	-10.852399826	-38.7895507812	0.528431952	1.0	6.51999998093	14.0625	0.0	6.51999998093	0.109423607204	1.0	1
1.0	95.2863006592	1.0	1.0	247.496994019	1.0	1.0	41.0	0.0	0.00273922947235	-0.988861858845	-0.148810446262	3.59481888507	9.97095697063	-65.9158477783	-12.810500145	-26.988948822	0.85756790638	1.0	2.42000007629	6.0	1.0	2.42000007629	-1.0	0.0	1
1.0	247.496994019	1.0	1.0	134.885803223	2.0	2.0	75.0	0.0	-0.00273922947235	0.988861858845	0.148810446262	9.97095697063	12.356653659	-65.9158477783	-12.810500145	-26.988948822	0.85756790638	1.0	2.42000007629	6.0	1.0	2.42000007629	0.168381045871	1.0	1
1.0	25.9871997833	1.0	1.0	356.395599365	2.0	1.0	0.0	10.0	0.0	0.0	0.0	0.0	0.0	0.0	0.0	0.0	2.0	1.0	13.220000267	19.0	0.0	13.220000267	0.230767512782	1.0	1
1.0	95.2863006592	1.0	0.0	39.5994987488	1.0	0.0	0.0	10.0	0.0	0.0	0.0	0.0	0.0	0.0	0.0	0.0	2.0	0.0	0.0	0.0	0.0	0.0	0.000138177431837	1.0	1
1.0	818.970031738	1.0	1.0	1238.12890625	7.0	5.0	33.0	0.0	0.999846577644	0.0	0.0175149682909	3.10084521554	8.96133509771	-59.0119018555	-16.6571006775	-5.74067497253	0.940317630768	5.0	6.32000017166	92.0	0.0	31.7800006866	0.309506921213	1.0	1
1.0	99.6690979004	1.0	1.0	625.085998535	1.0	1.0	32.0	1.18920560119	0.718322634697	-0.690365850925	-0.0860667973757	4.27948674556	13.3508653453	-68.7897033691	-7.44201469421	-19.9305496216	0.927891790867	0.0	0.0	0.0	0.0	0.0	-1.0	0.0	1
1.0	558.63885498	1.0	1.0	1173.88122559	6.0	3.0	106.0	0.0	-0.00260059535503	0.990088105202	0.140423297882	3.28757890962	18.760444682	-64.0299987793	-14.6673002243	-8.35809516907	0.120445549488	8.0	5.90000009537	149.0	4.0	10.6800003052	0.99045403977	1.0	1
1.0	484.809814453	6.0	5.0	3051.59838867	6.0	3.0	73.0	0.0	0.0187811423093	0.152910023928	-0.988061666489	1.10655250939	27.7754493382	-61.123298645	-3.03974485397	-44.7378501892	0.264688014984	9.0	5.15999984741	199.0	0.0	31.7000007629	0.099667994625	1.0	1
1.0	882.255371094	3.0	2.0	2492.95849609	6.0	4.0	81.0	0.0	-0.00260059535503	0.990088105202	0.140423297882	3.28757890962	18.760444682	-64.0299987793	-14.6673002243	-8.35809516907	0.120445549488	21.0	5.90000009537	487.0	9.0	22.6800003052	0.976217736711	1.0	1
1.0	99.6690979004	1.0	1.0	1197.26098633	2.0	1.0	32.0	1.18920560119	0.718322634697	-0.690365850925	-0.0860667973757	4.27948674556	16.4395504677	-68.7897033691	-7.44201469421	-19.9305496216	0.927891790867	0.0	0.0	0.0	0.0	0.0	0.134185809931	1.0	1
1.0	125.50920105	2.0	2.0	1422.43896484	2.0	1.0	99.0	0.0	-0.0188826378435	-0.15292416513	0.988057553768	3.96765650305	14.0917144456	-70.5468521118	-4.42162513733	-14.8367004395	0.205421075225	1.0	10.6800003052	28.0	1.0	10.6800003052	0.401134284948	1.0	1
1.0	536.49017334	2.0	2.0	1065.59899902	2.0	2.0	73.0	0.0	-0.00260059535503	0.990088105202	0.140423297882	3.28757890962	2.58763900973	-64.0299987793	-14.6673002243	-8.35809516907	0.120445549488	2.0	4.84000015259	55.0	1.0	8.68000030518	0.610676832817	1.0	1
1.0	73.0838012695	1.0	1.0	370.290985107	1.0	1.0	29.0	2.03054421708	0.484690666199	-0.58425205946	0.650941193104	3.03068537222	1.0544275034	-66.2549438477	-4.81744480133	-11.9762496948	0.940031170845	0.0	0.0	0.0	0.0	0.0	-1.0	0.0	1
1.0	186.363708496	3.0	2.0	370.290985107	1.0	1.0	38.0	0.0	-0.0181095954031	-0.147370189428	0.988915622234	6.85958326714	2.4234842184	-64.6995544434	-10.683599472	-37.3306007385	0.56618398428	1.0	11.5200004578	25.0	0.0	11.5200004578	0.139092447878	1.0	1
1.0	73.0838012695	1.0	0.0	289.898986816	1.0	0.0	0.0	10.0	0.0	0.0	0.0	0.0	0.0	0.0	0.0	0.0	2.0	0.0	0.0	0.0	0.0	0.0	0.000138177431837	1.0	1
1.0	57.4231987	1.0	1.0	334.552001953	1.0	1.0	37.0	2.44948974278	0.338382393122	-0.745022058487	0.574838638306	4.56821219936	3.82779228166	-70.7848968506	-1.68416845798	-18.8690490723	0.881930649281	0.0	0.0	0.0	0.0	0.0	-1.0	0.0	1
1.0	58.6715011597	2.0	0.0	455.639923096	4.0	0.0	0.0	10.0	0.0	0.0	0.0	0.0	0.0	0.0	0.0	0.0	2.0	0.0	0.0	0.0	0.0	0.0	0.000138177431837	1.0	1
1.0	672.849731445	3.0	2.0	425.680084229	3.0	2.0	65.0	1.18920560119	-0.0111197121441	-0.794783473015	0.606791138649	0.0	2.62757547374	-62.1100997925	-14.4486999512	-7.07689476013	0.700178623199	0.0	0.0	0.0	0.0	0.0	0.371360227877	1.0	1
1.0	599.198242188	1.0	1.0	594.20489502	3.0	2.0	93.0	0.0	-0.0182385407388	-0.142465978861	0.989631652832	6.64288535749	5.81211933817	-65.3529052734	-11.0996494293	-12.0577507019	0.1625302881	2.0	7.67999982834	74.0	1.0	10.8400001526	0.362707467578	1.0	1
1.0	599.198242188	1.0	1.0	334.552001953	1.0	1.0	68.0	0.0	-0.0181462951005	-0.142466336489	0.989633321762	15.6285747864	2.98585257976	-69.7168502808	-4.13372993469	-16.5063495636	0.0627179890871	1.0	7.67999982834	29.0	0.0	7.67999982834	0.362707467578	1.0	1
1.0	22.5412998199	1.0	0.0	344.381011963	1.0	0.0	0.0	10.0	0.0	0.0	0.0	0.0	0.0	0.0	0.0	0.0	2.0	0.0	0.0	0.0	0.0	0.0	0.000138177431837	0.0	1
1.0	300.551391602	4.0	3.0	1651.77868652	5.0	4.0	45.0	0.0	0.0186503361911	0.149631470442	-0.988565862179	1.05091471339	16.6554703807	-61.4338989258	-4.55965518951	-42.5804519653	0.881339073181	5.0	9.42000007629	125.0	1.0	17.3199996948	0.454216432682	1.0	1
1.0	194.106307983	2.0	1.0	434.54699707	1.0	1.0	45.0	0.0	0.0186503361911	0.149631470442	-0.988565862179	1.05091471339	13.4044561008	-61.4338989258	-4.55965518951	-42.5804519653	0.881339073181	1.0	9.42000007629	24.0	0.0	9.42000007629	0.221278467898	1.0	1
1.0	171.565002441	1.0	1.0	778.927978516	2.0	2.0	45.0	0.0	0.0186503361911	0.149631470442	-0.988565862179	1.05091471339	16.6554703807	-61.4338989258	-4.55965518951	-42.5804519653	0.881339073181	2.0	9.42000007629	77.0	1.0	17.3199996948	0.454216432682	1.0	1
1.0	366.922302246	2.0	1.0	606.111999512	1.0	1.0	19.0	2.39678112577	-0.355353653431	0.909050166607	-0.217604115605	3.26000346693	8.10700145524	-67.2032012939	-10.0826501846	-31.2653007507	0.777031302452	1.0	17.3199996948	53.0	1.0	17.3199996948	0.345214034136	1.0	1
1.0	66.3914031982	1.0	1.0	221.699996948	1.0	1.0	45.0	2.21336398739	-0.41996306181	0.863812506199	-0.278314560652	2.58309254498	4.50838325365	-70.2986984253	-4.80222988129	-25.4083499908	0.891013503075	0.0	0.0	0.0	0.0	0.0	-1.0	0.0	1
1.0	139.895996094	1.0	1.0	212.215377808	5.0	2.0	25.0	0.0	0.0191152151674	0.152633264661	-0.988097965717	1.10584794405	13.3316678596	-62.2844009399	-6.89363002777	-39.4155502319	0.704290568829	1.0	16.5400009155	33.0	2.0	16.5400009155	0.434150570986	1.0	1
1.0	136.339004517	1.0	1.0	668.656311035	3.0	2.0	13.0	0.0	0.0191152151674	0.152633726597	-0.988097965717	0.0	14.976444823	-61.0900993347	-2.98194003105	-43.9662513733	0.773684263229	3.0	12.5799999237	116.0	0.0	21.0599994659	0.182917956866	1.0	1
1.0	371.07989502	2.0	2.0	578.553894043	2.0	2.0	133.0	0.0	0.0191152151674	0.152633726597	-0.988097965717	0.0	14.976444823	-61.0900993347	-2.98194003105	-43.9662513733	0.773684263229	3.0	16.5400009155	141.0	1.0	16.5400009155	0.735222252916	1.0	1
1.0	47.8499984741	1.0	1.0	461.520996094	1.0	1.0	37.7051010132	2.61248922391	0.293766945601	-0.949353456497	0.111485309899	4.67828134035	5.46398474027	-69.9598007202	-2.66407418251	-15.2336997986	0.880965471268	0.0	0.0	0.0	0.0	0.0	-1.0	0.0	1
1.0	92.6128997803	2.0	1.0	2418.74267578	5.0	1.0	0.0	10.0	0.0	0.0	0.0	0.0	0.0	0.0	0.0	0.0	2.0	1.0	32.7400016785	23.9941005707	0.0	32.7400016785	0.186323291997	1.0	1
1.0	22.9727993011	1.0	1.0	390.537994385	1.0	1.0	7.9101600647	2.80624304008	0.249560236931	-0.966639041901	0.057693939656	4.66800531988	5.35824866735	-70.0272521973	4.12333440781	-13.7411994934	0.948556065559	0.0	0.0	0.0	0.0	0.0	-1.0	0.0	1
1.0	574.320800781	3.0	2.0	1234.26660156	3.0	2.0	26.3671998978	0.0	-0.0265279747546	-0.97008305788	0.241319417953	0.0	16.7943657283	-61.2513999939	-12.2490997314	-2.05711007118	0.816471159458	3.0	12.6599998474	158.203104973	3.0	22.1399993896	0.97419643414	1.0	1
1.0	499.136505127	3.0	3.0	1472.34790039	2.0	1.0	60.6445608139	0.0	-0.0265243332833	-0.970083475113	0.241318270564	2.22213690779	19.2813291378	-61.1686019897	-3.85091996193	-43.492149353	0.0260721296072	2.0	22.1399993896	168.75	2.0	23.5799999237	0.176122774584	1.0	1
1.0	659.946472168	4.0	4.0	1311.53796387	2.0	2.0	83.056720376	0.0	-0.0265279747546	-0.97008305788	0.241319417953	0.0	2.08105445837	-61.2513999939	-12.2490997314	-2.05711007118	0.298297584057	3.0	12.6599998474	204.34569931	3.0	23.5799999237	0.431245724176	1.0	1
1.0	406.912780762	3.0	2.0	882.687133789	8.0	1.0	77.2474975586	1.54975484324	-0.505497157574	0.849597990513	0.150518253446	11.7316589057	33.6762776269	-64.866104126	-11.9553499222	-26.4824485779	0.991073131561	0.0	0.0	0.0	0.0	0.0	0.169994495783	1.0	1
1.0	228.496994019	1.0	1.0	577.502685547	3.0	2.0	36.2395601273	0.0	0.993542790413	0.113424219191	0.00275293295272	2.45002638355	13.0375030664	-61.0275993347	-15.9934501648	-17.7823486328	0.944510221481	2.0	3.40000009537	32.4248609543	1.0	3.40000009537	0.404613248963	1.0	1
1.0	40.6912002563	1.0	1.0	1646.43054199	1.0	1.0	34.3321990967	3.11540213106	0.211895480752	-0.970334887505	-0.116406716406	0.0	26.1997170004	-68.1913452148	-2.62973499298	-27.9204006195	0.664093613625	0.0	0.0	0.0	0.0	0.0	0.169994495783	1.0	1
1.0	269.188201904	2.0	2.0	1133.0949707	2.0	1.0	104.903997421	0.0	0.106013379991	-0.937814712524	0.330552250147	22.3664254749	22.395879966	-58.8338508606	-19.918800354	-37.0758514404	0.414005577564	1.0	3.40000009537	8.58306026459	1.0	3.40000009537	0.17924043525	1.0	1
1.0	196.816299438	3.0	2.0	1433.26672363	6.0	2.0	61.9174406528	0.0	0.0364872515202	-0.997944891453	0.052676782012	2.59424926365	25.5858003336	-62.3065986633	-15.6338996887	-9.22535514832	0.0428169667721	4.0	6.28000020981	125.073204041	5.0	16.7800006866	0.925837533914	1.0	1
1.0	253.956207275	1.0	0.0	53.965801239	1.0	0.0	0.0	10.0	0.0	0.0	0.0	0.0	0.0	0.0	0.0	0.0	2.0	0.0	0.0	0.0	0.0	0.0	0.000138177431837	1.0	1
1.0	104.757102966	2.0	2.0	1465.01147461	3.0	2.0	47.0572407246	0.0	0.0364892370999	-0.997942149639	0.0527261085808	2.22644888605	30.3643996341	-61.3255004883	2.46503996849	-42.8721008301	0.460125476122	2.0	6.28000020981	66.8708019257	1.0	6.28000020981	0.147517449138	1.0	1
1.0	265.066802979	2.0	2.0	1252.32324219	3.0	1.0	38.388800621	0.0	0.0364892370999	-0.997942149639	0.0527261085808	2.22644888605	30.3643996341	-61.3255004883	2.46503996849	-42.8721008301	0.460125476122	2.0	8.97999954224	74.300901413	2.0	8.97999954224	0.735747887391	1.0	1
1.0	259.027893066	2.0	1.0	590.85546875	6.0	2.0	23.9685993195	0.0	-0.0210181958973	0.981916427612	-0.188144564629	20.1481383569	1.49484248413	-63.0513496399	-18.9977493286	-21.1851005554	0.83983361721	1.0	10.6999998093	18.261800766	2.0	15.4200000763	0.394059305354	1.0	1
1.0	221.781997681	1.0	1.0	494.354003906	1.0	1.0	23.9685993195	0.0	-0.0210181958973	0.981916427612	-0.188144564629	2.14079851993	1.49484248413	-63.0513496399	-18.9977493286	-21.1851005554	0.83983361721	0.0	0.0	0.0	1.0	15.4200000763	0.314280055599	1.0	1
1.0	234.059906006	1.0	1.0	371.840026855	1.0	1.0	63.9843287468	2.28326087011	0.42145305872	-0.784779071808	0.454421758652	11.4071315477	10.5898783313	-65.1139984131	-1.36623358727	-35.197052002	0.956711232662	0.0	0.0	0.0	0.0	0.0	-1.0	0.0	1
1.0	338.639312744	4.0	3.0	2162.97875977	7.0	4.0	99.4041604996	0.0	0.998336851597	0.0336548946798	-0.0468061454594	2.18216108297	17.0814197988	-56.3652000427	-17.3418502808	-5.01320505142	0.375036418438	10.0	6.63999986649	221.660201073	6.0	10.7600002289	0.921609666434	1.0	1
1.0	322.039703369	2.0	1.0	1062.39892578	1.0	1.0	63.9843287468	2.28326087011	0.42145305872	-0.784779071808	0.454421758652	20.7839577653	10.5898783313	-65.1139984131	-1.36623358727	-35.197052002	0.956711232662	0.0	0.0	0.0	0.0	0.0	0.262233981243	1.0	1
1.0	542.819702148	3.0	2.0	1062.39892578	1.0	1.0	115.400330067	1.36930639376	-0.0472556129098	0.972094595432	-0.229780390859	28.7565687554	12.3706836301	-61.7048034668	-6.70269489288	-34.8676490784	0.967596888542	0.0	0.0	0.0	0.0	0.0	0.272841822255	1.0	1
1.0	130.399093628	1.0	1.0	296.214996338	1.0	1.0	39.9903011322	2.6939135473	0.362798064947	-0.885969460011	0.288852363825	0.0	6.78943783125	-67.7399520874	-7.27081489563	-34.1029510498	0.720506548882	0.0	0.0	0.0	0.0	0.0	-1.0	0.0	1
1.0	130.399093628	1.0	1.0	1619.52441406	4.0	2.0	39.9902501106	0.0	0.0588481537998	0.984720826149	-0.163895443082	5.89779461521	35.1743772711	-68.5402526855	2.27754998207	-33.2926483154	0.235745728016	2.0	9.76000022888	57.128900528	2.0	11.1999998093	0.595113863628	1.0	1
1.0	130.399093628	1.0	1.0	1086.65917969	5.0	3.0	79.9805512428	0.0	0.0588481537998	0.984720826149	-0.163895443082	5.89779461521	35.1743772711	-68.5402526855	2.27754998207	-33.2926483154	0.235745728016	2.0	9.76000022888	57.128900528	2.0	11.1999998093	0.450713853145	1.0	1
1.0	40.2466011047	1.0	1.0	386.367492676	2.0	2.0	38.847700119	0.0	0.992686569691	-0.0704646855593	-0.0980203673244	1.81501904091	19.2905520068	-67.6620483398	3.17883014679	-30.5354499817	0.628204584122	1.0	8.39999961853	19.4237995148	0.0	8.39999961853	0.00571294291223	1.0	1
1.0	278.507080078	2.0	2.0	938.551147461	4.0	4.0	147.392651081	0.0	0.0588481537998	0.984720826149	-0.163895443082	5.89779461521	30.2897738181	-68.5402526855	2.27754998207	-33.2926483154	0.235745728016	2.0	9.76000022888	57.128900528	2.0	11.1999998093	0.450713853145	1.0	1
1.0	154.169189453	1.0	1.0	382.022003174	1.0	1.0	34.5628995895	2.64025948607	0.373428970575	-0.905305027962	-0.20241945982	7.11926252682	12.2884913249	-64.5647964478	-8.48973464966	-9.30284500122	0.992695748806	0.0	0.0	0.0	0.0	0.0	-1.0	0.0	1
1.0	382.022003174	1.0	1.0	552.062011719	3.0	3.0	90.3954110146	0.0	-1.0	0.0	0.0	2.78689952935	12.5497107241	-59.9198493958	-15.0733003616	-29.736700058	0.791900277138	1.0	21.3600006104	53.1738014221	1.0	21.3600006104	0.496787217847	1.0	1
1.0	536.191223145	2.0	1.0	147.367996216	1.0	1.0	40.7666015625	1.68633328831	0.0	-0.961629509926	-0.274351358414	4.94149888747	8.26873639971	-59.4553985596	-17.9011993408	-4.2738699913	0.97382491827	0.0	0.0	0.0	0.0	0.0	0.03100856556	1.0	1
1.0	178.739700317	1.0	1.0	409.218994141	1.0	1.0	31.6406002045	2.91366091664	0.145986929536	-0.957889795303	0.24725496769	11.7395602985	8.8373646684	-68.0978546143	-7.48567008972	-22.8415489197	0.956471085548	0.0	0.0	0.0	0.0	0.0	-1.0	0.0	1
1.0	631.859436035	3.0	3.0	1186.89160156	4.0	4.0	75.9374395609	0.0	0.999417364597	0.0341228172183	0.00076417560922	3.62407448891	25.0649863363	-60.5629501343	-13.6319999695	-36.2632980347	0.717575371265	10.0	7.53999996185	185.625082254	3.0	12.5600004196	0.966800879037	1.0	1
1.0	655.378112793	3.0	3.0	547.19317627	2.0	2.0	81.2109400034	0.0	0.0343344807625	-0.967947423458	0.248795136809	11.4104337361	25.4635910707	-60.9469490051	-17.6676998138	-27.6954994202	0.836033344269	1.0	10.7399997711	20.039100647	0.0	10.7399997711	0.334642080149	1.0	1
1.0	18.814699173	1.0	1.0	569.143981934	2.0	1.0	2.10938000679	0.0	-0.999418973923	-0.0340744256973	-0.000776059983764	1.04330787432	27.2235079438	-69.6344451904	6.13180494308	-9.7731552124	0.890008211136	1.0	7.90000009537	18.9843997955	1.0	7.90000009537	0.0526852738241	1.0	1
1.0	380.997192383	2.0	2.0	813.733886719	3.0	2.0	53.7890014648	0.0	-0.0342312082648	0.967956364155	-0.2487744838	3.62407448891	15.2371031211	-61.1018981934	-13.1521501541	-36.3916015625	0.9628495574	3.0	0.939999997616	99.1405893564	3.0	14.5	0.6933074032	1.0	1
1.0	45.8755989075	1.0	1.0	344.067199707	1.0	1.0	18.6847000122	2.36769295008	-0.0351930446923	-0.891831755638	0.450996220112	0.0	6.98541156493	-67.7618484497	2.31919741631	-19.8225002289	0.512082993984	0.0	0.0	0.0	0.0	0.0	-1.0	0.0	1
1.0	35.081401825	1.0	0.0	408.832824707	3.0	0.0	0.0	10.0	0.0	0.0	0.0	0.0	0.0	0.0	0.0	0.0	2.0	0.0	0.0	0.0	0.0	0.0	0.000138177431837	1.0	1
1.0	863.541992188	3.0	3.0	673.293212891	3.0	3.0	75.5511908531	0.0	-0.997142136097	0.0	-0.0755495205522	22.4630807401	13.3615478176	-66.613494873	0.589546024799	-14.3522500992	0.0625457465649	4.0	5.94000005722	121.044301033	1.0	5.94000005722	0.172906751301	1.0	1
1.0	44.5264015198	1.0	1.0	582.890808105	3.0	1.0	14.6227998734	0.0	-0.0036894029472	-0.998915612698	0.0464106574655	2.09387559656	22.0276835267	-66.9037017822	12.1160001755	-30.8206501007	0.114143520594	1.0	8.52000045776	17.8722991943	0.0	8.52000045776	0.0931526470613	1.0	1
1.0	519.474609375	2.0	2.0	828.460205078	2.0	2.0	4.06189012527	3.14388140485	0.416475147009	-0.532927751541	-0.736570775509	2.86287320965	16.2385476471	-64.4724960327	7.53571987152	-35.0617485046	0.623895585537	1.0	13.0399999619	27.6208000183	0.0	13.0399999619	0.192537428989	1.0	1
1.0	150.171691895	1.0	1.0	332.402008057	1.0	1.0	30.3222999573	3.09232921921	-0.00840916950256	-0.95779967308	-0.287313640118	0.0	9.5203370703	-66.8930511475	-9.39680480957	-26.5112495422	0.178983017802	0.0	0.0	0.0	0.0	0.0	-1.0	0.0	1
1.0	102.926704407	2.0	1.0	94.4900970459	1.0	1.0	3.95508003235	3.23752989295	0.430916547775	-0.646686136723	-0.629371106625	2.86484575399	1.3992949686	-66.5023498535	-7.78255987167	-30.5374507904	0.430996805429	0.0	0.0	0.0	0.0	0.0	0.965663096038	1.0	1
1.0	150.171691895	1.0	0.0	249.724090576	2.0	0.0	0.0	10.0	0.0	0.0	0.0	0.0	0.0	0.0	0.0	0.0	2.0	0.0	0.0	0.0	0.0	0.0	0.000138177431837	1.0	1
1.0	388.083709717	2.0	2.0	3880.84228516	4.0	4.0	150.293120146	0.0	-0.999440729618	0.0	0.0334397517145	2.84965221224	37.5024510918	-61.6002998352	-14.926199913	-36.8152008057	0.604728102684	10.0	5.84000015259	283.447462678	6.0	29.0400009155	0.965663163463	1.0	1
1.0	634.43347168	3.0	3.0	803.165039062	1.0	1.0	87.0118393898	0.0	0.0076041216962	-0.965339124203	0.260888129473	5.08181018627	2.79855909738	-63.0713500977	-15.0381507874	-34.9475479126	0.581007182598	1.0	6.46000003815	19.7754001617	2.0	22.5799999237	0.47318036235	1.0	1
1.0	523.069396973	2.0	2.0	1071.4498291	3.0	3.0	92.2852191925	0.0	-0.0076041216962	0.965339124203	-0.260888129473	2.79855909738	31.3013913366	-63.0713500977	-15.0381507874	-34.9475479126	0.581007182598	4.0	6.46000003815	146.337898254	2.0	12.220000267	0.97136736766	1.0	1
1.0	212.602798462	2.0	2.0	565.252929688	2.0	2.0	52.7343997955	0.0	-0.00770688476041	0.96531522274	-0.260973393917	3.44605563706	24.7865398673	-67.8515014648	-0.175399497151	-24.5039997101	0.746313095093	3.0	10.3599996567	89.6484985352	1.0	22.0799999237	0.111593774773	1.0	1
1.0	639.495422363	3.0	3.0	1294.17602539	3.0	2.0	83.056699276	0.0	-0.999440729618	0.0	0.03343950212	2.84310134365	34.8691593872	-67.3470993042	0.288071006536	-24.6462993622	0.381687581539	4.0	11.4200000763	174.023498535	1.0	17.6200008392	0.182502503022	1.0	1
1.0	1096.75952148	3.0	3.0	1491.59326172	3.0	3.0	125.244179964	0.0	-0.999440729618	0.0	0.0334397517145	2.84965221224	37.5024510918	-61.6002998352	-14.926199913	-36.8152008057	0.604728102684	9.0	5.84000015259	303.222758889	6.0	22.5799999237	0.972462437136	1.0	1
1.0	81.2883987427	1.0	0.0	697.274353027	2.0	0.0	0.0	10.0	0.0	0.0	0.0	0.0	0.0	0.0	0.0	0.0	2.0	0.0	0.0	0.0	0.0	0.0	0.000138177431837	1.0	1
1.0	82.7025985718	1.0	1.0	429.416992188	1.0	1.0	17.9297008514	2.84594273131	0.336475670338	-0.918322443962	0.208489894867	3.76350286052	12.1498837312	-66.9912490845	-4.49643516541	-15.5583000183	0.979256033897	0.0	0.0	0.0	0.0	0.0	-1.0	0.0	1
1.0	82.7025985718	1.0	0.0	174.947998047	1.0	0.0	0.0	10.0	0.0	0.0	0.0	0.0	0.0	0.0	0.0	0.0	2.0	0.0	0.0	0.0	0.0	0.0	0.000138177431837	1.0	1
1.0	340.352813721	5.0	4.0	559.832641602	2.0	1.0	56.9531209469	2.18639662027	-0.173509120941	0.983645796776	-0.048326574266	15.3431175086	11.7160941001	-64.0960006714	-14.1167001724	-14.3731498718	0.834846556187	0.0	0.0	0.0	0.0	0.0	0.964670420994	1.0	1
1.0	655.258605957	3.0	3.0	771.359802246	2.0	2.0	106.523499489	0.0	-0.0377567745745	-0.997919499874	0.0522614121437	1.0064952433	17.7721222041	-60.646900177	-16.1282997131	-36.24659729	0.686722934246	4.0	3.09999990463	98.0858814716	1.0	11.1199998856	0.605234744258	1.0	1
1.0	143.139007568	1.0	0.0	46.1226005554	1.0	0.0	0.0	10.0	0.0	0.0	0.0	0.0	0.0	0.0	0.0	0.0	2.0	0.0	0.0	0.0	0.0	0.0	0.000138177431837	1.0	1
1.0	136.098800659	2.0	0.0	994.322021484	2.0	0.0	0.0	10.0	0.0	0.0	0.0	0.0	0.0	0.0	0.0	0.0	2.0	0.0	0.0	0.0	0.0	0.0	0.000138177431837	1.0	1
1.0	1364.18994141	1.0	1.0	25.6186008453	1.0	1.0	0.0	10.0	0.0	0.0	0.0	0.0	0.0	0.0	0.0	0.0	2.0	1.0	6.53999996185	37.9687995911	0.0	6.53999996185	0.670752340227	1.0	1
1.0	1364.18994141	1.0	1.0	653.27355957	1.0	1.0	43.2421998978	0.0	-0.997983515263	0.0387809127569	-0.0502495467663	11.1391867716	4.23941157163	-58.2406997681	-15.686750412	-12.4821500778	0.503571987152	4.0	5.82000017166	166.64070034	1.0	8.27999973297	0.552703395371	1.0	1
1.0	1662.00610352	1.0	1.0	329.838989258	1.0	1.0	0.0	10.0	0.0	0.0	0.0	0.0	0.0	0.0	0.0	0.0	2.0	1.0	21.4200000763	52.7344017029	0.0	21.4200000763	0.59169713591	1.0	1
1.0	42.9304008484	1.0	1.0	248.638000488	1.0	1.0	18.9843997955	3.0306336081	0.0811233520508	-0.685254335403	-0.723771750927	2.8692484836	0.0	-70.0012512207	-10.742515564	-19.9524002075	0.541434168816	0.0	0.0	0.0	0.0	0.0	-1.0	0.0	1
1.0	164.56640625	2.0	1.0	127.001998901	1.0	1.0	0.0	10.0	0.0	0.0	0.0	0.0	0.0	0.0	0.0	0.0	2.0	1.0	19.1000003815	52.7344017029	0.0	19.1000003815	0.0946379344382	1.0	1
1.0	40.3398017883	1.0	1.0	400.516998291	1.0	1.0	14.7656002045	3.27077971655	0.209366098046	-0.900355696678	-0.381478190422	0.0	3.49594126108	-69.5227966309	-1.80001997948	-27.9686508179	0.88675814867	0.0	0.0	0.0	0.0	0.0	-1.0	0.0	1
1.0	57.8112983704	1.0	1.0	568.202026367	1.0	1.0	34.8046989441	2.65522126865	0.147259354591	-0.91263794899	0.381322383881	3.13522603584	10.0696579015	-67.204750061	-8.500664711	-14.6236991882	0.734283089638	0.0	0.0	0.0	0.0	0.0	-1.0	0.0	1
1.0	88.7338027954	1.0	1.0	465.463195801	1.0	1.0	8.4375	0.0	0.0	-0.995170414448	0.098162971437	2.12159725838	4.32810671145	-64.7093963623	-2.29897999763	-19.4284496307	0.629636406898	0.0	0.0	0.0	1.0	11.7399997711	-1.0	0.0	1
1.0	1145.75463867	2.0	1.0	267.758087158	3.0	2.0	12.6562004089	0.0	0.0	-0.995179831982	0.0980670824647	17.6871428437	2.97801417398	-65.7702026367	0.963576972485	-18.3461990356	0.366811752319	3.0	7.63999986649	118.125044346	0.0	21.8400001526	0.17228790319	1.0	1
1.0	1058.57788086	2.0	2.0	863.987060547	1.0	1.0	40.0781002045	0.0	0.0	-0.995170414448	0.098162971437	20.9462231129	16.0915331453	-64.7093963623	-2.29897999763	-19.4284496307	0.629636406898	4.0	2.72000002861	68.5547415018	2.0	11.7399997711	0.146592198524	1.0	1
1.0	497.020996094	1.0	1.0	1321.54882812	5.0	1.0	14.7656002045	2.73017028138	0.18060927093	-0.804917395115	0.565232992172	4.16334559011	22.3758783434	-59.5690498352	-10.3447847366	-9.17342948914	0.914381861687	0.0	0.0	0.0	0.0	0.0	0.0736941578359	1.0	1
1.0	497.020996094	1.0	1.0	696.158935547	3.0	3.0	73.8280982971	0.0	-0.991571724415	-0.096386924386	-0.0865733772516	2.29279094052	11.5908159929	-55.1227493286	-6.79323482513	-42.8833007812	0.202588707209	1.0	17.6399993896	54.8437995911	0.0	17.6399993896	0.287017064975	1.0	1
1.0	497.020996094	1.0	1.0	21.3948993683	1.0	1.0	24.2577991486	2.58425424425	0.0695803985	-0.898986279964	0.432414472103	12.1882768432	4.59416352571	-61.5926513672	-11.3134050369	-31.419549942	0.943486690521	0.0	0.0	0.0	0.0	0.0	0.120697713213	1.0	1
1.0	497.020996094	1.0	1.0	696.158935547	3.0	3.0	73.8280982971	0.0	-0.991571724415	-0.096386924386	-0.0865733772516	2.29279094052	11.5908159929	-55.1227493286	-6.79323482513	-42.8833007812	0.202588707209	1.0	17.6399993896	54.8437995911	0.0	17.6399993896	0.353239680461	1.0	1
1.0	131.378494263	2.0	1.0	1214.86352539	4.0	2.0	10.5468702316	0.0	0.0354093946517	0.998048305511	0.0514371804893	9.82740303141	19.7602597399	-56.9513511658	-15.6506996155	-1.067710042	0.549084126949	2.0	8.07999992371	37.9688014984	2.0	10.3599996567	0.515015177335	1.0	1
1.0	80.9302978516	1.0	1.0	484.110992432	1.0	1.0	29.5312004089	2.2200562836	0.20125195384	-0.958385288715	0.20247296989	8.27352602644	15.4713524681	-66.4636535645	-5.64307975769	-22.0070495605	0.972090542316	0.0	0.0	0.0	0.0	0.0	-1.0	0.0	1
1.0	80.9302978516	1.0	1.0	1625.96313477	3.0	2.0	65.3906021118	0.0	0.00146647414658	0.998942494392	0.0459557287395	0.0	30.6850216986	-68.3169555664	-1.17185151577	-30.6284503937	0.596030294895	1.0	3.96000003815	8.4375	1.0	3.96000003815	0.217932520464	1.0	1
1.0	80.9302978516	1.0	0.0	170.688995361	1.0	0.0	0.0	10.0	0.0	0.0	0.0	0.0	0.0	0.0	0.0	0.0	2.0	0.0	0.0	0.0	0.0	0.0	0.000138177431837	1.0	1
1.0	83.7638015747	1.0	1.0	372.283996582	1.0	1.0	1.0546900034	2.82772520833	0.316580444574	-0.804756522179	0.502139091492	3.2981935007	2.55267403961	-67.8581542969	-2.12247490883	-8.43626976013	0.931281149387	0.0	0.0	0.0	0.0	0.0	-1.0	0.0	1
1.0	59.8312988281	2.0	1.0	1346.86975098	8.0	1.0	0.0	10.0	0.0	0.0	0.0	0.0	0.0	0.0	0.0	0.0	2.0	1.0	18.0400009155	16.875	0.0	18.0400009155	0.00527340113391	1.0	1
1.0	83.7638015747	1.0	0.0	486.628509521	2.0	0.0	0.0	10.0	0.0	0.0	0.0	0.0	0.0	0.0	0.0	0.0	2.0	0.0	0.0	0.0	0.0	0.0	0.000138177431837	1.0	1
1.0	83.7638015747	1.0	1.0	817.695068359	2.0	2.0	22.1484895945	0.0	-0.0376575402915	-0.999288499355	-0.00210862909444	0.0	16.2904188584	-67.6971435547	-0.211566999555	-19.9141998291	0.123992085457	1.0	8.27999973297	23.2031002045	0.0	8.27999973297	0.105079661378	1.0	1
1.0	90.4116973877	1.0	1.0	853.594238281	2.0	1.0	28.476600647	0.0	-0.0376574657857	-0.999288499355	-0.00210862490349	2.07892036992	10.7375813988	-60.4355506897	-5.14399528503	-42.4910011292	0.147334814072	4.0	11.8800001144	98.0859398842	0.0	15.0399999619	0.0946378901351	1.0	1
1.0	28.010799408	1.0	1.0	719.877319336	1.0	1.0	15.8203001022	2.69191937476	0.32605612278	-0.804514229298	-0.496431469917	0.0	4.33504310525	-69.2189483643	-4.85338497162	-14.7727508545	0.50404882431	0.0	0.0	0.0	0.0	0.0	-1.0	0.0	1
1.0	253.497802734	3.0	3.0	1541.99353027	4.0	1.0	45.351600647	0.0	-0.991644561291	0.0	0.129000410438	18.472138741	2.89897705979	-67.2578430176	-8.95705032349	-15.3712501526	0.624710083008	1.0	5.46000003815	18.9843997955	0.0	5.46000003815	0.0841750965076	1.0	1
1.0	134.451797485	2.0	2.0	977.57635498	2.0	2.0	46.4062013626	0.0	-0.991644561291	0.0	0.129000410438	8.62032423573	2.89897705979	-67.2578430176	-8.95705032349	-15.3712501526	0.624710083008	1.0	5.46000003815	18.9843997955	0.0	5.46000003815	0.0841750965076	1.0	1
1.0	147.056793213	2.0	2.0	773.097839355	3.0	2.0	46.4062995911	0.0	0.991644620895	0.0	-0.128999441862	1.00853342693	24.5776804831	-67.420249939	2.86286997795	-34.3211517334	0.640421867371	1.0	10.5200004578	30.585899353	0.0	10.5200004578	0.063196667849	1.0	1
1.0	29.0307006836	1.0	1.0	443.99899292	1.0	1.0	16.875	2.16506350946	0.0367453657091	-0.997776031494	0.0556127615273	0.0	13.1212001568	-63.490650177	-4.38335990906	-18.7037506104	0.706487953663	0.0	0.0	0.0	0.0	0.0	-1.0	0.0	1
1.0	95.6305007935	1.0	0.0	570.367919922	3.0	0.0	0.0	10.0	0.0	0.0	0.0	0.0	0.0	0.0	0.0	0.0	2.0	0.0	0.0	0.0	0.0	0.0	0.000138177431837	1.0	1
1.0	1224.41259766	1.0	1.0	1945.05664062	7.0	5.0	163.476654053	0.0	0.997517108917	0.0342653766274	0.0615257248282	1.81876933294	25.9118554984	-59.3488006592	-4.7731051445	-42.268951416	0.262209892273	11.0	0.939999997616	361.757794023	8.0	24.1399993896	0.982229781859	1.0	1
1.0	443.99899292	1.0	1.0	235.660705566	2.0	2.0	45.351600647	0.0	0.997517108917	0.0342653766274	0.0615257248282	1.81876933294	18.1013905365	-59.3488006592	-4.7731051445	-42.268951416	0.262209892273	1.0	19.4599990845	53.789100647	0.0	19.4599990845	0.141428569096	1.0	1
1.0	29.0307006836	1.0	1.0	1292.71984863	2.0	1.0	45.351600647	0.0	0.0367092750967	-0.997778534889	0.055592238903	1.79948408363	5.18350617508	-65.3372497559	4.13265991211	-11.8228998184	0.307873517275	1.0	3.09999990463	12.6562004089	1.0	3.09999990463	0.202812536158	1.0	1
1.0	46.20470047	1.0	1.0	781.92590332	1.0	1.0	34.8046989441	0.0	-0.0744295343757	-0.975083351135	-0.208980023861	3.1745720282	3.49597099558	-64.7285995483	-4.48368024826	-15.3122501373	0.0977892279625	1.0	8.47999954224	26.3672008514	0.0	8.47999954224	-1.0	0.0	1
1.0	218.58380127	4.0	2.0	2628.33544922	3.0	2.0	17.9296900034	0.0	0.783654510975	0.601626098156	0.154698342085	2.73453089678	8.42354441217	-57.0045471191	-12.5997505188	-1.63138008118	0.89039927721	5.0	0.939999997616	105.468689561	2.0	10.3599996567	0.0841753870927	1.0	1
1.0	46.20470047	1.0	1.0	1272.40588379	2.0	2.0	36.9140789509	0.0	-0.0744295343757	-0.975083351135	-0.208980023861	3.1745720282	18.0925811232	-64.7285995483	-4.48368024826	-15.3122501373	0.0977892279625	1.0	8.47999954224	26.3672008514	0.0	8.47999954224	0.0105465089825	1.0	1
1.0	46.20470047	1.0	1.0	1272.40588379	2.0	2.0	36.9140789509	0.0	-0.0744295343757	-0.975083351135	-0.208980023861	3.1745720282	18.0925811232	-64.7285995483	-4.48368024826	-15.3122501373	0.0977892279625	1.0	8.47999954224	26.3672008514	0.0	8.47999954224	0.0105465089825	1.0	1
1.0	32.0028991699	1.0	1.0	510.268005371	1.0	1.0	17.9297008514	2.38800962911	-0.140686675906	-0.983814418316	-0.110979385674	0.0	12.652116416	-68.3179473877	-5.08605003357	-17.8532505035	0.848288655281	0.0	0.0	0.0	0.0	0.0	-1.0	0.0	1
1.0	96.0086975098	2.0	2.0	2578.01025391	3.0	3.0	43.2422008514	2.38800962911	-0.140686675906	-0.983814418316	-0.110979385674	0.0	38.7947385386	-68.3179473877	-5.08605003357	-17.8532505035	0.848288655281	2.0	25.3999996185	42.1875	0.0	26.6599998474	0.125891039694	1.0	1
1.0	593.831054688	3.0	3.0	1740.60144043	4.0	4.0	168.750090122	0.0	-0.998789429665	-0.0324716158211	-0.0369508266449	0.0	13.3380792437	-58.8946990967	-11.7682495117	-45.2879486084	0.719933748245	4.0	3.98000001907	178.242102623	0.0	25.6000003815	0.70938160047	1.0	1
1.0	1054.3170166	3.0	2.0	1020.53668213	3.0	3.0	91.7578396797	0.0	0.0454181618989	-0.993344783783	-0.105845585465	9.61525480682	2.50763547278	-59.4511985779	-12.2966995239	-45.3637008667	0.0646069794893	2.0	5.82000017166	86.4843025208	0.0	25.6000003815	0.649940507827	1.0	1
1.0	62.2277984619	1.0	1.0	2240.2019043	4.0	2.0	36.9140510559	0.0	-0.0454174987972	0.993355214596	0.105747371912	2.56687163571	23.5755957681	-67.3100967407	-0.0155259817839	-35.2908477783	0.902632713318	1.0	10.4399995804	31.6406002045	0.0	10.4399995804	0.197750826973	1.0	1
1.0	41.8842010498	1.0	1.0	338.175994873	1.0	1.0	37.9687995911	2.33805898827	0.617473602295	-0.782379388809	0.0812951028347	2.08501067984	2.08450370975	-62.3667984009	-10.1530046463	-6.9035449028	0.767388164997	0.0	0.0	0.0	0.0	0.0	-1.0	0.0	1
1.0	474.687011719	1.0	1.0	1019.18066406	4.0	4.0	210.937487602	0.0	0.091292604804	-0.98397475481	0.15316401422	11.4665212519	20.094501772	-58.5900001526	-13.6662502289	-38.8530006409	0.532120227814	5.0	2.81999993324	155.039120674	1.0	2.81999993324	0.518879054723	1.0	1
1.0	48.4355010986	1.0	1.0	604.607971191	1.0	1.0	25.3125	2.99505254964	0.189468160272	-0.974975526333	0.116294801235	0.0	18.1378826792	-71.8103027344	-1.03819000721	-17.7744503021	0.257521688938	0.0	0.0	0.0	0.0	0.0	-1.0	0.0	1
1.0	66.8076019287	2.0	1.0	1701.92150879	2.0	1.0	0.0	10.0	0.0	0.0	0.0	0.0	0.0	0.0	0.0	0.0	2.0	1.0	17.8199996948	9.49219036102	1.0	17.8199996948	0.125891039694	1.0	1
1.0	48.4355010986	1.0	1.0	604.607971191	1.0	1.0	25.3125	2.99505254964	0.189468160272	-0.974975526333	0.116294801235	0.0	18.1378826792	-71.8103027344	-1.03819000721	-17.7744503021	0.257521688938	0.0	0.0	0.0	0.0	0.0	0.167166231035	1.0	1
1.0	50.935798645	1.0	1.0	291.722991943	1.0	1.0	6.32812023163	3.23752989295	0.331223070621	-0.943413496017	-0.016194799915	3.25255469638	1.81048537791	-67.2637481689	2.17533493042	-19.9450492859	0.863876283169	0.0	0.0	0.0	0.0	0.0	-1.0	0.0	1
1.0	109.589096069	3.0	3.0	1066.56323242	6.0	3.0	40.0780010223	2.82772520833	0.530887961388	-0.705439507961	-0.469588071108	0.0	19.2963056596	-62.4155502319	-5.21240520477	-49.21875	0.384434252977	2.0	9.02000045776	40.0781002045	0.0	26.2600002289	0.167166133697	1.0	1
1.0	74.0884017944	1.0	1.0	137.371994019	1.0	1.0	25.3125	0.0	0.132850065827	-0.990335047245	-0.0398416295648	1.50405161762	0.0	-65.226348877	4.96739006042	-41.0783996582	0.761568546295	1.0	12.6999998093	37.9687995911	0.0	12.6999998093	0.156896334613	1.0	1
1.0	217.63470459	3.0	3.0	317.962585449	2.0	2.0	71.7187213898	0.0	-0.132863104343	0.990328848362	0.0399518683553	13.2742829842	11.2131990179	-60.1026496887	-11.7989501953	-17.0777492523	0.911400556564	1.0	2.46000003815	3.16406011581	0.0	2.46000003815	0.0998615520135	1.0	1
1.0	89.7303009033	1.0	1.0	259.908996582	1.0	1.0	27.4218997955	2.68975460493	0.279216349125	-0.951314806938	0.130531132221	1.00236773325	12.6762699732	-68.854598999	-1.07978498936	-20.9508514404	0.919392228127	0.0	0.0	0.0	0.0	0.0	-1.0	0.0	1
1.0	137.689605713	2.0	2.0	889.568054199	3.0	1.0	50.625	1.2340178154	-0.576565742493	-0.157739669085	0.801679551601	7.90116845676	30.5584956317	-62.2933502197	-8.28457450867	-38.6452484131	0.834568858147	0.0	0.0	0.0	0.0	0.0	0.0894091098296	1.0	1
1.0	89.7303009033	1.0	1.0	307.868286133	2.0	2.0	45.351600647	2.68975460493	0.279216349125	-0.951314806938	0.130531132221	1.00236773325	12.6762699732	-68.854598999	-1.07978498936	-20.9508514404	0.919392228127	0.0	0.0	0.0	0.0	0.0	0.0894091098296	1.0	1
1.0	85.3962020874	1.0	1.0	823.822387695	1.0	1.0	34.8046603203	0.0	0.993279159069	-0.100703060627	0.057054836303	2.64183134254	3.08958941352	-63.8198013306	-0.701042532921	-17.6513004303	0.3698117733	1.0	5.36000013351	13.7109003067	0.0	5.36000013351	-1.0	0.0	1
1.0	36.837600708	1.0	1.0	1230.71044922	4.0	1.0	3.16406011581	2.24690680342	0.288975983858	-0.954317867756	-0.0759622901678	5.28366196309	27.4040373341	-63.9589996338	3.87391495705	-15.7292003632	0.830406308174	0.0	0.0	0.0	0.0	0.0	0.156896236942	1.0	1
1.0	48.5586013794	1.0	1.0	949.404968262	3.0	2.0	56.9531002045	0.0	-0.993273973465	0.100703701377	-0.0571451373398	0.0	6.63684520186	-67.2966995239	7.99052476883	-17.0165500641	0.0597984790802	2.0	5.36000013351	30.5859003067	1.0	5.44000005722	0.192678249545	1.0	1
1.0	128.931610107	2.0	2.0	872.380981445	1.0	1.0	63.2812609673	0.0	0.993273973465	-0.100703701377	0.0571451373398	2.12690212164	0.0	-67.2966995239	7.99052476883	-17.0165500641	0.0597984790802	2.0	2.46000003815	20.0390601158	2.0	5.44000005722	0.237929581974	1.0	1
1.0	28.4654006958	1.0	1.0	857.311096191	3.0	2.0	62.226600647	0.0	0.105754643679	0.98872166872	0.106043592095	1.78205003674	26.2981724093	-64.3765563965	-7.29358005524	-31.6114997864	0.693959712982	1.0	7.63999986649	26.3672008514	0.0	7.63999986649	0.70410266634	1.0	1
1.0	24.366399765	1.0	1.0	271.510986328	1.0	1.0	6.32812023163	3.05991332137	0.211024448276	-0.926016390324	-0.312989264727	2.1524438852	10.9439022836	-65.4969482422	-2.76745009422	-18.6230506897	0.79250985384	0.0	0.0	0.0	0.0	0.0	-1.0	0.0	1
1.0	576.09161377	2.0	2.0	1968.45922852	5.0	4.0	93.8671518564	0.0	0.00527483969927	-0.990970432758	0.133977204561	0.0	35.1561249998	-61.4264984131	-3.23300504684	-32.8310508728	0.947779715061	10.0	4.98000001907	357.539103508	0.0	22.4799995422	0.136256694228	1.0	1
1.0	330.686584473	1.0	1.0	664.855407715	3.0	3.0	40.0780906677	0.0	0.999248325825	0.0	-0.0387652516365	5.36406446991	34.7527820379	-60.7677001953	-7.64059019089	-30.7742996216	0.797249615192	1.0	11.7600002289	31.6406002045	0.0	11.7600002289	0.24289779458	1.0	1
1.0	273.559295654	2.0	2.0	1679.5267334	5.0	2.0	80.1562571526	0.0	-0.997918069363	0.0	0.0644944310188	19.7929375277	17.3333011529	-63.7841491699	-10.5739002228	-14.5	0.788350462914	2.0	6.5	78.0468978882	1.0	15.6800003052	0.212903543728	1.0	1
1.0	39.1644973755	1.0	1.0	453.403991699	1.0	1.0	10.5468997955	3.51981534669	0.152132615447	-0.921065151691	0.358461290598	0.0	19.452861444	-65.9236450195	-6.21564292908	-24.7378005981	0.154204905033	0.0	0.0	0.0	0.0	0.0	-1.0	0.0	1
1.0	453.403991699	1.0	0.0	10.5443000793	1.0	0.0	0.0	10.0	0.0	0.0	0.0	0.0	0.0	0.0	0.0	0.0	2.0	0.0	0.0	0.0	0.0	0.0	0.000138177431837	1.0	1
1.0	78.328918457	3.0	3.0	662.782775879	1.0	1.0	65.3905982971	0.0	-0.999194145203	0.0	-0.040139015764	8.60997314591	7.71289903298	-58.207950592	-12.1611995697	-12.0729007721	0.651954352856	1.0	9.31999969482	13.7109003067	1.0	9.31999969482	0.120697713213	1.0	1
1.0	760.69329834	2.0	2.0	723.035766602	2.0	2.0	68.5547008514	0.0	-0.0103220641613	-0.966934740543	0.254815101624	9.33869353279	7.72293138183	-56.7697982788	-9.56920433044	-6.94713020325	0.357868731022	2.0	4.98000001907	28.4765005112	1.0	5.28000020981	0.141428073758	1.0	1
1.0	757.680603027	2.0	2.0	186.783996582	3.0	1.0	34.8046989441	2.76997473089	-0.285373449326	0.416434049606	0.863217651844	2.05990483555	29.964006321	-65.6748504639	-1.97647297382	-30.8798484802	0.188307777047	0.0	0.0	0.0	0.0	0.0	0.115497780889	1.0	1
1.0	203.458496094	4.0	3.0	1310.99536133	3.0	2.0	35.8593997955	0.0	-0.0274957679212	0.995361506939	-0.0921921208501	2.36947481042	22.8479203828	-56.9224510193	-10.8733005524	-43.743850708	0.844169378281	3.0	14.5600004196	73.8281795979	2.0	15.6000003815	0.227955270939	1.0	1
1.0	132.904403687	2.0	2.0	2077.24560547	1.0	1.0	55.8985004425	0.0	-0.0274957679212	0.995361506939	-0.0921921208501	2.36947481042	22.8479203828	-56.9224510193	-10.8733005524	-43.743850708	0.844169378281	3.0	14.5600004196	90.7031795979	3.0	18.3199996948	0.0105465089825	1.0	1
1.0	671.085021973	1.0	1.0	595.607971191	1.0	1.0	29.5312004089	0.0	0.996333658695	0.0316934250295	0.0794649943709	8.5810132888	3.34277086985	-60.2354011536	-7.62546491623	-10.003484726	0.304041475058	1.0	4.51999998093	11.6015996933	1.0	4.51999998093	0.202812531585	1.0	1
1.0	152.895004272	1.0	1.0	1158.09765625	4.0	1.0	23.2031002045	0.0	0.0768913924694	-0.9920129776	-0.099990464747	2.43989758073	23.4607696985	-57.4665527344	-10.1369352341	-39.9339981079	0.977252662182	1.0	13.5399999619	118.125	0.0	13.5399999619	0.115497780889	1.0	1
1.0	452.178100586	2.0	2.0	468.444091797	2.0	1.0	75.9374914169	0.968245836552	-0.0768899470568	0.992013096809	0.0999906882644	10.968448124	3.28246495596	-58.8628501892	-11.3432502747	-11.9890003204	0.799102306366	0.0	0.0	0.0	0.0	0.0	0.320519969901	1.0	1
1.0	266.752990723	1.0	1.0	590.434204102	4.0	3.0	54.8437004089	0.0	-0.0768913924694	0.9920129776	0.099990464747	2.2116779934	23.8876740534	-57.4665527344	-10.1369352341	-39.9339981079	0.448349177837	1.0	9.31999969482	24.2577991486	0.0	9.31999969482	0.499347861581	1.0	1
1.0	723.862304688	2.0	2.0	2629.17919922	4.0	3.0	195.117248535	0.0	0.997544825077	0.0	-0.0700310245156	1.5436844723	37.3167626072	-70.3667526245	4.49952983856	-34.9132003784	0.454652577639	14.0	4.03999996185	350.156526804	1.0	4.03999996185	0.287017073727	1.0	1
1.0	33.4826011658	1.0	1.0	2257.68188477	3.0	2.0	83.3202991486	0.0	-0.997544825077	0.0	0.0700310245156	2.47128735296	37.9845164025	-70.3667526245	4.49952983856	-34.9132003784	0.825258255005	1.0	9.53999996185	28.476600647	0.0	9.53999996185	0.192678054412	1.0	1
1.0	562.826599121	2.0	2.0	1315.38598633	3.0	3.0	110.742149353	0.0	-0.997544825077	0.0	0.0700310245156	2.47128735296	37.1062531582	-70.3667526245	4.49952983856	-34.9132003784	0.825258255005	2.0	4.03999996185	40.0782003403	1.0	4.03999996185	0.394063518557	1.0	1
1.0	50.5119018555	1.0	1.0	220.988998413	1.0	1.0	18.9843997955	2.95401923956	0.287513941526	-0.954631984234	0.0775469690561	3.09128665148	11.8100486513	-63.3993492126	-3.26629495621	-22.04529953	0.916650831699	0.0	0.0	0.0	0.0	0.0	-1.0	0.0	1
1.0	838.180908203	2.0	2.0	2291.97558594	5.0	3.0	102.304589272	0.0	0.0349367819726	-0.99781280756	-0.056116502732	3.7644940336	27.9036635752	-54.727897644	-11.6336994171	-5.20188522339	0.0544769763947	5.0	8.38000011444	202.499702573	0.0	16.2399997711	0.598508165102	1.0	1
1.0	50.5119018555	1.0	1.0	787.669006348	2.0	2.0	49.5702991486	0.0	-0.0349407456815	0.997815430164	0.0560667663813	1.96911333153	24.8008966099	-64.0673065186	6.2064499855	-13.4839000702	0.00715377926826	1.0	7.53999996185	22.148399353	0.0	7.53999996185	0.151748335913	1.0	1
1.0	1036.19604492	3.0	1.0	515.366027832	1.0	1.0	0.0	10.0	0.0	0.0	0.0	0.0	0.0	0.0	0.0	0.0	2.0	1.0	27.5	34.8046989441	0.0	27.5	0.110291501025	1.0	1
1.0	746.643676758	2.0	2.0	1192.80908203	1.0	1.0	110.742190361	0.0	0.072818942368	-0.991698384285	0.105979338288	19.184022868	2.4223377401	-61.7658004761	-14.8172492981	-40.6173477173	0.958110928535	3.0	18.4200000763	137.109298706	0.0	25.3999996185	0.12589084025	1.0	1
1.0	251.309005737	1.0	1.0	1688.14379883	1.0	1.0	79.101600647	1.36930639376	-0.0728686228395	0.991698920727	-0.105940915644	12.1477699023	7.14163461305	-67.4977493286	-13.8843994141	-7.67600011826	0.941740274429	0.0	0.0	0.0	0.0	0.0	0.37609889046	1.0	1
1.0	664.695007324	2.0	2.0	1274.7578125	1.0	1.0	104.414060116	0.0	0.0728196874261	-0.991708517075	0.105884753168	16.6699446443	2.15327170527	-61.8148002625	-12.0028495789	-45.451499939	0.290749400854	2.0	17.7000007629	71.7187004089	0.0	25.3999996185	0.12589084025	1.0	1
1.0	14.5415000916	1.0	1.0	394.236999512	1.0	1.0	34.8046989441	1.72181296955	0.313572883606	-0.94912737608	0.028798237443	3.09094527295	16.4308548756	-66.8055496216	-5.51989507675	-21.8654003143	0.931021809578	0.0	0.0	0.0	0.0	0.0	-1.0	0.0	1
1.0	424.935791016	2.0	1.0	1203.71374512	5.0	2.0	42.1875090599	0.0	0.997926473618	-0.0310163106769	-0.0563988871872	2.85103303357	16.8629306159	-59.018951416	-8.03926467896	-40.9771499634	0.87872838974	1.0	21.1399993896	42.1875	1.0	21.1399993896	0.242898027907	1.0	1
1.0	332.839508057	2.0	2.0	394.236999512	1.0	1.0	90.7030982971	1.72181296955	-0.313560575247	0.9491314888	-0.0287973266095	12.0499144998	4.86254857684	-64.3630523682	-15.2278003693	-11.4114999771	0.950708508492	0.0	0.0	0.0	0.0	0.0	0.272434846827	1.0	1
1.0	212.086395264	2.0	2.0	488.932006836	1.0	1.0	44.2969603539	2.41401736517	0.133157029748	-0.988041818142	0.0777345597744	3.06435991757	12.4200052642	-66.053604126	-2.38344049454	-39.8748474121	0.691461861134	0.0	0.0	0.0	0.0	0.0	-1.0	0.0	1
1.0	84.18699646	2.0	0.0	713.970336914	3.0	0.0	0.0	10.0	0.0	0.0	0.0	0.0	0.0	0.0	0.0	0.0	2.0	0.0	0.0	0.0	0.0	0.0	0.000138177431837	1.0	1
1.0	220.181396484	2.0	1.0	260.655792236	3.0	2.0	55.8985004425	0.0	0.0341039784253	0.992073059082	0.120946392417	7.42891062497	8.62479212414	-69.6972961426	6.1143951416	-24.8400001526	0.929915964603	1.0	8.85999965668	24.2577991486	0.0	8.85999965668	0.262643531497	1.0	1
1.0	171.611999512	1.0	0.0	250.941894531	3.0	0.0	0.0	10.0	0.0	0.0	0.0	0.0	0.0	0.0	0.0	0.0	2.0	0.0	0.0	0.0	0.0	0.0	0.000138177431837	1.0	1
1.0	94.3578033447	2.0	1.0	1864.32836914	2.0	1.0	4.21875	0.0	-0.999348104	0.0	-0.0361039116979	5.66789875474	22.4904208667	-60.6293487549	-16.8416996002	-4.39525985718	0.989022433758	10.0	4.13999986649	187.734240294	2.0	10.4399995804	0.192678011942	1.0	1
1.0	389.606994629	1.0	1.0	432.220001221	1.0	1.0	22.148399353	0.0	0.999348759651	0.0	0.03608520329	2.18932985338	2.01215934003	-61.8612518311	-15.2229995728	-29.9922485352	0.846438527107	2.0	24.0400009155	72.7734122276	0.0	24.1399993896	0.110291501025	1.0	1
1.0	389.606994629	1.0	1.0	15.2189998627	1.0	1.0	0.0	10.0	0.0	0.0	0.0	0.0	0.0	0.0	0.0	0.0	2.0	1.0	24.0400009155	7.38281011581	0.0	24.0400009155	0.110291501025	1.0	1
1.0	502.916992188	2.0	1.0	432.401092529	4.0	1.0	2.92780995369	2.24227564834	0.587134957314	-0.695281803608	-0.414554923773	2.08568545758	3.08497268467	-64.1551971436	-12.7182998657	-43.4458503723	0.615458071232	0.0	0.0	0.0	0.0	0.0	0.0146380041333	1.0	2
1.0	23.9484004974	1.0	1.0	882.098999023	3.0	2.0	16.8349699974	0.0	-0.0584630407393	-0.987321615219	0.147574350238	0.979459143982	1.34690774227	-61.3739013672	-13.7241001129	-46.4090499878	0.233548671007	2.0	1.55999994278	19.7627528906	0.0	7.13999986649	0.0256127475366	1.0	2
1.0	97.1240005493	1.0	0.0	234.162002563	1.0	0.0	0.0	10.0	0.0	0.0	0.0	0.0	0.0	0.0	0.0	0.0	2.0	0.0	0.0	0.0	0.0	0.0	0.000138177431837	1.0	2
1.0	97.1240005493	1.0	1.0	1760.20605469	2.0	1.0	38.793530941	3.08429081115	0.376344740391	-0.926397442818	-0.0123505182564	10.4182803519	21.4775386851	-73.2767944336	-5.2515912056	-22.4417991638	0.999453783035	0.0	0.0	0.0	0.0	0.0	0.036581319316	1.0	2
1.0	31.9305000305	1.0	0.0	280.278686523	1.0	0.0	0.0	10.0	0.0	0.0	0.0	0.0	0.0	0.0	0.0	0.0	2.0	0.0	0.0	0.0	0.0	0.0	0.000138177431837	0.0	2
1.0	454.122802734	3.0	2.0	1151.26965332	7.0	3.0	54.8437411785	0.0	-1.0	0.0	0.0	1.09790036348	31.5401626558	-63.1300506592	-17.1287002563	-36.3911018372	0.00184968113899	3.0	6.01999998093	70.664100647	3.0	18.1200008392	0.367008044741	1.0	2
1.0	397.35748291	2.0	1.0	356.557006836	1.0	1.0	31.6406092644	0.0	-1.0	0.0	0.0	5.62427906079	2.4438917036	-63.1300506592	-17.1287002563	-36.3911018372	0.00184968113899	2.0	7.90000009537	62.226600647	0.0	18.7999992371	0.115497879689	1.0	2
1.0	365.427001953	1.0	1.0	361.87878418	4.0	2.0	24.2577991486	1.9364916731	0.0	-0.978775501251	0.204935744405	3.84831215162	1.86365433323	-68.070602417	-13.2442493439	-26.4411506653	0.854193866253	1.0	18.7999992371	41.1328010559	0.0	18.7999992371	0.0631968601968	1.0	2
1.0	212.869995117	1.0	1.0	581.844482422	3.0	2.0	73.8281002045	0.0	-1.0	0.0	0.0	2.44388282591	12.974895593	-65.3258514404	-16.6494998932	-27.2658004761	0.916562020779	0.0	0.0	0.0	1.0	12.3999996185	0.467018236321	1.0	2
1.0	348.936584473	4.0	3.0	2052.07983398	4.0	3.0	59.3774204254	0.0	0.999334037304	0.0	-0.0364896766841	1.99041843031	16.010076211	-56.4870529175	-11.5187997818	-1.34522509575	0.63637149334	7.0	3.77999997139	62.922419548	2.0	12.6000003815	0.0354343581079	1.0	2
1.0	76.1567993164	1.0	1.0	160.621994019	1.0	1.0	7.0898399353	3.92627047247	0.185290828347	-0.225279957056	-0.956512510777	5.15340497683	0.0	-67.9297943115	4.73875999451	-28.7677497864	0.527125418186	0.0	0.0	0.0	0.0	0.0	0.0354343581079	1.0	2
1.0	76.1567993164	1.0	1.0	160.621994019	1.0	1.0	7.0898399353	3.92627047247	0.185290828347	-0.225279957056	-0.956512510777	5.15340497683	0.0	-67.9297943115	4.73875999451	-28.7677497864	0.527125418186	0.0	0.0	0.0	0.0	0.0	0.0354343581079	1.0	2
1.0	76.1567993164	1.0	1.0	160.621994019	1.0	1.0	7.0898399353	3.92627047247	0.185290828347	-0.225279957056	-0.956512510777	5.15340497683	0.0	-67.9297943115	4.73875999451	-28.7677497864	0.527125418186	0.0	0.0	0.0	0.0	0.0	0.0354343581079	1.0	2
1.0	210.685211182	1.0	1.0	328.159118652	2.0	2.0	34.562959671	2.15125082137	0.415646135807	-0.909034013748	0.0299232043326	11.1759505514	14.6241439178	-68.7512969971	1.08025503159	-25.0221500397	0.856805860996	0.0	0.0	0.0	0.0	0.0	-1.0	0.0	2
1.0	51.075302124	2.0	1.0	297.514007568	2.0	1.0	15.0658998489	2.64176834906	0.0102014066651	-0.971237838268	0.23789280653	4.00615528489	18.2395072978	-67.9337005615	0.425650000572	-29.8727493286	0.776932239532	0.0	0.0	0.0	0.0	0.0	0.0971776551253	1.0	2
1.0	192.808807373	2.0	2.0	454.570526123	3.0	3.0	79.7606592178	0.0	0.00221856823191	-0.998693346977	0.0510545894504	6.42948459013	16.8731426206	-64.2166976929	-10.2081947327	-14.9226999283	0.910398304462	4.0	7.09999990463	85.9644002914	2.0	7.46000003815	0.371309360057	1.0	2
1.0	85.5511016846	3.0	3.0	388.171905518	5.0	3.0	53.1738305092	0.0	0.00210841675289	-0.998693645	0.0510550141335	0.0	22.3477255532	-69.0609436035	7.08668041229	-32.2480010986	0.357364565134	4.0	2.92000007629	51.4013996124	0.0	11.5	0.25149376973	1.0	2
1.0	22.9838008881	2.0	2.0	473.723419189	3.0	3.0	59.3774204254	0.0	0.00210841675289	-0.998693645	0.0510550141335	0.0	23.7879194615	-69.0609436035	7.08668041229	-32.2480010986	0.357364565134	2.0	5.61999988556	29.2455997467	1.0	7.46000003815	0.367483085446	1.0	2
1.0	47.5858001709	1.0	1.0	536.768005371	1.0	1.0	6.59180021286	3.09203175311	0.10411426425	-0.992796719074	-0.059286493808	3.75981153584	11.3710534931	-67.9658966064	-2.70739507675	-19.1688499451	0.853632748127	0.0	0.0	0.0	0.0	0.0	-1.0	0.0	2
1.0	87.5578994751	1.0	1.0	1821.58666992	1.0	1.0	30.3222994804	3.09203175311	0.10411426425	-0.992796719074	-0.059286493808	10.044947509	34.074315253	-67.9658966064	-2.70739507675	-19.1688499451	0.853632748127	0.0	0.0	0.0	0.0	0.0	0.269992281602	1.0	2
1.0	392.107116699	2.0	2.0	898.420715332	2.0	2.0	73.8281002045	0.0	0.104945160449	0.992566108704	0.0616364553571	7.82684815248	15.1980762469	-68.1984024048	5.43183040619	-11.3808002472	0.41577732563	2.0	4.57999992371	40.8691997528	2.0	8.34000015259	0.0329470718401	1.0	2
1.0	268.347106934	1.0	1.0	584.517211914	4.0	1.0	13.1752004623	0.0	0.0130403237417	-0.976928651333	0.213167354465	3.05930301632	0.0	-61.9305496216	-12.4411497116	-35.7957992554	0.573535144329	2.0	11.1000003815	54.8964996338	1.0	11.4399995804	0.25072228498	1.0	2
1.0	61.1086997986	2.0	2.0	619.056335449	2.0	1.0	21.9585804939	1.45565108725	-0.301297128201	-0.581371903419	0.755795478821	3.26557769011	0.0	-63.0495491028	-13.1105499268	-31.5625	0.800743579865	0.0	0.0	0.0	0.0	0.0	0.00731941920403	1.0	2
