valid	volumeS1	connectedComponentsS1	connectedComponentsS1Rel	volumeS2	connectedComponentsS2	connectedComponentsS2Rel	corticalSize	distanceMin	direction_x	direction_y	direction_z	distanceToExtremity1	distanceToExtremity2	gravityCenter_x	gravityCenter_y	gravityCenter_z	corticalDotProduct	junctions	junctionDepthMin	junctionsSize	plisDePassage	plisDePassageDepthMax	Potential	Class	cycle
1.0	370.986999512	1.0	0.0	273.8230896	1.0	0.0	0.0	10.0	0.0	0.0	0.0	0.0	0.0	0.0	0.0	0.0	2.0	0.0	0.0	0.0	0.0	0.0	1.97350158495e-12	0.0	1
1.0	2267.87744141	4.0	2.0	953.964904785	5.0	3.0	75.1465396881	0.0	0.0334228053689	0.984705030918	-0.170993894339	28.7497749652	2.37663975376	-68.7833557129	-1.07014501095	-29.4729003906	0.889283537865	5.0	9.97999954224	196.435499191	0.0	21.8400001526	0.966541658759	1.0	1
1.0	909.800292969	3.0	0.0	315.779998779	2.0	0.0	0.0	10.0	0.0	0.0	0.0	0.0	0.0	0.0	0.0	0.0	2.0	0.0	0.0	0.0	0.0	0.0	1.97350158495e-12	1.0	1
1.0	370.986999512	1.0	1.0	558.68762207	3.0	1.0	14.501999855	0.0	0.999346494675	-0.0346344560385	-0.0103471251205	2.50042892591	6.58789149357	-58.5665016174	-9.01560497284	-44.5596008301	0.320555537939	1.0	11.7399997711	36.914100647	0.0	11.7399997711	0.0723831873565	1.0	1
1.0	461.525390625	2.0	1.0	987.089111328	4.0	1.0	6.59180021286	0.0	-0.0334178544581	-0.984706521034	0.170986250043	0.0	5.79587531917	-54.8691482544	-14.6405506134	-47.2674026489	0.846319437027	2.0	12.6800003052	80.4198989868	0.0	17.9599990845	0.0395298930067	1.0	1
1.0	1057.75427246	2.0	2.0	2327.50195312	3.0	3.0	138.427799225	0.0	0.0334227383137	0.984689474106	-0.171083390713	35.389531578	2.10723044557	-68.7464447021	0.0170975029469	-29.6617507935	0.766897141933	6.0	9.02000045776	195.117098808	1.0	9.27999973297	0.742402434333	1.0	1
1.0	220.244995117	1.0	0.0	292.563995361	1.0	0.0	0.0	10.0	0.0	0.0	0.0	0.0	0.0	0.0	0.0	0.0	2.0	0.0	0.0	0.0	0.0	0.0	1.97350158495e-12	0.0	1
1.0	3062.05932617	4.0	2.0	1906.5958252	5.0	4.0	217.265598774	0.968245836552	0.0461889393628	0.993750154972	-0.101623162627	38.6789292808	1.82329893918	-68.4953994751	0.741881489754	-28.0209999084	0.869201123714	3.0	8.35999965668	70.6640005112	0.0	15.1199998856	0.97068974465	1.0	1
1.0	2116.98022461	5.0	1.0	386.250183105	3.0	1.0	22.148399353	0.0	0.0461878925562	0.993750393391	-0.101620867848	42.5032799745	1.74235472283	-67.8499984741	2.91632986069	-38.313999176	0.473130047321	1.0	11.3000001907	31.6406002045	0.0	11.3000001907	0.66784086244	1.0	1
1.0	2956.86791992	5.0	2.0	2011.7869873	5.0	4.0	136.054641247	0.0	-0.998024463654	0.0332259088755	-0.0533218756318	42.0158835758	1.82323381844	-66.0921478271	4.37687492371	-38.3789520264	0.828719556332	5.0	7.53999996185	170.859399796	0.0	19.1599998474	0.984488903614	1.0	1
1.0	447.063995361	2.0	0.0	376.388000488	1.0	0.0	0.0	10.0	0.0	0.0	0.0	0.0	0.0	0.0	0.0	0.0	2.0	0.0	0.0	0.0	0.0	0.0	1.97350158495e-12	1.0	1
1.0	624.573974609	3.0	0.0	1411.86694336	2.0	0.0	0.0	10.0	0.0	0.0	0.0	0.0	0.0	0.0	0.0	0.0	2.0	0.0	0.0	0.0	0.0	0.0	1.97350158495e-12	1.0	1
1.0	32.8722991943	1.0	1.0	668.952026367	1.0	1.0	12.6562004089	2.47297596484	0.0627507418394	0.857111275196	-0.51129502058	4.79046879045	0.0	-56.8128013611	0.478395104408	-56.260848999	0.738220453262	0.0	0.0	0.0	0.0	0.0	0.063196667849	1.0	1
1.0	526.315979004	1.0	1.0	649.64465332	1.0	1.0	6.76758003235	2.7427796162	0.48334172368	0.645578503609	-0.591277658939	8.72092249339	1.77954769774	-58.0400009155	-8.55900478363	-45.1016464233	0.0137117505074	0.0	0.0	0.0	0.0	0.0	-1.0	0.0	1
1.0	2794.86157227	5.0	3.0	1311.44836426	4.0	2.0	81.210917592	0.0	0.0314095430076	-0.976040661335	0.215309500694	35.3015244973	7.9946371223	-56.0963516235	2.56901502609	-49.6057014465	0.215499699116	6.0	9.35999965668	155.6541996	0.0	20.5	0.993029746552	1.0	1
1.0	1172.48596191	5.0	2.0	281.396484375	2.0	1.0	13.5351600647	0.0	0.0314095430076	-0.976040661335	0.215309500694	0.0	7.9946371223	-56.0963516235	2.56901502609	-49.6057014465	0.215499699116	1.0	9.35999965668	23.2031002045	0.0	9.35999965668	0.460464256275	1.0	1
1.0	2718.43188477	5.0	5.0	1172.48706055	5.0	2.0	72.5097484589	0.0	-0.999280273914	-0.0342910252512	-0.0162182506174	23.1166713253	1.78477884723	-52.7432022095	-14.7938499451	-42.9036026001	0.688271939754	4.0	9.35999965668	119.882799149	0.0	19.2199993134	0.998609171647	1.0	1
1.0	1031.7878418	2.0	1.0	634.011474609	1.0	1.0	6.76758003235	2.7427796162	0.48334172368	0.645578503609	-0.591277658939	8.72092249339	1.77954769774	-58.0400009155	-8.55900478363	-45.1016464233	0.0137117505074	0.0	0.0	0.0	0.0	0.0	0.153465198908	1.0	1
1.0	580.163452148	2.0	1.0	595.797180176	1.0	1.0	19.3359804153	0.0	-0.0314095430076	0.976040661335	-0.215309500694	2.59880171452	3.18691742005	-56.0963516235	2.56901502609	-49.6057014465	0.215499699116	2.0	9.35999965668	52.2070007324	0.0	10.8000001907	0.0627594089033	1.0	1
1.0	378.726013184	1.0	0.0	390.260009766	1.0	0.0	0.0	10.0	0.0	0.0	0.0	0.0	0.0	0.0	0.0	0.0	2.0	0.0	0.0	0.0	0.0	0.0	1.97350158495e-12	0.0	1
1.0	2597.25	9.0	5.0	2608.78295898	4.0	2.0	172.385307789	0.0	0.998985528946	-0.0365951620042	0.0262422859669	2.80493078	31.8180452022	-49.1164016724	-6.37683010101	-66.2675476074	0.44357213378	7.0	10.220000267	314.504400253	5.0	24.7199993134	0.999840276342	1.0	1
1.0	1478.37451172	7.0	3.0	590.195922852	4.0	2.0	135.539412022	0.0	0.0429121106863	0.98595136404	-0.161426439881	36.0681135281	2.85441668081	-64.2057952881	-10.237745285	-42.5285491943	0.611746132374	3.0	10.0	88.1664981842	2.0	13.3000001907	0.945024066581	1.0	1
1.0	2814.48828125	7.0	4.0	1737.90722656	6.0	3.0	189.492201805	0.0	-0.0429944470525	-0.98594981432	0.161413967609	0.0	40.6706384272	-53.9390487671	13.9428005219	-65.8078460693	0.872395336628	1.0	6.40000009537	14.4750995636	1.0	6.40000009537	0.999805425167	1.0	1
1.0	717.078796387	3.0	1.0	834.349975586	2.0	1.0	0.0	10.0	0.0	0.0	0.0	0.0	0.0	0.0	0.0	0.0	2.0	1.0	22.7399997711	44.7411994934	1.0	22.7399997711	0.124365311086	1.0	1
1.0	409.484802246	2.0	1.0	857.419006348	3.0	1.0	23.6865005493	3.09984519941	0.55941849947	-0.751815736294	-0.349032968283	7.3039563471	31.979184056	-51.1928482056	3.19848036766	-67.8854522705	0.986949920654	0.0	0.0	0.0	0.0	0.0	0.980717796385	1.0	1
1.0	519.065795898	2.0	2.0	1749.44213867	3.0	2.0	85.5347986221	0.0	-0.0429124422371	-0.985951066017	0.161427676678	0.0	10.4587460217	-64.2819061279	-11.2387504578	-41.0648498535	0.198292866349	5.0	13.3000001907	235.549295425	4.0	23.1800003052	0.915317278797	1.0	1
1.0	892.02331543	2.0	1.0	253.76499939	1.0	1.0	25.0023994446	0.0	-0.0429121106863	-0.98595136404	0.161426439881	35.1003409606	1.20240177364	-64.2057952881	-10.237745285	-42.5285491943	0.611746132374	2.0	13.3000001907	85.5346984863	2.0	23.1800003052	0.989966982888	1.0	1
1.0	649.792602539	4.0	1.0	955.46496582	2.0	1.0	0.0	10.0	0.0	0.0	0.0	0.0	0.0	0.0	0.0	0.0	2.0	1.0	23.1800003052	44.7411994934	1.0	23.1800003052	0.0657012165851	1.0	1
1.0	1364.9498291	4.0	2.0	1086.19226074	3.0	3.0	155.278301239	0.0	-0.0429944470525	-0.98594981432	0.161413967609	0.0	26.2277481952	-53.9390487671	13.9428005219	-65.8078460693	0.872395336628	4.0	6.40000009537	118.432596207	2.0	13.3000001907	0.967576199686	1.0	1
1.0	618.263977051	1.0	0.0	236.938995361	1.0	0.0	0.0	10.0	0.0	0.0	0.0	0.0	0.0	0.0	0.0	0.0	2.0	0.0	0.0	0.0	0.0	0.0	1.97350158495e-12	0.0	1
1.0	2554.50317383	4.0	2.0	1141.50341797	7.0	4.0	90.5271997452	0.0	0.999825954437	0.0	0.0186565555632	25.5966974035	5.87124513798	-57.5023002625	-19.3358001709	-37.9826507568	0.965081691742	4.0	10.5	168.749898911	0.0	21.9400005341	0.735419296631	1.0	1
1.0	712.052185059	3.0	1.0	559.028015137	2.0	1.0	1.7578099966	2.91204223965	0.354030400515	-0.157350212336	-0.921902060509	30.4909314291	2.17647663284	-60.8743972778	-18.381149292	-32.4120483398	0.314312666655	0.0	0.0	0.0	0.0	0.0	0.0614460410829	1.0	1
1.0	1296.99658203	2.0	2.0	1131.6307373	4.0	3.0	82.6171087027	0.0	0.00382821750827	0.980682373047	-0.195569634438	7.40714023567	27.5239663854	-51.0895996094	-6.52203464508	-60.2223510742	0.14422044158	5.0	6.07999992371	168.749927998	1.0	6.07999992371	0.678414760979	1.0	1
1.0	707.116271973	1.0	1.0	635.539611816	3.0	2.0	50.9764995575	0.0	0.00382821750827	0.980682373047	-0.195569634438	7.40714023567	18.9867113724	-51.0895996094	-6.52203464508	-60.2223510742	0.14422044158	2.0	10.5	86.1327991486	0.0	21.9400005341	0.34552316269	1.0	1
1.0	294.487304688	1.0	0.0	275.311828613	1.0	0.0	0.0	10.0	0.0	0.0	0.0	0.0	0.0	0.0	0.0	0.0	2.0	0.0	0.0	0.0	0.0	0.0	1.97350158495e-12	0.0	1
1.0	1509.42138672	9.0	4.0	1808.0177002	7.0	3.0	101.689432621	0.0	-0.0288081448525	0.963130354881	-0.267488181591	38.6547863127	4.22144034045	-58.5283966064	-18.7433509827	-32.1039505005	0.0492765009403	7.0	10.1599998474	245.65430069	3.0	24.3199996948	0.986055064728	1.0	1
1.0	719.097351074	6.0	0.0	390.367492676	3.0	0.0	0.0	10.0	0.0	0.0	0.0	0.0	0.0	0.0	0.0	0.0	2.0	0.0	0.0	0.0	0.0	0.0	1.97350158495e-12	1.0	1
1.0	2213.45214844	7.0	2.0	1306.70349121	4.0	1.0	44.5605311394	0.0	-0.0288054011762	0.963110744953	-0.267559438944	31.5043826006	11.3396950612	-55.9070968628	-6.17481517792	-42.8551025391	0.274282217026	1.0	20.6399993896	63.9844017029	0.0	20.6399993896	0.99914583416	1.0	1
1.0	979.342468262	5.0	2.0	1162.8840332	4.0	2.0	69.6972489357	0.0	-0.0288015343249	0.963110804558	-0.267559438944	24.2564701219	17.6402530546	-54.964099884	-3.75946497917	-49.352897644	0.194875732064	5.0	13.0600004196	163.388601303	0.0	19.4200000763	0.901400220704	1.0	1
1.0	513.641052246	4.0	2.0	1045.08911133	3.0	1.0	79.9804491997	0.0	-0.0288015343249	0.963110804558	-0.267559438944	24.2564701219	20.0249226734	-54.964099884	-3.75946497917	-49.352897644	0.194875732064	5.0	13.0600004196	145.107400894	0.0	20.1599998474	0.360143262393	1.0	1
1.0	1010.8458252	5.0	3.0	1206.71484375	3.0	2.0	124.540950298	0.0	0.0288015343249	-0.963110804558	0.267559438944	24.6249950428	17.2650346336	-54.964099884	-3.75946497917	-49.352897644	0.194875732064	3.0	13.0600004196	92.5488014221	0.0	13.0600004196	0.972510041557	1.0	1
1.0	762.928466797	5.0	2.0	443.786499023	2.0	1.0	45.7030982971	2.75653046373	-0.400300651789	0.909985125065	0.10810405761	13.1600113156	14.9718266712	-50.3615493774	-7.64114522934	-56.974647522	0.816799402237	3.0	13.0600004196	57.128900528	0.0	19.4200000763	0.790972275841	1.0	1
1.0	238.329498291	1.0	1.0	268.463500977	2.0	1.0	0.0	10.0	0.0	0.0	0.0	0.0	0.0	0.0	0.0	0.0	2.0	4.0	13.0600004196	62.8418006897	0.0	20.6399993896	0.986673905727	1.0	1
1.0	864.88470459	1.0	1.0	215.166000366	1.0	1.0	24.6093997955	2.91488414973	0.0441782921553	0.914194464684	-0.402860879898	17.2022051795	1.61895912911	-57.1781997681	-5.17658424377	-46.3380012512	0.830197572708	0.0	0.0	0.0	0.0	0.0	-1.0	0.0	1
1.0	1250.21496582	4.0	1.0	272.824890137	3.0	1.0	24.6093997955	2.91488414973	0.0441782921553	0.914194464684	-0.402860879898	17.2022051795	1.61895912911	-57.1781997681	-5.17658424377	-46.3380012512	0.830197572708	0.0	0.0	0.0	0.0	0.0	0.0526856696892	1.0	1
1.0	864.88470459	1.0	1.0	262.980804443	2.0	2.0	51.8555397987	0.0	0.0535350218415	0.956537187099	-0.286654233932	21.899046493	1.07411459678	-58.1287498474	-9.59808540344	-37.9935493469	0.185219720006	2.0	6.51999998093	37.7929992676	0.0	9.11999988556	0.135394150011	1.0	1
1.0	1462.56884766	1.0	1.0	804.412536621	3.0	2.0	64.160159111	0.0	0.995689451694	-0.0703885480762	-0.0603980608284	5.31931720224	0.0	-45.929851532	-17.0577507019	-53.2410507202	0.694530487061	2.0	6.90000009537	30.7617006302	0.0	8.11999988556	0.783622360478	1.0	1
1.0	247.496994019	1.0	0.0	13.6122999191	1.0	0.0	0.0	10.0	0.0	0.0	0.0	0.0	0.0	0.0	0.0	0.0	2.0	0.0	0.0	0.0	0.0	0.0	1.97350158495e-12	0.0	1
1.0	1325.34545898	4.0	0.0	550.680664062	5.0	0.0	0.0	10.0	0.0	0.0	0.0	0.0	0.0	0.0	0.0	0.0	2.0	0.0	0.0	0.0	0.0	0.0	1.97350158495e-12	1.0	1
1.0	548.206115723	2.0	1.0	13.6122999191	1.0	1.0	12.0	3.76528878512	0.722176551819	0.169412717223	-0.670641839504	5.81744338627	2.11669319266	-48.9076004028	1.29870414734	-64.7700958252	0.532167375088	0.0	0.0	0.0	0.0	0.0	0.230767512782	1.0	1
1.0	69.2991027832	1.0	0.0	258.634613037	3.0	0.0	0.0	10.0	0.0	0.0	0.0	0.0	0.0	0.0	0.0	0.0	2.0	0.0	0.0	0.0	0.0	0.0	1.97350158495e-12	1.0	1
1.0	475.906005859	1.0	0.0	496.540985107	1.0	0.0	0.0	10.0	0.0	0.0	0.0	0.0	0.0	0.0	0.0	0.0	2.0	0.0	0.0	0.0	0.0	0.0	1.97350158495e-12	0.0	1
1.0	668.073364258	3.0	1.0	150.897399902	2.0	1.0	21.0	0.0	0.00261039868928	-0.988878786564	-0.148700267076	26.6185690407	2.41296272781	-63.3240013123	-10.783949852	-42.3581504822	0.724172055721	1.0	17.7399997711	47.0	0.0	17.7399997711	0.966418703826	1.0	1
1.0	709.343994141	3.0	1.0	1113.02575684	4.0	1.0	3.0	3.4937945259	-0.158066928387	0.82106423378	-0.548514723778	0.0	0.0	-59.75050354	3.24073505402	-56.6968994141	0.765650093555	0.0	0.0	0.0	0.0	0.0	0.00499995833375	1.0	1
1.0	2829.64135742	3.0	1.0	848.633483887	6.0	2.0	74.0	0.0	-0.0178261473775	-0.144380271435	0.989361703396	13.4484625523	15.6372774031	-60.926700592	-3.30017995834	-52.7481994629	0.613827526569	2.0	16.7000007629	117.0	0.0	25.7399997711	0.970451936613	1.0	1
1.0	475.906005859	1.0	0.0	576.503479004	2.0	0.0	0.0	10.0	0.0	0.0	0.0	0.0	0.0	0.0	0.0	0.0	2.0	0.0	0.0	0.0	0.0	0.0	1.97350158495e-12	1.0	1
1.0	969.868041992	1.0	0.0	768.670959473	2.0	0.0	0.0	10.0	0.0	0.0	0.0	0.0	0.0	0.0	0.0	0.0	2.0	0.0	0.0	0.0	0.0	0.0	1.97350158495e-12	1.0	1
1.0	862.821044922	1.0	0.0	496.540985107	1.0	0.0	0.0	10.0	0.0	0.0	0.0	0.0	0.0	0.0	0.0	0.0	2.0	0.0	0.0	0.0	0.0	0.0	1.97350158495e-12	1.0	1
1.0	625.085998535	1.0	0.0	479.888000488	1.0	0.0	0.0	10.0	0.0	0.0	0.0	0.0	0.0	0.0	0.0	0.0	2.0	0.0	0.0	0.0	0.0	0.0	1.97350158495e-12	0.0	1
1.0	3099.58642578	4.0	2.0	1202.18212891	5.0	2.0	60.0	0.0	-0.00269271060824	0.99008667469	0.140431940556	9.86614825287	1.07667344273	-58.8813514709	-17.5099983215	-46.2318992615	0.663657009602	2.0	17.1599998474	112.0	0.0	25.3600006104	0.996747983947	1.0	1
1.0	2783.3515625	6.0	1.0	996.691223145	6.0	1.0	50.0	0.0	0.0188808627427	0.152910232544	-0.988059699535	37.3503687911	3.03095613609	-72.4268493652	4.81721496582	-32.3350486755	0.839092850685	1.0	8.57999992371	16.0	0.0	8.57999992371	0.916226785884	1.0	1
1.0	3734.51635742	5.0	3.0	1801.42724609	6.0	3.0	140.0	0.0	0.0188808627427	0.152910232544	-0.988059699535	37.3503687911	3.03095613609	-72.4268493652	4.81721496582	-32.3350486755	0.839092850685	4.0	2.42000007629	121.0	3.0	17.4799995422	0.99949305413	1.0	1
1.0	691.530944824	4.0	3.0	1416.28613281	4.0	3.0	144.0	0.0	0.0188808627427	0.152910232544	-0.988059699535	19.049171666	3.03095613609	-72.4268493652	4.81721496582	-32.3350486755	0.839092850685	3.0	8.57999992371	115.0	2.0	18.5400009155	0.537049566998	1.0	1
1.0	1000.38232422	2.0	1.0	662.0	2.0	1.0	1.0	0.0	-0.0188809260726	-0.152901053429	0.988061130047	2.39999219973	24.1655868114	-58.8824501038	-6.07987976074	-46.1751480103	0.9622194767	0.0	0.0	0.0	1.0	15.4200000763	0.964727319321	1.0	1
1.0	1379.37194824	6.0	4.0	1362.1451416	6.0	5.0	153.0	0.0	0.0188808627427	0.152910232544	-0.988059699535	33.8784304075	3.03095613609	-72.4268493652	4.81721496582	-32.3350486755	0.839092850685	5.0	5.15999984741	206.0	2.0	18.5400009155	0.863004792551	1.0	1
1.0	1974.92602539	3.0	3.0	1230.4831543	5.0	4.0	136.0	0.0	0.0188808627427	0.152910232544	-0.988059699535	19.049171666	3.03095613609	-72.4268493652	4.81721496582	-32.3350486755	0.839092850685	5.0	2.42000007629	142.0	3.0	18.5400009155	0.970741643659	1.0	1
1.0	760.438781738	4.0	3.0	787.509277344	3.0	2.0	66.0	0.0	-0.00269278371707	0.990086078644	0.140435755253	23.4917237338	2.34566663576	-58.901550293	-10.0478153229	-45.1735992432	0.683926224709	4.0	5.15999984741	199.0	4.0	25.3600006104	0.526290031454	1.0	1
1.0	1037.2980957	3.0	0.0	36.9145011902	1.0	0.0	0.0	10.0	0.0	0.0	0.0	0.0	0.0	0.0	0.0	0.0	2.0	0.0	0.0	0.0	0.0	0.0	1.97350158495e-12	1.0	1
1.0	370.290985107	1.0	0.0	398.307006836	1.0	0.0	0.0	10.0	0.0	0.0	0.0	0.0	0.0	0.0	0.0	0.0	2.0	0.0	0.0	0.0	0.0	0.0	1.97350158495e-12	0.0	1
1.0	1622.46081543	5.0	0.0	963.488037109	3.0	0.0	0.0	10.0	0.0	0.0	0.0	0.0	0.0	0.0	0.0	0.0	2.0	0.0	0.0	0.0	0.0	0.0	1.97350158495e-12	1.0	1
1.0	667.498352051	3.0	2.0	358.110473633	2.0	1.0	3.0	3.26038345141	0.308270961046	-0.0483818240464	-0.950067520142	13.3029395505	1.49650659667	-68.5419006348	-3.41886997223	-35.7934494019	0.751302182674	1.0	25.7800006866	32.0	0.0	25.7800006866	0.413644442187	1.0	1
1.0	1939.15734863	5.0	1.0	756.416687012	4.0	1.0	63.0	2.69816787512	-0.28424090147	0.949207544327	0.134952232242	13.5781913027	2.64326173859	-63.4140472412	0.0192650556564	-47.9901504517	0.933449864388	0.0	0.0	0.0	0.0	0.0	0.975013627474	1.0	1
1.0	677.242858887	2.0	2.0	652.881896973	2.0	1.0	19.0	0.0	0.0181095954031	0.147370189428	-0.988915622234	23.3605115735	2.36194788622	-64.6995544434	-10.683599472	-37.3306007385	0.56618398428	2.0	11.5200004578	59.0	0.0	12.3800001144	0.187746205868	1.0	1
1.0	677.242858887	2.0	2.0	1157.15991211	3.0	2.0	71.0	0.0	0.0181095954031	0.147370189428	-0.988915622234	23.3605115735	2.36194788622	-64.6995544434	-10.683599472	-37.3306007385	0.56618398428	2.0	11.5200004578	59.0	0.0	12.3800001144	0.143992265863	1.0	1
1.0	347.147979736	2.0	1.0	1116.96386719	2.0	1.0	52.0	2.69816787512	-0.28424090147	0.949207544327	0.134952232242	13.5781913027	2.64326173859	-63.4140472412	0.0192650556564	-47.9901504517	0.933449864388	0.0	0.0	0.0	0.0	0.0	0.0499583749579	1.0	1
1.0	334.552001953	1.0	0.0	579.224975586	1.0	0.0	0.0	10.0	0.0	0.0	0.0	0.0	0.0	0.0	0.0	0.0	2.0	0.0	0.0	0.0	0.0	0.0	1.97350158495e-12	0.0	1
1.0	2260.72436523	6.0	3.0	1341.95397949	3.0	2.0	131.0	0.0	0.0181427467614	0.14246635139	-0.989633440971	24.1014650018	2.39791238112	-61.4055480957	-9.45388031006	-45.4413490295	0.840130448341	3.0	9.06000041962	101.0	0.0	21.7999992371	0.623065349572	1.0	1
1.0	391.975891113	3.0	1.0	704.057495117	2.0	1.0	26.0	0.0	0.0181462951005	0.142466336489	-0.989633321762	14.444951236	11.5359651183	-62.4001502991	-1.14831995964	-51.8019485474	0.774373173714	1.0	10.6400003433	30.0	0.0	10.6400003433	0.230767512782	1.0	1
1.0	651.628112793	4.0	2.0	665.35925293	2.0	1.0	27.0	0.0	0.0181462951005	0.142466336489	-0.989633321762	2.22242765139	11.5359651183	-62.4001502991	-1.14831995964	-51.8019485474	0.774373173714	2.0	10.6400003433	89.0	0.0	21.7999992371	0.481549798364	1.0	1
1.0	344.381011963	1.0	0.0	216.647094727	1.0	0.0	0.0	10.0	0.0	0.0	0.0	0.0	0.0	0.0	0.0	0.0	2.0	0.0	0.0	0.0	0.0	0.0	1.97350158495e-12	0.0	1
1.0	2157.70703125	5.0	2.0	508.432983398	5.0	3.0	131.0	0.0	-0.0185561235994	-0.149585157633	0.988574624062	7.75703283351	24.6633089547	-50.1636505127	-19.5366001129	-50.9357528687	0.146391570568	4.0	9.42000007629	121.0	0.0	11.8999996185	0.469945198933	1.0	1
1.0	819.00201416	2.0	1.0	813.992980957	3.0	1.0	64.0	0.0	0.0186503361911	0.149631470442	-0.988565862179	1.05091471339	13.4044561008	-61.4338989258	-4.55965518951	-42.5804519653	0.881339073181	1.0	9.42000007629	24.0	0.0	9.42000007629	0.581681269574	1.0	1
1.0	344.381011963	1.0	1.0	899.149047852	3.0	1.0	19.0	2.39678112577	-0.355353653431	0.909050166607	-0.217604115605	3.26000346693	0.0	-67.2032012939	-10.0826501846	-31.2653007507	0.777031302452	0.0	0.0	0.0	0.0	0.0	0.0947152362862	1.0	1
1.0	606.111999512	1.0	1.0	76.3899993896	1.0	1.0	33.0	0.0	0.0185523908585	0.149622440338	-0.988569140434	1.54398854996	3.32379728665	-54.4722518921	-3.2624399662	-58.2055511475	0.965713024139	1.0	11.8999996185	42.0	0.0	11.8999996185	0.221278467898	1.0	1
1.0	221.699996948	1.0	0.0	279.792785645	1.0	0.0	0.0	10.0	0.0	0.0	0.0	0.0	0.0	0.0	0.0	0.0	2.0	0.0	0.0	0.0	0.0	0.0	1.97350158495e-12	0.0	1
1.0	2286.9465332	6.0	4.0	1474.8380127	6.0	3.0	159.0	0.0	0.00274488143623	-0.990049362183	-0.140693232417	1.82619093615	28.8407196404	-48.5497512817	8.03662967682	-63.2129974365	0.546552836895	9.0	1.74000000954	241.0	4.0	16.6800003052	0.966418703826	1.0	1
1.0	221.699996948	1.0	1.0	317.730682373	1.0	1.0	5.0	2.2360679775	0.0133400373161	0.725227713585	-0.688379764557	3.05918268646	5.7263903	-62.1933517456	-0.290230035782	-44.1142501831	0.780616998672	0.0	0.0	0.0	0.0	0.0	0.0249947929684	1.0	1
1.0	494.37878418	4.0	3.0	1057.52026367	3.0	2.0	11.0	0.0	0.0191151425242	0.152632921934	-0.988098025322	9.0325825378	14.6559678561	-61.109500885	-3.1368598938	-42.9633483887	0.316333293915	6.0	1.74000000954	169.0	3.0	16.6800003052	0.798695812872	1.0	1
1.0	757.572998047	2.0	1.0	11.8556003571	1.0	1.0	9.0	3.26758323254	0.493521034718	0.805083572865	-0.329055458307	6.00796583994	2.35458159939	-50.1814002991	16.2667007446	-64.6329040527	0.914626061916	0.0	0.0	0.0	0.0	0.0	0.974515301072	1.0	1
1.0	219.328704834	3.0	2.0	478.967102051	2.0	1.0	52.0	0.0	0.0192109663039	0.152657717466	-0.988092422485	17.24289723	10.9020809742	-58.7511520386	1.23958492279	-50.504699707	0.353023588657	2.0	1.74000000954	29.0	2.0	8.73999977112	0.249612948937	1.0	1
1.0	94.8449020386	2.0	1.0	794.326293945	2.0	1.0	35.0	0.0	0.00274488143623	-0.990049362183	-0.140693232417	1.82619093615	16.401203651	-48.5497512817	8.03662967682	-63.2129974365	0.546552836895	1.0	8.73999977112	15.0	0.0	8.73999977112	0.173235157835	1.0	1
1.0	461.520996094	1.0	0.0	506.283996582	1.0	0.0	0.0	10.0	0.0	0.0	0.0	0.0	0.0	0.0	0.0	0.0	2.0	0.0	0.0	0.0	0.0	0.0	1.97350158495e-12	0.0	1
1.0	943.108886719	6.0	1.0	500.109924316	4.0	1.0	19.4237995148	0.0	0.999529898167	0.0	0.0306577067822	3.19970133103	1.44809829707	-55.6627502441	-11.9375	-46.4954490662	0.682666957378	1.0	20.6599998474	58.2714996338	0.0	20.6599998474	0.418280028332	1.0	1
1.0	2432.63476562	5.0	0.0	852.039367676	6.0	0.0	0.0	10.0	0.0	0.0	0.0	0.0	0.0	0.0	0.0	0.0	2.0	0.0	0.0	0.0	0.0	0.0	1.97350158495e-12	1.0	1
1.0	773.317993164	1.0	1.0	649.833984375	2.0	1.0	53.7011985779	0.0	0.00326718366705	0.994222700596	-0.107287459075	1.95917836348	1.82222611199	-52.6029968262	-2.78129005432	-59.2814483643	0.787154376507	0.0	0.0	0.0	1.0	13.8599996567	0.486373419276	1.0	1
1.0	311.79699707	1.0	1.0	649.833984375	2.0	1.0	53.7011985779	0.0	0.00326718366705	0.994222700596	-0.107287459075	1.95917836348	1.82222611199	-52.6029968262	-2.78129005432	-59.2814483643	0.787154376507	0.0	0.0	0.0	1.0	13.8599996567	0.408808661027	1.0	1
1.0	773.317993164	1.0	1.0	720.837280273	2.0	1.0	53.7011985779	0.0	0.00326718366705	0.994222700596	-0.107287459075	1.95917836348	1.82222611199	-52.6029968262	-2.78129005432	-59.2814483643	0.787154376507	0.0	0.0	0.0	1.0	13.8599996567	0.096814799856	1.0	1
1.0	390.537994385	1.0	0.0	177.516998291	1.0	0.0	0.0	10.0	0.0	0.0	0.0	0.0	0.0	0.0	0.0	0.0	2.0	0.0	0.0	0.0	0.0	0.0	1.97350158495e-12	0.0	1
1.0	3539.90185547	3.0	1.0	935.619934082	4.0	2.0	84.374920845	0.0	-0.0265267975628	-0.970077812672	0.241340696812	12.0675120639	4.30666675516	-48.9983978271	-14.5101499557	-52.5229492188	0.0677680075169	3.0	5.26000022888	135.791016579	1.0	5.26000022888	0.999256543213	1.0	1
1.0	2646.05078125	5.0	3.0	1179.96679688	3.0	1.0	65.9179201126	0.0	-0.0265243332833	-0.970083475113	0.241318270564	19.7215742455	2.70141282734	-61.1686019897	-3.85091996193	-43.492149353	0.609061419964	4.0	5.26000022888	243.896412849	2.0	23.5799999237	0.998080264513	1.0	1
1.0	2487.32958984	3.0	1.0	1284.38879395	4.0	3.0	89.6484022141	0.0	0.0265248287469	0.970082342625	-0.241322770715	31.2722791676	3.07788239893	-60.9478988647	-3.21066999435	-45.5009498596	0.730648815632	4.0	4.0	114.697277546	4.0	23.5799999237	0.997534483065	1.0	1
1.0	1104.78271484	3.0	1.0	760.19128418	3.0	2.0	44.8242015839	0.0	0.0265243202448	0.970083475113	-0.241318166256	1.11111389133	16.936865763	-46.956199646	-13.1315994263	-50.7634506226	0.250541269779	2.0	6.0	100.195317268	2.0	23.5799999237	0.796017713255	1.0	1
1.0	1910.91967773	3.0	1.0	522.109313965	2.0	2.0	77.7831010818	0.0	0.0265243202448	0.970083475113	-0.241318166256	1.11111389133	0.0	-46.956199646	-13.1315994263	-50.7634506226	0.250541269779	1.0	6.0	9.22852039337	1.0	6.0	0.982778458905	1.0	1
1.0	806.136962891	1.0	1.0	177.516998291	1.0	1.0	27.6854991913	2.99018557837	0.605749905109	0.336348026991	-0.721066534519	9.01075695182	0.0	-59.8163490295	3.1168050766	-50.7108001709	0.146511822939	0.0	0.0	0.0	0.0	0.0	0.436596114186	1.0	1
1.0	829.109741211	2.0	1.0	177.516998291	1.0	1.0	27.6854991913	2.99018557837	0.605749905109	0.336348026991	-0.721066534519	9.01075695182	0.0	-59.8163490295	3.1168050766	-50.7108001709	0.146511822939	0.0	0.0	0.0	0.0	0.0	0.46804838517	1.0	1
1.0	1910.91967773	3.0	1.0	522.109313965	2.0	2.0	77.7831010818	0.0	0.0265243202448	0.970083475113	-0.241318166256	1.11111389133	0.0	-46.956199646	-13.1315994263	-50.7634506226	0.250541269779	1.0	6.0	9.22852039337	1.0	6.0	0.973516103629	1.0	1
1.0	483.600006104	1.0	0.0	446.039001465	1.0	0.0	0.0	10.0	0.0	0.0	0.0	0.0	0.0	0.0	0.0	0.0	2.0	0.0	0.0	0.0	0.0	0.0	1.97350158495e-12	0.0	1
1.0	1389.76281738	4.0	0.0	1291.16455078	3.0	0.0	0.0	10.0	0.0	0.0	0.0	0.0	0.0	0.0	0.0	0.0	2.0	0.0	0.0	0.0	0.0	0.0	1.97350158495e-12	1.0	1
1.0	971.895019531	1.0	1.0	674.536132812	2.0	1.0	25.7492008209	2.09486996887	-0.0752144902945	0.67592394352	-0.733123123646	0.0	16.9160155122	-55.7223968506	-7.18417978287	-49.1528511047	0.553299248219	0.0	0.0	0.0	0.0	0.0	0.206782722792	1.0	1
1.0	1200.39196777	1.0	1.0	1818.58520508	3.0	1.0	20.0271697044	0.0	-0.106015056372	0.937812685966	-0.330557465553	1.98729017098	28.3719529184	-56.5402488708	-9.97231006622	-48.2182502747	0.486102640629	2.0	23.2399997711	123.977500916	0.0	23.2399997711	0.46265031639	1.0	1
1.0	1200.39196777	1.0	0.0	1267.68884277	2.0	0.0	0.0	10.0	0.0	0.0	0.0	0.0	0.0	0.0	0.0	0.0	2.0	0.0	0.0	0.0	0.0	0.0	1.97350158495e-12	1.0	1
1.0	306.334716797	1.0	0.0	268.242004395	1.0	0.0	0.0	10.0	0.0	0.0	0.0	0.0	0.0	0.0	0.0	0.0	2.0	0.0	0.0	0.0	0.0	0.0	1.97350158495e-12	0.0	1
1.0	3625.22900391	5.0	1.0	1325.33618164	4.0	1.0	42.1038408279	0.0	-0.0364892370999	0.997942149639	-0.0527261085808	30.3643996341	7.48333720297	-61.3255004883	2.46503996849	-42.8721008301	0.460125476122	2.0	13.4399995804	100.306301117	0.0	16.4799995422	0.998216510988	1.0	1
1.0	406.330047607	6.0	1.0	763.457641602	7.0	1.0	23.5286006927	2.25399647868	0.474187880754	-0.771513342857	-0.424161434174	8.43208150305	9.37579586466	-63.725151062	-2.10278916359	-38.7166519165	0.532073378563	0.0	0.0	0.0	0.0	0.0	0.715226196119	1.0	1
1.0	3353.81323242	4.0	1.0	1298.35351562	4.0	2.0	39.6271381378	0.0	-0.0363948084414	0.997950553894	-0.0526318177581	30.550605191	3.10890155811	-61.2463493347	3.43848991394	-44.2822494507	0.474935114384	1.0	16.4799995422	54.4874000549	0.0	16.4799995422	0.998624630162	1.0	1
1.0	253.956207275	1.0	1.0	320.620513916	2.0	1.0	23.5286006927	0.0	0.086198374629	-0.0523520335555	-0.994901537895	2.36734552139	1.36194337271	-60.3459014893	-11.2066497803	-34.5961990356	0.40828409791	2.0	7.03999996185	55.7257013321	2.0	14.1000003815	0.376754210708	1.0	1
1.0	1463.42419434	3.0	1.0	734.887268066	5.0	3.0	105.259598732	0.0	0.086198374629	-0.0523520335555	-0.994901537895	26.2674583871	1.36194337271	-60.3459014893	-11.2066497803	-34.5961990356	0.40828409791	4.0	6.61999988556	116.404802322	2.0	14.1000003815	0.97145801336	1.0	1
1.0	1517.39001465	3.0	1.0	541.245483398	4.0	2.0	116.404699326	0.0	0.086198374629	-0.0523520335555	-0.994901537895	26.2674583871	1.36194337271	-60.3459014893	-11.2066497803	-34.5961990356	0.40828409791	3.0	6.61999988556	70.5859012604	2.0	14.1000003815	0.963137318392	1.0	1
1.0	1517.39001465	3.0	1.0	765.044555664	5.0	3.0	136.218239784	0.0	0.086198374629	-0.0523520335555	-0.994901537895	26.2674583871	1.36194337271	-60.3459014893	-11.2066497803	-34.5961990356	0.40828409791	5.0	6.61999988556	160.985403061	2.0	14.1000003815	0.988198561861	1.0	1
1.0	1382.47570801	2.0	1.0	692.032104492	3.0	2.0	39.6271381378	0.0	-0.0363948084414	0.997950553894	-0.0526318177581	30.550605191	3.10890155811	-61.2463493347	3.43848991394	-44.2822494507	0.474935114384	1.0	16.4799995422	54.4874000549	0.0	16.4799995422	0.652798366841	1.0	1
1.0	1653.89160156	3.0	1.0	628.54296875	3.0	1.0	47.0571985245	1.6664782974	0.454707443714	-0.0346319265664	-0.889967262745	25.3523004034	0.0	-56.8768501282	-0.291335999966	-47.8782501221	0.211202278733	0.0	0.0	0.0	0.0	0.0	0.979486437196	1.0	1
1.0	402.933013916	1.0	0.0	330.134002686	1.0	0.0	0.0	10.0	0.0	0.0	0.0	0.0	0.0	0.0	0.0	0.0	2.0	0.0	0.0	0.0	0.0	0.0	1.97350158495e-12	0.0	1
1.0	2534.41381836	6.0	2.0	1594.80200195	5.0	2.0	110.711919308	0.0	0.993340551853	0.0	-0.115214854479	16.5984785739	26.8521080284	-51.09349823	-7.72964000702	-52.34375	0.625015497208	4.0	8.77999973297	130.114999771	0.0	19.0599994659	0.967679051053	1.0	1
1.0	2478.54492188	4.0	2.0	528.21496582	6.0	2.0	127.832299948	0.0	0.021023273468	-0.981932163239	0.188061907887	2.5858231718	22.923427329	-51.2255477905	-0.684059500694	-58.2930526733	0.525928258896	4.0	8.77999973297	130.114999771	0.0	19.0599994659	0.939628417082	1.0	1
1.0	619.635681152	2.0	2.0	1511.84484863	4.0	3.0	105.005057096	0.0	0.021023273468	-0.981932163239	0.188061907887	2.5858231718	13.5669354336	-51.2255477905	-0.684059500694	-58.2930526733	0.525928258896	2.0	3.46000003815	45.6543605328	1.0	3.46000003815	0.775080917455	1.0	1
1.0	755.075805664	1.0	1.0	397.85369873	3.0	1.0	13.6962797642	2.72631065277	-0.741561114788	0.656034529209	0.140377104282	2.11619077073	11.266003564	-57.7145500183	-5.73452472687	-49.6641998291	0.816526293755	0.0	0.0	0.0	0.0	0.0	0.379500094882	1.0	1
1.0	689.048828125	2.0	1.0	1454.28295898	3.0	1.0	3.42407989502	0.0	0.99334102869	0.0	-0.11521089077	2.37224338571	2.98969980117	-54.0387001038	-9.55266952515	-50.1159515381	0.972918391228	0.0	0.0	0.0	1.0	17.8400001526	0.141709713063	1.0	1
1.0	371.840026855	1.0	1.0	398.398986816	1.0	1.0	14.8535003662	3.05653235881	0.0462485551834	0.758879125118	-0.649587273598	6.00084902796	0.0	-58.8900527954	-0.987959980965	-51.7212524414	0.858030319214	0.0	0.0	0.0	0.0	0.0	-1.0	0.0	1
1.0	2913.29760742	5.0	2.0	1704.81689453	6.0	3.0	44.560500145	0.0	-0.998334884644	-0.0336515568197	0.0468500442803	13.7489357276	38.0272825581	-50.8793487549	-16.3788490295	-52.4134521484	0.984925866127	2.0	13.8599996567	142.822296143	0.0	16.3799991608	0.998143258254	1.0	1
1.0	403.379882812	3.0	1.0	604.239013672	2.0	1.0	20.566400528	0.0	0.0472567677498	-0.972083628178	0.229826629162	2.33887615799	4.33220406025	-61.0225524902	-5.62917995453	-43.2460479736	0.914153575897	2.0	15.1599998474	84.5507984161	0.0	18.5200004578	0.028556734459	1.0	1
1.0	2695.83740234	5.0	2.0	1027.53857422	6.0	3.0	84.550778389	0.0	0.0472533963621	-0.972083210945	0.229828923941	47.2004069683	6.60189157603	-67.5295562744	6.69272518158	-34.5945510864	0.601065635681	2.0	8.14000034332	83.4081993103	1.0	20.6599998474	0.999549442876	1.0	1
1.0	443.218994141	1.0	1.0	1165.31799316	2.0	1.0	21.7090206146	0.0	-0.047258336097	0.972106218338	-0.229730471969	3.62701807082	12.4884529185	-54.8809509277	-7.7537150383	-51.0746002197	0.566360354424	2.0	20.6599998474	130.253898621	1.0	20.6599998474	0.432318084684	1.0	1
1.0	592.619995117	2.0	1.0	1029.19787598	2.0	2.0	35.4199008942	0.0	-0.047258336097	0.972106218338	-0.229730471969	0.0	1.90680217563	-54.8809509277	-7.7537150383	-51.0746002197	0.27409863472	1.0	20.6599998474	54.8437995911	1.0	20.6599998474	0.560890176549	1.0	1
1.0	371.840026855	1.0	0.0	313.739013672	1.0	0.0	0.0	10.0	0.0	0.0	0.0	0.0	0.0	0.0	0.0	0.0	2.0	0.0	0.0	0.0	0.0	0.0	1.97350158495e-12	1.0	1
1.0	296.214996338	1.0	0.0	402.466003418	1.0	0.0	0.0	10.0	0.0	0.0	0.0	0.0	0.0	0.0	0.0	0.0	2.0	0.0	0.0	0.0	0.0	0.0	1.97350158495e-12	0.0	1
1.0	1033.53356934	6.0	2.0	969.138305664	3.0	2.0	76.5527009964	0.0	-0.108658239245	-0.146983608603	-0.983152627945	1.48334925497	12.6208017753	-52.2240524292	14.1380500793	-61.717300415	0.800932884216	0.0	0.0	0.0	1.0	24.4400005341	0.967818290418	1.0	1
1.0	755.026733398	6.0	0.0	519.986022949	1.0	0.0	0.0	10.0	0.0	0.0	0.0	0.0	0.0	0.0	0.0	0.0	2.0	0.0	0.0	0.0	0.0	0.0	1.97350158495e-12	1.0	1
1.0	682.582763672	3.0	2.0	1107.58703613	3.0	2.0	74.2675490379	0.0	-0.108658239245	-0.146983608603	-0.983152627945	1.48334925497	20.9174679708	-52.2240524292	14.1380500793	-61.717300415	0.800932884216	1.0	8.22000026703	29.7070007324	1.0	24.4400005341	0.591411626258	1.0	1
1.0	1152.66369629	4.0	2.0	1574.44775391	3.0	3.0	119.970752239	0.0	0.05884334445	0.984721601009	-0.163892388344	36.5047905273	1.47159260756	-63.5893478394	-14.0069999695	-35.7314529419	0.789425551891	1.0	15.5799999237	51.4160003662	1.0	24.4400005341	0.835300471347	1.0	1
1.0	194.793685913	2.0	0.0	519.986022949	1.0	0.0	0.0	10.0	0.0	0.0	0.0	0.0	0.0	0.0	0.0	0.0	2.0	0.0	0.0	0.0	0.0	0.0	1.97350158495e-12	1.0	1
1.0	382.022003174	1.0	0.0	26.0727005005	1.0	0.0	0.0	10.0	0.0	0.0	0.0	0.0	0.0	0.0	0.0	0.0	2.0	0.0	0.0	0.0	0.0	0.0	1.97350158495e-12	0.0	1
1.0	564.531005859	1.0	0.0	26.0727005005	1.0	0.0	0.0	10.0	0.0	0.0	0.0	0.0	0.0	0.0	0.0	0.0	2.0	0.0	0.0	0.0	0.0	0.0	1.97350158495e-12	1.0	1
1.0	336.678192139	2.0	0.0	105.425003052	1.0	0.0	0.0	10.0	0.0	0.0	0.0	0.0	0.0	0.0	0.0	0.0	2.0	0.0	0.0	0.0	0.0	0.0	1.97350158495e-12	1.0	1
1.0	564.531005859	1.0	1.0	326.475494385	3.0	1.0	30.1318697929	0.0	1.0	0.0	0.0	0.929000857374	8.12633515172	-59.9197998047	-9.12220001221	-38.8801994324	0.923435807228	1.0	5.73999977112	28.3593997955	0.0	5.73999977112	0.328546995979	1.0	1
1.0	450.037811279	2.0	2.0	546.393676758	3.0	1.0	29.245639801	0.0	-1.0	0.0	0.0	12.3766151684	1.8718105528	-59.9198493958	-15.0733003616	-29.736700058	0.791900277138	2.0	5.73999977112	81.5332012177	1.0	21.3600006104	0.423523201278	1.0	1
1.0	2641.8918457	4.0	4.0	992.474060059	5.0	2.0	151.874951482	0.0	0.999419689178	0.0340552516282	0.000767833727878	1.04330718875	28.1631176159	-47.1431503296	-8.99332523346	-56.9187011719	0.844296336174	11.0	0.939999997616	222.539202094	7.0	21.7399997711	0.985279835699	1.0	1
1.0	2720.28662109	2.0	2.0	566.007873535	6.0	3.0	95.9766018391	0.0	0.999419689178	0.0340552516282	0.000767833727878	1.04330718875	14.3199896394	-47.1431503296	-8.99332523346	-56.9187011719	0.844296336174	4.0	3.40000009537	129.726622581	2.0	11.7399997711	0.99591287816	1.0	1
1.0	1934.77416992	4.0	2.0	1103.79418945	4.0	1.0	54.8437795639	0.0	0.999417364597	0.0341228172183	0.00076417560922	25.644201314	0.0	-60.5629501343	-13.6319999695	-36.2632980347	0.717575371265	8.0	5.86000013351	217.265780687	6.0	21.7399997711	0.979644934655	1.0	1
1.0	826.276977539	1.0	1.0	32.9257011414	1.0	1.0	1.0546900034	2.44627882904	0.128607809544	0.59107452631	-0.796298325062	12.0351949194	0.0	-62.6350021362	-14.1767997742	-30.8682994843	0.825513243675	1.0	6.69999980927	7.38281011581	0.0	6.69999980927	0.329951198505	1.0	1
1.0	344.067199707	1.0	1.0	515.427001953	1.0	1.0	4.87426996231	3.13954774212	-0.163687452674	0.942351818085	-0.29185539484	0.0	1.04689190979	-60.0701980591	-0.889454841614	-37.6480484009	0.872681379318	0.0	0.0	0.0	0.0	0.0	-1.0	0.0	1
1.0	2432.75830078	8.0	5.0	1925.4276123	6.0	3.0	128.355680466	0.0	-0.997141540051	0.0	-0.0755566507578	38.6337296087	1.94256311714	-60.4240493774	-15.5612001419	-26.3836517334	0.529577493668	6.0	3.03999996185	166.537541389	2.0	21.4599990845	0.966419158981	1.0	1
1.0	720.51739502	5.0	0.0	979.579711914	3.0	0.0	0.0	10.0	0.0	0.0	0.0	0.0	0.0	0.0	0.0	0.0	2.0	0.0	0.0	0.0	0.0	0.0	1.97350158495e-12	1.0	1
1.0	1029.50317383	2.0	2.0	933.704467773	3.0	2.0	73.9264297485	0.0	-0.00358391972259	-0.998915970325	0.0464111752808	23.8114016623	19.3268191884	-60.40284729	-7.54917478561	-33.3848495483	0.624997854233	2.0	21.4599990845	103.984397888	2.0	21.5400009155	0.587784147024	1.0	1
1.0	537.015197754	2.0	1.0	909.416992188	2.0	2.0	34.9322896004	0.0	0.997142255306	0.0	0.0755477026105	1.63814975573	25.5071090064	-53.3852996826	3.97726011276	-49.2997512817	0.974412858486	1.0	20.7000007629	46.3055000305	1.0	20.7000007629	0.364284906994	1.0	1
1.0	798.776000977	1.0	1.0	322.479003906	1.0	1.0	17.0598902702	0.0	0.997148811817	0.0	0.0754606351256	0.0	3.90452842923	-51.0921516418	3.86710000038	-51.772102356	0.722451210022	2.0	3.90000009537	51.9921498299	2.0	20.7000007629	0.587783892667	1.0	1
1.0	1435.63781738	2.0	2.0	909.416992188	2.0	2.0	59.303589344	0.0	0.997148811817	0.0	0.0754606351256	0.0	27.1859273521	-51.0921516418	3.86710000038	-51.772102356	0.722451210022	4.0	3.90000009537	130.792751789	3.0	21.0799999237	0.977138535403	1.0	1
1.0	332.402008057	1.0	0.0	388.083984375	1.0	0.0	0.0	10.0	0.0	0.0	0.0	0.0	0.0	0.0	0.0	0.0	2.0	0.0	0.0	0.0	0.0	0.0	1.97350158495e-12	0.0	1
1.0	4115.37939453	5.0	4.0	2203.64208984	6.0	3.0	172.70508182	0.0	0.999440729618	0.0	-0.0334396250546	2.87641639649	36.2432914051	-58.1738967896	12.8506002426	-58.7510986328	0.862119376659	15.0	6.46000003815	340.136902452	10.0	23.3799991608	0.999999275946	1.0	1
1.0	2411.18310547	4.0	2.0	2082.1550293	6.0	1.0	0.0	10.0	0.0	0.0	0.0	0.0	0.0	0.0	0.0	0.0	2.0	2.0	10.220000267	27.6855998039	2.0	18.7999992371	0.992749598307	1.0	1
1.0	3771.16455078	4.0	3.0	2524.23339844	6.0	4.0	209.619220018	0.0	0.999440729618	0.0	-0.0334396250546	2.87641639649	36.2432914051	-58.1738967896	12.8506002426	-58.7510986328	0.862119376659	14.0	6.46000003815	316.406522036	6.0	23.3799991608	0.999960680491	1.0	1
1.0	992.145812988	2.0	1.0	690.11505127	3.0	1.0	6.59180021286	0.968245836552	0.999440729618	0.0	-0.0334397517145	2.00155900751	23.5835423904	-47.8983001709	-14.734000206	-55.2072982788	0.443355828524	1.0	19.2600002289	32.9589996338	0.0	19.2600002289	0.436596266634	1.0	1
1.0	2482.05151367	4.0	4.0	1042.76477051	4.0	3.0	171.386781573	0.0	0.999440729618	0.0	-0.0334396250546	2.87641639649	24.6922401996	-58.1738967896	12.8506002426	-58.7510986328	0.862119376659	9.0	6.46000003815	222.802960038	7.0	23.3799991608	0.986391776201	1.0	1
1.0	2699.71582031	2.0	2.0	1100.13342285	4.0	4.0	208.300899744	0.0	0.999440729618	0.0	-0.0334396250546	2.87641639649	24.6922401996	-58.1738967896	12.8506002426	-58.7510986328	0.862119376659	8.0	6.46000003815	247.851800919	5.0	23.3799991608	0.999236686981	1.0	1
1.0	2591.72753906	4.0	4.0	1172.68811035	4.0	4.0	203.027338624	0.0	0.999440729618	0.0	-0.0334396250546	2.87641639649	24.6922401996	-58.1738967896	12.8506002426	-58.7510986328	0.862119376659	9.0	8.10000038147	232.031460404	6.0	24.1800003052	0.99542332347	1.0	1
1.0	1393.7286377	4.0	2.0	1275.61608887	4.0	3.0	50.0975799561	0.0	0.999440848827	0.0	-0.0334360040724	3.050305123	15.6276711584	-54.9272003174	-12.1770000458	-52.0876998901	0.994699776173	5.0	13.3800001144	159.521600723	4.0	24.1800003052	0.837544425373	1.0	1
1.0	2141.21289062	4.0	3.0	1326.23461914	4.0	4.0	180.61525929	0.0	0.999440729618	0.0	-0.0334396250546	2.87641639649	24.6922401996	-58.1738967896	12.8506002426	-58.7510986328	0.862119376659	8.0	8.10000038147	259.716901779	8.0	24.1800003052	0.968642603348	1.0	1
1.0	805.65802002	1.0	0.0	652.114013672	1.0	0.0	0.0	10.0	0.0	0.0	0.0	0.0	0.0	0.0	0.0	0.0	2.0	0.0	0.0	0.0	0.0	0.0	1.97350158495e-12	0.0	1
1.0	2792.70776367	2.0	1.0	372.120300293	5.0	3.0	74.8827992678	0.0	0.730025470257	-0.68341833353	0.00150781078264	14.8182470062	23.0115141865	-53.2551498413	-22.4218997955	-43.8868484497	2.0	2.0	15.5	78.0469017029	0.0	17.3400001526	0.9764442826	1.0	1
1.0	1450.54699707	4.0	0.0	932.107543945	3.0	0.0	0.0	10.0	0.0	0.0	0.0	0.0	0.0	0.0	0.0	0.0	2.0	0.0	0.0	0.0	0.0	0.0	1.97350158495e-12	1.0	1
1.0	2848.70654297	3.0	1.0	868.883178711	2.0	1.0	53.789100647	2.69191937476	-0.718097746372	0.402182847261	0.567965209484	2.64396952266	7.00497096533	-54.9569473267	-4.60404968262	-57.4463996887	0.731573820114	0.0	0.0	0.0	0.0	0.0	0.980477608623	1.0	1
1.0	1239.19604492	2.0	1.0	709.919128418	1.0	1.0	39.023399353	2.59554614647	-0.170781865716	0.940921545029	-0.292403995991	28.9150598906	0.0	-64.9387512207	-8.29865455627	-37.2038497925	0.93136048317	0.0	0.0	0.0	0.0	0.0	0.325243682868	1.0	1
1.0	1246.42102051	2.0	0.0	793.014038086	1.0	0.0	0.0	10.0	0.0	0.0	0.0	0.0	0.0	0.0	0.0	0.0	2.0	0.0	0.0	0.0	0.0	0.0	1.97350158495e-12	1.0	1
1.0	1297.00109863	3.0	2.0	892.366516113	3.0	3.0	67.5000001192	0.0	0.730025470257	-0.68341833353	0.00150781078264	14.8182470062	0.0	-53.2551498413	-22.4218997955	-43.8868484497	2.0	3.0	6.59999990463	92.8125019073	0.0	17.3400001526	0.598508529275	1.0	1
1.0	429.416992188	1.0	0.0	403.970306396	1.0	0.0	0.0	10.0	0.0	0.0	0.0	0.0	0.0	0.0	0.0	0.0	2.0	0.0	0.0	0.0	0.0	0.0	1.97350158495e-12	0.0	1
1.0	2959.79785156	3.0	3.0	1528.40783691	8.0	5.0	61.1718997955	0.0	0.0376497246325	0.99792355299	-0.0522601231933	43.5776263865	3.07690963375	-66.4373474121	3.1122751236	-38.616897583	0.944525122643	10.0	8.18000030518	278.437384844	0.0	22.7600002289	0.999318474829	1.0	1
1.0	2461.99194336	5.0	3.0	1541.13110352	6.0	3.0	58.0077803135	0.0	0.037650924176	0.997923851013	-0.0522527359426	32.8101040792	1.4596156704	-60.6848526001	-17.1327514648	-36.1940002441	0.461346447468	8.0	10.1000003815	243.63280201	0.0	22.7600002289	0.998465412281	1.0	1
1.0	2307.72045898	5.0	4.0	2153.44824219	7.0	4.0	148.711078882	0.0	-0.037654619664	-0.997923254967	0.0522616580129	32.8152956398	1.81624663277	-57.6648483276	-24.1538009644	-32.952796936	0.676864385605	11.0	8.18000030518	303.750004768	1.0	9.30000019073	0.995553853299	1.0	1
1.0	1456.83679199	3.0	2.0	1375.7253418	5.0	2.0	55.8984398842	0.0	-0.0377567745745	-0.997919499874	0.0522614121437	18.1861525623	1.4596156704	-60.646900177	-16.1282997131	-36.24659729	0.686722934246	8.0	14.0399999619	152.929702044	0.0	21.0	0.870267292915	1.0	1
1.0	470.768310547	2.0	0.0	537.56628418	2.0	0.0	0.0	10.0	0.0	0.0	0.0	0.0	0.0	0.0	0.0	0.0	2.0	0.0	0.0	0.0	0.0	0.0	1.97350158495e-12	1.0	1
1.0	613.907287598	3.0	1.0	601.184631348	3.0	1.0	0.0	10.0	0.0	0.0	0.0	0.0	0.0	0.0	0.0	0.0	2.0	2.0	18.2800006866	28.4765195847	0.0	18.2800006866	0.182502505327	1.0	1
1.0	369.868591309	1.0	0.0	371.468994141	1.0	0.0	0.0	10.0	0.0	0.0	0.0	0.0	0.0	0.0	0.0	0.0	2.0	0.0	0.0	0.0	0.0	0.0	1.97350158495e-12	0.0	1
1.0	1625.17919922	3.0	1.0	1634.78515625	3.0	3.0	110.742178202	0.0	-0.0330375544727	-0.998147845268	-0.0510830692947	1.02877574374	42.9941033157	-49.7726516724	5.26078987122	-61.5399017334	0.895001828671	1.0	7.28000020981	22.148399353	1.0	7.28000020981	0.7222362868	1.0	1
1.0	1505.09204102	1.0	1.0	153.711502075	2.0	2.0	89.6483895779	0.0	0.0330338813365	0.998152792454	0.0509875379503	28.6254136501	1.79697815972	-61.4366493225	-7.25213527679	-39.6659507751	0.832561612129	4.0	6.07999992371	92.8124990463	1.0	6.53999996185	0.487378918713	1.0	1
1.0	667.684631348	1.0	0.0	534.786987305	1.0	0.0	0.0	10.0	0.0	0.0	0.0	0.0	0.0	0.0	0.0	0.0	2.0	0.0	0.0	0.0	0.0	0.0	1.97350158495e-12	1.0	1
1.0	1200.87158203	1.0	1.0	992.71887207	2.0	2.0	54.8437094688	0.0	-0.997981011868	0.0388424098492	-0.0502507537603	25.9402507013	1.77696985357	-56.2521514893	-3.19846010208	-49.3017501831	0.961987495422	3.0	6.07999992371	141.328205109	0.0	24.5400009155	0.698744479298	1.0	1
1.0	248.638000488	1.0	0.0	279.04699707	1.0	0.0	0.0	10.0	0.0	0.0	0.0	0.0	0.0	0.0	0.0	0.0	2.0	0.0	0.0	0.0	0.0	0.0	1.97350158495e-12	0.0	1
1.0	2726.07836914	3.0	1.0	885.438110352	5.0	3.0	66.4452991486	1.15144690835	0.635504841805	-0.755802214146	0.157786399126	1.5503614804	35.1934022442	-39.7001495361	-9.8631696701	-62.1352996826	0.793873131275	3.0	4.98000001907	116.015660763	1.0	4.98000001907	0.967818298458	1.0	1
1.0	1284.33276367	3.0	0.0	445.402404785	3.0	0.0	0.0	10.0	0.0	0.0	0.0	0.0	0.0	0.0	0.0	0.0	2.0	0.0	0.0	0.0	0.0	0.0	1.97350158495e-12	1.0	1
1.0	2507.84863281	4.0	3.0	969.511108398	5.0	2.0	78.0468889475	0.0	0.120243109763	0.98283624649	-0.139909118414	40.3203571558	0.0	-62.4694976807	-18.0389499664	-33.5532989502	0.796493470669	2.0	3.09999990463	59.0624594688	1.0	3.09999990463	0.976930362144	1.0	1
1.0	490.121368408	3.0	2.0	914.05871582	2.0	1.0	25.312489152	0.0	0.120243109763	0.98283624649	-0.139909118414	5.40226572329	0.0	-62.4694976807	-18.0389499664	-33.5532989502	0.796493470669	4.0	3.09999990463	114.960921288	2.0	4.98000001907	0.357846541554	1.0	1
1.0	985.609436035	2.0	0.0	17.8876991272	1.0	0.0	0.0	10.0	0.0	0.0	0.0	0.0	0.0	0.0	0.0	0.0	2.0	0.0	0.0	0.0	0.0	0.0	1.97350158495e-12	1.0	1
1.0	164.56640625	2.0	1.0	406.04901123	2.0	1.0	0.0	10.0	0.0	0.0	0.0	0.0	0.0	0.0	0.0	0.0	2.0	1.0	19.1000003815	52.7344017029	0.0	19.1000003815	0.0946379344382	1.0	1
1.0	400.516998291	1.0	0.0	283.820007324	1.0	0.0	0.0	10.0	0.0	0.0	0.0	0.0	0.0	0.0	0.0	0.0	2.0	0.0	0.0	0.0	0.0	0.0	1.97350158495e-12	0.0	1
1.0	422.127593994	2.0	1.0	478.31539917	2.0	1.0	32.6952991486	0.0	-0.00854973960668	-0.994454562664	0.104818738997	1.02249696335	5.04527195843	-54.1022491455	-3.58530497551	-53.491897583	0.949466586113	2.0	10.5200004578	81.210899353	0.0	19.3600006104	0.162035617133	1.0	1
1.0	1590.54296875	3.0	0.0	419.247009277	1.0	0.0	0.0	10.0	0.0	0.0	0.0	0.0	0.0	0.0	0.0	0.0	2.0	0.0	0.0	0.0	0.0	0.0	1.97350158495e-12	1.0	1
1.0	306.871002197	1.0	1.0	182.970397949	2.0	1.0	25.3125	0.0	0.00854947883636	0.99444437027	-0.104915305972	0.994112655156	2.0361018995	-54.2512512207	-7.41961479187	-51.6672515869	0.764572560787	1.0	3.66000008583	7.38281011581	1.0	3.66000008583	0.162035670529	1.0	1
1.0	1097.8203125	3.0	1.0	455.264007568	2.0	1.0	15.8203001022	0.0	0.00855347979814	0.994443714619	-0.104921154678	25.065693716	1.41737761142	-54.110748291	-4.57387495041	-53.3876495361	0.702493906021	2.0	10.5200004578	43.2422008514	0.0	11.5	0.162035670529	1.0	1
1.0	568.202026367	1.0	0.0	183.343994141	1.0	0.0	0.0	10.0	0.0	0.0	0.0	0.0	0.0	0.0	0.0	0.0	2.0	0.0	0.0	0.0	0.0	0.0	1.97350158495e-12	0.0	1
1.0	1270.19580078	4.0	2.0	345.2159729	2.0	2.0	37.9688100815	0.0	-1.0	0.0	0.0	16.0894127196	1.46239851249	-55.9097518921	-6.00062990189	-49.7206001282	0.730204641819	2.0	14.9200000763	98.085899353	0.0	17.1800003052	0.272435261786	1.0	1
1.0	730.074035645	1.0	1.0	183.343994141	1.0	1.0	11.6015996933	2.4595690601	-0.343529075384	0.912431299686	-0.222388952971	2.47044044274	3.69553121359	-48.5680007935	-4.00062990189	-60.6883010864	0.456340640783	0.0	0.0	0.0	0.0	0.0	0.0579430216781	1.0	1
1.0	607.843994141	2.0	1.0	36.3385009766	1.0	1.0	10.5468997955	2.03827134492	0.712451517582	-0.630769193172	-0.307478427887	10.1760245442	0.0	-48.0032501221	-2.5006248951	-62.1506996155	0.785258114338	0.0	0.0	0.0	0.0	0.0	0.23792976416	1.0	1
1.0	303.922576904	3.0	2.0	183.343994141	1.0	1.0	43.242269516	0.0	0.0	-1.0	0.0	1.84772638103	10.1813298362	-47.4384994507	7.49941015244	-62.8819007874	0.18538184464	2.0	3.29999995232	9.4921901226	0.0	3.55999994278	0.0474253479562	1.0	1
1.0	465.463195801	1.0	0.0	154.116912842	1.0	0.0	0.0	10.0	0.0	0.0	0.0	0.0	0.0	0.0	0.0	0.0	2.0	0.0	0.0	0.0	0.0	0.0	1.97350158495e-12	0.0	1
1.0	498.154602051	1.0	1.0	205.489105225	2.0	1.0	0.0	10.0	0.0	0.0	0.0	0.0	0.0	0.0	0.0	0.0	2.0	1.0	14.6999998093	32.6953010559	0.0	14.6999998093	0.23294841856	1.0	1
1.0	739.448425293	1.0	1.0	1223.59289551	4.0	1.0	47.460899353	2.41401736517	-0.161920502782	0.937907338142	-0.306776255369	9.30272924922	18.0709297546	-62.0573997498	3.32035851479	-44.5515975952	0.852316498756	0.0	0.0	0.0	0.0	0.0	0.608565988241	1.0	1
1.0	351.821899414	2.0	1.0	1559.84741211	3.0	3.0	30.5859003067	0.0	0.0	0.995170176029	-0.0981646999717	2.35326063112	36.1129294957	-48.7971992493	-3.63354992867	-57.2033500671	0.836302161217	6.0	8.64000034332	109.687400818	0.0	23.3600006104	0.0684473073953	1.0	1
1.0	829.739013672	2.0	1.0	1704.6237793	4.0	3.0	78.0467996597	0.0	0.0	0.995170176029	-0.0981646999717	2.35326063112	36.1129294957	-48.7971992493	-3.63354992867	-57.2033500671	0.836302161217	6.0	8.64000034332	103.359311581	0.0	23.3600006104	0.58479968611	1.0	1
1.0	497.020996094	1.0	0.0	566.142700195	1.0	0.0	0.0	10.0	0.0	0.0	0.0	0.0	0.0	0.0	0.0	0.0	2.0	0.0	0.0	0.0	0.0	0.0	1.97350158495e-12	0.0	1
1.0	715.907958984	1.0	1.0	1300.15307617	2.0	2.0	72.7734489441	1.3372508949	0.611094772816	-0.304638773203	-0.730587661266	9.35430781223	29.1877540724	-54.8812026978	-5.49092006683	-47.8827514648	0.659940004349	0.0	0.0	0.0	0.0	0.0	0.389599681078	1.0	1
1.0	1193.17993164	3.0	1.0	1530.56005859	2.0	2.0	72.7734489441	1.3372508949	0.611094772816	-0.304638773203	-0.730587661266	9.35430781223	29.1877540724	-54.8812026978	-5.49092006683	-47.8827514648	0.659940004349	0.0	0.0	0.0	0.0	0.0	0.618431073343	1.0	1
1.0	974.292907715	3.0	1.0	1749.44702148	3.0	2.0	47.460899353	0.0	-0.991571724415	-0.096386924386	-0.0865733772516	2.29279094052	25.7517752915	-55.1227493286	-6.79323482513	-42.8833007812	0.202588707209	1.0	17.6399993896	54.8437995911	0.0	17.6399993896	0.499347854422	1.0	1
1.0	222.570495605	3.0	0.0	564.154602051	2.0	0.0	0.0	10.0	0.0	0.0	0.0	0.0	0.0	0.0	0.0	0.0	2.0	0.0	0.0	0.0	0.0	0.0	1.97350158495e-12	1.0	1
1.0	389.49798584	1.0	1.0	641.435974121	2.0	2.0	33.7499504089	1.3372508949	0.516029059887	-0.471229493618	-0.715301930904	0.0	25.3371745092	-55.1064987183	10.4680557251	-57.3863525391	0.4161413908	0.0	0.0	0.0	0.0	0.0	0.0210906220281	1.0	1
1.0	530.150146484	3.0	3.0	1207.13598633	2.0	2.0	102.304720879	0.0	-0.0354042723775	-0.998052835464	-0.0513520725071	12.7016955107	2.45608817774	-56.3024520874	-4.63717985153	-53.0729980469	0.972430050373	2.0	3.29999995232	58.0078191757	1.0	10.1599998474	0.348615946616	1.0	1
1.0	20.0932006836	1.0	1.0	415.773803711	2.0	1.0	6.32812023163	3.12841808307	-0.504524707794	-0.453474223614	0.734721720219	1.80156804768	13.0227907383	-56.5409469604	0.523845076561	-57.2015991211	0.253264009953	0.0	0.0	0.0	0.0	0.0	0.094637740686	1.0	1
1.0	484.110992432	1.0	1.0	334.022003174	1.0	1.0	4.21875	3.00667084665	0.285654842854	0.538442134857	-0.792768120766	1.46835857614	7.65136388451	-58.7379493713	-10.8894300461	-43.6955032349	0.61767578125	0.0	0.0	0.0	0.0	0.0	-1.0	0.0	1
1.0	70.6300964355	2.0	0.0	849.032958984	3.0	0.0	0.0	10.0	0.0	0.0	0.0	0.0	0.0	0.0	0.0	0.0	2.0	0.0	0.0	0.0	0.0	0.0	1.97350158495e-12	1.0	1
1.0	946.148803711	3.0	2.0	654.800048828	2.0	2.0	102.304649353	0.0	0.0014627543278	0.998946785927	0.0458590239286	4.81033335873	22.6544261119	-63.6582489014	7.8284497261	-49.5104980469	0.162350296974	1.0	4.92000007629	17.9297008514	0.0	4.92000007629	0.634449476759	1.0	1
1.0	899.062011719	2.0	1.0	965.278381348	3.0	2.0	33.75	0.0	-0.00146277644671	-0.998942375183	-0.045956492424	0.0	18.7750369949	-61.2396469116	-14.1344003677	-39.6605529785	0.73840034008	4.0	17.4400005341	163.476502419	0.0	23.9599990845	0.534124720724	1.0	1
1.0	484.110992432	1.0	1.0	654.800048828	2.0	2.0	12.65625	2.96178832701	-0.00764808943495	0.970820128918	-0.239686906338	14.3330932124	2.10332792077	-66.1338500977	-5.38279056549	-28.1589508057	0.746155977249	0.0	0.0	0.0	0.0	0.0	0.0421624895764	1.0	1
1.0	372.283996582	1.0	0.0	163.539001465	1.0	0.0	0.0	10.0	0.0	0.0	0.0	0.0	0.0	0.0	0.0	0.0	2.0	0.0	0.0	0.0	0.0	0.0	1.97350158495e-12	0.0	1
1.0	1047.71362305	3.0	1.0	386.909332275	5.0	3.0	100.195282459	0.0	-0.0376570746303	-0.999288678169	-0.00200397754088	16.1349763985	5.01809279912	-53.0666503906	-12.0036497116	-48.845451355	0.0145896822214	5.0	8.89999961853	113.906298637	0.0	18.0400009155	0.643806899436	1.0	1
1.0	1054.36157227	4.0	2.0	200.767410278	3.0	2.0	65.3905210495	0.0	-0.0376570746303	-0.999288678169	-0.00200397754088	16.1349763985	5.01809279912	-53.0666503906	-12.0036497116	-48.845451355	0.0145896822214	1.0	8.89999961853	18.9843997955	0.0	8.89999961853	0.661957088723	1.0	1
1.0	1095.57897949	3.0	2.0	453.387908936	3.0	3.0	45.3515205383	0.0	0.037765968591	0.999284565449	0.0020039905794	26.8890633626	2.3271703619	-60.4712982178	-6.09128475189	-42.4929504395	0.797863423824	4.0	10.4200000763	135.000003815	0.0	23.1200008392	0.748841628867	1.0	1
1.0	719.877319336	1.0	1.0	263.300994873	1.0	1.0	18.9843997955	2.74451636732	0.317935913801	0.835687577724	-0.447820216417	0.0	9.91382701405	-49.4853515625	10.5151004791	-63.5659484863	0.149466857314	0.0	0.0	0.0	0.0	0.0	-1.0	0.0	1
1.0	28.010799408	2.0	1.0	376.744689941	3.0	1.0	5.27343988419	1.44786390945	-0.449524343014	0.893102526665	-0.0171934142709	3.35131251686	20.7993210315	-52.2675514221	-1.42068505287	-52.5167007446	0.97954839468	0.0	0.0	0.0	0.0	0.0	0.063196667849	1.0	1
1.0	620.439025879	1.0	1.0	362.73928833	2.0	1.0	15.8203001022	0.0	-0.00964056886733	0.996483981609	-0.0832263603806	2.03303777808	2.73214971184	-53.6160964966	-0.810480475426	-51.0107002258	0.927020668983	1.0	17.7600002289	49.5703010559	0.0	17.7600002289	0.0158191787041	1.0	1
1.0	64.4248046875	3.0	0.0	179.268600464	2.0	0.0	0.0	10.0	0.0	0.0	0.0	0.0	0.0	0.0	0.0	0.0	2.0	0.0	0.0	0.0	0.0	0.0	1.97350158495e-12	1.0	1
1.0	1004.18707275	4.0	3.0	584.023681641	4.0	3.0	84.3750684261	0.0	0.991644620895	0.0	-0.128999441862	32.6400789806	1.98272155601	-67.420249939	2.86286997795	-34.3211517334	0.640421867371	4.0	10.5200004578	176.132801056	0.0	18.8999996185	0.646883944624	1.0	1
1.0	443.99899292	1.0	0.0	423.506988525	1.0	0.0	0.0	10.0	0.0	0.0	0.0	0.0	0.0	0.0	0.0	0.0	2.0	0.0	0.0	0.0	0.0	0.0	1.97350158495e-12	0.0	1
1.0	2742.54711914	4.0	2.0	2336.1171875	6.0	2.0	131.836000443	0.0	-0.0368020236492	0.997769474983	-0.0556925721467	5.4655127835	44.1797503592	-46.4848022461	-2.73468995094	-63.9193496704	0.0534601509571	3.0	13.1400003433	140.27350235	0.0	19.4599990845	0.990912544066	1.0	1
1.0	1758.91894531	3.0	2.0	1834.05749512	4.0	2.0	78.0467987061	0.0	0.0367098934948	-0.997773051262	0.0556892342865	1.85217249355	30.8077267553	-56.3969497681	-0.291877508163	-48.2830505371	0.773107409477	2.0	16.0799999237	100.195301056	0.0	19.4599990845	0.717152674617	1.0	1
1.0	2390.76367188	2.0	1.0	1374.68859863	4.0	1.0	0.0	10.0	0.0	0.0	0.0	0.0	0.0	0.0	0.0	0.0	2.0	1.0	19.4599990845	50.625	0.0	19.4599990845	0.970992855884	1.0	1
1.0	812.859680176	3.0	2.0	1501.0579834	3.0	2.0	71.7187995911	0.0	0.997517108917	0.0342653766274	0.0615257248282	1.81876933294	25.3678467538	-59.3488006592	-4.7731051445	-42.268951416	0.262209892273	1.0	19.4599990845	53.789100647	0.0	19.4599990845	0.507223591317	1.0	1
1.0	848.720825195	3.0	2.0	679.659606934	2.0	1.0	47.460899353	0.0	0.997516393661	0.0342778339982	0.0615311749279	18.1013905365	0.0	-58.2382507324	-4.73495006561	-42.2004470825	0.169094353914	2.0	16.0799999237	100.195301056	0.0	19.4599990845	0.063196667849	1.0	1
1.0	66.5998001099	1.0	1.0	686.491027832	1.0	1.0	30.585899353	2.89168285911	-0.4062243402	0.880262196064	0.245193973184	2.55743083588	25.6503947148	-64.1596984863	7.3741402626	-44.7136993408	0.530070602894	0.0	0.0	0.0	0.0	0.0	0.151748335913	1.0	1
1.0	781.92590332	1.0	0.0	350.088989258	1.0	0.0	0.0	10.0	0.0	0.0	0.0	0.0	0.0	0.0	0.0	0.0	2.0	0.0	0.0	0.0	0.0	0.0	1.97350158495e-12	0.0	1
1.0	2877.12939453	3.0	1.0	954.303771973	6.0	1.0	15.8203001022	0.0	0.997638046741	-0.0654229074717	0.0209338720888	1.56464757199	3.92005580337	-52.0548019409	-8.26992511749	-56.5216522217	0.714505016804	2.0	10.2600002289	81.210958004	0.0	24.8199996948	0.98382596045	1.0	1
1.0	2015.23596191	4.0	1.0	943.640869141	5.0	2.0	36.9140610695	0.0	0.997638046741	-0.0654229074717	0.0209338720888	1.56464757199	3.92005580337	-52.0548019409	-8.26992511749	-56.5216522217	0.714505016804	2.0	10.2600002289	81.210958004	0.0	24.8199996948	0.339316857771	1.0	1
1.0	3086.82739258	4.0	1.0	1039.60473633	4.0	2.0	36.9140610695	0.0	0.997638046741	-0.0654229074717	0.0209338720888	1.56464757199	3.92005580337	-52.0548019409	-8.26992511749	-56.5216522217	0.714505016804	2.0	10.2600002289	81.210958004	0.0	24.8199996948	0.993904107545	1.0	1
1.0	1286.62268066	2.0	1.0	1016.50250244	3.0	3.0	36.9140610695	0.0	0.997638046741	-0.0654229074717	0.0209338720888	1.56464757199	3.92005580337	-52.0548019409	-8.26992511749	-56.5216522217	0.714505016804	3.0	10.2600002289	121.289056301	0.0	24.8199996948	0.711991448093	1.0	1
1.0	536.684692383	3.0	1.0	538.462524414	3.0	1.0	3.16406011581	1.44786390945	0.883020401001	-0.464452326298	-0.0675209090114	16.2422701717	0.0	-54.9096488953	-7.05017471313	-53.3371505737	0.222663894296	0.0	0.0	0.0	0.0	0.0	0.0263610918953	1.0	1
1.0	886.774902344	1.0	1.0	570.449951172	2.0	2.0	36.9140610695	0.0	0.997638046741	-0.0654229074717	0.0209338720888	1.56464757199	3.92005580337	-52.0548019409	-8.26992511749	-56.5216522217	0.714505016804	1.0	24.8199996948	78.0468978882	0.0	24.8199996948	0.339316857771	1.0	1
1.0	510.268005371	1.0	0.0	300.471221924	1.0	0.0	0.0	10.0	0.0	0.0	0.0	0.0	0.0	0.0	0.0	0.0	2.0	0.0	0.0	0.0	0.0	0.0	1.97350158495e-12	0.0	1
1.0	3833.23486328	4.0	2.0	1313.89538574	2.0	1.0	101.250061989	0.0	-0.0455141142011	0.993351280689	0.105743542314	23.0243136392	1.88985288633	-66.1971435547	1.04144847393	-35.1394500732	0.85197532177	2.0	10.4399995804	52.7343997955	0.0	10.4399995804	0.970689834061	1.0	1
1.0	3578.98950195	5.0	3.0	1945.06298828	4.0	2.0	143.437562943	0.0	0.998787999153	0.0325151011348	0.0369507744908	1.16100647466	26.0155217716	-54.1912002563	-4.63601493835	-54.8712501526	0.135561928153	6.0	10.4399995804	313.242097855	0.0	26.6399993896	0.969761860683	1.0	1
1.0	2044.62866211	4.0	2.0	844.520019531	3.0	2.0	49.5702514648	0.0	0.0454174987972	-0.993355214596	-0.105747371912	30.233387823	2.56687163571	-67.3100967407	-0.0155259817839	-35.2908477783	0.902632713318	3.0	10.4399995804	165.585897446	0.0	26.6399993896	0.910304204981	1.0	1
1.0	1230.3326416	5.0	0.0	81.7851028442	1.0	0.0	0.0	10.0	0.0	0.0	0.0	0.0	0.0	0.0	0.0	0.0	2.0	0.0	0.0	0.0	0.0	0.0	1.97350158495e-12	1.0	1
1.0	1737.0456543	5.0	3.0	1472.13146973	3.0	3.0	119.179741859	0.0	0.998787999153	0.0325151011348	0.0369507744908	1.16100647466	26.0155217716	-54.1912002563	-4.63601493835	-54.8712501526	0.135561928153	5.0	10.4399995804	242.578098297	0.0	26.6399993896	0.762413067205	1.0	1
1.0	2279.31665039	5.0	3.0	1649.92541504	2.0	2.0	123.398491859	0.0	0.998787999153	0.0325151011348	0.0369507744908	1.16100647466	26.0155217716	-54.1912002563	-4.63601493835	-54.8712501526	0.135561928153	6.0	10.4399995804	301.640598297	0.0	26.6399993896	0.969127211216	1.0	1
1.0	338.175994873	1.0	1.0	783.388061523	1.0	1.0	34.8046989441	2.67839130159	-0.590491712093	0.751769721508	0.293533295393	0.0	3.21910226616	-60.9624023438	-10.2153100967	-37.7722015381	0.89003020525	0.0	0.0	0.0	0.0	0.0	-1.0	0.0	1
1.0	2247.78710938	2.0	1.0	1098.29467773	5.0	3.0	97.0311691761	0.0	-0.0912964269519	0.983974516392	-0.153163969517	32.091192008	11.3779943528	-59.4852981567	-15.691649437	-38.4571990967	0.30995953083	3.0	14.6599998474	118.125099182	0.0	21.5200004578	0.272434807097	1.0	1
1.0	347.483001709	1.0	1.0	148.921005249	1.0	1.0	14.7656002045	0.0	0.0912898629904	-0.983975768089	0.153159409761	1.0827272566	3.29748413823	-56.3385009766	-2.2820148468	-54.0600013733	0.585522770882	1.0	19.2000007629	54.8437995911	0.0	19.2000007629	0.0998615425719	1.0	1
1.0	634.467529297	1.0	1.0	1054.85900879	1.0	1.0	34.8046989441	2.67839130159	-0.590491712093	0.751769721508	0.293533295393	0.0	3.21910226616	-60.9624023438	-10.2153100967	-37.7722015381	0.89003020525	0.0	0.0	0.0	0.0	0.0	0.389599774104	1.0	1
1.0	792.695495605	3.0	0.0	271.471008301	1.0	0.0	0.0	10.0	0.0	0.0	0.0	0.0	0.0	0.0	0.0	0.0	2.0	0.0	0.0	0.0	0.0	0.0	1.97350158495e-12	1.0	1
1.0	671.697998047	1.0	1.0	1054.85900879	1.0	1.0	48.5155992508	2.67839130159	-0.590491712093	0.751769721508	0.293533295393	13.6807538134	3.21910226616	-60.9624023438	-10.2153100967	-37.7722015381	0.89003020525	0.0	0.0	0.0	0.0	0.0	0.063196667849	1.0	1
1.0	1520.23901367	2.0	2.0	369.200805664	3.0	2.0	43.2421989441	2.99574534394	-0.42725148797	0.865891396999	-0.260169953108	2.9550605365	5.24544163767	-43.4222984314	-16.4547996521	-63.7068519592	0.917092084885	3.0	21.5200004578	73.8282012939	0.0	21.6200008392	0.983655881354	1.0	1
1.0	604.607971191	1.0	0.0	263.890014648	1.0	0.0	0.0	10.0	0.0	0.0	0.0	0.0	0.0	0.0	0.0	0.0	2.0	0.0	0.0	0.0	0.0	0.0	1.97350158495e-12	0.0	1
1.0	2777.5222168	3.0	2.0	1832.19567871	5.0	2.0	86.4843206406	0.0	0.0302043538541	0.98089081049	0.192199721932	44.8110535201	3.09312694711	-66.8871994019	-7.50885009766	-36.4494476318	0.0222981721163	2.0	4.03999996185	87.5390996933	0.0	25.3199996948	0.987551352656	1.0	1
1.0	2887.75488281	3.0	2.0	1853.90808105	6.0	3.0	94.9218206406	0.0	-0.0301966443658	-0.980872571468	-0.192294582725	42.7689017287	12.5165369128	-65.7633972168	-9.32985496521	-38.226600647	0.757210195065	2.0	4.03999996185	87.5390996933	0.0	25.3199996948	0.991644764119	1.0	1
1.0	3166.67626953	4.0	2.0	507.737213135	4.0	2.0	41.1328010559	0.0	0.0301969461143	0.980872154236	0.192296504974	3.062742574	40.168456316	-54.0480995178	11.5708503723	-60.1037979126	0.931686162949	1.0	6.59999990463	12.6562004089	1.0	6.59999990463	0.976444283238	1.0	1
1.0	679.766540527	3.0	1.0	110.232002258	1.0	1.0	18.9843997955	1.92874826902	-0.0461010746658	-0.383306890726	0.92246979475	26.7489937566	5.8200726146	-68.695098877	1.41226243973	-39.922000885	0.18704906106	0.0	0.0	0.0	0.0	0.0	0.0946379344382	1.0	1
1.0	972.048950195	2.0	1.0	1269.34301758	3.0	2.0	40.0781202316	0.0	-0.0301966443658	-0.980872571468	-0.192294582725	1.02654557352	5.38971204905	-65.7633972168	-9.32985496521	-38.226600647	0.757210195065	2.0	4.03999996185	87.5390996933	0.0	25.3199996948	0.416102078456	1.0	1
1.0	868.49798584	2.0	2.0	895.221008301	2.0	2.0	80.1562223434	0.0	0.0301969461143	0.980872154236	0.192296504974	3.062742574	17.3357051303	-54.0480995178	11.5708503723	-60.1037979126	0.931686162949	2.0	6.59999990463	88.5937004089	1.0	6.59999990463	0.433389154034	1.0	1
1.0	291.722991943	1.0	0.0	319.506103516	1.0	0.0	0.0	10.0	0.0	0.0	0.0	0.0	0.0	0.0	0.0	0.0	2.0	0.0	0.0	0.0	0.0	0.0	1.97350158495e-12	0.0	1
1.0	1665.44458008	7.0	1.0	501.640075684	4.0	1.0	34.8046989441	0.0	-0.98930054903	-0.095238417387	-0.110517196357	19.4265828277	5.72739777972	-57.6997489929	0.869056999683	-57.7026519775	0.348468780518	1.0	11.4200000763	29.5312004089	0.0	11.4200000763	0.744172248784	1.0	1
1.0	342.658782959	2.0	0.0	429.095214844	3.0	0.0	0.0	10.0	0.0	0.0	0.0	0.0	0.0	0.0	0.0	0.0	2.0	0.0	0.0	0.0	0.0	0.0	1.97350158495e-12	1.0	1
1.0	535.597290039	4.0	1.0	933.822265625	4.0	2.0	28.4764609337	1.2340178154	0.0142012089491	0.594712674618	-0.803812921047	10.4770234623	1.50413879975	-66.5145568848	6.80867481232	-41.8319015503	0.199180498719	1.0	4.71999979019	2.10938000679	1.0	4.71999979019	0.429096461298	1.0	1
1.0	365.811401367	2.0	2.0	493.922302246	3.0	2.0	55.8983607292	0.0	0.132850065827	-0.990335047245	-0.0398416295648	9.71321718767	15.8499885631	-65.226348877	4.96739006042	-41.0783996582	0.761568546295	1.0	12.6999998093	37.9687995911	0.0	12.6999998093	0.262642885558	1.0	1
1.0	259.908996582	1.0	0.0	450.198608398	1.0	0.0	0.0	10.0	0.0	0.0	0.0	0.0	0.0	0.0	0.0	0.0	2.0	0.0	0.0	0.0	0.0	0.0	1.97350158495e-12	0.0	1
1.0	2155.07592773	6.0	4.0	1684.76220703	6.0	2.0	168.750000954	0.0	0.00548766134307	0.967634618282	0.252295434475	30.2893657694	1.44458418358	-65.9112548828	4.38415527344	-33.0155487061	0.244595199823	4.0	5.84000015259	116.015589714	2.0	5.84000015259	0.953781485272	1.0	1
1.0	2794.01782227	4.0	3.0	2216.95581055	7.0	5.0	216.210980654	0.0	-0.00548358634114	-0.967638015747	-0.252283036709	29.1124381943	7.18543246843	-57.4983520508	-18.8948001862	-39.2944488525	0.0358868055046	4.0	5.84000015259	90.7030916214	3.0	13.8000001907	0.985124943025	1.0	1
1.0	912.773803711	2.0	1.0	863.267578125	2.0	1.0	23.2031497955	0.0	0.00548806414008	0.967655718327	0.252214998007	18.4942139521	2.01844141347	-54.4768486023	-11.088549614	-47.7683982849	0.470470398664	2.0	4.5	4.21876001358	2.0	4.5	0.0998615520135	1.0	1
1.0	1279.4309082	3.0	3.0	1961.68847656	6.0	4.0	178.242300034	0.0	0.00548766134307	0.967634618282	0.252295434475	30.2893657694	1.44458418358	-65.9112548828	4.38415527344	-33.0155487061	0.763028085232	3.0	5.84000015259	103.359389305	2.0	13.8000001907	0.437662989293	1.0	1
1.0	297.038787842	2.0	0.0	450.198608398	1.0	0.0	0.0	10.0	0.0	0.0	0.0	0.0	0.0	0.0	0.0	0.0	2.0	0.0	0.0	0.0	0.0	0.0	1.97350158495e-12	1.0	1
1.0	823.822387695	1.0	1.0	428.654998779	1.0	1.0	43.2421989441	2.43500919724	-0.229709342122	0.969838440418	0.0815288573503	16.1604248792	1.82574131424	-62.1758995056	-2.82930707932	-42.8049468994	0.719762206078	0.0	0.0	0.0	0.0	0.0	-1.0	0.0	1
1.0	917.590820312	4.0	1.0	428.654998779	1.0	1.0	43.2421989441	2.43500919724	-0.229709342122	0.969838440418	0.0815288573503	16.1604248792	1.82574131424	-62.1758995056	-2.82930707932	-42.8049468994	0.719762206078	0.0	0.0	0.0	0.0	0.0	0.156896236942	1.0	1
1.0	909.218566895	1.0	1.0	517.399963379	3.0	3.0	86.4843988419	0.0	-0.105756148696	-0.98871165514	-0.106136523187	1.04298400868	19.7877446943	-49.9595489502	-7.71950531006	-54.2572479248	0.784270763397	1.0	13.9799995422	41.1328010559	0.0	13.9799995422	0.537882869804	1.0	1
1.0	271.510986328	1.0	0.0	567.389221191	1.0	0.0	0.0	10.0	0.0	0.0	0.0	0.0	0.0	0.0	0.0	0.0	2.0	0.0	0.0	0.0	0.0	0.0	1.97350158495e-12	0.0	1
1.0	2544.55053711	4.0	2.0	1707.38964844	4.0	3.0	132.890562534	0.0	0.00527483969927	-0.990970432758	0.133977204561	35.4138100104	2.15249417259	-61.4264984131	-3.23300504684	-32.8310508728	0.947779715061	4.0	10.2399997711	122.343700409	0.0	16.3400001526	0.584799593942	1.0	1
1.0	737.954467773	3.0	2.0	435.114501953	2.0	2.0	71.7187094688	0.0	-0.00517784943804	0.990971148014	-0.133975461125	20.8922596009	20.1455867506	-56.4228515625	-0.187354981899	-52.75025177	0.710503935814	2.0	14.0399999619	80.1562004089	0.0	16.3400001526	0.446149501712	1.0	1
1.0	1289.67919922	3.0	1.0	1336.67211914	4.0	1.0	3.16406011581	0.0	-0.00527861854061	0.990970253944	-0.133978500962	33.4965180822	3.16177368267	-61.4729995728	-5.41690015793	-34.0191497803	0.670945525169	1.0	10.2399997711	27.4218997955	0.0	10.2399997711	0.20786352659	1.0	1
1.0	971.175598145	2.0	1.0	1293.16027832	4.0	3.0	64.3359012604	0.0	0.00527483969927	-0.990970432758	0.133977204561	35.4138100104	2.15249417259	-61.4264984131	-3.23300504684	-32.8310508728	0.947779715061	3.0	10.2399997711	75.9375	0.0	17.6200008392	0.389599525362	1.0	1
1.0	537.57598877	1.0	0.0	319.682373047	1.0	0.0	0.0	10.0	0.0	0.0	0.0	0.0	0.0	0.0	0.0	0.0	2.0	0.0	0.0	0.0	0.0	0.0	1.97350158495e-12	0.0	1
1.0	2557.46289062	1.0	1.0	1774.953125	6.0	2.0	68.5546394587	0.0	-0.00909577123821	0.988949596882	-0.147972300649	10.4720818071	1.42509046569	-62.2203483582	-10.3533096313	-33.4007492065	0.771458864212	7.0	3.66000008583	315.351569176	3.0	18.9400005341	0.985124918401	1.0	1
1.0	3212.73193359	2.0	2.0	1738.37341309	4.0	2.0	153.984361291	0.0	-0.00909577123821	0.988949596882	-0.147972300649	37.5639818759	1.42509046569	-62.2203483582	-10.3533096313	-33.4007492065	0.771458864212	8.0	3.66000008583	258.398440242	4.0	16.6200008392	0.99650987734	1.0	1
1.0	564.613769531	2.0	1.0	292.644592285	1.0	1.0	24.2578001022	0.0	0.0091968011111	-0.98896253109	0.147880092263	6.20910325706	4.08977892514	-55.8313980103	7.74009037018	-53.8531990051	0.611672759056	2.0	7.01999998093	42.1875	1.0	9.38000011444	0.232948127689	1.0	1
1.0	2371.37817383	1.0	1.0	691.850585938	1.0	1.0	53.7890601158	0.0	-0.00919307302684	0.98896253109	-0.147880122066	15.6801594738	0.0	-55.7845993042	2.68428993225	-53.0971984863	0.319800674915	1.0	2.40000009537	6.32812023163	1.0	2.40000009537	0.984810218992	1.0	1
1.0	2038.97192383	1.0	1.0	1071.97045898	2.0	1.0	17.9296900034	0.0	-0.00909599103034	0.988963603973	-0.147878885269	17.4048710111	1.73402098746	-60.4569511414	-3.98512506485	-40.2452011108	0.427846252918	1.0	3.66000008583	4.21875	0.0	3.66000008583	0.866375355922	1.0	1
1.0	2557.46191406	1.0	0.0	17.4951000214	1.0	0.0	0.0	10.0	0.0	0.0	0.0	0.0	0.0	0.0	0.0	0.0	2.0	0.0	0.0	0.0	0.0	0.0	1.97350158495e-12	1.0	1
1.0	1490.26196289	3.0	2.0	693.441040039	3.0	2.0	42.1874594688	0.0	-0.00919360853732	0.988961219788	-0.147888749838	36.9904030391	1.73395973252	-62.2109985352	-11.3644504547	-33.2495002747	0.0406826138496	1.0	24.7800006866	85.4297027588	0.0	24.7800006866	0.367007432015	1.0	1
1.0	2600.40429688	1.0	1.0	784.097412109	3.0	2.0	84.3750705719	0.0	-0.997918069363	0.0	0.0644942000508	29.7686145152	8.78595344315	-60.9282493591	-2.29088997841	-39.0254974365	0.762035489082	4.0	6.11999988556	85.4297208786	2.0	9.38000011444	0.9886722554	1.0	1
1.0	453.403991699	1.0	1.0	355.492004395	1.0	1.0	4.21875	2.74924900898	-0.127068579197	0.957773089409	-0.257922977209	0.0	4.24180238778	-58.9895019531	-5.45407533646	-46.9492988586	0.736248016357	0.0	0.0	0.0	0.0	0.0	-1.0	0.0	1
1.0	1824.15795898	3.0	2.0	899.274780273	3.0	2.0	68.5546503067	0.0	0.0103221219033	0.96694034338	-0.254793822765	0.987847877745	18.5642524688	-51.3076019287	-1.85361492634	-60.5328521729	0.850708961487	3.0	0.939999997616	66.4452774525	1.0	0.939999997616	0.605234871168	1.0	1
1.0	662.782775879	1.0	1.0	405.200714111	3.0	2.0	85.429649353	0.0	0.0103221219033	0.96694034338	-0.254793822765	0.987847877745	19.4594430001	-51.3076019287	-1.85361492634	-60.5328521729	0.850708961487	1.0	0.939999997616	2.10938000679	1.0	0.939999997616	0.182502406221	1.0	1
1.0	31.6327991486	1.0	0.0	355.492004395	1.0	0.0	0.0	10.0	0.0	0.0	0.0	0.0	0.0	0.0	0.0	0.0	2.0	0.0	0.0	0.0	0.0	0.0	1.97350158495e-12	1.0	1
1.0	575.41619873	2.0	2.0	482.023010254	1.0	1.0	24.2577705383	0.0	0.999190628529	0.0	0.0402247011662	2.2594268202	11.9146183272	-56.8599014282	-11.1851997375	-45.3508491516	0.766397058964	2.0	5.07999992371	48.5155982971	0.0	17.5200004578	0.357846192302	1.0	1
1.0	618.579101562	1.0	0.0	331.440002441	1.0	0.0	0.0	10.0	0.0	0.0	0.0	0.0	0.0	0.0	0.0	0.0	2.0	0.0	0.0	0.0	0.0	0.0	1.97350158495e-12	0.0	1
1.0	1704.78552246	3.0	3.0	534.899047852	4.0	2.0	75.9376001358	0.0	0.996335208416	0.0317203439772	0.0794365108013	28.208644067	26.6215004211	-56.5033988953	-10.2185497284	-42.3388977051	0.809548318386	6.0	14.5600004196	213.046883821	2.0	15.6000003815	0.984325834649	1.0	1
1.0	831.882324219	4.0	1.0	867.979980469	3.0	1.0	7.38281011581	2.22220611037	0.617346346378	0.320217311382	-0.718571126461	20.4648635087	5.86642707133	-54.0823516846	-8.34219551086	-45.8820991516	0.000387705862522	0.0	0.0	0.0	0.0	0.0	0.136256790165	1.0	1
1.0	3030.54711914	4.0	3.0	2239.68408203	7.0	5.0	160.312478304	0.0	0.02749010548	-0.995361208916	0.092197470367	24.3991366875	1.4189562341	-70.0158538818	6.05272006989	-39.2070503235	0.82931470871	9.0	4.23999977112	318.515624046	3.0	19.2199993134	0.97038368376	1.0	1
1.0	618.579101562	1.0	1.0	636.627990723	3.0	1.0	0.0	10.0	0.0	0.0	0.0	0.0	0.0	0.0	0.0	0.0	2.0	1.0	18.3199996948	51.6796989441	1.0	18.3199996948	0.252796981624	1.0	1
1.0	1552.1907959	2.0	2.0	1665.40649414	4.0	2.0	61.1718392372	0.0	0.02749010548	-0.995361208916	0.092197470367	26.3696295165	1.4189562341	-70.0158538818	6.05272006989	-39.2070503235	0.82931470871	6.0	7.63999986649	210.937499046	3.0	18.3199996948	0.919735211603	1.0	1
1.0	298.625	1.0	1.0	529.97644043	3.0	1.0	26.3672008514	2.5902026634	0.464573979378	0.490264177322	-0.737436175346	7.74089968043	0.0	-54.6359481812	-1.79675853252	-55.8106498718	0.172409325838	0.0	0.0	0.0	0.0	0.0	0.13107747525	1.0	1
1.0	2147.79980469	1.0	1.0	1919.72949219	4.0	4.0	119.179698944	0.0	-0.0274973586202	0.995361030102	-0.0921974554658	1.51913266483	38.0048568031	-44.5007514954	-6.89359998703	-63.0898513794	0.922864615917	6.0	4.23999977112	182.460881472	2.0	19.2199993134	0.978329667258	1.0	1
1.0	862.067016602	1.0	1.0	538.38494873	1.0	1.0	20.039100647	2.59554614647	-0.225870028138	0.968107700348	-0.108398586512	23.0371020063	3.32221280638	-59.5776519775	-4.2308011055	-40.0913505554	0.898328542709	0.0	0.0	0.0	0.0	0.0	-1.0	0.0	1
1.0	2960.30566406	5.0	3.0	2421.91943359	4.0	2.0	157.148390412	0.0	-0.0768884122372	0.992013216019	0.0999896451831	47.7311041228	1.47062214784	-70.1969451904	9.22859954834	-27.7308006287	0.752611875534	2.0	7.65999984741	37.9687004089	0.0	18.7800006866	0.978777112959	1.0	1
1.0	2908.25585938	5.0	2.0	536.758605957	4.0	1.0	60.1172008514	2.60007881265	-0.64975386858	0.756788909435	0.0713479593396	22.2672552857	1.83811457989	-46.8979988098	-14.6245994568	-58.0349998474	0.791213512421	0.0	0.0	0.0	0.0	0.0	0.903762081602	1.0	1
1.0	2786.265625	4.0	2.0	2277.1574707	5.0	3.0	157.148390412	0.0	-0.0768884122372	0.992013216019	0.0999896451831	47.7311041228	1.47062214784	-70.1969451904	9.22859954834	-27.7308006287	0.752611875534	1.0	7.65999984741	14.7656002045	0.0	7.65999984741	0.98936317532	1.0	1
1.0	1745.27844238	4.0	1.0	1122.31359863	2.0	1.0	61.1719017029	2.74924900898	-0.594354569912	0.800580084324	0.0762517601252	15.4670966604	22.725876311	-62.1589508057	9.29281997681	-48.3469009399	0.992815256119	0.0	0.0	0.0	0.0	0.0	0.704102547322	1.0	1
1.0	1187.375	2.0	1.0	213.076904297	1.0	1.0	31.6406002045	0.0	0.997976064682	0.061880428344	0.0146503988653	3.45165418138	1.79883846317	-51.0184020996	3.28666496277	-59.207901001	0.884639382362	1.0	17.7600002289	58.0078010559	0.0	17.7600002289	0.05794252268	1.0	1
1.0	1231.29162598	2.0	1.0	213.076904297	1.0	1.0	31.6406002045	0.0	0.997976064682	0.061880428344	0.0146503988653	3.45165418138	1.79883846317	-51.0184020996	3.28666496277	-59.207901001	0.884639382362	1.0	17.7600002289	58.0078010559	0.0	17.7600002289	0.12589054695	1.0	1
1.0	601.09197998	1.0	0.0	310.908996582	1.0	0.0	0.0	10.0	0.0	0.0	0.0	0.0	0.0	0.0	0.0	0.0	2.0	0.0	0.0	0.0	0.0	0.0	1.97350158495e-12	0.0	1
1.0	3002.27197266	2.0	2.0	1050.71435547	4.0	2.0	89.6485805511	0.0	0.997551321983	0.0	-0.0699390098453	2.61057587362	38.6650025459	-46.7924499512	-0.91696202755	-61.6216506958	0.844141840935	3.0	9.15999984741	78.0468997955	1.0	11.1000003815	0.982778473946	1.0	1
1.0	2482.49511719	2.0	0.0	132.335906982	2.0	0.0	0.0	10.0	0.0	0.0	0.0	0.0	0.0	0.0	0.0	0.0	2.0	0.0	0.0	0.0	0.0	0.0	1.97350158495e-12	1.0	1
1.0	963.021972656	2.0	1.0	310.908996582	1.0	1.0	44.2969198227	0.0	0.997550904751	0.0	-0.0699452236295	2.46904434188	1.34075740881	-52.084400177	-5.86667013168	-57.9186477661	0.911567568779	0.0	0.0	0.0	1.0	12.8800001144	0.311024740953	1.0	1
1.0	881.707580566	4.0	2.0	583.552978516	1.0	1.0	44.2968997955	0.0	-0.997544825077	0.0	0.0700310245156	36.8267328439	2.88129747066	-70.3667526245	4.49952983856	-34.9132003784	0.825258255005	1.0	9.53999996185	28.476600647	0.0	9.53999996185	0.975441762697	1.0	1
1.0	1294.6595459	3.0	1.0	581.958129883	2.0	1.0	22.148399353	0.0	0.997550904751	0.0	-0.0699452236295	26.4520059384	1.71801062199	-58.5769996643	-16.6697998047	-41.2041473389	0.666133880615	1.0	18.7199993134	49.5703010559	0.0	18.7199993134	0.737029408485	1.0	1
1.0	816.337585449	2.0	0.0	310.908996582	1.0	0.0	0.0	10.0	0.0	0.0	0.0	0.0	0.0	0.0	0.0	0.0	2.0	0.0	0.0	0.0	0.0	0.0	1.97350158495e-12	1.0	1
1.0	220.988998413	1.0	0.0	268.344299316	1.0	0.0	0.0	10.0	0.0	0.0	0.0	0.0	0.0	0.0	0.0	0.0	2.0	0.0	0.0	0.0	0.0	0.0	1.97350158495e-12	0.0	1
1.0	1038.64990234	7.0	2.0	675.596374512	4.0	2.0	43.242190361	0.0	-0.99449545145	-0.0316004119813	0.0999007299542	1.49028605	41.4083666912	-54.8246994019	5.10392999649	-62.4514503479	0.440910309553	2.0	8.11999988556	35.8593997955	0.0	8.38000011444	0.247853955463	1.0	1
1.0	438.820922852	2.0	1.0	612.456176758	3.0	2.0	34.8046998978	1.74865664284	-0.0748610943556	0.918484508991	-0.388306558132	2.98056362096	31.2082308745	-61.7927474976	-6.3432302475	-41.2671508789	0.629410207272	1.0	8.38000011444	7.38281011581	0.0	8.38000011444	0.454557409357	1.0	1
1.0	1078.11181641	4.0	2.0	801.875183105	3.0	2.0	16.8749901056	0.0	0.0348408445716	-0.997819006443	-0.0560661703348	2.22029994502	1.75809825694	-57.3400497437	-9.608710289	-54.248500824	0.748874187469	2.0	8.38000011444	39.0234618187	0.0	8.73999977112	0.567182309554	1.0	1
1.0	260.451385498	2.0	1.0	228.881896973	1.0	1.0	29.5312004089	0.0	0.0348362661898	-0.997819244862	-0.0560650415719	6.8069634294	6.89522421491	-56.6397476196	5.59999990463	-63.6935997009	0.333404421806	2.0	8.11999988556	41.1328010559	0.0	11.3599996567	0.146592198524	1.0	1
1.0	515.366027832	1.0	0.0	315.04699707	1.0	0.0	0.0	10.0	0.0	0.0	0.0	0.0	0.0	0.0	0.0	0.0	2.0	0.0	0.0	0.0	0.0	0.0	1.97350158495e-12	0.0	1
1.0	766.675048828	2.0	0.0	315.04699707	1.0	0.0	0.0	10.0	0.0	0.0	0.0	0.0	0.0	0.0	0.0	0.0	2.0	0.0	0.0	0.0	0.0	0.0	1.97350158495e-12	1.0	1
1.0	2137.95092773	2.0	1.0	976.099731445	3.0	2.0	75.9375610352	0.0	-0.072818942368	0.991698384285	-0.105979338288	28.1255446996	1.8804826686	-61.7658004761	-14.8172492981	-40.6173477173	0.958110928535	4.0	17.7000007629	199.335899353	0.0	18.4200000763	0.748841714477	1.0	1
1.0	693.833007812	1.0	0.0	349.648010254	1.0	0.0	0.0	10.0	0.0	0.0	0.0	0.0	0.0	0.0	0.0	0.0	2.0	0.0	0.0	0.0	0.0	0.0	1.97350158495e-12	1.0	1
1.0	515.366027832	1.0	1.0	728.432983398	2.0	1.0	22.148399353	2.11451174861	0.412826418877	0.346245974302	-0.842429935932	3.12422933612	16.7783964491	-61.9308013916	-12.2127494812	-41.6511497498	0.222031325102	0.0	0.0	0.0	0.0	0.0	0.110291501025	1.0	1
1.0	394.236999512	1.0	1.0	562.271972656	1.0	1.0	15.8203001022	1.96606461987	-0.232977688313	0.971866726875	-0.0345890410244	3.76953011152	12.1563453965	-61.1024017334	-3.95579004288	-41.0584487915	0.881317913532	0.0	0.0	0.0	0.0	0.0	-1.0	0.0	1
1.0	1003.36547852	3.0	2.0	607.512268066	2.0	1.0	70.6640996933	0.0	0.0353046692908	0.998053073883	-0.0514167435467	0.0	26.268220518	-53.2962493896	0.79391849041	-54.7512512207	0.931512475014	1.0	4.88000011444	18.9843997955	0.0	4.88000011444	0.605234775986	1.0	1
1.0	896.727539062	3.0	2.0	638.210998535	1.0	1.0	74.8828496933	0.0	0.0353046692908	0.998053073883	-0.0514167435467	0.0	26.268220518	-53.2962493896	0.79391849041	-54.7512512207	0.931512475014	2.0	4.88000011444	56.9531993866	1.0	12.8800001144	0.722236642646	1.0	1
1.0	408.778503418	2.0	2.0	731.922973633	1.0	1.0	40.078110218	0.0	0.997926473618	-0.0310163106769	-0.0563988871872	2.85103303357	17.8409705995	-59.018951416	-8.03926467896	-40.9771499634	0.87872838974	1.0	21.1399993896	42.1875	1.0	21.1399993896	0.398508880223	1.0	1
1.0	488.932006836	1.0	0.0	289.79800415	1.0	0.0	0.0	10.0	0.0	0.0	0.0	0.0	0.0	0.0	0.0	0.0	2.0	0.0	0.0	0.0	0.0	0.0	1.97350158495e-12	0.0	1
1.0	1761.45056152	3.0	2.0	451.695892334	6.0	3.0	54.8437906504	0.0	-0.034107092768	-0.992061495781	-0.121039919555	20.6934735758	23.9451557397	-58.7035980225	-1.47970509529	-52.417350769	0.8776897192	1.0	15.3000001907	46.4062004089	2.0	16.3600006104	0.781578234423	1.0	1
1.0	982.721069336	4.0	3.0	435.506225586	3.0	3.0	121.289150238	0.0	-0.0341039784253	-0.992073059082	-0.120946392417	26.506395252	3.40371161555	-69.6972961426	6.1143951416	-24.8400001526	0.929915964603	4.0	1.32000005245	87.5389896631	2.0	16.0599994659	0.693307666001	1.0	1
1.0	1007.00579834	2.0	1.0	318.939605713	2.0	2.0	79.101600647	0.0	0.0341071262956	0.992061913013	0.12103652209	3.41098617121	21.3628180519	-48.2264022827	8.39359474182	-63.1891479492	0.945091962814	1.0	6.44000005722	15.8203001022	0.0	6.44000005722	0.618431210639	1.0	1
1.0	982.721069336	4.0	3.0	589.309326172	5.0	4.0	119.179741502	0.0	0.0341071262956	0.992061913013	0.12103652209	3.41098617121	33.9253330515	-48.2264022827	8.39359474182	-63.1891479492	0.945091962814	3.0	1.32000005245	63.2811905146	2.0	16.0599994659	0.685001280987	1.0	1
1.0	389.606994629	1.0	0.0	590.497680664	1.0	0.0	0.0	10.0	0.0	0.0	0.0	0.0	0.0	0.0	0.0	0.0	2.0	0.0	0.0	0.0	0.0	0.0	1.97350158495e-12	0.0	1
1.0	669.637084961	3.0	0.0	1144.46862793	2.0	0.0	0.0	10.0	0.0	0.0	0.0	0.0	0.0	0.0	0.0	0.0	2.0	0.0	0.0	0.0	0.0	0.0	1.97350158495e-12	1.0	1
1.0	389.606994629	1.0	1.0	1007.49871826	1.0	1.0	22.148399353	0.0	0.999348759651	0.0	0.03608520329	2.18932985338	2.01215934003	-61.8612518311	-15.2229995728	-29.9922485352	0.846438527107	1.0	24.1399993896	65.3906021118	0.0	24.1399993896	0.110291501025	1.0	1
1.0	595.063964844	2.0	1.0	1007.49871826	1.0	1.0	22.148399353	0.0	0.999348759651	0.0	0.03608520329	2.18932985338	2.01215934003	-61.8612518311	-15.2229995728	-29.9922485352	0.846438527107	2.0	24.1399993896	81.2109022141	0.0	25.9200000763	0.252796517405	1.0	1
1.0	367.209014893	1.0	0.0	613.344970703	1.0	0.0	0.0	10.0	0.0	0.0	0.0	0.0	0.0	0.0	0.0	0.0	2.0	0.0	0.0	0.0	0.0	0.0	1.97350158495e-12	0.0	2
1.0	1684.36962891	4.0	1.0	1013.81542969	4.0	2.0	80.5148010254	2.55415539347	-0.434368342161	0.581872344017	0.687567293644	35.921290502	8.82339215639	-70.7872009277	6.92492961884	-44.5640487671	0.38292953372	0.0	0.0	0.0	0.0	0.0	0.0511917127746	1.0	2
1.0	514.890014648	2.0	0.0	30.6007003784	1.0	0.0	0.0	10.0	0.0	0.0	0.0	0.0	0.0	0.0	0.0	0.0	2.0	0.0	0.0	0.0	0.0	0.0	1.97350158495e-12	1.0	2
1.0	1279.90734863	2.0	0.0	43.9053993225	2.0	0.0	0.0	10.0	0.0	0.0	0.0	0.0	0.0	0.0	0.0	0.0	2.0	0.0	0.0	0.0	0.0	0.0	1.97350158495e-12	1.0	2
1.0	882.098999023	3.0	0.0	43.9053993225	2.0	0.0	0.0	10.0	0.0	0.0	0.0	0.0	0.0	0.0	0.0	0.0	2.0	0.0	0.0	0.0	0.0	0.0	1.97350158495e-12	1.0	2
1.0	280.278686523	1.0	0.0	487.826202393	1.0	0.0	0.0	10.0	0.0	0.0	0.0	0.0	0.0	0.0	0.0	0.0	2.0	0.0	0.0	0.0	0.0	0.0	1.97350158495e-12	0.0	2
1.0	697.149169922	2.0	1.0	487.826202393	1.0	1.0	17.9297008514	2.2200562836	-0.191592469811	0.871781170368	-0.450876832008	1.53507370278	1.86373339271	-64.2279510498	-8.58507537842	-40.4865493774	0.719755172729	0.0	0.0	0.0	0.0	0.0	0.267545911115	1.0	2
1.0	548.139892578	3.0	2.0	789.392089844	2.0	2.0	75.9374606609	0.0	1.0	0.0	0.0	17.0362234711	1.09790036348	-63.1300506592	-17.1287002563	-36.3911018372	0.00184968113899	4.0	6.01999998093	59.0625	3.0	6.28000020981	0.598508298989	1.0	2
1.0	746.817749023	4.0	3.0	1142.40112305	2.0	2.0	105.468752265	0.0	1.0	0.0	0.0	34.7450992779	1.09790036348	-63.1300506592	-17.1287002563	-36.3911018372	0.00184968113899	5.0	4.82000017166	73.8281002045	3.0	6.03999996185	0.693307350578	1.0	2
1.0	631.513549805	3.0	3.0	849.704956055	1.0	1.0	78.0468918085	0.0	0.0	0.978769540787	-0.204963713884	14.374653953	22.4560742018	-53.7979011536	-0.760297477245	-58.2699508667	0.778880476952	1.0	4.82000017166	14.7656002045	1.0	4.82000017166	0.287017215932	1.0	2
1.0	160.621994019	1.0	1.0	227.085998535	1.0	1.0	11.5209999084	0.0	0.999334990978	0.0	-0.0364631265402	2.78550917007	0.0	-51.4187011719	2.50266003609	-56.6584014893	0.685236036777	1.0	16.1200008392	38.9940986633	1.0	16.1200008392	0.247338132416	1.0	2
1.0	438.940795898	3.0	1.0	41.5401000977	1.0	1.0	15.9520998001	2.38483540701	-0.0138320866972	0.917435586452	-0.397643625736	12.4839631014	1.74382940679	-57.7930984497	9.17157936096	-53.2478027344	0.385442912579	0.0	0.0	0.0	0.0	0.0	0.610039131852	1.0	2
1.0	236.778793335	2.0	1.0	243.70199585	1.0	1.0	11.5209999084	0.0	0.999334990978	0.0	-0.0364631265402	2.78550917007	0.0	-51.4187011719	2.50266003609	-56.6584014893	0.685236036777	1.0	16.1200008392	38.9940986633	1.0	16.1200008392	0.280315728368	1.0	2
1.0	328.159118652	2.0	1.0	286.021697998	1.0	1.0	17.7245998383	2.95289344485	-0.120023697615	0.973239541054	-0.195956811309	2.72890042081	13.6699312234	-58.9660491943	-5.73365974426	-47.9359970093	0.00783616304398	0.0	0.0	0.0	0.0	0.0	-1.0	0.0	2
1.0	2128.56420898	6.0	3.0	1158.13232422	4.0	3.0	155.976500511	0.0	-0.00221848068759	0.998687803745	-0.0511647686362	42.9075003801	2.9475118586	-69.1812973022	7.86955022812	-35.0555496216	0.766749620438	2.0	6.48000001907	23.9281997681	1.0	6.48000001907	0.994402093972	1.0	2
1.0	464.785125732	3.0	1.0	328.158813477	2.0	1.0	17.7245998383	2.95289344485	-0.120023697615	0.973239541054	-0.195956811309	2.72890042081	0.0	-58.9660491943	-5.73365974426	-47.9359970093	0.00783616304398	0.0	0.0	0.0	0.0	0.0	0.0971776551253	1.0	2
1.0	2223.05395508	7.0	3.0	1029.16662598	4.0	4.0	170.156201363	0.0	-0.00210841558874	0.998693645	-0.0510549880564	0.0	29.9890767874	-43.6263504028	5.01716995239	-60.8834991455	0.833164095879	5.0	5.61999988556	96.5991001129	1.0	6.48000001907	0.975852278303	1.0	2
1.0	761.021972656	3.0	1.0	565.658691406	1.0	1.0	85.0781002045	2.58860581214	-0.271265685558	0.895814061165	0.352039843798	0.0	10.696793648	-53.7370986938	1.53480005264	-57.5276489258	0.756816864014	0.0	0.0	0.0	0.0	0.0	0.179704342995	1.0	2
1.0	188.978103638	2.0	1.0	577.150634766	2.0	1.0	31.9043006897	0.0	-0.00210841675289	0.998693645	-0.0510550141335	3.31504493694	0.0	-69.0609436035	7.08668041229	-32.2480010986	0.357364565134	1.0	5.61999988556	14.1796998978	0.0	5.61999988556	0.0971776551253	1.0	2
1.0	536.768005371	1.0	0.0	228.412002563	1.0	0.0	0.0	10.0	0.0	0.0	0.0	0.0	0.0	0.0	0.0	0.0	2.0	0.0	0.0	0.0	0.0	0.0	1.97350158495e-12	0.0	2
1.0	2700.97241211	3.0	2.0	1770.19299316	7.0	4.0	230.713001251	0.0	0.995596885681	-0.0935767516494	0.0055081108585	26.0460302334	2.06076184638	-69.7341003418	5.02643966675	-31.4840011597	0.740058898926	2.0	5.63999986649	38.2324008942	2.0	12.6000003815	0.999069854382	1.0	2
1.0	637.651062012	6.0	2.0	1328.59631348	5.0	3.0	123.925804138	0.0	-0.995595872402	0.0935862734914	-0.00550991622731	2.30899018629	35.7687409903	-50.1940994263	-1.58191490173	-57.1985015869	0.683363556862	1.0	7.88000011444	29.003900528	3.0	8.27999973297	0.37609846879	1.0	2
1.0	2265.0859375	4.0	2.0	689.043212891	5.0	2.0	90.9668035507	0.0	0.995594501495	-0.0935955494642	0.00560409529135	18.3123216848	2.34260693969	-48.6712989807	-6.95901012421	-52.0375518799	0.483320534229	2.0	6.26000022888	61.96291852	2.0	20.2399997711	0.991946359057	1.0	2
1.0	744.24230957	4.0	4.0	1595.07763672	4.0	3.0	134.472600937	0.0	0.995596885681	-0.0935767516494	0.0055081108585	26.0460302334	2.06076184638	-69.7341003418	5.02643966675	-31.4840011597	0.740058898926	2.0	8.47999954224	31.6406002045	3.0	17.9799995422	0.698069437004	1.0	2
1.0	1220.1003418	2.0	1.0	1265.78344727	4.0	2.0	116.015601158	0.0	0.104945585132	0.992565691471	0.0616418458521	13.5237714791	2.10287377953	-54.4321975708	-16.130449295	-47.1898002625	0.744639515877	4.0	5.63999986649	92.2851192951	3.0	20.2399997711	0.812312024042	1.0	2
1.0	60.9099006653	1.0	0.0	512.02331543	4.0	0.0	0.0	10.0	0.0	0.0	0.0	0.0	0.0	0.0	0.0	0.0	2.0	0.0	0.0	0.0	0.0	0.0	1.97350158495e-12	1.0	2
1.0	1052.59851074	4.0	4.0	1762.57946777	4.0	4.0	261.03520298	0.0	0.995596885681	-0.0935767516494	0.0055081108585	26.0460302334	2.06076184638	-69.7341003418	5.02643966675	-31.4840011597	0.740058898926	5.0	5.63999986649	143.701220751	3.0	20.2399997711	0.959895589369	1.0	2
1.0	1416.15454102	2.0	2.0	1303.8515625	4.0	3.0	216.211000443	0.0	0.995596885681	-0.0935767516494	0.0055081108585	34.2338704464	2.06076184638	-69.7341003418	5.02643966675	-31.4840011597	0.740058898926	4.0	5.63999986649	69.8730213642	2.0	7.88000011444	0.971736976793	1.0	2
1.0	213.880004883	1.0	0.0	219.194000244	1.0	0.0	0.0	10.0	0.0	0.0	0.0	0.0	0.0	0.0	0.0	0.0	2.0	0.0	0.0	0.0	0.0	0.0	1.97350158495e-12	0.0	2
1.0	1062.75830078	3.0	1.0	636.327026367	4.0	3.0	35.8656792641	0.0	0.0130400378257	-0.976928830147	0.213166803122	0.917328306759	20.4923125949	-60.6802482605	-5.66315984726	-45.3798980713	0.256452530622	3.0	3.51999998093	46.8450703621	0.0	13.0399999619	0.271184998907	1.0	2
1.0	619.056335449	2.0	1.0	797.068359375	4.0	2.0	21.9585804939	1.45565108725	0.301297128201	0.581371903419	-0.755795478821	0.0	20.0112318925	-63.0495491028	-13.1105499268	-31.5625	0.800743579865	0.0	0.0	0.0	0.0	0.0	0.391485532021	1.0	2
1.0	721.346862793	3.0	2.0	956.481811523	4.0	3.0	29.2781203985	0.0	0.0130400378257	-0.976928830147	0.213166803122	0.917328306759	14.1664468786	-60.6802482605	-5.66315984726	-45.3798980713	0.727873086929	1.0	12.8400001526	30.010099411	0.0	12.8400001526	0.466077281374	1.0	2
1.0	721.346862793	3.0	1.0	874.117919922	3.0	2.0	12.443210125	0.0	0.0130400378257	-0.976928830147	0.213166803122	0.917328306759	1.78554392138	-60.6802482605	-5.66315984726	-45.3798980713	0.727873086929	1.0	12.8400001526	30.010099411	0.0	12.8400001526	0.403809434049	1.0	2
