valid	volumeS1	connectedComponentsS1	connectedComponentsS1Rel	volumeS2	connectedComponentsS2	connectedComponentsS2Rel	corticalSize	distanceMin	direction_x	direction_y	direction_z	distanceToExtremity1	distanceToExtremity2	gravityCenter_x	gravityCenter_y	gravityCenter_z	corticalDotProduct	junctions	junctionDepthMin	junctionsSize	plisDePassage	plisDePassageDepthMax	Potential	Class	cycle
1.0	77.2889022827	1.0	1.0	48.5816001892	1.0	1.0	11.8652000427	2.56173769149	-0.0334278270602	-0.98470044136	0.171019375324	2.0947333916	6.11183713974	0.202591001987	21.5492515564	-54.431098938	0.896968483925	0.0	0.0	0.0	0.0	0.0	-1.0	0.0	1
1.0	77.2889022827	1.0	1.0	225.241607666	2.0	2.0	29.003900528	2.56173769149	0.03342628479	0.984700500965	-0.171019434929	0.0	17.7525228937	1.76854491234	37.4152526855	-66.2563934326	0.868058264256	0.0	0.0	0.0	0.0	0.0	0.0854843568586	1.0	1
1.0	62.4574012756	1.0	1.0	80.5372009277	1.0	1.0	17.9297008514	3.2286684862	0.0471763424575	-0.971807420254	0.231008261442	0.0	2.31876349844	3.43349504471	19.9451999664	-58.8949508667	0.160840466619	0.0	0.0	0.0	0.0	0.0	-1.0	0.0	1
1.0	62.4574012756	1.0	1.0	164.361694336	1.0	1.0	30.5859012604	2.86084946935	0.054658960551	-0.713355362415	0.698667645454	0.0	6.44518998463	3.41939020157	22.151550293	-56.9626464844	0.500864982605	0.0	0.0	0.0	0.0	0.0	0.063196667849	1.0	1
1.0	36.4774017334	1.0	1.0	227.548995972	1.0	1.0	28.0370998383	3.12854443767	-0.261175841093	-0.9440767169	0.201261997223	0.0	8.53035298197	3.8869600296	27.2985992432	-57.8204498291	0.456178188324	0.0	0.0	0.0	0.0	0.0	-1.0	0.0	1
1.0	92.06199646	2.0	2.0	727.809692383	1.0	1.0	69.6093711853	0.0	-0.999280273914	-0.0342894010246	-0.0162216406316	8.35241112532	2.96668050813	5.29141998291	47.5090484619	-48.198299408	0.484398812056	1.0	11.6599998474	31.9043006897	0.0	11.6599998474	0.20491856218	1.0	1
1.0	36.4774017334	1.0	1.0	524.578674316	2.0	2.0	51.2402000427	2.27554171474	-0.0381788723171	0.969945430756	0.240308567882	1.13442016175	23.5259969859	4.85252475739	47.5167999268	-56.6287994385	0.141531705856	0.0	0.0	0.0	0.0	0.0	0.115497780889	1.0	1
1.0	71.1312026978	1.0	1.0	180.711700439	1.0	1.0	32.8978996277	3.18523161712	-0.148955345154	-0.986069023609	-0.0740290284157	3.84950743162	6.29281932386	3.73777008057	40.2417984009	-61.1675491333	0.942162632942	0.0	0.0	0.0	0.0	0.0	-1.0	0.0	1
1.0	151.874694824	2.0	2.0	99.9682006836	1.0	1.0	78.9549980164	0.0	-0.998987555504	0.0365965440869	-0.026164226234	13.493729442	1.72932951134	6.23334503174	29.8620986938	-77.6154937744	0.800963580608	1.0	8.02000045776	19.7388000488	0.0	8.02000045776	0.226299241289	1.0	1
1.0	48.0615997314	1.0	0.0	49.9840621948	2.0	0.0	0.0	10.0	0.0	0.0	0.0	0.0	0.0	0.0	0.0	0.0	2.0	0.0	0.0	0.0	0.0	0.0	5.4903804831e-06	1.0	1
1.0	271.067504883	3.0	3.0	180.711700439	1.0	1.0	123.696231842	0.0	0.998985409737	-0.0365961715579	0.0262466203421	15.2706269393	0.0	3.24728989601	28.9794006348	-59.3239517212	0.755578100681	2.0	5.96000003815	30.2660989761	2.0	5.96000003815	0.232532853265	1.0	1
1.0	351.811004639	4.0	4.0	99.9682006836	1.0	1.0	135.539428711	0.0	0.998985409737	-0.0365961715579	0.0262466203421	17.5544649797	0.0	3.24728989601	28.9794006348	-59.3239517212	0.755578100681	3.0	5.96000003815	50.004899025	2.0	5.96000003815	0.563686655443	1.0	1
1.0	225.833099365	3.0	2.0	49.3623695374	3.0	2.0	36.0351703167	0.0	-0.00374805694446	-0.980666935444	0.195648387074	17.6157981714	1.98508074368	7.79035997391	26.5706005096	-65.7277984619	0.971343040466	2.0	5.80000019073	35.1562995911	1.0	5.80000019073	0.52908050703	1.0	1
1.0	22.2131004333	1.0	1.0	119.70400238	1.0	1.0	42.1875	0.0	0.00374805694446	0.980666935444	-0.195648387074	3.34023335287	0.0	7.79112005234	32.6014022827	-65.7667007446	0.426326394081	1.0	6.21999979019	14.9413995743	0.0	6.21999979019	0.337760520742	1.0	1
1.0	22.2131004333	1.0	1.0	271.493011475	2.0	2.0	56.25	0.0	0.00374805694446	0.980666935444	-0.195648387074	3.34023335287	18.3371299743	7.79112005234	32.6014022827	-65.7667007446	0.426326394081	1.0	6.21999979019	14.9413995743	0.0	6.21999979019	0.207863667452	1.0	1
1.0	868.396850586	4.0	3.0	382.148895264	5.0	3.0	154.248094082	0.0	-0.0288577135652	0.963103950024	-0.267578095198	11.7580636134	25.3594712722	0.760776996613	47.2628479004	-55.443397522	0.735110402107	4.0	11.0	167.959001541	0.0	13.6199998856	0.970588054188	1.0	1
1.0	126.013397217	2.0	2.0	497.204986572	1.0	1.0	79.9805021286	0.0	0.028847463429	-0.963136672974	0.267461448908	11.7580636134	3.40930053182	0.789223015308	46.3133010864	-55.179649353	0.19327750802	1.0	11.3800001144	35.4198989868	0.0	11.3800001144	0.379865543491	1.0	1
1.0	842.372314453	3.0	3.0	130.121994019	1.0	1.0	93.6914224625	0.0	-0.028847463429	0.963136672974	-0.267461448908	27.6369393211	1.71905265224	0.789223015308	46.3133010864	-55.179649353	0.523033380508	1.0	12.6000003815	59.414100647	0.0	12.6000003815	0.647649918886	1.0	1
1.0	642.394287109	2.0	2.0	153.407089233	2.0	2.0	89.1211214066	0.0	-0.028847463429	0.963136672974	-0.267461448908	3.40930053182	1.71905265224	0.789223015308	46.3133010864	-55.179649353	0.523033380508	1.0	12.6000003815	59.414100647	0.0	12.6000003815	0.700539478413	1.0	1
1.0	54.7883987427	1.0	1.0	23.2851009369	1.0	1.0	51.4160003662	2.50346563453	0.181141987443	-0.968190968037	-0.172608479857	5.97893258765	0.0	1.0627219677	24.6222496033	-73.9829559326	0.355740517378	0.0	0.0	0.0	0.0	0.0	0.25156233795	1.0	1
1.0	98.442199707	2.0	2.0	136.412994385	1.0	1.0	44.8242086172	0.0	-0.0535556524992	-0.956507444382	0.286749452353	2.16233453724	4.64276156065	-0.937286496162	17.9244003296	-60.9083023071	0.720998466015	1.0	6.80000019073	14.0625	0.0	6.80000019073	0.360908043009	1.0	1
1.0	22.5011005402	1.0	1.0	212.354095459	2.0	2.0	73.8280982971	0.0	-0.0535556524992	-0.956507444382	0.286749452353	2.16233453724	18.2884284117	-0.937286496162	17.9244003296	-60.9083023071	0.720998466015	1.0	6.80000019073	14.0625	0.0	6.80000019073	0.353239680461	1.0	1
1.0	75.9411010742	1.0	1.0	136.412994385	1.0	1.0	1.7578099966	4.11475394495	0.082164734602	-0.945821583271	-0.314118593931	4.99676637991	4.40368317856	-1.56311750412	28.9521007538	-57.1510505676	0.450421273708	0.0	0.0	0.0	0.0	0.0	0.0087888236796	1.0	1
1.0	23.5121994019	1.0	1.0	76.7239990234	1.0	1.0	50.0	0.0	-0.999845921993	0.0	-0.017552735284	1.5046115559	10.0063166695	3.91234493256	36.3972015381	-66.1666488647	0.740515947342	2.0	5.42000007629	29.0	0.0	5.73999977112	-1.0	0.0	1
1.0	87.8614044189	2.0	1.0	91.5737991333	3.0	1.0	34.0	0.0	-0.0178065486252	-0.144368037581	0.989363849163	14.0527396684	1.0883775919	3.377805233	36.4747505188	-66.707649231	0.569367289543	1.0	6.42000007629	14.0	0.0	6.42000007629	0.0897577847472	1.0	1
1.0	23.5121994019	1.0	1.0	19.7996997833	1.0	1.0	17.0	0.0	-0.999845921993	0.0	-0.017552735284	1.5046115559	1.0883775919	3.91234493256	36.3972015381	-66.1666488647	0.740515947342	1.0	5.73999977112	15.0	0.0	5.73999977112	0.163518753684	1.0	1
1.0	59.3269996643	1.0	1.0	134.130996704	1.0	1.0	36.0	3.00921756574	0.00466176867485	-0.966002106667	-0.258492022753	0.0	7.2671600361	3.50009489059	32.6651000977	-71.5265960693	0.778706610203	0.0	0.0	0.0	0.0	0.0	-1.0	0.0	1
1.0	59.3269996643	1.0	0.0	42.5606994629	1.0	0.0	0.0	10.0	0.0	0.0	0.0	0.0	0.0	0.0	0.0	0.0	2.0	0.0	0.0	0.0	0.0	0.0	5.4903804831e-06	1.0	1
1.0	73.5139007568	2.0	2.0	144.448699951	2.0	1.0	48.0	2.44948974278	0.0178405735642	0.144378378987	-0.989361703396	1.10478027256	0.0	3.35662984848	23.3741989136	-63.5704956055	0.462847113609	0.0	0.0	0.0	0.0	0.0	0.139092447878	1.0	1
1.0	193.457992554	2.0	2.0	14.1869001389	1.0	1.0	40.0	2.44948974278	-0.0178405735642	-0.144378378987	0.989361703396	20.3928384215	1.10478027256	3.35662984848	23.3741989136	-63.5704956055	0.462847113609	0.0	0.0	0.0	0.0	0.0	0.0199973337599	1.0	1
1.0	590.632629395	2.0	0.0	217.795074463	3.0	0.0	0.0	10.0	0.0	0.0	0.0	0.0	0.0	0.0	0.0	0.0	2.0	0.0	0.0	0.0	0.0	0.0	5.4903804831e-06	1.0	1
1.0	714.911010742	1.0	1.0	129.201004028	1.0	1.0	83.0	2.7714887623	0.422090888023	-0.558623731136	-0.713987886906	23.6737158938	0.0	1.59981000423	50.438949585	-54.8896484375	0.684923112392	0.0	0.0	0.0	0.0	0.0	0.109558470214	1.0	1
1.0	434.360992432	1.0	1.0	534.030029297	2.0	2.0	70.0	0.0	0.00267771282233	-0.99008667469	-0.140432193875	1.03284221612	2.37644653439	0.848907470703	39.0286026001	-44.5237998962	0.373301506042	1.0	17.4200000763	49.0	0.0	17.4200000763	0.109558470214	1.0	1
1.0	558.640014648	2.0	2.0	409.750976562	2.0	2.0	132.0	0.0	0.00267771282233	-0.99008667469	-0.140432193875	22.8107675391	2.37644653439	0.848907470703	39.0286026001	-44.5237998962	0.373301506042	2.0	11.4200000763	82.0	0.0	17.4200000763	0.272905080563	1.0	1
1.0	103.535003662	1.0	1.0	56.0308990479	1.0	1.0	42.0	2.83941185355	-0.00664202403277	-0.93228238821	0.361670404673	11.4666110755	0.0	1.26895999908	30.1271495819	-69.0913009644	0.804022967815	0.0	0.0	0.0	0.0	0.0	-1.0	0.0	1
1.0	130.332794189	1.0	1.0	716.220397949	5.0	1.0	68.0	2.83941185355	0.0113085983321	-0.787883043289	-0.615721046925	3.51231357175	27.5479241062	-0.213371008635	45.1616516113	-47.7147521973	0.554624855518	0.0	0.0	0.0	0.0	0.0	0.173235157835	1.0	1
1.0	103.535003662	1.0	1.0	231.431900024	2.0	2.0	75.0	2.83941185355	-0.00664202403277	-0.93228238821	0.361670404673	11.4666110755	15.0727595295	1.26895999908	30.1271495819	-69.0913009644	0.804022967815	0.0	0.0	0.0	0.0	0.0	0.163518753684	1.0	1
1.0	58.6715011597	1.0	0.0	146.054595947	2.0	0.0	0.0	10.0	0.0	0.0	0.0	0.0	0.0	0.0	0.0	0.0	2.0	0.0	0.0	0.0	0.0	0.0	5.4903804831e-06	1.0	1
1.0	67.4097976685	1.0	1.0	289.611999512	1.0	1.0	29.0	0.0	-0.0181733444333	-0.142468869686	0.989632427692	2.39781563615	4.64999748148	2.07442498207	37.1261520386	-52.4663505554	0.0712487697601	1.0	8.84000015259	26.0	0.0	8.84000015259	0.143992265863	1.0	1
1.0	67.4097976685	1.0	1.0	289.611999512	1.0	1.0	29.0	0.0	-0.0181733444333	-0.142468869686	0.989632427692	2.39781563615	4.64999748148	2.07442498207	37.1261520386	-52.4663505554	0.0712487697601	1.0	8.84000015259	26.0	0.0	8.84000015259	0.434150570986	1.0	1
1.0	824.010803223	2.0	2.0	464.60168457	5.0	4.0	204.0	0.0	0.0185747891665	0.149585649371	-0.988574266434	22.9787034662	3.32380359895	4.57981967926	51.2600021362	-66.2970504761	0.961530208588	5.0	6.42000007629	105.0	2.0	14.4200000763	0.965072159062	1.0	1
1.0	495.908996582	1.0	1.0	310.56918335	3.0	1.0	30.0	0.0	-0.0185845959932	-0.149678602815	0.988560080528	3.33632855949	9.71104866879	0.956161499023	26.1411514282	-50.8852500916	0.602416872978	2.0	8.10000038147	48.0	1.0	14.0	0.268271182022	1.0	1
1.0	727.583984375	1.0	1.0	121.472999573	1.0	1.0	56.0	2.69816787512	0.134873718023	-0.898618757725	0.41748470068	5.36995584537	3.01220366734	3.08009505272	15.7241001129	-75.1940002441	0.384582340717	0.0	0.0	0.0	0.0	0.0	0.473831791667	1.0	1
1.0	495.908996582	1.0	1.0	310.56918335	3.0	1.0	30.0	0.0	-0.0185845959932	-0.149678602815	0.988560080528	3.33632855949	9.71104866879	0.956161499023	26.1411514282	-50.8852500916	0.602416872978	2.0	8.10000038147	48.0	1.0	14.0	0.148885033623	1.0	1
1.0	592.780517578	3.0	2.0	254.895309448	3.0	2.0	49.0	0.0	0.0191451981664	0.152613326907	-0.988100469112	6.79995748843	39.1291306725	-0.263401001692	44.1132507324	-43.4582519531	0.856163144112	2.0	17.9400005341	96.0	0.0	17.9400005341	0.240212864686	1.0	1
1.0	195.617492676	2.0	2.0	413.761016846	2.0	2.0	112.0	2.32059474474	-0.38871499896	0.91305077076	0.123445913196	1.10591660988	17.4023845223	4.47103023529	42.854549408	-59.4509506226	0.488631904125	0.0	0.0	0.0	0.0	0.0	0.544127098854	1.0	1
1.0	430.358703613	3.0	2.0	124.48400116	1.0	1.0	100.0	0.0	0.00274668470956	-0.990048885345	-0.140696704388	1.10594722247	0.0	22.5103492737	17.8352508545	-77.0662002563	0.237663641572	1.0	4.26000022888	11.0	1.0	4.26000022888	0.779854851275	1.0	1
1.0	289.277008057	1.0	1.0	237.112091064	1.0	1.0	85.0	2.32059474474	0.38871499896	-0.91305077076	-0.123445913196	17.4023845223	1.10591660988	4.47103023529	42.854549408	-59.4509506226	0.488631904125	0.0	0.0	0.0	0.0	0.0	0.28213481267	1.0	1
1.0	46.3064994812	1.0	1.0	146.637207031	1.0	1.0	27.4218997955	3.21791851081	-0.101725630462	-0.989393532276	0.103692620993	3.14132879921	7.73507459155	3.47237992287	29.3584499359	-61.0328979492	0.467142403126	0.0	0.0	0.0	0.0	0.0	-1.0	0.0	1
1.0	64.8291015625	1.0	1.0	128.114608765	2.0	2.0	43.4180002213	0.0	0.999529898167	0.0	0.0306580290198	1.78622931819	0.0	4.37903499603	22.4552001953	-55.8006515503	0.873737037182	1.0	7.90000009537	21.7089996338	0.0	7.90000009537	0.0798103954655	1.0	1
1.0	111.135604858	2.0	1.0	81.8080978394	1.0	1.0	15.9961004257	0.0	0.999529898167	0.0	0.0306580290198	11.9235528288	0.0	4.37903499603	22.4552001953	-55.8006515503	0.873737037182	1.0	7.90000009537	21.7089996338	0.0	7.90000009537	0.0570669268196	1.0	1
1.0	46.3064994812	1.0	0.0	54.0242004395	1.0	0.0	0.0	10.0	0.0	0.0	0.0	0.0	0.0	0.0	0.0	0.0	2.0	0.0	0.0	0.0	0.0	0.0	5.4903804831e-06	1.0	1
1.0	54.0242004395	1.0	0.0	75.633895874	2.0	0.0	0.0	10.0	0.0	0.0	0.0	0.0	0.0	0.0	0.0	0.0	2.0	0.0	0.0	0.0	0.0	0.0	5.4903804831e-06	1.0	1
1.0	48.0340995789	1.0	1.0	14.619099617	1.0	1.0	23.7304992676	3.58986075214	-0.123050682247	-0.946752130985	-0.297521233559	0.0	3.58815774769	3.20126008987	30.038848877	-59.6386489868	0.990445256233	0.0	0.0	0.0	0.0	0.0	-1.0	0.0	1
1.0	62.6531982422	2.0	2.0	1073.45678711	3.0	3.0	167.431601524	1.22474487139	-0.106952168047	0.204383522272	0.973030567169	15.341250214	23.241282808	3.98777008057	37.0181007385	-56.6245498657	0.333971440792	0.0	0.0	0.0	0.0	0.0	0.615982728746	1.0	1
1.0	14.619099617	1.0	1.0	964.858093262	2.0	2.0	48.7792987823	2.89572963026	-0.0873431041837	0.600664436817	0.794715940952	1.11109329183	12.1855592405	2.74590492249	24.5361995697	-55.4954528809	0.455248564482	0.0	0.0	0.0	0.0	0.0	0.124593218954	1.0	1
1.0	555.592102051	1.0	1.0	10.9553003311	1.0	1.0	43.8690013885	0.0	-0.993543386459	-0.113419115543	-0.00275789108127	18.0499701418	2.82290530232	6.49071502686	29.004650116	-66.8748474121	0.957402467728	1.0	4.73999977112	7.62938976288	0.0	4.73999977112	0.451333389508	1.0	1
1.0	205.021087646	3.0	3.0	173.720092773	2.0	2.0	120.162801743	0.0	-0.993542790413	-0.113424032927	-0.00275801052339	14.4180264282	11.1913762543	21.3121986389	18.4529495239	-75.5466461182	0.103338494897	2.0	4.73999977112	32.4248895645	0.0	8.80000019073	0.537628544261	1.0	1
1.0	90.7727966309	1.0	1.0	78.2523956299	1.0	1.0	43.8689994812	2.77049275267	0.276425153017	0.921005129814	0.274478882551	0.0	2.88863225759	3.49829006195	25.1002006531	-51.3778533936	0.857267320156	0.0	0.0	0.0	0.0	0.0	0.215893677006	1.0	1
1.0	579.067810059	2.0	2.0	287.968383789	2.0	2.0	104.904098511	0.0	0.993543565273	0.113418124616	0.00275447871536	27.1617615685	1.63718926488	5.24411010742	29.6193504333	-48.984046936	0.488082170486	1.0	9.27999973297	23.8418006897	1.0	9.27999973297	0.26529615296	1.0	1
1.0	46.0295982361	1.0	1.0	247.608001709	1.0	1.0	54.4874000549	2.65004337203	-0.127459585667	-0.966975212097	0.220710143447	2.72386985232	11.0888616403	2.66488003731	27.4454994202	-64.7526550293	0.947391450405	0.0	0.0	0.0	0.0	0.0	-1.0	0.0	1
1.0	104.757003784	2.0	1.0	920.592834473	4.0	2.0	76.7777004242	2.60514296478	0.228807806969	0.0612123198807	0.971545219421	12.7429341203	8.53018483649	1.44915103912	38.2461013794	-48.9771003723	0.507039487362	0.0	0.0	0.0	0.0	0.0	0.110992320575	1.0	1
1.0	46.0295982361	1.0	1.0	312.684295654	3.0	2.0	59.44080019	2.65004337203	-0.127459585667	-0.966975212097	0.220710143447	2.72386985232	21.1197785013	2.66488003731	27.4454994202	-64.7526550293	0.947391450405	0.0	0.0	0.0	0.0	0.0	0.0247619378557	1.0	1
1.0	198.403594971	2.0	1.0	312.684295654	3.0	2.0	59.44080019	2.65004337203	-0.127459585667	-0.966975212097	0.220710143447	2.72386985232	21.1197785013	2.66488003731	27.4454994202	-64.7526550293	0.947391450405	0.0	0.0	0.0	0.0	0.0	0.322427599118	1.0	1
1.0	16.9300003052	1.0	1.0	71.105796814	1.0	1.0	26.2513008118	1.96554061636	0.258758157492	-0.953431069851	0.154962822795	0.0	1.49483985247	-0.558710098267	43.6222496033	-57.4396514893	0.155410885811	0.0	0.0	0.0	0.0	0.0	-1.0	0.0	1
1.0	38.179901123	1.0	1.0	167.660003662	1.0	1.0	42.2753810883	3.06948849247	-0.0591255091131	-0.970547616482	0.233541339636	0.0	12.5951923463	2.15333509445	22.0060005188	-70.0962524414	0.842486441135	0.0	0.0	0.0	0.0	0.0	-1.0	0.0	1
1.0	131.139801025	3.0	2.0	156.039916992	3.0	2.0	21.7089905739	0.0	0.0472641848028	-0.972083449364	0.229825660586	1.06080492228	15.6354066907	3.29922485352	17.4017982483	-59.3283500671	0.00370196998119	1.0	7.90000009537	17.1387004852	0.0	7.90000009537	0.0114249527113	1.0	1
1.0	58.099899292	2.0	2.0	381.799682617	3.0	2.0	78.8379120827	0.0	0.0472641848028	-0.972083449364	0.229825660586	1.06080492228	8.7756547037	3.29922485352	17.4017982483	-59.3283500671	0.189311787486	2.0	7.90000009537	41.1328010559	0.0	9.5	0.18080295532	1.0	1
1.0	38.179901123	1.0	1.0	147.740005493	1.0	1.0	41.1328010559	3.06948849247	-0.0591255091131	-0.970547616482	0.233541339636	0.0	11.2240158091	2.15333509445	22.0060005188	-70.0962524414	0.842486441135	0.0	0.0	0.0	0.0	0.0	0.00571283801148	1.0	1
1.0	38.179901123	1.0	1.0	401.719726562	3.0	2.0	58.271481514	3.06948849247	-0.0591255091131	-0.970547616482	0.233541339636	0.0	16.498376015	2.15333509445	22.0060005188	-70.0962524414	0.842486441135	0.0	0.0	0.0	0.0	0.0	0.0798103954655	1.0	1
1.0	257.578186035	3.0	3.0	714.780517578	4.0	3.0	115.400500298	0.0	-0.992685317993	0.0704839006066	0.0980199798942	8.24563529413	2.1281599224	13.1999492645	46.0857009888	-80.7699432373	0.491375178099	2.0	10.8199996948	69.6972007751	1.0	8.65999984741	0.486373510285	1.0	1
1.0	238.260498047	3.0	3.0	54.7354011536	1.0	1.0	55.9862012863	3.67230170185	-0.890262901783	0.449634850025	-0.0725293084979	1.06408242586	2.08308449849	10.6660346985	42.8741493225	-82.2261962891	0.14552372694	0.0	0.0	0.0	0.0	0.0	0.805476525362	1.0	1
1.0	194.7940979	2.0	2.0	120.739898682	2.0	2.0	78.8378009796	2.16506350946	-0.0588220432401	-0.984725356102	0.163877680898	13.8661685365	15.1033866874	-2.58470487595	16.6531486511	-71.3300933838	0.739747166634	0.0	0.0	0.0	0.0	0.0	0.45071365366	1.0	1
1.0	36.275100708	1.0	1.0	155.303100586	1.0	1.0	40.7665996552	3.09316348286	-0.0906840637326	-0.94999396801	0.298810720444	1.32918905381	6.91718817281	-0.464244604111	31.8446006775	-64.3032531738	0.2796010077	0.0	0.0	0.0	0.0	0.0	-1.0	0.0	1
1.0	65.7485961914	2.0	2.0	508.985626221	4.0	2.0	135.593200684	1.87678449272	2.00570457309e-06	0.825497806072	0.564405322075	0.0	22.2309921168	0.000270843505859	55.1964492798	-63.6870994568	0.469194233418	0.0	0.0	0.0	0.0	0.0	0.316637069088	1.0	1
1.0	50.1724014282	1.0	1.0	200.690002441	1.0	1.0	31.6406002045	2.8843110281	0.0260624159127	-0.744939208031	0.66662311554	0.0	1.79593600742	0.984354496002	32.115650177	-58.7228507996	0.708543777466	0.0	0.0	0.0	0.0	0.0	-1.0	0.0	1
1.0	638.130371094	3.0	3.0	528.378417969	3.0	3.0	76.9921603203	0.0	0.0342556610703	-0.96795040369	0.248794287443	2.30722020529	13.8952417586	1.57120990753	15.5485992432	-55.2183990479	0.674297988415	1.0	14.5799999237	39.023399353	0.0	14.5799999237	0.131077276076	1.0	1
1.0	186.578399658	2.0	2.0	200.690002441	1.0	1.0	93.8672008514	2.85542817093	-0.554151296616	-0.831473171711	0.0396080575883	12.814537519	1.46585633947	14.4273996353	21.4319992065	-79.9664001465	0.114621013403	0.0	0.0	0.0	0.0	0.0	0.0158189808662	1.0	1
1.0	168.661010742	2.0	2.0	398.038696289	2.0	2.0	48.7426395416	2.97649970201	0.0327520035207	0.50190860033	0.864300310612	0.0	2.64079564012	3.58306980133	40.2917022705	-52.6493492126	0.741911888123	0.0	0.0	0.0	0.0	0.0	0.161060257692	1.0	1
1.0	418.277984619	1.0	1.0	538.364685059	3.0	3.0	90.1739397049	0.0	-0.997141838074	0.0	-0.0755519196391	2.47796225476	1.64581748697	4.17759990692	43.9520988464	-46.8104476929	0.0265207588673	1.0	15.6800003052	35.7445983887	0.0	15.6800003052	0.180776200409	1.0	1
1.0	389.942993164	1.0	1.0	566.699707031	4.0	3.0	70.6768989563	0.0	0.99714165926	0.0	0.0755548253655	1.04694263752	24.6376102904	5.00567483902	17.1315002441	-57.4230499268	0.0457242131233	2.0	7.23999977112	55.2416992188	0.0	15.6800003052	0.339373663896	1.0	1
1.0	43.8703994751	1.0	1.0	237.912002563	1.0	1.0	46.1426010132	2.52487623459	-0.00841222889721	-0.957798182964	-0.287318468094	7.28348464401	0.0	0.394287496805	28.5125999451	-56.0083503723	0.691332697868	0.0	0.0	0.0	0.0	0.0	-1.0	0.0	1
1.0	143.422393799	2.0	1.0	278.407714844	2.0	1.0	46.1426010132	2.52487623459	-0.00841222889721	-0.957798182964	-0.287318468094	7.28348464401	0.0	0.394287496805	28.5125999451	-56.0083503723	0.691332697868	0.0	0.0	0.0	0.0	0.0	0.137550030522	1.0	1
1.0	93.9331970215	2.0	2.0	1349.38867188	5.0	3.0	59.0625	0.0	0.0091907363385	-0.994012951851	0.108874984086	2.18378863889	13.1340614646	1.29645001888	7.97045993805	-63.7537002563	0.746286451817	4.0	7.90000009537	109.687498093	4.0	14.6999998093	0.343974547172	1.0	1
1.0	180.64100647	1.0	1.0	650.307556152	3.0	3.0	63.2812986374	0.0	0.00919372122735	-0.994022786617	0.10878508538	1.10965859455	9.74606400296	0.795089483261	13.8161001205	-56.5057525635	0.764775156975	1.0	7.90000009537	21.0937995911	2.0	14.3999996185	0.429097104187	1.0	1
1.0	180.64100647	1.0	1.0	614.179443359	3.0	2.0	51.6796989441	0.0	-0.0091795977205	0.994012713432	-0.108878545463	2.5744675095	1.55205016986	-0.0341110490263	26.7070007324	-53.1398010254	0.520677506924	0.0	0.0	0.0	1.0	14.3999996185	0.287017073727	1.0	1
1.0	87.4738998413	1.0	1.0	1188.05480957	4.0	3.0	145.546901703	0.0	-0.99935901165	0.0331630520523	0.0134893395007	2.39238798671	31.4850089111	4.72403001785	19.0559501648	-72.6809997559	0.559466838837	1.0	6.59999990463	16.875	0.0	6.59999990463	0.62167738871	1.0	1
1.0	87.4738998413	1.0	1.0	141.548995972	1.0	1.0	18.9843997955	3.28035062544	0.562383949757	0.718143761158	-0.409870624542	2.39238798671	1.81632913405	8.65122509003	23.3621501923	-75.15625	0.0962707698345	0.0	0.0	0.0	0.0	0.0	0.0946379344382	1.0	1
1.0	88.0639038086	1.0	1.0	73.6534042358	1.0	1.0	46.4062004089	1.67705098312	-0.0330350287259	-0.998149573803	-0.0510501228273	0.0	8.00063130749	11.4941501617	32.8526992798	-74.3004455566	0.870188593864	0.0	0.0	0.0	0.0	0.0	-1.0	0.0	1
1.0	113.682502747	2.0	2.0	174.526107788	3.0	2.0	83.3202991486	0.0	-0.997979283333	0.0388793237507	-0.0502570569515	13.0379565794	1.0287989764	6.49795007706	28.9953994751	-68.9767456055	0.633912801743	1.0	1.87999999523	4.21875	0.0	1.87999999523	0.182502788814	1.0	1
1.0	48.0348014832	1.0	1.0	192.138900757	2.0	2.0	49.5702991486	2.16506350946	0.0330377966166	0.998149812222	0.0510443411767	1.0287989764	16.2984432296	6.07384490967	31.7119998932	-68.8647003174	0.876523435116	0.0	0.0	0.0	0.0	0.0	0.291849248685	1.0	1
1.0	35.7752990723	1.0	1.0	193.18699646	1.0	1.0	33.75	2.92026201902	0.0906685963273	-0.806466042995	0.5842872262	3.00421434665	2.17022807298	2.70771980286	25.3955497742	-57.6774978638	0.923174440861	0.0	0.0	0.0	0.0	0.0	-1.0	0.0	1
1.0	35.7752990723	1.0	1.0	1221.72729492	3.0	2.0	76.9921989441	1.89736657097	-0.0614899992943	0.122669115663	0.990540862083	1.06792210866	29.2291623743	2.20310997963	36.0596008301	-50.1879997253	0.00679591298103	0.0	0.0	0.0	0.0	0.0	0.212903737198	1.0	1
1.0	35.7752990723	1.0	1.0	1239.61486816	3.0	2.0	76.9921989441	1.89736657097	-0.0614899992943	0.122669115663	0.990540862083	1.06792210866	31.1727835081	2.20310997963	36.0596008301	-50.1879997253	0.00679591298103	0.0	0.0	0.0	0.0	0.0	0.212903737198	1.0	1
1.0	66.0699996948	1.0	1.0	117.274002075	1.0	1.0	50.625	3.07432763417	0.0	-0.989475429058	0.144701123238	0.0	5.03484808169	2.25951004028	30.9995002747	-57.7635993958	0.981698274612	0.0	0.0	0.0	0.0	0.0	-1.0	0.0	1
1.0	254.369995117	2.0	1.0	117.274002075	1.0	1.0	50.625	3.07432763417	0.0	-0.989475429058	0.144701123238	0.0	5.03484808169	2.25951004028	30.9995002747	-57.7635993958	0.981698274612	0.0	0.0	0.0	0.0	0.0	0.237929287326	1.0	1
1.0	66.0699996948	1.0	1.0	305.574005127	2.0	2.0	99.1405982971	2.2200562836	0.211893290281	0.937996029854	-0.274344086647	3.82843813491	19.4116855939	2.82425999641	41.4995002747	-75.31199646	0.362009525299	0.0	0.0	0.0	0.0	0.0	0.237929287326	1.0	1
1.0	13.2139997482	1.0	1.0	254.369995117	2.0	2.0	42.1875	3.49948565927	0.423259288073	0.899355709553	0.109594225883	3.01713184402	0.0	18.6372509003	33.9995002747	-82.6238555908	0.465794712305	0.0	0.0	0.0	0.0	0.0	0.247853952666	1.0	1
1.0	12.9664001465	1.0	1.0	119.57900238	1.0	1.0	23.2031002045	3.21130814467	-0.00856696628034	-0.994447648525	0.104883275926	0.0	4.67973559423	3.70453000069	36.4663505554	-57.9131469727	0.407692551613	0.0	0.0	0.0	0.0	0.0	-1.0	0.0	1
1.0	77.7982025146	2.0	1.0	773.660888672	4.0	2.0	23.2031002045	0.0	0.995396792889	0.0	0.0958396270871	6.87199891219	1.02251736577	3.69385528564	46.5489006042	-38.9463005066	0.236914783716	2.0	7.53999996185	53.7889995575	1.0	7.53999996185	0.177399595802	1.0	1
1.0	12.9664001465	1.0	1.0	452.382995605	2.0	2.0	70.6639995575	2.46803157348	-0.0621035397053	0.646643459797	0.760260105133	3.49594753535	13.6738793174	2.67817997932	48.9434967041	-57.9068527222	0.67607998848	0.0	0.0	0.0	0.0	0.0	0.23294812318	1.0	1
1.0	458.145507812	2.0	2.0	525.85925293	4.0	4.0	90.7031303644	0.0	0.00857136026025	0.994442820549	-0.104928642511	3.17776168502	32.1929777651	3.85356998444	43.3576507568	-47.1801490784	0.0671375691891	2.0	7.42000007629	69.6093997955	0.0	14.1199998856	0.115497780889	1.0	1
1.0	28.0212001801	2.0	1.0	235.067001343	1.0	1.0	47.460899353	2.7358873817	0.0	-0.91240632534	-0.409285694361	0.0	16.9066065047	4.24322986603	18.2833995819	-71.2980957031	0.536908268929	0.0	0.0	0.0	0.0	0.0	-1.0	0.0	1
1.0	264.644592285	5.0	3.0	333.141113281	3.0	2.0	107.578100204	0.0	0.0	-0.995170235634	0.0981647893786	14.3381863444	1.74177779097	2.12159991264	46.1268997192	-55.0904464722	0.947290420532	1.0	8.0	14.7656002045	0.0	8.0	0.105079661378	1.0	1
1.0	52.9289016724	2.0	1.0	87.1769943237	2.0	1.0	27.4218997955	1.98426812552	0.0	-0.913654208183	0.406492471695	7.58299467008	1.75425883192	3.18242001534	30.811050415	-66.9176483154	0.689983427525	0.0	0.0	0.0	0.0	0.0	0.0998610516066	1.0	1
1.0	14.01060009	1.0	1.0	249.077606201	2.0	2.0	74.8827991486	1.98426812552	0.0	0.913654208183	-0.406492471695	1.75425883192	7.58299467008	3.18242001534	30.811050415	-66.9176483154	0.689983427525	0.0	0.0	0.0	0.0	0.0	0.136256736347	1.0	1
1.0	34.561000824	1.0	1.0	236.990005493	1.0	1.0	34.8046989441	2.48737811073	-0.0728080719709	-0.967282116413	0.243031471968	6.86788100212	4.43251014945	2.12462496758	35.9918518066	-58.806350708	0.794866740704	0.0	0.0	0.0	0.0	0.0	-1.0	0.0	1
1.0	80.6424026489	1.0	0.0	209.011901855	3.0	0.0	0.0	10.0	0.0	0.0	0.0	0.0	0.0	0.0	0.0	0.0	2.0	0.0	0.0	0.0	0.0	0.0	5.4903804831e-06	1.0	1
1.0	148.11869812	2.0	2.0	276.488311768	2.0	1.0	92.8124990463	2.2200562836	0.0997979417443	0.992539346218	-0.0700433850288	0.0	17.1795400602	2.55507493019	18.0947990417	-66.2996520996	0.587088227272	0.0	0.0	0.0	0.0	0.0	0.0526856696892	1.0	1
1.0	26.2756996155	1.0	1.0	69.5532989502	1.0	1.0	26.3672008514	4.10791918129	-0.0353976674378	-0.998048603535	-0.0514383539557	0.0	4.90101606772	2.44909000397	22.4309005737	-64.5195465088	0.966480255127	0.0	0.0	0.0	0.0	0.0	0.13107747525	1.0	1
1.0	26.2756996155	1.0	1.0	69.5532989502	1.0	1.0	26.3672008514	4.10791918129	-0.0353976674378	-0.998048603535	-0.0514383539557	0.0	4.90101606772	2.44909000397	22.4309005737	-64.5195465088	0.966480255127	0.0	0.0	0.0	0.0	0.0	0.13107747525	1.0	1
1.0	26.2756996155	1.0	1.0	69.5532989502	1.0	1.0	26.3672008514	4.10791918129	-0.0353976674378	-0.998048603535	-0.0514383539557	0.0	4.90101606772	2.44909000397	22.4309005737	-64.5195465088	0.966480255127	0.0	0.0	0.0	0.0	0.0	0.13107747525	1.0	1
1.0	26.2756996155	1.0	1.0	69.5532989502	1.0	1.0	26.3672008514	4.10791918129	-0.0353976674378	-0.998048603535	-0.0514383539557	0.0	4.90101606772	2.44909000397	22.4309005737	-64.5195465088	0.966480255127	0.0	0.0	0.0	0.0	0.0	0.13107747525	1.0	1
1.0	45.6152992249	1.0	1.0	48.5582008362	1.0	1.0	28.476600647	2.59554614647	0.147021412849	-0.979797482491	0.135578721762	0.0	4.21834081855	0.746533989906	38.9188995361	-59.0824508667	0.068521425128	0.0	0.0	0.0	0.0	0.0	-1.0	0.0	1
1.0	147.145996094	1.0	0.0	242.790985107	2.0	0.0	0.0	10.0	0.0	0.0	0.0	0.0	0.0	0.0	0.0	0.0	2.0	0.0	0.0	0.0	0.0	0.0	5.4903804831e-06	1.0	1
1.0	189.81829834	2.0	2.0	279.577209473	1.0	1.0	98.0860033035	0.0	0.00146359717473	0.998946785927	0.0458599217236	23.9470329724	18.2741297232	1.35980010033	24.4409008026	-56.3497009277	0.62540858984	1.0	13.1400003433	28.476600647	0.0	13.1400003433	0.16716623567	1.0	1
1.0	66.4792022705	1.0	1.0	175.504806519	1.0	1.0	45.3515014648	2.85866933985	-0.178824231029	-0.417317688465	0.890992581844	1.3493981203	5.48010644239	1.73517394066	31.3429489136	-59.3664474487	0.72991079092	0.0	0.0	0.0	0.0	0.0	-1.0	0.0	1
1.0	180.823104858	3.0	2.0	91.7413024902	2.0	2.0	43.2422008514	0.0	0.998023509979	-0.0313634760678	0.0544548593462	7.70276224702	7.73927204504	0.197006002069	44.6375999451	-40.5312004089	0.62284052372	1.0	10.6199998856	30.585899353	0.0	10.6199998856	0.217932992822	1.0	1
1.0	109.025901794	2.0	2.0	457.376586914	3.0	2.0	87.5390331745	0.0	0.0377331711352	0.999285817146	0.00200397195294	1.64910173819	8.15149816305	2.02134513855	48.8840484619	-62.0535507202	0.155282199383	3.0	0.939999997616	59.0624802113	0.0	10.5399999619	0.177400085342	1.0	1
1.0	190.130203247	2.0	2.0	159.549804688	2.0	2.0	46.4062409401	0.0	-0.0377334207296	-0.999285817146	-0.00200397195294	1.03943954166	7.39606016286	4.13186502457	18.4728507996	-64.6410522461	0.906767487526	1.0	8.84000015259	27.4218997955	0.0	8.84000015259	0.00527364848631	1.0	1
1.0	338.930511475	4.0	4.0	221.285614014	4.0	4.0	215.156218529	0.0	0.991645038128	0.0	-0.128996685147	3.52846045576	7.03073999887	16.1271495819	18.9176998138	-75.5790481567	0.856597661972	1.0	7.53999996185	17.9297008514	0.0	7.53999996185	0.507223208825	1.0	1
1.0	245.094299316	3.0	3.0	556.014038086	2.0	2.0	120.234401703	0.0	0.00962104368955	-0.996492683887	0.0831262692809	1.69630227443	27.5111960075	5.66588973999	19.7597007751	-56.3199501038	0.265917479992	2.0	8.10000038147	63.2813014984	0.0	16.5799999237	0.320519961344	1.0	1
1.0	219.884597778	2.0	0.0	25.2096996307	1.0	0.0	0.0	10.0	0.0	0.0	0.0	0.0	0.0	0.0	0.0	0.0	2.0	0.0	0.0	0.0	0.0	0.0	5.4903804831e-06	1.0	1
1.0	22.1998996735	1.0	1.0	107.583999634	1.0	1.0	27.4218997955	3.62745083797	-0.0399939082563	-0.997910439968	0.0507475733757	0.0	3.81164666303	0.873308539391	36.2148017883	-70.4440994263	0.830245196819	0.0	0.0	0.0	0.0	0.0	-1.0	0.0	1
1.0	104.898300171	2.0	2.0	42.670501709	1.0	1.0	35.8593502045	2.96178832701	0.0529932007194	-0.913172841072	-0.404112577438	2.12776721966	0.0	2.75604486465	23.9354000092	-70.9007492065	0.568958699703	0.0	0.0	0.0	0.0	0.0	0.972462418553	1.0	1
1.0	248.911300659	3.0	2.0	1312.11914062	4.0	3.0	80.1563510895	0.0	0.998786568642	0.0325580313802	0.0369510166347	0.0	10.3321626882	2.17301511765	11.9777002335	-57.1960487366	0.716800808907	2.0	8.65999984741	60.1172008514	2.0	10.720000267	0.267546236503	1.0	1
1.0	37.3367004395	1.0	1.0	42.670501709	1.0	1.0	31.6406002045	2.96178832701	0.0529932007194	-0.913172841072	-0.404112577438	2.12776721966	0.0	2.75604486465	23.9354000092	-70.9007492065	0.568958699703	0.0	0.0	0.0	0.0	0.0	0.156896236942	1.0	1
1.0	37.3367004395	1.0	1.0	42.670501709	1.0	1.0	31.6406002045	2.96178832701	0.0529932007194	-0.913172841072	-0.404112577438	2.12776721966	0.0	2.75604486465	23.9354000092	-70.9007492065	0.568958699703	0.0	0.0	0.0	0.0	0.0	0.156896236942	1.0	1
1.0	37.3367004395	1.0	1.0	1104.10058594	2.0	2.0	86.4843997955	1.54919336926	-0.0330072902143	-0.082878395915	0.996012926102	0.0	10.4734040349	2.00446510315	27.1612014771	-54.0601005554	0.774460971355	0.0	0.0	0.0	0.0	0.0	0.40734341965	1.0	1
1.0	103.071998596	1.0	1.0	49.7588996887	1.0	1.0	30.585899353	0.0	-0.997638642788	0.0654119998217	-0.0209363475442	0.0	3.69079662315	4.63750505447	16.7863502502	-74.961151123	0.691384911537	1.0	7.96000003815	14.7656002045	0.0	7.96000003815	0.151748335913	1.0	1
1.0	103.071998596	1.0	1.0	49.7588996887	1.0	1.0	30.585899353	0.0	-0.997638642788	0.0654119998217	-0.0209363475442	0.0	3.69079662315	4.63750505447	16.7863502502	-74.961151123	0.691384911537	1.0	7.96000003815	14.7656002045	0.0	7.96000003815	0.151748335913	1.0	1
1.0	103.071998596	1.0	1.0	302.107910156	3.0	3.0	56.9531092644	0.0	-0.997638642788	0.0654119998217	-0.0209363475442	0.0	13.8608893048	4.63750505447	16.7863502502	-74.961151123	0.691384911537	1.0	7.96000003815	14.7656002045	0.0	7.96000003815	0.27730994037	1.0	1
1.0	11.6913003922	1.0	1.0	43.4249000549	1.0	1.0	23.2031002045	2.38800962911	-0.209652394056	-0.958125054836	-0.195044368505	1.74046843011	7.42234579099	-0.412819981575	38.0047988892	-61.6014022827	0.902037501335	0.0	0.0	0.0	0.0	0.0	-1.0	0.0	1
1.0	31.7336006165	2.0	0.0	16.7019004822	1.0	0.0	0.0	10.0	0.0	0.0	0.0	0.0	0.0	0.0	0.0	0.0	2.0	0.0	0.0	0.0	0.0	0.0	5.4903804831e-06	1.0	1
1.0	11.6913003922	1.0	0.0	55.1161994934	1.0	0.0	0.0	10.0	0.0	0.0	0.0	0.0	0.0	0.0	0.0	0.0	2.0	0.0	0.0	0.0	0.0	0.0	5.4903804831e-06	1.0	1
1.0	173.742004395	1.0	1.0	108.588600159	2.0	1.0	39.023399353	0.0	-0.994159460068	-0.0667735114694	0.0847836509347	3.18030783861	1.7815092467	3.5257101059	52.0480499268	-61.4792022705	0.849841177464	1.0	7.15999984741	25.3125	0.0	7.15999984741	0.192678054412	1.0	1
1.0	100.559997559	1.0	1.0	74.2594985962	1.0	1.0	29.5312004089	2.37170824513	-0.00547859119251	-0.9676425457	-0.252265244722	6.31773718198	0.0	1.85586500168	31.7652492523	-61.8282012939	0.905817508698	0.0	0.0	0.0	0.0	0.0	-1.0	0.0	1
1.0	143.878097534	2.0	2.0	858.625854492	2.0	2.0	139.218700409	1.98426812552	0.012167384848	0.828773319721	0.559452056885	22.4993909965	20.8614487207	0.964950501919	37.2779502869	-53.6595497131	0.706373870373	0.0	0.0	0.0	0.0	0.0	0.416101999601	1.0	1
1.0	117.577598572	2.0	2.0	813.760986328	2.0	2.0	62.2265005112	0.0	-0.999699294567	0.0	0.0245217755437	0.0	5.13124931605	1.59710502625	23.1077003479	-49.1716995239	0.0692254155874	2.0	4.34000015259	33.7499594688	0.0	9.80000019073	0.177400076106	1.0	1
1.0	43.2182006836	1.0	1.0	41.6747016907	1.0	1.0	36.914100647	2.52914614431	-0.258875340223	-0.901129543781	0.347777336836	8.41683577062	0.0	1.75498044491	37.2834014893	-68.0205001831	0.917797267437	0.0	0.0	0.0	0.0	0.0	-1.0	0.0	1
1.0	163.612197876	2.0	2.0	564.923706055	2.0	2.0	89.6485004425	2.52914614431	-0.258875340223	-0.901129543781	0.347777336836	8.41683577062	19.4542858589	1.75498044491	37.2834014893	-68.0205001831	0.917797267437	0.0	0.0	0.0	0.0	0.0	0.429096703476	1.0	1
1.0	43.2182006836	1.0	1.0	615.859680176	1.0	1.0	44.2969107628	2.52914614431	-0.258875340223	-0.901129543781	0.347777336836	8.41683577062	18.9036696005	1.75498044491	37.2834014893	-68.0205001831	0.917797267437	0.0	0.0	0.0	0.0	0.0	0.0368972927713	1.0	1
1.0	21.7677001953	1.0	1.0	232.746795654	1.0	1.0	27.4218997955	2.59554614647	0.0303282495588	-0.994600117207	0.0992513000965	2.92650836624	0.0	2.6419301033	40.1708984375	-58.4326019287	0.573101222515	0.0	0.0	0.0	0.0	0.0	-1.0	0.0	1
1.0	251.16569519	3.0	2.0	574.331298828	2.0	2.0	113.906310558	0.0	0.993278205395	-0.100713513792	0.0570548810065	22.4426651219	25.2436720973	5.84900999069	27.1406497955	-63.2038993835	0.613511919975	1.0	4.13999986649	13.7109003067	0.0	4.13999986649	0.608566202913	1.0	1
1.0	78.6985015869	3.0	2.0	658.053466797	3.0	1.0	112.851600647	0.0	-0.993278205395	0.100713513792	-0.0570548810065	22.6376243483	22.4426651219	5.84900999069	27.1406497955	-63.2038993835	0.613511919975	1.0	4.13999986649	13.7109003067	0.0	4.13999986649	0.15174834523	1.0	1
1.0	51.9075012207	2.0	1.0	684.844482422	4.0	1.0	58.0078010559	0.0	-0.993278205395	0.100713513792	-0.0570548810065	0.0	23.3457357234	5.84900999069	27.1406497955	-63.2038993835	0.613511919975	1.0	4.13999986649	13.7109003067	0.0	4.13999986649	0.15174834523	1.0	1
1.0	75.3162002563	1.0	1.0	33.1390991211	1.0	1.0	29.5312004089	2.56173769149	-0.0103239770979	-0.966932296753	0.254824280739	2.06035074322	0.0	2.97408485413	33.2840499878	-73.3765487671	0.981906712055	0.0	0.0	0.0	0.0	0.0	-1.0	0.0	1
1.0	100.923698425	2.0	2.0	317.834289551	3.0	2.0	61.1718006134	2.56173769149	-0.0103239770979	-0.966932296753	0.254824280739	13.2355486677	24.6186713592	2.97408485413	33.2840499878	-73.3765487671	0.981906712055	0.0	0.0	0.0	0.0	0.0	0.094637542208	1.0	1
1.0	75.3162002563	1.0	1.0	108.455299377	2.0	2.0	42.1874008179	2.56173769149	-0.0103239770979	-0.966932296753	0.254824280739	2.06035074322	10.0745159932	2.97408485413	33.2840499878	-73.3765487671	0.981906712055	0.0	0.0	0.0	0.0	0.0	0.063196667849	1.0	1
1.0	62.3502006531	1.0	1.0	50.8646011353	1.0	1.0	44.2969017029	2.47297596484	-0.00803947821259	-0.871637523174	0.490085095167	5.71238946787	3.51600285513	0.482932984829	36.8249511719	-64.7525482178	0.91791510582	0.0	0.0	0.0	0.0	0.0	-1.0	0.0	1
1.0	39.3791007996	1.0	0.0	170.642791748	2.0	0.0	0.0	10.0	0.0	0.0	0.0	0.0	0.0	0.0	0.0	0.0	2.0	0.0	0.0	0.0	0.0	0.0	5.4903804831e-06	1.0	1
1.0	113.214797974	2.0	1.0	121.418998718	1.0	1.0	20.039100647	3.35410196625	0.0275009963661	-0.995361745358	0.0921885818243	8.08555535782	0.0	0.457062005997	25.660150528	-59.4577484131	0.968491375446	0.0	0.0	0.0	0.0	0.0	0.120697722611	1.0	1
1.0	258.619995117	1.0	1.0	95.9658966064	1.0	1.0	62.226600647	3.22423641421	-0.0406479202211	-0.829614758492	0.556854724884	21.0256459902	0.0	1.30491495132	32.2354507446	-72.8280944824	0.686679780483	0.0	0.0	0.0	0.0	0.0	-1.0	0.0	1
1.0	258.619995117	1.0	1.0	120.363998413	2.0	2.0	106.52350235	2.57470967036	-0.693406701088	-0.716261446476	-0.0784642398357	0.0	0.0	19.7940502167	24.0255508423	-81.6344451904	0.239664673805	0.0	0.0	0.0	0.0	0.0	0.217932520464	1.0	1
1.0	588.336914062	2.0	2.0	535.721557617	6.0	4.0	151.874991417	0.0	-0.00986130628735	0.992221057415	-0.124097295105	17.1016945518	36.0298609338	0.164001494646	43.010799408	-54.1873512268	0.0105848163366	2.0	8.47999954224	60.1171989441	1.0	8.47999954224	0.362435834981	1.0	1
1.0	87.6924972534	1.0	1.0	609.064208984	3.0	2.0	60.1172008514	0.0	0.997551321983	0.0	-0.069938249886	0.0	25.1419141023	1.54625153542	32.6356010437	-71.9425506592	0.828639805317	1.0	6.78000020981	13.7109003067	0.0	6.78000020981	0.291848795014	1.0	1
1.0	27.0377998352	1.0	1.0	186.083999634	1.0	1.0	36.914100647	2.19969537967	0.0251396950334	-0.913580536842	0.405879974365	0.0	3.04933732135	2.09063005447	40.0621490479	-54.5103530884	0.801165759563	0.0	0.0	0.0	0.0	0.0	-1.0	0.0	1
1.0	27.0377998352	1.0	1.0	313.320892334	3.0	2.0	61.1718997955	2.19969537967	0.0251396950334	-0.913580536842	0.405879974365	0.0	3.04933732135	2.09063005447	40.0621490479	-54.5103530884	0.801165759563	0.0	0.0	0.0	0.0	0.0	0.120697713213	1.0	1
1.0	124.055999756	1.0	0.0	58.8470993042	1.0	0.0	0.0	10.0	0.0	0.0	0.0	0.0	0.0	0.0	0.0	0.0	2.0	0.0	0.0	0.0	0.0	0.0	5.4903804831e-06	1.0	1
1.0	145.41519165	4.0	1.0	50.0873985291	2.0	1.0	5.27343988419	0.0	-0.99793112278	0.0310258567333	0.0563117600977	8.96634782794	2.45319118532	9.01941490173	36.9435997009	-74.6047058105	0.308316975832	1.0	9.03999996185	18.9843997955	0.0	9.03999996185	0.296665381779	1.0	1
1.0	11.3100996017	1.0	1.0	66.2446975708	1.0	1.0	8.4375	3.75	0.0353664681315	0.998048901558	-0.0514555387199	0.0	2.01102401441	2.04886484146	37.8404502869	-69.9098510742	0.869938910007	0.0	0.0	0.0	0.0	0.0	0.0421624895764	1.0	1
1.0	26.834400177	1.0	1.0	12.6280002594	1.0	1.0	31.6406002045	2.41401736517	-0.12282859534	-0.972589194775	0.19744206965	0.0	0.0	2.19376993179	31.7821998596	-73.4060058594	0.678907096386	0.0	0.0	0.0	0.0	0.0	-1.0	0.0	1
1.0	111.085998535	1.0	1.0	280.446594238	3.0	1.0	8.4375	0.0	-0.996800005436	-0.0703410953283	-0.0379709601402	1.83480787222	19.6705485678	2.02882504463	34.3593521118	-53.4084472656	0.4616933465	1.0	13.8599996567	40.0780982971	1.0	13.8599996567	0.237929287326	1.0	1
1.0	111.085998535	1.0	1.0	606.419250488	2.0	2.0	67.5000495911	0.0	-0.996800005436	-0.0703410953283	-0.0379709601402	1.83480787222	14.4302801931	2.02882504463	34.3593521118	-53.4084472656	0.4616933465	1.0	13.8599996567	40.0780982971	1.0	13.8599996567	0.491389675163	1.0	1
1.0	162.076004028	1.0	1.0	322.331207275	1.0	1.0	21.0937995911	3.70637286081	-0.634451687336	0.0900389179587	0.76770055294	10.6136061668	0.0	6.42582988739	30.1779499054	-73.2090454102	0.326388061047	0.0	0.0	0.0	0.0	0.0	0.237929287326	1.0	1
1.0	73.0512008667	1.0	1.0	196.324996948	1.0	1.0	37.9687995911	3.03664131115	0.0862132012844	-0.809313416481	0.581015586853	5.49267697493	12.3586916343	0.664376020432	30.68034935	-61.5274505615	0.916243314743	0.0	0.0	0.0	0.0	0.0	-1.0	0.0	1
1.0	196.324996948	1.0	1.0	170.452789307	4.0	4.0	136.054698944	3.02724467454	0.843321621418	-0.520819365978	-0.132498666644	1.75499502937	11.0172178591	17.0258998871	16.9930496216	-74.2886962891	0.504781603813	0.0	0.0	0.0	0.0	0.0	0.454557252357	1.0	1
1.0	21.0466995239	1.0	1.0	432.267913818	4.0	2.0	78.0469017029	2.7970341472	-0.281093478203	-0.959240317345	0.0290615446866	2.25334152472	21.2944746561	12.0608501434	24.6351509094	-88.3657073975	0.917833924294	0.0	0.0	0.0	0.0	0.0	0.371562378084	1.0	1
1.0	108.472000122	1.0	1.0	236.371002197	2.0	2.0	66.4453010559	2.48252089308	-0.185417696834	-0.712298512459	0.676942527294	7.34404296291	2.04229970447	1.37275850773	24.9243507385	-71.6856994629	0.64871764183	0.0	0.0	0.0	0.0	0.0	0.320519969901	1.0	1
1.0	108.472000122	1.0	1.0	21.0466995239	1.0	1.0	41.1328010559	2.84900339336	0.387717276812	0.664878427982	-0.638444900513	1.56591362948	1.08480276196	4.89253520966	29.1820983887	-83.8320465088	0.355093181133	0.0	0.0	0.0	0.0	0.0	0.202812536158	1.0	1
1.0	108.472000122	1.0	1.0	150.564697266	2.0	2.0	61.1719017029	2.84900339336	0.387717276812	0.664878427982	-0.638444900513	1.56591362948	1.08480276196	4.89253520966	29.1820983887	-83.8320465088	0.355093181133	0.0	0.0	0.0	0.0	0.0	0.296665666619	1.0	1
1.0	63.8624000549	1.0	1.0	328.625	1.0	1.0	21.226600647	0.0	-0.691302061081	0.718419671059	-0.0772955268621	1.73104235784	1.7776892693	3.4101099968	30.3813514709	-58.5528488159	0.253372251987	1.0	5.53999996185	6.58758020401	0.0	5.53999996185	0.105736288975	1.0	2
1.0	328.625	1.0	1.0	900.724365234	3.0	2.0	49.0408296585	0.0	0.691302061081	-0.718419671059	0.0772955268621	1.7776892693	29.8004123326	3.4101099968	30.3813514709	-58.5528488159	0.253372251987	2.0	5.53999996185	38.0615811348	1.0	14.9600000381	0.284692576308	1.0	2
1.0	63.8624000549	1.0	1.0	987.204956055	2.0	2.0	67.3397016525	0.0	-0.997895777225	0.0559463016689	0.0327721387148	1.34686875486	21.1762752	2.46797513962	30.177898407	-56.985748291	0.226528525352	2.0	5.53999996185	27.0822796822	1.0	9.18000030518	0.412957884115	1.0	2
1.0	26.6086997986	1.0	1.0	10.6435003281	1.0	1.0	37.9687995911	2.31278618769	-0.178387910128	0.935922861099	0.303687691689	5.36448563669	0.0	0.548410356045	35.1678504944	-58.1050491333	0.570209801197	0.0	0.0	0.0	0.0	0.0	-1.0	0.0	2
1.0	26.6086997986	1.0	0.0	65.634803772	1.0	0.0	0.0	10.0	0.0	0.0	0.0	0.0	0.0	0.0	0.0	0.0	2.0	0.0	0.0	0.0	0.0	0.0	5.4903804831e-06	1.0	2
1.0	351.705383301	3.0	3.0	929.112304688	6.0	4.0	132.934610844	0.0	-0.0016467514215	-0.998876035213	-0.0473698787391	0.0	21.6607969501	10.1746006012	23.3668498993	-80.8069000244	0.185998558998	4.0	5.51999998093	56.7187104225	1.0	5.51999998093	0.510019814962	1.0	2
1.0	37.3860015869	1.0	1.0	283.856994629	2.0	2.0	45.1977906227	2.27073776557	-0.00164706015494	-0.998876452446	-0.0473630800843	4.08961009585	17.2811731816	-0.427695989609	37.9768981934	-69.7118988037	0.920866847038	0.0	0.0	0.0	0.0	0.0	0.222218791672	1.0	2
1.0	469.402404785	2.0	2.0	166.160003662	2.0	2.0	139.138219833	0.0	-0.0016467514215	-0.998876035213	-0.0473698787391	0.0	7.10299067305	10.1746006012	23.3668498993	-80.8069000244	0.185998558998	1.0	5.51999998093	6.20360994339	1.0	5.51999998093	0.183989199247	1.0	2
1.0	351.705383301	3.0	3.0	283.856994629	2.0	2.0	89.5093007088	0.0	-0.0016467514215	-0.998876035213	-0.0473698787391	0.0	7.10299067305	10.1746006012	23.3668498993	-80.8069000244	0.185998558998	2.0	5.51999998093	27.4731106758	1.0	5.51999998093	0.37892507135	1.0	2
1.0	10.2151002884	1.0	1.0	168.548583984	4.0	1.0	8.86231040955	3.11812766675	-0.751705408096	0.659488976002	-0.0036645710934	4.96934745603	0.0	15.1672496796	53.5902481079	-76.8170013428	0.267676442862	0.0	0.0	0.0	0.0	0.0	0.0442825726957	1.0	2
1.0	45.9678001404	1.0	1.0	71.5054016113	2.0	2.0	20.3833398819	2.10426944696	0.0347947217524	0.582865476608	0.811823308468	0.0	13.6120829817	2.61357998848	20.5190505981	-58.6792984009	0.380260467529	0.0	0.0	0.0	0.0	0.0	0.427152684443	1.0	2
1.0	43.4140014648	1.0	1.0	181.317306519	3.0	2.0	59.3774003983	2.8706428018	0.357952713966	-0.914183199406	0.190102100372	0.0	2.07303564091	17.6504516602	20.6000995636	-78.6915435791	0.447531998158	0.0	0.0	0.0	0.0	0.0	0.0795917898563	1.0	2
1.0	53.6290016174	1.0	1.0	90.658706665	2.0	1.0	27.4731397629	0.0	-0.99919885397	0.0	0.0400194600224	1.02451075997	1.93916200295	3.21123504639	21.9564990997	-56.6977005005	0.768025577068	1.0	7.71999979019	15.0658998489	1.0	7.71999979019	0.209544804162	1.0	2
1.0	45.6823997498	1.0	1.0	222.701812744	2.0	2.0	114.697200775	0.0	0.995600402355	-0.0935386717319	0.00551356887445	4.17277991378	21.3087788575	1.96103000641	30.2049503326	-72.911895752	0.831671774387	0.0	0.0	0.0	1.0	7.34000015259	0.387361084256	1.0	2
1.0	411.141998291	2.0	2.0	137.047195435	2.0	1.0	72.5097007751	0.0	-0.995600402355	0.0935386717319	-0.00551356887445	25.0703417147	22.1444578656	1.96103000641	30.2049503326	-72.911895752	0.831671774387	0.0	0.0	0.0	1.0	7.34000015259	0.239172767055	1.0	2
1.0	411.141998291	2.0	2.0	137.047195435	2.0	1.0	72.5097007751	0.0	-0.995600402355	0.0935386717319	-0.00551356887445	25.0703417147	22.1444578656	1.96103000641	30.2049503326	-72.911895752	0.831671774387	0.0	0.0	0.0	1.0	7.34000015259	0.163319226584	1.0	2
1.0	26.5690002441	1.0	0.0	120.888900757	3.0	0.0	0.0	10.0	0.0	0.0	0.0	0.0	0.0	0.0	0.0	0.0	2.0	0.0	0.0	0.0	0.0	0.0	5.4903804831e-06	1.0	2
1.0	65.09400177	1.0	1.0	421.118011475	2.0	2.0	39.5254993439	3.70846327365	-0.304535329342	-0.0998334810138	0.947254657745	3.2405748884	21.9768443925	2.56414055824	21.7667503357	-70.5944061279	0.000258319079876	0.0	0.0	0.0	0.0	0.0	0.138181300789	1.0	2
1.0	65.09400177	1.0	1.0	421.118011475	2.0	2.0	39.5254993439	3.70846327365	-0.304535329342	-0.0998334810138	0.947254657745	3.2405748884	21.9768443925	2.56414055824	21.7667503357	-70.5944061279	0.000258319079876	0.0	0.0	0.0	0.0	0.0	0.138181300789	1.0	2
