valid	volumeS1	connectedComponentsS1	connectedComponentsS1Rel	volumeS2	connectedComponentsS2	connectedComponentsS2Rel	corticalSize	distanceMin	direction_x	direction_y	direction_z	distanceToExtremity1	distanceToExtremity2	gravityCenter_x	gravityCenter_y	gravityCenter_z	corticalDotProduct	junctions	junctionDepthMin	junctionsSize	plisDePassage	plisDePassageDepthMax	Potential	Class	cycle
1.0	207.576004028	1.0	1.0	370.986999512	1.0	1.0	32.9589996338	0.0	0.0334173999727	0.984704196453	-0.170999854803	1.10408807271	2.10720295162	-64.7103500366	-16.0431003571	-17.8941993713	0.650748431683	1.0	11.9799995422	44.8241996765	0.0	11.9799995422	-1.0	0.0	1
1.0	72.8723983765	2.0	2.0	1267.53820801	5.0	2.0	0.0	10.0	0.0	0.0	0.0	0.0	0.0	0.0	0.0	0.0	2.0	5.0	14.0399999619	89.6485197544	0.0	22.1200008392	0.358995661431	1.0	1
1.0	90.5383987427	1.0	1.0	373.195007324	2.0	1.0	2.63671994209	1.44786390945	-0.42278239131	0.894082605839	-0.147889614105	0.0	17.9034385405	-63.1298980713	-19.6084499359	-15.4921503067	0.602068066597	0.0	0.0	0.0	0.0	0.0	0.163319226584	1.0	1
1.0	90.5383987427	1.0	1.0	578.562988281	1.0	1.0	13.1836197376	1.44786390945	-0.42278239131	0.894082605839	-0.147889614105	0.0	17.9034385405	-63.1298980713	-19.6084499359	-15.4921503067	0.602068066597	0.0	0.0	0.0	0.0	0.0	0.163319226584	1.0	1
1.0	264.622009277	1.0	1.0	220.244995117	1.0	1.0	45.351600647	2.16506350946	-0.604504585266	0.788591623306	-0.112683005631	0.0	9.37873257401	-62.7489013672	-15.6277999878	-31.792098999	0.927659630775	0.0	0.0	0.0	0.0	0.0	-1.0	0.0	1
1.0	1523.63305664	3.0	3.0	1896.73425293	6.0	4.0	111.796800613	0.0	-0.0461944080889	-0.993749678135	0.101625077426	19.7036492855	34.9110966309	-59.1424026489	-21.1974487305	-29.5868988037	0.795441448689	12.0	11.5600004196	318.515538931	1.0	11.5600004196	0.760196142193	1.0	1
1.0	220.244995117	1.0	1.0	811.945983887	2.0	2.0	79.101600647	0.0	0.0461943596601	0.993749558926	-0.101626843214	3.04848824854	16.9460256593	-60.5838012695	-13.7696495056	-39.0909996033	0.330802440643	1.0	17.6399993896	53.789100647	0.0	17.6399993896	0.167166231035	1.0	1
1.0	340.228393555	2.0	1.0	220.244995117	1.0	1.0	45.351600647	2.16506350946	-0.604504585266	0.788591623306	-0.112683005631	0.0	9.37873257401	-62.7489013672	-15.6277999878	-31.792098999	0.927659630775	0.0	0.0	0.0	0.0	0.0	0.0894091098296	1.0	1
1.0	368.247375488	1.0	1.0	526.315979004	1.0	1.0	78.3105010986	0.0	-0.0314058586955	0.976041197777	-0.21530765295	14.377380174	11.2880216864	-69.774848938	-8.89610004425	-19.3507003784	0.978194355965	1.0	2.81999993324	10.6347999573	1.0	2.81999993324	-1.0	0.0	1
1.0	1314.92224121	4.0	4.0	2433.56103516	5.0	5.0	213.662011623	0.0	0.0314061306417	-0.976048767567	0.215272814035	4.95425392547	25.2956734196	-65.2755508423	-12.3167495728	-8.67024040222	0.271716296673	16.0	2.81999993324	287.13855648	12.0	25.6599998474	0.970613474477	1.0	1
1.0	785.131958008	2.0	1.0	1066.52856445	5.0	2.0	86.044880867	0.0	-0.0314058586955	0.976041197777	-0.21530765295	22.5694227931	11.2880216864	-69.774848938	-8.89610004425	-19.3507003784	0.978194355965	2.0	2.81999993324	65.7421989441	2.0	23.9400005341	0.698969550011	1.0	1
1.0	1827.34228516	3.0	2.0	983.151550293	5.0	4.0	57.0409812927	2.27554171474	-0.0184035263956	0.784160137177	-0.620285570621	2.23492595576	13.1355385751	-47.1277999878	-26.5890007019	-48.595703125	0.744930267334	8.0	9.84000015259	113.115229249	8.0	23.9400005341	0.976403326135	1.0	1
1.0	368.247375488	1.0	1.0	932.778015137	2.0	2.0	105.380800247	0.0	0.0314061306417	-0.976048767567	0.215272814035	2.97952883638	14.7410592606	-65.2755508423	-12.3167495728	-8.67024040222	0.922853708267	4.0	2.81999993324	44.4726793766	3.0	10.3999996185	0.286613675641	1.0	1
1.0	368.247375488	1.0	1.0	1026.57788086	2.0	2.0	103.447200775	0.0	-0.0314058586955	0.976041197777	-0.21530765295	14.377380174	22.837098788	-69.774848938	-8.89610004425	-19.3507003784	0.978194355965	3.0	2.81999993324	42.5390969515	2.0	10.8999996185	0.273248413254	1.0	1
1.0	1167.27490234	2.0	2.0	1149.90563965	4.0	4.0	107.314370275	0.0	-0.999280273914	-0.0342910252512	-0.0162182506174	0.0	21.473430451	-52.7432022095	-14.7938499451	-42.9036026001	0.688271939754	6.0	4.76000022888	158.55477953	1.0	9.84000015259	0.977070162925	1.0	1
1.0	868.508300781	2.0	2.0	1816.91967773	4.0	2.0	161.454949975	0.0	-0.0314126126468	0.976055383682	-0.215241789818	3.18247095447	22.5700792596	-54.390953064	-16.4883003235	-42.5704498291	0.328852057457	11.0	2.81999993324	198.193358183	4.0	10.3999996185	0.831813335127	1.0	1
1.0	1787.89233398	3.0	3.0	1866.71252441	7.0	6.0	163.173929214	0.0	0.0429157800972	0.985954880714	-0.161403715611	1.79007076187	18.948889804	-60.2200012207	-12.36784935	-5.68413496017	0.249285310507	12.0	3.44000005722	313.188480854	14.0	24.7199993134	0.999588100714	1.0	1
1.0	432.554901123	3.0	2.0	1372.63891602	7.0	3.0	0.0	10.0	0.0	0.0	0.0	0.0	0.0	0.0	0.0	0.0	2.0	7.0	6.0	214.494731903	4.0	19.2999992371	0.545464727743	1.0	1
1.0	1032.36376953	6.0	6.0	2510.73779297	7.0	4.0	142.119240046	0.0	0.998985528946	-0.0365950502455	0.0262422058731	0.0	36.5105767798	-63.6337013245	-10.668800354	-41.1455497742	0.492008209229	16.0	4.55999994278	606.638273239	11.0	24.7199993134	0.989966977199	1.0	1
1.0	253.76499939	1.0	1.0	415.252288818	2.0	1.0	25.0023994446	0.0	0.0429121106863	0.98595136404	-0.161426439881	1.20240177364	12.7465175286	-64.2057952881	-10.237745285	-42.5285491943	0.611746132374	1.0	13.3000001907	40.7934989929	1.0	13.3000001907	0.507432253016	1.0	1
1.0	632.491027832	1.0	1.0	36.5267982483	1.0	1.0	31.5820007324	2.42693631842	-0.343180924654	0.925664424896	-0.159286782146	7.54513017849	0.0	-67.0257034302	-1.34600496292	-15.4385499954	0.878457069397	0.0	0.0	0.0	0.0	0.0	0.615156689469	1.0	1
1.0	1263.67602539	3.0	3.0	1870.83422852	4.0	2.0	67.6757606268	0.0	0.0037282097619	0.980662822723	-0.195669516921	0.99250220767	25.7957759741	-60.157951355	-8.3336648941	-41.3929977417	0.202234119177	15.0	4.63999986649	344.531224728	2.0	16.2999992371	0.55696168367	1.0	1
1.0	472.644134521	2.0	2.0	651.583557129	2.0	1.0	73.8281002045	0.0	0.0037282097619	0.980662822723	-0.195669516921	1.84604082197	20.2750375693	-60.157951355	-8.3336648941	-41.3929977417	0.202234119177	2.0	6.07999992371	49.218729496	1.0	6.07999992371	0.529080215605	1.0	1
1.0	259.152099609	1.0	1.0	768.819152832	2.0	1.0	29.8827991486	0.0	0.0037282097619	0.980662822723	-0.195669516921	2.26141734907	25.7957759741	-60.157951355	-8.3336648941	-41.3929977417	0.202234119177	2.0	6.07999992371	49.218729496	1.0	6.07999992371	0.345523513315	1.0	1
1.0	573.908325195	4.0	4.0	1335.46777344	6.0	2.0	68.5546708107	0.0	-0.0288073308766	0.963105142117	-0.267579287291	12.501916357	34.0662322353	-58.5458984375	-18.3899497986	-30.7420005798	0.807494044304	7.0	2.81999993324	127.968762398	4.0	10.9200000763	0.979733321888	1.0	1
1.0	1117.68444824	2.0	2.0	1310.81237793	9.0	5.0	84.5508623123	0.0	-0.0288050901145	0.96311044693	-0.267560392618	1.97457411798	29.5201667777	-54.8174972534	-9.34630966187	-43.4207992554	0.323577851057	13.0	2.81999993324	438.749976635	12.0	23.2800006866	0.790972208008	1.0	1
1.0	679.376281738	3.0	3.0	1781.9934082	8.0	6.0	121.113302231	0.0	-0.0288050901145	0.96311044693	-0.267560392618	1.97457411798	29.5201667777	-54.8174972534	-9.34630966187	-43.4207992554	0.323577851057	16.0	2.90000009537	521.015651226	9.0	24.2199993134	0.977050267511	1.0	1
1.0	205.456298828	2.0	2.0	573.90838623	1.0	1.0	39.9902009964	0.0	0.0124378493056	-0.25114735961	-0.967868924141	5.2083613077	1.39542930601	-60.8685493469	-10.8423995972	-7.31377506256	0.958971738815	1.0	10.720000267	46.8456993103	0.0	10.720000267	0.0798103954655	1.0	1
1.0	294.487304688	1.0	1.0	109.576797485	2.0	2.0	25.1367206573	0.0	0.0288073308766	-0.963105142117	0.267579287291	0.985874759231	11.3567512767	-58.5458984375	-18.3899497986	-30.7420005798	0.807494044304	1.0	10.1599998474	29.7070007324	1.0	10.1599998474	0.267545873485	1.0	1
1.0	306.815307617	2.0	2.0	291.747894287	1.0	1.0	28.5645008087	0.0	-0.0288073308766	0.963105142117	-0.267579287291	13.2343150456	0.985874759231	-58.5458984375	-18.3899497986	-30.7420005798	0.625303506851	3.0	10.720000267	167.958999634	2.0	21.8199996948	0.180802902276	1.0	1
1.0	267.200012207	1.0	1.0	864.88470459	1.0	1.0	52.7344017029	2.43500919724	-0.266208708286	0.930152595043	-0.252881586552	8.13914408915	28.1030752217	-64.5641021729	-18.5321006775	-24.7052497864	0.952703654766	0.0	0.0	0.0	0.0	0.0	-1.0	0.0	1
1.0	288.294708252	2.0	2.0	843.789978027	1.0	1.0	72.0703010559	0.0	0.05353647843	0.956534802914	-0.286662012339	2.40807847739	21.8353043848	-59.348449707	-10.852399826	-38.7895507812	0.646125018597	1.0	7.51999998093	30.7616996765	0.0	7.51999998093	0.0963794000364	1.0	1
1.0	369.861114502	2.0	2.0	897.229980469	1.0	1.0	79.9805417061	0.0	-0.0535350218415	-0.956537187099	0.286654233932	9.91412945087	24.3944658851	-58.1287498474	-9.59808540344	-37.9935493469	0.185219720006	2.0	6.51999998093	37.7929992676	0.0	9.11999988556	0.0087888236796	1.0	1
1.0	165.945007324	1.0	0.0	32.3452987671	1.0	0.0	0.0	10.0	0.0	0.0	0.0	0.0	0.0	0.0	0.0	0.0	2.0	0.0	0.0	0.0	0.0	0.0	4.15764013832e-07	1.0	1
1.0	288.294708252	2.0	2.0	843.789978027	1.0	1.0	72.0703010559	0.0	0.05353647843	0.956534802914	-0.286662012339	2.40807847739	21.8353043848	-59.348449707	-10.852399826	-38.7895507812	0.646125018597	1.0	7.51999998093	30.7616996765	0.0	7.51999998093	0.0963794000364	1.0	1
1.0	362.583007812	2.0	2.0	516.03137207	6.0	2.0	34.0	2.60429069732	0.145714074373	-0.93793708086	0.314708530903	7.8556425966	12.1911346493	-64.2747039795	-19.6906509399	-27.4524002075	0.917403697968	1.0	25.1200008392	23.0	0.0	25.1200008392	0.0649086127746	1.0	1
1.0	39.5994987488	1.0	1.0	247.496994019	1.0	1.0	34.0	2.60429069732	-0.145714074373	0.93793708086	-0.314708530903	0.0	7.8556425966	-64.2747039795	-19.6906509399	-27.4524002075	0.917403697968	0.0	0.0	0.0	0.0	0.0	0.168381045871	1.0	1
1.0	319.850006104	1.0	1.0	475.906005859	1.0	1.0	55.0	2.34034828007	-0.373766720295	0.925954937935	-0.053906314075	12.947051572	16.6419178635	-67.0301055908	-16.126701355	-20.6614494324	0.997626125813	0.0	0.0	0.0	0.0	0.0	-1.0	0.0	1
1.0	490.093017578	2.0	1.0	1057.56872559	3.0	3.0	106.0	0.0	0.999845802784	0.0	0.0175616294146	1.88871454232	20.7467244332	-59.4859008789	-22.3925991058	-40.7350997925	0.666720330715	2.0	8.89999961853	65.0	2.0	13.8999996185	0.522665429686	1.0	1
1.0	871.849365234	2.0	1.0	1149.13842773	2.0	2.0	67.0	2.34034828007	-0.373766720295	0.925954937935	-0.053906314075	23.0095168617	21.3299950531	-67.0301055908	-16.126701355	-20.6614494324	0.997626125813	0.0	0.0	0.0	0.0	0.0	0.584979882881	1.0	1
1.0	1175.11181641	3.0	3.0	756.747497559	9.0	6.0	91.0	0.0	-0.0187811423093	-0.152910023928	0.988061666489	2.6661808843	22.6724659102	-61.123298645	-3.03974485397	-44.7378501892	0.264688014984	4.0	5.15999984741	152.0	0.0	30.3799991608	0.994023055329	1.0	1
1.0	1515.9552002	4.0	4.0	2825.18847656	6.0	4.0	232.0	0.0	-0.0187848322093	-0.152910232544	0.988061547279	10.463992914	24.6201687639	-58.9127006531	-9.59379482269	-44.5877494812	0.494577258825	24.0	2.74000000954	797.0	4.0	25.3600006104	0.842579325659	1.0	1
1.0	2040.14135742	5.0	5.0	1896.17346191	7.0	5.0	164.0	0.0	-0.0188809260726	-0.152901053429	0.988061130047	2.39999219973	24.6991418357	-58.8824501038	-6.07987976074	-46.1751480103	0.9622194767	20.0	4.84000015259	572.0	7.0	25.3600006104	0.974765678641	1.0	1
1.0	664.460998535	2.0	0.0	536.49017334	2.0	0.0	0.0	10.0	0.0	0.0	0.0	0.0	0.0	0.0	0.0	0.0	2.0	0.0	0.0	0.0	0.0	0.0	4.15764013832e-07	1.0	1
1.0	718.601989746	2.0	2.0	650.926086426	2.0	1.0	72.0	1.41421356237	-0.00269259163179	0.990089476109	0.140412464738	2.58763900973	0.0	-64.0343017578	-13.0682506561	-8.13131523132	0.936093270779	0.0	0.0	0.0	0.0	0.0	0.206966499729	1.0	1
1.0	1673.61865234	3.0	3.0	1516.48864746	6.0	5.0	156.0	0.0	0.0182053819299	0.147383734584	-0.988911867142	1.08955789735	23.6342057957	-64.5960006714	-5.555560112	-42.9690475464	0.356862664223	16.0	7.32000017166	428.0	5.0	27.6000003815	0.988236478638	1.0	1
1.0	505.49597168	2.0	1.0	200.980804443	2.0	1.0	29.0	2.03054421708	-0.484690666199	0.58425205946	-0.650941193104	1.0544275034	10.5159667188	-66.2549438477	-4.81744480133	-11.9762496948	0.940031170845	0.0	0.0	0.0	0.0	0.0	0.143992265863	1.0	1
1.0	1342.30456543	3.0	2.0	1002.46661377	5.0	4.0	211.0	0.0	0.0181095954031	0.147370189428	-0.988915622234	26.1861714684	9.36660268452	-64.6995544434	-10.683599472	-37.3306007385	0.56618398428	12.0	7.32000017166	305.0	6.0	27.6000003815	0.983835982749	1.0	1
1.0	359.329101562	2.0	1.0	380.035705566	3.0	2.0	10.0	0.0	0.0182053819299	0.147383734584	-0.988911867142	1.08955789735	18.0156512562	-64.5960006714	-5.555560112	-42.9690475464	0.356862664223	1.0	12.3800001144	34.0	0.0	12.3800001144	0.0499583749579	1.0	1
1.0	551.782104492	1.0	1.0	1069.4597168	4.0	3.0	65.0	0.0	0.0182053819299	0.147383734584	-0.988911867142	1.08955789735	18.0156512562	-64.5960006714	-5.555560112	-42.9690475464	0.356862664223	4.0	11.5200004578	165.0	0.0	25.9400005341	0.202175757697	1.0	1
1.0	240.927993774	1.0	1.0	334.552001953	1.0	1.0	50.0	1.49534942996	-0.471686512232	0.872860431671	0.125006079674	9.46290292021	14.999315882	-67.822052002	-10.7934846878	-28.9047012329	0.971540808678	0.0	0.0	0.0	0.0	0.0	-1.0	0.0	1
1.0	77.3964004517	1.0	0.0	997.415588379	4.0	0.0	0.0	10.0	0.0	0.0	0.0	0.0	0.0	0.0	0.0	0.0	2.0	0.0	0.0	0.0	0.0	0.0	4.15764013832e-07	1.0	1
1.0	240.927993774	1.0	1.0	500.579833984	5.0	3.0	78.0	0.0	-0.0181464534253	-0.142467588186	0.989633083344	3.26762861634	15.6802772217	-64.2917480469	-14.6592502594	-9.32086467743	0.586405217648	2.0	9.73999977112	29.0	0.0	10.8400001526	0.139092447878	1.0	1
1.0	240.927993774	1.0	1.0	353.276916504	2.0	2.0	56.0	0.0	-0.0181464534253	-0.142467588186	0.989633083344	3.26762861634	5.52960421976	-64.2917480469	-14.6592502594	-9.32086467743	0.586405217648	1.0	9.73999977112	23.0	0.0	9.73999977112	0.0299910032388	1.0	1
1.0	484.351928711	1.0	1.0	391.975189209	2.0	1.0	50.0	1.49534942996	-0.471686512232	0.872860431671	0.125006079674	9.46290292021	18.0437590316	-67.822052002	-10.7934846878	-28.9047012329	0.971540808678	0.0	0.0	0.0	0.0	0.0	0.0748596906875	1.0	1
1.0	679.997009277	2.0	2.0	1569.1270752	7.0	4.0	132.0	0.0	0.0186503361911	0.149631470442	-0.988565862179	1.05091471339	25.6287618714	-61.4338989258	-4.55965518951	-42.5804519653	0.881339073181	6.0	9.42000007629	239.0	1.0	17.3199996948	0.438199314833	1.0	1
1.0	344.381011963	1.0	1.0	434.54699707	1.0	1.0	19.0	2.39678112577	-0.355353653431	0.909050166607	-0.217604115605	3.26000346693	0.0	-67.2032012939	-10.0826501846	-31.2653007507	0.777031302452	0.0	0.0	0.0	0.0	0.0	0.0947152362862	1.0	1
1.0	830.272033691	1.0	1.0	737.603027344	2.0	2.0	143.0	0.0	0.0186503361911	0.149631470442	-0.988565862179	1.05091471339	16.6554703807	-61.4338989258	-4.55965518951	-42.5804519653	0.881339073181	1.0	9.42000007629	24.0	0.0	9.42000007629	0.821039881333	1.0	1
1.0	485.890991211	1.0	1.0	1081.98400879	3.0	3.0	91.0	0.0	0.0186503361911	0.149631470442	-0.988565862179	1.05091471339	16.6554703807	-61.4338989258	-4.55965518951	-42.5804519653	0.881339073181	3.0	9.42000007629	128.0	1.0	17.3199996948	0.340802319618	1.0	1
1.0	116.184997559	1.0	0.0	221.699996948	1.0	0.0	0.0	10.0	0.0	0.0	0.0	0.0	0.0	0.0	0.0	0.0	2.0	0.0	0.0	0.0	0.0	0.0	4.15764013832e-07	0.0	1
1.0	276.234985352	1.0	1.0	541.801330566	3.0	1.0	8.0	0.0	0.0191152151674	0.152633726597	-0.988097965717	0.0	14.976444823	-61.0900993347	-2.98194003105	-43.9662513733	0.773684263229	1.0	20.3199996948	49.0	0.0	20.3199996948	0.0399786803112	1.0	1
1.0	116.184997559	1.0	1.0	326.029296875	3.0	1.0	42.0	1.18920560119	0.0112656215206	0.814739704132	-0.579717457294	9.41275073524	15.6404942708	-68.1228027344	-9.89517974854	-23.5336494446	0.982281923294	0.0	0.0	0.0	0.0	0.0	0.206966499729	1.0	1
1.0	28.4535007477	1.0	1.0	829.892028809	2.0	1.0	10.0	0.0	-0.0191152151674	-0.152633264661	0.988097965717	2.55418255683	21.7890281855	-62.2844009399	-6.89363002777	-39.4155502319	0.704290568829	1.0	16.2600002289	43.0	2.0	16.2600002289	0.42189900525	1.0	1
1.0	237.707000732	1.0	1.0	461.520996094	1.0	1.0	53.7011985779	2.383014908	-0.363780230284	0.847024917603	0.387572854757	15.8071815684	2.95471939562	-66.7905502319	-11.4294300079	-14.1902999878	0.930343091488	0.0	0.0	0.0	0.0	0.0	-1.0	0.0	1
1.0	571.113647461	2.0	2.0	990.95904541	3.0	2.0	81.1230983734	1.36930639376	0.0032671680674	0.994228184223	-0.107236325741	0.0	1.78622945166	-53.0490989685	-13.7515506744	-44.7331504822	0.835736393929	2.0	30.6599998474	60.5566005707	0.0	31.4200000763	0.267546139108	1.0	1
1.0	412.127990723	1.0	1.0	680.705322266	4.0	2.0	69.6972990036	0.0	-0.00326735130511	-0.994232773781	0.107193656266	2.69367944753	25.8269233216	-59.9721984863	-21.5324497223	-27.7547988892	0.853946506977	1.0	0.939999997616	1.14258003235	1.0	0.939999997616	0.637589710029	1.0	1
1.0	237.707000732	1.0	1.0	635.942016602	2.0	2.0	53.7011985779	2.383014908	-0.363780230284	0.847024917603	0.387572854757	15.8071815684	2.95471939562	-66.7905502319	-11.4294300079	-14.1902999878	0.930343091488	1.0	9.06000041962	26.2793006897	1.0	9.06000041962	0.130645500781	1.0	1
1.0	321.618988037	1.0	1.0	390.537994385	1.0	1.0	30.3222999573	2.42828544568	-0.111823782325	0.853545725346	-0.5088763237	8.07467607256	18.1989969837	-67.1295471191	-9.93326568604	-24.8510513306	0.973668634892	0.0	0.0	0.0	0.0	0.0	-1.0	0.0	1
1.0	1182.0559082	2.0	2.0	2852.8059082	3.0	2.0	116.015619993	0.0	0.0265279747546	0.97008305788	-0.241319417953	4.36695732916	13.6887462867	-61.7206001282	-14.5389995575	2.21159005165	0.679115712643	13.0	6.78000020981	481.201060891	5.0	16.5	0.978498573026	1.0	1
1.0	969.03503418	3.0	3.0	964.857727051	5.0	3.0	55.3711605072	0.0	-0.993507087231	0.0	-0.113770179451	22.9555686029	32.4720451438	-62.4519004822	-18.9312992096	-26.7308006287	0.860820293427	4.0	7.40000009537	84.3751204014	4.0	16.5	0.276092627433	1.0	1
1.0	2197.03686523	2.0	2.0	1837.82495117	4.0	4.0	98.8768806458	0.0	0.0265279747546	0.97008305788	-0.241319417953	4.79541192124	13.6887462867	-61.7206001282	-14.5389995575	2.21159005165	0.914220571518	13.0	6.51999998093	461.425780296	7.0	22.1399993896	0.986212415132	1.0	1
1.0	455.278991699	1.0	1.0	501.224975586	2.0	2.0	47.4610004425	0.0	0.993507087231	0.0	0.113770179451	0.0	22.9555686029	-62.4519004822	-18.9312992096	-26.7308006287	0.860820293427	1.0	7.40000009537	14.501999855	1.0	7.40000009537	0.188867486764	1.0	1
1.0	110.68699646	1.0	1.0	672.476806641	3.0	1.0	27.6854991913	1.60552169081	0.448214262724	0.546793758869	-0.707192003727	0.0	6.96770466033	-53.3311004639	-13.0825996399	-48.6967506409	0.521032750607	0.0	0.0	0.0	0.0	0.0	0.979591773351	1.0	1
1.0	712.156982422	2.0	2.0	198.401794434	2.0	2.0	31.6406593323	0.968245836552	-0.0265243966132	-0.970085382462	0.241310596466	4.18581572865	9.74642722375	-63.3211975098	-14.6370000839	-3.56547498703	0.967926681042	0.0	0.0	0.0	0.0	0.0	0.00659170140154	1.0	1
1.0	845.817016602	2.0	2.0	724.687805176	4.0	4.0	84.3750206232	0.0	0.0265243332833	0.970083475113	-0.241318270564	2.36018236506	13.981069027	-61.1686019897	-3.85091996193	-43.492149353	0.0260721296072	3.0	7.40000009537	146.337903023	3.0	22.1399993896	0.989665714444	1.0	1
1.0	228.496994019	1.0	1.0	483.600006104	1.0	1.0	42.9152984619	1.54975484324	-0.505497157574	0.849597990513	0.150518253446	11.7316589057	16.2122090992	-64.866104126	-11.9553499222	-26.4824485779	0.991073131561	0.0	0.0	0.0	0.0	0.0	-1.0	0.0	1
1.0	283.273986816	1.0	1.0	813.824584961	6.0	1.0	0.0	10.0	0.0	0.0	0.0	0.0	0.0	0.0	0.0	0.0	2.0	3.0	12.6800003052	61.9888019562	0.0	17.2600002289	0.211342781705	1.0	1
1.0	219.037704468	2.0	2.0	542.832397461	4.0	2.0	2.47670006752	0.0	-0.99683457613	-0.0361115708947	-0.070830181241	0.0	2.79941056042	-61.8090515137	-14.0466995239	-9.26864528656	0.961619734764	4.0	11.7399997711	91.6378006935	2.0	15.3999996185	0.995491484906	1.0	1
1.0	695.205810547	2.0	2.0	1123.75708008	4.0	3.0	27.2437000275	0.987927128369	-0.0364871546626	0.997942268848	-0.0527249239385	2.72387169043	13.2614213194	-62.7249984741	-14.7653999329	-31.1734008789	0.0225745439529	7.0	8.30000019073	86.6844528913	1.0	8.81999969482	0.00619167104405	1.0	1
1.0	461.883178711	5.0	5.0	2204.66064453	5.0	3.0	81.7310013771	0.0	0.99683457613	0.0361115708947	0.070830181241	2.79941056042	25.0211714553	-61.8090515137	-14.0466995239	-9.26864528656	0.961619734764	8.0	5.17999982834	265.006702423	4.0	12.1999998093	0.988485609522	1.0	1
1.0	123.80380249	3.0	0.0	53.965801239	1.0	0.0	0.0	10.0	0.0	0.0	0.0	0.0	0.0	0.0	0.0	0.0	2.0	0.0	0.0	0.0	0.0	0.0	4.15764013832e-07	1.0	1
1.0	253.956207275	1.0	1.0	422.203094482	3.0	2.0	2.47670006752	2.35675620958	0.29877743125	0.0624018795788	0.952280461788	7.08656464717	7.96822340478	-65.3762969971	-10.2935504913	-15.1852502823	0.108508825302	2.0	6.86000013351	66.8708019257	2.0	8.97999954224	0.814171684935	1.0	1
1.0	411.092498779	2.0	1.0	792.026794434	1.0	1.0	58.2024002075	0.0	-0.996837675571	-0.0361115597188	-0.0707856118679	0.0	16.2833098355	-54.3549499512	-11.6317996979	-45.7589035034	0.527911543846	1.0	11.5	44.5806007385	0.0	11.5	0.980706199031	1.0	1
1.0	42.8552017212	1.0	1.0	106.344299316	2.0	1.0	23.5286006927	0.0	0.086198374629	-0.0523520335555	-0.994901537895	2.36734552139	1.36194337271	-60.3459014893	-11.2066497803	-34.5961990356	0.40828409791	1.0	7.03999996185	12.3835000992	1.0	7.03999996185	0.721221763249	1.0	1
1.0	221.781997681	1.0	1.0	402.933013916	1.0	1.0	19.4030990601	2.09461456213	-0.405617326498	0.896236658096	0.179539173841	0.0	15.0169134788	-64.0995941162	-15.179599762	-21.0380516052	0.890747785568	0.0	0.0	0.0	0.0	0.0	-1.0	0.0	1
1.0	335.212677002	2.0	2.0	1896.15527344	5.0	2.0	22.8271789551	0.0	0.0210204459727	-0.981928884983	0.188079610467	3.34545469948	24.1701301285	-59.0663490295	-20.1323013306	-4.56917476654	0.456479609013	2.0	9.47999954224	86.7434005737	1.0	9.47999954224	0.175088091695	1.0	1
1.0	306.431793213	1.0	1.0	609.478027344	1.0	1.0	19.4030990601	2.09461456213	-0.405617326498	0.896236658096	0.179539173841	0.0	15.0169134788	-64.0995941162	-15.179599762	-21.0380516052	0.890747785568	0.0	0.0	0.0	0.0	0.0	0.0910560893566	1.0	1
1.0	221.781997681	1.0	1.0	755.075805664	1.0	1.0	43.3716983795	0.0	-0.0210181958973	0.981916427612	-0.188144564629	2.14079851993	17.6728713938	-63.0513496399	-18.9977493286	-21.1851005554	0.83983361721	0.0	0.0	0.0	1.0	15.4200000763	0.314280055599	1.0	1
1.0	370.765594482	2.0	2.0	1274.8260498	2.0	2.0	31.9580593109	0.0	0.99334102869	0.0	-0.115211300552	2.81013015934	7.52614968474	-56.6353988647	-11.8685998917	-44.7678527832	0.986973941326	3.0	9.19999980927	157.507602692	1.0	9.47999954224	0.26196767316	1.0	1
1.0	220.779998779	1.0	1.0	371.840026855	1.0	1.0	51.4160013199	1.36930639376	-0.0472556129098	0.972094595432	-0.229780390859	8.09520670033	12.3706836301	-61.7048034668	-6.70269489288	-34.8676490784	0.967596888542	0.0	0.0	0.0	0.0	0.0	-1.0	0.0	1
1.0	662.339477539	3.0	2.0	909.679748535	5.0	2.0	0.0	10.0	0.0	0.0	0.0	0.0	0.0	0.0	0.0	0.0	2.0	4.0	2.59999990463	98.2616534233	0.0	20.7399997711	0.985407704355	1.0	1
1.0	265.599914551	2.0	2.0	906.359619141	4.0	3.0	69.6972017288	1.36930639376	-0.0472556129098	0.972094595432	-0.229780390859	8.09520670033	31.1168864142	-61.7048034668	-6.70269489288	-34.8676490784	0.967596888542	1.0	6.11999988556	23.9941005707	0.0	6.11999988556	0.0911522824887	1.0	1
1.0	182.600006104	1.0	1.0	922.958862305	4.0	2.0	101.689399719	1.36930639376	0.0472556129098	-0.972094595432	0.229780390859	9.17476056278	27.4936138714	-61.7048034668	-6.70269489288	-34.8676490784	0.967596888542	0.0	0.0	0.0	0.0	0.0	0.427661305583	1.0	1
1.0	323.699798584	3.0	1.0	1535.49890137	3.0	3.0	55.9863214493	1.36930639376	-0.0472556129098	0.972094595432	-0.229780390859	8.09520670033	31.714978224	-61.7048034668	-6.70269489288	-34.8676490784	0.967596888542	0.0	0.0	0.0	0.0	0.0	0.304260963695	1.0	1
1.0	561.079711914	2.0	0.0	247.339996338	1.0	0.0	0.0	10.0	0.0	0.0	0.0	0.0	0.0	0.0	0.0	0.0	2.0	0.0	0.0	0.0	0.0	0.0	4.15764013832e-07	1.0	1
1.0	181.915206909	1.0	1.0	296.214996338	1.0	1.0	43.4179992676	1.96606461987	-0.191960170865	0.972175717354	-0.134259283543	0.0	14.8164047052	-65.8773040771	-12.3040504456	-22.261100769	0.804288089275	0.0	0.0	0.0	0.0	0.0	-1.0	0.0	1
1.0	1775.68164062	3.0	2.0	1246.0357666	6.0	5.0	163.388760567	0.0	-0.0587473921478	-0.984730243683	0.163875281811	3.28779312974	2.73688753497	-56.2302017212	-18.4435005188	-1.35596001148	0.189433962107	6.0	7.46000003815	266.220598221	1.0	7.46000003815	0.749227334196	1.0	1
1.0	859.66809082	3.0	3.0	1215.44873047	4.0	3.0	101.689400673	0.0	0.992688238621	-0.0704840421677	-0.0979906022549	7.62923876403	2.09226572747	-56.1340484619	-23.2530002594	-2.09673500061	0.959056973457	7.0	4.5	242.226560593	2.0	15.3999996185	0.30943590117	1.0	1
1.0	33.8072013855	1.0	0.0	296.214996338	1.0	0.0	0.0	10.0	0.0	0.0	0.0	0.0	0.0	0.0	0.0	0.0	2.0	0.0	0.0	0.0	0.0	0.0	4.15764013832e-07	1.0	1
1.0	792.384643555	3.0	1.0	968.092407227	7.0	3.0	36.3354706764	0.0	0.0	0.984887301922	-0.173196539283	5.73549348073	26.2756478125	-57.5974006653	-8.40703964233	-43.054397583	0.617967367172	3.0	4.88000011444	114.323720932	1.0	21.3600006104	0.166810343175	1.0	1
1.0	222.185394287	2.0	2.0	461.373809814	2.0	2.0	76.2158021927	0.0	-1.0	0.0	0.0	15.9882220787	15.4726370195	-68.2807998657	-2.77698993683	-17.0550003052	0.923661768436	1.0	9.53999996185	19.4971008301	0.0	9.53999996185	0.097177858229	1.0	1
1.0	751.575012207	4.0	3.0	182.509002686	1.0	1.0	33.6767897606	0.0	-1.0	0.0	0.0	2.61206765499	0.929000857374	-59.9197998047	-9.12220001221	-38.8801994324	0.923435807228	2.0	5.73999977112	81.5332012177	1.0	21.3600006104	0.226426807884	1.0	1
1.0	126.999000549	1.0	0.0	1020.69598389	2.0	0.0	0.0	10.0	0.0	0.0	0.0	0.0	0.0	0.0	0.0	0.0	2.0	0.0	0.0	0.0	0.0	0.0	4.15764013832e-07	1.0	1
1.0	216.368606567	2.0	2.0	2265.59887695	5.0	2.0	53.7890014648	0.0	0.0342331603169	-0.967952668667	0.248788684607	1.04330370379	15.5834662828	-58.2937011719	-3.84493994713	-47.7965011597	0.569051623344	9.0	7.53999996185	181.406260967	9.0	21.8199996948	0.325243855558	1.0	1
1.0	1081.84277344	2.0	2.0	1080.2755127	5.0	4.0	11.6015996933	0.0	-0.999420583248	-0.0340270735323	-0.000862902787048	0.0	1.82921248475	-60.6573486328	-10.9374504089	-38.4629516602	0.99614584446	6.0	12.0600004196	130.781310678	5.0	21.7399997711	0.98879043436	1.0	1
1.0	470.366210938	1.0	1.0	617.748535156	4.0	1.0	12.6562004089	0.0	-0.0342312082648	0.967956364155	-0.2487744838	3.63145372144	2.78425067663	-61.1018981934	-13.1521501541	-36.3916015625	0.9628495574	2.0	0.939999997616	8.43750011921	1.0	0.939999997616	0.315780261407	1.0	1
1.0	525.242675781	2.0	1.0	159.925003052	1.0	1.0	31.6406002045	2.91366091664	-0.145986929536	0.957889795303	-0.24725496769	18.8210064992	11.7395602985	-68.0978546143	-7.48567008972	-22.8415489197	0.956471085548	0.0	0.0	0.0	0.0	0.0	0.277309898554	1.0	1
1.0	35.081401825	1.0	0.0	344.067199707	1.0	0.0	0.0	10.0	0.0	0.0	0.0	0.0	0.0	0.0	0.0	0.0	2.0	0.0	0.0	0.0	0.0	0.0	4.15764013832e-07	0.0	1
1.0	596.384216309	5.0	3.0	1992.89245605	6.0	3.0	77.9882993698	0.0	0.00358777237125	0.998911261559	-0.046512067318	7.41641220628	2.09388299776	-49.2094497681	-26.5148010254	-42.2544021606	0.732540488243	4.0	10.4600000381	127.543402672	0.0	19.6399993896	0.405789537175	1.0	1
1.0	170.009399414	2.0	1.0	480.345214844	2.0	1.0	19.4971008301	1.31101106021	0.00363858742639	0.998913407326	-0.0464623384178	1.95211998068	16.168886537	-63.7523498535	-15.1756000519	-17.3746490479	0.940676808357	0.0	0.0	0.0	0.0	0.0	0.227477792157	1.0	1
1.0	171.359405518	2.0	1.0	180.803588867	2.0	1.0	26.8085002899	1.31101106021	-0.0036385867279	-0.998913228512	0.0464672148228	1.95212095775	12.9241113354	-60.5107498169	-17.6049003601	-5.08519506454	0.874950528145	0.0	0.0	0.0	0.0	0.0	0.295554915544	1.0	1
1.0	1845.93066406	5.0	4.0	2579.91577148	5.0	3.0	27.685559988	0.0	-0.00760315917432	0.965320169926	-0.260958373547	1.92051232884	23.5834828654	-61.1875495911	-16.0928001404	-40.0896987915	0.303263396025	26.0	6.46000003815	653.906237364	19.0	37.2000007629	0.998105386486	1.0	1
1.0	1883.05102539	2.0	1.0	1899.92590332	5.0	3.0	68.5547394753	0.0	-0.00760397687554	0.965320706367	-0.260956406593	7.02041048159	18.1695463832	-63.1814498901	-10.5640506744	-3.96772480011	0.955761551857	11.0	5.84000015259	246.533200383	10.0	25.4799995422	0.995483127477	1.0	1
1.0	1555.71081543	4.0	3.0	2142.89916992	4.0	3.0	119.970819712	0.0	-0.00760315917432	0.965320169926	-0.260958373547	1.92051232884	23.5834828654	-61.1875495911	-16.0928001404	-40.0896987915	0.303263396025	20.0	4.57999992371	424.511799812	12.0	37.2000007629	0.991286329582	1.0	1
1.0	371.211486816	1.0	1.0	1393.72802734	2.0	2.0	67.2363805771	0.0	-0.00760315917432	0.965320169926	-0.260958373547	1.92051232884	13.2328287818	-61.1875495911	-16.0928001404	-40.0896987915	0.303263396025	8.0	6.46000003815	251.806803703	4.0	21.0200004578	0.720973108476	1.0	1
1.0	782.917602539	2.0	2.0	1191.25012207	3.0	3.0	125.244279861	0.0	-0.00760315917432	0.965320169926	-0.260958373547	1.92051232884	13.2328287818	-61.1875495911	-16.0928001404	-40.0896987915	0.303263396025	9.0	4.57999992371	220.166260362	5.0	22.0799999237	0.971737094245	1.0	1
1.0	165.357788086	2.0	2.0	880.782043457	2.0	1.0	43.505900383	0.0	-0.999440729618	0.0	0.0334397517145	2.84965221224	16.1204893915	-61.6002998352	-14.926199913	-36.8152008057	0.604728102684	6.0	6.46000003815	146.338000298	3.0	12.220000267	0.387361088309	1.0	1
1.0	597.921020508	2.0	2.0	964.621887207	4.0	1.0	87.5390014648	0.0	-0.00915413536131	0.994012951851	-0.108878567815	2.37496074845	27.0331161296	-59.0860977173	-20.0835990906	-40.4169006348	0.509308040142	1.0	9.84000015259	29.5312004089	0.0	9.84000015259	0.348616118359	1.0	1
1.0	33.3991012573	1.0	0.0	20.6756000519	1.0	0.0	0.0	10.0	0.0	0.0	0.0	0.0	0.0	0.0	0.0	0.0	2.0	0.0	0.0	0.0	0.0	0.0	4.15764013832e-07	1.0	1
1.0	784.084777832	3.0	2.0	1068.77172852	7.0	2.0	20.039100647	0.0	0.037650924176	0.997923851013	-0.0522527359426	2.01308452576	32.9368996032	-60.6848526001	-17.1327514648	-36.1940002441	0.190025180578	5.0	16.3400001526	102.304698944	0.0	21.0	0.277310365132	1.0	1
1.0	534.385620117	3.0	1.0	655.259216309	6.0	1.0	0.0	10.0	0.0	0.0	0.0	0.0	0.0	0.0	0.0	0.0	2.0	1.0	15.3999996185	2.10938000679	0.0	15.3999996185	0.994683078591	1.0	1
1.0	141.548706055	2.0	2.0	1009.92498779	1.0	1.0	5.27343988419	2.98403928776	-0.0223590582609	-0.779994130135	0.625387251377	1.81824582377	1.48204709267	-59.434299469	-11.7618246078	-39.4145965576	0.19043636322	3.0	15.3999996185	30.5858995914	0.0	18.2800006866	0.0998615520135	1.0	1
1.0	206.756408691	3.0	3.0	1445.70349121	3.0	1.0	42.1875	1.09544513677	0.0137021169066	0.0402831286192	0.999094367027	2.94849060367	3.55906592041	-55.9073028564	-16.3973007202	-1.9550999403	0.642620444298	7.0	14.0399999619	93.8672001362	0.0	21.0	0.207863667452	1.0	1
1.0	582.098693848	1.0	1.0	1033.78125	5.0	5.0	120.234341383	0.0	-0.0377567745745	-0.997919499874	0.0522614121437	1.0064952433	20.2753747268	-60.646900177	-16.1282997131	-36.24659729	0.686722934246	5.0	3.09999990463	148.711000443	0.0	17.5	0.559985943706	1.0	1
1.0	297.816009521	1.0	1.0	369.868591309	1.0	1.0	61.1718006134	0.0	0.0330338813365	0.998152792454	0.0509875379503	1.08064611032	12.931321885	-61.4366493225	-7.25213527679	-39.6659507751	0.832561612129	2.0	6.53999996185	73.8280992508	2.0	8.27999973297	-1.0	0.0	1
1.0	701.308349609	2.0	1.0	826.199279785	5.0	1.0	30.585899353	0.0	-0.997979402542	0.0388810485601	-0.0502534508705	10.5956529017	22.3576613435	-58.3034515381	-15.752199173	-11.0448493958	0.845180153847	1.0	4.98000001907	6.32812023163	1.0	4.98000001907	0.389599264486	1.0	1
1.0	200.145401001	2.0	2.0	1156.0390625	2.0	1.0	27.4218997955	2.19794444809	-0.319227933884	0.809273958206	-0.493121981621	3.07220742182	25.2378021086	-61.7249526978	-26.8885002136	-24.7685508728	0.681720376015	1.0	23.4200000763	53.789100647	0.0	23.4200000763	0.970689737283	1.0	1
1.0	344.25	1.0	1.0	323.43460083	1.0	1.0	31.6406002045	0.0	-0.0330338813365	-0.998152792454	-0.0509875379503	3.68214506139	13.413903246	-61.4366493225	-7.25213527679	-39.6659507751	0.931037187576	2.0	6.53999996185	98.0859985352	1.0	8.27999973297	0.212903268318	1.0	1
1.0	626.054016113	1.0	1.0	369.868591309	1.0	1.0	61.1718006134	0.0	0.0330338813365	0.998152792454	0.0509875379503	1.08064611032	12.931321885	-61.4366493225	-7.25213527679	-39.6659507751	0.832561612129	2.0	6.53999996185	73.8280992508	2.0	8.27999973297	0.182502406221	1.0	1
1.0	297.816009521	1.0	1.0	344.25	1.0	1.0	31.6406002045	0.0	0.0330338813365	0.998152792454	0.0509875379503	1.08064611032	3.68214506139	-61.4366493225	-7.25213527679	-39.6659507751	0.931037187576	1.0	8.27999973297	60.1171989441	1.0	8.27999973297	0.212903268318	1.0	1
1.0	325.554992676	1.0	1.0	248.638000488	1.0	1.0	31.6406002045	1.15144690835	-0.6355240345	0.755774378777	-0.15784214437	0.0	4.34050162726	-62.8938980103	-16.9331512451	-33.7493515015	0.857552468777	1.0	4.98000001907	3.16406011581	1.0	4.98000001907	-1.0	0.0	1
1.0	862.184387207	5.0	5.0	1107.24511719	5.0	4.0	6.32812023163	1.92874826902	-0.0870613306761	-0.10666424036	0.990476071835	0.0	28.4941957151	-61.2468490601	-18.1165008545	-5.29844999313	0.35846939683	9.0	4.98000001907	263.671922684	4.0	24.4599990845	0.970383674369	1.0	1
1.0	1107.24572754	3.0	2.0	717.29498291	3.0	2.0	25.312489152	0.0	0.120243109763	0.98283624649	-0.139909118414	25.721220359	0.0	-62.4694976807	-18.0389499664	-33.5532989502	0.796493470669	4.0	3.09999990463	153.984357357	1.0	3.09999990463	0.110291946744	1.0	1
1.0	1593.78991699	4.0	4.0	2148.30688477	4.0	3.0	94.9219089746	0.0	0.120140112936	0.98284637928	-0.139926597476	3.82894863688	28.4941957151	-61.5137481689	-18.8896999359	-2.91710519791	0.716164469719	18.0	3.09999990463	530.507711411	7.0	25.6599998474	0.979644971643	1.0	1
1.0	942.679382324	2.0	2.0	982.031799316	2.0	2.0	137.109400749	0.0	0.991379141808	-0.100831851363	0.0836679935455	2.91144253767	20.0314587182	-68.84425354	-5.73544979095	-13.0171499252	0.575340151787	6.0	0.939999997616	111.796910882	5.0	21.3600006104	0.537883229017	1.0	1
1.0	452.557006836	1.0	1.0	121.636001587	1.0	1.0	31.6406002045	1.15144690835	-0.6355240345	0.755774378777	-0.15784214437	4.58465111024	4.34050162726	-62.8938980103	-16.9331512451	-33.7493515015	0.857552468777	1.0	19.1000003815	52.7344017029	0.0	19.1000003815	0.0158189808662	1.0	1
1.0	705.947753906	1.0	1.0	739.083740234	7.0	4.0	0.0	10.0	0.0	0.0	0.0	0.0	0.0	0.0	0.0	0.0	2.0	5.0	18.8199996948	121.289090157	2.0	25.5599994659	0.252796941451	1.0	1
1.0	858.662963867	1.0	1.0	465.348815918	2.0	1.0	50.6249990463	2.67839130159	-0.483517557383	0.726067364216	-0.488913953304	21.7434956263	20.7304499806	-65.5451965332	-12.6743497849	-26.4300498962	0.74899160862	0.0	0.0	0.0	0.0	0.0	0.567182309554	1.0	1
1.0	155.597000122	1.0	1.0	512.892211914	2.0	1.0	11.6015996933	3.07432763417	-0.608338534832	0.793676555157	-0.00139380234759	1.7595894881	22.7170117328	-64.1334457397	-14.0828495026	-31.1543502808	0.863519608974	0.0	0.0	0.0	0.0	0.0	0.420452849383	1.0	1
1.0	706.949462891	3.0	2.0	2518.92041016	4.0	2.0	91.7577972412	1.44786390945	-0.491748005152	0.870737612247	0.0	9.29286243174	1.84777231638	-62.6867523193	-15.0006999969	-5.84951019287	0.945815563202	7.0	10.6199998856	222.538900375	0.0	27.2199993134	0.167166212494	1.0	1
1.0	488.917999268	1.0	0.0	219.683288574	2.0	0.0	0.0	10.0	0.0	0.0	0.0	0.0	0.0	0.0	0.0	0.0	2.0	0.0	0.0	0.0	0.0	0.0	4.15764013832e-07	1.0	1
1.0	152.559997559	1.0	1.0	465.463195801	1.0	1.0	6.32812023163	2.38800962911	-0.16599586606	0.981366991997	-0.0967681929469	0.0	10.4504902118	-63.1182022095	-9.60046958923	-24.3241996765	0.966419160366	0.0	0.0	0.0	0.0	0.0	-1.0	0.0	1
1.0	406.307098389	3.0	3.0	2247.92163086	2.0	2.0	36.9140400887	0.0	0.0	0.995179355145	-0.0980712547898	0.0	31.2355777267	-61.5270004272	-13.38560009	-25.3549003601	0.936007499695	4.0	6.40000009537	158.203102112	0.0	21.8400001526	0.407343089545	1.0	1
1.0	264.644592285	2.0	2.0	837.522216797	2.0	2.0	8.4375	2.75934409171	0.0	0.672937870026	0.739699065685	10.3686971248	11.1177248366	-61.5270004272	-20.0046005249	-16.9804992676	0.00680756568909	4.0	15.3400001526	72.773411274	0.0	23.3600006104	0.0736942574279	1.0	1
1.0	51.3722000122	1.0	1.0	334.697692871	3.0	1.0	0.0	10.0	0.0	0.0	0.0	0.0	0.0	0.0	0.0	0.0	2.0	2.0	15.3400001526	29.5312004089	0.0	18.8999996185	0.0316300466246	1.0	1
1.0	291.109008789	1.0	1.0	504.381500244	1.0	1.0	6.32812023163	2.38800962911	-0.16599586606	0.981366991997	-0.0967681929469	0.0	10.4504902118	-63.1182022095	-9.60046958923	-24.3241996765	0.966419160366	0.0	0.0	0.0	0.0	0.0	0.177400034541	1.0	1
1.0	1117.47412109	2.0	1.0	852.506408691	5.0	3.0	37.9687004089	2.29829933483	-0.224067702889	0.757389366627	-0.613314807415	7.21762723572	19.5839803819	-60.9281005859	-17.582901001	-23.6215515137	0.898090064526	3.0	10.4200000763	89.6483974457	0.0	10.4200000763	0.187595219818	1.0	1
1.0	266.614013672	1.0	1.0	952.898010254	2.0	2.0	48.5155992508	1.78837638925	0.226708903909	0.948594510555	-0.220842823386	0.0	5.53583918136	-59.2004508972	-12.4673995972	-39.0553512573	0.222614318132	0.0	0.0	0.0	0.0	0.0	0.17228779793	1.0	1
1.0	952.898010254	2.0	2.0	240.281890869	2.0	2.0	82.2655982971	0.0	-0.991571724415	-0.096386924386	-0.0865733772516	2.29279094052	11.5908159929	-55.1227493286	-6.79323482513	-42.8833007812	0.202588707209	1.0	17.6399993896	54.8437995911	0.0	17.6399993896	0.217932502297	1.0	1
1.0	743.885925293	2.0	2.0	715.907958984	1.0	1.0	52.7342996597	1.78837638925	0.226708903909	0.948594510555	-0.220842823386	0.0	15.6591813623	-59.2004508972	-12.4673995972	-39.0553512573	0.222614318132	0.0	0.0	0.0	0.0	0.0	0.411732009804	1.0	1
1.0	819.182983398	2.0	1.0	975.291503906	5.0	2.0	10.5468702316	0.0	0.0354093946517	0.998048305511	0.0514371804893	2.26409944935	19.7602597399	-56.9513511658	-15.6506996155	-1.067710042	0.549084126949	5.0	6.69999980927	159.257977724	1.0	8.07999992371	0.182502846433	1.0	1
1.0	330.765014648	1.0	1.0	876.37109375	1.0	1.0	31.6406002045	0.0	-0.999062299728	0.0322610922158	-0.0288749597967	3.76217784833	4.45398112316	-60.5215988159	-18.6197509766	-11.5505504608	0.0485943332314	2.0	9.73999977112	88.5937995911	0.0	24.1000003815	0.156896236942	1.0	1
1.0	244.261993408	1.0	1.0	484.110992432	1.0	1.0	52.7344017029	2.16506350946	0.00146349845454	0.998946547508	0.045866087079	7.81496055002	2.46680016113	-62.3417510986	-15.4647502899	-8.23657989502	0.926762282848	0.0	0.0	0.0	0.0	0.0	-1.0	0.0	1
1.0	531.197692871	2.0	2.0	1780.46655273	3.0	3.0	139.218742847	0.0	-0.00146650534589	-0.998947024345	-0.0458562076092	0.0	34.1488655673	-61.2411499023	-15.158200264	-39.7075996399	0.205932527781	5.0	10.2399997711	190.898414135	0.0	23.9599990845	0.385117479848	1.0	1
1.0	475.281311035	1.0	1.0	1312.54296875	3.0	2.0	69.6094412804	0.0	0.00146278250031	0.998946428299	0.045868743211	2.6811111272	10.3886621443	-58.0174484253	-22.8050003052	-4.61382484436	0.506937265396	3.0	9.03999996185	81.210899353	0.0	10.5799999237	0.0998612522415	1.0	1
1.0	190.130996704	1.0	1.0	372.283996582	1.0	1.0	28.476600647	2.43500919724	-0.307796180248	0.951304078102	-0.0167954303324	0.0	18.7802116627	-65.0679473877	-16.8871002197	-22.4733505249	0.93778938055	0.0	0.0	0.0	0.0	0.0	-1.0	0.0	1
1.0	562.414978027	2.0	1.0	101.048400879	2.0	2.0	27.4218997955	0.0	0.0376574657857	0.999288499355	0.00210862490349	2.29027486209	5.07782413472	-60.4355506897	-5.14399528503	-42.4910011292	0.147334814072	1.0	13.5600004196	42.1875	0.0	13.5600004196	0.00527345537263	1.0	1
1.0	46.5354003906	1.0	1.0	555.767089844	3.0	1.0	0.0	10.0	0.0	0.0	0.0	0.0	0.0	0.0	0.0	0.0	2.0	1.0	23.1200008392	35.8594017029	0.0	23.1200008392	0.141428569096	1.0	1
1.0	372.283996582	1.0	1.0	160.880004883	1.0	1.0	58.0078010559	0.0	0.998015642166	-0.031458184123	0.0545453764498	12.8176527129	3.29811557372	-62.7607002258	-12.1996498108	-33.1583480835	0.770241618156	1.0	6.34000015259	33.75	1.0	6.34000015259	0.306253603741	1.0	1
1.0	106.441001892	1.0	1.0	719.877319336	1.0	1.0	17.9297008514	0.0	-0.991644561291	0.0	0.129000410438	1.00852586206	2.89897705979	-67.2578430176	-8.95705032349	-15.3712501526	0.624710083008	1.0	5.46000003815	18.9843997955	0.0	5.46000003815	-1.0	0.0	1
1.0	1170.85095215	3.0	3.0	1322.10900879	6.0	3.0	53.7891016006	0.0	-0.0096411947161	0.996491968632	-0.0831313803792	10.0780277218	22.1465717909	-61.4096984863	-28.6058502197	-13.0847492218	0.926256895065	8.0	5.46000003815	190.898390293	0.0	27.7399997711	0.0789369317724	1.0	1
1.0	345.933013916	2.0	1.0	866.934143066	3.0	2.0	22.1484508514	0.0	-0.991644561291	0.0	0.129000410438	1.00852586206	15.5739385399	-67.2578430176	-8.95705032349	-15.3712501526	0.624710083008	1.0	5.46000003815	18.9843997955	0.0	5.46000003815	0.0998613018101	1.0	1
1.0	120.446403503	2.0	2.0	889.342285156	3.0	2.0	61.1718502045	0.0	-0.00954337324947	0.996485054493	-0.0832258686423	11.7088115409	28.0495406985	-61.7365493774	-10.4213399887	-42.2284011841	0.00780446454883	2.0	0.939999997616	20.0390897989	1.0	0.939999997616	0.0210906220281	1.0	1
1.0	881.167175293	2.0	2.0	437.167785645	5.0	4.0	64.3360004425	0.0	0.997517108917	0.0342653766274	0.0615257248282	1.81876933294	18.1013905365	-59.3488006592	-4.7731051445	-42.268951416	0.262209892273	3.0	6.40000009537	63.2812809944	0.0	19.4599990845	0.495379644622	1.0	1
1.0	783.828979492	2.0	1.0	95.6305007935	2.0	2.0	35.8593997955	2.0360672389	0.470957249403	0.628221750259	-0.61930346489	0.0	3.85121484391	-58.7153015137	-2.30354905128	-45.3417510986	0.472154855728	0.0	0.0	0.0	0.0	0.0	0.810510757007	1.0	1
1.0	443.99899292	1.0	1.0	1217.58154297	3.0	3.0	146.601701736	0.0	0.997517108917	0.0342653766274	0.0615257248282	1.81876933294	18.1013905365	-59.3488006592	-4.7731051445	-42.268951416	0.262209892273	2.0	3.20000004768	64.3360004425	0.0	19.4599990845	0.084175342706	1.0	1
1.0	783.828979492	2.0	2.0	848.720825195	3.0	3.0	100.195400238	0.0	-0.997518718243	-0.034220892936	-0.0615253970027	1.48557377645	26.2643271448	-55.5904006958	-15.3193492889	-2.71236991882	0.324621886015	3.0	3.20000004768	78.0469007492	1.0	5.92000007629	0.306254061782	1.0	1
1.0	518.913879395	2.0	2.0	2256.92114258	3.0	2.0	20.039010644	0.0	0.783654510975	0.601626098156	0.154698342085	0.0	8.42354441217	-57.0045471191	-12.5997505188	-1.63138008118	0.985027849674	10.0	0.939999997616	196.171930552	8.0	27.5	0.37156228047	1.0	1
1.0	705.840942383	3.0	2.0	1564.58581543	3.0	2.0	74.8828396797	0.0	-0.0454185865819	0.993353128433	0.105767972767	3.08469676897	14.1095339744	-56.2000999451	-19.0380001068	0.566040039062	0.412540793419	5.0	2.81999993324	103.359383821	0.0	23.4799995422	0.301467022045	1.0	1
1.0	510.268005371	1.0	1.0	1475.6887207	3.0	3.0	103.359399796	0.0	0.0454181618989	-0.993344783783	-0.105845585465	1.16100483182	18.3266580162	-59.4511985779	-12.2966995239	-45.3637008667	0.0646069794893	1.0	25.6000003815	73.8281021118	0.0	25.6000003815	0.475224147548	1.0	1
1.0	819.62902832	2.0	2.0	1514.80358887	4.0	4.0	157.148489475	0.0	-0.998789429665	-0.0324716158211	-0.0369508266449	0.0	13.3380792437	-58.8946990967	-11.7682495117	-45.2879486084	0.719933748245	3.0	5.82000017166	145.546802521	0.0	25.6000003815	0.73702972976	1.0	1
1.0	510.268005371	1.0	1.0	32.0028991699	1.0	1.0	17.9297008514	2.38800962911	0.140686675906	0.983814418316	0.110979385674	12.652116416	0.0	-68.3179473877	-5.08605003357	-17.8532505035	0.848288655281	0.0	0.0	0.0	0.0	0.0	0.0894091098296	1.0	1
1.0	276.125	1.0	1.0	338.175994873	1.0	1.0	75.9375	0.0	0.994152903557	0.0668671131134	-0.0847861915827	0.0	6.20863416655	-60.6786994934	-17.8859004974	-35.0809020996	0.97080463171	1.0	2.81999993324	6.32812023163	1.0	2.81999993324	-1.0	0.0	1
1.0	1456.64099121	2.0	1.0	712.030029297	2.0	1.0	59.0624980927	1.95866791593	-0.192230507731	0.315919071436	0.929108500481	1.44360192601	6.07650492046	-63.4024505615	-3.26652002335	-40.9186477661	0.452528178692	0.0	0.0	0.0	0.0	0.0	0.389599774104	1.0	1
1.0	2066.28808594	2.0	2.0	727.543212891	3.0	2.0	143.437398911	0.0	-0.091292604804	0.98397475481	-0.15316401422	12.3513691626	19.4005564816	-58.5900001526	-13.6662502289	-38.8530006409	0.532120227814	3.0	2.81999993324	86.4844198227	1.0	2.81999993324	0.301467438205	1.0	1
1.0	788.329040527	2.0	0.0	1663.50744629	3.0	0.0	0.0	10.0	0.0	0.0	0.0	0.0	0.0	0.0	0.0	0.0	2.0	0.0	0.0	0.0	0.0	0.0	4.15764013832e-07	1.0	1
1.0	554.502319336	2.0	1.0	202.092712402	4.0	1.0	0.0	10.0	0.0	0.0	0.0	0.0	0.0	0.0	0.0	0.0	2.0	1.0	28.3199996948	46.4062004089	0.0	28.3199996948	0.968479387221	1.0	1
1.0	651.373291016	1.0	1.0	1115.68457031	3.0	3.0	161.367097855	0.0	0.0302043538541	0.98089081049	0.192199721932	2.78161978674	13.1260869621	-66.8871994019	-7.50885009766	-36.4494476318	0.0222981721163	2.0	4.03999996185	18.9844098091	1.0	8.56000041962	0.192678054412	1.0	1
1.0	1013.80432129	3.0	3.0	1352.85144043	2.0	1.0	126.562398911	0.0	0.0301977805793	0.98088991642	0.192205190659	2.05305236038	16.3661554343	-65.7944030762	-10.3367557526	-38.4239501953	0.649182379246	3.0	7.34000015259	143.4375	3.0	10.6199998856	0.357846541554	1.0	1
1.0	46.7653007507	1.0	1.0	1671.85693359	1.0	1.0	40.0781002045	0.0	0.0301966052502	0.980880558491	0.192253276706	3.27320995769	14.6152660875	-64.5693969727	-3.00472998619	-0.252563506365	0.993804872036	1.0	7.34000015259	30.585899353	2.0	8.56000041962	0.262642881119	1.0	1
1.0	92.610496521	1.0	1.0	291.722991943	1.0	1.0	31.6406002045	2.31278618769	-0.252276062965	0.839260578156	-0.481662124395	3.01960073295	10.5927575471	-64.2963485718	-10.9699850082	-26.0801506042	0.816570878029	0.0	0.0	0.0	0.0	0.0	-1.0	0.0	1
1.0	486.205078125	3.0	3.0	1029.51953125	8.0	2.0	105.468719482	0.0	-0.989299297333	-0.0952313616872	-0.110534638166	13.3512327847	4.12327169567	-56.3278999329	-14.2999000549	-2.47707509995	0.304457485676	4.0	3.66000008583	100.19520092	0.0	22.2800006866	0.282170796117	1.0	1
1.0	254.678497314	1.0	1.0	77.1753997803	2.0	1.0	20.039100647	0.0	-0.132863104343	0.990328848362	0.0399518683553	11.0906108014	11.2131990179	-60.1026496887	-11.7989501953	-17.0777492523	0.911400556564	1.0	2.46000003815	3.16406011581	0.0	2.46000003815	0.441916170164	1.0	1
1.0	118.850097656	1.0	1.0	728.534973145	2.0	2.0	80.1562390327	0.0	0.132849946618	-0.990334153175	-0.0398652218282	2.80504442244	6.17509743309	-57.0794487	-17.642999649	-7.04001998901	0.71545279026	1.0	3.66000008583	13.7109003067	0.0	3.66000008583	0.30625405314	1.0	1
1.0	157.802001953	1.0	0.0	259.908996582	1.0	0.0	0.0	10.0	0.0	0.0	0.0	0.0	0.0	0.0	0.0	0.0	2.0	0.0	0.0	0.0	0.0	0.0	4.15764013832e-07	0.0	1
1.0	179.460510254	2.0	1.0	205.761306763	2.0	1.0	49.5703010559	0.0	-0.999698162079	0.0	0.0245688259602	12.295269213	3.1118589668	-59.5075492859	-22.4293994904	-8.85940551758	0.88635712862	2.0	6.28000020981	65.3906002045	0.0	6.28000020981	0.24289798528	1.0	1
1.0	122.218902588	1.0	1.0	609.548095703	4.0	1.0	21.0937004089	0.0	-0.00548742804676	-0.967642426491	-0.252265661955	0.0	4.02738187459	-57.882850647	-24.1680984497	-7.86202001572	0.978108048439	4.0	6.28000020981	114.960898399	0.0	17.2999992371	0.0421624895764	1.0	1
1.0	26.3003005981	1.0	1.0	929.791809082	4.0	1.0	8.4375	0.0	-0.00548742804676	-0.967642426491	-0.252265661955	0.0	26.1537903936	-57.882850647	-24.1680984497	-7.86202001572	0.978108048439	1.0	6.59999990463	31.6406002045	0.0	6.59999990463	0.0421624895764	1.0	1
1.0	92.09400177	1.0	1.0	823.822387695	1.0	1.0	34.8047008514	0.0	-0.993279993534	0.10069540143	-0.0570550858974	0.0	5.00556331121	-61.8805007935	-3.89492988586	-19.3134002686	0.309671670198	1.0	2.46000003815	3.16406011581	1.0	2.46000003815	-1.0	0.0	1
1.0	87.070602417	3.0	2.0	937.684082031	2.0	1.0	85.4297008514	0.0	0.105754643679	0.98872166872	0.106043592095	1.78205003674	25.51586899	-64.3765563965	-7.29358005524	-31.6114997864	0.693959712982	1.0	7.63999986649	26.3672008514	0.0	7.63999986649	0.162035814468	1.0	1
1.0	120.559402466	2.0	2.0	795.356994629	1.0	1.0	80.1563014984	0.0	0.105754643679	0.98872166872	0.106043592095	1.78205003674	17.4135349993	-64.3765563965	-7.29358005524	-31.6114997864	0.693959712982	2.0	2.46000003815	29.5312609673	1.0	2.46000003815	0.222949740121	1.0	1
1.0	92.09400177	1.0	1.0	1279.26904297	3.0	2.0	67.5000019073	0.0	-0.993279993534	0.10069540143	-0.0570550858974	0.0	25.4018100364	-61.8805007935	-3.89492988586	-19.3134002686	0.309671670198	1.0	2.46000003815	3.16406011581	1.0	2.46000003815	0.162035626419	1.0	1
1.0	117.210502625	2.0	2.0	140.652496338	3.0	1.0	16.875	2.70549621656	-0.246823817492	-0.37577599287	-0.89323592186	15.1533482241	19.7052994934	-61.4399986267	-6.7420501709	-23.2526493073	0.897770404816	0.0	0.0	0.0	0.0	0.0	0.398508679668	1.0	1
1.0	1195.69519043	4.0	2.0	436.854370117	3.0	2.0	27.421790719	0.0	-0.999248325825	0.0	0.0387652516365	13.1785679078	24.746420245	-60.7677001953	-7.64059019089	-30.7742996216	0.477520614862	1.0	11.7600002289	37.9687995911	0.0	11.7600002289	0.398508671645	1.0	1
1.0	358.534515381	3.0	1.0	409.007995605	1.0	1.0	0.0	10.0	0.0	0.0	0.0	0.0	0.0	0.0	0.0	0.0	2.0	1.0	17.6200008392	45.351600647	0.0	17.6200008392	0.574293223822	1.0	1
1.0	182.902999878	1.0	1.0	537.57598877	1.0	1.0	66.4452972412	0.0	-0.997918069363	0.0	0.0644944310188	0.0	17.3333011529	-63.7841491699	-10.5739002228	-14.5	0.788350462914	1.0	6.5	37.9687995911	0.0	6.5	-1.0	0.0	1
1.0	854.077331543	3.0	1.0	225.845794678	3.0	1.0	0.0	10.0	0.0	0.0	0.0	0.0	0.0	0.0	0.0	0.0	2.0	1.0	7.53999996185	30.585899353	0.0	7.53999996185	0.983483984034	1.0	1
1.0	1916.50585938	2.0	2.0	881.115783691	6.0	4.0	84.3750318289	0.0	0.997917532921	0.0	-0.0645031258464	1.09157525886	6.7538373424	-56.1342506409	-15.5221996307	3.07139492035	0.850699186325	10.0	2.81999993324	237.304658532	5.0	16.6200008392	0.984810215938	1.0	1
1.0	653.679992676	1.0	1.0	528.033203125	4.0	3.0	52.734360218	0.0	-0.00909599103034	0.988963603973	-0.147878885269	2.4644657093	18.1265321281	-60.4569511414	-3.98512506485	-40.2452011108	0.229225307703	3.0	6.11999988556	147.656218529	1.0	18.9400005341	0.212903751423	1.0	1
1.0	116.103996277	1.0	1.0	876.344177246	3.0	2.0	17.9296503067	0.0	-0.00909599103034	0.988963603973	-0.147878885269	2.4644657093	18.1265321281	-60.4569511414	-3.98512506485	-40.2452011108	0.229225307703	3.0	5.07999992371	68.5546991825	2.0	18.9400005341	0.605234738215	1.0	1
1.0	31.6327991486	1.0	1.0	453.403991699	1.0	1.0	24.2577991486	0.0	-0.999194145203	0.0	-0.040139015764	0.0	7.71289903298	-58.207950592	-12.1611995697	-12.0729007721	0.651954352856	1.0	9.31999969482	13.7109003067	1.0	9.31999969482	-1.0	0.0	1
1.0	200.340789795	2.0	2.0	576.922607422	2.0	2.0	32.6952991486	0.0	-0.999194145203	0.0	-0.040139015764	0.0	11.1371952037	-58.207950592	-12.1611995697	-12.0729007721	0.651954352856	3.0	8.38000011444	58.0078001022	2.0	9.31999969482	0.146592683777	1.0	1
1.0	40.6707992554	1.0	1.0	485.036804199	1.0	1.0	8.4375	0.0	-0.99919205904	0.0	-0.0401903986931	1.47565404001	3.72233062953	-56.1782989502	-16.3575000763	-8.00755023956	0.31448495388	1.0	8.38000011444	21.0937995911	1.0	8.38000011444	0.187595215217	1.0	1
1.0	132.904006958	1.0	1.0	618.579101562	1.0	1.0	71.7188034058	0.0	-0.0274978447706	0.995369553566	-0.0921047106385	0.0	9.12805124767	-59.8312492371	-9.21132469177	-35.5573997498	0.976440608501	1.0	4.51999998093	24.2577991486	1.0	4.51999998093	-1.0	0.0	1
1.0	1156.76037598	2.0	2.0	2407.0456543	5.0	3.0	130.78136313	0.0	0.0274958200753	-0.995362520218	0.092182315886	2.37564419493	30.3933612602	-58.747051239	-14.0303001404	-5.01352500916	0.172025829554	11.0	4.51999998093	215.156308651	3.0	18.3199996948	0.595113504469	1.0	1
1.0	1015.65093994	1.0	1.0	1219.11071777	5.0	5.0	82.2656412125	0.0	0.996335208416	0.0317203439772	0.0794365108013	2.08462059942	23.5586724448	-56.5033988953	-10.2185497284	-42.3388977051	0.809548318386	9.0	4.51999998093	260.507778406	3.0	18.3199996948	0.242898155787	1.0	1
1.0	845.008850098	2.0	1.0	462.704498291	2.0	2.0	18.9844098091	0.0	0.996335208416	0.0317203439772	0.0794365108013	2.08462059942	4.39806151604	-56.5033988953	-10.2185497284	-42.3388977051	0.809548318386	3.0	14.5600004196	132.890598297	1.0	18.3199996948	0.967143458038	1.0	1
1.0	1087.8470459	3.0	3.0	1973.87585449	2.0	1.0	109.687563539	0.0	0.996337890625	0.0316302850842	0.0794384628534	2.08967204592	7.18171791033	-57.6114997864	-15.1072006226	-11.9697999954	0.939807534218	10.0	4.51999998093	309.023398399	3.0	18.3199996948	0.667841116036	1.0	1
1.0	113.858001709	1.0	1.0	862.067016602	1.0	1.0	8.4375	0.0	-0.997976601124	-0.0618716217577	-0.0146487327293	1.00010817658	9.50484262817	-61.8568992615	-7.70557975769	-16.0784988403	0.571937143803	2.0	12.2399997711	106.523399353	0.0	12.4399995804	-1.0	0.0	1
1.0	663.629150391	3.0	2.0	958.032653809	5.0	1.0	17.9297008514	0.0	-0.0768935829401	0.992010712624	0.100010953844	17.0488163781	4.38570793918	-56.2510528564	-17.7196502686	-5.22484970093	0.240404039621	7.0	2.25999999046	234.140597582	1.0	2.25999999046	0.98855286017	1.0	1
1.0	266.752990723	1.0	1.0	709.17199707	1.0	1.0	23.2031002045	0.0	0.0768913924694	-0.9920129776	-0.099990464747	2.43989758073	20.2885300277	-57.4665527344	-10.1369352341	-39.9339981079	0.977252662182	2.0	12.4399995804	177.1875	0.0	13.5399999619	0.0736941578359	1.0	1
1.0	252.114013672	3.0	3.0	1660.69812012	3.0	3.0	124.453091621	0.0	-0.997976601124	-0.0618716217577	-0.0146487327293	8.95011981905	17.131757976	-61.8568992615	-7.70557975769	-16.0784988403	0.571937143803	4.0	9.31999969482	184.570299149	0.0	17.1200008392	0.320519922837	1.0	1
1.0	502.601013184	2.0	2.0	905.983642578	1.0	1.0	56.9531517029	0.0	-0.997976601124	-0.0618716217577	-0.0146487327293	13.8771030791	9.50484262817	-61.8568992615	-7.70557975769	-16.0784988403	0.571937143803	2.0	12.2399997711	106.523399353	0.0	12.4399995804	0.0474253479562	1.0	1
1.0	152.895004272	1.0	1.0	823.030029297	1.0	1.0	31.6406002045	0.0	0.0768913924694	-0.9920129776	-0.099990464747	2.43989758073	20.2885300277	-57.4665527344	-10.1369352341	-39.9339981079	0.977252662182	2.0	12.2399997711	165.585899353	0.0	13.5399999619	0.115497780889	1.0	1
1.0	235.972000122	1.0	1.0	601.09197998	1.0	1.0	42.1875	2.63244943351	-0.303450644016	0.91524285078	-0.265043824911	13.1195690726	17.7670240833	-66.4676513672	-16.8015003204	-20.9933013916	0.93698990345	0.0	0.0	0.0	0.0	0.0	-1.0	0.0	1
1.0	532.532287598	2.0	2.0	679.218078613	3.0	3.0	75.9375	0.0	0.997548997402	0.0	-0.0699724927545	2.40951950095	8.80863142661	-62.5262985229	-20.8055992126	-6.54336500168	0.841283321381	5.0	8.47999954224	104.414080858	0.0	22.5	0.167166231035	1.0	1
1.0	720.672973633	2.0	2.0	1476.42248535	3.0	2.0	47.460899353	0.0	-0.00983591191471	0.992221236229	-0.124097548425	4.68915152384	33.8986958751	-63.2292480469	-23.4180984497	-22.4198493958	0.394060820341	4.0	8.57999992371	196.171897888	0.0	21.2800006866	0.026360888189	1.0	1
1.0	374.68560791	1.0	1.0	1014.04394531	1.0	1.0	42.1875	2.63244943351	-0.303450644016	0.91524285078	-0.265043824911	13.1195690726	17.7670240833	-66.4676513672	-16.8015003204	-20.9933013916	0.93698990345	0.0	0.0	0.0	0.0	0.0	0.167166231035	1.0	1
1.0	522.481933594	2.0	2.0	1504.30615234	4.0	2.0	5.27343988419	2.83019438005	-0.41814866662	0.903882086277	0.0902717337012	6.18917022665	22.166922814	-59.2452468872	-13.4300098419	-23.731300354	0.550530433655	1.0	23.8199996948	52.7344017029	0.0	23.8199996948	0.0210906244112	1.0	1
1.0	217.83190918	1.0	1.0	838.180908203	2.0	2.0	44.2968392372	0.968245836552	-0.034940648824	0.997812628746	0.0561164952815	1.81897630889	4.86258937097	-54.8353004456	-12.5587005615	-6.6931552887	0.172448024154	0.0	0.0	0.0	0.0	0.0	0.136256736347	1.0	1
1.0	217.83190918	1.0	1.0	1131.78088379	2.0	2.0	44.2968392372	0.968245836552	-0.034940648824	0.997812628746	0.0561164952815	1.81897630889	4.86258937097	-54.8353004456	-12.5587005615	-6.6931552887	0.172448024154	0.0	0.0	0.0	0.0	0.0	0.05794252268	1.0	1
1.0	2066.92822266	2.0	2.0	2001.3692627	3.0	3.0	69.6093912125	0.0	-0.072818942368	0.991698384285	-0.105979338288	2.4223377401	28.1342703906	-61.7658004761	-14.8172492981	-40.6173477173	0.958110928535	11.0	11.1599998474	377.578140736	0.0	27.2399997711	0.483348187308	1.0	1
1.0	81.9486999512	1.0	1.0	1857.50402832	2.0	1.0	12.6562504768	0.0	0.072818942368	-0.991698384285	0.105979338288	1.8804826686	20.2158397249	-61.7658004761	-14.8172492981	-40.6173477173	0.958110928535	3.0	17.7000007629	147.656200409	0.0	18.4200000763	0.0474253479562	1.0	1
1.0	677.442993164	1.0	1.0	1180.06103516	3.0	3.0	60.1172008514	0.0	-0.072818942368	0.991698384285	-0.105979338288	3.586107437	20.6445330978	-60.6286010742	-15.6762504578	-38.9633483887	0.656893491745	2.0	20.2999992371	88.5937004089	0.0	25.3999996185	0.141428569096	1.0	1
1.0	1615.72485352	4.0	2.0	830.481994629	3.0	3.0	18.9844098091	0.0	-0.997930645943	0.0310352519155	0.0563136078417	1.7653292518	0.0	-57.9060516357	-8.07386493683	-41.0400009155	0.424839019775	7.0	14.8599996567	257.343719244	2.0	23.0200004578	0.311024790485	1.0	1
1.0	736.770996094	2.0	2.0	578.429504395	2.0	1.0	82.2655992508	0.0	0.0353045910597	0.998048007488	-0.051515262574	22.4598219832	16.0293395929	-57.4847488403	-9.65321922302	-42.4311981201	0.217779710889	2.0	21.1399993896	120.234401703	1.0	23.0200004578	0.0684473073953	1.0	1
1.0	1131.00793457	2.0	1.0	14.5415000916	1.0	1.0	34.8046989441	1.72181296955	-0.313572883606	0.94912737608	-0.028798237443	24.9857845326	3.09094527295	-66.8055496216	-5.51989507675	-21.8654003143	0.931021809578	0.0	0.0	0.0	0.0	0.0	0.420452849383	1.0	1
1.0	394.236999512	1.0	1.0	14.5415000916	1.0	1.0	34.8046989441	1.72181296955	-0.313572883606	0.94912737608	-0.028798237443	16.4308548756	3.09094527295	-66.8055496216	-5.51989507675	-21.8654003143	0.931021809578	0.0	0.0	0.0	0.0	0.0	0.17228779793	1.0	1
1.0	171.611999512	1.0	1.0	488.932006836	1.0	1.0	52.7344017029	2.18639662027	-0.16995023191	0.978282809258	0.118657819927	7.42890857099	7.95253501158	-66.2743988037	-9.077460289	-26.6800003052	0.872022688389	0.0	0.0	0.0	0.0	0.0	-1.0	0.0	1
1.0	1400.41772461	2.0	2.0	1235.28222656	6.0	2.0	25.3125	0.0	0.999494850636	-0.0317758396268	-0.000621296348982	1.70184046749	12.4211146092	-61.0473480225	-21.2434997559	-14.8012504578	0.733074128628	11.0	8.47999954224	311.132801056	0.0	26.6800003052	0.371562378084	1.0	1
1.0	171.611999512	1.0	1.0	652.449401855	3.0	2.0	61.1719017029	1.2340178154	0.644672095776	-0.12203323096	0.754656016827	3.25432592207	3.44481283358	-59.6534996033	-13.6398000717	-6.53074502945	0.8443146348	0.0	0.0	0.0	0.0	0.0	0.0421624895764	1.0	1
1.0	288.179016113	2.0	1.0	798.157226562	3.0	1.0	52.7344017029	2.18639662027	-0.16995023191	0.978282809258	0.118657819927	7.42890857099	18.5670970015	-66.2743988037	-9.077460289	-26.6800003052	0.872022688389	0.0	0.0	0.0	0.0	0.0	0.120697713213	1.0	1
1.0	190.238006592	1.0	1.0	389.606994629	1.0	1.0	29.5312004089	2.50777589765	-0.468776077032	0.862401008606	-0.191084802151	11.8206636184	13.6455466359	-66.8517990112	-13.3247489929	-13.7388000488	0.98862695694	0.0	0.0	0.0	0.0	0.0	-1.0	0.0	1
1.0	958.798034668	2.0	1.0	827.914611816	2.0	1.0	59.0624008179	0.0	0.00740697374567	0.980229735374	-0.197724014521	20.337502641	29.6215705013	-62.4119491577	-15.7192497253	-29.9118995667	0.518622219563	2.0	23.7600002289	149.765602112	0.0	23.7600002289	0.348615640829	1.0	1
1.0	595.063964844	2.0	2.0	293.726715088	2.0	2.0	27.4218502045	0.0	0.00740777002648	0.98023712635	-0.197686865926	16.2122862767	24.5952724969	-61.0788497925	-17.8197002411	-7.01684999466	0.295548677444	2.0	12.0399999619	44.2968482971	2.0	12.0399999619	0.207863658327	1.0	1
1.0	897.92199707	1.0	1.0	925.316040039	2.0	2.0	66.4452109337	0.0	-0.00740769598633	-0.98022544384	0.19774517417	0.0	32.3326785097	-62.3538513184	-14.9677000046	-31.4630012512	0.661164700985	2.0	23.7600002289	149.765602112	0.0	23.7600002289	0.277309949173	1.0	1
1.0	1120.11950684	2.0	2.0	767.038330078	2.0	2.0	114.960801125	0.0	-0.00740769598633	-0.98022544384	0.19774517417	0.0	32.3326785097	-62.3538513184	-14.9677000046	-31.4630012512	0.661164700985	5.0	6.98000001907	185.625055313	1.0	12.0399999619	0.187595215217	1.0	1
1.0	234.162002563	1.0	1.0	367.209014893	1.0	1.0	40.9893989563	1.05095197574	-0.691323637962	0.718406915665	-0.0772214457393	14.4922738373	9.31066384871	-68.7702484131	-14.0926494598	-17.5803985596	0.954688310623	0.0	0.0	0.0	0.0	0.0	-1.0	0.0	2
1.0	317.981384277	2.0	1.0	1134.88757324	5.0	2.0	56.3603992462	1.05095197574	-0.691323637962	0.718406915665	-0.0772214457393	14.4922738373	16.558849465	-68.7702484131	-14.0926494598	-17.5803985596	0.954688310623	0.0	0.0	0.0	0.0	0.0	0.076704038528	1.0	2
1.0	1439.56347656	2.0	2.0	1659.09057617	3.0	2.0	90.7622494698	0.0	-0.997890412807	0.0560441277921	0.0327691584826	16.9962333545	27.0422563846	-64.3130493164	-24.1943511963	-11.7823505402	0.226128220558	1.0	9.97999954224	19.7626991272	0.0	9.97999954224	0.340800258178	1.0	2
1.0	234.162002563	1.0	1.0	379.183227539	2.0	2.0	52.7006988525	1.05095197574	-0.691323637962	0.718406915665	-0.0772214457393	14.4922738373	13.4642901549	-68.7702484131	-14.0926494598	-17.5803985596	0.954688310623	0.0	0.0	0.0	0.0	0.0	0.0584896637308	1.0	2
1.0	485.619995117	1.0	1.0	1549.99243164	1.0	1.0	56.3603992462	1.05095197574	-0.691323637962	0.718406915665	-0.0772214457393	16.1578809848	9.31066384871	-68.7702484131	-14.0926494598	-17.5803985596	0.954688310623	0.0	0.0	0.0	0.0	0.0	0.0984932421536	1.0	2
1.0	753.913330078	6.0	2.0	1076.76513672	5.0	4.0	36.9140615463	0.0	0.0	0.978791832924	-0.204857498407	17.6186520663	31.9540647784	-62.5811004639	-12.4032001495	-37.3805999756	0.959339022636	8.0	6.03999996185	244.687581301	2.0	18.1200008392	0.30146711308	1.0	2
1.0	750.366577148	3.0	1.0	76.2782974243	1.0	1.0	0.0	10.0	0.0	0.0	0.0	0.0	0.0	0.0	0.0	0.0	2.0	2.0	10.3400001526	53.7890014648	0.0	18.7999992371	0.483347868465	1.0	2
1.0	149.009002686	1.0	1.0	537.496704102	2.0	1.0	34.8046693802	0.0	0.0	-0.978770077229	0.204961180687	2.17757868873	3.67170539627	-63.6790008545	-13.4533500671	-37.1607513428	0.13269944489	1.0	6.03999996185	16.875	1.0	6.03999996185	0.115497879689	1.0	2
1.0	276.933807373	3.0	2.0	1091.11914062	2.0	1.0	5.31737995148	2.69849400376	0.013509074226	0.921407282352	0.388363331556	0.0	24.353786843	-63.7174987793	-11.5736503601	-22.5429000854	0.256228238344	1.0	26.5599994659	42.539100647	0.0	26.5599994659	0.00886206791034	1.0	2
1.0	229.854995728	1.0	1.0	95.542098999	1.0	1.0	5.31737995148	2.69849400376	-0.013509074226	-0.921407282352	-0.388363331556	0.998367317849	0.0	-63.7174987793	-11.5736503601	-22.5429000854	0.256228238344	0.0	0.0	0.0	0.0	0.0	0.0265806370941	1.0	2
1.0	229.854995728	1.0	1.0	95.542098999	1.0	1.0	5.31737995148	2.69849400376	-0.013509074226	-0.921407282352	-0.388363331556	0.998367317849	0.0	-63.7174987793	-11.5736503601	-22.5429000854	0.256228238344	0.0	0.0	0.0	0.0	0.0	0.0265806370941	1.0	2
1.0	168.548797607	1.0	1.0	328.159118652	2.0	2.0	36.335439682	0.0	-0.0022228253074	0.998693227768	-0.0510572418571	7.2410910228	12.2499713508	-62.3388977051	-13.9829998016	-18.9629001617	0.411883622408	2.0	2.92000007629	10.634759903	1.0	2.92000007629	-1.0	0.0	2
1.0	1808.06665039	3.0	3.0	923.186340332	9.0	7.0	136.479420185	0.0	-0.999198913574	0.0	0.0400191880763	13.5625016876	34.6527961957	-60.6189498901	-16.9570007324	-14.7210998535	0.571865200996	16.0	2.92000007629	245.485765934	7.0	22.0400009155	0.978826307455	1.0	2
1.0	610.34979248	2.0	2.0	740.591796875	7.0	3.0	77.1020402908	0.0	-0.00210827519186	0.99869376421	-0.0510515868664	3.04727185917	28.9940137275	-57.3861503601	-12.4531497955	-46.9619979858	0.368533790112	3.0	2.92000007629	59.3774585724	1.0	2.92000007629	0.132156945032	1.0	2
1.0	1229.63879395	2.0	2.0	595.02722168	4.0	3.0	113.437511027	0.0	-0.0022228253074	0.998693227768	-0.0510572418571	17.462957797	8.34028879448	-62.3388977051	-13.9829998016	-18.9629001617	0.411883622408	6.0	2.92000007629	150.659257889	1.0	2.92000007629	0.734948488843	1.0	2
1.0	638.442199707	3.0	2.0	278.360687256	4.0	1.0	29.2455997467	0.0	-0.00210827565752	0.998694062233	-0.0510473661125	15.7245088194	19.2425744734	-60.0272483826	-19.2424507141	-36.8055000305	0.14392375946	1.0	12.7399997711	34.5629997253	0.0	12.7399997711	0.752755960971	1.0	2
1.0	1605.04260254	2.0	2.0	302.620697021	4.0	4.0	106.347579956	0.0	-0.00221856823191	0.998693346977	-0.0510545894504	14.5106940461	6.42948459013	-64.2166976929	-10.2081947327	-14.9226999283	0.910398304462	4.0	7.09999990463	116.096198082	2.0	7.46000003815	0.978070612647	1.0	2
1.0	632.056762695	3.0	3.0	443.078125	3.0	3.0	82.4193792343	0.0	-0.00210827519186	0.99869376421	-0.0510515868664	21.6540360633	1.02452146478	-57.3861503601	-12.4531497955	-46.9619979858	0.368533790112	5.0	2.92000007629	92.1679582596	3.0	7.46000003815	0.312644470859	1.0	2
1.0	315.970001221	1.0	1.0	536.768005371	1.0	1.0	40.8690986633	2.38800962911	-0.0700459331274	0.995746195316	0.0598594807088	11.2948507814	2.90196831433	-63.3301467896	-13.5253000259	-10.6567001343	0.919388651848	0.0	0.0	0.0	0.0	0.0	-1.0	0.0	2
1.0	407.334594727	2.0	2.0	1010.72375488	4.0	2.0	105.46874094	0.0	0.10493490845	0.99256747961	0.061631731689	0.992981780512	29.172984923	-58.0822982788	-20.1973991394	-38.3600006104	0.975572347641	4.0	4.13999986649	126.562602997	3.0	12.6000003815	0.335812913928	1.0	2
1.0	315.970001221	1.0	1.0	635.746520996	3.0	2.0	69.8729991913	0.0	-0.995591580868	0.0936319455504	-0.00550989247859	1.43863384477	22.7944599046	-58.3633995056	-17.7684001923	-36.3915023804	0.754966974258	1.0	6.01999998093	15.8203001022	1.0	6.01999998093	0.220442347979	1.0	2
1.0	531.058105469	3.0	3.0	864.158996582	2.0	2.0	10.5468803644	0.0	-0.105048164725	-0.992555677891	-0.0616282001138	7.40999280139	6.88839526442	-54.6571502686	-26.2157497406	-2.21309494972	0.243636310101	3.0	17.9799995422	123.925804138	1.0	17.9799995422	0.701433624826	1.0	2
1.0	1441.36523438	4.0	4.0	906.002380371	4.0	4.0	28.5461606979	0.0	-0.0130400266498	0.9769064188	-0.213269397616	0.927929056722	10.2819712655	-62.0367507935	-11.8107500076	-37.5266494751	0.644662320614	17.0	7.65999984741	280.338246226	6.0	14.3000001907	0.633111408995	1.0	2
1.0	650.939147949	3.0	2.0	29.22590065	1.0	1.0	8.05149018764	2.88416537663	-0.212714701891	0.846616446972	-0.487845182419	3.64371199155	2.42558644076	-64.7658462524	-5.6422252655	-37.0712966919	0.908518850803	0.0	0.0	0.0	0.0	0.0	0.233496619639	1.0	2
1.0	405.176269531	1.0	1.0	274.988708496	3.0	1.0	34.4017691612	1.79447763817	-0.252127945423	0.949069678783	-0.188939705491	7.09424498591	3.59792384044	-61.2467498779	-20.0628509521	-2.16306996346	0.845952510834	0.0	0.0	0.0	0.0	0.0	0.130994421157	1.0	2
1.0	405.176269531	1.0	1.0	274.988708496	3.0	1.0	34.4017691612	1.79447763817	-0.252127945423	0.949069678783	-0.188939705491	7.09424498591	3.59792384044	-61.2467498779	-20.0628509521	-2.16306996346	0.845952510834	0.0	0.0	0.0	0.0	0.0	0.130994421157	1.0	2
