valid	volumeS1	connectedComponentsS1	connectedComponentsS1Rel	volumeS2	connectedComponentsS2	connectedComponentsS2Rel	corticalSize	distanceMin	direction_x	direction_y	direction_z	distanceToExtremity1	distanceToExtremity2	gravityCenter_x	gravityCenter_y	gravityCenter_z	corticalDotProduct	junctions	junctionDepthMin	junctionsSize	plisDePassage	plisDePassageDepthMax	Potential	Class	cycle
1.0	81.7053985596	1.0	1.0	1594.35900879	2.0	1.0	0.0	10.0	0.0	0.0	0.0	0.0	0.0	0.0	0.0	0.0	2.0	2.0	27.2999992371	38.2323989868	0.0	30.5400009155	-1.0	0.0	1
1.0	883.301208496	3.0	1.0	3988.10473633	13.0	1.0	0.0	10.0	0.0	0.0	0.0	0.0	0.0	0.0	0.0	0.0	2.0	9.0	17.1200008392	226.757801056	0.0	27.2600002289	0.318152330835	1.0	1
1.0	106.834999084	1.0	1.0	1872.0802002	1.0	1.0	0.0	10.0	0.0	0.0	0.0	0.0	0.0	0.0	0.0	0.0	2.0	3.0	27.3999996185	47.4610390663	0.0	32.6399993896	-1.0	0.0	1
1.0	744.558776855	4.0	2.0	3814.83422852	13.0	2.0	0.0	10.0	0.0	0.0	0.0	0.0	0.0	0.0	0.0	0.0	2.0	15.0	5.34000015259	360.703120947	1.0	5.34000015259	0.00527340113391	1.0	1
1.0	483.223724365	1.0	1.0	1429.94714355	1.0	1.0	0.0	10.0	0.0	0.0	0.0	0.0	0.0	0.0	0.0	0.0	2.0	16.0	12.5799999237	395.507766604	0.0	36.0600013733	0.0105465089825	1.0	1
1.0	258.048278809	2.0	2.0	136.42010498	2.0	2.0	0.0	10.0	0.0	0.0	0.0	0.0	0.0	0.0	0.0	0.0	2.0	4.0	17.0400009155	87.5391187668	0.0	32.6399993896	0.0105465089825	1.0	1
1.0	335.297607422	3.0	3.0	1030.54785156	1.0	1.0	0.0	10.0	0.0	0.0	0.0	0.0	0.0	0.0	0.0	0.0	2.0	4.0	5.34000015259	87.5390808582	1.0	5.34000015259	0.00527340113391	1.0	1
1.0	76.4288024902	1.0	1.0	1903.77099609	1.0	1.0	0.0	10.0	0.0	0.0	0.0	0.0	0.0	0.0	0.0	0.0	2.0	2.0	24.1200008392	25.1366796494	0.0	24.1200008392	-1.0	0.0	1
1.0	847.665405273	3.0	2.0	656.59173584	8.0	4.0	0.0	10.0	0.0	0.0	0.0	0.0	0.0	0.0	0.0	0.0	2.0	8.0	9.84000015259	120.84966898	2.0	19.1599998474	0.994522173498	1.0	1
1.0	640.960083008	1.0	0.0	76.4288024902	1.0	0.0	0.0	10.0	0.0	0.0	0.0	0.0	0.0	0.0	0.0	0.0	2.0	0.0	0.0	0.0	0.0	0.0	0.00181858925063	1.0	1
1.0	1638.00830078	2.0	1.0	3916.97363281	4.0	3.0	92.8124694824	0.0	0.0314121134579	-0.97604984045	0.215267345309	2.26893741895	15.4196224094	-64.3827514648	-10.1327342987	2.09547996521	0.950658500195	30.0	3.20000004768	445.693427682	16.0	25.3400001526	0.993293252891	1.0	1
1.0	811.188049316	1.0	1.0	957.096130371	1.0	1.0	0.0	10.0	0.0	0.0	0.0	0.0	0.0	0.0	0.0	0.0	2.0	4.0	6.09999990463	58.0077888966	2.0	25.3400001526	0.232532580377	1.0	1
1.0	328.296691895	1.0	1.0	1191.59387207	2.0	2.0	0.0	10.0	0.0	0.0	0.0	0.0	0.0	0.0	0.0	0.0	2.0	11.0	5.15999984741	153.720700026	2.0	19.1599998474	0.971441333438	1.0	1
1.0	550.634399414	1.0	1.0	2982.45874023	1.0	1.0	10.6347999573	0.0	0.0314121134579	-0.97604984045	0.215267345309	2.26893741895	24.6330429342	-64.3827514648	-10.1327342987	2.09547996521	0.950658500195	14.0	4.76000022888	259.101410389	9.0	23.3799991608	0.0915880957895	1.0	1
1.0	279.659393311	2.0	2.0	2735.80322266	1.0	1.0	0.0	10.0	0.0	0.0	0.0	0.0	0.0	0.0	0.0	0.0	2.0	12.0	3.31999993324	98.6132698059	6.0	19.1599998474	0.214161744084	1.0	1
1.0	1617.16381836	1.0	1.0	2570.78515625	2.0	2.0	10.6347999573	0.0	0.0314121134579	-0.97604984045	0.215267345309	2.26893741895	15.4196224094	-64.3827514648	-10.1327342987	2.09547996521	0.950658500195	31.0	3.20000004768	356.747914433	13.0	25.3400001526	0.974529867477	1.0	1
1.0	59.5964012146	1.0	1.0	1770.59008789	1.0	1.0	0.0	10.0	0.0	0.0	0.0	0.0	0.0	0.0	0.0	0.0	2.0	3.0	22.0799999237	50.0049991608	0.0	24.1800003052	-1.0	0.0	1
1.0	347.966003418	3.0	1.0	3783.41088867	9.0	1.0	0.0	10.0	0.0	0.0	0.0	0.0	0.0	0.0	0.0	0.0	2.0	9.0	6.0	230.285757065	2.0	6.46000003815	0.646820225134	1.0	1
1.0	611.34387207	1.0	1.0	2303.11254883	2.0	2.0	0.0	10.0	0.0	0.0	0.0	0.0	0.0	0.0	0.0	0.0	2.0	12.0	4.21999979019	260.551769376	3.0	20.7399997711	0.0787913442487	1.0	1
1.0	140.339996338	1.0	1.0	1457.22888184	1.0	1.0	0.0	10.0	0.0	0.0	0.0	0.0	0.0	0.0	0.0	0.0	2.0	0.0	0.0	0.0	1.0	20.7399997711	0.311675414539	1.0	1
1.0	334.508789062	1.0	1.0	1403.39855957	2.0	2.0	0.0	10.0	0.0	0.0	0.0	0.0	0.0	0.0	0.0	0.0	2.0	2.0	7.48000001907	84.2187995911	1.0	20.7399997711	0.311675414539	1.0	1
1.0	87.6181945801	2.0	2.0	2146.02929688	1.0	1.0	0.0	10.0	0.0	0.0	0.0	0.0	0.0	0.0	0.0	0.0	2.0	6.0	20.6399993896	134.472611785	0.0	34.3600006104	-1.0	0.0	1
1.0	507.198120117	2.0	2.0	449.196899414	3.0	2.0	0.0	10.0	0.0	0.0	0.0	0.0	0.0	0.0	0.0	0.0	2.0	3.0	16.6800003052	63.2811594009	0.0	24.2000007629	0.100731211013	1.0	1
1.0	793.500244141	1.0	1.0	2658.16333008	1.0	1.0	0.0	10.0	0.0	0.0	0.0	0.0	0.0	0.0	0.0	0.0	2.0	18.0	4.13999986649	352.441386342	0.0	34.3600006104	0.0483022311109	1.0	1
1.0	1062.52514648	1.0	1.0	1727.68408203	4.0	3.0	18.4570007324	0.0	-0.00382819445804	-0.980666339397	0.195649653673	0.0	0.992488364913	-56.4805984497	-15.4496498108	-6.12423992157	0.713246762753	20.0	4.63999986649	361.230491877	0.0	34.3600006104	0.228787724377	1.0	1
1.0	1037.84338379	2.0	2.0	2701.35620117	1.0	1.0	9.66796970367	0.0	0.999825835228	0.0	0.0186638720334	1.08819460774	27.8674689413	-64.6188049316	1.96516001225	-7.42230510712	0.916276752949	30.0	16.0400009155	653.027225971	0.0	35.6800003052	0.0920239106495	1.0	1
1.0	95.879699707	1.0	1.0	1546.40380859	1.0	1.0	0.0	10.0	0.0	0.0	0.0	0.0	0.0	0.0	0.0	0.0	2.0	3.0	12.0200004578	52.5586605072	0.0	20.2600002289	-1.0	0.0	1
1.0	2136.75244141	2.0	2.0	2461.37084961	10.0	3.0	5.71289014816	0.0	0.0288048535585	-0.963122844696	0.267515897751	0.987287994757	35.0604040706	-55.7321014404	-18.7161006927	2.97112989426	0.0151882469654	13.0	2.25999999046	252.509710789	7.0	20.1000003815	0.978310824909	1.0	1
1.0	2381.93066406	1.0	1.0	4091.32714844	14.0	4.0	25.1367106438	0.0	0.0288048535585	-0.963122844696	0.267515897751	0.987287994757	35.0604040706	-55.7321014404	-18.7161006927	2.97112989426	0.0151882469654	25.0	2.25999999046	590.712859154	13.0	26.6000003815	0.998889255879	1.0	1
1.0	2255.91674805	1.0	1.0	4203.64355469	12.0	4.0	119.970742226	0.0	0.0288048535585	-0.963122844696	0.267515897751	0.987287994757	35.0604040706	-55.7321014404	-18.7161006927	2.97112989426	0.957601189613	39.0	2.25999999046	1060.31312799	21.0	27.3600006104	0.999506330204	1.0	1
1.0	273.942382812	1.0	1.0	164.365188599	2.0	2.0	0.0	10.0	0.0	0.0	0.0	0.0	0.0	0.0	0.0	0.0	2.0	2.0	7.46000003815	67.4120998383	0.0	14.1199998856	0.688714929386	1.0	1
1.0	289.009185791	1.0	1.0	58.8975982666	2.0	1.0	0.0	10.0	0.0	0.0	0.0	0.0	0.0	0.0	0.0	0.0	2.0	2.0	2.25999999046	26.2792696953	0.0	8.14000034332	0.988104191126	1.0	1
1.0	109.576797485	1.0	1.0	801.280639648	1.0	1.0	0.0	10.0	0.0	0.0	0.0	0.0	0.0	0.0	0.0	0.0	2.0	6.0	2.25999999046	140.53715992	3.0	8.14000034332	0.278121060121	1.0	1
1.0	1954.58093262	1.0	1.0	2187.42871094	1.0	1.0	21.709010601	0.0	0.0288048535585	-0.963122844696	0.267515897751	0.987287994757	5.20839335089	-55.7321014404	-18.7161006927	2.97112989426	0.957601189613	27.0	2.25999999046	723.252241135	12.0	26.6000003815	0.991148022171	1.0	1
1.0	1658.72314453	1.0	1.0	1469.70007324	1.0	1.0	17.1387004852	0.0	0.0288048535585	-0.963122844696	0.267515897751	0.987287994757	1.9699757711	-55.7321014404	-18.7161006927	2.97112989426	0.957601189613	20.0	5.59999990463	600.996433258	12.0	27.3600006104	0.811413332875	1.0	1
1.0	280.790588379	2.0	2.0	1772.40649414	1.0	1.0	0.0	10.0	0.0	0.0	0.0	0.0	0.0	0.0	0.0	0.0	2.0	13.0	2.25999999046	302.783262253	3.0	8.14000034332	0.989968509627	1.0	1
1.0	33.7515983582	1.0	1.0	1441.47424316	2.0	1.0	0.0	10.0	0.0	0.0	0.0	0.0	0.0	0.0	0.0	0.0	2.0	3.0	22.1000003815	47.4610188007	0.0	29.1200008392	-1.0	0.0	1
1.0	1631.32739258	3.0	1.0	3709.86425781	16.0	4.0	0.0	10.0	0.0	0.0	0.0	0.0	0.0	0.0	0.0	0.0	2.0	17.0	7.96000003815	368.262018919	0.0	35.3600006104	0.156896427633	1.0	1
1.0	98.9987945557	2.0	1.0	2142.08618164	1.0	1.0	0.0	10.0	0.0	0.0	0.0	0.0	0.0	0.0	0.0	0.0	2.0	2.0	32.8400001526	50.0	0.0	32.8400001526	-1.0	0.0	1
1.0	471.481994629	3.0	1.0	3133.3112793	5.0	1.0	0.0	10.0	0.0	0.0	0.0	0.0	0.0	0.0	0.0	0.0	2.0	2.0	32.8400001526	50.0	0.0	32.8400001526	0.0599281035291	1.0	1
1.0	134.130599976	1.0	1.0	1886.85791016	1.0	1.0	0.0	10.0	0.0	0.0	0.0	0.0	0.0	0.0	0.0	0.0	2.0	3.0	25.7399997711	72.0	0.0	34.6399993896	-1.0	0.0	1
1.0	1779.81054688	3.0	1.0	5483.87939453	11.0	5.0	37.0	0.0	0.00261063501239	-0.988874018192	-0.14873239398	3.10084521554	33.665089586	-59.5628013611	-17.1874008179	-5.83011007309	0.177921846509	30.0	6.32000017166	742.0	1.0	13.8999996185	0.507977432898	1.0	1
1.0	809.942871094	1.0	1.0	2395.00708008	1.0	1.0	0.0	10.0	0.0	0.0	0.0	0.0	0.0	0.0	0.0	0.0	2.0	13.0	22.7800006866	364.0	0.0	38.6800003052	0.153770522264	1.0	1
1.0	1057.56933594	2.0	1.0	1132.37207031	4.0	4.0	0.0	10.0	0.0	0.0	0.0	0.0	0.0	0.0	0.0	0.0	2.0	12.0	10.5799999237	342.0	1.0	13.8999996185	0.099667994625	1.0	1
1.0	858.952026367	2.0	1.0	1251.02624512	3.0	2.0	0.0	10.0	0.0	0.0	0.0	0.0	0.0	0.0	0.0	0.0	2.0	12.0	10.5799999237	322.0	0.0	35.4599990845	0.153770522264	1.0	1
1.0	187.033004761	1.0	1.0	1816.19226074	1.0	1.0	0.0	10.0	0.0	0.0	0.0	0.0	0.0	0.0	0.0	0.0	2.0	3.0	23.3600006104	89.0	0.0	36.1800003052	-1.0	0.0	1
1.0	916.708984375	5.0	1.0	4384.2109375	14.0	2.0	0.0	10.0	0.0	0.0	0.0	0.0	0.0	0.0	0.0	0.0	2.0	13.0	5.90000009537	294.0	9.0	22.6800003052	0.623065349572	1.0	1
1.0	1706.6784668	2.0	1.0	4070.43798828	17.0	2.0	18.0	0.0	-0.0187777131796	-0.152882859111	0.988065838814	3.28757890962	30.7720858027	-64.0382995605	-15.279250145	-7.92344474792	0.82770383358	30.0	5.90000009537	635.0	6.0	22.6800003052	0.967072710473	1.0	1
1.0	1026.22241211	1.0	0.0	563.561401367	2.0	0.0	0.0	10.0	0.0	0.0	0.0	0.0	0.0	0.0	0.0	0.0	2.0	0.0	0.0	0.0	0.0	0.0	0.00181858925063	1.0	1
1.0	802.273986816	1.0	1.0	2496.64892578	1.0	1.0	18.0	0.0	-0.0187777131796	-0.152882859111	0.988065838814	3.28757890962	1.54363134137	-64.0382995605	-15.279250145	-7.92344474792	0.82770383358	14.0	5.90000009537	428.0	10.0	22.6800003052	0.568294378355	1.0	1
1.0	660.768676758	1.0	1.0	2009.37805176	1.0	1.0	18.0	0.0	-0.0187777131796	-0.152882859111	0.988065838814	3.28757890962	1.54363134137	-64.0382995605	-15.279250145	-7.92344474792	0.82770383358	15.0	7.0	387.0	6.0	22.6800003052	0.537049566998	1.0	1
1.0	77.9560012817	1.0	1.0	1866.07165527	1.0	1.0	0.0	10.0	0.0	0.0	0.0	0.0	0.0	0.0	0.0	0.0	2.0	2.0	32.5200004578	79.0	0.0	32.5200004578	-1.0	0.0	1
1.0	511.586395264	2.0	0.0	315.478088379	4.0	0.0	0.0	10.0	0.0	0.0	0.0	0.0	0.0	0.0	0.0	0.0	2.0	0.0	0.0	0.0	0.0	0.0	0.00181858925063	1.0	1
1.0	1501.86791992	1.0	1.0	125.460502625	3.0	2.0	0.0	10.0	0.0	0.0	0.0	0.0	0.0	0.0	0.0	0.0	2.0	4.0	21.5200004578	136.0	0.0	32.5200004578	0.950795143195	1.0	1
1.0	1193.69812012	2.0	2.0	2995.2175293	2.0	1.0	29.0	0.0	0.00273450277746	-0.989324212074	-0.14570581913	2.37254628368	23.3551495969	-58.8251495361	-15.5203495026	-1.16679000854	0.190062701702	18.0	4.15999984741	580.0	8.0	37.2599983215	0.51167779819	1.0	1
1.0	338.621398926	1.0	1.0	616.340515137	6.0	2.0	0.0	10.0	0.0	0.0	0.0	0.0	0.0	0.0	0.0	0.0	2.0	2.0	30.0400009155	76.0	0.0	33.4199981689	0.974262471608	1.0	1
1.0	416.577392578	1.0	1.0	1783.24377441	3.0	2.0	0.0	10.0	0.0	0.0	0.0	0.0	0.0	0.0	0.0	0.0	2.0	9.0	10.1599998474	302.0	4.0	22.7999992371	0.507977432898	1.0	1
1.0	427.539978027	1.0	1.0	313.042694092	3.0	1.0	0.0	10.0	0.0	0.0	0.0	0.0	0.0	0.0	0.0	0.0	2.0	1.0	30.0400009155	32.0	0.0	30.0400009155	0.966747287784	1.0	1
1.0	427.539978027	1.0	1.0	590.760681152	3.0	2.0	0.0	10.0	0.0	0.0	0.0	0.0	0.0	0.0	0.0	0.0	2.0	4.0	22.7999992371	138.0	1.0	22.7999992371	0.932209671682	1.0	1
1.0	1476.28869629	1.0	1.0	1799.08007812	6.0	2.0	29.0	0.0	0.00273450277746	-0.989324212074	-0.14570581913	2.37254628368	23.3551495969	-58.8251495361	-15.5203495026	-1.16679000854	0.190062701702	12.0	4.15999984741	219.0	3.0	7.67999982834	0.967072710473	1.0	1
1.0	7.48998022079	1.0	1.0	1891.21948242	1.0	1.0	0.0	10.0	0.0	0.0	0.0	0.0	0.0	0.0	0.0	0.0	2.0	2.0	32.0999984741	17.0	0.0	33.0	-1.0	0.0	1
1.0	1594.11706543	2.0	2.0	2261.97290039	11.0	2.0	0.0	10.0	0.0	0.0	0.0	0.0	0.0	0.0	0.0	0.0	2.0	16.0	9.0	353.0	4.0	22.1599998474	0.974262471608	1.0	1
1.0	969.952087402	3.0	2.0	2652.70068359	8.0	2.0	0.0	10.0	0.0	0.0	0.0	0.0	0.0	0.0	0.0	0.0	2.0	12.0	16.7999992371	293.0	7.0	27.9400005341	0.739783051274	1.0	1
1.0	1632.81518555	4.0	2.0	4608.83105469	5.0	2.0	3.0	0.0	0.999852061272	0.0	0.0171968210489	3.25633326916	15.9990734786	-62.6739501953	-15.0419998169	-6.63348484039	0.156550765038	25.0	8.15999984741	675.0	6.0	27.9400005341	0.971028552005	1.0	1
1.0	650.379699707	1.0	1.0	1091.04003906	4.0	2.0	0.0	10.0	0.0	0.0	0.0	0.0	0.0	0.0	0.0	0.0	2.0	2.0	16.7999992371	36.0	2.0	27.8400001526	0.0798297691111	1.0	1
1.0	44.9398994446	1.0	1.0	1244.58459473	4.0	1.0	0.0	10.0	0.0	0.0	0.0	0.0	0.0	0.0	0.0	0.0	2.0	2.0	16.7999992371	36.0	0.0	19.8400001526	0.0798297691111	1.0	1
1.0	1147.21508789	2.0	1.0	429.424987793	4.0	3.0	3.0	0.0	0.999852061272	0.0	0.0171968210489	3.25633326916	10.6103026219	-62.6739501953	-15.0419998169	-6.63348484039	0.156550765038	6.0	8.15999984741	106.0	2.0	27.9400005341	0.515359278007	1.0	1
1.0	82.6514968872	1.0	1.0	1807.06323242	1.0	1.0	0.0	10.0	0.0	0.0	0.0	0.0	0.0	0.0	0.0	0.0	2.0	3.0	11.8400001526	59.0	0.0	18.4200000763	-1.0	0.0	1
1.0	21.3400993347	1.0	1.0	2028.49462891	1.0	1.0	0.0	10.0	0.0	0.0	0.0	0.0	0.0	0.0	0.0	0.0	2.0	1.0	21.1000003815	20.0	0.0	21.1000003815	-1.0	0.0	1
1.0	819.222412109	3.0	2.0	4995.95214844	13.0	1.0	11.0	1.56508468472	0.419634640217	-0.531750321388	0.735627889633	0.0	31.746922141	-61.3805503845	-17.7185497284	-0.442945510149	0.161124005914	33.0	8.0	705.0	0.0	32.5800018311	0.158648504297	1.0	1
1.0	2071.17480469	1.0	1.0	893.912719727	6.0	6.0	0.0	10.0	0.0	0.0	0.0	0.0	0.0	0.0	0.0	0.0	2.0	38.0	5.15999984741	576.0	0.0	30.0	0.0549446086892	1.0	1
1.0	1168.96228027	2.0	1.0	237.111907959	3.0	2.0	0.0	10.0	0.0	0.0	0.0	0.0	0.0	0.0	0.0	0.0	2.0	4.0	8.0	47.0	0.0	30.0	0.0549446086892	1.0	1
1.0	72.5467987061	1.0	1.0	1367.58483887	1.0	1.0	0.0	10.0	0.0	0.0	0.0	0.0	0.0	0.0	0.0	0.0	2.0	3.0	27.4599990845	55.9863214493	0.0	32.9599990845	-1.0	0.0	1
1.0	162.898208618	3.0	3.0	530.463378906	2.0	2.0	0.0	10.0	0.0	0.0	0.0	0.0	0.0	0.0	0.0	0.0	2.0	10.0	7.38000011444	199.072260976	0.0	19.1800003052	0.353240131186	1.0	1
1.0	213.020797729	3.0	3.0	2892.48681641	1.0	1.0	0.0	10.0	0.0	0.0	0.0	0.0	0.0	0.0	0.0	0.0	2.0	9.0	9.03999996185	229.39446032	1.0	19.3400001526	0.25156233795	1.0	1
1.0	204.666992188	2.0	2.0	1253.06274414	2.0	2.0	0.0	10.0	0.0	0.0	0.0	0.0	0.0	0.0	0.0	0.0	2.0	6.0	13.7399997711	177.978399277	2.0	19.3400001526	0.415011608354	1.0	1
1.0	695.449645996	1.0	1.0	1729.22729492	2.0	2.0	0.0	10.0	0.0	0.0	0.0	0.0	0.0	0.0	0.0	0.0	2.0	10.0	9.22000026703	181.933620334	0.0	19.1800003052	0.4933869361	1.0	1
1.0	70.4271011353	1.0	1.0	1006.32629395	3.0	1.0	0.0	10.0	0.0	0.0	0.0	0.0	0.0	0.0	0.0	0.0	2.0	5.0	19.8799991608	49.5910696983	0.0	28.7399997711	-1.0	0.0	1
1.0	295.794006348	4.0	3.0	2436.77783203	13.0	3.0	0.953673005104	3.72522486066	0.505121588707	-0.741973161697	-0.44082647562	0.0	20.9338339258	-64.7559967041	-8.47459983826	-1.74870991707	0.482123076916	4.0	18.0	30.5175409317	0.0	20.7199993134	0.0524039522483	1.0	1
1.0	111.118301392	2.0	2.0	1236.38781738	4.0	2.0	0.0	10.0	0.0	0.0	0.0	0.0	0.0	0.0	0.0	0.0	2.0	7.0	12.6800003052	90.5990710258	0.0	28.7399997711	0.014304139044	1.0	1
1.0	428.823364258	3.0	3.0	1377.24145508	4.0	4.0	0.953673005104	3.72522486066	0.505121588707	-0.741973161697	-0.44082647562	0.0	20.9338339258	-64.7559967041	-8.47459983826	-1.74870991707	0.482123076916	14.0	7.44000005722	215.530155659	1.0	9.38000011444	0.0381284576818	1.0	1
1.0	167.460006714	5.0	5.0	1837.36584473	4.0	4.0	0.953673005104	3.72522486066	0.505121588707	-0.741973161697	-0.44082647562	0.0	20.9338339258	-64.7559967041	-8.47459983826	-1.74870991707	0.482123076916	15.0	7.44000005722	215.530272841	2.0	13.4200000763	0.0381284576818	1.0	1
1.0	141.263000488	1.0	1.0	1880.86560059	1.0	1.0	0.0	10.0	0.0	0.0	0.0	0.0	0.0	0.0	0.0	0.0	2.0	2.0	32.9399986267	91.637802124	0.0	37.1199989319	-1.0	0.0	1
1.0	2111.01318359	5.0	2.0	5307.68701172	14.0	7.0	76.7776209116	0.0	0.0364872515202	-0.997944891453	0.052676782012	25.4249287502	22.4297262767	-62.3065986633	-15.6338996887	-9.22535514832	0.0428169667721	27.0	4.21999979019	744.247244835	13.0	25.8799991608	0.997931072713	1.0	1
1.0	577.751037598	1.0	1.0	1725.31677246	4.0	1.0	0.0	10.0	0.0	0.0	0.0	0.0	0.0	0.0	0.0	0.0	2.0	13.0	5.17999982834	317.0172925	2.0	17.4400005341	0.165637029257	1.0	1
1.0	1961.8137207	6.0	3.0	5683.86132812	16.0	7.0	99.0679210424	0.0	0.0364872515202	-0.997944891453	0.052676782012	2.59424926365	22.4297262767	-62.3065986633	-15.6338996887	-9.22535514832	0.0428169667721	24.0	4.21999979019	766.537691116	12.0	25.1200008392	0.995023120592	1.0	1
1.0	1012.65100098	1.0	1.0	1880.86560059	1.0	1.0	0.0	10.0	0.0	0.0	0.0	0.0	0.0	0.0	0.0	0.0	2.0	10.0	4.21999979019	434.660404205	6.0	25.1200008392	0.300061330574	1.0	1
1.0	1320.57299805	1.0	1.0	3198.26416016	1.0	1.0	27.2436505556	0.0	0.0363937579095	-0.997950732708	0.0526303015649	5.99236670354	28.830923814	-64.5203475952	-9.58841514587	-12.4239501953	0.917845010757	17.0	4.21999979019	656.324537754	5.0	25.8799991608	0.987449482453	1.0	1
1.0	1736.42700195	1.0	1.0	1961.81396484	1.0	1.0	3.71505010128	0.0	0.99683457613	0.0361115708947	0.070830181241	2.79941056042	0.0	-61.8090515137	-14.0466995239	-9.26864528656	0.961619734764	18.0	4.21999979019	471.810946226	7.0	17.4400005341	0.961301587079	1.0	1
1.0	2096.7277832	1.0	1.0	1938.00561523	1.0	1.0	26.0053005219	0.0	0.0363937579095	-0.997950732708	0.0526303015649	5.99236670354	0.0	-64.5203475952	-9.58841514587	-12.4239501953	0.917845010757	13.0	4.21999979019	278.628393888	5.0	25.0599994659	0.983551493189	1.0	1
1.0	1445.96411133	1.0	1.0	2396.71484375	1.0	1.0	0.0	10.0	0.0	0.0	0.0	0.0	0.0	0.0	0.0	0.0	2.0	12.0	4.21999979019	499.054544449	6.0	25.1200008392	0.706032115652	1.0	1
1.0	1623.73388672	1.0	1.0	2603.05371094	1.0	1.0	27.2436505556	0.0	0.0363937579095	-0.997950732708	0.0526303015649	5.99236670354	28.830923814	-64.5203475952	-9.58841514587	-12.4239501953	0.917845010757	3.0	15.3999996185	81.7310009003	3.0	19.6599998474	0.979486479189	1.0	1
1.0	46.4799003601	1.0	1.0	1510.59887695	2.0	1.0	0.0	10.0	0.0	0.0	0.0	0.0	0.0	0.0	0.0	0.0	2.0	3.0	19.6000003815	37.7050499916	2.0	23.4599990845	-1.0	0.0	1
1.0	245.679504395	2.0	2.0	1337.9597168	4.0	1.0	0.0	10.0	0.0	0.0	0.0	0.0	0.0	0.0	0.0	0.0	2.0	14.0	2.59999990463	204.521501541	8.0	19.9200000763	0.71479676305	1.0	1
1.0	335.319488525	3.0	2.0	750.319458008	3.0	1.0	0.0	10.0	0.0	0.0	0.0	0.0	0.0	0.0	0.0	0.0	2.0	4.0	2.59999990463	43.417951107	1.0	2.59999990463	0.703437315215	1.0	1
1.0	253.979492188	2.0	2.0	1264.91882324	2.0	1.0	0.0	10.0	0.0	0.0	0.0	0.0	0.0	0.0	0.0	0.0	2.0	9.0	9.77999973297	126.826131344	7.0	24.3799991608	0.536945242328	1.0	1
1.0	327.019500732	2.0	2.0	742.019165039	3.0	2.0	0.0	10.0	0.0	0.0	0.0	0.0	0.0	0.0	0.0	0.0	2.0	13.0	3.72000002861	210.234259605	5.0	23.4599990845	0.965185293248	1.0	1
1.0	214.13961792	3.0	3.0	2194.51855469	2.0	1.0	0.0	10.0	0.0	0.0	0.0	0.0	0.0	0.0	0.0	0.0	2.0	18.0	3.48000001907	325.634821892	6.0	23.4599990845	0.749227585198	1.0	1
1.0	35.4169998169	1.0	1.0	1748.31359863	1.0	1.0	0.0	10.0	0.0	0.0	0.0	0.0	0.0	0.0	0.0	0.0	2.0	3.0	30.2600002289	46.8457102776	0.0	34.9199981689	-1.0	0.0	1
1.0	400.856201172	3.0	2.0	1907.69128418	10.0	2.0	0.0	10.0	0.0	0.0	0.0	0.0	0.0	0.0	0.0	0.0	2.0	7.0	11.3000001907	131.396449566	1.0	11.3000001907	0.0798103954655	1.0	1
1.0	58.947101593	1.0	1.0	1260.5604248	1.0	1.0	0.0	10.0	0.0	0.0	0.0	0.0	0.0	0.0	0.0	0.0	2.0	3.0	13.9600000381	45.1977214813	0.0	18.9200000763	-1.0	0.0	1
1.0	464.774810791	2.0	1.0	495.382507324	12.0	2.0	0.0	10.0	0.0	0.0	0.0	0.0	0.0	0.0	0.0	0.0	2.0	5.0	4.42000007629	71.7846412659	0.0	18.9200000763	0.0927863396705	1.0	1
1.0	65.8513031006	1.0	1.0	1936.34277344	1.0	1.0	0.0	10.0	0.0	0.0	0.0	0.0	0.0	0.0	0.0	0.0	2.0	2.0	12.779999733	21.0937399864	0.0	14.3800001144	-1.0	0.0	1
1.0	233.615386963	1.0	1.0	765.129882812	1.0	1.0	0.0	10.0	0.0	0.0	0.0	0.0	0.0	0.0	0.0	0.0	2.0	3.0	13.0	69.6093015671	2.0	16.4799995422	0.624902117828	1.0	1
1.0	772.969604492	1.0	1.0	286.923217773	5.0	3.0	0.0	10.0	0.0	0.0	0.0	0.0	0.0	0.0	0.0	0.0	2.0	11.0	6.76000022888	218.320319891	0.0	20.6200008392	0.90472376334	1.0	1
1.0	409.218994141	1.0	1.0	1596.11108398	2.0	1.0	36.914100647	0.0	0.0343345850706	-0.967949390411	0.248786896467	6.31923806921	27.8417299439	-63.2817497253	-11.2110996246	-0.739734530449	0.213050141931	5.0	4.98000001907	145.546899796	4.0	16.4599990845	0.146592344333	1.0	1
1.0	445.280609131	1.0	1.0	230.479614258	3.0	2.0	0.0	10.0	0.0	0.0	0.0	0.0	0.0	0.0	0.0	0.0	2.0	6.0	12.779999733	75.9374196529	0.0	20.6200008392	0.90472376334	1.0	1
1.0	36.4306983948	1.0	0.0	1772.95837402	1.0	0.0	0.0	10.0	0.0	0.0	0.0	0.0	0.0	0.0	0.0	0.0	2.0	0.0	0.0	0.0	0.0	0.0	0.00181858925063	0.0	1
1.0	538.364685059	1.0	1.0	3558.06030273	7.0	3.0	22.7466001511	0.0	0.997143685818	0.0	0.0755284577608	1.0468898032	29.7892622682	-57.373550415	-18.3043994904	1.81308507919	0.914473116398	7.0	5.07999992371	84.4872698784	2.0	21.6800003052	0.125257183838	1.0	1
1.0	60.7178001404	2.0	1.0	1803.99145508	2.0	1.0	0.0	10.0	0.0	0.0	0.0	0.0	0.0	0.0	0.0	0.0	2.0	2.0	25.2199993134	34.119799614	0.0	28.3199996948	0.161061237719	1.0	1
1.0	595.034484863	2.0	2.0	759.64630127	4.0	4.0	10.5608997345	0.0	0.997143685818	0.0	0.0755284577608	1.0468898032	1.43126978631	-57.373550415	-18.3043994904	1.81308507919	0.914473116398	7.0	5.07999992371	90.9864015579	0.0	30.7600002289	0.184702454273	1.0	1
1.0	538.364685059	1.0	1.0	2720.15527344	1.0	1.0	12.1856597662	0.0	0.997143685818	0.0	0.0755284577608	1.0468898032	18.9229087894	-57.373550415	-18.3043994904	1.81308507919	0.914473116398	9.0	5.07999992371	112.108170033	2.0	21.6800003052	0.133245222685	1.0	1
1.0	1236.80749512	1.0	1.0	5687.96191406	14.0	2.0	39.5508191586	0.0	0.00760397687554	-0.965320706367	0.260956406593	0.0	39.579992492	-63.1814498901	-10.5640506744	-3.96772480011	0.955761551857	18.0	23.7800006866	468.017642975	13.0	37.8400001526	0.989800320208	1.0	1
1.0	791.354797363	3.0	1.0	20.2479000092	1.0	1.0	0.0	10.0	0.0	0.0	0.0	0.0	0.0	0.0	0.0	0.0	2.0	1.0	35.8600006104	22.4120998383	0.0	35.8600006104	0.910304314056	1.0	1
1.0	818.351806641	1.0	1.0	5036.65576172	16.0	3.0	39.5508191586	0.0	0.00760397687554	-0.965320706367	0.260956406593	0.0	38.1781807624	-63.1814498901	-10.5640506744	-3.96772480011	0.955761551857	24.0	23.1399993896	544.48256135	14.0	38.6800003052	0.979323753535	1.0	1
1.0	48.9323997498	2.0	2.0	2343.69042969	1.0	1.0	0.0	10.0	0.0	0.0	0.0	0.0	0.0	0.0	0.0	0.0	2.0	6.0	30.4599990845	146.337899208	1.0	39.0600013733	0.201547921009	1.0	1
1.0	1442.66162109	1.0	0.0	1005.64379883	2.0	0.0	0.0	10.0	0.0	0.0	0.0	0.0	0.0	0.0	0.0	0.0	2.0	0.0	0.0	0.0	0.0	0.0	0.00181858925063	1.0	1
1.0	1415.66418457	1.0	1.0	2600.16259766	2.0	2.0	5.27343988419	0.0	0.00760397687554	-0.965320706367	0.260956406593	0.0	14.2668111586	-63.1814498901	-10.5640506744	-3.96772480011	0.955761551857	26.0	23.1399993896	644.677865624	13.0	38.6800003052	0.991286275751	1.0	1
1.0	598.999511719	1.0	1.0	619.247009277	4.0	2.0	0.0	10.0	0.0	0.0	0.0	0.0	0.0	0.0	0.0	0.0	2.0	5.0	25.4799995422	113.378899574	3.0	36.9799995422	0.684300489844	1.0	1
1.0	1312.73693848	1.0	1.0	1165.94006348	1.0	1.0	5.27343988419	0.0	0.00760397687554	-0.965320706367	0.260956406593	0.0	7.02041048159	-63.1814498901	-10.5640506744	-3.96772480011	0.955761551857	15.0	26.3999996185	460.107424378	7.0	39.0600013733	0.983868133052	1.0	1
1.0	37.9346008301	1.0	0.0	1564.35070801	1.0	0.0	0.0	10.0	0.0	0.0	0.0	0.0	0.0	0.0	0.0	0.0	2.0	0.0	0.0	0.0	0.0	0.0	0.00181858925063	0.0	1
1.0	317.92791748	1.0	1.0	971.848693848	7.0	2.0	0.0	10.0	0.0	0.0	0.0	0.0	0.0	0.0	0.0	0.0	2.0	6.0	15.2600002289	95.9764003754	5.0	26.4799995422	0.889296983521	1.0	1
1.0	30.7089004517	1.0	1.0	1858.7947998	1.0	1.0	0.0	10.0	0.0	0.0	0.0	0.0	0.0	0.0	0.0	0.0	2.0	4.0	15.2600002289	106.523398399	2.0	20.2600002289	0.329950676909	1.0	1
1.0	135.481002808	1.0	1.0	1896.7298584	2.0	1.0	0.0	10.0	0.0	0.0	0.0	0.0	0.0	0.0	0.0	0.0	2.0	3.0	26.4799995422	101.25	1.0	26.4799995422	0.084175342706	1.0	1
1.0	623.211303711	1.0	0.0	574.43762207	2.0	0.0	0.0	10.0	0.0	0.0	0.0	0.0	0.0	0.0	0.0	0.0	2.0	0.0	0.0	0.0	0.0	0.0	0.00181858925063	1.0	1
1.0	90.654800415	1.0	1.0	1889.4362793	1.0	1.0	0.0	10.0	0.0	0.0	0.0	0.0	0.0	0.0	0.0	0.0	2.0	3.0	23.4400005341	46.4062798023	0.0	30.2600002289	-1.0	0.0	1
1.0	889.05279541	6.0	1.0	2174.1237793	12.0	1.0	0.0	10.0	0.0	0.0	0.0	0.0	0.0	0.0	0.0	0.0	2.0	1.0	30.2600002289	18.9843997955	0.0	30.2600002289	0.814098007756	1.0	1
1.0	858.834350586	2.0	2.0	916.090393066	2.0	1.0	0.0	10.0	0.0	0.0	0.0	0.0	0.0	0.0	0.0	0.0	2.0	10.0	20.5599994659	217.265498161	0.0	31.9599990845	0.634449239582	1.0	1
1.0	542.338195801	3.0	3.0	1716.07873535	2.0	2.0	0.0	10.0	0.0	0.0	0.0	0.0	0.0	0.0	0.0	0.0	2.0	17.0	13.3400001526	335.390609264	5.0	34.5999984741	0.711991110118	1.0	1
1.0	586.870300293	2.0	2.0	982.88885498	4.0	2.0	0.0	10.0	0.0	0.0	0.0	0.0	0.0	0.0	0.0	0.0	2.0	5.0	15.1599998474	104.414040089	0.0	23.2199993134	0.329950760832	1.0	1
1.0	73.6533966064	1.0	1.0	1581.94848633	1.0	1.0	0.0	10.0	0.0	0.0	0.0	0.0	0.0	0.0	0.0	0.0	2.0	3.0	32.9399986267	24.2577803135	0.0	36.6800003052	-1.0	0.0	1
1.0	904.654846191	3.0	3.0	1183.25830078	6.0	2.0	0.0	10.0	0.0	0.0	0.0	0.0	0.0	0.0	0.0	0.0	2.0	11.0	11.6800003052	183.515632987	0.0	41.7200012207	0.162035626419	1.0	1
1.0	37.5640983582	1.0	1.0	1588.42370605	1.0	1.0	0.0	10.0	0.0	0.0	0.0	0.0	0.0	0.0	0.0	0.0	2.0	3.0	22.9799995422	41.132850647	0.0	27.7600002289	-1.0	0.0	1
1.0	1854.94970703	1.0	1.0	3783.23999023	12.0	4.0	29.5312700272	0.0	-0.120140112936	-0.98284637928	0.139926597476	3.68004799148	23.0601497786	-61.5137481689	-18.8896999359	-2.91710519791	0.716164469719	24.0	8.53999996185	585.351672292	2.0	8.93999958038	0.380617109228	1.0	1
1.0	1490.04199219	1.0	1.0	1944.38842773	2.0	2.0	10.5468702316	0.0	0.991378903389	-0.100885972381	0.0836059004068	3.68004799148	23.4105522164	-60.8968505859	-18.4211502075	-2.94520521164	0.899777591228	18.0	8.93999958038	446.132810116	1.0	8.93999958038	0.0316300466246	1.0	1
1.0	1872.83752441	1.0	1.0	1946.17736816	1.0	1.0	10.5468702316	0.0	0.991378903389	-0.100885972381	0.0836059004068	3.68004799148	23.4105522164	-60.8968505859	-18.4211502075	-2.94520521164	0.899777591228	15.0	8.93999958038	387.070394278	2.0	8.93999958038	0.0316300466246	1.0	1
1.0	1475.7310791	1.0	1.0	1618.83276367	1.0	1.0	0.0	10.0	0.0	0.0	0.0	0.0	0.0	0.0	0.0	0.0	2.0	15.0	8.93999958038	381.796943307	1.0	8.93999958038	0.0316300466246	1.0	1
1.0	51.8655014038	1.0	1.0	1396.04736328	1.0	1.0	0.0	10.0	0.0	0.0	0.0	0.0	0.0	0.0	0.0	0.0	2.0	3.0	21.5400009155	39.0234895945	0.0	26.7600002289	-1.0	0.0	1
1.0	2266.23291016	3.0	1.0	3355.41088867	8.0	5.0	75.9374189377	0.0	-0.00854967162013	-0.994447052479	0.104889847338	2.98453205754	43.9900848314	-65.4259490967	-3.12920498848	9.78332519531	0.967669785023	12.0	6.96000003815	387.070592523	5.0	22.2000007629	0.975696262936	1.0	1
1.0	1550.20031738	3.0	1.0	1761.98706055	7.0	1.0	0.0	10.0	0.0	0.0	0.0	0.0	0.0	0.0	0.0	0.0	2.0	1.0	20.6200008392	65.3906021118	1.0	20.6200008392	0.530344965302	1.0	1
1.0	1757.66247559	2.0	2.0	1629.44189453	8.0	2.0	0.0	10.0	0.0	0.0	0.0	0.0	0.0	0.0	0.0	0.0	2.0	7.0	18.1599998474	111.796901345	6.0	26.9799995422	0.98890741891	1.0	1
1.0	1627.99865723	2.0	2.0	1038.75158691	2.0	2.0	0.0	10.0	0.0	0.0	0.0	0.0	0.0	0.0	0.0	0.0	2.0	13.0	21.5400009155	433.476768374	6.0	26.9799995422	0.296665666619	1.0	1
1.0	1658.25354004	2.0	2.0	2319.54199219	1.0	1.0	14.7656002045	0.0	-0.995402991772	0.0	-0.0957750380039	4.35902255695	33.9887335567	-64.7169036865	-9.88611030579	-5.17565488815	0.87520301342	18.0	17.8799991608	579.023680925	6.0	27.8199996948	0.970383679934	1.0	1
1.0	1591.98095703	1.0	1.0	2335.38916016	1.0	1.0	0.0	10.0	0.0	0.0	0.0	0.0	0.0	0.0	0.0	0.0	2.0	20.0	18.8199996948	662.344011903	9.0	27.8199996948	0.0474254972274	1.0	1
1.0	1698.59338379	1.0	1.0	2094.79101562	1.0	1.0	0.0	10.0	0.0	0.0	0.0	0.0	0.0	0.0	0.0	0.0	2.0	14.0	18.8199996948	407.109489679	6.0	25.8199996948	0.981471174454	1.0	1
1.0	1499.7755127	1.0	1.0	2584.63208008	1.0	1.0	14.7656002045	0.0	-0.995402991772	0.0	-0.0957750380039	4.35902255695	0.0	-64.7169036865	-9.88611030579	-5.17565488815	0.87520301342	14.0	17.8799991608	530.508090615	10.0	27.8199996948	0.282170712732	1.0	1
1.0	61.9505004883	2.0	1.0	315.515136719	3.0	1.0	0.0	10.0	0.0	0.0	0.0	0.0	0.0	0.0	0.0	0.0	2.0	2.0	23.9200000763	53.7890987396	0.0	26.7600002289	0.989474241625	1.0	1
1.0	46.2490005493	2.0	0.0	1693.04492188	1.0	0.0	0.0	10.0	0.0	0.0	0.0	0.0	0.0	0.0	0.0	0.0	2.0	0.0	0.0	0.0	0.0	0.0	0.00181858925063	0.0	1
1.0	1007.56829834	1.0	1.0	3196.13842773	7.0	2.0	59.0625	0.0	1.0	0.0	0.0	2.10102343825	36.6234417997	-57.0392494202	-15.0006999969	1.46232998371	0.815130352974	9.0	7.51999998093	312.187269449	0.0	26.4799995422	0.287017073727	1.0	1
1.0	1007.56829834	1.0	1.0	1772.32971191	1.0	1.0	20.039100647	0.0	1.0	0.0	0.0	2.10102343825	1.12950134432	-57.0392494202	-15.0006999969	1.46232998371	0.815130352974	7.0	8.73999977112	196.171891212	0.0	26.4799995422	0.197751065232	1.0	1
1.0	976.184997559	1.0	1.0	2147.27685547	2.0	2.0	20.039100647	0.0	1.0	0.0	0.0	2.10102343825	1.12950134432	-57.0392494202	-15.0006999969	1.46232998371	0.815130352974	10.0	7.51999998093	345.937367678	0.0	28.8600006104	0.197751065232	1.0	1
1.0	1093.45947266	1.0	1.0	1460.14782715	1.0	1.0	20.039100647	0.0	1.0	0.0	0.0	2.10102343825	1.12950134432	-57.0392494202	-15.0006999969	1.46232998371	0.815130352974	11.0	7.51999998093	377.57796979	0.0	34.5600013733	0.197751065232	1.0	1
1.0	147.88999939	1.0	1.0	1847.84143066	1.0	1.0	0.0	10.0	0.0	0.0	0.0	0.0	0.0	0.0	0.0	0.0	2.0	2.0	29.2600002289	24.2577793598	0.0	32.2999992371	-1.0	0.0	1
1.0	1604.99108887	2.0	1.0	2946.89501953	6.0	2.0	24.2577707767	0.0	0.0	-0.995172917843	0.0981365442276	5.15884796353	27.9240466332	-61.5270004272	-12.6548995972	-5.77174472809	0.85290646553	13.0	6.96000003815	515.742245197	0.0	36.7799987793	0.353239603775	1.0	1
1.0	1457.10192871	1.0	1.0	2507.89648438	1.0	1.0	11.6015703678	0.0	0.0	-0.995172917843	0.0981365442276	5.15884796353	8.93407027588	-61.5270004272	-12.6548995972	-5.77174472809	0.85290646553	16.0	6.96000003815	498.867262125	0.0	32.5800018311	0.242898360508	1.0	1
1.0	1313.8828125	1.0	1.0	2459.63745117	1.0	1.0	2.10938000679	0.0	0.0	-0.995173811913	0.0981271415949	6.77677017115	8.12537559228	-61.5270004272	-11.7365493774	-7.26624488831	0.0110938251019	10.0	7.63999986649	380.742225409	0.0	32.2999992371	0.197751013113	1.0	1
1.0	378.286804199	1.0	1.0	2106.2590332	1.0	1.0	0.0	10.0	0.0	0.0	0.0	0.0	0.0	0.0	0.0	0.0	2.0	2.0	29.2600002289	24.2577793598	0.0	32.2999992371	0.105079661378	1.0	1
1.0	57.6016998291	1.0	1.0	1369.27600098	1.0	1.0	0.0	10.0	0.0	0.0	0.0	0.0	0.0	0.0	0.0	0.0	2.0	2.0	26.1800003052	16.8749802113	0.0	29.3600006104	-1.0	0.0	1
1.0	258.384887695	4.0	2.0	3184.55371094	7.0	2.0	0.0	10.0	0.0	0.0	0.0	0.0	0.0	0.0	0.0	0.0	2.0	4.0	12.6199998856	66.4452793598	0.0	29.3600006104	0.0368972927713	1.0	1
1.0	783.383972168	1.0	1.0	2455.48022461	1.0	1.0	21.09375	0.0	-0.991581976414	-0.0963236093521	-0.086527556181	1.85054805989	27.0763138189	-57.572052002	-13.2629499435	-2.09592485428	0.930096030235	10.0	2.25999999046	309.023028612	0.0	25.7199993134	0.084175342706	1.0	1
1.0	783.383972168	1.0	1.0	2652.97216797	1.0	1.0	21.09375	0.0	-0.991581976414	-0.0963236093521	-0.086527556181	1.85054805989	27.0763138189	-57.572052002	-13.2629499435	-2.09592485428	0.930096030235	10.0	2.25999999046	309.023028612	0.0	25.7199993134	0.0210906220281	1.0	1
1.0	783.383972168	1.0	1.0	2391.29614258	1.0	1.0	4.21875	0.0	0.127181693912	-0.972524881363	-0.194987595081	4.16963026827	26.5595356802	-58.2222518921	-11.6040000916	-3.30321502686	0.156669050455	9.0	2.25999999046	278.437129259	0.0	25.7199993134	0.0210906220281	1.0	1
1.0	874.825683594	1.0	1.0	726.445251465	6.0	1.0	0.0	10.0	0.0	0.0	0.0	0.0	0.0	0.0	0.0	0.0	2.0	1.0	14.3599996567	26.3672008514	0.0	14.3599996567	0.0684473073953	1.0	1
1.0	1607.45361328	1.0	1.0	1823.84216309	2.0	2.0	12.6562004089	0.0	-0.0354093946517	-0.998048305511	-0.0514371804893	2.58261180359	2.05293251192	-56.9513511658	-15.6506996155	-1.067710042	0.932365179062	13.0	6.98000001907	445.078318596	0.0	19.3999996185	0.063196667849	1.0	1
1.0	786.72479248	1.0	1.0	1230.32092285	4.0	4.0	16.8749504089	0.0	-0.0354093946517	-0.998048305511	-0.0514371804893	2.58261180359	31.8398933509	-56.9513511658	-15.6506996155	-1.067710042	0.932365179062	4.0	6.98000001907	119.179700851	0.0	14.3599996567	0.063196667849	1.0	1
1.0	1510.07910156	1.0	1.0	573.427978516	4.0	3.0	4.21875	2.43112934666	-0.00903840363026	-0.720477044582	-0.693419873714	3.61534503456	23.6678175669	-61.0646514893	-15.3166999817	-6.28844499588	0.545483767986	4.0	9.57999992371	92.8124890327	0.0	14.8400001526	0.0210906220281	1.0	1
1.0	51.5011978149	1.0	1.0	1930.5567627	1.0	1.0	0.0	10.0	0.0	0.0	0.0	0.0	0.0	0.0	0.0	0.0	2.0	3.0	17.0	44.2968800068	0.0	23.2199993134	-1.0	0.0	1
1.0	584.170471191	5.0	2.0	2692.77319336	5.0	1.0	0.0	10.0	0.0	0.0	0.0	0.0	0.0	0.0	0.0	0.0	2.0	6.0	10.2600002289	171.914141417	0.0	27.8600006104	0.167166231035	1.0	1
1.0	576.813110352	2.0	1.0	1049.1517334	4.0	1.0	0.0	10.0	0.0	0.0	0.0	0.0	0.0	0.0	0.0	0.0	2.0	3.0	10.2600002289	50.6250813007	0.0	23.2199993134	0.026361090704	1.0	1
1.0	512.068908691	2.0	2.0	1923.19934082	1.0	1.0	0.0	10.0	0.0	0.0	0.0	0.0	0.0	0.0	0.0	0.0	2.0	7.0	10.2600002289	182.461041212	0.0	27.8600006104	0.026361090704	1.0	1
1.0	865.219360352	1.0	1.0	2917.90649414	1.0	1.0	0.0	10.0	0.0	0.0	0.0	0.0	0.0	0.0	0.0	0.0	2.0	13.0	10.2600002289	313.242332935	0.0	27.8600006104	0.026361090704	1.0	1
1.0	42.5466995239	1.0	1.0	1703.1973877	1.0	1.0	0.0	10.0	0.0	0.0	0.0	0.0	0.0	0.0	0.0	0.0	2.0	3.0	27.6000003815	42.1875	0.0	30.6399993896	-1.0	0.0	1
1.0	304.475280762	2.0	1.0	2744.26245117	10.0	1.0	0.0	10.0	0.0	0.0	0.0	0.0	0.0	0.0	0.0	0.0	2.0	5.0	26.2800006866	117.070298195	0.0	34.7000007629	0.105079661378	1.0	1
1.0	11.2042999268	1.0	0.0	1788.48828125	1.0	0.0	0.0	10.0	0.0	0.0	0.0	0.0	0.0	0.0	0.0	0.0	2.0	0.0	0.0	0.0	0.0	0.0	0.00181858925063	0.0	1
1.0	610.635009766	4.0	2.0	2581.19360352	9.0	1.0	15.8203001022	1.2340178154	0.0973554030061	-0.531999826431	0.84112906456	1.00862768753	41.1118395308	-59.7362976074	-14.2446498871	1.3764564991	0.644428193569	12.0	23.5	230.976519346	0.0	38.0400009155	0.0998613018101	1.0	1
1.0	95.6305007935	1.0	1.0	1521.55004883	1.0	1.0	0.0	10.0	0.0	0.0	0.0	0.0	0.0	0.0	0.0	0.0	2.0	2.0	25.7600002289	17.9296503067	0.0	27.6200008392	-1.0	0.0	1
1.0	998.997619629	2.0	1.0	3254.85302734	9.0	2.0	53.7890510559	0.0	0.997518718243	0.034220892936	0.0615253970027	1.86061964932	28.8451137696	-55.5904006958	-15.3193492889	-2.71236991882	0.841368019581	11.0	5.92000007629	333.281145692	8.0	24.1399993896	0.981854387524	1.0	1
1.0	751.3828125	1.0	1.0	823.106140137	10.0	2.0	0.0	10.0	0.0	0.0	0.0	0.0	0.0	0.0	0.0	0.0	2.0	4.0	0.939999997616	88.5937906504	3.0	24.1399993896	0.920543550912	1.0	1
1.0	655.752319336	3.0	1.0	1741.84191895	9.0	2.0	28.476600647	0.0	-0.0367092750967	0.997778534889	-0.055592238903	23.0505081882	1.79948408363	-65.3372497559	4.13265991211	-11.8228998184	0.307873517275	6.0	0.939999997616	185.624941468	6.0	24.1399993896	0.970992774813	1.0	1
1.0	175.891799927	1.0	1.0	2578.60913086	1.0	1.0	2.10938000679	0.0	0.99751740694	0.0342749282718	0.0615165345371	2.1392492621	0.0	-67.3088989258	7.80615997314	-9.16311454773	0.94176453352	4.0	12.2399997711	91.7577486038	2.0	22.1800003052	0.192678054412	1.0	1
1.0	671.121520996	1.0	1.0	724.059997559	4.0	3.0	0.0	10.0	0.0	0.0	0.0	0.0	0.0	0.0	0.0	0.0	2.0	5.0	6.40000009537	100.195351124	3.0	24.1399993896	0.967818199147	1.0	1
1.0	759.921325684	1.0	1.0	1361.02661133	3.0	2.0	7.38281011581	0.0	0.997518718243	0.034220892936	0.0615253970027	1.86061964932	11.7721316722	-55.5904006958	-15.3193492889	-2.71236991882	0.841368019581	4.0	8.07999992371	123.398352623	3.0	18.1200008392	0.727243384693	1.0	1
1.0	508.891296387	2.0	2.0	1405.42712402	1.0	1.0	2.10938000679	0.0	0.99751740694	0.0342749282718	0.0615165345371	2.1392492621	35.5104380561	-67.3088989258	7.80615997314	-9.16311454773	0.94176453352	4.0	12.2399997711	145.546949387	2.0	24.1399993896	0.37609889046	1.0	1
1.0	53.3130989075	1.0	1.0	1977.91479492	1.0	1.0	0.0	10.0	0.0	0.0	0.0	0.0	0.0	0.0	0.0	0.0	2.0	3.0	20.1200008392	54.8437798023	0.0	29.1800003052	-1.0	0.0	1
1.0	380.299377441	6.0	5.0	1544.30310059	7.0	2.0	0.0	10.0	0.0	0.0	0.0	0.0	0.0	0.0	0.0	0.0	2.0	9.0	10.2600002289	281.601784945	2.0	23.0599994659	0.429096874653	1.0	1
1.0	655.751403809	2.0	2.0	2047.22180176	1.0	1.0	23.2031202316	0.0	-0.0744219720364	-0.975079894066	-0.208999231458	4.62347118782	1.4805449212	-58.6771011353	-12.2400493622	-3.12651014328	0.608102142811	14.0	7.51999998093	344.882769465	2.0	15.2399997711	0.063196667849	1.0	1
1.0	1318.61071777	1.0	1.0	1755.77722168	4.0	4.0	0.0	10.0	0.0	0.0	0.0	0.0	0.0	0.0	0.0	0.0	2.0	15.0	10.2600002289	341.718746305	4.0	27.5	0.462884769742	1.0	1
1.0	367.860198975	2.0	2.0	2365.32373047	1.0	1.0	17.9296900034	0.0	-0.0744256153703	-0.975079655647	-0.208999067545	2.73453089678	22.4479772391	-57.6564025879	-13.5787506104	-1.86136007309	0.950827658176	11.0	0.939999997616	216.210873485	5.0	26.6200008392	0.618431459095	1.0	1
1.0	273.673706055	2.0	1.0	726.835083008	2.0	1.0	0.0	10.0	0.0	0.0	0.0	0.0	0.0	0.0	0.0	0.0	2.0	2.0	26.6200008392	53.7889995575	0.0	27.4599990845	0.980680412087	1.0	1
1.0	32.0028991699	1.0	1.0	1827.7208252	1.0	1.0	0.0	10.0	0.0	0.0	0.0	0.0	0.0	0.0	0.0	0.0	2.0	3.0	18.5400009155	29.531230092	0.0	25.3999996185	-1.0	0.0	1
1.0	387.590911865	2.0	2.0	2352.21142578	8.0	1.0	31.6406002045	0.0	-0.998787999153	-0.0325146913528	-0.0369503609836	1.79033232689	55.1777866063	-65.7924957275	6.26828479767	-4.52968978882	0.425458967686	9.0	9.47999954224	165.585883379	0.0	22.1200008392	0.156896236942	1.0	1
1.0	65.1530990601	1.0	1.0	2236.92797852	1.0	1.0	0.0	10.0	0.0	0.0	0.0	0.0	0.0	0.0	0.0	0.0	2.0	2.0	23.2600002289	23.2031497955	0.0	25.8199996948	-1.0	0.0	1
1.0	103.934898376	3.0	0.0	2232.27392578	9.0	0.0	0.0	10.0	0.0	0.0	0.0	0.0	0.0	0.0	0.0	0.0	2.0	0.0	0.0	0.0	0.0	0.0	0.00181858925063	1.0	1
1.0	117.896705627	1.0	1.0	761.671020508	1.0	1.0	0.0	10.0	0.0	0.0	0.0	0.0	0.0	0.0	0.0	0.0	2.0	2.0	27.8400001526	47.4610004425	2.0	30.5599994659	0.232948601199	1.0	1
1.0	117.896705627	1.0	0.0	553.801208496	2.0	0.0	0.0	10.0	0.0	0.0	0.0	0.0	0.0	0.0	0.0	0.0	2.0	0.0	0.0	0.0	0.0	0.0	0.00181858925063	1.0	1
1.0	183.049804688	1.0	1.0	2036.81347656	2.0	1.0	0.0	10.0	0.0	0.0	0.0	0.0	0.0	0.0	0.0	0.0	2.0	2.0	25.8199996948	72.7735004425	0.0	35.4599990845	0.441916576903	1.0	1
1.0	51.7757987976	1.0	0.0	1591.69006348	1.0	0.0	0.0	10.0	0.0	0.0	0.0	0.0	0.0	0.0	0.0	0.0	2.0	0.0	0.0	0.0	0.0	0.0	0.00181858925063	0.0	1
1.0	1753.69775391	4.0	2.0	3450.609375	10.0	4.0	30.5859203339	0.0	-0.0301971659064	-0.980879306793	-0.192259818316	3.80201291929	29.1215336255	-60.5643997192	-13.1159496307	3.81059002876	0.949862599373	19.0	1.51999998093	575.859562278	8.0	17.4400005341	0.977872779634	1.0	1
1.0	1154.09960938	1.0	1.0	2293.16870117	7.0	3.0	13.7109003067	3.62612739658	-0.0172309018672	0.385671019554	0.922475457191	5.17645908739	47.7822361327	-61.8953018188	-9.02218437195	14.0946998596	0.997263371944	11.0	11.7399997711	244.687543154	5.0	17.8199996948	0.734611418406	1.0	1
1.0	1282.70422363	3.0	1.0	3941.64501953	7.0	1.0	30.5859203339	0.0	-0.0301971659064	-0.980879306793	-0.192259818316	3.80201291929	29.1215336255	-60.5643997192	-13.1159496307	3.81059002876	0.949862599373	21.0	1.51999998093	671.835648537	9.0	17.8199996948	0.988432190423	1.0	1
1.0	1322.78869629	1.0	1.0	1426.34094238	1.0	1.0	0.0	10.0	0.0	0.0	0.0	0.0	0.0	0.0	0.0	0.0	2.0	12.0	9.69999980927	451.405971169	6.0	17.8199996948	0.7346114324	1.0	1
1.0	18.3721008301	1.0	1.0	836.764587402	1.0	1.0	0.0	10.0	0.0	0.0	0.0	0.0	0.0	0.0	0.0	0.0	2.0	3.0	15.720000267	28.4765897989	0.0	19.0599994659	0.975948192822	1.0	1
1.0	711.5	2.0	2.0	571.203613281	2.0	2.0	0.0	10.0	0.0	0.0	0.0	0.0	0.0	0.0	0.0	0.0	2.0	5.0	11.7399997711	122.343779564	4.0	17.8199996948	0.187595606265	1.0	1
1.0	51.7757987976	1.0	1.0	1342.83178711	2.0	1.0	0.0	10.0	0.0	0.0	0.0	0.0	0.0	0.0	0.0	0.0	2.0	3.0	1.51999998093	121.289078951	0.0	20.3999996185	0.966454773475	1.0	1
1.0	865.156738281	1.0	1.0	2137.84179688	1.0	1.0	0.0	10.0	0.0	0.0	0.0	0.0	0.0	0.0	0.0	0.0	2.0	13.0	1.51999998093	542.109355807	6.0	17.2999992371	0.192678397042	1.0	1
1.0	46.3051986694	1.0	1.0	2069.8449707	1.0	1.0	0.0	10.0	0.0	0.0	0.0	0.0	0.0	0.0	0.0	0.0	2.0	3.0	22.0	48.515610218	0.0	23.7800006866	-1.0	0.0	1
1.0	433.726074219	4.0	2.0	3252.17211914	10.0	2.0	30.585930109	0.0	0.989297032356	0.0952396765351	0.11054790765	1.11927941013	35.8346626449	-55.2691497803	-16.2285003662	0.397475987673	0.838540077209	8.0	4.69999980927	155.039011478	0.0	23.7800006866	0.0894090554317	1.0	1
1.0	1352.1151123	1.0	1.0	1250.24145508	2.0	2.0	16.875	0.0	0.989299297333	0.0952313616872	0.1105344221	3.62098115913	1.45614335157	-59.8101005554	-8.63049030304	-8.2726650238	0.996244966984	12.0	6.76000022888	262.617257595	0.0	27.8600006104	0.084175342706	1.0	1
1.0	2079.10693359	1.0	1.0	2029.71276855	2.0	2.0	45.3515403271	0.0	0.989297032356	0.0952396765351	0.11054790765	1.11927941013	23.5709715167	-55.2691497803	-16.2285003662	0.397475987673	0.838540077209	23.0	4.69999980927	827.929706573	0.0	31.7000007629	0.291848609619	1.0	1
1.0	1276.48266602	1.0	1.0	1355.20019531	1.0	1.0	16.875	0.0	0.989299297333	0.0952313616872	0.1105344221	3.62098115913	21.6225027065	-59.8101005554	-8.63049030304	-8.2726650238	0.996244966984	13.0	6.76000022888	420.820306778	0.0	31.7000007629	0.084175342706	1.0	1
1.0	52.6004981995	1.0	1.0	1407.83789062	1.0	1.0	0.0	10.0	0.0	0.0	0.0	0.0	0.0	0.0	0.0	0.0	2.0	2.0	29.1599998474	21.0937399864	0.0	30.1000003815	-1.0	0.0	1
1.0	66.9774017334	1.0	1.0	1600.76000977	1.0	1.0	0.0	10.0	0.0	0.0	0.0	0.0	0.0	0.0	0.0	0.0	2.0	1.0	17.4400005341	15.8203001022	0.0	17.4400005341	-1.0	0.0	1
1.0	112.187202454	2.0	1.0	2635.56103516	9.0	1.0	0.0	10.0	0.0	0.0	0.0	0.0	0.0	0.0	0.0	0.0	2.0	4.0	8.10000038147	52.734400034	0.0	15.8199996948	0.207863667452	1.0	1
1.0	449.03793335	4.0	4.0	4095.29785156	11.0	2.0	23.2031002045	0.0	0.00527478894219	-0.990970671177	0.133974969387	1.87148565915	51.6750570724	-63.1854019165	3.46762990952	10.8974494934	0.208953857422	8.0	10.6999998093	195.117171288	0.0	34.3400001526	0.151748389486	1.0	1
1.0	17.4951000214	1.0	0.0	1576.14587402	1.0	0.0	0.0	10.0	0.0	0.0	0.0	0.0	0.0	0.0	0.0	0.0	2.0	0.0	0.0	0.0	0.0	0.0	0.00181858925063	0.0	1
1.0	884.296508789	4.0	2.0	3389.2722168	8.0	1.0	63.2812004089	0.0	-0.997917532921	0.0	0.0645031258464	0.0	37.3568655054	-56.1342506409	-15.5221996307	3.07139492035	0.623734235764	19.0	2.72000002861	453.515593767	2.0	8.07999992371	0.483347832835	1.0	1
1.0	620.280090332	2.0	1.0	545.528015137	3.0	2.0	0.0	10.0	0.0	0.0	0.0	0.0	0.0	0.0	0.0	0.0	2.0	6.0	2.72000002861	149.765681505	0.0	11.6800003052	0.227954705865	1.0	1
1.0	847.716064453	1.0	1.0	1425.05200195	2.0	1.0	23.2031002045	0.0	0.997917532921	0.0	-0.0645031258464	1.09157525886	1.42509113489	-56.1342506409	-15.5221996307	3.07139492035	0.910166025162	15.0	2.72000002861	384.960902333	0.0	18.8199996948	0.115497780889	1.0	1
1.0	884.296508789	1.0	1.0	1658.85021973	3.0	3.0	23.2031002045	0.0	0.997917532921	0.0	-0.0645031258464	1.09157525886	23.4833665785	-56.1342506409	-15.5221996307	3.07139492035	0.910166025162	14.0	2.81999993324	339.609220624	0.0	18.8199996948	0.115497780889	1.0	1
1.0	34.6455001831	1.0	1.0	1766.91748047	1.0	1.0	0.0	10.0	0.0	0.0	0.0	0.0	0.0	0.0	0.0	0.0	2.0	1.0	13.6599998474	2.10938000679	0.0	13.6599998474	-1.0	0.0	1
1.0	893.249938965	4.0	2.0	4854.88330078	9.0	2.0	45.3514896631	0.0	0.0103258192539	0.966935396194	-0.254812479019	1.77077738356	31.0322491657	-53.6549987793	-14.720700264	-2.58600997925	0.841828584671	12.0	2.72000002861	392.343741179	1.0	15.6000003815	0.380616544992	1.0	1
1.0	804.376708984	1.0	1.0	2524.59887695	3.0	1.0	13.7109003067	0.0	0.0103258192539	0.966935396194	-0.254812479019	1.77077738356	20.0427795651	-53.6549987793	-14.720700264	-2.58600997925	0.841828584671	10.0	2.72000002861	344.882840872	1.0	15.6000003815	0.0684473073953	1.0	1
1.0	33.1390991211	1.0	1.0	1675.03271484	4.0	1.0	0.0	10.0	0.0	0.0	0.0	0.0	0.0	0.0	0.0	0.0	2.0	6.0	3.66000008583	123.398338318	0.0	14.9200000763	0.156896236942	1.0	1
1.0	64.7718963623	1.0	1.0	382.605712891	2.0	1.0	0.0	10.0	0.0	0.0	0.0	0.0	0.0	0.0	0.0	0.0	2.0	2.0	3.66000008583	21.0937204361	0.0	3.77999997139	0.156896236942	1.0	1
1.0	47.5830001831	1.0	1.0	1652.27990723	1.0	1.0	0.0	10.0	0.0	0.0	0.0	0.0	0.0	0.0	0.0	0.0	2.0	3.0	24.0	47.4609389305	0.0	29.8999996185	-1.0	0.0	1
1.0	1863.94238281	2.0	1.0	3148.68505859	8.0	1.0	2.10938000679	0.0	-0.0274958200753	0.995362520218	-0.092182315886	1.79464955386	13.8082163801	-58.747051239	-14.0303001404	-5.01352500916	0.172025829554	12.0	7.92000007629	422.929697037	0.0	29.8999996185	0.151748342901	1.0	1
1.0	718.668029785	1.0	1.0	2982.96459961	2.0	1.0	18.9843997955	0.0	0.0274958200753	-0.995362520218	0.092182315886	2.07494885945	1.75800074947	-58.747051239	-14.0303001404	-5.01352500916	0.7469394207	12.0	9.52000045776	400.781441212	0.0	29.8999996185	0.0946379344382	1.0	1
1.0	1151.83789062	1.0	1.0	2452.98779297	3.0	2.0	18.9843997955	0.0	0.0274958200753	-0.995362520218	0.092182315886	2.07494885945	13.4528510833	-58.747051239	-14.0303001404	-5.01352500916	0.7469394207	13.0	7.92000007629	485.156345844	0.0	38.4799995422	0.0105465089825	1.0	1
1.0	1082.92419434	1.0	1.0	2482.5222168	2.0	1.0	21.0937798023	0.0	-0.0274958200753	0.995362520218	-0.092182315886	1.79464955386	13.8082163801	-58.747051239	-14.0303001404	-5.01352500916	0.172025829554	16.0	9.52000045776	549.492236614	0.0	38.4799995422	0.0946379344382	1.0	1
1.0	45.5432014465	1.0	1.0	1685.09667969	1.0	1.0	0.0	10.0	0.0	0.0	0.0	0.0	0.0	0.0	0.0	0.0	2.0	2.0	31.7999992371	48.5155982971	0.0	31.7999992371	-1.0	0.0	1
1.0	1589.13171387	1.0	1.0	1587.50512695	13.0	2.0	20.039100647	1.09544513677	0.00775273982435	0.0762275978923	-0.99706029892	12.4773941097	4.41206960335	-61.4217987061	-7.07162475586	-10.8381004333	0.778643667698	4.0	25.8400001526	146.60159874	0.0	31.7999992371	0.698745019201	1.0	1
1.0	1319.125	1.0	1.0	457.058166504	2.0	2.0	0.0	10.0	0.0	0.0	0.0	0.0	0.0	0.0	0.0	0.0	2.0	6.0	12.0200004578	172.968741894	1.0	12.6000003815	0.105079470391	1.0	1
1.0	2067.33447266	1.0	1.0	2319.44750977	2.0	2.0	20.0390808582	0.0	0.997972369194	0.061944231391	0.0146314231679	1.10584179949	26.114940404	-55.9911003113	-14.4372501373	-1.93395996094	0.547066807747	18.0	8.35999965668	411.32821238	6.0	26.5599994659	0.136256586007	1.0	1
1.0	1075.14428711	1.0	1.0	3277.47998047	1.0	1.0	20.0390808582	0.0	0.997972369194	0.061944231391	0.0146314231679	1.10584179949	26.114940404	-55.9911003113	-14.4372501373	-1.93395996094	0.547066807747	17.0	8.35999965668	496.758008242	3.0	12.6000003815	0.357846719298	1.0	1
1.0	111.60900116	1.0	1.0	1430.18481445	2.0	1.0	0.0	10.0	0.0	0.0	0.0	0.0	0.0	0.0	0.0	0.0	2.0	3.0	18.9799995422	60.1171900034	0.0	27.0	-1.0	0.0	1
1.0	615.441711426	1.0	1.0	2268.84277344	10.0	2.0	0.0	10.0	0.0	0.0	0.0	0.0	0.0	0.0	0.0	0.0	2.0	4.0	9.0	105.468702316	0.0	18.9799995422	0.182502798033	1.0	1
1.0	29.991399765	1.0	0.0	1736.34594727	1.0	0.0	0.0	10.0	0.0	0.0	0.0	0.0	0.0	0.0	0.0	0.0	2.0	0.0	0.0	0.0	0.0	0.0	0.00181858925063	0.0	1
1.0	1390.65563965	2.0	1.0	2896.53857422	7.0	3.0	20.0390703678	0.0	-0.724051177502	-0.688719451427	0.0376207605004	0.0	35.040366301	-52.7538528442	-12.6785497665	-2.55130004883	0.388989508152	16.0	2.40000009537	490.429468274	1.0	13.6199998856	0.120697713213	1.0	1
1.0	2148.33325195	1.0	1.0	2007.84509277	4.0	4.0	20.0390703678	0.0	-0.724051177502	-0.688719451427	0.0376207605004	0.0	21.6817327301	-52.7538528442	-12.6785497665	-2.55130004883	0.388989508152	23.0	0.939999997616	715.078036785	4.0	18.5400009155	0.866375268962	1.0	1
1.0	743.471740723	2.0	2.0	3347.98876953	1.0	1.0	0.0	10.0	0.0	0.0	0.0	0.0	0.0	0.0	0.0	0.0	2.0	6.0	9.88000011444	126.562438011	1.0	11.8400001526	0.182502558337	1.0	1
1.0	1231.22692871	1.0	1.0	1720.55944824	3.0	2.0	2.10938000679	0.0	-0.724051177502	-0.688719451427	0.0376207605004	0.0	17.6308047428	-52.7538528442	-12.6785497665	-2.55130004883	0.388989508152	6.0	6.98000001907	216.210895538	1.0	13.6199998856	0.552703356458	1.0	1
1.0	151.149398804	1.0	1.0	1981.33679199	10.0	1.0	0.0	10.0	0.0	0.0	0.0	0.0	0.0	0.0	0.0	0.0	2.0	2.0	10.5399999619	27.4218997955	1.0	12.9200000763	0.125891039694	1.0	1
1.0	16.1571998596	1.0	1.0	2405.81347656	1.0	1.0	0.0	10.0	0.0	0.0	0.0	0.0	0.0	0.0	0.0	0.0	2.0	2.0	25.2999992371	23.203110218	0.0	26.6399993896	-1.0	0.0	1
1.0	85.8059005737	1.0	1.0	1745.26000977	1.0	1.0	0.0	10.0	0.0	0.0	0.0	0.0	0.0	0.0	0.0	0.0	2.0	5.0	20.3400001526	78.0469791889	0.0	30.8799991608	-1.0	0.0	1
1.0	809.489685059	4.0	1.0	2383.13842773	11.0	2.0	0.0	10.0	0.0	0.0	0.0	0.0	0.0	0.0	0.0	0.0	2.0	15.0	1.77999997139	254.179601192	1.0	8.65999984741	0.0998615520135	1.0	1
1.0	636.258850098	1.0	1.0	1651.35998535	1.0	1.0	0.0	10.0	0.0	0.0	0.0	0.0	0.0	0.0	0.0	0.0	2.0	19.0	1.77999997139	390.234441757	1.0	8.65999984741	0.0998615520135	1.0	1
1.0	577.975524902	2.0	2.0	1045.86193848	2.0	2.0	0.0	10.0	0.0	0.0	0.0	0.0	0.0	0.0	0.0	0.0	2.0	10.0	1.77999997139	203.554662466	0.0	32.8600006104	0.0998615520135	1.0	1
1.0	697.780212402	2.0	2.0	1227.18676758	4.0	4.0	0.0	10.0	0.0	0.0	0.0	0.0	0.0	0.0	0.0	0.0	2.0	23.0	1.77999997139	432.421913743	1.0	8.65999984741	0.0998615520135	1.0	1
1.0	28.9160995483	1.0	0.0	1754.75036621	1.0	0.0	0.0	10.0	0.0	0.0	0.0	0.0	0.0	0.0	0.0	0.0	2.0	0.0	0.0	0.0	0.0	0.0	0.00181858925063	0.0	1
1.0	1247.95837402	2.0	1.0	3512.54614258	10.0	2.0	28.4765808582	0.0	0.00740706222132	0.980241417885	-0.197666019201	1.75497125521	40.7380892893	-60.2229499817	-14.6303501129	-0.622861981392	0.782624602318	10.0	0.939999997616	122.343871951	1.0	0.939999997616	0.402935392687	1.0	1
1.0	990.757263184	2.0	1.0	1337.75073242	1.0	1.0	26.3672008514	0.0	0.00740706222132	0.980241417885	-0.197666019201	1.75497125521	23.7003837715	-60.2229499817	-14.6303501129	-0.622861981392	0.782624602318	2.0	0.939999997616	6.32812988758	1.0	0.939999997616	0.394063480795	1.0	1
1.0	1537.11962891	2.0	1.0	2687.67529297	1.0	1.0	30.5859508514	0.0	0.00740706222132	0.980241417885	-0.197666019201	1.75497125521	23.7003837715	-60.2229499817	-14.6303501129	-0.622861981392	0.782624602318	25.0	0.939999997616	459.843725324	3.0	10.4399995804	0.643806461101	1.0	1
1.0	952.709777832	1.0	1.0	448.960906982	3.0	2.0	8.4375	0.0	0.0368498526514	-0.175430566072	-0.983801960945	2.9551441213	2.01214914995	-60.1508026123	-15.4878501892	-2.54921483994	0.0872646719217	6.0	0.939999997616	86.4843531847	2.0	4.98000001907	0.073694306631	1.0	1
1.0	1040.42407227	2.0	1.0	3368.73510742	6.0	1.0	0.0	10.0	0.0	0.0	0.0	0.0	0.0	0.0	0.0	0.0	2.0	8.0	10.5200004578	92.2260882854	0.0	25.8600006104	0.00365974878492	1.0	2
1.0	62.3101005554	1.0	0.0	1847.14758301	1.0	0.0	0.0	10.0	0.0	0.0	0.0	0.0	0.0	0.0	0.0	0.0	2.0	0.0	0.0	0.0	0.0	0.0	0.00181858925063	0.0	2
1.0	1721.13964844	1.0	1.0	2896.72680664	8.0	1.0	46.970199585	0.0	-0.00164963060524	-0.998876392841	-0.047362562269	9.51218877175	40.4296399456	-64.0072021484	-4.18173980713	-2.15290999413	0.882799506187	2.0	9.31999969482	15.9521899223	2.0	19.9200000763	0.996618392194	1.0	2
1.0	1243.42944336	2.0	1.0	3562.75268555	8.0	1.0	46.970199585	0.0	-0.00164963060524	-0.998876392841	-0.047362562269	9.51218877175	40.4296399456	-64.0072021484	-4.18173980713	-2.15290999413	0.882799506187	5.0	8.72000026703	183.449791431	2.0	11.1199998856	0.778409177335	1.0	2
1.0	1944.07104492	1.0	1.0	3481.05712891	8.0	2.0	14.1796998978	0.0	-0.999334037304	0.0	0.0364896766841	3.02393630691	21.3546581181	-56.4870529175	-11.5187997818	-1.34522509575	0.63637149334	13.0	7.17999982834	339.426520407	6.0	27.8999996185	0.996985830663	1.0	2
1.0	177.237106323	2.0	1.0	1712.83520508	1.0	1.0	0.0	10.0	0.0	0.0	0.0	0.0	0.0	0.0	0.0	0.0	2.0	2.0	9.80000019073	116.982398987	2.0	27.8999996185	0.62376228465	1.0	2
1.0	1762.67980957	1.0	1.0	2885.64868164	1.0	1.0	46.970199585	0.0	-0.00164963060524	-0.998876392841	-0.047362562269	9.51218877175	22.6481841785	-64.0072021484	-4.18173980713	-2.15290999413	0.882799506187	14.0	8.42000007629	382.851601601	5.0	27.8999996185	0.988856380264	1.0	2
1.0	1651.90637207	1.0	1.0	541.405029297	1.0	1.0	0.0	10.0	0.0	0.0	0.0	0.0	0.0	0.0	0.0	0.0	2.0	5.0	10.6199998856	105.461381912	1.0	12.6000003815	0.992374074935	1.0	2
1.0	1786.21887207	1.0	1.0	1244.81762695	2.0	2.0	0.0	10.0	0.0	0.0	0.0	0.0	0.0	0.0	0.0	0.0	2.0	7.0	7.19999980927	146.228069842	5.0	23.1000003815	0.993830664809	1.0	2
1.0	1733.60192871	1.0	1.0	2763.79785156	1.0	1.0	9.74854141474	0.0	-0.00164969777688	-0.998876273632	-0.0473644919693	0.0	22.4482892377	-54.89220047	-12.1259498596	1.42893004417	0.815711677074	14.0	6.36000013351	379.306755602	8.0	28.8600006104	0.920945017081	1.0	2
1.0	1606.21228027	1.0	1.0	954.036621094	3.0	3.0	9.74854141474	0.0	-0.00164969777688	-0.998876273632	-0.0473644919693	0.0	22.4482892377	-54.89220047	-12.1259498596	1.42893004417	0.815711677074	6.0	6.36000013351	149.772879601	5.0	23.1000003815	0.984152832241	1.0	2
1.0	109.811904907	1.0	1.0	1597.37963867	1.0	1.0	0.0	10.0	0.0	0.0	0.0	0.0	0.0	0.0	0.0	0.0	2.0	3.0	17.8799991608	32.7905597687	0.0	23.7399997711	-1.0	0.0	2
1.0	2814.24609375	2.0	1.0	3095.16357422	16.0	4.0	41.6528697014	0.0	0.00222284905612	-0.998692154884	0.0510784238577	1.7236424951	29.8646687157	-58.6248016357	-9.7403049469	-4.08185958862	0.992241859436	27.0	8.93999958038	409.438353598	11.0	26.3199996948	0.996496588174	1.0	2
1.0	1389.24462891	3.0	2.0	3204.97509766	13.0	2.0	0.0	10.0	0.0	0.0	0.0	0.0	0.0	0.0	0.0	0.0	2.0	16.0	6.98000001907	312.839324474	2.0	23.8400001526	0.288461271236	1.0	2
1.0	2812.96875	1.0	1.0	3063.24169922	16.0	4.0	71.7846693993	0.0	0.00222284905612	-0.998692154884	0.0510784238577	1.7236424951	29.8646687157	-58.6248016357	-9.7403049469	-4.08185958862	0.992241859436	23.0	6.76000022888	438.683992863	9.0	26.3199996948	0.991294566366	1.0	2
1.0	201.746994019	1.0	1.0	278.36050415	5.0	1.0	0.0	10.0	0.0	0.0	0.0	0.0	0.0	0.0	0.0	0.0	2.0	1.0	25.0599994659	8.86231040955	0.0	25.0599994659	0.0707798454853	1.0	2
1.0	169.825393677	3.0	3.0	909.140197754	1.0	1.0	0.0	10.0	0.0	0.0	0.0	0.0	0.0	0.0	0.0	0.0	2.0	9.0	12.8199996948	184.3360219	3.0	23.8400001526	0.966927479778	1.0	2
1.0	1787.63146973	1.0	1.0	761.021850586	2.0	2.0	0.0	10.0	0.0	0.0	0.0	0.0	0.0	0.0	0.0	0.0	2.0	17.0	10.1800003052	339.426160812	4.0	19.7199993134	0.778408809028	1.0	2
1.0	2562.69970703	1.0	1.0	1828.49597168	5.0	5.0	4.43114995956	1.31101106021	0.00222059572116	-0.998692333698	0.0510752908885	1.7236424951	29.1963410476	-58.6238021851	-10.1902551651	-4.05884981155	0.374099135399	20.0	6.76000022888	385.5102458	8.0	23.8400001526	0.974991819283	1.0	2
1.0	915.525146484	2.0	2.0	676.748046875	4.0	3.0	0.0	10.0	0.0	0.0	0.0	0.0	0.0	0.0	0.0	0.0	2.0	7.0	6.76000022888	179.018639565	4.0	19.7199993134	0.626461727017	1.0	2
1.0	26.6480998993	1.0	0.0	1680.73291016	1.0	0.0	0.0	10.0	0.0	0.0	0.0	0.0	0.0	0.0	0.0	0.0	2.0	0.0	0.0	0.0	0.0	0.0	0.00181858925063	0.0	2
1.0	725.208190918	4.0	1.0	2828.50268555	5.0	1.0	15.8203001022	0.0	-0.995595812798	0.0935869589448	-0.00552716339007	2.78350301633	40.9291752628	-67.0433959961	1.58231496811	-6.13104009628	0.746401011944	9.0	21.5	208.300799489	9.0	34.4399986267	0.835565655571	1.0	2
1.0	673.815612793	3.0	1.0	2581.05664062	6.0	1.0	15.8203001022	0.0	-0.995595812798	0.0935869589448	-0.00552716339007	2.78350301633	0.992920492157	-67.0433959961	1.58231496811	-6.13104009628	0.746401011944	4.0	18.2399997711	51.4160604477	4.0	26.6200008392	0.965663074716	1.0	2
1.0	26.6480998993	1.0	1.0	957.427612305	2.0	2.0	0.0	10.0	0.0	0.0	0.0	0.0	0.0	0.0	0.0	0.0	2.0	3.0	22.2000007629	55.3711009026	2.0	24.5799999237	0.409540498735	1.0	2
1.0	603.388549805	1.0	1.0	1109.70178223	4.0	3.0	0.0	10.0	0.0	0.0	0.0	0.0	0.0	0.0	0.0	0.0	2.0	13.0	21.5	232.031280041	9.0	32.8400001526	0.965215360122	1.0	2
1.0	590.06451416	1.0	1.0	993.592041016	2.0	1.0	0.0	10.0	0.0	0.0	0.0	0.0	0.0	0.0	0.0	0.0	2.0	5.0	21.5	104.150461316	5.0	32.8400001526	0.974196407785	1.0	2
1.0	13.3240003586	1.0	0.0	285.515106201	4.0	0.0	0.0	10.0	0.0	0.0	0.0	0.0	0.0	0.0	0.0	0.0	2.0	0.0	0.0	0.0	0.0	0.0	0.00181858925063	1.0	2
1.0	175.115890503	2.0	1.0	689.043395996	2.0	1.0	0.0	10.0	0.0	0.0	0.0	0.0	0.0	0.0	0.0	0.0	2.0	7.0	23.2000007629	102.83210206	3.0	26.6200008392	0.615982785709	1.0	2
1.0	106.276000977	1.0	1.0	1693.77124023	1.0	1.0	0.0	10.0	0.0	0.0	0.0	0.0	0.0	0.0	0.0	0.0	2.0	5.0	13.779999733	44.6491298676	4.0	23.3600006104	-1.0	0.0	2
1.0	123.545700073	1.0	0.0	5259.32519531	8.0	0.0	0.0	10.0	0.0	0.0	0.0	0.0	0.0	0.0	0.0	0.0	2.0	0.0	0.0	0.0	0.0	0.0	0.00181858925063	1.0	2
1.0	791.755126953	1.0	1.0	2015.25512695	1.0	1.0	0.0	10.0	0.0	0.0	0.0	0.0	0.0	0.0	0.0	0.0	2.0	14.0	13.3999996185	182.988375425	11.0	32.4199981689	0.635299358296	1.0	2
1.0	850.206970215	1.0	1.0	1911.63598633	1.0	1.0	0.0	10.0	0.0	0.0	0.0	0.0	0.0	0.0	0.0	0.0	2.0	9.0	13.779999733	148.586502314	8.0	33.7799987793	0.660764339901	1.0	2
1.0	572.561035156	2.0	2.0	1065.41577148	1.0	1.0	0.0	10.0	0.0	0.0	0.0	0.0	0.0	0.0	0.0	0.0	2.0	12.0	13.8000001907	225.441650629	7.0	33.7799987793	0.658697676213	1.0	2
